"","X10000210","X10002350","X10004280","X10013582","X10019536","X1002169","X10028805","X10048971","X1004964","X10062089","X10062505","X1006385","X1007816","X10079630","X10079857","X10081878","X10082511","X10085218","X1008750","X10089550","X10091045","X10091356","X1010378","X10106723","X1011751","X1012625","X10127562","X10129002","X10129065","X10151663","X10153190","X10155389","X1016523","X1016524","X10167499","X10177512","X10178500","X1018425","X10185431","X1018854","X10192652","X10207950","X1020863","X10216137","X10216342","X10221023","X10245753","X10250034","X1025996","X1026077","X10262384","X10264665","X1027000","X10272645","X10274317","X10278217","X10291103","X1029642","X10299064","X10301637","X10305385","X10320987","X10329342","X10332997","X10333095","X10334184","X10337046","X10346679","X10369639","X10373976","X10374814","X10387395","X1038774","X10388959","X10394779","X10400456","X10404612","X1041297","X10417533","X10430971","X10436446","X10450567","X10472353","X10484065","X10494212","X1049828","X10498739","X10499363","X1053703","X10609415","X10609751","X10644889","X1064737","X10661311","X10678546","X10693227","X10695364","X10698036","X10702240","X10728171","X1073913","X1073946","X10740662","X10740714","X10740779","X1074589","X10751093","X10754455","X10763264","X10764497","X10773252","X10774306","X10787122","X10792101","X10798105","X1081040","X10816035","X10819350","X10822115","X1082760","X10832200","X1083377","X1084773","X10849555","X10857835","X10864951","X10866916","X10870732","X10874010","X10876204","X10881233","X10889706","X10904642","X10907664","X10912662","X10916929","X1092306","X10924982","X1092780","X10928746","X10928753","X10929556","X1093201","X10947296","X10956943","X10958668","X10961009","X10967296","X10978394","X10996141","X11008057","X11008219","X1101084","X11017767","X11019594","X11030421","X11032729","X11057832","X11058554","X1106465","X11077849","X11087696","X11090319","X11102338","X11111540","X11112395","X11126655","X11127193","X11129761","X11133746","X11144297","X11149905","X1115913","X11166913","X1117411","X1119241","X11192809","X11195873","X1120028","X1121238","X11214748","X11218398","X11225621","X11234415","X11241083","X1124317","X11248711","X11250217","X11250548","X1125074","X11262941","X11263064","X11265007","X11276238","X1127916","X11300802","X11300936","X11309025","X113131","X11319983","X11349931","X11350183","X11355959","X11360204","X11374222","X11393829","X1140159","X11405614","X11415162","X11420800","X11436960","X11438627","X1144681","X11447685","X11451307","X1145783","X11463244","X11476272","X11500593","X11521145","X1152233","X11549837","X11561297","X11561371","X11561405","X11575519","X11577383","X11589691","X11603625","X11611165","X1161621","X11621648","X11626399","X1163251","X1164947","X11663402","X1167717","X11677211","X11685365","X11707105","X11723870","X11736290","X11743531","X11746998","X11748219","X1177411","X11776571","X11779925","X11815499","X11819509","X1182076","X1182398","X11827550","X11828754","X11849911","X1185844","X11861932","X11866173","X11892427","X1189826","X11918140","X119213","X11923279","X11926771","X11929573","X11931896","X11933888","X11948638","X11948883","X1196853","X1197033","X1197608","X1197663","X11988299","X1199410","X1201684","X12017478","X12020169","X12029649","X12030971","X12032992","X1203517","X1205538","X12056157","X12067974","X12072528","X12113289","X12116695","X1212005","X12120251","X1212443","X12126292","X12128331","X12128390","X12147572","X12189857","X1219060","X12202716","X12224859","X12247726","X1224977","X12258095","X1226354","X12265975","X12271637","X1227322","X12287416","X12287469","X12323427","X12327097","X12328185","X12331700","X12333649","X12335192","X1233931","X1234757","X12365767","X12416268","X12426460","X12432486","X1246681","X1247853","X1248087","X1248352","X1250039","X12517967","X12548713","X12569368","X12587666","X1262026","X12620647","X12620926","X12626005","X12630214","X12639531","X12649172","X12666343","X12673586","X1269177","X12722403","X12731059","X12736158","X12747450","X12788062","X12804435","X12805001","X12805442","X12821204","X12833551","X12841930","X12852002","X12852354","X12855877","X1286749","X12871507","X12873830","X12884927","X12922124","X12928219","X12928300","X12944618","X12950907","X12959436","X1296638","X12966876","X12982221","X1298294","X12989653","X12992315","X13000331","X1300054","X1300364","X13011155","X13014807","X13015823","X13019617","X13020648","X13029283","X13033734","X13035419","X130590","X13068844","X1307719","X13096327","X13098654","X13099591","X13104350","X1311475","X1312093","X1314414","X13147244","X13167041","X13170436","X13190443","X13190517","X13192739","X13192841","X13201332","X13203394","X13219859","X13221672","X13232003","X13236470","X13240087","X13265285","X13266147","X13270590","X13275242","X13296653","X1330279","X13320390","X1333988","X13362942","X13378621","X1338957","X13405360","X13432796","X13446708","X13450079","X13452134","X13453598","X13476210","X1347857","X13515891","X13519643","X13546464","X13547474","X13564216","X13583372","X13587604","X13589140","X1358968","X1359350","X13602336","X13605273","X13606707","X13620116","X13624902","X13626906","X13629502","X13633750","X13643536","X13644892","X13694953","X13698202","X13701879","X13707931","X1372921","X1373513","X13755099","X13757206","X13765003","X13775188","X1377646","X13800331","X13808974","X13818443","X1383734","X13840300","X13844244","X13844346","X13861311","X13865245","X13878663","X13881004","X13881725","X13888518","X1389486","X13905282","X13914347","X13914858","X13915646","X13921953","X13922582","X13928182","X13929747","X13930456","X13935420","X1394079","X13942946","X13962810","X13969292","X13992770","X14007861","X14007871","X14013508","X14018902","X14021113","X14053488","X14056427","X14056962","X14057052","X14058944","X14060557","X14062076","X14068196","X1407342","X14164392","X14167503","X14167538","X1417211","X14178668","X14180567","X14184714","X14185114","X14194726","X14225549","X14227067","X14235473","X14246104","X14250947","X1426863","X14323261","X14324639","X14327548","X143276","X14342226","X14344330","X14357275","X1437312","X14407336","X1443131","X1443897","X14446277","X14463623","X14490378","X14500795","X14501870","X14502736","X14509296","X1451282","X14530650","X14533308","X14538139","X14542769","X14547107","X14556851","X14557072","X14580516","X14599501","X1459977","X1461325","X14617468","X14623306","X14629753","X14639334","X14650506","X14660067","X14660147","X14662508","X14665378","X14671894","X14673526","X14674310","X14694800","X14694816","X14705521","X14709717","X1471513","X14718548","X14724620","X14731047","X14731088","X14733912","X14734509","X14736466","X14736989","X14744026","X14747794","X14750018","X14752793","X14764403","X14767791","X14775595","X14784570","X14785135","X147945","X14813816","X14819315","X14819416","X1482217","X14824279","X14843469","X14844652","X14853815","X14854883","X14869775","X14870557","X14874880","X14881168","X1489169","X14897002","X1489781","X14915822","X1493012","X14935219","X14941198","X149665","X14973557","X14975196","X14993605","X15000906","X15001103","X1500226","X15007929","X15012941","X15023324","X15045260","X15047849","X1509092","X1509728","X15106884","X15109303","X15121168","X15125293","X15127318","X15127550","X15133927","X15134586","X15157451","X15160291","X15174670","X15174694","X15176124","X15180440","X1519634","X15203055","X15208609","X15209821","X15216038","X15221405","X15224761","X15227735","X15235207","X15241178","X15272699","X15291486","X15295119","X15300139","X15302742","X15331684","X15332160","X15337407","X15353771","X15361832","X1536408","X15373644","X15413220","X15414422","X15417096","X15424515","X15426715","X15438660","X15444834","X15450890","X1545286","X15457242","X15457312","X15468448","X15476652","X15487916","X1549594","X15504003","X15504924","X15504981","X1550546","X15519093","X15557918","X15573013","X15582610","X15619376","X15627898","X1563004","X1565586","X1568319","X1571184","X15720014","X1573244","X15743920","X15756472","X15762553","X15779586","X1578674","X15813713","X15819841","X15823095","X1582367","X15826113","X15839854","X15845073","X15853518","X15863466","X15868742","X15873067","X15874275","X15886854","X15887873","X15888675","X15889184","X1589330","X1589359","X15902743","X15912261","X1592399","X15926066","X15936431","X15937026","X1593912","X15942884","X15948243","X15951186","X15966227","X15968233","X15968778","X15970473","X15975578","X15976072","X1597999","X15983788","X15986100","X15992025","X16003395","X1600650","X16010378","X1601447","X16018157","X16023311","X16034968","X16039690","X16056583","X16059165","X16076230","X16079173","X160793","X16085322","X16086624","X16110526","X16116283","X16139241","X16148317","X16151960","X16154419","X16165463","X16165537","X1617227","X161817","X16211601","X16220290","X16256434","X16258062","X16262752","X16264760","X16268490","X16268974","X16271193","X16283789","X16284697","X16296298","X16304417","X16305680","X16306033","X16310470","X16315491","X1632085","X16323731","X16329321","X16335176","X16339637","X16340122","X16340310","X16348431","X16357037","X1635879","X16362376","X16367731","X16368725","X1637310","X16380799","X16383139","X16394602","X16427438","X16430936","X16435532","X16435691","X16441638","X16448380","X16457868","X16464042","X16464143","X16466792","X16474882","X16496934","X16497033","X16503041","X16508807","X16510959","X16513829","X16515238","X16519439","X16520370","X16521767","X16534344","X16543727","X16547431","X16551975","X16573473","X16576613","X16578709","X16586281","X1658793","X16592945","X16593628","X16593699","X16611076","X16612518","X16613686","X16616949","X16617631","X16622456","X16628899","X16641108","X16663851","X16671635","X16674607","X16674636","X16687483","X1669059","X16690810","X16691112","X16691898","X16708073","X16708247","X16726902","X16727618","X16727750","X16729715","X16731861","X16733302","X16737190","X16745125","X16745686","X16748951","X16758776","X1678084","X16794517","X1681134","X16822884","X16825556","X16838496","X16849620","X16851022","X1685302","X16858546","X16863277","X16869131","X1686955","X16872174","X16876705","X1689983","X1690052","X16912709","X16946813","X16949023","X16951122","X16951755","X16954133","X16961368","X16969908","X16974863","X16974901","X16986185","X1699405","X16995710","X17000120","X17010220","X17011778","X17012887","X1701702","X17029886","X17042781","X17050511","X17051176","X17065120","X17067229","X17068100","X17073544","X17073749","X17075905","X17082830","X17084742","X17087942","X17110780","X17112400","X17131097","X17132590","X17134281","X17145493","X17150092","X17161849","X17170550","X1717702","X17184112","X17189575","X17191624","X17191736","X17193032","X17193968","X17194319","X17204341","X17204426","X17205047","X1720517","X17205203","X17206147","X1720919","X17213160","X1721731","X1723028","X17233502","X17283041","X17290575","X17291609","X17292363","X17292444","X17297699","X17305677","X1733648","X1733877","X17346250","X17347528","X17365117","X17382305","X17387355","X17388473","X17389680","X1741326","X17417194","X17425192","X174280","X17434390","X17434524","X17435611","X17443236","X17447169","X17448119","X17454711","X17466425","X1746973","X17493592","X17493705","X17497025","X17499768","X17510676","X17511201","X17511443","X17515369","X17534819","X17541852","X17546357","X17553655","X1755560","X17571662","X17574577","X17577587","X17592094","X17604272","X1760469","X17616753","X17624868","X17625373","X17625390","X17627673","X17629419","X17632897","X17645964","X17647163","X17656644","X17659439","X17659462","X17662944","X17685489","X17692957","X17722167","X17732958","X17750618","X177741","X17774883","X17792207","X17792879","X1780408","X17806783","X17811103","X17811877","X17819375","X17819964","X17823678","X178346","X17836123","X17839453","X17840","X17847823","X17855332","X17871922","X17873859","X17906364","X17907558","X17909135","X17910223","X17915854","X17920993","X17922198","X17931505","X17934212","X17935863","X1795315","X17961816","X17961897","X17979871","X17989870","X17994653","X17996720","X1801282","X18013560","X18024322","X18026229","X18040446","X1804160","X18046637","X18054637","X18061676","X18073034","X18076231","X18079050","X18088155","X18101737","X18112852","X18114221","X18118123","X1813268","X18134492","X18140364","X18140670","X18146431","X18147606","X18155777","X1816065","X18161932","X18162756","X18171217","X18171943","X18182195","X18190358","X18202722","X18203697","X18215497","X18216905","X18237931","X18237982","X18243570","X18265083","X18265145","X18269119","X18277614","X18280897","X18284121","X18293593","X18302882","X18305525","X18310835","X18311305","X18312647","X18313374","X18321571","X18321807","X18321830","X18322851","X18326707","X18329121","X18329428","X18329472","X18342186","X18342712","X18344160","X18344361","X1834629","X18352617","X18356224","X18362131","X18370044","X18370915","X1838384","X18384761","X18386817","X18391653","X18398458","X1840273","X18412641","X18416130","X18426456","X18426667","X18429218","X1843812","X18443212","X18444779","X18448319","X18451890","X1845600","X18456288","X18465282","X18470387","X18478205","X18478833","X18479377","X18480359","X18493456","X18512796","X18516622","X18518661","X18522174","X18529897","X18531926","X18541378","X18542089","X18544440","X18582866","X1858481","X18590078","X18599605","X1859961","X18603444","X18625092","X18625891","X18628487","X186286","X18631109","X18631294","X18635130","X18639136","X18639594","X1864697","X18649887","X18665396","X18681586","X18701892","X18705554","X18705857","X18710772","X187296","X18732321","X18744089","X18753296","X18754427","X18761502","X18776474","X18777588","X18785029","X18785402","X18786541","X18789152","X18792353","X18792425","X18795011","X18803481","X18810233","X18818299","X18820606","X18828327","X18842562","X18855304","X18863856","X18877149","X1887859","X18878780","X18889829","X18891163","X18895358","X18900350","X18909026","X18909455","X18909715","X18914424","X18924910","X18937168","X18938205","X18945500","X18948040","X1894898","X18951569","X18953982","X18954552","X18964622","X18981953","X18984807","X18987404","X18987836","X18988396","X18994393","X18995076","X19002084","X19003806","X19014106","X19020984","X19023634","X19036422","X19046546","X1904729","X19053518","X19057564","X19057603","X19060122","X19069587","X19070379","X19072367","X19072802","X1907554","X1907853","X19079332","X19084857","X19092675","X19095738","X19100101","X19100483","X19106224","X19106292","X19114756","X19122985","X19125227","X19137114","X1913773","X19139191","X19140686","X1914849","X19157052","X19157885","X19159749","X19160476","X19164871","X19171153","X1917599","X1917643","X1917681","X19187173","X19197799","X19215260","X19225682","X19228035","X19237659","X19238998","X19239741","X19253702","X19257807","X19257960","X19258141","X19258944","X19262090","X19262175","X19270619","X19279526","X19283550","X19285981","X19286464","X19288096","X19288967","X19300355","X19301158","X19312418","X19321317","X19321947","X19334072","X19334455","X193454","X19346264","X19347702","X19353419","X19354177","X19355277","X19356836","X19369584","X19376406","X193766","X193811","X19383070","X19388808","X19395359","X19396390","X19400026","X19402141","X19418951","X19420986","X19431661","X19438139","X19441004","X19442511","X19443022","X19457052","X19457598","X19461357","X19464414","X19466710","X19474164","X19476809","X19502800","X19502935","X19505251","X19517066","X1952433","X1953314","X19535377","X19537089","X19547003","X19572244","X19575713","X19584206","X19591887","X19592118","X19592994","X19595825","X19597444","X19599101","X19600796","X19621772","X19626471","X19631108","X19653867","X19655457","X19663708","X19669027","X196715","X19692077","X19693882","X19694378","X19696462","X19704098","X19706998","X19717922","X19721582","X19727930","X19734978","X19736453","X19742024","X19748553","X19751500","X19759941","X19770583","X19784323","X19784845","X19785944","X19786034","X19788661","X19793973","X19795511","X19796786","X19796855","X19804947","X1982000","X19820628","X19823189","X19830537","X19831877","X19837837","X19840293","X19840338","X19846838","X1985184","X19853972","X19855030","X19868963","X19870008","X19876299","X19877097","X19877183","X19884896","X19889814","X19893406","X19894643","X19894763","X19895159","X19902016","X19903969","X19904179","X1990936","X19914885","X19914902","X19915277","X19915297","X19916393","X19917883","X19929771","X19936271","X19942727","X19942792","X19946373","X19948004","X19952011","X19952443","X1995576","X19965683","X19967490","X1997066","X19971356","X19974721","X19975026","X19980579","X19981822","X19986484","X19988566","X19995719","X20003054","X20003430","X20011500","X20012829","X20013161","X20013172","X2001346","X20024509","X20031896","X20033839","X20042655","X20042856","X20043729","X20045601","X20047828","X20051093","X2005113","X2005912","X20063944","X20071557","X20074149","X20076738","X20082505","X20083166","X20084220","X20086566","X20087463","X2009661","X20096968","X20104431","X20104458","X20104946","X20117139","X20120806","X20123064","X20124016","X20131112","X20139624","X2014131","X20145163","X20150395","X20151369","X201521","X20156076","X20157470","X20158993","X20169630","X20170497","X20177555","X20184290","X20192608","X20192628","X20200421","X20200470","X20212542","X20224138","X2022752","X20227973","X20228055","X20228860","X20228883","X20249097","X20249689","X20253342","X20254528","X2026010","X20269737","X20282011","X2028323","X2029450","X20295467","X20303967","X20307459","X20309376","X20311283","X2031785","X20319162","X2031934","X20326993","X20328355","X20329849","X2033236","X20349302","X20364725","X20366506","X20380707","X20384763","X20386699","X2038773","X20395761","X20414757","X20415143","X20415889","X20418207","X20423125","X20427353","X20428986","X20437534","X20440406","X20451143","X20460150","X20462481","X2047757","X20481533","X20485075","X20486756","X20489279","X20496202","X20498580","X2050450","X20514797","X20522642","X20525056","X20536895","X20548032","X205543","X20557875","X20565946","X20583402","X20587592","X20593681","X20599803","X206108","X20615179","X20625142","X2062871","X20629741","X20646616","X20649651","X20652743","X20653441","X2065365","X20664546","X20679455","X20683042","X20690119","X20700827","X20702120","X20705728","X20709060","X20709069","X20709476","X20713524","X20721364","X2072183","X20722823","X20726155","X20730456","X20742441","X20746698","X20750685","X20757292","X20759209","X20778189","X20781272","X20790034","X20791066","X20791725","X20794559","X20795444","X20802400","X20802707","X20804073","X20806152","X2080704","X20809183","X20823484","X20824520","X20825905","X20834488","X20845343","X20854281","X20861066","X20865804","X2086673","X20871048","X20875630","X20877772","X20886473","X20890265","X20890853","X20892726","X20901764","X20904572","X20907099","X20907333","X20912321","X20918950","X20930186","X20933499","X20933564","X20938724","X20939423","X20941348","X20951735","X20956137","X20968558","X20969819","X2097646","X20981523","X20985528","X20995694","X21008131","X21009926","X21012205","X21015937","X21017521","X21019772","X21024742","X21029678","X21044677","X21044771","X21048966","X21056171","X21058658","X21064601","X2107541","X21082500","X21082548","X21085546","X21097863","X21099080","X21101744","X21109102","X21110379","X21115975","X2111833","X21120037","X21124330","X21124390","X21130090","X21130167","X21136773","X21137386","X21148700","X21150578","X21151088","X21151811","X21158959","X21160216","X21160870","X21165402","X21168632","X21172546","X21176606","X21177992","X21179507","X21187726","X2118795","X21199459","X21203461","X21210501","X212119","X21215212","X21221945","X21222768","X21224026","X21224530","X21238879","X21239125","X21255280","X21272676","X21293210","X21296863","X2129920","X2130107","X21302376","X21309385","X21317125","X21326341","X21330593","X21335497","X21338079","X21338184","X21338756","X21349592","X21354075","X2135520","X21357754","X21358671","X21360303","X21364297","X21364349","X21366345","X21374845","X21376103","X21383952","X21385607","X21392009","X21395089","X21401796","X21404903","X21409210","X21409996","X21411876","X21427923","X21429049","X2143529","X21440257","X21441577","X21442296","X21452022","X2145287","X21460931","X21470295","X21475231","X214775","X21483602","X21484918","X21487964","X21489575","X21489640","X21490099","X2149017","X21505053","X2151405","X21518785","X21520958","X21524731","X21527464","X21533091","X21552270","X21553287","X21572180","X21573764","X21580176","X21583201","X2159021","X2159098","X21594662","X21595237","X21598872","X21598964","X21615874","X21615911","X21616328","X2162043","X21620747","X21623890","X21624951","X21626169","X21627455","X21628193","X21633121","X21634147","X21640654","X21643542","X21643590","X21647004","X2165284","X21658861","X21660453","X21663963","X21664430","X21669637","X21670664","X21672693","X21679435","X21687780","X21693098","X21695799","X21697057","X21700362","X21702975","X21708629","X21714095","X21716288","X21716320","X21725700","X21732988","X2173692","X21741225","X217481","X21749793","X2175607","X21758830","X2176193","X21762691","X21772293","X21772704","X21773524","X21779313","X2178338","X21784684","X21785001","X21788271","X21788749","X2178989","X21790243","X21791160","X21799454","X21799511","X21800399","X21815448","X21817971","X21819784","X21824750","X21829904","X21847534","X21860379","X21878163","X21882222","X21882931","X21890805","X21898925","X21899630","X21899692","X21904750","X21912486","X2191272","X21914003","X21918771","X21924659","X21927507","X21934368","X21936621","X21940627","X2194106","X21943811","X21945153","X21957244","X21959360","X2196356","X21965560","X21966137","X21970215","X21982069","X21989896","X21993293","X21994626","X21999896","X22004949","X22008197","X22015953","X22021902","X22025185","X22029106","X22031215","X22041439","X22041764","X22042914","X22047245","X22050139","X22062991","X22063501","X22066273","X2206844","X22072251","X22072886","X22073528","X22077476","X22081455","X22087141","X2208840","X22094623","X22096025","X22103706","X2210415","X22112937","X22116523","X22121990","X22128282","X22139188","X22139321","X22148475","X22149823","X22149956","X22154561","X22155390","X22164251","X22170134","X22174086","X22177650","X2219441","X22195770","X22198068","X22199089","X2220473","X22211581","X22213774","X22220386","X22221222","X22230191","X22233642","X22236485","X22236855","X22237560","X22245393","X22252763","X22258508","X22259567","X22259702","X22266510","X22266828","X22267665","X22271383","X22273595","X22277804","X22278440","X22278654","X22279268","X22283879","X22286497","X22289339","X22289645","X22291634","X222950","X22303862","X22303906","X22315533","X22322241","X2232486","X22326741","X22328157","X22330509","X22332778","X22343573","X22350233","X22352964","X22354556","X22356465","X22361066","X22365060","X22365671","X22365697","X22369145","X22374342","X2237472","X22376112","X22376126","X22376530","X22391590","X22396775","X22400467","X22416960","X22420249","X22421282","X22433328","X22440283","X22441431","X2244814","X22451114","X22452478","X22452854","X22454301","X22461374","X22462029","X22462627","X22464858","X22464990","X2246590","X2246593","X22469183","X22473201","X22473214","X22476595","X2247744","X22486776","X2249637","X22501139","X22507539","X22521681","X22525044","X22527071","X22529420","X22529458","X2252953","X22560917","X22570670","X22583416","X22584402","X22589005","X22589026","X22591585","X22594675","X22602815","X22603997","X22605050","X22611320","X22614067","X22616015","X22620797","X22627029","X22636121","X22636547","X22639555","X22640744","X22642696","X22644929","X22650347","X22651820","X22652249","X22654405","X22670945","X22672589","X22673717","X2267651","X22679486","X22680566","X22681196","X2269049","X22691621","X22696257","X22696605","X2270164","X22704355","X22726627","X22729573","X22740038","X22742258","X22742992","X22744074","X2275052","X227537","X22754673","X22757106","X2275853","X22771857","X22779055","X22780246","X22785284","X2278756","X22794902","X22804697","X22811292","X22839394","X228420","X22844885","X22846700","X22847092","X22856427","X22861650","X22862442","X22867145","X22867856","X2287291","X22882947","X22884282","X2288477","X22887056","X22890734","X22891037","X22906436","X22906728","X22921521","X22924335","X2294646","X22951461","X22953699","X22957656","X22974020","X22984720","X23000068","X23000932","X23006904","X23007429","X2301719","X23018675","X23021047","X23034093","X2303887","X23039384","X23059327","X23075224","X23079331","X23083995","X23099238","X23109366","X23111551","X23120606","X23127705","X23135652","X23135661","X23144160","X23147570","X23151157","X23153676","X23166767","X23168544","X23172798","X23173227","X23177315","X23183160","X23183953","X23186765","X23202659","X23203066","X23219865","X23232376","X23235085","X23248184","X23251985","X23255380","X23265717","X2326631","X23266765","X23269810","X23272380","X23277709","X23278124","X23280410","X23288174","X23289769","X23298476","X23299534","X23300573","X23313092","X23324355","X23324643","X23324714","X2333431","X2333723","X2333841","X23345327","X23351414","X23372928","X23372962","X23373754","X23379210","X23392756","X23399917","X23402943","X23403720","X23403865","X23409725","X23416779","X2341707","X23423292","X23430422","X23436616","X23442318","X23442680","X23444173","X23447771","X2345703","X23458265","X23459341","X23471862","X23481764","X23483726","X23491875","X23500117","X23509871","X23515932","X23517519","X23519456","X23543295","X23547277","X23550430","X23556083","X23557004","X23557848","X23579520","X2358308","X23584109","X23589230","X23592871","X23597251","X2360205","X23620863","X23621787","X23631093","X23634780","X23635590","X23647308","X2364732","X23650185","X23650342","X23650915","X23651988","X23675029","X23681782","X23684564","X23734171","X23737798","X23738755","X23744847","X23747047","X2375494","X2375519","X23761066","X23773040","X23780133","X23790290","X23792028","X23795678","X2380569","X23806196","X23810549","X23815633","X2381714","X23825299","X23830942","X23838445","X23844125","X2384938","X23852379","X23856477","X23861763","X23862014","X23881642","X23881996","X23882331","X23889722","X23896653","X23897735","X23898965","X23903187","X2390346","X23911849","X23913045","X23913125","X23915705","X23921973","X23935199","X23937885","X23942197","X23943843","X23947532","X23952263","X23954780","X23975952","X23986177","X23995807","X24005577","X24012707","X2401986","X24022934","X24023755","X24032390","X24035257","X2403843","X2404583","X24051560","X24056842","X24056998","X24057042","X24059429","X24067006","X2407405","X24075119","X24085152","X24086523","X24086549","X24093040","X24099473","X24103036","X24110862","X24116664","X24119835","X24122146","X24125367","X24128787","X24128790","X24130767","X24133490","X24139684","X24157033","X24157217","X24160695","X24161835","X24165192","X24175823","X2417656","X24185735","X24189966","X24198517","X24207518","X2421057","X24211246","X24222580","X24229312","X24233369","X24239046","X24244882","X24248535","X24252867","X24253840","X24259279","X24259289","X24263367","X24264005","X24264124","X24265833","X24273821","X24283091","X24319082","X2431932","X243214","X24342210","X2434906","X24356038","X24357887","X24361143","X24361327","X24367527","X24377829","X24382343","X24382891","X24383451","X2438403","X24385534","X24385942","X24390842","X24391868","X24420022","X24423648","X24436797","X24438568","X24446000","X24447153","X24454623","X24455133","X24482989","X24490847","X24512900","X24524083","X24524164","X24527207","X24531467","X24532372","X24537748","X24546575","X2454788","X24558800","X24593390","X24627177","X24628790","X2463753","X24638634","X24642677","X24649337","X24650825","X24655647","X24666368","X2466838","X24671959","X24677401","X24689401","X24691815","X24691917","X24706804","X24709420","X24713802","X24733435","X24738798","X24742983","X24752084","X24753844","X24755643","X24760803","X24765657","X24767766","X24770070","X24773756","X24781287","X24784921","X24785317","X24788212","X2479137","X24808561","X2482155","X24831076","X24833796","X24835161","X24835649","X24836129","X24836150","X24839455","X24840161","X24846647","X24851515","X24870728","X24877823","X24885744","X24887265","X24902864","X24907480","X24908601","X24916286","X24916654","X24920971","X24936757","X24940694","X24940767","X2494766","X24949460","X24949695","X24953845","X24962823","X249655","X24974777","X2498023","X24983178","X24987908","X24989747","X24992657","X25008150","X25008154","X25010925","X25012116","X25013264","X25015814","X2501772","X25031047","X25032261","X25038335","X25038539","X25040465","X25053109","X25054538","X25086607","X25096355","X25098993","X2510879","X25115862","X25130590","X2514731","X25149908","X25151751","X2515687","X2517076","X25170895","X25188184","X25190935","X2520728","X25217107","X25224332","X25224688","X25225758","X25225965","X25232426","X25232593","X25235709","X25239528","X2524114","X25249973","X25250162","X25253866","X252551","X25255284","X25255364","X25256853","X25257953","X25267489","X25281825","X25281928","X25282953","X25283847","X25299480","X25317286","X25318958","X25322523","X25324190","X25325884","X25333152","X25339561","X25352431","X2535967","X25362444","X25362828","X25371025","X25376334","X25379114","X25380663","X25383231","X25384854","X25390892","X25401205","X25402192","X25408541","X25414402","X25414486","X2541787","X25432227","X25436032","X25436391","X25438160","X25440391","X25441602","X25447295","X25456271","X25466324","X25466536","X25467581","X25476864","X25485786","X25487602","X25487805","X25498418","X2551350","X25515500","X25515660","X25520299","X25540429","X25542655","X25557330","X25562362","X25568033","X25579638","X25580802","X25585723","X25586701","X25587426","X25606081","X25609148","X25610052","X25613813","X25631114","X25633979","X25634932","X25638017","X25638183","X25645795","X25650428","X25652996","X25654547","X25663260","X25664707","X25670068","X25672978","X2567310","X2567411","X2568178","X25688785","X2569176","X25692290","X25692614","X25694367","X25694470","X2571080","X25711444","X25711560","X25741554","X25747185","X25753197","X25759888","X2576182","X25766690","X25772231","X25777549","X2578076","X25789401","X25821735","X25834427","X25841680","X25842796","X2585086","X2585404","X25854146","X25862707","X2586335","X25866162","X25886676","X25887748","X25889393","X25896192","X25901758","X25903539","X2591839","X25919942","X2592230","X25929309","X25933498","X25944178","X25946019","X25950493","X25959051","X25974871","X25975834","X25995931","X2602474","X26083802","X26087914","X26096743","X26097840","X26100586","X26107467","X26114175","X2611448","X26117089","X26133374","X2613803","X26139863","X2615022","X26153740","X26198041","X26204067","X2620694","X26228828","X2623280","X26235720","X26243406","X26244800","X26263827","X26264510","X26273179","X26273370","X26273402","X26276479","X26282079","X26282688","X26284886","X26285478","X26292586","X26294067","X26307250","X26310669","X26312024","X26312619","X26313511","X2631537","X26315571","X26333573","X26340134","X26345386","X26356623","X26375303","X26383324","X26393496","X26393763","X26394738","X26395585","X26400581","X26401398","X26402457","X26410674","X26412935","X26414546","X26417705","X26418053","X26422012","X2642286","X26425208","X26435083","X26435191","X26441046","X2644319","X26444614","X26445830","X26446483","X26450812","X26451716","X26453652","X26453706","X26454049","X26459907","X26464459","X26468033","X26472456","X26477208","X26484986","X26485178","X2650223","X26504525","X26507447","X26508206","X26508980","X26510923","X26529279","X2653083","X26531203","X26536386","X26537343","X2654927","X26551524","X26552921","X26555541","X26575143","X26576283","X2657891","X2658091","X26584753","X26618355","X26629917","X26630383","X26631032","X2663354","X2665152","X2665269","X26660476","X26665166","X26668334","X26675780","X26686876","X26692886","X26693601","X26699023","X26706351","X26706501","X2671557","X26716088","X26717048","X2671868","X26719536","X26723503","X26741087","X26742105","X267435","X26746298","X2674752","X26760639","X26780050","X26780702","X26784401","X26785560","X26790975","X26793332","X26816282","X26817063","X26819156","X26825520","X26825786","X2682727","X26831566","X26832098","X2683292","X26833341","X26837659","X26868845","X26871179","X2688444","X26884872","X26891178","X26892952","X26897408","X26897475","X2690099","X2690440","X26907634","X26915017","X26925226","X26930117","X26934077","X26934216","X26966867","X26973047","X26976507","X26976567","X26986210","X269928","X2701543","X27020668","X27027798","X27030503","X2703704","X27037725","X2704384","X2704565","X27050408","X27051030","X27063539","X27078876","X27091768","X27102937","X27107089","X27123435","X27132206","X27135719","X27146125","X27149031","X27168291","X2716832","X27168905","X27175941","X2717766","X27181056","X27181609","X27194836","X27200647","X27206383","X27207630","X27208496","X27210014","X27211246","X27214528","X27215349","X2723682","X27241187","X27267561","X27269866","X27272835","X27275619","X27277995","X27282129","X27282808","X27290075","X27295002","X27297508","X2731582","X27316243","X27316888","X27317516","X27318186","X27334781","X27336655","X27342401","X27342539","X2734276","X27343216","X27343359","X2734345","X27347580","X27362627","X27380432","X27381830","X27385513","X27390520","X27390651","X2739512","X27399294","X27400660","X27404629","X27408597","X27413365","X27414968","X27419077","X27420356","X27428686","X2743591","X27439297","X27452618","X27457942","X27459679","X2748018","X27488625","X27504366","X27511754","X27512911","X27534209","X2753535","X27560201","X27570595","X27583435","X27584126","X27589202","X27593665","X27594662","X27595301","X27615558","X27616342","X27618598","X27625304","X27635122","X27637775","X27638979","X27638997","X27646697","X27651927","X2765472","X27655388","X27661282","X27671912","X2767344","X27676208","X27677112","X27679850","X27681060","X2768346","X27683766","X27695206","X27700494","X27705856","X27733809","X27734653","X27737166","X27739404","X27742143","X27745993","X27772307","X27776569","X2777734","X2777902","X2777942","X27782529","X27809967","X27824862","X27826680","X27832338","X27838262","X27840032","X27841634","X27854005","X27856540","X27864846","X27880486","X27886358","X27886733","X27890297","X27909557","X27912060","X27917143","X27919216","X27920651","X27920699","X27931108","X27932034","X27943481","X27950304","X27955921","X27958153","X27959506","X27961158","X27973409","X27982672","X27985805","X27989209","X2799311","X27996865","X28000509","X28002321","X28005007","X28012071","X28013331","X28019006","X28036316","X28041416","X28048065","X28050101","X28055905","X28058544","X2806821","X28077027","X28080696","X28086125","X28098060","X28104226","X28116092","X28132097","X2813744","X28142754","X28145641","X28146401","X2814891","X2814943","X28160697","X28163536","X2816369","X2816670","X28183531","X28185584","X28198117","X28206020","X28210991","X28213565","X28238130","X28250112","X28262910","X28265521","X28265627","X28274660","X2830650","X283096","X28317041","X28321819","X283274","X28330631","X28331274","X28340723","X2836044","X28363640","X28371201","X28371250","X28372588","X28373479","X28390632","X28397660","X28397689","X28402361","X28413856","X28423632","X28431421","X28435365","X2843593","X28447946","X28455370","X2847061","X28474360","X28474399","X2849460","X28496389","X28498289","X28522180","X28526606","X28533059","X28546115","X28546197","X28547145","X28552507","X2855653","X28565782","X28569033","X28575678","X28592119","X28612769","X28612790","X28614325","X286202","X2862898","X28629519","X28635042","X28654078","X28665623","X28674427","X2868690","X2868702","X2868721","X2868740","X28709279","X28710190","X28734865","X28751108","X28764439","X28768124","X28771935","X28774415","X28793074","X28796238","X28796716","X28796890","X28797729","X28799100","X28801410","X28801448","X28806452","X28814174","X28819348","X28821257","X2883883","X28839003","X28843443","X28854773","X2886294","X28872926","X2889548","X28900737","X28905054","X2890514","X28912190","X28912239","X2891443","X28917044","X289207","X28922167","X28924524","X2893052","X28933395","X28935163","X28962691","X28980455","X28987165","X28991092","X28996694","X28998640","X29003541","X29043273","X29062186","X29065587","X29073012","X290753","X29080957","X29087907","X29089523","X29096684","X29109711","X29111123","X29129439","X29132956","X29133727","X29133749","X29139133","X29143852","X29148658","X29149905","X29150918","X29165366","X29168536","X29215532","X29216375","X29218351","X29221871","X29231659","X29235405","X2923830","X29242616","X29255987","X292586","X29263424","X2926584","X29269200","X29270754","X29270936","X29271101","X29272869","X29276257","X292781","X29284550","X2928727","X2929107","X29291614","X29312219","X29313755","X29318349","X29319357","X29324440","X29330362","X29340106","X29346800","X29360555.1","X29362607","X29362683","X29365956","X29366340","X29375418","X29380823","X29383288","X29383372","X29384528","X29386219","X29386532","X29390628","X29390744","X2940075","X29409610","X2940970","X29413202","X29414626","X2942132","X29439458","X29440065","X29442081","X29449480","X29455675","X29455780","X294569","X29457106","X29463475","X29464230","X29464832","X29467003","X2947087","X2947103","X29476313","X29480366","X29488580","X2949293","X29495346","X29495571","X29497175","X29500877","X29510993","X29516924","X29524883","X29544765","X29547632","X2955350","X29558248","X29562493","X29564057","X29571413","X29572229","X29573580","X29580250","X29588804","X2959548","X29609659","X29609752","X29617007","X2961808","X29622580","X29626208","X29627937","X29638472","X29656392","X2967533","X29683099","X297096","X2971189","X29719292","X29733774","X29756522","X29764041","X2976539","X2976662","X29770124","X2978812","X29794086","X29795734","X29801019","X29803562","X29811401","X29827824","X29839893","X29842947","X29867960","X29869242","X29882339","X29887070","X2989013","X29897054","X29902899","X29919552","X299265","X29931726","X29967041","X2997191","X29981228","X29983391","X29984018","X29988687","X30015937","X30019123","X30048327","X30053348","X300548","X30062610","X30064385","X30095247","X30099450","X30102865","X30106139","X30109597","X30112580","X30135193","X30147243","X30157195","X30157612","X30168451","X30179179","X30179216","X30186439","X30196197","X30209867","X30210509","X30213945","X30220752","X3022631","X30236399","X30244442","X30246629","X30253310","X30263037","X30263038","X30272568","X30294029","X30307509","X30321409","X3033080","X30359766","X30366406","X30366504","X30371106","X30371860","X30375742","X30375833","X30390257","X304215","X30421992","X3042716","X30428408","X30428796","X30435718","X30438427","X304527","X30461153","X30466645","X30469553","X30476159","X30478141","X30498753","X30510569","X3051397","X3053290","X3054458","X30548765","X3055761","X3055866","X3055997","X30573182","X30581991","X305846","X30585268","X30588694","X30599658","X30603902","X30606460","X30624534","X30638554","X30640721","X3066440","X30664813","X30673856","X30677125","X30688001","X30688489","X3069961","X30711076","X30737123","X30737624","X30752839","X30760123","X30770617","X30776004","X30782394","X30785225","X30792238","X30793319","X30794385","X30794834","X3080123","X30802482","X30803635","X3081280","X308138","X30815722","X30820784","X30824226","X3082524","X30826114","X30830366","X30839399","X30841762","X30842383","X30867626","X30874372","X30877491","X30879344","X3088259","X30894393","X3089987","X30921985","X3092487","X30925533","X3095767","X30961563","X30965493","X3096683","X30967607","X3098906","X3099941","X31001916","X31011399","X3101389","X3101601","X31022849","X31022955","X31030709","X31033378","X31038269","X31039979","X31042087","X31053337","X31076837","X31079083","X31080281","X3109145","X31103926","X31105690","X3111901","X31122906","X31127781","X31138715","X31158791","X31187294","X31188721","X31190388","X31192335","X31195970","X31208551","X31230720","X31230850","X3125009","X31251274","X31261552","X31277009","X3129641","X31310996","X31313311","X31324268","X31328199","X31359496","X31379472","X31391862","X31396842","X31401543","X31438365","X31439256","X31452264","X31454648","X31485578","X31493805","X31495358","X31497116","X31525975","X3152889","X31532535","X3154644","X31551395","X31565000","X31565308","X31566451","X31575104","X31583377","X3158570","X3161548","X31622165","X31633513","X3164081","X31641026","X31669071","X3167946","X31683607","X31690613","X3169086","X31692113","X31694660","X31695602","X31699677","X31713129","X3171341","X31715441","X31727248","X31733847","X31747095","X31751789","X31756452","X31762175","X31764041","X31768988","X31786140","X31786216","X31791977","X31803409","X31803808","X31803859","X31811187","X31811390","X31811683","X31812842","X31820649","X31857241","X318631","X31876014","X31907059","X3191852","X31934095","X31938703","X31944320","X31973241","X31977933","X31993856","X31996072","X32008439","X32011341","X320483","X32063205","X32084842","X3209368","X3209394","X3209600","X32107766","X32109152","X32114547","X32114551","X32114841","X32129475","X32144725","X32151974","X32153707","X32160393","X32162728","X32175407","X32191797","X32272811","X32280040","X32286044","X3229933","X3232210","X32347541","X3234815","X32355398","X32355414","X32371476","X32375195","X32391812","X32392528","X32393289","X32398732","X3241736","X3243252","X32441814","X32459849","X32459960","X3247102","X32482304","X32489732","X32502132","X32556770","X32567909","X3257486","X32598157","X32602865","X32605195","X32624968","X32645584","X3268214","X32688984","X3273537","X3276045","X32778193","X328230","X32847236","X32854775","X32876397","X32891114","X3291040","X32916653","X32923486","X32967297","X3298440","X32984493","X32987869","X3299167","X3299964","X3301049","X33016954","X33018709","X3304911","X33055446","X33060705","X33065741","X33101225","X33101269","X33108724","X3311435","X33139180","X33153789","X33157318","X3315817","X33172553","X33175688","X3318482","X33202609","X3320759","X3322683","X33248813","X33262214","X3327393","X3328348","X33293760","X33297982","X33309100","X3331726","X33318830","X33325684","X33330934","X33336546","X33337353","X33349390","X33389657","X33404603","X334059","X33419683","X33421683","X33430266","X33432366","X33446123","X33448855","X33461737","X33472915","X33480402","X33490425","X33490755","X33510845","X33518665","X33519702","X33549625","X3355133","X33564579","X33568906","X3358914","X33599645","X33600803","X33623587","X3365358","X3365690","X33661040","X33661340","X33661659","X33661708","X33678603","X3369892","X33715349","X337268","X337272","X33732811","X33733501","X33736748","X33742594","X33764141","X33779547","X33781191","X3380380","X33807464","X3382922","X33834192","X33837662","X33860760","X33863149","X33878821","X338846","X3389038","X33901317","X33902053","X33912670","X33965137","X33973639","X3397608","X33984536","X33984783","X33985940","X33988417","X33988653","X34011869","X34029066","X3406112","X34110288","X34130136","X34156637","X3416500","X34179239","X34184021","X34194500","X34215947","X34231647","X3423328","X34241438","X34254573","X342560","X3426053","X34267861","X34270684","X34283026","X34303317","X34332618","X34336151","X34357850","X34358660","X34361709","X34370404","X34376544","X34376642","X3438000","X34381369","X3438980","X34396561","X34414404","X34415778","X34431183","X34449538","X34452684","X34453303","X3445477","X3445522","X344723","X34476830","X34479395","X34480919","X34492241","X34498067","X3450190","X34508579","X34514518","X34518052","X34520725","X34533255","X34537841","X34539542","X34548133","X34566230","X34568958","X34576018","X34583704","X34584069","X3459171","X3459732","X34603681","X34605721","X34606173","X3460951","X34625010","X34633282","X34650316","X34655126","X34657112","X34658330","X34666479","X34684731","X34713323","X3471521","X34726985","X34728917","X347305","X34737300","X34739259","X34745010","X34755974","X34764212","X34764273","X34773920","X3478136","X34786863","X34796440","X34802433","X34809470","X34814307","X34833237","X34853502","X34862949","X34865110","X34868096","X34872572","X34875953","X34896380","X34897983","X34908621","X34908634","X34919157","X34942245","X34961835","X34962388","X34971379","X3497328","X34975666","X34978588","X34979153","X34980362","X34987808","X35007237","X35008160","X35009281","X35021943","X35033428","X35038303","X35058022","X35058557","X35063285","X35063310","X35063322","X35069681","X35070599","X35089006","X35089447","X35100155","X35108986","X35130057","X35135342","X35140512","X3514128","X35146542","X35147694","X3516136","X3516715","X35170586","X35172777","X3518933","X35208956","X3527983","X35284993","X35288118","X35288129","X35295759","X35297078","X35333372","X3533390","X35338408","X35351114","X35351756","X35356261","X35372778","X35387542","X35391250","X35391843","X35392155","X3539461","X3542038","X35441052","X35451948","X35478085","X35480048","X35497691","X3549957","X3550794","X3555963","X35583817","X35606703","X35608865","X35616685","X35627092","X35650563","X35658407","X35663317","X3566599","X35674500","X35714164","X35729678","X35749817","X35755105","X35762159","X35762623","X35771796","X35776234","X35786079","X3579010","X35802105","X35810466","X3582562","X3585695","X35870726","X35890913","X3589447","X3590995","X35911689","X3593826","X35952847","X3598164","X35990010","X35998586","X3603495","X36048376","X3606965","X36111061","X36132243","X36140377","X3618024","X36205082","X36231916","X3628243","X36304878","X363175","X36326363","X3632874","X3632923","X3634972","X36386957","X36396457","X36404770","X3640739","X3640784","X3643368","X3647071","X3652374","X3653094","X36542843","X36557818","X3668934","X36719055","X36729894","X3675147","X3678138","X3682912","X3686191","X3689373","X3692095","X36954821","X3698130","X3705909","X3706126","X3707630","X37101220","X371684","X3721423","X37302551","X3748151","X3750533","X37546231","X37579336","X3760982","X3761544","X376395","X3765793","X3769261","X37771472","X37780365","X3779152","X378055","X3781258","X3782845","X3789687","X37925062","X37976146","X380590","X3806212","X38079408","X3811935","X3814708","X3821757","X38279738","X3828065","X3834690","X38362241","X3836467","X3838606","X38391101","X3842784","X38434765","X38434999","X3849437","X3849630","X38497486","X38524922","X38551","X38560566","X3856876","X385876","X3862777","X38636497","X38714446","X3881908","X3888329","X38997069","X38999212","X391759","X3918933","X392281","X3923698","X39237656","X39245265","X39254110","X39260319","X39261111","X39264932","X39276296","X393264","X3946683","X39470922","X39614444","X39673626","X3974689","X3977068","X39773538","X39783151","X3978678","X3981708","X39839084","X3984362","X39862304","X39875753","X39880815","X39881413","X39892588","X3991507","X39920689","X3992420","X399359","X399501","X4006137","X40141105","X4021158","X4021494","X40217246","X4025285","X40275218","X40284313","X40339875","X4038770","X4038771","X4040474","X4043363","X40466770","X4048539","X40497149","X40567983","X4057014","X40573742","X40610419","X4062604","X4063223","X4063971","X40663740","X40700055","X40708261","X40715761","X4072039","X40736","X4073684","X4073727","X4075187","X407545","X4079438","X40858295","X40869416","X4091566","X40963767","X40970024","X4099209","X4099351","X41022867","X41045341","X4104907","X41083723","X41085097","X41109382","X4120320","X41207265","X4122101","X4122461","X41249282","X4128431","X41304331","X4130712","X41319054","X4132810","X41349887","X4137889","X41388972","X41400271","X4148163","X4150773","X415173","X415179","X4153216","X4154802","X4170230","X41708153","X41733403","X41733418","X4173432","X41742940","X41743498","X4175751","X4175778","X4180561","X4189278","X41893481","X41895438","X4191697","X4191927","X41940723","X41951811","X41958053","X41961281","X41965658","X41968936","X4197850","X42007642","X4201098","X4202154","X4202753","X42039871","X4204720","X42060474","X42070371","X42089983","X42097569","X42106144","X42138455","X42170950","X4217327","X4217789","X42204186","X42213172","X42221711","X4224199","X42254257","X42276331","X42301823","X42324251","X42327284","X4234392","X4236870","X4238502","X4240573","X42427586","X425102","X4258794","X4259265","X42596542","X42602885","X42620851","X4262691","X4263922","X4268249","X42706232","X4272291","X4272718","X42774772","X42818101","X4286511","X42880218","X42951273","X42968423","X4297888","X4300869","X43018592","X43048126","X430609","X43065536","X43068624","X43072025","X43073361","X4308661","X43093204","X4311379","X43127725","X43141172","X43154203","X43185423","X43192795","X4319917","X43229633","X433070","X4336705","X4338447","X4352640","X4360020","X4361920","X4367163","X4367220","X4373259","X4388638","X4393011","X4405742","X4405820","X4423900","X4437982","X4440860","X444441","X4451790","X445434","X446310","X446896","X4470550","X4501127","X451392","X4527249","X4539895","X4542702","X4543269","X4543378","X4547949","X4553260","X4565136","X4571329","X4577176","X457778","X4587918","X4588871","X4591211","X4597503","X4600336","X4602225","X4603555","X4618758","X4623253","X4628479","X4628979","X4629852","X4635290","X463551","X4636388","X4643435","X4646273","X4647889","X46485","X4649358","X4650725","X4658765","X4659679","X4684713","X4692782","X469318","X4699308","X4704748","X4704941","X470616","X4706644","X4709790","X4710402","X471199","X4713895","X4715854","X4716308","X4725964","X4729857","X4738342","X4744322","X4745813","X4748055","X474991","X4752284","X4763793","X4764096","X4775934","X4785722","X4793941","X4800096","X4801908","X4813022","X4817992","X4819374","X4819768","X4823732","X4823942","X482547","X482559","X4828323","X4829645","X4835022","X4837145","X4852777","X4853260","X4853401","X485902","X4862604","X4862921","X4863043","X4865814","X4867087","X4869876","X4870007","X4871946","X4884142","X4887926","X4888099","X4889315","X4891168","X489976","X4900213","X4900264","X4903691","X4909121","X4918525","X4920299","X4923253","X4923310","X4930217","X4934515","X4938278","X4947732","X4953073","X4961753","X497286","X4975200","X4979463","X4980592","X4990622","X4993505","X4994580","X4994942","X4995267","X5003738","X5029695","X5030026","X5030523","X5039482","X5044008","X504541","X5046089","X5052668","X5056156","X5057856","X506981","X5069834","X5075107","X5085487","X5085547","X5087964","X5091373","X5097436","X5102553","X5104895","X510642","X5108603","X5110262","X5119886","X5124272","X5124649","X5131659","X5143143","X5144130","X5145125","X5145172","X514537","X5151599","X515267","X5156615","X5157539","X516158","X516174","X5164245","X5183290","X5184696","X518635","X5188874","X5190237","X5190283","X520194","X520510","X5212530","X5212885","X5213583","X5227521","X5231085","X5238836","X5248894","X5249117","X525146","X5256433","X5266761","X5274185","X5276968","X5278193","X528626","X5287526","X5300735","X5305703","X5309900","X5322770","X5332473","X5334087","X5343667","X5343681","X534436","X5359764","X5368092","X5368143","X5372969","X5379383","X5386836","X5386943","X5394308","X5396794","X540425","X5409931","X5410044","X5425802","X5432894","X5436625","X5439083","X5439338","X544269","X5444442","X544975","X5451276","X5461699","X5472616","X5473088","X5473295","X5473343","X5489645","X5496264","X5507961","X5514441","X5519961","X5523499","X5524728","X55256","X5527766","X5529443","X5537160","X5539607","X554699","X554767","X5548370","X5558777","X5560887","X5562466","X556260","X5565043","X5565103","X5571856","X5579165","X5582839","X5584555","X558534","X5588179","X5589267","X5589390","X5589436","X5589681","X5603672","X5609665","X5611613","X5623844","X5641225","X564357","X5648614","X5654693","X5655584","X5655632","X5656774","X5667537","X567188","X5682609","X568327","X5687004","X568780","X5692868","X5694222","X569479","X569595","X5699387","X5699390","X5703216","X5703244","X5712156","X571357","X5718417","X5720418","X5720599","X5720690","X5721703","X5724400","X5725909","X572611","X5730222","X5740642","X5744290","X574717","X5747861","X5750247","X5750879","X5753051","X5756032","X5758294","X576325","X5768822","X5776440","X5781839","X5784112","X5784856","X5788202","X579017","X5795804","X5797072","X5809497","X5811746","X5811797","X5820094","X5825812","X5827471","X5829388","X5830823","X5830963","X5831276","X5834249","X5836492","X5836894","X5839553","X5842364","X5855433","X586197","X5869159","X5870969","X5877974","X5881874","X5881901","X5882801","X5893260","X5911768","X591362","X5919230","X5920442","X592384","X592903","X592963","X5946050","X5950706","X5953679","X5969013","X597742","X5977832","X5977956","X5980029","X5983456","X5999290","X6000232","X601146","X6017721","X6017845","X6019599","X6020468","X6022537","X6027916","X6035113","X6038993","X6040314","X6041122","X6041602","X6043495","X6044068","X6048401","X6052686","X6058563","X6058929","X6069826","X6070577","X6072793","X607964","X6081341","X6086496","X6089676","X6094024","X6095414","X6103587","X6109576","X6112166","X6118882","X6129006","X61459","X6163208","X6169971","X6178433","X6193227","X6210073","X6211231","X6212212","X6213187","X6215258","X6224330","X622661","X6228069","X6228650","X6230048","X6233230","X6237093","X6237167","X6241468","X6244481","X6247040","X6248679","X6252619","X6254131","X6257415","X626487","X6274015","X6274243","X6274619","X6274723","X6294227","X6298841","X6304540","X630924","X6311784","X63151","X6318869","X6338125","X6345444","X6349465","X6350995","X6353353","X6355956","X6358184","X6359229","X6360912","X6366661","X6366809","X6372472","X6377205","X6388403","X6393159","X6395871","X6400766","X6401562","X6401664","X6404308","X640465","X641927","X6426926","X6429406","X6448421","X6459245","X6472008","X6482798","X6485400","X6491184","X6493090","X650085","X6501350","X6507307","X6523275","X652667","X6532698","X6535084","X6545917","X654710","X6551174","X6559811","X6563614","X6565052","X6573974","X6579507","X6585855","X6585923","X658602","X6591499","X6595271","X660070","X6601077","X660153","X6632662","X6637262","X6639394","X6640443","X6647155","X6647829","X6656655","X6660172","X6670579","X6671881","X6675404","X6675465","X6678397","X6682107","X6683990","X6698886","X6707720","X6707936","X6712546","X6731313","X6750309","X675671","X6757623","X6758090","X6758237","X676066","X6766821","X6789653","X6794540","X6803451","X6809752","X6810331","X6811018","X6811121","X6815035","X6824192","X6843652","X6845196","X6845551","X6845704","X6848997","X6849893","X6851574","X6857942","X6867022","X6870558","X6870960","X687639","X687853","X6883693","X6884282","X6888444","X6895008","X6895729","X6895830","X6899751","X6902826","X6904732","X6907203","X6912234","X6912514","X6913952","X6916789","X6922086","X692823","X6951127","X6951430","X6953149","X6954923","X6957001","X6959385","X6959866","X6968050","X6972691","X697392","X6980190","X698120","X6981225","X6982005","X6984278","X6987318","X6993264","X7005660","X7006089","X7006910","X7012847","X7017756","X7025575","X7028666","X7031420","X7049770","X705817","X7060720","X707139","X707562","X7080833","X708317","X7084570","X708741","X709338","X7094512","X7103267","X7108277","X7112860","X7113614","X7114601","X7117441","X7118789","X712263","X7125115","X7130145","X7140546","X715017","X7150328","X7159817","X7167757","X717021","X7170866","X7171625","X7181378","X718648","X7205637","X7210433","X7210500","X721838","X7228783","X7233289","X7235012","X7244009","X7246920","X7247451","X7259895","X7270681","X7276020","X7278736","X7278742","X7283505","X7288716","X7290997","X7302157","X730892","X7316810","X7320126","X7321117","X7323936","X7326710","X7327442","X7330916","X7331105","X7341242","X734421","X7349780","X7350526","X7350967","X7352177","X7353011","X7357942","X7358681","X736365","X7366291","X737656","X7376903","X7389246","X7410966","X7410973","X7413723","X741501","X7416867","X7420589","X7424753","X7425604","X7426334","X7434469","X7438780","X7442305","X7443666","X7443814","X7443837","X7445660","X7461395","X7471974","X7475040","X7486672","X749042","X7491806","X749702","X7497023","X7502734","X752946","X7535896","X7536214","X7536720","X7538911","X7556080","X7566615","X7568587","X7581191","X7584020","X759225","X7592946","X7595572","X7606013","X7612180","X7620433","X762055","X7622389","X7624193","X762442","X7628084","X7632535","X7634846","X7639419","X7649158","X7653221","X7660521","X7660596","X7660839","X7664848","X7665076","X7670553","X7694461","X7699941","X7701213","X7701241","X7716142","X7719412","X7721612","X7730806","X7730867","X7735228","X7741577","X7741801","X774624","X7755901","X7766781","X7777277","X7781541","X7783462","X780590","X7809894","X7810511","X7818651","X7823535","X7826419","X7828847","X7831999","X7837587","X7850004","X7861072","X7874880","X7874958","X7876185","X7880675","X7880713","X788092","X7891342","X7899288","X7900646","X7916623","X7923156","X7923651","X7930519","X7930629","X7931723","X7933063","X7955358","X7957088","X7974372","X7974408","X7980764","X7985811","X7989533","X7996759","X8007344","X8011110","X8015020","X801756","X801956","X8028920","X8033000","X8033242","X8035785","X8040521","X8041377","X8043324","X8043787","X8046390","X8048487","X8050607","X8069598","X8080500","X8097832","X8113635","X811522","X8122674","X8122745","X8128674","X8132378","X8133666","X8137765","X8176889","X8181990","X818237","X8186106","X819550","X8196631","X8197231","X8198234","X8199148","X8200997","X8213187","X821853","X824408","X8271763","X8275743","X827863","X8282643","X8304688","X83138","X8318217","X8322797","X8322952","X83268","X8327092","X8329529","X8334495","X8342507","X8345530","X8358615","X8374170","X8379177","X8384114","X8401443","X8408095","X8427058","X8428887","X8440817","X8451682","X8457708","X8467","X8490946","X8511775","X851785","X8534597","X8537097","X8544899","X854569","X854788","X855880","X8586464","X8592243","X8594049","X859664","X8604124","X861286","X8617164","X862330","X8633546","X8633985","X8644691","X8648113","X864926","X864971","X865409","X8665018","X866687","X8697625","X8698245","X8702596","X8704505","X8723724","X8724031","X873658","X8741805","X875037","X8769981","X8777984","X877982","X8781388","X8797526","X8802820","X8804068","X8811548","X8812834","X8813197","X8815834","X882123","X882141","X8823816","X8854451","X8863765","X8864506","X8870560","X8874326","X8874486","X8875808","X8878064","X887949","X888588","X8886718","X8897390","X8897651","X8899856","X8918233","X8920009","X8922395","X892352","X8923622","X8926592","X8931909","X8949095","X8957574","X896372","X8983384","X8991171","X8991416","X9000866","X9002371","X9004296","X9016312","X902283","X9034466","X9047295","X9048045","X9049548","X9069667","X9069671","X9076096","X9076303","X9076379","X9077384","X9077803","X9082550","X9086604","X9094195","X9104816","X9106119","X9108339","X9122408","X9131566","X9132535","X9138015","X915239","X915605","X915643","X9156459","X9158001","X9197961","X9198823","X9207378","X921325","X9214491","X9216803","X9226300","X9226476","X925301","X925341","X9256397","X9259844","X9260477","X9267079","X9268098","X927905","X9296572","X9297865","X9298577","X9307773","X9308871","X9316549","X9316771","X9320516","X9322774","X9323952","X9328241","X9329741","X9345234","X9352834","X9353689","X9355162","X9355225","X9355372","X9365079","X938454","X939944","X9401286","X9403967","X9418981","X9422040","X9427943","X942934","X943798","X9442379","X9446979","X9451026","X9454360","X9458797","X9464878","X9489066","X9493086","X9493161","X9506373","X9508569","X9509756","X9515773","X9523040","X9529408","X9531286","X953349","X9539021","X9554017","X956635","X9570153","X9583374","X9586149","X9586213","X9599101","X9625763","X962619","X9627936","X9634998","X964003","X9643370","X9644476","X9653238","X966386","X9670496","X9674609","X967523","X9680714","X9688801","X9691659","X9703329","X9706302","X9708735","X971042","X971164","X971266","X9731008","X9738967","X9754515","X976033","X976557","X97726","X9772877","X9778975","X9779200","X977962","X9780086","X97801","X9780356","X9780682","X9783130","X980292","X9803087","X980337","X9803393","X9805429","X981571","X9820218","X9822951","X982306","X982569","X9829603","X9834123","X9838667","X9847715","X984860","X9856265","X985972","X986216","X9865281","X9888718","X9888798","X9892984","X9893053","X9896145","X9907296","X9907576","X9922745","X9936370","X9957276","X9960974","X997311","X9973262","X9974221","X9976318","X9996909"
"CC1",0,0,0,0,0,0,0,0,0,0,0,0,0,0,0,0,0,0,2,0,0,0,0,0,0,0,0,0,0,0,0,0,0,0,0,0,2,0,0,0,0,2,0,0,0,0,0,0,0,2,2,0,0,0,0,0,0,0,0,2,0,0,0,0,2,0,0,0,0,0,0,0,0,0,0,0,0,0,0,2,0,0,0,0,0,0,0,2,0,0,0,0,0,0,0,2,0,0,0,0,0,0,0,0,2,2,0,0,0,0,0,0,0,0,0,0,0,0,0,2,0,0,0,2,0,0,0,0,2,0,0,0,0,0,0,0,0,0,0,0,0,0,0,0,0,0,2,0,0,0,0,0,0,0,0,2,2,0,0,2,0,0,2,0,2,2,0,0,2,0,0,0,0,0,0,0,0,0,0,2,0,0,0,2,0,0,0,0,0,0,2,2,0,0,0,0,0,2,0,0,0,0,0,0,0,0,0,0,0,0,0,2,0,0,0,0,2,0,2,0,0,2,0,2,0,2,0,0,0,2,0,0,0,2,0,0,0,2,0,2,0,0,0,0,2,0,0,0,0,0,2,2,0,0,0,0,0,0,0,0,0,0,0,0,0,0,0,0,0,0,2,0,0,0,0,0,2,2,2,0,0,0,0,2,0,0,0,0,0,0,0,0,0,0,0,2,0,0,2,2,0,0,0,2,2,0,2,0,2,0,0,2,0,0,0,0,0,2,0,0,0,0,0,0,0,2,2,2,2,0,0,0,0,0,0,0,2,0,0,0,2,0,0,0,0,0,0,0,0,0,0,0,0,0,0,0,2,0,0,0,2,0,0,0,0,0,0,0,0,0,0,0,0,0,0,0,0,0,0,0,0,0,2,0,2,0,2,0,2,0,0,2,0,0,0,0,0,0,0,0,2,0,2,0,0,0,0,0,0,0,0,0,0,0,0,0,0,0,0,0,0,0,2,0,2,0,0,2,2,0,0,0,0,0,0,0,0,0,0,0,0,0,0,0,0,2,0,0,2,0,0,0,0,2,2,0,0,0,0,0,2,0,0,0,0,0,0,0,0,0,2,0,0,2,0,0,0,0,0,0,0,0,0,2,0,2,0,2,2,0,0,0,0,0,0,0,0,0,0,2,0,0,2,0,0,0,0,0,0,2,0,0,0,0,0,0,0,0,0,2,0,0,2,0,0,0,0,0,0,0,0,0,0,0,0,0,0,0,0,0,0,0,0,2,0,0,0,0,0,0,2,0,0,0,0,0,0,2,0,0,0,0,0,0,0,0,0,0,0,0,0,2,2,0,2,0,0,0,2,0,2,0,0,0,0,0,0,0,2,2,0,2,2,2,0,0,0,0,0,0,0,0,0,2,0,0,0,0,0,0,0,0,0,0,0,0,0,0,0,0,0,0,0,0,2,2,0,0,2,0,0,0,0,2,0,0,0,0,0,0,0,0,0,2,0,0,0,0,0,0,0,0,0,0,0,0,0,0,0,0,2,2,0,2,2,0,0,0,0,2,0,0,0,0,0,2,2,0,0,0,0,0,2,0,2,0,0,2,0,0,2,0,0,2,0,0,2,0,0,2,0,2,0,0,2,2,2,0,0,0,0,0,0,0,0,0,0,0,2,0,0,0,0,2,0,0,0,0,0,0,0,0,0,0,0,0,0,0,0,0,0,0,0,0,0,0,0,0,0,0,0,0,0,0,2,0,0,0,0,0,0,0,0,0,0,0,0,0,2,0,0,0,0,0,0,0,0,0,2,0,2,2,2,0,2,0,2,2,0,0,0,0,2,0,0,2,0,0,0,0,0,0,0,0,2,0,0,0,0,2,0,0,0,0,2,0,0,0,0,0,0,0,2,2,0,0,0,0,0,0,0,0,2,0,0,0,0,0,0,0,0,0,0,0,0,0,2,0,0,0,2,2,0,0,0,0,0,0,0,0,0,0,0,0,2,0,0,2,0,0,0,0,2,0,0,0,2,0,0,0,0,0,0,0,2,2,0,2,2,0,0,2,0,2,0,0,0,0,0,2,0,2,0,0,0,0,0,0,2,2,2,0,0,2,0,0,0,0,0,2,0,0,0,0,0,0,0,2,0,0,0,0,0,0,2,2,0,0,0,0,0,0,0,0,0,2,2,0,0,0,0,0,0,0,0,0,0,0,0,0,0,0,0,0,0,0,0,0,0,0,0,0,0,0,0,0,0,0,2,2,0,0,2,0,0,0,0,0,0,2,2,0,0,0,0,0,2,0,0,0,2,0,0,0,0,0,0,0,0,0,0,0,0,0,0,0,0,2,0,0,0,0,0,0,2,0,2,0,0,0,0,0,0,0,0,0,0,0,0,0,0,0,0,0,2,2,0,0,0,0,2,0,0,0,2,2,0,0,2,0,0,2,0,0,0,0,2,2,0,0,2,0,0,0,2,2,0,2,2,2,2,0,0,0,0,0,2,0,0,0,0,0,2,0,2,2,0,0,0,0,2,0,0,2,0,0,NA,2,2,0,2,0,0,2,0,0,0,2,0,2,0,0,0,2,2,NA,0,0,0,0,2,0,0,0,2,0,0,2,0,0,0,2,0,2,2,0,0,0,2,2,0,0,0,0,0,0,0,0,0,2,2,2,0,0,0,0,0,0,2,0,0,0,0,2,0,0,0,0,0,0,2,0,0,0,0,0,0,0,2,0,0,0,0,0,0,0,0,0,2,0,0,0,0,0,0,2,0,0,0,0,0,0,0,0,2,0,0,0,0,0,0,0,0,0,2,0,0,2,2,2,0,0,2,0,0,0,2,0,0,0,2,0,0,0,0,0,0,0,2,0,NA,0,0,0,0,0,2,2,0,0,0,0,0,0,2,0,0,0,0,0,0,0,0,0,0,0,0,0,2,0,0,0,2,0,NA,2,0,0,0,0,0,0,2,0,0,0,0,0,0,0,0,0,0,2,2,0,0,0,0,0,0,0,0,0,0,0,0,0,0,0,0,0,0,2,2,0,2,0,0,0,0,0,0,0,0,0,0,0,0,2,2,2,0,0,0,0,0,0,0,0,2,0,0,0,0,0,0,0,0,0,0,0,0,0,0,0,0,0,0,0,0,0,0,0,0,0,0,0,0,0,0,0,0,0,2,0,0,0,0,2,2,0,0,0,0,0,0,0,2,0,0,0,0,0,0,0,0,2,0,0,0,2,0,0,2,0,0,0,0,0,0,0,0,0,0,0,0,0,0,0,0,0,0,2,0,0,2,0,2,0,0,0,0,2,0,0,0,0,2,0,0,0,0,0,0,0,0,0,0,0,0,2,0,0,0,0,0,2,2,0,0,0,0,0,0,2,0,0,0,0,0,0,2,0,2,2,0,0,0,0,0,0,0,2,0,0,0,0,2,0,0,2,0,0,2,0,0,0,0,0,0,0,0,2,0,0,2,2,0,2,2,0,0,0,0,2,0,0,0,2,0,0,0,0,0,0,0,0,2,0,0,0,0,0,2,0,0,0,0,0,0,0,0,0,0,0,0,0,0,2,0,0,0,0,2,0,0,2,0,0,0,2,0,2,0,0,0,0,0,0,0,2,0,0,2,0,0,0,0,2,2,0,0,0,0,0,0,0,0,0,0,0,0,2,2,0,2,0,0,2,0,0,0,0,0,0,0,0,0,2,0,2,0,0,0,0,0,0,0,0,2,2,0,0,0,2,2,2,0,0,0,2,0,0,0,2,2,0,0,0,0,2,0,0,0,2,0,2,0,0,0,0,0,0,0,2,2,0,0,0,2,0,0,0,0,0,2,0,0,0,0,0,0,0,0,2,0,0,0,0,0,0,NA,0,0,0,2,0,0,0,0,0,0,0,0,0,0,2,0,0,0,0,0,2,0,2,0,0,0,2,2,2,2,2,0,2,0,2,0,0,0,2,2,2,2,0,0,0,0,0,0,0,2,0,0,2,0,0,0,2,0,2,0,2,2,0,2,0,0,2,0,0,2,2,0,0,2,0,0,0,2,NA,0,2,2,0,2,0,0,0,2,0,0,0,0,0,0,0,0,0,0,0,0,2,0,0,0,0,0,2,0,2,0,0,0,0,0,0,2,0,2,0,0,2,0,0,0,0,0,0,2,0,0,0,0,0,0,0,0,0,0,0,NA,2,0,0,0,0,0,0,0,0,0,0,0,0,2,0,0,0,0,0,0,0,0,0,0,2,2,2,0,0,0,2,2,0,0,0,0,0,0,0,0,0,0,0,0,2,0,2,0,2,0,0,0,0,0,0,0,NA,0,0,0,0,0,0,2,0,0,0,0,0,0,0,0,0,0,2,2,0,0,0,2,0,0,2,0,0,0,0,2,0,0,2,0,0,0,0,0,0,0,2,0,2,0,2,2,0,2,0,0,0,0,0,0,0,0,2,0,2,0,0,0,0,2,0,0,0,0,0,0,0,0,0,0,2,0,0,0,0,2,0,0,0,0,0,0,0,0,0,0,0,0,0,0,2,0,0,0,0,0,0,2,0,0,0,0,0,0,0,0,0,0,0,0,0,2,0,2,0,0,0,0,0,2,0,0,0,2,2,0,0,0,0,0,0,0,0,0,0,0,0,0,0,2,0,0,0,0,0,0,0,0,0,0,0,0,0,0,0,0,0,0,0,2,0,0,0,0,0,0,0,0,0,0,0,0,0,0,0,0,0,0,0,0,0,2,0,0,0,0,0,0,0,0,0,2,0,0,2,0,0,0,0,0,0,0,0,0,2,0,NA,2,NA,0,0,0,0,2,0,0,2,2,2,0,0,0,0,0,0,0,0,2,0,0,0,2,2,2,0,2,0,0,0,2,0,0,2,0,0,2,2,0,0,0,0,0,0,0,0,2,0,0,0,0,0,0,2,0,0,2,2,2,0,0,0,0,0,0,0,0,0,0,0,0,0,0,0,0,0,0,0,2,0,2,0,0,0,2,0,0,0,2,2,0,2,2,0,0,0,2,0,0,0,0,0,0,0,2,2,2,0,0,0,2,0,0,0,0,0,0,2,0,2,0,2,0,0,0,0,0,2,2,0,2,0,0,0,0,0,0,0,0,0,0,2,0,0,0,0,0,0,0,0,0,0,0,0,0,0,0,0,0,0,0,0,2,2,0,2,0,0,0,0,2,0,0,0,0,0,0,0,0,0,0,0,0,0,0,0,0,0,0,0,0,0,0,2,2,0,0,0,2,0,2,0,0,0,0,0,0,0,0,2,0,0,0,0,0,0,2,0,0,0,0,0,0,0,NA,0,0,0,0,0,0,0,0,0,0,0,0,0,2,0,0,0,2,2,0,0,0,0,0,0,2,2,0,0,0,0,2,0,0,0,2,2,0,0,0,2,0,0,0,0,0,0,0,0,0,2,0,0,0,0,2,0,0,0,0,0,0,2,2,0,0,0,2,0,0,0,0,0,0,0,2,2,0,0,0,0,0,0,0,0,2,0,0,2,0,0,2,2,0,0,0,2,0,0,0,0,0,0,0,0,0,0,0,0,0,2,0,0,0,0,0,2,2,0,0,0,0,2,0,0,0,0,0,0,0,0,2,0,0,0,0,0,0,0,0,0,0,0,0,0,2,0,0,0,0,0,0,0,0,0,0,0,2,0,0,0,2,0,0,0,0,0,0,0,0,2,0,0,2,0,0,0,0,0,2,2,0,0,0,0,2,0,0,2,0,0,2,2,2,0,0,0,0,0,0,0,0,0,0,2,0,2,2,0,2,0,0,0,2,0,0,0,0,0,0,0,0,0,0,0,0,0,0,0,0,0,0,2,0,0,0,0,0,0,2,0,0,0,2,0,0,0,2,0,0,0,0,0,0,0,2,0,0,0,2,0,0,0,0,0,0,0,2,0,0,0,0,0,0,0,0,0,0,0,0,2,2,0,0,0,0,0,0,0,0,2,0,0,2,0,0,2,0,2,0,0,0,0,0,0,0,0,0,0,0,0,0,0,0,0,0,0,0,2,0,0,0,2,2,2,0,2,0,2,0,0,0,2,0,2,0,0,0,0,0,0,0,0,0,0,0,0,0,0,0,0,0,0,0,0,0,0,0,0,0,0,0,0,0,0,0,0,0,0,0,0,0,0,0,0,0,0,0,2,0,0,0,0,0,0,0,0,0,0,0,0,0,2,0,0,0,2,2,0,0,0,2,0,2,0,0,2,0,2,0,2,2,0,2,0,0,2,0,0,0,0,0,2,0,2,0,0,2,0,0,0,2,0,0,0,0,0,0,0,0,2,0,2,0,0,2,0,0,0,0,0,0,0,2,0,0,0,2,0,0,0,2,0,0,2,2,2,0,0,2,0,0,2,0,0,0,0,0,0,0,0,2,2,0,0,0,0,0,0,0,0,2,2,0,2,2,0,0,2,0,0,0,0,2,2,0,0,0,2,2,2,0,0,0,0,0,2,0,0,0,0,0,0,0,2,0,0,0,0,0,0,2,0,0,0,2,2,0,0,2,0,2,2,0,0,0,0,2,2,0,0,2,0,0,0,0,2,0,0,0,2,0,0,0,0,0,0,0,0,0,2,0,0,2,2,0,2,0,0,0,0,0,2,0,0,0,0,0,0,0,0,0,0,0,0,0,0,0,0,0,0,0,0,0,0,0,0,2,0,0,0,0,0,0,0,0,2,0,0,0,0,0,0,0,0,2,0,0,2,0,0,0,2,2,2,2,2,2,0,0,0,0,0,2,0,0,0,0,0,2,0,0,2,2,0,2,0,0,2,0,0,2,2,2,0,0,2,0,0,2,0,0,0,0,2,0,0,0,0,0,2,0,0,0,0,0,0,0,0,0,0,0,2,0,2,0,0,0,0,0,0,0,0,2,2,0,2,0,0,2,2,2,0,0,2,0,0,0,0,2,0,0,0,0,2,2,0,0,2,2,0,0,0,2,0,0,0,0,0,0,0,2,2,0,0,0,0,0,0,0,0,0,0,2,0,0,0,0,0,0,0,0,0,0,0,0,0,0,0,0,2,2,0,2,2,0,0,0,0,0,2,2,0,0,2,0,0,0,0,0,0,2,0,0,0,0,0,0,0,0,0,0,0,0,0,0,0,0,2,0,0,2,0,0,0,2,0,0,0,2,0,0,0,0,0,2,0,0,0,0,0,0,2,0,0,0,0,0,0,0,0,0,0,0,0,2,0,2,2,0,0,2,2,0,2,0,2,2,0,2,2,2,0,0,0,2,0,0,0,2,0,0,2,0,0,0,0,0,0,2,0,2,2,0,0,0,0,2,2,0,2,2,2,0,0,0,0,0,0,0,0,0,0,0,0,0,0,0,0,0,0,0,0,0,0,0,0,0,0,2,0,0,2,0,0,2,0,0,2,0,0,0,0,0,0,0,0,0,0,0,0,2,0,0,0,0,0,0,0,2,2,0,0,0,0,0,0,0,0,0,0,0,0,0,2,0,0,NA,0,0,0,0,0,2,2,0,0,0,0,0,0,2,0,0,2,0,0,2,0,0,0,0,2,2,0,0,2,0,2,0,0,2,2,0,0,0,0,2,0,2,0,0,0,0,0,0,0,0,0,0,0,0,2,0,0,0,0,0,0,0,0,0,2,2,0,0,0,0,0,2,0,2,0,0,2,0,2,0,2,0,0,0,0,0,2,0,0,0,0,0,0,0,2,0,0,0,0,0,2,2,0,2,0,0,0,0,0,2,0,2,2,0,0,2,2,2,0,0,0,2,0,0,0,0,0,0,0,2,0,0,2,2,0,0,2,0,2,2,0,0,0,0,0,0,0,0,2,0,0,0,0,0,0,2,0,2,0,2,2,2,0,2,2,0,2,2,0,2,0,2,2,2,0,0,2,2,2,2,2,2,0,2,0,2,2,0,0,0,0,0,0,2,2,0,2,0,0,0,0,0,2,2,0,0,0,0,0,2,0,2,2,0,0,0,0,0,0,0,0,2,0,0,0,0,0,0,0,0,0,0,0,2,0,0,0,0,0,0,0,0,0,0,0,0,0,0,0,0,0,2,0,0,0,0,0,0,2,0,0,0,0,0,0,0,0,0,0,0,0,0,0,0,0,0,0,0,0,0,0,0,0,0,0,0,0,0,0,0,0,0,0,0,0,2,0,0,0,0,0,0,2,0,2,0,0,0,0,2,0,2,0,0,0,0,0,0,0,0,0,0,0,0,0,0,0,0,2,0,0,0,0,0,0,2,2,0,0,2,2,0,0,0,0,2,0,0,0,0,0,0,0,0,2,2,0,0,2,0,0,0,0,2,2,0,0,2,0,2,0,2,0,0,0,0,0,0,0,0,0,0,0,0,0,0,2,0,0,0,0,0,0,0,2,0,0,2,0,0,2,0,0,0,0,2,0,0,0,0,0,2,2,0,0,0,0,2,0,2,0,2,0,0,2,0,0,0,2,0,2,0,0,0,0,0,0,0,0,0,0,0,0,2,2,0,0,0,0,0,0,0,0,0,0,0,0,0,0,0,0,0,0,2,0,0,0,0,0,0,0,2,0,0,0,0,0,0,0,0,0,0,2,0,0,0,2,0,0,0,0,0,0,NA,2,2,0,2,0,0,0,2,0,0,0,2,0,0,2,0,0,2,0,0,0,0,0,2,2,0,2,0,0,0,0,0,0,2,0,0,0,0,0,0,0,0,0,0,0,0,0,0,0,0,0,0,0,0,0,0,0,0,0,0,2,0,0,0,0,2,0,0,0,0,0,0,0,0,2,0,0,0,0,0,0,0,0,2,0,0,0,2,0,0,0,0,0,0,0,0,0,0,2,0,0,0,0,0,2,2,0,0,2,0,0,0,0,0,0,0,0,2,0,0,0,0,2,2,0,0,0,0,0,0,2,0,0,0,0,0,0,0,0,0,2,2,0,2,2,0,0,0,0,0,2,0,2,0,0,0,0,0,0,0,0,2,0,0,0,0,0,0,0,0,0,NA,0,0,0,0,0,0,0,0,0,2,2,0,0,0,2,0,2,2,2,0,2,0,0,2,0,2,2,0,0,0,0,0,0,0,0,0,0,2,0,0,0,0,0,0,0,0,0,2,0,0,0,0,2,0,0,0,0,0,0,2,0,0,0,0,0,0,0,2,0,0,0,0,0,0,0,0,0,2,0,0,0,2,0,0,0,0,2,2,2,0,0,0,0,0,0,0,0,0,0,2,2,0,0,2,0,0,0,0,0,0,0,0,0,0,0,0,2,0,0,0,0,0,0,0,0,0,0,2,0,0,0,0,0,0,0,0,0,0,0,0,0,2,0,0,2,0,2,2,0,0,0,0,0,2,0,0,0,2,2,0,2,2,0,2,0,0,2,0,0,0,0,0,2,2,0,0,0,0,0,0,2,0,0,0,0,0,0,2,2,0,0,0,0,0,0,0,0,0,0,0,0,0,0,2,2,0,0,0,0,0,0,0,0,0,2,0,0,0,0,0,0,0,0,2,2,0,0,0,0,0,0,0,0,0,2,0,0,0,0,0,0,0,2,2,2,0,0,2,0,0,0,0,0,2,0,2,0,2,0,2,2,0,0,0,2,2,0,NA,2,0,0,0,0,0,2,2,2,0,0,0,0,0,0,0,2,0,0,2,0,0,0,0,2,0,0,0,0,0,0,0,2,0,0,0,2,0,0,0,0,0,0,0,0,0,0,0,0,0,0,0,0,0,0,2,0,2,0,0,0,0,0,0,0,0,0,0,0,2,0,0,2,2,0,0,0,0,0,0,0,0,0,2,0,0,0,0,2,0,2,0,0,0,2,2,2,2,2,0,0,0,0,0,0,0,0,0,0,2,0,2,2,2,2,0,0,0,0,0,0,0,0,0,2,0,0,0,0,0,0,2,0,0,0,0,0,0,0,2,0,0,0,0,2,2,2,0,2,2,0,0,0,0,0,0,0,0,0,0,2,0,0,0,0,0,0,0,2,2,0,0,0,2,2,2,2,0,0,0,0,0,0,0,0,0,0,2,2,0,2,0,0,2,0,0,0,2,0,0,2,0,NA,0,0,0,0,0,0,2,2,2,2,2,2,0,2,0,0,0,0,0,0,0,0,0,0,0,2,0,0,2,2,0,0,0,0,0,0,0,0,0,2,0,0,0,0,0,2,0,0,0,0,0,2,0,2,0,0,2,0,0,0,2,0,0,0,0,2,2,2,0,0,0,2,0,0,2,0,0,0,0,0,0,0,0,0,0,2,0,0,0,0,2,0,0,0,0,0,0,0,0,0,0,0,0,0,2,0,0,2,0,0,0,2,0,2,0,0,2,0,0,0,0,0,0,0,2,0,0,0,0,0,2,0,0,0,2,0,0,0,0,2,0,0,0,2,0,0,2,0,0,0,0,0,0,0,0,0,0,0,0,0,0,0,0,0,0,2,0,0,0,0,0,2,0,0,0,0,0,0,2,0,0,0,0,0,0,0,0,0,0,0,2,0,2,2,0,0,0,0,0,0,2,0,0,0,2,0,0,0,0,0,0,2,0,0,0,0,0,0,0,0,0,0,0,0,0,0,0,2,0,0,0,0,2,2,0,0,2,0,0,0,0,0,0,0,0,0,0,0,0,2,0,0,2,0,2,0,0,2,2,2,0,0,0,0,2,0,0,2,0,2,2,0,0,0,NA,0,2,0,0,0,0,0,0,0,0,2,0,0,0,0,0,0,2,0,0,0,0,0,0,0,0,0,0,0,2,0,0,0,2,0,0,0,0,0,0,0,0,0,2,0,0,0,0,0,0,0,0,0,2,2,0,2,0,0,0,2,0,0,0,0,2,0,0,0,0,2,0,0,0,0,0,0,0,0,0,0,0,0,0,0,0,0,0,0,0,0,2,2,0,0,0,2,0,0,2,0,0,0,0,0,0,2,2,0,2,0,0,2,0,0,2,2,0,0,0,2,0,0,0,0,0,2,0,0,0,0,2,2,0,0,0,0,0,0,0,0,0,2,2,0,0,0,0,0,0,0,0,0,2,0,0,0,0,0,0,0,0,2,2,2,0,2,0,2,2,0,0,2,2,0,0,2,2,2,2,0,2,2,2,0,0,0,0,0,0,0,2,0,2,0,0,2,2,0,0,0,0,2,0,0,0,2,0,0,0,0,0,2,0,2,0,0,0,0,0,2,2,0,0,0,0,0,0,0,0,0,0,0,2,0,0,0,0,0,0,0,2,0,0,0,0,0,0,0,0,0,0,0,0,0,0,2,2,0,0,0,0,0,0,2,0,0,0,0,2,0,0,0,0,0,0,2,2,0,0,0,0,0,0,0,0,0,0,0,2,0,0,0,2,0,0,2,0,0,2,0,0,0,0,0,0,0,0,0,0,0,0,0,0,2,0,0,0,0,0,0,0,2,0,0,0,0,0,0,0,0,0,0,0,2,0,0,0,0,0,0,2,0,0,0,0,0,0,2,0,0,0,0,0,0,0,0,0,0,2,0,0,0,2,2,0,2,0,0,0,0,0,0,0,2,0,0,0,0,0,0,0,2,0,0,0,0,0,2,0,0,0,0,0,0,0,2,0,0,0,0,0,0,0,0,0,0,0,0,0,0,0,0,0,0,0,2,0,0,0,0,0,0,0,0,0,0,0,0,0,0,2,0,0,0,0,0,0,0,0,0,0,0,0,0,NA,0,0,0,0,0,0,0,0,0,0,0,0,0,0,0,0,2,0,0,0,0,0,0,0,0,0,0,0,2,0,0,0,0,0,0,0,0,0,0,0
"CC10",0,2,0,0,2,0,0,2,0,0,0,0,0,0,0,2,0,0,2,0,2,0,0,0,2,0,0,0,0,0,0,2,0,0,0,2,0,0,0,2,0,0,0,0,0,0,0,2,0,0,0,0,0,0,0,0,2,0,0,0,0,0,0,0,2,0,0,0,0,0,0,0,0,0,0,0,0,0,0,0,2,0,0,0,0,0,0,0,0,0,2,0,0,0,0,0,0,0,0,0,0,0,0,0,0,2,0,0,0,0,0,2,0,0,0,0,2,0,0,0,0,0,0,0,0,0,2,0,0,0,2,0,0,0,0,0,0,0,0,0,0,0,2,0,2,0,0,0,0,0,2,0,0,0,0,0,0,0,0,2,0,0,0,0,0,0,0,0,2,0,0,0,0,0,0,0,0,0,2,2,0,0,0,0,2,0,0,0,0,2,0,0,2,0,0,0,0,0,0,0,NA,0,0,2,0,0,0,0,0,0,0,0,0,0,0,2,0,0,0,0,2,0,0,0,0,0,0,2,0,0,2,0,0,2,0,0,0,0,0,0,2,0,0,0,0,2,0,0,0,2,0,2,0,0,0,0,0,2,0,0,0,0,0,0,2,0,2,0,0,0,0,0,0,2,0,0,0,0,0,0,0,0,0,0,0,0,0,0,0,0,0,0,0,0,0,0,0,0,0,0,0,0,0,0,0,0,0,2,0,0,0,0,0,0,0,0,0,0,0,0,0,0,2,0,0,0,0,0,0,0,0,2,2,0,0,2,0,0,0,0,0,0,0,2,0,0,0,0,0,0,0,0,0,2,0,0,0,2,0,0,0,0,0,0,0,0,0,0,0,0,0,0,0,0,0,0,0,0,0,0,0,0,2,0,0,0,0,0,2,0,0,0,0,2,2,2,2,0,0,0,0,0,0,0,0,0,0,0,0,0,0,2,0,0,0,2,0,2,0,0,0,2,2,0,2,0,0,2,0,0,0,0,0,0,0,0,0,0,0,0,0,0,0,0,0,0,0,0,0,0,0,0,0,0,0,0,2,2,0,0,0,2,0,0,0,0,0,0,0,0,0,2,0,0,0,0,0,0,0,0,0,0,0,0,0,0,0,0,0,0,0,2,0,2,2,2,0,0,0,0,0,0,2,0,0,0,0,0,2,0,0,0,0,0,0,0,2,0,0,2,0,0,2,0,2,2,0,2,0,0,0,2,0,0,0,0,2,2,0,2,0,0,0,0,0,0,0,2,0,2,0,0,0,2,0,0,0,0,2,2,0,0,0,2,2,0,2,2,0,0,0,0,0,0,0,2,0,0,0,0,2,2,0,2,0,2,0,0,0,0,2,0,0,0,0,0,2,0,0,2,0,2,0,2,2,2,2,2,2,0,0,0,0,0,0,0,2,0,0,0,2,0,0,0,0,2,0,0,2,0,0,0,0,0,0,0,0,0,0,2,0,2,2,0,0,0,0,0,0,2,0,0,0,0,0,0,2,0,0,0,2,0,0,0,0,2,0,0,0,0,0,0,0,0,0,2,0,0,0,0,0,NA,2,0,0,0,0,0,2,0,0,0,0,0,0,0,2,0,0,0,0,0,0,NA,0,0,0,0,2,0,0,2,0,0,0,2,0,0,0,2,2,0,0,2,0,0,0,0,0,2,0,0,0,0,0,0,0,0,0,0,0,0,0,2,0,0,2,2,2,0,0,0,2,2,0,0,0,0,0,0,0,0,0,0,0,2,0,0,2,2,0,2,0,0,0,0,0,0,0,0,0,0,0,2,0,0,0,2,2,0,2,2,0,0,2,2,0,0,2,0,0,0,0,0,0,0,0,2,0,0,0,0,0,0,2,0,2,0,0,2,2,2,2,2,0,0,2,2,0,2,0,0,0,0,NA,2,0,2,0,2,2,2,2,0,0,0,0,0,0,0,2,2,2,0,0,0,0,2,2,0,2,2,2,0,2,0,0,0,0,0,0,0,0,2,2,0,0,0,2,0,0,0,0,0,0,2,0,0,0,2,0,0,0,0,2,2,2,0,0,0,0,0,2,0,0,0,0,2,0,NA,0,0,0,0,0,0,0,0,0,0,2,NA,NA,2,0,2,0,2,0,0,2,2,0,2,2,0,0,0,0,0,2,2,0,2,0,0,0,0,2,0,2,2,2,2,0,0,0,0,0,0,0,0,2,0,0,0,0,0,0,2,0,0,0,0,0,0,0,0,2,2,0,0,0,0,0,0,2,0,0,0,0,0,0,0,0,2,0,0,0,0,0,2,0,0,0,0,0,2,2,0,0,0,0,0,2,2,0,0,0,2,0,0,0,0,2,0,0,0,0,0,0,0,0,0,0,0,2,0,2,0,0,0,0,0,0,2,0,0,0,0,0,0,0,0,2,0,2,2,0,0,0,0,0,0,0,0,0,2,0,2,0,0,2,2,NA,0,2,2,0,0,0,0,2,0,0,2,2,2,0,0,0,0,0,0,0,0,0,0,0,0,0,0,0,0,0,0,0,0,0,0,0,0,0,0,0,0,0,2,0,0,0,0,0,0,0,0,0,2,0,0,2,0,2,0,0,0,0,0,0,0,0,0,0,0,0,0,0,0,0,0,0,0,0,0,0,0,0,0,0,2,2,2,0,0,2,0,0,2,0,0,0,0,0,0,0,2,0,0,0,0,0,0,0,0,0,0,0,2,0,0,0,2,0,0,0,2,0,0,0,2,2,0,0,0,0,0,0,0,0,0,0,0,0,0,0,0,0,0,0,0,0,0,0,0,0,0,0,0,0,2,0,2,0,0,0,0,0,0,0,0,0,0,0,0,0,0,0,0,0,0,0,0,0,0,2,2,0,0,0,0,0,0,0,0,2,0,2,0,0,0,0,2,0,0,0,0,0,0,0,0,2,0,0,0,2,0,0,0,0,2,0,0,2,0,0,2,0,0,2,0,0,0,2,0,0,0,2,0,0,0,2,0,0,0,0,0,2,0,2,2,0,0,0,0,0,2,0,0,2,0,0,2,0,0,0,0,0,0,0,0,0,2,2,2,2,0,0,2,0,0,2,0,2,2,2,0,0,0,0,0,0,0,2,2,0,0,2,0,0,0,0,2,0,2,0,0,0,0,0,0,0,2,0,0,2,0,0,0,0,2,0,0,0,2,0,0,2,0,2,0,2,0,0,2,0,0,0,0,2,2,0,0,0,0,0,0,0,0,0,0,0,0,0,0,0,0,0,0,0,0,2,0,2,0,0,0,0,0,0,0,0,0,0,0,0,0,0,0,2,0,0,0,0,0,0,0,0,0,0,2,0,0,0,0,0,0,0,0,0,0,0,0,0,0,2,0,0,2,2,2,0,0,0,0,0,0,0,2,0,2,2,0,0,0,0,0,0,0,0,0,2,0,0,0,0,0,0,0,0,0,0,0,2,2,0,2,0,0,0,0,0,0,0,2,0,0,0,0,0,2,0,0,0,0,2,0,2,0,0,0,0,0,0,0,0,2,0,0,0,0,2,0,0,0,0,2,2,0,0,0,0,0,0,2,2,2,0,0,0,2,0,2,2,0,0,0,0,0,0,0,2,0,0,2,0,2,0,0,0,2,0,2,0,0,0,0,2,0,0,0,0,0,0,0,0,0,0,0,0,0,2,0,2,0,0,0,0,0,0,2,0,0,0,0,0,0,0,0,2,0,0,2,2,0,0,2,0,2,0,0,0,2,0,0,2,0,0,0,0,0,0,0,0,0,0,0,0,0,0,0,0,2,0,0,2,0,0,0,0,0,0,0,0,0,0,0,0,0,2,2,2,0,0,0,0,0,0,0,2,2,0,0,2,0,0,2,2,0,0,0,2,0,0,0,0,2,0,0,0,0,2,0,0,2,0,0,2,0,0,2,0,0,0,0,0,0,0,0,2,0,2,0,0,0,0,0,0,0,0,0,0,0,0,0,0,0,0,0,0,0,2,0,2,0,0,2,0,0,0,0,0,2,0,0,2,2,0,0,0,0,0,0,0,0,0,0,0,0,0,0,0,0,0,0,0,0,0,0,0,0,0,0,0,0,0,0,0,0,0,0,0,0,2,0,0,0,0,0,0,0,0,0,0,0,2,0,0,0,0,0,0,0,0,0,0,0,0,0,0,0,0,2,0,0,0,0,0,2,0,0,0,0,2,0,0,0,0,0,0,0,0,0,0,0,0,0,0,0,0,0,0,0,0,0,2,0,0,0,0,0,NA,0,0,0,0,0,0,0,0,0,0,0,2,0,0,0,0,0,0,0,0,0,0,0,2,0,0,0,0,0,0,0,0,0,0,0,0,0,0,2,2,0,2,0,0,0,0,2,0,0,0,0,2,0,0,0,2,0,0,0,0,0,2,0,2,0,0,0,0,0,0,0,0,0,0,0,0,0,0,2,0,2,0,2,0,0,0,0,0,0,0,0,0,0,2,2,0,2,0,0,0,0,0,0,0,0,0,2,0,0,2,2,0,0,2,0,0,0,0,0,0,2,0,0,0,0,0,0,0,0,0,0,0,0,0,0,0,0,2,0,0,0,0,2,0,2,0,0,0,0,0,0,0,0,2,0,0,2,0,0,0,2,0,0,0,0,0,0,0,0,0,2,0,0,0,0,0,0,0,0,0,0,0,0,2,0,0,0,0,2,0,2,2,0,0,0,0,0,0,0,0,0,0,0,2,0,2,2,0,2,2,0,2,2,0,2,0,0,0,0,0,0,0,0,0,0,0,0,0,0,0,0,2,0,0,0,2,0,0,0,0,0,0,0,2,2,0,0,0,0,2,0,0,2,0,0,0,0,0,0,0,2,0,0,0,0,0,0,2,0,0,0,2,0,2,0,0,0,0,0,0,0,2,0,0,0,0,0,0,0,0,0,0,0,2,2,0,0,0,0,0,2,0,0,0,0,0,0,0,0,2,0,0,0,0,0,0,2,0,2,2,0,2,0,0,0,0,0,0,2,0,0,0,2,0,0,0,0,0,0,0,0,2,0,0,0,0,2,0,2,2,0,0,0,0,0,NA,2,0,0,0,0,0,0,0,2,0,2,0,0,2,0,2,0,2,0,0,0,0,0,0,2,0,0,0,0,0,0,0,0,0,0,0,2,0,0,0,0,2,0,0,0,0,0,0,0,0,0,0,0,2,0,0,2,0,0,0,0,0,0,0,0,0,0,0,0,0,0,0,0,2,2,0,0,0,0,0,0,0,0,0,0,0,2,0,0,0,0,2,2,2,0,0,0,0,0,0,0,0,0,0,0,0,2,0,0,0,0,0,0,0,0,0,0,0,0,2,2,0,0,0,0,0,0,0,0,0,0,0,0,0,0,0,0,0,0,0,2,2,0,0,0,0,2,0,0,0,0,2,0,0,0,0,0,0,0,0,0,0,0,0,0,0,0,0,0,0,2,0,0,0,0,0,0,2,2,0,0,0,0,0,0,0,0,0,0,0,0,0,0,0,0,0,0,0,0,0,2,0,0,0,0,2,2,0,2,0,0,2,0,0,2,0,0,0,0,0,2,0,2,2,0,0,2,0,0,0,0,0,0,0,0,0,2,2,0,0,2,0,0,0,0,0,0,0,0,2,0,0,2,0,0,0,0,0,0,2,0,0,0,0,0,0,0,0,0,0,0,0,2,2,0,0,0,0,0,0,0,2,0,0,0,0,0,0,0,0,0,0,0,0,2,2,0,0,0,0,2,0,0,0,0,0,0,0,2,2,2,0,0,0,0,0,0,0,0,0,0,0,0,0,0,0,0,0,0,2,2,0,0,0,0,2,0,0,0,2,0,2,0,0,0,0,2,0,0,2,2,0,0,0,2,0,0,0,0,0,0,0,0,0,0,0,0,0,0,2,2,0,0,0,2,2,0,0,0,2,2,2,0,0,0,0,0,2,0,0,0,0,2,0,0,0,0,0,0,0,2,0,0,0,0,0,0,2,2,2,0,0,0,0,0,0,0,0,0,2,0,0,2,0,2,2,2,0,2,0,2,0,0,0,0,0,2,0,0,0,0,0,0,0,0,0,2,0,0,2,0,0,0,0,0,0,0,0,2,0,0,0,2,0,0,2,0,0,0,0,0,0,0,2,0,0,0,0,2,0,0,0,0,0,0,0,0,0,0,0,0,0,2,0,2,0,0,0,2,0,0,0,0,0,2,0,0,2,0,0,0,0,0,0,0,0,2,0,0,0,2,0,0,0,0,2,0,0,0,0,0,2,0,0,0,0,0,0,2,0,0,0,2,0,0,0,0,0,0,0,0,0,0,0,0,0,0,2,0,0,0,0,2,0,0,0,0,0,0,0,0,0,0,0,0,0,0,0,0,0,2,0,2,0,0,0,0,0,0,0,0,0,0,0,0,2,0,0,2,0,0,0,2,0,2,0,0,0,2,0,0,0,0,0,0,0,0,0,0,0,0,0,0,2,0,0,2,0,0,0,0,0,0,0,0,2,0,0,0,0,0,0,0,0,0,2,2,2,0,0,2,0,0,0,0,0,0,0,2,0,0,0,2,0,0,2,0,0,0,0,0,2,0,2,2,0,2,0,0,0,0,0,0,0,0,2,0,2,2,0,0,0,0,0,0,0,0,0,0,0,0,2,2,0,0,0,0,0,0,0,0,0,0,0,0,0,2,0,0,0,0,0,0,0,0,0,0,0,0,0,2,0,2,2,0,0,0,0,2,0,0,0,0,0,2,0,2,0,2,0,0,0,0,0,0,0,0,0,2,2,2,0,0,0,2,0,0,0,0,0,2,0,0,2,2,0,0,0,2,2,0,0,0,0,0,0,0,0,2,0,0,2,2,0,2,2,0,0,0,0,0,0,0,0,0,0,0,0,0,2,0,0,0,0,0,0,0,2,2,2,0,0,0,0,2,0,2,0,0,0,0,0,2,0,0,2,0,0,0,2,0,0,0,0,0,0,2,0,2,0,0,0,2,0,0,0,0,0,0,0,0,0,0,2,0,0,2,0,0,2,0,0,0,0,0,0,0,0,0,0,0,0,0,0,0,0,2,0,0,0,0,2,0,0,0,0,2,0,0,0,0,0,0,0,0,0,0,2,2,0,2,0,0,0,0,0,0,0,0,0,2,2,0,0,0,2,0,2,0,0,0,0,2,0,0,0,0,0,0,0,0,0,0,2,0,0,2,0,2,0,0,0,0,0,0,0,0,0,0,0,0,0,0,2,0,0,0,0,0,0,2,0,0,0,0,0,2,2,0,2,0,0,2,0,0,0,0,0,0,0,0,2,0,0,2,0,0,0,0,0,0,0,0,0,0,0,0,0,0,0,0,0,0,0,0,0,2,0,0,0,0,0,0,0,0,0,0,2,0,0,2,0,0,0,0,0,0,2,0,0,0,0,0,2,0,0,2,0,0,0,0,0,0,0,0,0,2,2,0,0,0,0,0,0,0,0,0,0,0,0,0,0,0,0,0,0,0,0,0,0,0,0,0,0,0,0,0,0,0,0,0,0,0,0,2,0,0,0,0,0,0,0,0,0,0,0,0,0,0,0,0,0,0,0,0,0,0,0,0,0,2,2,0,0,2,0,0,0,0,0,0,0,0,2,2,0,0,0,0,0,0,0,0,2,2,2,0,0,0,0,0,0,2,0,0,0,0,0,0,0,0,0,2,2,0,2,2,0,0,0,2,2,0,0,2,0,0,0,0,0,0,0,0,0,0,0,0,0,2,0,0,0,0,0,0,0,0,2,0,0,0,0,0,0,2,0,0,0,0,0,0,0,0,0,0,0,0,0,2,2,0,0,2,0,0,2,0,0,2,0,2,2,0,0,2,0,0,0,0,0,0,0,0,0,0,0,2,0,0,2,0,0,0,0,0,2,0,0,0,0,0,0,0,2,0,0,0,0,0,0,0,0,0,0,0,0,0,0,0,0,0,0,0,0,0,0,0,0,0,0,2,0,0,0,0,0,0,0,0,0,2,2,0,0,0,0,0,0,2,2,2,0,2,2,0,0,0,0,0,2,0,0,0,0,0,0,2,0,2,2,0,0,0,0,2,2,0,0,0,0,2,0,0,2,2,0,2,2,0,0,0,0,0,0,0,0,2,2,2,0,0,0,0,2,0,0,0,0,0,0,0,0,2,0,2,2,0,0,2,0,0,0,0,0,0,2,0,0,0,0,0,2,2,0,0,0,0,0,0,0,0,0,0,0,2,0,0,0,0,0,2,0,0,0,0,0,2,0,0,2,0,0,0,0,0,0,0,0,0,0,0,0,0,0,0,0,0,0,0,0,0,2,0,0,0,0,0,0,0,0,0,0,0,0,0,0,0,0,0,0,0,0,0,0,0,0,0,0,0,2,0,0,0,0,0,0,0,0,0,2,0,0,0,0,0,0,0,0,0,0,0,0,2,0,0,0,0,0,2,0,0,0,0,0,0,0,0,2,0,2,0,2,0,0,2,0,0,0,0,0,0,0,0,0,0,0,0,0,0,0,0,0,0,2,0,0,0,0,2,2,2,0,2,0,0,0,2,2,0,0,0,0,0,2,0,0,0,0,2,0,0,0,0,0,0,0,0,0,2,0,0,0,0,0,2,0,0,0,0,0,0,0,2,0,2,0,0,0,2,0,0,2,0,0,0,0,0,2,0,0,0,0,0,0,0,0,0,2,2,0,0,0,0,0,2,0,2,0,0,2,0,0,0,0,0,2,0,0,2,0,0,0,0,0,0,2,0,0,0,0,0,0,0,0,0,0,0,2,2,0,0,2,0,0,2,0,0,2,2,2,0,0,0,0,0,2,0,0,0,0,0,0,2,0,0,2,0,0,0,0,0,2,0,0,2,0,0,2,0,0,0,2,0,2,0,0,2,0,0,0,2,2,2,2,0,0,0,0,0,0,0,0,0,0,0,0,0,0,0,0,0,0,2,0,0,0,0,0,0,0,0,0,0,0,0,0,0,0,0,0,0,0,0,0,0,2,2,0,0,0,0,0,0,0,0,0,2,0,2,0,2,0,0,2,0,0,0,2,0,0,0,0,0,2,0,0,2,0,0,0,0,0,0,0,0,0,2,0,2,0,0,0,0,0,0,0,0,0,0,0,2,0,0,0,0,0,0,0,2,0,0,0,0,0,0,2,0,0,0,0,0,0,0,0,2,2,0,0,0,0,0,0,0,0,0,0,2,0,0,0,0,0,0,0,2,2,2,2,0,0,0,0,0,2,2,2,0,0,0,2,2,2,2,0,0,0,0,0,2,2,0,0,0,0,0,0,2,2,0,0,2,2,2,0,0,0,0,0,0,2,0,0,0,0,0,2,0,0,0,0,2,2,0,0,0,0,0,0,0,0,2,2,0,0,0,0,2,0,0,0,0,0,0,0,0,2,0,0,0,0,0,0,0,0,0,NA,0,2,0,0,2,0,0,0,2,0,0,0,0,2,0,2,0,0,0,0,0,0,0,0,0,2,2,0,0,0,0,0,NA,2,2,0,0,2,0,0,0,2,0,0,0,0,0,2,2,0,0,2,0,0,0,0,0,0,2,2,0,2,0,0,2,0,0,2,0,2,0,0,2,0,0,0,0,0,0,0,2,2,2,0,0,2,2,2,0,0,NA,0,0,0,0,0,0,0,0,2,0,0,0,2,0,0,0,0,0,0,0,2,0,0,0,0,0,2,0,2,0,2,0,0,0,2,2,0,2,0,0,2,0,0,0,2,0,0,0,0,2,0,0,0,0,0,2,0,2,0,0,0,0,0,0,2,2,0,0,0,2,2,0,0,0,2,0,2,0,0,0,0,0,2,0,0,0,0,0,0,0,2,0,2,0,0,2,0,0,2,0,0,0,0,2,2,2,2,0,0,0,0,0,2,0,0,0,0,0,0,0,0,0,2,0,2,0,2,0,0,0,0,0,0,0,0,0,0,0,0,0,0,0,0,0,2,0,2,0,0,0,0,0,0,2,2,0,0,0,0,0,2,0,0,0,0,0,0,0,0,0,2,0,0,0,0,0,0,0,0,2,2,0,0,0,0,0,0,0,0,0,2,0,0,0,0,0,0,0,0,0,0,0,0,0,0,0,0,2,2,2,2,2,0,2,0,0,0,0,0,2,0,0,0,0,0,0,0,2,0,0,2,0,0,0,0,0,0,2,0,0,2,0,0,2,0,2,0,0,0,0,0,0,2,0,2,0,2,0,2,0,0,0,0,0,0,0,0,0,2,0,2,NA,0,2,0,0,0,0,0,0,0,0,0,0,2,0,0,0,0,0,2,0,2,0,0,0,2,0,0,0,2,0,2,0,2,0,0,0,0,0,0,0,0,2,0,0,0,0,0,0,0,0,0,2,0,0,0,0,0,0,2,0,2,2,0,0,0,0,0,0,0,0,2,0,2,0,2,2,0,0,0,0,2,0,0,0,0,0,0,0,0,0,0,0,2,0,0,0,0,0,0,0,0,0,2,0,0,0,0,0,0,0,0,0,2,2,0,2,0,0,2,2,0,2,2,2,0,0,0,0,0,0,0,0,2,0,0,2,0,2,0,0,0,0,0,NA,0,2,2,0,0,0,2,2,0,2,0,0,0,0,2,0,0,2,0,2,2,0,0,2,0,0,2,0,0,0,0,0,0,2,0,0,0,0,0,0,0,0,0,0,0,2,2,0,0,0,2,0,0,0,0,0,0,0,2,0,0,2,2,0,0,0,0,0,0,0,2,0,0,0,0,2,2,2,2,0,0,0,2,2,0,0,0,0,0,0,2,0,0,0,0,2,0,0,0,0,0,0,0,0,0,0,0,0,0,2,2,0,0,0,0,0,0,0,0,2,2,0,0,0,0,2,0,2,0,0,2,2,0,2,0,0,2,0,2,0,2,2,0,0,0,0,0,2,2,0,0,2,0,0,0,2,0,0,0,0,0,0,0,0,0,0,2,0,0,0,2,2,0,0,0,0,0,0,0,0,0,0,0,2,2,0,0,0,0,0,2,0,2,0,0,0,2,2,2,0,0,0,0,0,0,0,0,0,0,0,2,0,0,0,0,2,0,0,0,2,0,0,0,0,0,0,0,0,2,0,0,0,2,0,0,0,0,0,0,2,0,0,0,0,2,0,0,2,0,0,0,0,0,0,0,0,2,0,0,0,0,2,0,0,0,0,0,0,0,0,0,0,0,0,2,0,0,0,2,2,2,0,0,0,0,0,0,2,2,2,0,0,NA,0,0,2,0,0,0,2,2,0,0,0,2,0,2,0,0,0,0,0,0,0,0,0,0,NA,2,2,0,0,0,0,0,0,0,0,2,0,0,2,0,2,0,0,0,0,0,0,2,0,0,0,0,2,2,2,0,0,0,0,2,0,0,0,0,0,0,0,0,0,2,0,2,2,0,0,0,0,0,0,0,0,0,0,0,0,0,0,0,0,0,0,0,0,0,0,0,0,0,0,2,0,0,0,0,0,0,0,0,2,2,2,2,0,0,0,0,0,0,0,0,0,0,0,2,0,0,0,0,2,2,0,0,2,0,2,0,0,2,0,2,0,0,0,0,0,0,2,2,2,2,0,0,0,0,0,0,0,0,2,0,0,0,0,0,2,0,0,0,0,0,0,0,0,0,0,0,2,2,0,0,0,0,2,0,0,0,NA,0,0,0,2,NA,0,0,0,0,0,0,2,2,0,2,0,0,0,0,0,0,0,0,2,2,0,0,0,0,0,0,2,2,0,2,0,0,2,0,2,0,0,0,2,2
"CC100",0,0,0,0,2,0,0,2,0,2,0,0,0,0,0,0,0,0,0,0,0,0,2,2,0,0,2,0,0,0,0,0,0,0,0,0,0,0,0,0,0,0,0,0,0,NA,0,0,0,0,0,0,0,0,0,0,0,0,2,0,0,0,2,0,0,0,0,0,0,0,2,0,2,0,0,0,2,0,2,0,2,0,0,0,0,0,0,2,0,0,2,2,0,0,0,2,0,0,0,0,2,2,0,2,0,2,2,0,2,2,0,0,2,0,0,0,0,2,0,0,0,0,0,2,0,0,0,0,0,0,2,0,0,2,0,0,0,0,2,0,0,2,2,0,0,0,0,0,0,0,0,0,0,0,2,0,0,0,2,0,0,0,0,0,0,2,0,0,0,0,0,0,2,2,2,0,0,2,0,0,0,2,0,0,0,0,0,0,0,2,2,0,0,0,0,0,0,0,0,0,0,0,0,2,0,0,0,0,2,0,2,0,0,0,0,0,0,0,2,0,2,0,0,0,2,0,0,2,0,0,0,0,0,0,0,2,0,0,0,0,2,0,0,0,0,0,2,0,0,0,0,0,0,0,0,0,0,2,0,0,0,0,0,0,2,0,2,0,0,0,0,2,0,2,0,2,0,0,0,0,0,0,0,0,0,0,0,0,0,0,0,0,0,0,0,2,0,0,2,2,0,2,0,2,2,0,2,0,2,0,0,0,0,0,0,0,0,2,2,0,0,0,0,0,0,0,0,0,2,0,0,0,2,0,0,2,2,0,0,0,0,0,0,0,0,0,0,0,2,0,0,2,0,0,0,0,0,0,0,0,0,0,0,0,2,2,0,0,0,0,0,2,0,0,0,0,0,0,2,0,0,0,0,0,0,2,2,2,0,0,2,2,0,0,0,0,0,0,0,0,0,0,0,2,2,2,2,0,0,2,0,0,0,0,0,0,0,0,0,0,0,0,0,0,0,0,0,0,2,0,0,0,0,0,2,0,0,2,0,2,2,0,0,0,2,2,2,2,0,0,0,2,0,0,0,0,0,2,0,2,0,0,0,0,0,0,2,0,0,0,0,0,0,2,0,2,0,2,2,2,0,2,2,0,2,2,2,0,2,0,0,0,0,0,0,0,0,2,0,2,0,0,0,0,0,2,0,0,0,2,0,0,2,0,0,0,0,0,0,2,2,0,0,0,0,2,2,2,0,0,0,0,0,2,0,2,0,0,0,0,0,0,0,0,2,0,NA,0,0,2,2,0,0,2,0,0,0,0,2,0,0,2,2,2,0,0,0,0,0,2,0,0,0,0,0,0,0,0,2,2,2,0,0,0,0,0,0,0,0,2,0,2,2,0,0,0,0,2,0,2,0,2,0,2,2,2,2,2,0,0,0,0,0,0,0,0,0,2,2,0,0,0,0,0,NA,0,0,0,2,0,0,0,0,0,0,0,0,0,0,0,0,0,2,0,2,0,0,2,0,0,0,0,0,2,0,2,2,0,2,0,0,0,0,0,0,0,2,0,0,0,0,0,2,0,0,0,0,2,0,0,0,0,0,0,0,0,0,0,0,0,2,0,0,0,2,0,0,2,2,0,0,0,0,0,0,0,0,0,2,0,0,0,0,0,0,0,0,0,0,0,0,0,0,0,0,0,0,0,0,0,0,0,0,0,0,0,0,0,0,0,0,0,0,0,0,2,0,0,0,0,0,0,0,0,2,0,0,0,2,0,0,0,2,0,0,0,0,0,0,0,0,0,0,0,0,0,0,0,0,0,0,0,2,0,0,0,0,2,0,0,0,0,2,0,0,0,2,0,0,0,0,0,0,0,0,0,0,0,0,0,0,0,0,0,0,0,0,0,0,0,0,0,2,0,0,0,0,0,0,0,2,2,0,0,0,0,2,2,0,0,0,0,2,0,0,0,0,2,0,2,0,2,0,0,2,0,0,0,0,0,0,0,0,0,0,0,0,0,0,0,2,0,0,0,2,2,0,0,0,0,0,2,0,0,2,0,0,0,0,2,0,0,0,0,0,0,0,0,2,0,0,0,0,0,2,0,2,0,0,0,0,0,0,0,0,0,0,0,0,0,0,2,2,2,0,0,0,0,0,0,2,2,0,2,2,0,0,0,2,0,0,2,0,0,2,0,0,0,0,0,0,0,0,0,0,0,0,0,2,0,0,0,2,0,0,0,0,0,0,0,2,0,0,0,0,0,0,2,0,0,0,0,0,0,0,0,0,0,0,0,2,2,2,0,0,0,0,2,0,0,2,2,0,0,0,0,0,0,0,0,0,2,0,2,0,0,0,0,0,2,0,0,0,0,0,0,0,0,0,2,2,0,0,2,0,0,0,0,0,0,0,0,0,0,0,0,0,0,2,0,0,2,0,2,0,0,0,2,2,0,0,2,0,0,0,0,0,2,0,0,2,0,2,0,0,0,0,0,0,0,0,0,2,2,0,0,2,2,0,0,0,0,0,0,0,2,0,0,0,0,0,0,0,0,0,0,0,0,0,0,2,0,0,0,0,0,0,0,2,2,0,0,0,2,2,0,0,0,0,0,2,0,2,2,0,0,0,2,0,0,0,0,0,0,0,2,0,0,0,0,0,0,0,0,0,0,0,0,0,2,2,2,0,0,0,2,0,0,2,2,0,0,0,0,0,2,0,0,0,0,0,0,0,0,2,0,0,0,0,0,2,0,0,0,2,0,0,0,0,0,0,2,0,0,0,0,0,0,0,0,2,0,0,0,0,0,2,0,0,2,2,0,0,0,0,0,2,2,0,0,0,NA,2,0,2,NA,0,0,0,0,2,2,0,0,0,0,2,0,2,0,0,0,0,0,2,2,NA,2,0,2,0,0,0,0,2,2,2,0,0,0,0,0,2,0,0,0,0,0,2,0,0,0,2,NA,NA,2,0,0,2,2,0,2,0,0,0,0,0,2,2,0,2,0,0,0,0,2,0,0,NA,2,2,0,0,0,0,0,2,0,0,0,0,0,2,0,0,0,2,0,0,2,0,0,0,0,2,0,0,0,0,0,0,0,2,0,0,2,0,0,0,0,NA,0,0,2,2,0,0,0,0,0,0,2,2,2,0,2,0,0,2,0,0,2,0,0,0,0,2,0,0,0,0,0,0,0,0,0,0,0,0,0,0,0,0,0,2,0,0,0,0,2,0,0,0,0,0,0,0,2,0,0,2,0,0,0,2,0,0,0,0,0,0,0,0,0,2,0,2,0,0,0,0,2,0,0,0,0,0,0,0,0,0,0,2,0,0,0,0,0,2,2,0,0,2,2,0,0,0,0,0,2,0,0,0,0,2,0,0,0,0,2,0,0,0,0,2,2,0,0,2,0,0,0,0,2,0,0,0,0,0,0,0,2,0,0,0,0,0,0,2,0,0,0,0,0,0,0,2,2,0,0,0,0,0,2,0,2,0,2,0,0,2,0,2,0,0,2,0,0,2,0,0,0,0,0,0,0,0,0,0,0,0,0,0,2,0,0,0,0,0,0,2,0,0,0,0,0,0,0,0,2,0,0,0,0,2,2,0,2,0,2,0,0,0,2,0,0,0,0,2,0,2,0,0,0,0,2,0,0,0,0,0,2,0,0,0,0,0,0,0,0,0,0,0,0,0,0,0,2,0,0,0,0,2,0,0,0,0,0,0,0,0,0,2,0,0,0,2,0,2,0,0,0,2,0,2,0,0,0,2,0,0,2,0,2,2,0,0,0,0,0,2,0,0,0,0,2,0,2,0,0,0,0,0,2,2,0,0,0,0,0,0,0,0,0,0,0,0,0,2,2,0,0,0,0,0,2,2,0,0,2,0,0,2,2,0,0,2,0,0,0,2,0,2,0,0,0,0,2,0,0,2,0,0,0,0,0,0,2,0,2,2,0,0,0,0,0,0,0,0,0,0,0,0,0,0,2,0,0,0,0,NA,0,0,0,2,2,0,2,2,0,0,0,0,0,0,0,0,0,0,0,0,0,0,0,0,0,2,0,0,0,0,0,0,0,0,0,0,0,0,0,0,0,0,0,0,0,0,0,2,0,0,0,0,2,0,0,0,0,0,0,0,0,2,2,0,2,0,0,2,0,2,0,2,2,0,0,0,0,0,0,0,0,0,2,0,2,0,2,0,0,0,0,0,2,0,0,0,0,0,0,2,0,0,2,0,0,0,0,0,0,0,2,0,0,0,0,0,0,0,0,0,0,0,0,0,0,0,0,2,0,2,0,0,0,0,0,0,0,0,0,2,0,0,0,0,0,0,0,0,0,0,0,0,2,2,0,2,0,0,0,0,0,0,0,0,0,0,0,0,0,2,0,0,0,0,0,0,2,0,0,0,0,2,2,0,0,0,0,0,0,0,0,2,0,0,0,2,2,0,0,0,0,0,0,0,0,2,0,0,NA,0,2,2,0,2,0,2,0,0,2,0,0,0,0,0,0,0,0,0,0,2,0,2,0,0,2,0,0,0,0,0,0,0,0,0,0,0,0,2,2,0,0,0,0,0,2,0,0,0,2,0,0,0,0,0,0,0,0,2,0,0,2,0,2,0,0,0,0,0,2,0,0,0,0,0,0,2,2,0,0,0,0,0,2,0,0,0,0,2,2,0,2,0,0,0,0,0,0,0,0,0,0,0,0,2,0,0,0,0,0,2,0,2,0,2,2,0,2,0,0,0,2,2,0,2,0,0,0,0,0,0,0,0,0,0,0,2,0,0,0,0,0,2,2,0,0,0,2,0,2,0,0,2,0,0,0,2,0,2,0,0,2,0,0,0,2,2,0,2,0,2,0,0,2,0,0,0,0,0,2,2,0,0,2,0,0,0,0,0,0,0,0,2,0,0,0,0,2,0,0,0,2,2,2,0,0,2,0,0,2,0,0,0,2,2,2,0,0,0,2,0,0,0,0,0,0,0,2,0,2,2,0,0,0,0,0,0,0,0,0,2,2,2,0,2,0,0,0,0,0,2,0,0,2,0,0,0,0,2,0,2,2,0,0,0,2,0,2,2,2,0,0,0,0,0,0,0,2,2,2,0,2,2,0,2,0,0,2,0,0,0,0,0,0,0,0,0,0,0,0,0,0,0,0,0,2,0,2,0,0,0,0,0,0,0,0,0,0,2,2,0,2,2,0,2,0,0,0,0,2,0,0,2,2,0,0,0,0,0,0,0,0,0,0,0,0,2,2,2,0,0,2,0,0,2,0,0,2,0,0,0,0,0,0,2,0,0,0,2,0,0,0,0,0,0,0,0,0,0,0,0,0,0,0,0,0,0,0,0,0,0,0,0,0,0,0,0,0,0,0,0,0,0,0,0,0,0,0,0,0,0,0,0,0,0,0,0,0,0,0,0,0,2,0,0,0,0,0,2,0,2,0,0,0,0,0,0,0,0,0,0,0,2,0,0,2,0,2,0,0,2,0,2,2,2,2,2,0,0,0,0,0,0,2,0,2,0,0,0,0,0,0,2,0,0,0,2,0,0,0,0,2,0,0,0,2,0,0,0,0,0,0,0,0,2,0,0,0,0,0,NA,0,0,0,0,2,0,2,0,0,0,0,2,2,2,0,0,0,0,2,0,2,0,0,0,0,0,0,0,2,0,2,0,0,0,0,0,0,0,2,0,0,0,0,0,0,0,0,2,0,0,0,2,0,0,2,0,0,0,0,0,0,0,2,0,0,0,0,0,0,0,0,0,0,0,0,2,2,0,0,0,0,2,0,0,0,0,0,0,0,0,0,0,0,0,0,0,0,0,0,0,0,0,0,0,2,0,0,0,0,0,2,0,0,0,0,0,0,0,0,0,0,2,0,0,0,2,0,0,0,0,2,0,0,2,0,0,0,2,0,0,0,0,2,0,0,0,0,0,0,0,2,2,0,0,0,0,2,0,0,0,0,0,0,0,0,0,0,0,0,0,0,0,0,0,0,2,0,2,0,0,0,2,2,0,0,0,0,0,0,0,0,2,2,0,0,2,0,0,2,0,0,0,0,0,0,2,0,0,0,0,0,0,2,0,2,0,2,0,0,2,0,0,0,0,0,0,0,0,0,0,0,2,0,2,0,0,0,0,0,2,2,0,0,0,0,2,0,0,0,0,0,0,0,0,0,0,0,2,2,2,0,2,0,0,0,0,0,0,0,0,0,2,0,0,0,0,0,0,0,2,0,2,0,0,0,2,0,0,0,0,0,2,0,0,0,2,0,0,0,2,0,0,0,0,0,0,0,0,0,0,0,0,0,0,0,0,2,0,0,0,0,0,0,0,0,2,0,0,0,0,0,0,2,2,0,2,0,0,0,0,2,0,0,0,0,0,2,0,2,2,0,0,2,0,0,2,0,0,0,0,0,2,0,0,0,0,0,0,0,0,0,0,0,0,0,0,0,0,2,0,0,0,0,0,0,0,0,0,0,2,0,0,0,0,0,0,0,0,2,0,0,0,0,2,0,0,0,0,2,2,0,2,0,0,2,0,2,0,0,0,2,2,0,0,0,0,2,0,0,2,2,0,0,0,2,0,0,0,0,2,0,0,0,0,0,0,0,0,0,0,0,0,0,0,0,0,0,0,0,0,0,0,0,2,2,0,0,0,0,0,0,0,0,2,0,0,2,2,0,2,2,2,0,0,2,2,0,0,2,0,0,0,0,0,2,0,0,0,0,2,0,2,0,0,0,0,2,2,2,0,0,2,0,0,0,0,0,0,0,2,0,0,0,0,0,0,2,2,0,0,0,0,0,0,0,0,0,0,0,0,0,0,0,0,2,0,0,2,2,0,0,0,0,0,0,0,2,0,0,2,2,NA,0,0,0,0,0,0,0,0,0,0,0,0,2,0,0,0,NA,0,0,0,0,0,2,0,0,0,0,0,0,0,0,0,0,0,0,0,0,2,0,0,0,0,0,0,2,0,0,0,0,0,0,0,0,2,2,0,0,0,0,0,2,0,0,0,2,2,0,2,0,2,0,2,0,0,0,0,0,0,0,0,0,0,0,2,2,0,0,0,0,0,0,0,0,0,0,0,0,0,0,0,2,0,0,2,0,2,0,0,0,0,2,0,0,0,2,2,0,0,0,0,0,0,2,0,0,0,0,0,0,0,2,0,0,0,0,0,0,2,2,0,2,0,0,0,0,0,0,0,0,0,2,0,2,0,0,2,0,0,0,2,0,0,0,0,0,0,0,0,2,0,0,0,2,0,0,0,2,0,0,0,0,0,0,0,0,0,0,0,0,0,0,0,0,0,0,0,0,0,0,0,0,0,0,0,0,2,0,0,0,0,0,0,0,0,0,0,0,0,0,0,0,0,0,0,0,0,0,0,0,0,0,0,0,0,0,0,0,0,0,0,0,0,0,0,0,0,2,0,0,0,0,0,0,0,0,0,0,0,0,0,0,0,0,0,0,2,0,2,0,0,2,2,0,0,0,0,0,0,0,0,0,0,0,2,0,0,0,0,0,0,0,0,0,0,0,2,0,2,2,0,0,0,2,2,0,0,0,0,0,0,0,0,0,0,NA,0,0,0,0,0,2,0,0,0,0,2,0,0,0,0,0,0,0,0,0,0,2,0,0,0,0,0,0,0,2,0,2,0,0,2,0,2,0,0,0,0,0,0,0,0,0,0,0,0,0,0,0,0,0,0,0,0,0,0,0,0,0,0,0,0,0,0,2,0,0,0,0,0,0,0,0,2,0,0,0,0,0,0,2,0,0,0,2,0,0,0,0,0,0,0,0,0,0,2,0,0,0,0,0,0,0,2,0,0,0,2,0,0,0,0,0,0,0,0,0,2,0,0,0,0,0,0,0,0,0,0,0,0,0,0,0,0,0,0,0,0,0,0,0,0,0,0,0,0,0,0,2,0,2,2,2,0,2,2,0,0,0,0,0,0,0,0,0,0,0,0,2,2,2,0,0,0,0,0,0,2,2,NA,0,0,0,0,0,0,2,0,0,0,0,0,0,0,0,0,0,0,0,0,0,0,0,0,0,0,0,0,0,0,0,0,0,0,0,0,0,0,0,0,0,0,0,0,0,0,0,0,0,0,0,0,0,0,2,0,0,2,0,0,0,0,0,0,0,2,2,0,0,0,0,2,0,0,0,0,2,0,0,0,2,0,0,0,0,0,0,0,0,2,0,0,0,0,0,0,0,0,2,0,2,0,0,0,0,0,0,0,0,0,0,0,0,2,0,0,0,0,0,0,0,0,2,0,2,0,0,0,0,0,0,0,0,0,0,2,0,0,0,2,0,0,2,2,0,0,0,0,0,0,2,0,0,0,0,0,0,0,0,0,0,0,0,0,0,0,0,0,0,0,0,0,0,0,0,0,0,0,2,0,0,0,0,2,0,2,0,0,0,0,0,0,0,0,0,0,0,0,0,2,2,0,0,0,0,0,2,0,0,0,0,2,0,0,0,0,0,0,0,0,0,0,2,2,0,0,0,0,0,0,0,0,0,0,2,0,0,0,0,2,0,0,0,0,0,0,0,0,2,NA,0,0,2,0,0,0,0,0,0,0,0,0,0,0,0,2,0,0,0,0,2,0,0,0,2,0,0,0,0,2,0,0,0,0,0,2,0,2,0,2,0,2,0,2,2,0,0,0,0,2,0,0,0,2,0,0,0,2,2,2,2,0,0,0,0,0,0,0,0,0,0,0,0,0,2,0,0,0,0,0,0,0,0,0,0,2,0,0,0,0,2,0,2,0,2,0,0,0,0,0,0,2,0,0,0,0,2,0,0,0,0,2,0,0,0,0,0,0,0,2,0,0,0,0,0,0,0,0,0,0,0,0,0,0,0,0,0,0,0,0,0,2,0,0,0,0,0,2,0,0,0,0,2,2,0,2,2,0,2,0,0,0,2,0,0,2,0,0,0,0,0,0,2,0,2,2,2,0,2,2,0,2,0,0,0,0,0,0,0,0,0,0,0,2,2,2,0,0,2,0,0,0,2,0,0,2,0,0,0,0,0,2,2,0,0,0,2,0,2,0,2,0,0,0,2,2,0,2,2,0,0,0,0,0,0,0,0,0,0,0,0,0,0,0,0,0,0,0,2,0,0,0,2,0,2,0,0,0,0,2,0,0,2,0,2,0,0,0,0,2,2,0,0,0,0,0,0,0,0,2,0,0,2,0,0,0,0,2,0,0,0,0,0,0,0,2,0,0,0,0,0,2,0,0,0,0,2,0,0,0,0,2,2,0,0,0,0,0,0,0,0,2,0,0,2,0,2,2,0,0,0,0,0,0,0,2,0,0,0,0,0,0,0,0,0,0,0,0,0,2,0,0,0,2,2,0,0,0,0,0,0,2,0,0,0,0,0,0,2,0,2,2,0,0,0,0,2,NA,0,0,0,0,0,0,0,0,0,0,0,2,2,2,0,0,0,0,0,0,0,0,0,0,0,0,0,0,0,0,2,0,2,0,0,2,0,0,0,0,0,0,0,0,0,0,0,2,0,2,0,0,0,0,2,0,0,2,2,0,0,2,0,0,0,0,2,2,0,0,0,0,0,0,2,0,0,0,2,0,0,0,2,0,0,0,2,2,0,0,0,2,0,0,0,0,0,2,2,0,0,0,0,0,0,0,0,0,0,2,0,0,0,0,2,2,0,0,0,2,0,0,0,0,0,0,2,2,0,0,0,0,0,2,0,0,0,0,2,0,2,0,0,0,0,0,0,0,2,0,0,2,0,0,0,0,0,0,0,2,0,0,0,0,0,2,0,2,0,0,2,0,2,0,0,2,0,0,0,0,0,0,0,0,2,2,0,0,0,0,0,0,0,0,0,0,0,2,0,0,0,0,0,0,0,0,0,0,2,0,0,0,0,2,0,0,0,0,2,0,0,0,0,0,0,0,0,0,0,0,2,0,2,0,0,0,NA,2,0,2,0,2,2,2,2,0,0,0,2,2,0,0,2,0,0,0,0,0,0,0,2,0,0,0,0,0,0,0,0,2,0,0,0,0,0,0,0,0,0,2,0,0,2,0,0,0,0,2,0,0,0,2,0,2,0,2,0,0,0,0,0,0,0,0,0,2,0,0,0,0,NA,0,0,2,2,0,0,0,2,0,0,2,0,2,0,0,2,0,2,0,0,0,0,0,0,0,0,0,0,2,2,0,0,2,0,2,0,2,0,0,0,0,0,0,0,0,0,0,0,0,0,0,0,0,0,0,0,0,0,0,0,0,2,2,0,2,2,2,0,0,0,2,0,2,0,0,0,2,0,0,2,0,0,2,0,0,0,0,0,0,0,2,0,0,0,0,0,0,0,2,0,0,0,2,NA,0,0,2,0,0,0,0,2,2,0,0,0,0,0,0,2,2,0,2,0,0,0,0,0,0,0,0,0,0,0,0,0,0,0,0,0,0,0,0,2,0,2,0,0,0,NA,0,0,0,0,0,0,2,2,0,0,0,0,0,2,0,0,2,0,0,2,0,2,0,0,0,2,0,2,NA,2,2,0,0,0,0,2,0,0,0,0,0,2,2,0,0,0,0,0,0,0,0,0,0,0,2,0,0,0,0,0,0,2,0,0,0,0,0,0,0,0,0,0,0,0,0,0,0,0,0,0,0,0,0,0,0,2,2,0,0,0,0,2,2,0,0,0,0,0,2,0,2,0,2,0,0,0,0,0,0,0,0,0,0,0,0,0,0,0,0,2,0,0,0,0,0,2,2,0,0,0,0,0,2,0,2,0,0,2,2,0,0,2,2,2,2,2,2,2,2,0,0,0,0,2,0,2,2,0,0,0,0,0,0,0,0,0,0,2,2,0,0,0,0,0,0,0,0,0,2,0,0,2,0,0,0,0,0,2,0,0,0,2,2,0,0,2,2,0,0,0,0,0,0,2,0,0,2,0,0,0,0,0,0,2,0,0,2,0,0,0,0,0,0,0,0,0,0,2,0,0,2,0,0,0,0,2,0,2,0,0,0,0,0,0,2,0,0,0,0,0,0,2,0,0,0,0,0,0,0,0,2,0,2,0,0,0,0,0,2,0,0,2,2,0,0,0,0,0,2,0,0,0,0,0,0,0,2,2,0,0,0,0,2,0,0,0,0,0,0,NA,2,0,2,0,0,2,2,0,0,0,2,0,2,2,0,0,0,0,0,0,0,2,0,0,0,0,0,0,0,0,2,0,0,0,0,0,0,0,0,0,0,0,0,0,2,0,0,0,2,0,0,0,0,0,0,0,2,0,0,0,2,0,0,0,2,2,0,0,0,0,2,0,0,2,0,0,0,0,0,0,0,0,0,0,0,0,0,0,2,0,0,0,0,0,0,0,0,0,2,0,0,0,0,0,0,2,0,2,0,0,0,0,2,2,0,2,0,0,0,0,0,0,0,0,0,0,0,0,0,2,0,0,0,2,0,0,2,2,2,0,0,2,0,2,0,0,2,0,0,0,2,0,0,0,0,0,0,0,NA,2,2,0,0,0,0,0,0,0,0,0,0,0,0,0,0,2,0,0,0,NA,0,2,2,0,0,2,0,2,0,0,0,0,2,0,0,0,0,0,0,2,0,0,0,0,2,2,0,0,0,0,0,0,0,0,0,2,0,2,0,0,0,0,0,0,0,0,2,0,0,0,2,0,0,0,0,0,0,0,0,0,2,0,0,0,0,0,0,0,0,2,0,2,2,0,0,0,0,0,0,0,0,2,0,0,2,0,2,0,0,0,2,0,0,0,0,2,0,0,2,0,0,0,2,2,0,2,0,0,0,0,0,0,0,2,2
"CC101",0,0,0,0,0,0,0,2,NA,0,0,0,0,0,0,2,2,2,0,0,0,0,2,0,0,0,0,0,0,2,0,0,0,0,0,0,0,0,0,0,0,0,0,2,2,0,0,0,0,0,0,0,0,0,0,0,2,0,0,0,2,0,2,2,0,2,0,0,0,0,2,0,2,2,0,0,0,0,0,2,0,2,0,0,0,0,0,0,0,0,0,2,0,0,0,0,0,0,0,0,2,0,0,2,2,0,2,0,0,0,0,0,0,0,0,0,0,0,2,0,0,0,2,0,0,0,0,0,0,0,0,0,0,0,0,0,0,0,0,0,0,0,0,0,0,0,2,0,0,0,2,0,0,0,0,2,0,0,0,2,0,0,0,2,2,0,2,0,0,0,0,2,0,0,0,0,0,0,0,2,0,0,0,2,0,0,0,0,0,2,0,2,0,0,0,0,0,2,2,0,0,0,0,0,0,0,0,0,0,0,0,0,0,0,0,2,2,0,2,0,0,0,0,2,0,2,0,0,0,2,0,2,0,2,0,0,0,0,0,0,0,2,0,0,2,0,0,0,0,0,0,0,0,2,0,0,0,0,0,0,0,0,2,0,0,0,2,0,2,0,0,0,0,2,0,0,0,2,2,0,0,0,2,0,0,0,0,2,0,2,0,NA,2,0,0,2,0,0,0,0,2,0,0,2,0,0,2,0,2,0,0,0,0,0,2,0,0,2,0,0,0,0,0,0,0,0,0,2,2,0,0,0,0,0,0,2,0,0,0,0,0,2,0,0,0,2,0,0,0,0,0,0,0,0,0,0,2,0,0,0,2,0,0,0,0,0,0,0,0,0,0,0,0,0,2,0,2,0,0,2,0,0,0,0,2,0,2,2,2,0,0,2,0,0,0,0,0,0,0,0,2,0,2,0,0,0,0,0,0,2,0,0,0,0,2,0,0,2,0,0,0,2,0,0,2,0,0,2,0,0,0,0,0,0,0,0,0,0,0,0,0,0,0,0,0,2,0,2,2,0,0,0,0,0,0,0,2,0,0,0,0,2,0,0,0,0,0,0,0,0,0,2,0,0,0,0,0,0,0,0,0,0,0,0,0,0,0,0,0,0,0,0,0,0,2,2,0,0,0,0,0,0,0,0,0,0,0,0,0,0,0,2,0,0,0,0,2,0,0,0,2,0,0,0,2,2,2,0,0,0,0,2,0,0,0,0,0,0,0,0,0,0,0,2,2,0,0,2,0,0,0,0,0,0,0,0,0,2,0,2,0,0,0,2,2,0,2,2,0,0,0,2,0,0,0,2,0,0,0,2,0,2,0,2,2,0,0,0,0,0,0,0,0,0,0,0,2,2,0,2,0,2,0,2,2,2,2,2,2,0,2,0,0,2,0,NA,0,0,2,0,2,0,0,2,2,0,0,0,2,0,0,0,0,0,0,0,0,0,0,2,0,2,0,0,0,0,0,2,2,0,0,2,0,0,0,0,2,2,0,2,0,0,0,0,0,0,0,0,0,0,0,0,0,0,0,0,0,2,0,0,0,0,0,0,0,0,0,0,2,0,0,0,0,0,0,0,2,2,2,2,0,2,0,0,0,0,0,0,2,0,0,0,0,0,2,0,0,2,2,0,0,NA,0,2,0,0,2,2,0,0,2,2,0,0,0,0,0,0,0,0,0,0,0,0,0,0,2,2,2,0,0,0,2,2,0,0,2,0,2,0,2,0,0,0,0,2,0,0,2,0,2,0,0,2,0,0,2,0,0,0,0,2,0,0,0,0,0,2,2,0,0,0,0,0,0,0,0,0,0,2,0,0,0,0,0,2,0,0,2,2,0,0,0,0,0,0,0,0,2,0,0,0,0,2,0,2,0,0,0,2,0,0,0,0,0,0,0,0,0,2,0,0,0,2,0,0,2,0,0,0,2,2,0,2,0,0,0,0,0,2,0,0,0,0,2,0,0,2,0,0,0,2,0,0,0,0,2,0,0,2,0,0,0,0,0,0,0,0,0,0,0,0,0,0,0,0,0,0,0,0,0,0,0,0,0,0,0,0,0,0,0,0,0,0,0,2,0,0,0,0,0,2,2,2,0,0,0,2,0,0,0,2,2,2,2,0,0,2,0,0,2,0,0,0,0,0,0,2,0,0,0,0,0,0,0,0,2,0,0,0,0,2,0,0,0,0,0,2,0,0,0,0,0,0,0,0,0,2,0,0,0,0,0,0,2,0,0,0,0,2,2,0,0,0,2,0,2,0,0,0,0,0,0,2,0,0,0,0,0,0,0,0,0,0,0,0,0,2,0,0,0,0,2,0,0,0,0,0,0,0,0,2,0,0,2,2,0,0,0,2,0,0,0,0,0,0,2,0,2,0,0,0,0,0,0,2,0,2,2,2,0,0,NA,0,0,0,0,2,0,0,2,0,2,0,0,2,0,0,0,2,0,0,2,0,0,0,2,2,0,0,0,0,2,0,0,0,0,0,0,0,0,2,0,0,0,0,2,0,0,0,2,0,0,0,0,0,0,0,0,0,0,0,2,2,2,2,0,2,0,0,2,0,2,0,2,0,0,0,0,0,2,2,0,0,0,0,0,2,0,0,0,0,0,0,0,0,0,0,0,2,2,2,0,0,0,2,2,0,0,2,0,0,0,0,0,0,0,2,0,0,2,0,0,0,0,0,0,0,0,0,0,0,0,0,0,0,0,0,2,0,0,2,0,0,2,2,0,0,0,0,0,0,0,0,0,0,2,2,2,0,0,0,0,0,2,0,0,0,0,0,0,0,2,0,2,0,0,0,0,0,0,0,0,0,0,0,0,0,0,2,0,0,0,0,0,0,0,0,0,0,2,0,0,0,0,0,0,2,0,0,0,0,0,0,0,0,0,0,2,0,0,2,0,0,2,2,0,0,0,0,0,0,0,0,0,2,2,0,0,0,2,0,0,2,0,0,2,0,2,2,2,0,2,0,2,2,0,0,0,2,0,0,2,0,0,0,0,0,0,2,2,0,0,0,0,0,0,0,0,2,0,0,0,2,0,0,0,0,0,2,0,0,0,0,NA,0,0,0,0,0,0,0,0,2,0,0,0,0,0,0,NA,0,2,0,2,0,2,0,2,0,0,0,0,2,0,0,0,0,2,0,0,0,0,0,0,2,0,0,2,2,0,2,0,0,2,2,2,0,0,0,2,0,2,0,2,0,0,0,0,0,2,0,0,0,0,2,2,2,2,0,2,0,0,0,2,2,0,0,0,2,0,2,NA,0,0,0,0,0,2,0,2,0,2,2,2,NA,0,0,0,0,0,2,0,2,0,2,0,0,0,0,0,0,0,0,NA,0,2,0,2,0,2,2,0,0,2,0,2,0,0,0,0,0,2,0,2,0,0,2,2,0,0,2,0,0,0,0,0,0,0,0,0,0,0,0,0,0,0,2,0,0,0,2,0,0,2,0,0,2,0,2,0,0,0,0,0,0,2,0,2,0,2,0,0,2,0,2,0,0,0,2,0,2,0,0,0,0,0,0,0,0,0,0,0,0,0,0,2,2,0,0,0,0,0,2,0,0,0,2,2,0,0,0,2,0,2,2,0,0,0,0,0,0,0,0,0,0,0,0,0,0,0,0,0,0,0,0,2,2,0,0,0,0,0,2,0,0,0,0,0,0,0,2,0,0,2,2,0,0,0,0,0,2,0,2,0,0,0,0,2,0,0,2,0,0,0,0,0,2,0,0,2,0,0,0,0,0,0,0,2,0,0,2,0,0,0,2,0,0,0,0,2,0,0,2,0,2,2,0,0,0,0,0,0,2,0,2,2,2,0,0,0,0,0,0,0,0,2,0,0,0,0,0,0,0,0,0,0,0,0,0,0,0,0,0,2,0,0,0,2,0,2,0,0,0,0,0,2,0,0,0,0,2,2,2,0,2,0,0,0,0,0,0,0,0,0,2,0,0,0,0,0,0,0,0,0,0,0,0,0,0,0,0,0,0,0,0,2,0,0,0,0,0,0,0,0,0,0,0,0,0,0,0,0,0,0,0,0,0,2,0,0,0,2,2,0,2,0,2,2,2,0,0,0,0,2,2,2,0,2,0,0,0,2,2,0,0,0,0,0,0,2,0,0,0,0,0,0,2,0,0,0,0,0,2,2,0,0,0,0,0,0,0,2,0,2,0,0,2,2,0,0,0,0,2,0,0,0,2,2,0,0,0,0,0,2,0,0,2,0,0,0,0,2,0,0,0,0,0,0,0,0,0,0,0,0,0,2,2,0,0,0,0,0,0,0,0,2,0,0,0,2,0,0,0,0,2,0,0,2,0,2,2,2,0,2,0,0,2,0,2,2,0,0,2,0,0,0,0,0,0,0,2,0,0,0,2,2,0,2,0,0,0,0,0,0,0,0,0,0,2,0,0,0,0,2,0,0,0,0,0,0,0,0,0,0,2,2,0,0,0,0,0,0,0,2,0,2,0,0,0,0,0,0,0,0,2,0,0,0,0,0,0,0,0,2,0,0,0,2,0,0,0,0,0,0,0,0,2,0,0,0,2,0,2,0,0,0,0,0,0,0,0,0,0,0,0,2,0,0,0,0,0,0,2,0,0,0,0,2,2,0,0,2,2,0,0,0,0,0,0,0,0,0,2,0,0,0,0,0,0,2,0,0,0,0,0,2,0,2,0,0,0,0,0,0,0,2,0,2,2,2,2,2,2,0,2,0,0,0,0,0,0,2,2,0,0,0,2,0,0,0,0,0,2,0,0,0,0,2,0,0,0,0,0,0,0,0,0,0,0,2,2,2,0,0,0,0,2,0,0,2,0,2,0,0,0,0,0,0,0,2,0,0,2,2,0,0,0,0,0,0,0,0,0,0,0,0,0,0,0,2,2,2,2,2,0,0,0,0,0,0,0,0,0,2,0,0,0,2,0,0,0,0,0,2,2,0,0,0,2,0,0,2,0,0,NA,2,0,2,0,2,0,0,0,0,0,0,0,2,2,0,0,0,0,2,0,0,0,0,0,0,0,0,2,0,2,0,0,0,2,0,0,0,0,0,2,0,0,0,0,0,0,0,0,0,2,0,0,0,0,0,0,0,0,0,0,0,0,0,0,0,0,0,0,0,0,2,2,0,0,2,0,0,0,0,0,0,2,0,2,0,0,0,0,0,0,0,0,2,0,0,2,0,0,0,0,0,0,0,0,0,0,2,0,2,2,0,0,0,2,0,0,0,0,2,0,0,0,0,0,2,2,0,0,0,0,0,0,0,2,0,0,0,0,0,0,0,0,0,2,0,0,0,0,0,0,2,2,0,0,0,0,0,0,0,0,2,2,0,0,0,0,0,0,0,2,2,2,0,0,0,0,0,0,0,0,2,0,0,2,0,0,0,0,0,0,0,2,0,0,0,0,0,0,0,0,0,0,0,0,0,0,0,0,0,0,0,0,0,0,0,0,0,0,2,0,0,0,0,0,0,0,0,2,0,0,0,0,0,0,0,0,0,0,0,0,0,0,2,0,0,0,2,0,0,2,2,0,0,0,0,0,0,0,2,0,0,2,2,0,0,2,0,0,0,0,2,0,0,0,2,0,0,0,0,0,0,0,0,0,0,0,2,0,0,0,0,0,0,0,0,0,2,2,0,2,0,0,2,0,2,0,0,0,0,0,2,0,0,2,0,0,0,0,2,2,0,0,0,0,2,0,0,0,0,0,0,0,0,0,0,0,0,0,0,0,0,2,0,0,0,2,0,0,2,0,0,0,0,0,0,0,0,0,0,0,2,0,0,0,0,0,0,0,2,0,2,0,0,0,2,0,0,0,0,0,0,0,2,2,0,0,0,0,2,0,2,2,2,0,0,0,0,2,0,0,0,0,0,0,0,0,0,2,0,0,0,0,0,2,0,0,0,2,0,0,0,0,0,0,0,0,0,0,0,0,0,0,0,0,2,0,0,0,0,0,0,2,0,0,2,0,0,0,0,2,0,0,0,0,0,0,0,0,0,NA,0,0,0,0,0,2,0,0,0,0,2,2,0,0,0,0,0,0,2,0,0,0,0,2,0,0,0,2,0,2,0,0,0,2,0,0,2,0,0,0,0,2,0,0,0,2,0,0,0,0,2,0,0,0,0,0,2,0,0,0,0,0,0,0,0,2,0,0,0,2,0,0,0,0,0,0,2,0,0,0,0,0,2,0,0,0,2,0,0,0,0,0,0,0,0,0,2,0,0,0,0,0,0,0,0,0,0,0,0,0,0,0,0,2,0,2,0,0,0,2,0,0,2,2,0,0,2,0,0,0,0,0,0,0,0,0,0,0,0,0,2,0,0,0,0,0,0,0,0,2,0,0,0,2,2,0,2,0,0,0,0,0,0,0,0,0,0,2,2,0,0,2,0,2,0,0,2,0,0,0,0,2,0,NA,0,0,0,0,0,0,0,0,0,0,2,0,2,0,0,2,0,0,0,2,0,2,2,2,0,0,2,2,0,0,2,0,0,2,0,2,0,0,0,0,0,0,2,0,0,0,0,2,0,0,0,0,0,0,2,0,0,0,0,0,0,0,0,2,0,2,0,0,0,0,0,0,0,0,0,0,0,0,2,0,0,0,0,2,0,2,2,0,0,0,0,0,0,2,0,0,0,0,0,2,0,0,0,0,0,0,0,2,2,0,0,2,0,2,0,0,0,0,0,2,0,2,0,2,2,0,0,0,0,0,2,0,0,2,0,0,0,0,2,0,0,0,0,0,0,0,0,2,0,0,0,0,0,0,0,2,0,0,0,0,2,0,0,0,0,0,0,2,0,0,0,0,0,0,0,0,0,0,0,0,0,2,0,0,0,0,0,0,0,0,0,0,0,0,0,2,0,0,0,2,0,0,2,0,2,0,0,0,2,0,0,0,0,0,2,0,0,2,2,0,0,0,0,0,0,0,0,0,0,0,2,2,0,0,0,0,0,0,2,0,0,0,0,0,0,0,0,0,0,0,0,0,0,0,0,0,0,0,0,2,2,0,0,2,0,0,0,0,0,0,2,0,0,0,0,0,0,0,0,0,2,0,0,0,0,0,0,0,0,0,0,0,0,2,0,0,0,0,0,0,0,0,0,0,2,0,0,0,2,0,0,0,0,0,0,0,0,2,0,0,0,2,0,0,0,0,0,0,0,0,0,0,0,0,0,0,0,0,0,0,2,0,0,0,0,0,0,0,0,0,2,0,2,2,2,0,0,2,0,0,NA,0,2,0,0,0,0,0,0,0,2,0,0,0,0,0,0,0,2,0,0,2,0,0,0,2,0,0,0,0,0,0,0,0,0,0,0,0,0,0,0,0,0,0,0,0,0,0,2,2,0,0,0,0,2,0,2,0,0,0,0,0,0,0,0,0,0,0,0,0,2,0,2,0,0,0,0,0,0,0,2,0,2,2,2,2,0,2,2,0,2,2,0,0,0,0,0,2,0,2,0,2,2,0,0,2,0,0,0,2,0,0,0,0,0,0,0,0,0,0,2,2,0,0,0,0,0,0,0,0,0,2,0,0,0,0,2,0,0,0,0,0,0,0,0,0,0,0,0,2,0,2,0,0,0,0,0,2,0,0,0,0,0,0,0,2,0,0,0,0,0,0,0,0,0,0,0,0,0,0,0,0,0,0,0,0,0,0,0,2,0,2,2,2,0,0,0,0,0,2,0,0,2,0,0,0,2,0,2,0,2,2,0,0,0,0,0,0,0,2,0,0,0,0,0,0,2,2,0,0,0,0,0,0,0,2,0,0,2,0,0,0,0,0,0,0,0,0,0,0,0,0,0,0,0,0,0,0,0,0,0,0,0,0,2,0,0,0,0,0,0,0,0,0,0,0,0,0,2,0,0,2,2,0,0,2,0,0,0,0,2,0,0,0,0,0,0,0,0,2,0,2,0,0,2,2,2,2,0,0,0,2,0,0,0,0,0,2,0,0,0,0,0,0,0,0,0,0,0,0,2,2,0,0,0,0,0,0,0,0,0,2,0,0,0,0,0,0,2,2,0,0,2,0,0,0,0,0,2,0,0,2,0,0,2,2,0,0,0,0,0,2,0,2,2,0,2,0,0,0,2,0,0,2,0,2,0,2,2,0,2,2,0,0,0,0,0,0,0,2,0,2,0,0,0,0,0,0,0,0,0,0,0,0,2,0,2,0,0,0,0,0,0,0,0,0,2,0,2,2,2,0,2,0,0,0,2,2,0,2,0,0,0,0,0,0,0,2,0,0,0,0,0,2,NA,0,0,0,0,0,2,2,0,2,NA,0,0,0,2,0,0,2,2,0,0,0,0,0,0,2,2,0,0,0,0,2,0,0,0,0,0,2,0,0,2,2,0,0,2,0,2,0,2,2,2,0,0,0,0,0,0,0,2,0,2,0,2,0,2,2,0,2,0,0,0,0,0,0,0,0,2,2,0,0,2,0,2,2,0,0,0,2,2,2,0,2,2,2,0,0,0,2,0,0,0,0,0,0,0,0,0,2,0,0,2,0,0,0,2,0,0,0,0,0,0,0,0,0,0,2,0,0,0,0,2,0,0,0,0,0,0,2,2,0,0,0,2,0,0,0,0,0,2,0,0,2,0,0,0,0,0,0,0,0,2,0,2,0,0,0,0,0,0,2,2,2,0,0,0,0,0,2,0,2,0,0,2,0,0,0,2,0,0,0,2,0,0,2,0,2,0,0,0,0,0,0,2,0,0,0,0,0,0,0,0,2,0,0,0,0,0,0,0,2,0,0,0,0,0,0,0,0,0,0,0,2,2,0,0,0,0,0,2,2,0,0,0,0,0,0,0,0,0,0,0,0,0,0,2,0,0,2,2,2,0,0,0,0,2,2,2,2,2,2,0,0,0,0,0,0,0,2,0,0,0,2,0,0,0,0,0,0,0,2,0,0,0,0,0,0,0,0,0,0,0,0,0,0,0,0,0,2,2,0,0,0,0,0,0,0,0,0,2,2,0,0,0,2,0,0,2,0,0,0,0,0,0,0,0,0,0,0,0,0,2,0,0,0,0,0,0,2,0,2,0,0,0,0,0,0,2,0,2,0,0,2,0,0,0,0,0,0,0,0,0,0,2,0,0,0,2,0,0,0,0,0,0,0,0,0,2,2,0,0,0,0,0,0,2,0,0,0,0,0,0,0,2,0,0,0,2,0,0,2,0,0,0,0,0,0,0,0,2,2,2,0,0,0,0,0,0,2,0,0,0,0,0,0,0,0,2,0,0,0,0,0,2,0,0,0,0,2,0,0,0,0,0,0,0,0,0,0,2,2,0,0,0,2,2,0,0,0,2,2,0,0,0,0,2,0,0,0,2,0,2,0,0,0,NA,0,0,2,0,0,0,0,0,0,0,0,0,0,2,2,0,0,0,0,2,0,0,0,2,0,0,0,0,0,0,0,2,2,0,0,0,0,2,0,0,0,0,0,2,0,0,0,2,0,2,0,0,0,0,0,0,2,0,2,0,0,0,0,0,0,0,0,0,0,0,0,0,0,0,0,0,2,2,0,0,0,0,0,2,0,0,0,0,2,2,0,2,0,0,0,0,2,0,0,2,2,0,0,0,0,0,0,0,0,0,2,2,0,0,2,0,2,0,0,2,0,0,0,2,0,0,0,0,2,0,2,0,2,0,2,0,0,2,0,0,2,0,0,0,0,0,0,0,0,0,0,0,0,0,2,0,0,2,0,2,0,0,0,0,0,0,0,0,2,0,0,2,0,0,0,0,2,0,0,0,2,0,0,0,2,0,0,0,0,2,0,0,0,0,0,0,0,0,0,0,0,0,0,0,0,0,0,0,0,0,0,0,0,0,2,0,0,0,0,0,2,2,2,0,2,0,2,0,0,0,0,0,0,0,0,0,2,2,0,0,0,2,0,0,2,2,0,0,0,0,0,0,2,2,0,0,2,0,2,2,2,0,0,0,2,0,2,2,0,2,0,0,0,0,0,0,0,0,0,2,0,0,0,0,2,0,2,0,0,0,0,0,0,0,0,0,0,0,0,2,0,0,0,2,0,2,2,0,0,0,0,0,0,0,0,0,0,0,0,0,0,0,0,2,0,0,0,0,0,0,0,0,0,0,2,0,0,0,2,0,2,0,0,2,0,0,0,2,0,0,0,2,0,0,2,0,0,0,0,0,0,2,0,2,2,0,2,0,0,0,0,0,0,0,0,0,0,0,0,0,0,0,0,0,0,0,0,0,0,0,0,0,0,0,0,2,0,0,0,2,2,2,2,0,0,0,0,0,0,0,0,0,0,0,0,0,0,0,0,2,0,2,0,2,0,2,0,0,0,2,0,0,2,0,2,0,0,0,2,2,0,NA,0,0,0,0,0,0,0,0,0,0,0,0,2,0,0,0,0,0,0,0,0,0,0,0,2,2,2,0,0,0,0,0,2,0,0,0,0,0,0,0,0,0,0,2,0,0,0,2,2,0,0,0,0,0,0,0,0,0,0,0,0,0,0,2,0,0,0,0,0,0,0,0,0,0,0,0,0,0,2,0,0,0,2,0,0,0,2,0,0,2,2,0,0,0,0,0,0,0,0,0,0,0,2,2,0,0,0,0,0,0,2,2,0,2,0,0,0,2,0,2,0,2,0,0,0,0,0,2,0,0,0,0,0,0,0,0,0,0,2,2,0,0,2,0,2,2,0,0,0,0,0,0,0,0,2,0,2,2,0,0,2,2,2,2,0,0,0,0,0,0,2,0,0,0,2,2,0,0,0,0,0,0,0,0,0,0,2,0,2,0,0,0,0,0,0,0,0,0,0,0,0,0,0,0,0,0,0,0,0,0,2,0,2,0,0,0,0,0,0,0,0,0,2,0,0,2,0,0,0,0,0,0,0,0,0,2,0,0,0,0,0,0,0,0,0,0,0,0,0,2,0,0,2,0,2,0,0,0,0,0,0,0,0,0,0,0,0,0,0,0,0,0,0,0,0,0,0,0,2,0,0,2,0,0,0,0,0,0,0,0,2,2,0,0,0,0,0,0,0,0,0,0,0,0,0,0,0,2,0,2,0,2,0,0,0,0,0,2,2,2,0,2,0,0,2,0,0,0,0,2,0,0,0,2,2,0,0,0,0,0,0,0,0,0,2,2,0,2,2,0,0,0,0,2,0,0,0,0,0,0,0,2,2,NA,0,0,0,0,0,0,0,0,0,0,0,2,0,0,0,0,0,0,0,0,0,2,0,0,0,2,0,0,2,0,0,2,2,2,0,0,0,0,0,0,0,2,0,0,0,0,0,0,0,0,0,0,2,2,0,0,0,0,0,0,0,0,0,0,0,0,0,0,2,2,0,0,0,0,0,2,0,0,0,0,0,0,0,2,0,0,2,0,0,0,0,0,0,0,0,0,0,0,0,2,0,0,0,0,2,2,0,0,0,0,0,0,0,2,0,0,0,0,2,0,0,2,2,2,0,0,0,0,2,0,2,0,0,0,0,0,0,0,0,0,0,0,0,0,0,0,0,0,0,0,0,0,0,0,0,0,0,0,0,0,2,0,0,0,0,0,0,0,0,0,0,0,0,0,0,0,0,0,0,0,0,2,0,0,0,0,0,0,0,0,2,0,0,0,0,0,0,0,0,0,0,0,0,0,0,0,0,0,0,0,0,0,0,0,0,0,0,0,0,0,0,0,0,0,0,0,0,0,0,0,0,0,0,2,0,0,0,0,2,0,2,2,0,0,0,0,0,0,0,0
"CC102",0,0,0,0,0,0,2,0,0,0,0,0,0,0,0,2,0,0,0,0,0,2,0,0,0,0,0,2,0,2,0,0,0,0,2,2,0,0,2,0,2,0,2,2,2,0,0,0,0,0,0,2,0,2,0,0,0,2,0,2,0,0,0,2,0,0,0,0,0,2,0,0,0,0,2,0,0,2,0,2,0,0,0,0,0,2,0,0,2,0,0,0,0,0,0,0,0,0,0,0,0,0,0,0,2,0,0,2,0,0,0,2,0,0,0,NA,0,0,0,NA,0,0,0,0,0,0,0,0,2,2,0,0,0,0,0,0,0,2,2,0,0,0,0,0,0,0,2,0,0,0,2,0,0,0,0,0,0,0,0,0,0,0,0,2,2,0,0,0,2,0,0,2,2,0,0,2,0,0,2,0,2,0,0,0,2,0,0,0,0,0,0,0,2,0,0,2,0,0,0,0,0,2,0,0,0,0,0,2,0,0,0,0,0,0,0,2,0,0,2,0,0,0,0,0,2,0,0,0,2,0,0,0,0,0,0,0,2,0,0,2,0,0,2,0,0,0,2,0,0,0,2,0,0,0,0,0,2,2,0,0,2,0,0,0,0,0,0,0,0,2,0,0,0,0,0,2,2,2,2,0,2,0,0,2,0,0,0,2,0,0,0,2,2,0,0,0,0,0,0,0,0,0,0,2,0,0,2,0,2,0,2,0,2,0,2,0,0,2,0,0,0,0,0,0,0,0,0,0,2,0,0,0,0,0,0,0,0,0,2,0,0,2,0,0,0,2,0,0,0,2,0,2,0,0,0,0,0,0,2,0,0,2,0,0,0,0,0,2,0,0,0,0,0,0,0,0,0,0,0,0,0,0,0,2,2,0,2,2,0,0,0,2,0,0,0,0,0,0,0,0,2,0,2,2,0,2,0,0,0,0,0,0,0,0,0,0,0,0,0,0,0,2,0,0,0,2,0,0,0,2,2,0,2,0,0,0,0,0,0,0,0,0,0,0,0,2,0,0,2,2,2,0,0,2,2,2,0,0,0,2,2,0,0,0,2,2,0,2,0,0,2,2,2,2,0,2,0,0,0,2,0,0,0,2,0,0,2,2,0,0,0,0,0,2,0,0,2,0,0,0,0,0,2,0,0,0,0,0,0,2,0,0,2,0,0,0,0,0,0,0,0,2,0,0,0,0,0,NA,0,0,2,0,0,0,0,2,0,2,0,0,0,0,0,0,0,0,0,0,0,2,2,2,0,2,0,0,0,0,2,0,0,0,0,0,0,0,2,0,0,0,0,0,2,0,0,0,2,0,2,0,0,0,0,0,0,0,0,0,0,0,0,2,2,0,2,0,0,0,0,0,0,2,0,0,0,0,2,2,0,0,0,2,0,0,0,0,0,0,0,0,0,2,0,0,NA,0,0,0,2,0,2,0,0,2,0,0,0,0,0,0,0,0,0,0,2,0,0,2,0,0,0,0,2,0,0,0,0,0,0,0,0,2,2,0,0,0,0,2,0,2,0,0,2,0,0,0,0,0,0,0,0,0,0,0,2,0,2,0,0,0,0,0,0,0,0,0,2,0,0,0,0,2,0,0,0,0,0,0,0,0,0,0,2,0,0,0,0,2,0,0,0,0,0,0,0,0,0,0,0,0,0,0,0,0,0,0,0,0,0,0,0,0,0,0,0,2,0,2,0,2,0,0,0,0,0,0,0,0,0,2,0,0,2,2,0,2,0,0,0,0,0,0,0,0,0,0,2,2,0,0,0,0,0,0,0,2,0,2,2,0,0,0,0,2,0,2,0,0,0,0,0,0,2,0,0,0,0,0,0,0,0,0,0,0,2,0,0,2,0,0,0,2,2,0,0,0,2,0,0,0,0,0,0,0,0,0,2,0,0,0,0,2,0,0,0,0,2,0,0,2,0,0,2,0,2,0,0,0,0,0,0,2,2,0,0,0,2,2,2,2,2,0,0,2,0,0,2,0,0,0,0,0,0,2,0,2,0,0,0,2,0,0,0,0,2,0,0,0,0,0,2,0,0,0,2,0,0,0,0,0,0,2,0,0,2,2,0,2,0,2,0,0,0,0,0,0,0,0,0,2,0,0,0,0,0,2,0,0,0,0,0,0,0,0,0,0,0,0,0,0,0,0,0,0,0,0,0,0,0,0,2,0,0,0,0,0,2,0,0,2,0,0,0,0,0,0,0,0,2,2,0,0,0,0,0,0,0,0,0,0,0,2,0,0,0,0,0,2,0,0,0,0,0,0,2,2,0,0,2,0,0,2,2,0,0,2,0,0,0,0,0,0,0,0,0,0,0,0,0,2,2,0,0,2,0,0,0,2,0,0,0,0,0,0,0,0,0,0,2,0,0,0,0,0,0,0,0,0,NA,0,0,0,0,0,0,0,0,0,0,0,0,0,0,0,0,0,2,2,0,0,0,0,0,0,0,0,0,0,0,0,0,NA,0,2,0,0,2,0,0,0,0,0,0,0,0,0,0,0,0,0,0,0,0,0,0,0,0,0,0,0,2,0,0,2,0,2,0,2,2,0,0,0,2,0,0,0,0,2,2,2,0,0,0,0,0,0,0,0,0,0,0,0,0,0,2,2,0,0,0,0,0,0,0,0,0,2,0,0,0,2,0,2,0,0,0,0,0,0,2,0,2,0,0,0,0,0,0,0,0,2,2,0,0,0,2,0,0,2,0,0,0,2,2,2,0,0,0,0,0,2,0,2,0,2,0,0,0,NA,0,0,0,2,2,0,0,0,0,2,0,0,0,0,0,0,0,0,2,2,0,2,0,2,0,2,0,2,2,0,0,0,0,2,0,0,0,0,0,0,0,0,0,0,0,0,2,0,0,2,0,0,0,0,0,0,2,2,2,0,2,2,0,0,0,0,2,0,0,2,0,0,2,0,2,0,0,0,0,2,0,0,0,0,2,0,0,2,0,0,0,0,2,0,2,0,2,2,0,0,0,0,0,0,2,0,0,0,0,0,0,0,2,0,0,0,0,0,0,0,2,2,0,0,0,2,0,0,0,2,0,0,0,0,0,0,0,0,0,0,0,0,0,0,2,2,0,0,0,0,2,0,0,0,0,0,2,2,2,0,0,2,0,0,0,0,0,0,0,0,0,2,2,0,0,2,2,0,0,0,0,0,0,0,0,0,0,0,0,0,2,2,0,0,2,2,0,0,NA,0,0,0,0,NA,0,2,2,NA,2,0,2,2,0,0,2,0,2,2,0,0,0,0,0,0,2,0,0,0,0,2,0,2,0,2,0,2,0,0,0,2,0,0,0,0,0,0,0,2,0,0,0,0,0,2,0,0,0,0,0,0,0,0,0,0,0,0,2,0,0,2,2,0,0,0,0,0,0,0,0,0,2,0,0,0,2,0,2,0,0,0,0,2,0,0,0,0,0,2,0,2,0,0,0,0,0,0,0,2,0,0,0,2,0,0,0,0,0,0,0,0,0,2,0,0,0,0,2,2,2,0,0,0,0,0,0,0,0,0,0,0,0,0,0,0,0,0,2,2,0,0,0,0,0,0,0,2,0,0,0,0,0,0,0,0,0,0,2,0,0,0,0,0,0,0,0,0,0,0,2,0,0,0,0,0,0,0,0,0,2,0,2,2,0,0,0,0,0,0,0,0,2,0,0,2,NA,2,0,2,0,0,0,2,0,2,0,0,0,0,0,2,0,0,0,0,0,0,0,0,0,2,0,0,0,0,2,0,0,0,0,0,0,0,0,2,0,0,0,2,0,0,0,2,2,0,NA,2,0,0,2,0,2,2,0,0,2,0,0,2,2,0,0,0,2,0,0,0,NA,0,2,0,0,0,0,0,0,0,0,2,2,0,2,2,2,0,0,2,0,2,2,0,0,2,2,0,2,0,2,0,0,0,0,2,0,0,0,0,0,2,0,2,0,0,0,0,0,0,0,0,2,0,0,0,0,0,0,0,0,0,2,0,0,0,0,0,0,0,0,0,0,0,0,0,0,0,0,0,0,0,0,0,0,0,0,0,0,0,0,0,0,0,2,0,0,0,2,0,0,2,0,0,0,0,2,0,0,0,2,0,0,0,0,0,0,0,0,0,0,0,2,0,2,2,0,0,0,0,0,0,0,0,0,0,0,2,0,0,0,0,0,0,0,0,0,0,2,2,0,0,0,0,0,0,0,0,0,2,0,0,0,0,2,0,0,0,0,0,0,0,0,0,2,0,0,0,0,0,0,2,0,0,0,0,2,0,0,0,0,2,2,2,0,0,0,0,0,0,2,0,2,0,0,0,0,0,2,0,0,0,0,0,2,0,2,0,2,2,0,0,0,0,0,0,2,0,0,2,0,0,0,0,0,0,0,2,0,0,0,2,2,0,0,0,0,0,2,0,2,0,2,0,0,0,0,0,0,0,2,0,0,0,0,0,0,0,0,2,0,0,0,0,0,2,0,0,0,0,0,0,0,2,0,0,0,0,0,0,2,2,0,2,0,0,0,0,0,0,0,0,0,0,0,0,0,0,0,0,0,0,2,0,0,0,2,0,0,2,0,0,0,0,0,0,0,0,0,2,0,2,0,0,2,2,0,0,0,0,0,2,2,2,0,0,NA,0,0,0,0,0,2,2,0,0,0,0,0,0,0,0,0,0,0,0,0,0,0,0,0,0,0,0,0,0,2,0,0,0,0,0,0,0,0,0,2,0,0,0,0,0,0,2,0,0,0,0,2,0,2,0,0,2,0,0,0,0,0,2,2,0,2,0,2,0,0,0,2,2,0,0,0,2,0,0,0,2,2,0,2,2,0,2,0,0,0,0,0,0,0,2,0,2,0,0,2,0,0,2,0,0,0,0,0,0,0,0,0,0,2,2,0,0,0,0,0,0,2,0,0,0,0,0,0,0,0,2,0,0,0,0,0,0,2,NA,2,0,0,0,0,0,0,0,0,0,0,0,0,0,0,2,0,0,0,0,0,0,2,0,0,0,0,0,0,2,2,0,0,0,0,0,0,0,0,0,0,0,2,0,2,0,2,0,2,0,0,2,2,0,2,0,0,0,0,0,0,2,0,0,0,0,0,0,0,0,0,0,0,2,0,0,0,0,2,2,2,0,0,0,0,0,0,0,0,0,0,2,2,0,2,2,2,0,0,2,0,2,0,0,0,0,0,0,2,0,0,0,0,0,2,0,0,0,0,0,0,0,0,0,0,0,0,0,0,0,0,0,0,0,0,0,0,2,0,2,0,0,0,2,0,0,0,0,0,0,2,0,0,0,0,0,0,2,0,0,0,0,2,0,0,0,2,2,0,0,0,0,0,0,0,0,0,0,0,0,0,0,0,2,0,0,2,0,2,2,2,2,0,0,0,2,2,0,2,0,0,0,0,0,2,2,0,0,0,0,2,0,0,0,0,0,0,0,2,0,0,0,0,0,0,0,0,2,0,0,0,2,0,0,0,0,0,0,0,2,0,0,0,2,2,0,0,0,2,2,0,0,0,0,0,0,0,0,0,0,0,0,2,0,0,0,0,0,0,0,0,0,0,0,0,0,0,0,0,0,0,0,0,0,0,2,0,0,0,0,2,0,0,0,0,0,0,0,0,0,2,0,0,0,0,0,0,0,0,0,0,0,0,0,0,0,0,2,2,0,0,0,0,0,0,0,0,0,0,0,0,0,0,0,0,0,0,0,0,0,2,0,0,0,0,0,0,0,0,2,0,0,0,0,0,0,0,0,0,0,2,0,0,0,2,0,0,0,0,0,0,0,0,0,0,2,0,2,0,0,2,0,0,2,0,0,0,0,2,0,0,0,0,2,0,0,0,2,0,2,0,0,0,0,0,0,0,0,NA,2,2,0,2,0,0,0,0,0,0,0,2,0,0,2,2,NA,2,2,0,0,0,0,0,2,0,0,0,0,0,0,2,2,0,0,0,0,0,0,0,0,0,0,0,0,0,0,0,0,0,0,0,0,0,0,2,0,0,2,0,0,0,2,2,2,0,2,0,2,0,0,0,0,0,2,0,0,0,2,2,0,0,0,0,0,0,0,0,0,0,0,0,0,0,0,2,0,0,0,0,0,0,2,0,0,0,0,0,0,0,0,0,0,0,0,0,2,0,0,0,2,0,0,0,0,0,0,2,NA,0,0,0,0,0,0,0,2,0,0,0,0,0,0,0,0,0,0,0,0,0,0,2,0,0,0,0,2,2,0,0,0,0,2,0,2,2,0,2,0,0,0,0,0,0,0,2,0,0,0,0,NA,0,2,0,0,0,0,0,0,0,0,0,0,2,0,0,0,0,2,0,2,0,0,0,0,2,0,2,0,2,0,0,NA,0,2,0,2,0,0,0,0,0,2,0,0,0,0,0,0,0,0,0,0,0,0,0,2,0,0,0,0,0,0,0,2,0,2,0,2,0,2,0,0,0,0,0,0,0,0,2,0,0,2,0,2,0,0,0,0,2,0,2,0,0,0,0,0,0,0,0,0,0,2,0,2,2,0,0,0,0,2,2,2,0,0,0,0,2,0,2,2,2,0,2,0,2,0,0,0,2,0,2,2,0,0,0,0,0,0,0,0,0,0,2,0,0,0,0,0,0,0,0,0,0,0,0,0,0,0,2,0,0,0,0,0,0,0,NA,0,0,0,2,0,0,0,0,NA,0,0,0,0,2,2,0,2,0,2,2,0,0,0,0,0,0,0,0,0,0,0,0,0,0,0,0,0,0,0,0,0,0,0,0,0,0,2,0,0,2,2,0,0,0,2,0,0,0,0,0,0,0,0,2,2,0,0,NA,0,0,0,0,0,0,0,0,2,0,0,0,0,2,0,0,0,0,0,0,2,0,0,0,0,0,0,0,0,0,0,0,0,0,2,0,2,0,0,0,2,2,2,0,0,0,2,2,0,0,0,0,0,0,2,0,0,2,0,0,0,0,0,0,0,0,0,0,0,0,2,0,0,0,2,0,0,0,0,0,0,0,0,0,0,0,0,0,0,0,0,2,0,0,0,0,0,0,0,2,0,0,0,0,0,0,0,0,0,0,0,0,0,0,0,0,0,0,0,0,0,2,0,0,2,0,NA,0,0,0,2,0,0,0,0,0,2,0,0,0,0,0,0,2,0,0,0,2,0,0,0,0,0,0,0,0,0,2,0,0,0,0,0,0,0,2,0,0,0,0,0,0,0,0,0,0,0,0,0,0,0,0,0,0,0,2,0,0,0,0,0,0,2,0,0,0,0,0,0,0,0,0,0,0,2,0,0,0,0,0,0,0,0,2,0,0,2,0,0,0,0,0,2,0,0,0,0,0,2,0,2,2,0,0,0,0,0,0,0,0,2,0,0,0,0,0,0,0,0,0,0,0,2,0,0,0,0,0,0,0,0,0,0,0,0,2,0,0,0,2,0,0,2,NA,2,2,0,2,0,0,0,0,0,0,0,0,0,0,0,0,0,2,0,0,0,2,0,2,0,0,0,0,0,0,0,0,0,0,2,0,0,0,2,0,0,0,0,0,0,0,0,2,NA,2,0,0,0,0,0,2,0,2,0,2,0,0,0,0,2,0,0,2,2,2,2,0,0,0,0,0,0,0,0,0,0,2,0,0,0,0,2,0,0,0,0,0,0,0,0,0,0,0,0,2,0,0,0,0,0,0,0,0,0,0,0,0,0,2,2,0,0,0,0,0,2,0,0,0,0,0,0,0,0,0,0,2,2,0,0,0,0,0,0,2,0,0,0,0,0,0,0,0,0,0,2,2,0,0,0,2,0,0,0,0,0,0,2,2,0,2,0,0,0,2,0,0,2,0,0,0,2,2,0,0,0,2,2,0,2,0,0,0,0,2,0,0,0,0,0,0,0,0,0,0,0,2,0,0,2,0,0,2,0,0,0,0,0,0,0,0,0,0,0,2,0,2,0,0,0,0,0,NA,0,0,0,0,0,0,0,0,2,0,2,0,0,0,0,0,0,0,0,0,2,0,0,0,0,0,0,0,2,0,2,2,0,2,2,0,0,0,2,2,0,2,0,2,2,0,2,0,0,2,0,0,0,0,0,0,2,0,0,0,0,0,0,0,0,0,0,0,0,0,0,0,0,0,0,0,0,0,0,0,0,0,0,0,0,0,0,0,0,0,0,0,0,0,2,0,0,0,0,0,0,0,2,0,0,0,0,0,0,0,2,0,0,0,0,0,0,0,0,0,0,0,0,0,0,0,0,0,0,2,2,0,0,0,0,0,2,0,0,0,0,0,0,0,0,0,0,0,0,0,2,0,0,0,2,0,0,0,0,0,0,0,0,0,0,0,0,0,0,0,0,0,2,2,0,0,0,0,0,0,0,0,0,0,0,0,0,0,0,0,0,0,0,0,0,0,0,0,0,0,0,0,0,0,0,0,0,0,0,0,0,0,0,0,0,0,0,2,2,0,2,0,0,2,2,0,0,0,0,0,0,0,0,0,0,0,0,0,0,0,0,0,0,0,2,2,0,0,0,0,0,0,0,2,0,2,0,0,0,2,2,2,0,2,0,0,0,2,0,0,0,0,0,2,0,0,0,0,2,0,0,0,2,0,0,2,0,0,2,0,0,0,0,0,2,0,2,2,0,0,0,2,0,0,2,0,0,0,2,0,0,2,2,0,0,0,0,0,0,0,2,0,0,0,0,0,0,0,0,0,0,0,0,0,0,2,0,0,NA,0,2,0,0,0,0,0,0,0,0,0,0,0,2,2,0,0,0,0,0,0,0,0,0,0,0,0,0,0,0,0,0,0,0,0,0,2,2,0,0,0,0,0,0,0,0,0,2,2,0,NA,0,2,2,2,0,0,0,2,0,0,0,2,0,2,0,2,NA,0,0,0,2,0,2,0,2,0,2,2,0,0,0,0,2,0,0,0,0,0,0,0,0,0,0,0,0,0,2,0,0,0,0,0,0,0,0,0,0,0,0,0,0,0,2,2,0,0,0,0,0,0,0,0,0,0,0,0,0,0,0,0,0,0,0,0,0,0,0,0,0,0,0,0,0,0,0,0,0,0,0,2,0,0,0,0,2,2,0,0,0,2,0,0,0,0,2,2,0,0,0,2,0,2,0,0,0,0,2,0,2,0,0,0,0,2,0,0,0,0,2,0,0,0,0,2,0,2,2,0,0,0,0,0,0,0,0,2,0,0,2,0,0,0,0,0,0,0,0,0,0,0,0,2,2,0,0,2,2,0,0,0,0,0,0,0,2,2,0,0,2,0,0,0,0,0,0,0,0,0,2,0,0,0,0,0,0,0,2,0,0,0,2,0,2,0,0,0,0,0,0,0,0,0,0,0,0,0,2,0,0,0,0,2,0,0,0,0,2,2,0,0,0,2,0,0,0,0,0,0,0,0,0,0,0,0,0,2,0,0,0,0,0,2,0,0,0,0,0,0,0,0,0,2,0,2,0,2,0,2,2,0,0,0,0,0,2,0,2,0,0,2,0,0,0,0,0,2,2,0,0,0,0,2,0,0,0,0,0,0,2,0,0,0,0,0,0,0,0,0,2,0,2,2,0,0,0,2,0,0,0,0,0,0,0,0,2,0,0,0,0,0,0,0,0,0,0,0,0,0,0,0,0,0,0,0,0,0,2,0,2,0,0,0,0,0,0,0,0,2,0,0,2,0,0,0,0,0,0,0,0,0,0,0,2,0,0,0,0,0,0,2,0,0,0,0,0,0,0,0,0,2,0,0,0,2,2,0,0,0,0,0,0,0,0,0,0,0,0,0,2,0,2,0,0,0,0,0,0,2,0,0,0,2,0,0,0,2,0,0,0,2,0,2,0,0,2,0,0,0,0,2,2,0,2,0,2,0,0,2,2,2,0,0,0,0,0,2,0,0,2,0,0,0,0,2,0,0,0,2,2,0,0,0,2,0,0,0,0,0,0,0,0,0,0,0,0,0,0,0,0,0,0,0,0,0,0,0,0,0,0,2,0,0,0,0,0,0,0,2,0,2,0,0,0,0,2,0,0,2,0,0,0,0,0,0,2,0,0,2,0,0,0,2,0,0,0,0,0,0,0,0,2,0,0,0,0,0,0,2,0,0,0,2,0,2,0,0,0,2,0,0,2,0,0,2,0,2,0,0,0,0,2,0,0,0,0,2,0,0,0,0,0,0,0,2,0,0,0,0,0,0,2,2,0,0,2,0,0,0,2,0,0,2,0,2,0,0,0,0,0,0,0,0,2,0,0,0,0,2,0,0,0,2,0,0,0,0,0,0,0,0,0,0,0,0,0,0,2,0,0,0,0,0,0,0,0,0,0,0,0,2,0,2,0,0,0,0,0,0,0,0,0,0,0,2,0,0,0,0,0,0,0,0,2,0,0,0,2,0,0,0,0,0,0,0,0,0,2,0,0,0,0,0,2,0,0,0,0,2,0,0,0,0,0,2,0,0,2,0,2,0,0,0,2,0,0,2,0,0,0,0,2,0,2,0,0,0,0,0,0,2,2,2,2,2,0,0,0,2,2,0,2,0,0,2,2,2,2,0,2,2,0,2,2,0,0,0,0,0,0,0,0,0,0,0,2,0,0,0,0,0,0,0,0,0,0,0,0,0,0,2,0,0,0,0,0,0,2,0,0,0,0,2,0,0,0,0,0,0,0,0,0,0,0,0,0,0,0,0,0,0,2,0,0,0,0,2,0,2,0,0,0,0,0,2,0,0,0,0,0,0,0,0,0,0,0,0,0,0,0,0,0,0,2,0,0,0,0,2,0,0,0,0,0,0,0,0,2,0,0,0,2,0,2,0,0,0,0,2,0,0,2,2,0,0,0,0,0,0,0,NA,0,2,0,0,2,0,2,0,0,0,0,NA,0,0,0,0,0,0,2,0,0,0,0,0,0,0,0,0,2,0,2,0,0,0,0,0,0,0,0,0,0,0,0,0,0,0,0,0,0,2,0,0,2,0,0,0,0,0,2,0,0,0,2,0,0,0,2,0,0,0,0,0,0,0,0,2,0,0,0,0,0,0,0,0,0,0,0,0,0,0,0,0,0,0,0,0,0,0,0,0,0,0,0,0,2,0,0,0,0,0,0,2,0,0,0,2,0,0,0,0,0,0,0,0,0,2,0,2,0,0,2,0,0,0,0,2,2,0,0,0,0,0,0,2,0,0,0,0,0,0,0,2,0,0,0,2,0,0,0,0,0,0,2,0,0,0,0,0,2,0,2,2,0,0,0,0,2,0,0,0,0,0,0,0,2,0,0,0,2,0,0,0,0,0,0,0,2,2,0,0,0,2,0,0,2,2,2,0,2,0,2,0,2,0,0,0,0,2,0,0,0,2,0,0,0,0,0,0,0,0,0,0,0,0,0,2,0,0,0,0,0,0,0,0,0,0,0,2,0,0,0,0,0,0,0,2,0,0,0,0,2,0,0,0,0,0,0,0,0,0,0,0,0,0,0,0,0,2,0,2,0,2,0,0,0,0,0,2,2,0,2,0,0,2,0,0,0,0,0,0,2,0,0,2,0,0,2,0,0,0,0,0,0,0,2,0,2,2,2,0,0,0,0,0,0,0,2,0,0,0,0,0,0,0,0,2,0,0,0,0,0,0,2,0,0,0,0,0,0,0,2,2,0,0,0,0,0,0,0,0,0,0,0,0,0,0,0,0,0,0,0,0,0,0,0,0,2,0,0,0,0,0,0,0,0,0,0,0,0,0,2,0,0,0,0,0,2,0,0,2,0,0,0,0,0,0,0,NA
"CC103",0,0,0,0,0,0,2,0,0,0,0,0,0,2,2,0,0,0,2,0,0,2,0,0,2,0,0,0,0,0,0,0,0,0,0,0,2,0,2,0,0,0,0,2,NA,0,0,0,0,0,0,0,0,0,0,0,0,0,0,0,0,0,2,2,0,2,0,0,0,0,2,0,0,2,0,0,0,0,0,2,0,2,0,0,0,0,0,0,0,2,0,2,0,0,0,2,0,0,2,2,0,0,0,0,2,0,0,0,0,0,0,0,0,0,0,0,0,0,0,2,0,0,0,2,0,0,0,0,2,0,2,0,0,0,0,0,0,0,2,0,0,0,0,0,0,NA,0,2,2,0,0,0,0,0,2,0,2,0,2,2,2,0,2,2,2,2,0,0,0,0,0,2,2,0,0,2,0,0,2,2,2,0,0,2,0,0,0,0,0,2,2,0,0,0,0,2,0,0,2,0,0,0,0,0,0,0,0,2,0,0,0,2,0,0,0,0,0,0,2,0,2,0,0,2,0,0,0,0,0,2,0,2,0,2,0,0,0,0,0,0,0,2,0,2,2,0,0,0,0,0,0,0,0,0,0,2,0,2,0,0,0,0,2,0,0,0,0,0,2,0,0,0,0,2,0,0,0,2,2,0,0,2,0,2,0,0,0,0,0,0,0,0,0,0,2,2,0,0,2,2,0,0,0,2,2,0,0,2,0,0,0,0,0,0,0,2,0,2,0,0,0,0,0,0,2,0,0,0,0,0,0,2,0,0,0,2,0,0,2,0,0,0,0,0,0,0,0,0,0,0,0,0,0,0,0,0,0,0,0,0,0,0,0,0,0,0,0,0,0,0,0,0,0,0,0,0,0,0,0,0,0,0,2,0,2,0,2,2,2,0,0,0,0,0,0,0,0,0,0,0,0,0,0,0,0,0,0,0,0,2,0,0,0,0,0,0,0,0,0,0,0,0,2,0,2,0,0,2,0,2,0,0,2,0,2,0,0,0,0,2,2,0,0,0,0,2,0,0,0,0,0,2,0,0,0,0,2,0,0,2,0,0,2,0,0,0,0,0,0,2,0,0,0,0,0,0,0,0,0,0,0,0,0,2,0,2,0,0,2,0,0,0,0,2,0,0,0,2,0,2,0,0,2,0,0,0,0,0,2,NA,0,2,0,0,0,0,0,0,0,2,0,0,2,0,0,0,0,0,0,0,0,0,0,0,0,0,0,0,0,0,2,0,0,2,0,0,0,2,0,0,2,0,0,0,0,0,2,2,0,2,0,0,0,2,2,0,0,0,0,0,0,2,0,0,2,0,0,0,2,0,2,0,0,0,0,0,0,0,0,2,0,2,0,0,2,0,0,0,2,2,0,0,0,2,0,0,2,0,0,2,0,0,0,0,0,0,0,0,0,0,0,0,0,0,NA,2,0,0,0,0,0,0,0,0,2,0,0,0,0,0,0,2,0,0,0,0,0,2,0,0,0,0,0,0,0,0,0,0,0,0,0,0,0,0,0,2,0,0,0,2,0,0,0,0,0,2,0,0,0,0,0,0,2,0,0,0,0,2,0,0,2,0,0,2,2,0,2,0,0,2,0,2,0,0,2,2,2,0,2,0,0,2,0,0,0,0,2,0,2,0,0,2,2,0,0,0,0,0,0,NA,0,0,0,0,0,0,0,0,0,0,0,0,2,0,0,0,0,0,0,0,0,0,0,0,2,0,0,0,2,0,0,0,0,0,0,0,0,0,0,0,2,0,0,2,0,2,2,0,0,0,0,0,2,0,0,0,0,0,0,2,0,0,0,0,0,0,0,0,0,0,2,0,0,2,0,0,0,0,0,2,0,0,0,0,0,0,2,0,NA,0,0,0,0,0,0,0,0,0,0,0,2,0,0,2,2,0,2,0,0,0,0,2,0,2,0,0,0,2,0,2,0,0,2,0,2,0,0,0,2,0,0,2,2,0,2,0,0,2,0,0,2,0,0,2,0,0,0,0,0,0,2,2,0,0,2,2,2,0,0,2,0,2,2,0,2,0,0,0,0,0,0,0,0,0,2,0,0,0,0,0,2,0,0,0,0,0,0,0,2,0,0,0,0,0,0,0,2,0,0,0,0,0,0,0,0,2,0,0,0,0,0,0,0,0,2,0,0,0,0,0,2,0,0,0,0,0,0,0,NA,0,0,0,0,0,0,0,0,0,2,0,0,0,0,2,0,0,2,0,2,2,0,0,0,0,0,0,0,0,0,0,2,0,0,0,0,0,2,2,0,0,0,2,0,0,0,0,0,0,0,0,0,2,NA,2,0,0,0,2,0,0,0,0,0,0,2,0,2,0,0,0,0,0,0,2,0,0,0,0,0,2,2,2,2,0,2,0,0,0,0,0,2,2,0,2,2,2,0,2,2,2,0,0,NA,0,0,0,2,2,0,0,2,0,2,0,2,0,2,2,2,NA,0,0,0,0,0,2,0,2,0,0,2,2,0,0,0,0,2,0,0,0,2,0,2,2,0,0,0,0,0,0,2,0,0,0,0,0,0,2,0,0,0,0,2,0,0,0,0,2,0,0,0,0,2,2,0,2,0,2,2,0,0,2,0,2,0,0,0,2,0,0,0,0,0,2,0,0,0,0,0,0,0,0,0,0,0,0,0,0,0,0,0,0,0,0,0,0,0,0,0,0,2,0,0,0,2,0,0,0,0,0,2,2,0,0,2,0,0,0,2,0,0,0,0,0,2,2,0,0,0,0,0,0,0,2,0,0,0,0,0,0,0,0,2,0,0,2,0,2,0,2,0,2,2,0,0,0,0,2,0,0,0,0,0,2,0,2,0,0,0,0,0,0,0,0,0,0,0,0,0,0,0,0,0,0,0,0,2,0,0,0,2,0,0,0,0,0,2,0,2,0,0,0,2,2,0,0,0,2,0,0,2,0,0,0,0,0,2,NA,0,2,0,0,0,0,2,0,2,0,0,0,0,0,2,0,0,0,0,2,2,0,0,0,0,0,0,0,0,0,0,0,0,0,0,0,0,0,0,0,0,0,0,0,0,0,0,0,0,0,2,2,0,2,0,0,2,0,0,0,2,0,2,2,2,0,2,0,0,0,0,0,0,2,0,0,0,0,0,2,0,0,0,0,0,2,0,0,0,0,0,0,0,2,0,0,0,0,0,0,0,0,0,0,0,0,0,0,0,0,0,0,0,2,0,0,0,0,0,0,0,0,0,0,0,0,0,0,0,0,0,0,2,0,0,0,2,0,0,0,0,0,0,0,0,0,0,0,0,0,0,0,0,0,0,0,0,0,0,0,0,0,0,2,0,0,2,2,0,0,2,2,2,0,0,0,0,0,2,0,0,0,2,0,0,0,0,0,2,0,0,0,0,0,2,0,2,0,0,0,0,0,0,2,0,0,0,0,0,0,0,0,0,0,0,0,0,0,2,0,0,0,2,0,2,0,0,0,0,0,0,0,0,0,0,0,0,0,0,0,2,0,0,0,0,0,2,2,0,0,0,2,0,2,0,0,0,0,0,0,0,0,0,0,0,0,0,0,0,0,0,0,0,0,0,0,2,0,0,0,0,0,0,2,0,0,2,0,0,0,0,0,0,0,2,2,2,2,2,0,2,0,0,2,0,2,0,0,2,2,0,0,0,2,0,0,2,0,0,2,0,2,0,2,2,0,2,2,0,0,0,0,0,2,2,2,0,0,0,0,2,0,0,0,0,0,0,2,2,0,0,0,0,2,0,0,0,0,0,0,0,0,2,0,0,0,0,2,2,0,0,0,2,0,0,0,0,2,0,0,2,2,0,0,0,0,0,0,0,2,2,0,0,0,2,0,0,0,2,0,0,0,0,0,2,2,0,2,0,0,0,0,2,0,0,0,0,0,2,0,0,2,2,0,0,0,2,0,0,0,0,2,0,0,0,0,2,0,0,0,0,0,0,0,0,0,2,0,0,0,0,0,0,0,0,0,0,0,0,0,0,0,0,0,0,0,0,0,0,0,0,0,2,2,2,0,0,0,0,0,0,0,0,0,0,0,2,2,0,0,0,0,0,0,2,0,0,2,0,0,0,2,0,0,0,0,2,0,2,0,0,0,0,0,2,0,0,2,0,0,0,0,0,0,0,0,0,2,0,0,2,0,0,2,0,2,0,0,0,2,0,2,2,0,0,0,0,0,0,0,0,0,2,0,0,2,0,0,0,0,2,0,0,0,0,0,0,2,0,0,2,0,0,0,0,0,0,0,2,0,0,0,2,0,0,0,0,0,0,0,2,0,0,2,2,0,2,0,NA,0,0,2,0,0,2,0,0,2,0,0,2,2,2,0,2,0,2,0,0,0,0,0,2,0,0,2,0,0,0,0,2,0,0,2,2,0,0,2,2,0,0,0,2,0,0,0,0,0,0,2,0,0,0,0,0,0,0,0,0,0,0,2,0,0,0,0,2,0,2,2,0,2,0,0,0,0,0,2,0,0,0,2,2,2,0,0,0,0,0,2,0,0,0,2,0,0,0,0,0,0,2,0,0,0,2,0,0,0,2,0,0,0,2,2,0,2,0,2,0,0,0,0,0,0,2,0,2,0,0,0,0,2,2,2,0,0,0,0,0,0,0,0,0,0,0,0,2,0,2,0,0,0,0,0,0,0,0,0,0,0,0,0,0,2,2,0,0,0,0,0,0,0,2,0,0,0,0,0,2,2,0,0,2,0,2,2,0,2,2,0,0,0,0,0,0,0,0,0,0,0,0,0,0,NA,0,2,2,0,2,0,0,0,0,0,0,0,2,0,0,0,0,0,2,0,0,0,0,0,0,0,0,0,0,2,0,0,0,0,0,0,2,0,0,0,0,0,2,0,0,0,0,0,0,0,0,0,0,0,0,0,0,0,0,0,0,0,0,2,0,0,0,0,0,0,0,0,0,0,0,0,0,0,2,0,0,0,0,0,0,2,0,0,0,0,0,2,0,2,0,0,0,0,0,2,0,2,0,0,0,0,0,0,0,0,0,0,0,0,0,0,0,0,2,0,2,0,0,0,2,0,2,0,0,0,0,0,0,0,0,0,0,0,0,2,0,0,0,0,0,0,0,0,0,0,2,0,2,2,0,0,2,0,2,0,0,0,2,0,2,0,0,0,0,2,0,0,2,0,2,0,0,2,0,2,0,0,0,2,2,0,2,0,0,0,0,2,0,0,2,0,0,0,0,0,2,2,0,0,0,0,0,0,2,0,2,0,2,0,0,0,0,0,0,0,0,2,0,0,0,2,0,0,0,0,0,0,0,0,0,2,0,0,0,0,2,0,0,2,0,0,0,0,0,2,0,2,0,2,0,0,0,0,0,0,0,0,0,2,2,0,0,0,0,0,0,0,0,0,0,2,0,0,2,0,0,0,2,0,0,0,0,0,0,0,0,0,2,2,2,0,0,0,0,0,0,2,0,0,0,0,0,0,0,0,0,0,0,2,2,2,0,0,2,2,0,2,0,2,0,0,0,0,0,0,0,0,2,0,0,0,0,0,2,0,0,0,0,0,2,0,0,0,0,0,0,2,0,0,2,0,2,0,0,0,2,2,0,2,0,0,2,0,0,0,0,0,0,2,2,0,2,0,0,0,2,0,0,0,0,2,0,0,0,2,2,2,0,2,0,0,0,0,0,0,0,0,0,0,2,2,0,2,0,0,0,2,2,0,0,2,0,0,2,2,0,0,0,0,0,2,0,0,0,2,2,2,0,2,2,0,0,2,0,0,0,0,0,0,0,0,0,2,0,0,0,0,0,0,0,0,0,0,0,0,0,0,0,0,0,0,0,0,0,2,0,0,0,0,0,0,0,2,2,2,2,0,2,2,0,0,2,0,0,0,0,0,0,0,0,0,0,0,2,0,0,2,NA,2,2,0,0,0,2,0,2,0,0,2,2,0,0,0,0,0,0,0,0,2,2,0,2,2,2,0,0,0,0,0,0,2,0,0,2,2,2,0,0,0,0,2,0,0,0,2,0,2,0,2,0,2,2,0,0,0,2,0,0,0,0,0,0,2,0,0,0,0,0,2,0,2,2,0,0,0,0,2,0,0,0,0,0,0,0,2,0,0,0,0,0,0,0,0,0,2,0,0,0,0,2,0,0,2,0,0,2,0,0,0,0,0,0,2,2,2,0,0,0,0,0,0,0,0,0,0,0,0,0,2,2,2,0,2,0,0,0,0,0,0,0,0,0,2,2,0,0,0,0,0,0,2,0,0,0,0,0,0,0,0,0,2,0,0,0,2,0,0,0,2,2,0,0,0,0,0,2,2,0,0,2,0,0,0,0,2,0,0,0,0,0,2,0,2,2,0,0,0,0,0,0,2,0,0,2,0,0,0,0,2,0,0,0,0,0,2,2,0,0,0,2,0,2,0,0,0,0,0,0,0,0,2,0,0,0,0,0,0,0,0,2,0,2,0,2,2,0,0,0,2,0,0,2,2,2,0,2,0,2,0,0,0,0,0,0,0,0,2,0,0,0,0,0,2,2,0,2,0,2,2,0,2,2,0,0,0,0,0,0,2,0,0,0,0,0,0,0,2,0,0,0,0,0,0,0,0,0,0,0,0,0,0,0,0,0,0,0,0,0,0,0,0,0,0,0,0,0,2,0,0,NA,0,0,0,0,0,0,0,0,NA,0,0,0,0,0,0,0,0,0,0,0,2,0,2,2,0,2,0,0,2,2,0,0,0,2,2,2,0,2,2,0,0,2,0,0,0,0,0,0,0,2,0,0,0,0,0,0,0,0,0,2,0,0,0,2,0,2,0,0,0,2,0,0,0,0,0,0,0,0,0,0,0,0,0,0,0,0,0,0,0,0,0,0,0,0,0,0,0,2,2,0,0,0,0,0,2,0,0,0,0,0,2,0,0,0,0,0,0,0,0,0,0,0,0,0,0,0,0,0,0,0,0,0,0,0,0,0,2,0,0,0,0,2,0,0,0,0,0,0,0,0,0,0,0,0,0,2,0,0,0,0,0,0,0,0,2,0,2,2,0,0,0,0,0,0,0,0,0,2,0,0,0,0,0,0,0,0,0,0,0,0,0,0,0,2,0,0,0,0,2,0,0,0,0,0,2,0,0,0,0,0,0,2,0,0,2,0,0,0,0,0,2,0,2,0,2,0,0,2,0,2,0,0,0,0,2,0,0,0,0,0,0,0,0,2,2,0,0,2,0,0,0,2,0,0,0,0,0,0,0,0,0,2,0,0,2,0,0,0,2,0,0,0,2,0,2,2,0,0,0,0,0,0,2,2,0,0,0,0,0,0,0,0,0,0,0,0,0,0,0,0,0,2,0,0,2,0,0,0,0,2,0,0,0,0,0,0,0,0,0,0,0,0,0,2,2,0,0,0,0,0,2,0,NA,0,0,2,0,2,0,0,0,2,0,0,2,0,0,0,0,2,2,0,0,2,2,0,0,0,0,2,2,0,2,0,0,0,0,2,0,2,0,0,0,2,2,2,0,0,2,0,0,0,0,2,0,2,0,0,2,0,2,2,0,0,0,2,2,0,0,0,2,2,0,0,0,0,0,0,0,0,0,0,0,0,0,0,0,2,0,0,0,2,0,0,0,0,0,0,0,0,0,2,NA,0,0,0,0,0,2,2,2,0,0,0,2,2,0,0,0,2,2,0,0,0,0,0,0,0,2,0,2,0,0,0,0,0,0,0,0,0,0,0,0,0,0,0,0,2,0,0,0,0,0,0,0,0,0,0,2,2,0,0,0,0,2,0,0,0,2,0,2,0,0,0,2,2,0,2,2,0,0,0,0,0,0,2,0,0,0,0,2,2,2,0,0,0,2,0,0,0,0,2,0,0,0,0,0,0,0,0,0,0,0,0,0,0,0,0,0,0,0,0,0,0,0,0,0,0,0,0,0,0,0,0,0,0,0,0,0,0,0,0,0,0,0,0,2,0,0,0,0,2,0,0,0,0,0,0,0,0,0,0,0,0,2,0,0,0,0,0,0,0,0,0,0,0,0,0,0,0,0,0,0,0,0,0,0,0,2,0,0,0,0,0,0,0,0,0,0,0,0,2,0,0,0,0,0,2,0,0,0,2,0,0,0,0,0,0,0,0,0,0,0,0,0,2,0,0,0,0,2,0,0,0,0,0,0,0,0,0,0,2,0,0,0,0,0,2,0,2,2,0,0,0,0,0,0,0,0,2,0,2,2,2,0,0,0,0,2,0,0,0,0,0,0,0,0,0,0,0,0,0,0,2,0,0,2,2,0,2,2,0,0,0,2,0,0,0,0,0,0,0,NA,0,2,0,0,0,0,0,0,0,2,0,0,0,0,0,0,0,2,0,0,0,0,0,0,0,0,0,0,0,0,0,0,0,0,0,0,0,0,0,0,0,0,0,0,0,0,0,0,0,0,2,0,0,0,0,0,0,0,0,0,0,0,0,2,2,0,2,0,2,0,0,2,0,0,0,0,0,2,2,0,0,0,0,0,0,2,0,0,0,0,0,2,0,0,0,0,0,2,0,0,0,0,2,0,0,0,2,0,0,0,0,0,2,0,0,0,0,0,0,0,2,2,0,0,2,0,0,0,0,0,0,0,0,0,0,0,0,0,2,0,0,0,0,0,2,0,2,0,0,0,0,0,0,0,2,2,0,0,0,0,0,2,0,2,0,0,2,0,0,2,2,0,2,0,0,0,0,2,0,0,0,0,0,0,0,0,2,0,0,0,0,0,0,2,0,0,0,0,0,0,0,0,0,0,0,0,0,0,0,0,0,0,0,0,0,0,2,0,0,0,0,0,0,0,0,0,0,0,2,0,0,0,0,0,0,0,0,0,2,0,0,0,0,2,0,0,0,0,2,0,0,0,0,0,0,0,0,0,0,0,0,0,0,0,2,2,0,0,0,0,0,0,0,2,0,0,0,0,0,2,0,0,2,0,0,0,0,0,0,0,0,0,0,0,0,0,2,0,0,0,NA,0,2,2,0,0,0,2,0,0,0,0,0,2,0,2,0,2,0,0,0,0,2,0,0,0,0,0,0,0,2,0,0,0,2,0,0,0,0,0,0,0,0,0,0,0,0,0,0,0,0,2,2,0,2,0,0,0,0,0,0,0,0,0,2,0,0,0,0,2,2,0,2,0,2,2,0,0,0,0,0,2,0,0,2,0,0,0,0,0,0,0,2,0,0,0,0,2,0,2,0,0,2,2,2,0,0,0,0,2,2,0,0,0,0,2,0,0,0,0,0,2,0,0,0,0,0,2,2,2,0,0,2,2,0,0,0,0,0,0,2,0,0,0,2,2,0,0,0,0,0,2,0,2,2,2,2,0,2,0,0,0,2,0,0,0,0,0,2,0,0,0,0,0,2,2,0,0,0,0,0,0,2,0,0,0,0,2,2,0,0,0,0,0,0,0,0,0,2,2,2,2,0,0,2,0,0,0,2,2,0,0,0,2,0,0,0,0,0,0,2,0,2,0,0,0,0,0,0,0,0,0,0,0,0,2,0,0,2,0,0,0,0,2,0,0,0,0,0,0,0,2,0,0,0,0,0,0,0,0,0,0,2,0,0,0,0,0,2,2,0,2,0,2,0,0,0,0,0,2,0,0,0,2,2,0,0,0,0,0,0,0,0,0,2,0,0,0,0,2,0,0,0,0,0,0,0,0,0,2,0,0,0,0,0,0,2,2,0,0,0,0,0,0,0,0,0,0,0,0,2,2,0,0,2,0,0,0,0,0,0,0,0,0,2,2,2,0,0,2,0,0,0,0,0,2,2,2,2,0,0,0,0,0,0,0,2,0,0,0,0,0,0,0,0,2,0,2,2,0,2,0,0,0,0,0,0,0,0,0,0,0,0,0,0,0,0,0,0,0,2,0,0,0,0,0,0,0,0,0,0,0,2,0,0,0,0,0,0,0,0,0,0,0,0,2,0,0,2,2,0,0,0,0,0,0,0,0,2,0,0,2,0,0,0,0,0,0,0,0,2,2,0,0,2,0,2,2,0,0,0,2,0,0,0,0,0,0,0,0,0,0,2,0,0,0,0,2,0,0,0,0,0,0,0,0,0,0,0,0,0,0,2,0,0,0,0,0,2,2,0,2,0,2,0,0,0,2,0,2,0,0,2,0,0,0,2,0,0,2,2,0,0,2,0,0,0,0,0,0,2,2,0,0,2,2,0,0,2,0,0,0,0,0,0,0,0,0,0,0,2,0,2,0,0,0,0,0,0,0,0,0,2,0,2,0,0,0,2,0,0,0,0,0,0,2,0,2,0,0,2,0,2,0,0,0,2,0,2,0,0,0,0,0,2,0,0,0,2,0,2,0,0,2,0,0,0,0,0,0,0,0,0,0,0,0,0,0,0,0,0,0,0,2,0,0,0,0,0,2,0,0,0,0,0,0,2,0,0,0,0,0,0,0,0,0,0,0,0,0,0,0,0,0,2,0,0,2,2,0,0,0,0,0,2,0,0,2,2,0,0,0,0,0,0,0,0,0,0,0,0,0,0,0,0,0,0,0,0,0,0,2,0,0,0,0,2,2,0,0,0,0,0,0,0,2,0,0,0,2,2,0,0,0,0,0,0,0,2,2,0,2,2,0,0,0,0,0,2,0,2,0,0,0,0,0,0,0,0,2,2,0,0,2,0,0,2,0,0,0,0,2,0,0,0,0,0,0,0,0,0,2,0,0,0,0,0,0,0,0,0,0,0,0,0,0,0,0,2,0,0,0,0,2,0,0,0,0,0,0,0,0,0,0,0,0,0,0,2,0,0,2,0,0,0,2,0,2,0,0,0,0,0,0,0,0,2,0,0,2,0,0,0,0,0,0,0,0,0,0,0,2,0,2,0,0,0,0,2,0,NA,0,0,0,0,0,0,0,0,0,0,2,0,0,0,0,0,0,0,0,0,0,0,2,0,2,0,0,2,2,0,0,0,0,0,2,0,0,0,0,0,0,0,0,0,2,2,0,0,0,0,0,2,0,0,0,0,0,0,0,0,0,0,0,0,0,0,2,0,0,0,2,2,0,0,0,2,0,2,0,0,2,0,0,0,0,0,0,2,0,0,2,2,0,0,0,0,0,0,0,0,0,0,0,2,2,0,0,0,2,2,0,0,0,0,0,2,0,0,2,0,0,0,0,0,0,0,0,0,0,0,0,2,0,0,0,0,0,0,0,0,0,0,0,0,0,0,2,0,0,0,0,0,0,0,0,2,0,0,0,2,0,0,2,0,0,2,2,2,0,0,0,0,0,0,0,2,0,0,0,0,0,0,0,0,0,0,0,2,0,0,0,2,0,0,0,2,0,2,0,0,0,0,0,0,0,0,0,0,0,2,0,0,2,0,0,0,0,0,0,0,2,0,0,0,0,0,0,0,2,0,0,0,0,0,0,0,0,0,2,0,0,0,0,2,0,0,2,0,0,0,0,0,0,0,0,2,0,2,0,0,0,0,0,0,2,0,0,0,0,0,0,0,0,0,0,0,0,0,0,0,0,0,0,0,0,0,0,0,0,0,2,0,0,2,0,0,0,0,0,0,0,0,2,2,0,2,0,0,0,0,0,0,2,0,0,0,0,2,0,0,2,0,0,2,0,0,2,2,0,0,2,0,0,0,0,0,2,0,NA,0,0,0,0,0,0,0,2,0,2,2,0,0,2,0,0,0,0,0,NA,0,0,0,0,0,0,0,0,0,0,0,2,0,0,0,2,0,2,0,0,0,0,0,0,0
"CC104",0,0,2,0,0,0,0,0,0,0,2,2,0,0,0,2,0,0,0,0,0,2,0,2,2,0,0,2,0,2,0,0,0,0,2,2,0,0,0,0,2,0,2,2,2,0,0,0,0,0,0,2,0,2,0,2,0,0,0,2,0,0,2,2,0,0,0,0,0,2,0,2,0,2,2,0,0,2,0,0,0,0,0,0,0,2,0,0,2,0,0,2,0,0,0,2,0,0,0,2,2,2,0,0,0,0,0,2,0,0,2,2,0,0,0,0,2,0,0,2,0,0,0,0,0,0,0,2,0,2,0,0,0,0,0,0,0,2,0,0,0,0,0,0,0,0,2,0,0,2,0,2,0,0,2,2,0,0,2,0,2,0,0,2,2,0,0,0,0,0,0,2,2,0,0,0,0,0,2,0,0,0,0,0,2,0,0,2,0,0,0,2,2,0,0,0,0,2,0,0,0,2,0,0,0,0,0,0,0,0,0,0,0,0,0,0,2,0,2,0,0,0,0,0,0,2,0,0,2,0,0,0,0,0,0,0,2,0,2,2,2,0,2,0,0,0,0,0,0,0,0,0,2,0,0,0,2,0,0,0,2,0,0,0,2,2,0,2,0,0,0,2,0,0,0,0,0,0,0,0,2,0,2,0,0,0,0,2,0,0,0,2,2,0,0,0,0,0,0,0,0,0,0,0,0,0,2,0,2,0,2,2,2,0,0,0,0,2,0,2,0,2,0,0,2,0,0,0,2,0,0,0,0,0,0,0,0,0,0,0,0,2,0,0,0,0,0,0,0,0,2,0,0,0,0,2,0,0,0,0,2,0,0,0,0,2,0,0,0,0,0,0,2,2,2,0,0,0,0,0,2,0,0,0,0,0,0,0,0,0,0,0,0,0,0,0,0,0,2,0,0,0,2,2,0,2,0,0,0,0,0,2,0,0,0,2,0,2,0,0,0,2,0,0,0,0,0,0,2,0,0,0,2,2,0,0,0,0,0,0,0,2,0,0,0,0,0,0,0,2,0,0,0,0,2,2,2,0,0,2,2,2,0,0,0,0,0,0,0,0,0,2,2,0,0,2,0,0,0,0,0,0,0,0,2,0,2,2,0,2,0,0,0,0,0,0,0,0,0,0,2,0,0,2,0,0,0,0,2,0,0,0,2,0,0,0,0,0,2,0,0,0,0,0,0,0,0,2,0,2,2,0,0,0,2,2,0,2,2,2,2,0,0,0,2,0,0,0,0,2,0,0,0,2,0,2,0,0,0,0,0,0,0,2,0,0,0,0,0,2,0,0,0,0,2,0,0,2,2,0,0,0,0,0,0,0,0,0,2,0,0,0,0,2,2,0,2,0,0,0,0,0,2,0,2,0,0,0,2,0,0,2,0,0,2,0,2,0,2,0,0,2,0,0,0,0,0,0,0,0,0,0,0,2,2,0,0,0,0,2,0,0,0,0,0,2,0,0,0,0,0,0,2,0,0,0,2,0,0,0,0,0,2,2,2,0,0,2,0,2,0,0,0,0,2,0,2,0,0,0,0,0,0,0,2,0,0,0,0,0,0,0,0,0,0,0,0,0,0,2,0,0,0,0,0,0,0,0,0,0,0,0,0,0,0,0,0,0,0,0,0,0,0,0,0,0,0,0,0,0,0,0,0,0,0,0,0,0,0,0,0,0,0,0,0,0,0,0,0,2,2,0,0,0,0,0,0,0,0,0,0,0,2,2,0,0,0,0,0,0,0,0,0,0,0,0,0,0,0,0,0,0,2,0,0,0,0,0,0,0,0,0,0,0,0,2,0,0,0,0,0,0,2,0,0,0,0,2,0,0,2,0,0,0,0,0,0,0,0,0,0,2,2,0,0,0,2,0,0,0,0,0,0,0,0,0,0,0,0,0,0,2,0,0,0,0,2,0,0,2,0,0,2,0,2,2,0,0,0,0,0,0,0,0,0,0,2,2,0,0,0,0,0,2,0,0,0,0,0,0,0,0,0,2,0,2,0,0,0,0,0,0,0,0,0,0,2,0,0,0,0,0,0,0,0,0,0,2,0,0,0,0,0,0,0,2,0,0,0,0,2,0,0,0,0,2,0,0,0,0,0,0,0,0,0,0,0,0,0,2,0,0,0,0,0,0,0,0,0,2,2,0,2,0,0,0,2,0,0,0,0,0,0,0,2,0,0,0,0,2,0,0,0,0,0,0,0,0,0,0,0,0,0,0,0,0,0,0,0,0,0,2,2,0,0,0,0,0,0,0,2,0,0,0,0,0,2,0,2,0,0,0,0,0,0,2,0,0,0,0,0,0,0,0,0,0,2,0,0,2,0,0,0,0,0,0,0,0,0,0,0,0,0,0,0,0,0,2,0,2,0,0,0,0,0,0,0,0,2,0,0,2,0,2,0,0,2,2,2,0,0,0,2,0,2,0,2,2,0,0,0,0,2,0,0,0,0,2,0,0,0,0,0,0,2,0,0,0,0,0,2,0,0,2,0,0,0,2,0,0,0,0,0,0,0,0,0,0,2,2,0,0,0,2,0,0,0,0,0,2,2,0,0,0,0,0,0,0,0,0,0,0,0,2,0,0,0,0,0,0,0,0,0,0,0,0,0,2,0,2,2,0,0,0,0,2,0,0,0,2,0,0,0,0,0,2,0,0,0,0,0,0,0,0,0,0,0,0,0,0,0,0,0,0,0,0,0,0,2,0,0,2,0,0,0,2,0,0,0,0,0,0,0,0,0,0,0,2,0,0,2,0,0,0,0,0,0,2,0,0,0,0,0,0,0,0,0,2,0,0,0,0,2,2,2,0,0,0,0,0,0,0,0,2,0,0,0,0,0,2,0,0,0,0,0,0,0,2,0,0,0,0,0,0,2,0,2,0,2,0,2,2,2,0,0,0,0,0,0,0,0,0,0,0,0,0,0,0,0,0,0,0,0,0,2,0,0,0,0,0,0,0,2,0,2,2,0,2,0,0,0,0,0,2,0,0,2,0,2,0,2,0,2,0,0,0,0,0,0,0,0,0,2,0,0,0,0,2,2,0,0,0,2,2,0,0,0,0,2,0,0,0,2,2,0,0,0,0,0,0,2,2,0,0,2,0,2,0,0,2,0,0,0,0,0,0,0,0,0,2,2,0,0,0,0,0,0,0,0,0,NA,0,0,2,0,0,0,0,2,2,0,0,2,0,0,0,0,0,0,0,0,2,2,2,2,2,0,0,0,0,0,0,2,0,2,0,0,0,0,2,0,2,0,0,0,0,0,0,2,0,0,2,2,2,0,0,0,0,0,0,0,0,2,0,0,0,0,0,0,2,0,0,0,0,0,0,0,0,2,0,0,0,2,0,0,0,0,0,2,0,0,0,0,0,0,0,2,0,0,0,0,2,2,2,0,0,0,0,0,0,0,0,0,0,2,0,2,0,0,0,0,0,2,0,2,2,0,0,0,0,0,2,0,0,0,2,2,0,0,0,0,2,0,2,0,2,2,2,0,0,0,0,0,0,0,0,0,0,0,0,0,2,0,2,2,0,0,0,0,0,0,0,0,2,0,0,2,2,0,2,0,2,0,2,0,0,0,0,0,0,0,0,0,0,0,2,2,0,0,0,2,0,0,0,0,0,2,0,0,0,0,0,0,0,0,0,0,0,2,0,0,2,0,0,0,0,0,0,2,0,0,2,0,0,0,0,0,2,0,0,0,2,0,0,0,0,0,2,0,0,0,0,0,0,0,0,0,0,0,0,0,2,0,0,2,0,0,0,0,0,0,0,2,0,0,0,0,2,2,0,2,0,0,0,0,2,2,0,0,0,0,0,0,0,0,0,0,2,0,0,0,0,0,0,0,2,0,0,0,2,2,0,0,0,2,2,2,0,0,2,0,0,2,0,0,0,0,0,0,0,0,2,0,2,0,0,0,0,0,0,0,0,0,0,0,0,2,0,0,0,0,0,0,0,0,2,2,0,0,0,0,2,0,0,0,0,0,0,0,0,0,0,0,0,0,0,0,0,0,0,0,0,0,0,0,0,0,0,0,0,0,0,0,0,2,2,0,0,0,2,2,0,2,0,0,0,0,0,0,0,0,0,2,0,0,2,2,0,2,2,0,0,0,0,0,0,0,2,0,0,0,2,0,0,0,0,0,0,0,0,0,0,2,2,0,0,0,0,0,0,0,0,0,0,0,0,0,0,0,0,0,0,0,0,0,0,0,0,0,0,0,0,0,0,0,0,0,0,0,0,2,0,2,0,0,0,0,2,0,0,0,0,0,0,2,0,0,0,0,0,0,0,0,0,0,0,0,0,0,2,2,2,2,2,0,0,0,2,0,0,0,0,2,0,0,0,2,0,0,0,0,0,2,0,2,2,0,0,0,0,0,0,2,0,0,0,0,0,0,0,0,2,0,0,0,0,0,0,0,2,0,0,0,2,2,0,0,2,0,0,0,0,0,0,0,0,0,2,0,0,2,2,0,0,2,0,0,0,0,0,0,2,0,0,0,0,0,0,0,0,0,0,0,0,0,0,0,0,0,0,0,0,0,2,0,0,0,2,0,0,0,0,0,2,0,0,0,0,0,0,0,2,0,0,0,0,0,0,0,0,0,2,0,0,2,0,2,2,0,0,0,0,0,0,0,0,0,0,0,0,0,0,0,2,2,0,0,0,0,0,2,0,0,0,0,0,0,2,0,0,0,0,2,0,0,0,0,2,0,2,2,0,0,0,0,0,2,2,0,0,0,0,0,0,2,0,2,0,2,0,2,0,0,0,0,0,0,0,0,0,0,2,0,2,0,0,0,0,2,0,0,0,0,0,0,0,0,0,2,0,0,0,0,2,0,0,0,0,0,0,0,0,0,0,0,0,0,0,0,0,2,0,2,0,0,0,0,0,0,0,0,0,0,0,0,2,0,0,0,0,2,0,0,0,0,0,2,2,0,0,0,0,0,0,0,2,0,2,0,2,2,0,0,0,2,2,0,0,2,2,0,2,0,0,0,0,0,0,0,0,0,0,2,0,2,0,2,0,2,2,2,0,0,2,0,0,0,0,0,0,0,2,2,0,2,0,0,0,0,0,0,2,0,0,2,0,0,0,0,0,0,0,0,2,2,0,0,2,0,0,0,0,0,0,2,0,2,0,0,2,0,0,0,0,0,2,2,0,2,2,0,0,0,2,2,0,0,0,0,0,0,0,2,2,0,0,0,0,0,0,2,0,0,0,2,0,0,0,0,2,0,0,0,0,0,0,0,0,0,0,0,0,0,0,0,0,0,0,0,0,0,0,0,0,0,0,2,2,0,0,2,0,0,0,2,0,0,2,0,0,0,0,0,0,0,2,2,0,0,0,0,0,0,2,0,0,0,0,0,0,0,0,0,0,0,0,0,0,0,0,2,0,0,0,0,0,0,0,2,0,0,2,0,0,0,0,0,0,0,0,0,0,0,0,0,0,0,0,0,0,0,0,0,2,0,0,0,0,0,0,NA,0,0,0,2,0,0,0,0,0,0,0,0,0,0,0,0,0,0,0,0,0,0,0,0,0,0,0,0,0,0,0,0,0,2,0,0,0,0,0,0,0,0,0,0,2,2,0,0,0,2,0,0,0,0,0,0,0,0,2,0,0,0,0,0,0,0,2,0,0,0,0,0,0,2,0,0,0,0,0,0,0,0,0,0,0,0,0,0,0,0,2,2,0,0,0,0,0,0,0,0,2,0,0,0,2,2,0,0,0,2,0,0,0,0,0,0,0,0,0,0,0,0,0,0,2,0,2,0,0,0,2,0,0,0,0,0,0,2,0,0,0,0,0,0,0,0,0,0,2,0,2,0,0,0,0,0,0,0,0,0,0,2,0,0,0,0,2,0,0,0,0,0,2,0,2,2,2,2,0,0,0,0,0,0,0,2,0,2,0,0,2,0,0,0,2,0,0,0,2,0,0,0,0,2,0,0,2,0,0,2,0,0,0,2,2,0,2,0,0,0,2,0,2,0,0,0,0,0,0,0,2,0,2,0,0,0,0,0,0,0,0,2,0,0,0,0,0,0,0,0,0,0,0,0,0,0,0,0,2,0,0,2,0,2,0,0,0,0,0,0,0,0,2,0,0,0,2,2,0,2,0,0,0,0,0,0,0,0,0,0,0,0,0,0,0,0,0,0,0,0,2,0,0,0,0,0,0,0,0,2,0,0,2,0,2,0,0,0,0,0,2,0,2,2,0,2,0,2,0,2,0,0,0,0,0,0,0,0,0,0,0,0,0,0,0,0,0,0,0,0,0,0,0,0,0,0,0,0,2,2,0,0,2,2,0,0,0,2,0,0,2,0,0,0,0,0,2,0,0,2,2,0,0,0,0,2,0,2,0,0,0,2,0,0,2,0,0,0,0,0,2,0,2,0,2,0,0,2,0,0,0,0,0,0,2,0,0,0,0,0,0,0,2,0,0,0,2,0,0,2,0,2,0,0,0,0,0,0,0,0,2,0,2,0,0,0,0,0,2,2,2,0,0,0,0,2,0,0,0,2,0,0,0,2,0,0,0,0,0,2,2,0,0,0,0,0,0,0,0,0,0,0,0,0,0,0,0,0,0,0,0,0,0,0,0,0,0,2,0,0,0,0,0,2,0,NA,0,2,2,2,0,0,0,0,NA,0,0,0,0,2,2,0,2,0,0,0,0,0,0,0,0,0,0,0,0,0,0,0,0,0,0,0,0,0,0,0,0,0,0,0,0,0,2,0,0,2,2,0,0,0,2,0,0,0,0,0,0,2,0,2,2,0,0,0,0,0,0,0,0,0,0,0,2,0,0,0,0,2,2,0,0,0,0,0,0,0,0,0,0,0,0,0,0,0,0,0,0,0,0,0,2,0,0,0,2,2,2,0,0,0,2,2,2,0,0,0,0,0,2,0,0,2,0,0,0,0,0,0,0,0,0,0,0,0,2,0,0,0,2,0,0,0,0,0,0,0,0,0,0,0,0,0,0,0,0,2,0,0,0,0,0,0,2,2,0,0,0,0,0,0,0,0,0,0,0,0,0,0,0,0,0,0,0,0,0,2,0,0,2,0,0,0,0,2,2,0,0,0,0,0,2,0,0,0,0,0,2,2,0,0,0,2,0,0,0,0,0,0,0,0,0,0,0,0,0,0,0,0,0,2,0,0,0,0,2,2,2,0,0,0,0,0,0,0,2,0,0,0,0,2,0,0,0,2,0,0,2,0,0,0,0,0,0,2,0,0,0,0,2,0,0,0,0,0,0,0,0,2,0,0,0,0,0,0,0,0,0,0,0,0,0,0,0,0,0,0,2,2,0,0,0,0,0,0,0,0,0,0,0,0,0,0,0,0,0,0,0,0,0,0,0,0,0,0,0,0,0,0,0,0,0,0,0,0,0,0,2,0,2,0,0,0,0,0,0,0,0,0,0,0,2,0,0,0,0,0,0,0,0,2,0,2,0,0,0,0,2,0,0,0,2,0,2,0,2,0,2,0,0,0,2,0,0,0,0,0,2,0,0,0,2,0,0,2,0,2,2,2,0,2,0,0,0,0,0,2,2,0,0,0,0,0,0,0,0,0,0,0,0,0,0,0,0,0,0,0,0,2,0,2,2,2,0,0,0,0,0,2,2,0,0,0,0,0,0,0,2,0,0,2,2,2,2,2,2,0,0,2,0,0,0,0,0,0,0,0,0,0,0,0,0,2,0,2,2,2,0,2,0,0,0,2,0,0,0,0,0,0,2,2,2,0,0,0,0,0,0,0,2,0,0,0,0,0,2,0,0,0,0,0,2,2,0,0,2,2,2,2,0,0,2,0,0,0,0,2,0,0,0,0,0,0,2,0,0,0,0,2,0,0,2,0,2,0,2,0,0,0,0,0,0,0,0,0,0,0,0,0,0,2,0,0,0,0,0,0,0,0,0,2,0,0,0,0,0,0,0,0,0,0,0,0,0,0,0,0,2,2,0,0,2,0,0,0,2,2,2,2,2,2,0,2,0,0,2,2,0,0,0,2,0,0,2,0,2,2,2,0,0,2,0,2,0,0,0,2,0,2,2,0,0,2,0,0,0,0,0,0,0,0,0,2,0,2,0,0,0,2,0,2,0,0,0,2,2,2,0,0,2,0,0,0,2,2,0,0,2,2,0,2,0,2,0,0,2,0,2,0,2,0,2,0,0,0,2,0,2,0,2,2,2,0,0,0,0,2,2,0,2,0,0,0,0,2,0,0,0,0,2,0,2,0,2,2,2,2,2,0,0,2,2,0,2,0,2,2,0,2,0,0,2,0,0,0,0,0,0,0,2,0,0,2,0,0,0,0,0,0,0,0,0,0,0,0,0,0,0,0,0,0,0,2,0,0,0,2,0,0,2,0,0,2,0,2,0,0,0,2,0,0,0,0,0,0,2,0,0,0,0,2,2,0,0,2,0,2,0,2,0,0,0,0,0,0,0,0,0,0,0,0,0,0,2,0,0,0,2,0,0,0,2,0,0,0,0,0,2,0,2,2,0,0,2,2,0,0,0,0,2,2,0,0,2,0,0,0,0,0,0,2,2,0,0,0,0,2,0,0,0,0,2,0,2,2,0,2,0,2,2,0,2,0,0,0,2,0,0,2,0,0,0,0,0,2,0,0,0,0,0,0,0,0,0,2,0,0,0,0,0,0,2,0,0,2,0,0,2,0,0,0,0,0,0,0,0,0,0,2,0,0,0,0,0,0,0,0,0,0,0,0,0,0,0,0,0,0,0,0,0,0,0,0,2,0,0,0,0,0,0,0,0,2,2,2,0,0,0,2,0,0,0,0,0,0,0,0,0,0,0,0,0,0,0,0,0,0,0,0,0,0,0,0,2,0,0,0,2,2,2,0,0,0,0,2,2,0,0,0,0,0,0,0,2,2,0,2,0,0,0,0,0,0,0,0,0,0,2,0,0,2,0,0,0,0,2,0,2,2,0,0,0,0,0,0,0,0,2,0,0,0,0,0,0,0,0,0,2,0,0,0,0,0,0,0,0,0,0,0,0,0,0,0,0,0,0,2,0,0,0,0,0,2,0,0,0,0,0,0,0,0,0,0,0,0,2,0,2,0,0,0,0,0,0,0,2,0,0,0,0,0,0,2,2,0,0,0,0,0,0,0,0,2,0,0,2,0,0,0,0,0,0,0,0,0,0,0,0,2,2,0,2,2,2,2,0,0,0,0,0,2,0,0,0,0,0,2,0,0,0,0,0,0,0,0,0,2,0,0,0,2,0,0,2,2,0,0,2,2,2,0,0,0,0,0,0,0,0,0,2,2,2,2,0,2,0,0,0,2,0,0,0,0,0,0,0,0,0,2,0,0,0,0,0,0,0,0,0,0,0,0,0,2,0,0,0,0,0,0,0,0,0,0,0,0,0,0,0,0,0,0,0,0,0,0,0,0,0,2,0,0,0,0,0,0,0,0,0,0,0,0,0,0,0,0,2,0,2,0,0,0,0,0,0,0,0,0,0,2,0,0,0,0,0,0,2,2,0,0,0,0,2,0,0,0,0,0,0,0,0,0,0,2,2,0,0,0,0,0,0,0,0,0,2,0,0,0,0,0,0,2,0,0,0,0,2,0,0,0,0,2,0,2,0,0,0,0,2,0,0,0,0,0,0,0,0,0,0,0,0,0,0,0,0,0,0,2,0,0,0,0,0,0,0,0,0,0,0,0,0,0,0,0,0,0,0,0,0,0,0,0,0,0,0,0,0,0,0,0,0,0,0,0,2,2,0,0,0,0,0,0,0,0,0,0,0,2,0,0,0,0,0,0,0,0,0,2,2,0,0,0,0,0,0,0,0,0,0,2,2,2,0,0,0,0,0,0,0,0,2,0,0,0,0,2,0,0,0,0,0,0,0,0,2,2,0,0,0,0,0,0,0,2,0,0,0,0,0,0,0,0,2,2,0,0,2,0,0,0,0,0,0,2,0,2,0,0,0,0,0,0,0,0,0,0,0,0,0,0,0,0,NA,0,0,2,0,0,0,2,0,0,0,0,0,0,0,0,0,0,0,0,0,0,0,2,0,0,0,0,0,0,0,0,0,2,0,0,0,0,0,2,0,0,0,0,2,0,2,0,0,0,2,0,0,0,0,2,0,0,0,0,0,0,0,0,0,0,2,2,0,0,2,0,0,0,2,0,0,2,0,0,0,0,0,0,0,0,0,0,2,0,0,2,0,0,0,0,0,2,0,0,0,0,0,0,0,0,0,0,0,0,0,0,2,0,0,0,0,0,0,0,0,0,0,0,0,2,0,2,0,0,0,0,0,2,0,0,0,0,0,2,0,0,2,0,0,0,2,2,0,0,0,0,0,0,0,0,0,0,0,0,2,2,0,0,0,0,0,0,0,2,2,0,2,0,0,0,0,0,0,0,0,0,0,0,2,0,2,2,2,0,0,0,0,0,0,0,0,0,2,0,0,0,0,2,0,0,0,0,2,2,2,0,0,0,0,0,0,0,0,0,0,0,0,0,0,0,0,0,0,0,0,0,0,0,2,2,0,0,0,2,0,0,0,0,0,0,0,0,2,0,0,0,2,2,0,2,2,0,0,0,0,0,2,2,0,0,0,2,0,0,2,0,2,0,0,0,0,0,0,0,0,0,0,0,0,0,2,0,0,0,0,2,2,2,0,0,0,0,0,2,0,0,0,0,0,0,0,0,0,2,0,0,0,0,2,0,0,2,2,0,2,2,0,2,0,0,2,0,0,0,0,0,0,0,2,0,2,0,0,0,0,0,0,2,0,0,2,0,2,0,0,0,0,0,0,0,0,2,0,0,2,0,0,0,0,0,2,0,0,2,0,0,0,0,2,0,0,0,0,0,0,0,0,0,2,0,0,0,0,0,0,0,0,0,0,0,0,0,0,2,0,0,0,0,0,0,0,0,2,0,0,0,0,0,2,0,0,0,0,0,0,0,0,2,0,0,0,0,0,0,0,2,0,0,0,0,0,0,0,2,0,0,2,0,0,0,0,0,0,0,0,0,0,0,0,0,0,0,0,2,2,0,0,0,0,0,0,2,2,0,0,2,0,0,0,0,0,0,0,2,0,0,0,0,0,0,2,0,2,2,0,0,2,0,0,0,0,0,0,2,0,0,0,0,0,0,0,0,0,0,2,2,2,0,0,0,2,0,2,0,0,0,0,0,2,0,2,2,0,0,0,2,0,0,0,2,0,0,0,0,2,0,0,0,0,0,0,2,0,2,0,0,0,0,0,2,2,0,0,0,2,0,0,0,2,0,0,2,0,0,2,2,0,2,0,0,0,2,0,0,0,0,2,0,0,0,0,0,NA,2,0,2,0,0,0,0,2,0,0,0,0,0,0,2,0,2,2,0,0,0,0,0,0,0,0,0,2,0,2,0,0,0,0,2,0,0,0,0,0,0,0,0,0,0,0,0,0,0,0,0,0,0,0,2,2,0,0,0,0,0,0,0,0,0,0,0,0,0,0,0,0,NA,0,0,0,0,0,0,0,0,2,0,2,2,2,0,0,2,0,0,0,0,2,0,0,0,0,0,0,0,0,0,0,0,2,2,0,0,2,0,0,0,0,0,0,0,2,0,0,0,0,0,0,0,0,0,0,0,2,0,0,0,0,0,0,0,0,0,0,2,2,0,0,0,2,2,0,0,0,0,0,0,0,0,0,0,2,2,0,0,0,0,2,0,0,2,0,0,0,0,0,0,0,0
"CC105",2,0,0,0,NA,0,2,0,2,0,0,0,0,0,0,2,0,0,0,2,2,0,0,0,0,0,2,0,0,2,2,0,0,0,0,0,0,0,2,0,0,0,2,0,0,0,2,0,2,0,0,0,NA,0,0,2,2,0,0,0,0,0,0,0,2,2,0,0,0,0,0,0,0,0,0,2,NA,0,0,0,0,0,0,0,0,0,0,0,0,0,0,0,2,0,0,2,0,2,0,0,2,2,0,0,NA,2,0,0,0,2,0,0,2,0,0,2,0,0,0,2,0,0,0,0,0,2,2,0,2,0,0,0,0,0,2,0,0,0,2,2,0,0,0,0,0,0,2,0,0,2,0,0,2,0,0,2,0,0,0,0,0,0,0,2,2,0,2,2,0,0,0,2,2,0,0,2,0,2,0,2,2,0,0,0,0,0,0,0,0,0,0,2,0,0,0,2,0,2,0,0,0,0,0,0,0,0,0,2,0,0,0,0,0,0,0,0,2,0,2,0,2,0,0,0,2,2,0,2,0,0,2,0,2,2,0,0,2,0,0,0,2,0,0,0,0,0,2,0,0,0,2,0,0,0,0,0,0,0,0,NA,0,2,0,0,0,0,0,0,0,2,2,0,0,0,0,0,0,0,0,0,0,0,0,2,0,0,0,2,2,0,0,0,0,0,0,0,2,2,0,0,0,0,0,0,0,0,2,0,2,0,0,0,0,0,0,2,0,2,2,0,2,0,0,2,0,0,0,2,2,0,0,0,2,0,0,0,2,0,2,0,2,0,2,2,0,0,0,2,2,0,0,2,0,0,0,0,2,2,2,2,2,2,2,0,0,2,0,2,0,0,2,0,0,2,2,0,2,0,2,0,0,0,0,0,0,0,0,2,2,2,0,0,0,2,2,2,2,0,0,0,0,0,2,0,2,2,2,0,0,2,0,0,0,0,0,0,2,2,0,2,0,2,0,2,2,0,0,2,0,0,0,0,2,0,0,0,0,0,0,2,0,0,0,0,0,0,0,0,0,0,0,2,0,0,0,0,2,0,0,2,0,2,2,0,0,0,0,2,2,0,0,2,0,0,0,2,0,0,0,2,2,0,0,0,0,2,2,0,2,0,0,0,0,2,0,0,2,2,0,2,0,0,2,0,0,0,0,0,2,NA,0,2,0,0,0,0,0,0,0,0,0,2,0,2,0,0,2,0,0,2,0,0,0,0,0,0,0,0,0,0,2,0,0,2,0,0,0,2,0,0,2,0,0,0,0,2,0,0,0,2,0,0,0,2,2,0,0,0,0,2,0,0,0,2,2,0,2,2,2,0,0,0,0,0,0,0,0,0,0,0,0,2,0,0,2,0,0,2,2,0,0,2,0,0,0,0,2,2,2,0,0,0,0,0,0,0,0,0,0,0,2,0,0,2,0,0,0,0,0,0,0,0,0,0,2,0,0,0,0,0,0,0,0,2,0,0,0,0,0,0,0,0,0,0,0,0,0,0,0,0,0,0,0,2,2,0,0,0,0,2,0,0,2,0,0,0,0,0,0,0,0,0,0,0,0,0,0,0,0,2,2,0,0,0,0,0,0,2,2,2,0,0,2,2,0,0,0,0,2,0,0,0,0,0,0,0,0,0,0,0,0,2,0,0,0,0,0,0,0,0,0,0,0,0,0,0,0,0,0,0,0,0,0,0,0,0,0,0,0,0,0,0,0,0,2,0,0,0,2,0,0,0,0,2,2,0,0,0,0,0,2,0,0,2,0,0,2,0,0,0,0,2,2,0,0,0,0,0,0,0,2,0,0,2,0,0,0,0,0,0,2,0,2,2,2,0,2,0,0,0,0,0,0,0,0,0,0,0,2,0,0,0,0,0,0,0,0,0,0,0,2,0,0,0,0,0,0,0,0,0,2,0,0,2,0,2,0,2,0,0,0,2,0,0,0,2,2,0,0,2,2,2,2,0,0,0,0,0,2,2,2,0,2,0,2,2,0,0,0,0,0,2,0,0,2,2,0,0,0,2,2,0,0,0,2,0,2,0,0,0,2,0,0,0,0,0,0,2,0,0,2,0,0,0,0,0,0,2,2,0,2,0,0,0,0,0,0,0,0,0,0,0,0,0,2,0,0,0,0,0,0,0,2,0,2,0,0,0,0,0,0,0,2,0,0,0,0,0,0,0,2,0,2,0,0,0,2,0,0,0,2,0,0,2,0,0,0,2,0,0,2,0,0,0,0,0,0,0,0,0,2,2,2,0,0,0,0,0,0,0,0,0,0,0,0,0,0,0,2,0,0,0,0,0,0,0,0,2,0,0,0,0,0,0,0,0,0,0,0,0,0,0,2,0,0,0,0,0,0,0,0,0,2,2,0,0,0,0,2,0,0,2,0,2,0,0,0,2,2,0,0,0,0,2,0,0,0,2,0,0,0,0,0,0,0,0,0,0,0,0,0,0,0,0,0,0,2,2,0,0,0,2,0,0,0,0,0,0,2,2,0,0,2,0,0,0,2,0,0,0,2,0,0,0,0,0,2,0,0,0,0,0,0,0,2,2,0,2,0,0,0,0,2,2,0,0,0,0,0,0,0,2,0,2,0,0,0,0,0,0,0,0,0,0,2,0,0,0,0,0,0,2,0,0,0,2,0,0,0,0,0,0,0,0,0,2,2,0,0,0,2,0,2,0,0,0,2,0,0,2,0,2,0,0,2,0,0,0,2,0,0,0,2,0,2,2,0,0,0,0,0,0,0,0,2,0,0,0,0,2,2,0,0,0,2,2,0,2,2,2,0,0,2,0,0,0,2,0,0,2,0,0,0,0,2,0,0,0,0,0,0,0,0,0,0,0,0,0,0,0,0,0,0,0,0,0,0,2,0,2,0,0,2,0,0,0,0,0,2,2,0,2,2,2,0,2,0,2,0,0,0,0,0,0,0,0,0,0,0,0,0,0,0,0,2,0,0,0,0,0,0,0,0,0,0,0,0,0,0,0,0,0,2,0,0,0,0,0,0,0,2,0,0,0,0,2,0,0,0,2,0,0,0,0,0,0,0,0,0,2,0,0,0,0,0,0,0,0,0,0,0,0,0,0,2,0,0,0,0,2,2,2,0,0,2,0,2,0,0,0,0,0,0,0,0,0,0,0,0,0,0,0,0,2,0,2,0,0,2,0,0,0,0,0,0,0,0,0,2,0,0,2,0,0,2,0,0,0,0,0,0,0,0,0,0,2,2,0,2,2,0,0,2,2,0,0,2,0,2,0,0,0,0,0,0,0,0,0,2,2,0,0,0,0,2,0,0,0,0,0,0,0,0,2,0,2,0,0,0,0,2,0,0,0,0,0,0,0,2,0,0,0,0,0,0,0,0,0,0,0,0,0,0,0,0,2,0,0,0,0,0,0,2,2,0,2,0,0,0,0,0,2,0,0,2,0,0,0,2,2,2,0,2,0,0,0,0,0,0,0,0,2,2,0,0,2,0,0,0,2,0,2,0,0,0,0,2,0,0,0,0,0,0,0,0,0,0,0,0,0,0,0,0,2,0,0,0,0,0,0,0,0,2,0,0,0,0,0,0,0,0,0,0,2,0,0,0,0,0,2,0,0,0,2,0,0,2,0,0,0,0,2,2,2,0,0,0,0,0,0,0,0,0,2,0,2,0,0,0,2,0,0,0,2,0,0,2,2,0,0,2,0,0,0,0,0,0,0,2,0,2,0,0,0,0,2,2,0,0,0,0,2,2,0,0,0,0,0,2,0,0,0,0,0,0,2,0,0,0,0,2,0,2,0,0,2,0,0,2,0,0,0,0,2,0,0,0,2,0,0,0,0,2,0,0,0,0,0,0,0,0,0,0,0,0,2,0,0,0,0,2,0,0,2,2,0,2,0,2,0,0,2,2,0,0,0,0,0,0,0,0,2,2,2,0,0,0,0,0,0,0,0,0,2,2,2,0,0,0,0,0,0,0,2,2,0,2,0,0,0,0,0,2,2,0,0,2,0,0,0,0,0,0,2,2,0,0,0,0,0,0,0,0,0,0,0,0,0,2,0,0,0,0,2,0,0,0,2,2,2,0,0,0,0,0,0,0,0,2,0,0,0,2,2,0,0,0,0,0,0,0,0,0,0,0,0,0,0,0,0,2,0,0,2,2,0,0,0,2,0,0,0,0,0,2,0,0,0,0,0,2,0,0,2,0,0,0,0,2,0,0,0,0,0,0,0,0,0,2,0,0,2,0,0,0,0,2,0,0,2,2,2,0,0,0,0,0,0,0,0,0,2,2,2,0,0,2,0,0,0,0,0,0,2,0,2,0,2,0,0,0,0,2,0,2,0,0,0,0,0,0,0,0,2,2,2,0,0,0,0,0,0,0,0,2,2,2,0,0,0,0,0,0,0,0,0,2,0,2,0,0,2,0,0,0,2,0,0,0,0,0,2,0,0,0,0,0,0,0,0,0,0,0,0,0,0,0,2,0,0,0,0,0,0,0,0,0,0,0,0,0,0,0,0,0,0,0,0,0,0,0,2,0,0,0,0,2,0,0,0,0,0,0,0,0,0,0,2,0,0,2,0,0,0,0,0,2,0,0,0,0,2,0,2,0,0,2,0,0,0,0,0,0,0,2,0,0,2,0,0,2,0,2,0,0,0,0,0,0,0,0,0,0,0,0,0,0,0,0,0,2,0,0,0,0,0,0,0,0,0,0,0,0,0,0,0,2,0,0,0,0,0,0,0,0,0,0,0,0,2,0,0,0,0,2,0,2,0,2,0,0,2,2,2,0,0,0,2,0,0,0,2,2,0,0,0,0,0,0,0,0,0,0,0,2,2,2,2,2,2,0,0,0,2,2,0,0,0,0,0,0,0,0,0,0,2,0,0,0,0,0,0,2,2,0,0,0,0,0,0,0,0,0,0,2,2,2,0,0,0,0,2,0,0,0,0,0,0,0,2,0,0,0,0,0,2,0,0,2,2,2,0,0,0,0,0,2,0,2,2,0,0,0,0,2,0,0,0,0,0,0,2,0,2,0,2,0,0,0,2,0,0,0,0,0,2,0,0,0,0,2,0,2,0,2,2,0,0,2,0,0,0,0,0,0,0,0,0,0,2,0,0,0,0,0,0,2,0,0,0,0,2,0,0,2,0,2,0,0,0,0,0,0,0,0,0,0,0,0,2,0,0,0,0,0,0,2,0,0,0,2,0,0,0,0,0,0,2,0,0,0,0,0,2,0,0,0,0,NA,0,0,2,0,0,0,0,0,0,0,0,0,0,2,0,2,0,0,0,0,0,0,0,2,0,0,0,2,2,0,0,0,0,0,0,0,0,2,0,0,0,0,0,0,0,0,0,0,0,0,0,0,0,0,NA,2,0,0,2,2,0,0,0,0,0,0,0,0,0,0,0,2,0,0,0,0,0,0,0,0,2,2,0,0,0,0,0,0,0,0,0,2,0,0,0,2,0,0,0,0,0,0,0,0,2,NA,0,0,0,2,0,0,0,0,0,0,0,0,0,0,2,0,0,0,0,0,0,0,0,0,0,0,0,0,0,0,0,0,0,0,0,2,0,0,0,0,2,0,0,0,0,2,0,0,0,2,0,0,0,0,0,0,0,2,0,0,0,2,0,2,0,0,0,2,0,0,0,0,0,2,0,0,0,0,0,0,0,0,0,0,2,0,0,0,0,0,0,0,2,0,0,2,0,0,2,2,0,0,0,2,0,0,0,0,2,0,2,0,2,0,2,0,0,0,0,0,2,0,0,0,0,0,0,0,0,2,0,0,2,0,0,0,0,0,0,0,0,2,0,2,0,0,0,0,0,0,0,0,0,0,0,2,0,2,2,0,0,2,0,0,0,0,0,0,2,0,0,0,2,0,0,0,0,0,2,0,0,0,2,2,2,0,0,0,0,0,0,0,0,0,0,0,2,2,0,0,0,0,0,2,2,2,0,0,2,2,0,0,2,0,0,2,0,2,0,0,2,2,0,0,0,0,2,0,2,0,2,0,2,0,0,2,0,2,0,0,0,0,0,0,2,0,0,0,0,0,2,0,0,0,0,0,0,0,2,2,0,0,0,0,0,0,0,0,0,0,0,0,0,0,0,0,0,0,0,0,0,0,0,0,0,0,0,2,0,0,0,0,0,0,0,0,2,0,0,0,2,0,0,0,0,0,0,0,0,0,0,0,2,0,2,2,2,0,2,0,2,0,0,2,0,2,2,0,2,2,2,2,2,2,0,2,0,0,0,0,0,0,2,0,2,2,0,2,0,0,0,2,0,0,0,0,0,0,0,0,0,2,0,0,0,2,2,0,2,2,0,0,2,2,2,2,2,0,2,0,0,0,2,0,0,0,0,0,0,0,2,2,0,0,0,0,2,2,0,0,2,0,0,2,0,2,0,0,0,0,0,0,0,2,2,0,0,0,0,0,2,0,2,0,0,0,0,0,2,0,0,2,2,0,0,0,0,0,0,2,0,0,2,0,2,0,NA,0,2,2,0,0,0,0,0,0,0,0,0,2,0,0,0,0,2,2,0,2,0,2,0,0,0,2,0,2,0,0,2,0,0,0,0,2,2,0,0,0,0,0,NA,2,2,2,0,0,0,2,2,0,2,0,2,0,0,0,0,0,0,0,0,0,0,0,0,0,0,0,0,0,0,0,2,0,0,0,0,0,0,2,0,0,0,0,0,2,0,0,0,0,2,2,0,0,0,0,0,2,0,0,0,0,0,2,0,0,0,0,0,0,0,0,0,0,0,2,0,0,0,0,2,0,0,0,0,2,0,0,2,2,0,0,2,0,0,0,0,0,0,0,0,2,0,0,0,0,0,0,0,0,2,0,0,2,2,2,0,0,0,0,0,0,2,0,2,0,0,0,0,2,2,2,0,2,0,0,0,0,0,2,0,0,2,0,2,0,0,0,0,0,0,0,0,2,2,2,0,0,0,0,0,2,2,2,2,2,2,0,0,2,0,0,0,0,0,2,0,0,2,0,0,0,0,0,0,0,0,0,2,0,0,0,0,0,0,0,0,0,2,0,0,2,2,2,2,0,0,0,2,0,0,2,2,2,0,0,2,0,0,2,2,0,0,2,0,0,0,0,0,0,0,0,2,2,0,2,0,2,2,0,2,2,0,0,0,0,0,0,0,2,2,0,0,0,0,2,0,2,0,2,2,0,0,0,0,0,0,0,0,0,0,0,0,2,0,2,0,0,0,0,0,0,0,2,0,0,2,0,0,0,0,0,0,0,0,0,2,2,0,0,0,0,0,0,2,2,0,0,0,0,0,0,0,0,0,0,0,0,0,0,0,0,0,0,0,0,0,0,0,0,0,0,0,0,0,0,0,0,0,2,0,0,2,0,2,0,0,0,0,0,0,0,0,0,0,0,0,2,0,2,0,0,2,2,2,2,0,0,2,0,2,0,0,0,0,2,0,0,2,0,0,0,2,0,2,0,2,2,2,0,0,0,0,2,0,0,2,0,2,0,2,0,2,0,0,0,0,0,0,2,2,0,0,2,0,2,0,0,2,0,0,2,0,2,2,0,0,0,0,0,2,0,0,2,2,0,0,2,2,0,2,0,2,0,2,2,0,0,0,0,0,0,0,0,2,0,0,0,0,0,0,2,0,0,0,0,2,0,0,0,0,2,0,0,0,0,0,0,2,0,0,2,0,0,0,0,0,0,0,0,0,0,0,0,0,0,0,0,0,0,0,0,0,0,0,0,2,0,0,2,0,0,2,0,0,0,0,0,0,0,2,0,0,0,0,2,2,2,0,0,2,0,0,2,0,0,0,0,0,2,2,0,0,0,2,0,0,0,2,0,2,0,0,2,2,2,0,0,0,2,2,0,2,2,0,0,2,2,2,0,2,0,2,2,0,2,0,0,0,NA,0,2,0,2,0,2,2,0,0,2,2,0,2,0,2,2,2,2,2,0,0,0,2,0,0,0,0,0,0,2,0,2,0,2,0,2,0,0,0,2,2,2,0,0,2,0,2,0,2,0,0,0,0,0,0,0,0,0,2,0,0,2,0,0,0,2,0,2,0,0,0,0,0,0,0,2,2,0,0,2,0,0,0,0,0,0,2,2,0,0,0,0,0,2,0,0,0,2,2,0,0,2,0,0,0,0,0,2,2,2,2,2,2,2,2,0,0,2,0,0,0,0,0,0,2,0,0,0,0,2,2,0,0,0,2,0,0,0,0,0,0,2,2,0,0,0,0,0,0,0,0,0,0,0,0,0,2,2,0,0,2,0,0,0,0,2,0,0,0,2,2,0,2,2,0,0,0,0,0,0,0,0,0,0,2,2,0,0,0,0,2,0,0,0,0,0,0,2,0,0,2,0,0,2,0,2,0,2,2,2,0,2,0,0,0,0,0,0,2,2,0,2,0,2,0,0,2,0,2,0,2,0,0,0,0,0,0,0,0,0,0,0,0,0,2,0,0,0,0,0,0,0,0,2,0,0,0,0,0,0,2,0,0,0,0,2,2,0,0,0,0,0,2,2,0,0,2,0,0,2,0,0,0,0,0,0,2,0,0,2,0,0,0,0,0,0,0,0,0,0,0,2,0,0,0,0,0,0,0,0,0,0,0,2,0,0,0,2,0,0,0,2,0,0,0,0,0,0,0,2,0,0,0,0,0,0,2,0,2,0,0,2,0,2,0,2,0,0,0,0,0,0,2,2,2,0,0,0,0,0,0,2,0,0,2,0,0,0,0,0,0,0,0,0,0,0,0,0,0,0,0,0,0,0,0,0,0,0,0,0,2,0,0,0,0,0,0,0,2,2,2,0,0,2,0,0,0,0,2,0,0,0,0,0,0,0,0,0,2,0,0,0,0,0,0,0,0,0,0,0,0,0,2,0,0,0,0,2,0,0,0,0,0,0,0,0,2,2,0,0,0,0,0,0,0,0,0,0,0,0,0,0,0,0,0,2,0,0,0,0,2,2,0,2,2,2,0,0,0,0,0,0,2,0,0,0,0,0,0,0,0,0,2,0,0,0,0,0,0,0,0,0,0,0,0,0,2,0,0,0,0,0,0,0,0,0,2,0,0,2,2,2,0,0,0,2,0,0,2,0,0,0,0,0,0,2,2,0,0,0,0,0,0,0,0,2,2,0,0,0,0,0,0,2,0,0,0,0,0,0,0,2,0,0,0,2,0,0,0,0,0,0,0,0,0,0,0,0,0,0,0,0,0,0,0,0,0,0,0,0,2,0,0,0,0,0,0,0,0,0,0,2,0,0,0,0,0,0,0,2,0,0,0,0,0,0,0,2,2,0,0,0,2,0,0,0,0,0,2,2,0,2,0,2,0,0,2,2,0,0,0,0,0,0,0,0,0,2,0,0,0,2,0,0,0,0,0,0,2,0,0,0,0,2,0,2,2,0,0,0,2,0,2,2,2,2,0,0,2,2,0,0,0,0,0,2,NA,0,2,0,2,2,2,0,0,0,2,0,0,0,0,0,0,0,0,0,2,0,0,0,0,0,2,0,2,0,0,0,0,0,2,0,0,2,0,0,0,2,0,2,0,0,0,2,0,0,2,0,2,0,0,0,0,2,2,2,0,0,0,0,0,0,0,0,0,0,0,0,2,2,2,0,0,0,0,0,0,0,0,0,2,0,2,0,2,0,0,0,0,0,0,0,0,2,2,0,0,0,0,0,2,2,0,0,0,0,0,0,0,0,0,0,0,0,0,0,2,0,0,2,0,0,0,0,0,0,0,0,0,2,2,0,0,0,0,0,0,2,2,0,2,2,2,0,0,0,0,2,0,0,0,0,0,2,0,0,0,0,0,0,2,0,2,2,2,0,0,0,0,0,0,2,0,0,2,2,0,0,2,0,2,0,2,0,0,0,0,0,0,0,2,2,0,0,0,2,2,2,0,0,0,0,0,0,0,0,0,2,0,0,0,0,0,2,2,0,0,0,0,0,0,2,0,0,2,0,0,2,0,0,2,0,0,2,0,0,0,0,0,0,0,2,0,2,2,2,0,2,0,0,0,0,0,0,0,0,0,2,0,0,0,0,0,2,2,0,0,2,0,0,0,2,NA,0,0,0,0,0,0,0,0,0,2,2,0,0,2,0,0,2,0,2,2,0,0,2,0,0,2,2,0,0,0,0,0,0,0,0,0,0,0,0,0,0,0,2,2,0,0,2,0,0,0,0,0,0,2,0,0,2,0,0,0,0,0,0,0,2,2,0,0,0,0,0,0,0,0,2,2,0,0,2,0,0,0,0,0,0,0,0,0,0,2,2,0,0,2,2,2,0,0,2,0,0,0,0,2,0,0,2,2,0,0,2,2,2,2,0,2,0,0,0,2,0,0,0,0,2,0,0,2,0,0,0,0,0,2,2,2,0,0,0,0,0,2,0,0,0,2,2,0,2,2,0,0,0,0,0,2,0,2,2,0,0,0,2,0,0,0,0,0,0,0,0,2,2,0,2,0,0,0,0,0,0,0,0,0,0,0,0,0,0,2,0,0,0,0,0,0,0,0,2,0,2,2,0,2,2,0,0,0,0,2,0,0,2,2,0,0,2,2,0,0,0,0,0,2,0,2,0,0,0,0,0,0,0,2,2,2,2,0,0,0,2,2,0,0,2,0,2,0,0,0,0,0,2,0,0,0,0,2,0,0,0,0,0,0,0,2,2,2,0,0,0,0,0,2,0,0,2,0,0,2,0,0,2,2,0,0,2,2,0,2,0,0,0,2,0,2,0,2,0,0,0,0,0,0,0,0,0,0,2,0,2,0,0,2,0,2,2,0,0,0,2,0,0,0,0,2,0,0,2,0,0,2,2,0,0,0,2,2,0,0,0,0,0,0,0,2,0,0,0,0,0,0,2,2,2,0,0,2,0,0,2,0,0,0,0,0,0,NA,0,0,0,0,2,0,0,0,0,2,0,0,2,0,0,2,0,0,0,0,0,0,0,0,0,0,0,0,0,0,0,0,0,0,0,0,2,0,0,0,0,0,0,0,0,2,2,2,2,2,0,0,0,0,0,0,0,2,2,0,0,0,0,0,2,2,2,0,0,0,0,2,0,2,2,0,2,0,0,0,0,0,0,0,0,0,0,0,0,0,0,0,0,0,0,0,2,2,0,0,0,0,0,0,2,2,0,0,0,0,0,2,0,0,0,0,2,0,0,0,0,0,0,0,0,0,0,0,0,0,0,2,0,0,0,2,0,0,0,0,0,0,0,0,0,2,0,2,0,2,2,2,0,0,0,0,0,0,2,0,0,0,2,0,0,0,2,2,0,2,0,2,2,0,0,0,0,0,0,0,0,0,0,2,0,0,0,0,0,0,0,0,0,0,2,0,0,2,0,2,0,0,0,2,2,0,0,0,0,2,0,2,0,0,0,2,0,0,0,0,2,0,2,0,0,2,0,0,0,0,2,2,0,0,2,0,0,0,0,0,0,0,0,0,0,0,2,2,2,2,0,0,0,0,0,0,0,0,0,2,0,0,2,2,0,0,0,0,0,0,0,0,0,2,0,0,0,0,0,0,0,0,0,0,0,0,0,0,0,0,2,0,0,2,2,0,0,2,0,0,2,0,0,0,2,0,0,0,2,0,2,0,0,0,0,2,0,0,0,0,0,2,0,0,0,0,0,2,0,0,0,2,0,0,0,0,0,0,0,0,2,0,0,0,0,0,0,0,0,0,0,0,2,2,2,0,0,0,0,2,2,2,0,2,0,2,0,0,2
"CC106",0,0,0,0,2,0,0,0,0,0,0,0,0,0,0,0,2,2,0,0,2,0,0,0,2,0,0,0,0,0,0,0,0,0,0,0,0,0,0,0,0,0,0,0,0,0,0,0,0,2,0,0,0,0,0,0,2,0,0,0,0,0,0,0,2,2,0,0,0,0,0,0,0,0,0,0,0,0,0,2,0,0,0,0,0,0,0,0,0,2,0,0,0,0,0,0,0,0,0,0,0,0,2,2,2,0,0,0,0,0,0,0,0,0,0,2,0,0,0,2,0,0,0,2,0,0,0,0,2,0,2,0,0,0,0,2,0,0,0,0,0,0,0,0,0,0,0,0,0,0,0,0,0,0,0,0,2,0,0,0,0,0,2,0,0,2,0,0,2,0,0,0,0,0,0,0,0,0,0,0,0,0,2,2,0,0,0,0,0,2,2,0,0,0,2,0,0,0,0,0,0,0,0,2,0,0,0,0,0,0,0,2,0,0,0,0,0,0,0,0,2,0,0,2,0,0,0,0,0,2,0,0,0,0,0,0,0,NA,0,0,0,0,0,0,2,0,0,0,0,0,0,0,0,0,0,2,2,2,0,0,0,2,0,0,2,0,0,0,0,0,0,0,0,2,2,0,0,0,0,0,0,0,0,0,0,0,0,0,0,0,0,0,0,0,0,2,0,0,2,2,0,0,0,2,2,0,0,2,0,0,0,0,0,0,2,0,0,2,0,0,0,0,0,0,0,2,0,0,0,0,0,0,2,0,0,2,2,0,2,0,2,0,0,0,0,0,0,2,0,0,0,0,0,0,0,0,2,2,0,0,0,0,2,0,0,0,0,0,2,0,2,0,0,0,0,0,0,0,0,0,0,0,0,0,0,0,2,2,0,2,0,0,0,0,0,0,0,0,0,0,0,0,2,NA,0,2,0,0,0,2,0,0,0,2,0,0,0,2,0,0,0,2,2,2,2,0,0,2,0,2,0,0,2,0,0,0,0,0,0,0,0,0,0,0,0,2,0,0,2,0,0,0,0,0,0,0,2,0,0,2,2,2,0,0,0,0,0,0,0,0,0,2,0,0,0,0,0,0,0,0,0,0,0,0,0,2,0,2,2,0,0,0,0,0,0,0,0,0,0,2,0,0,0,0,0,0,0,0,2,2,0,0,0,0,0,0,0,0,0,2,0,0,2,0,0,0,0,0,0,2,0,0,0,0,0,0,0,0,0,2,2,0,0,0,0,0,0,0,0,2,0,0,0,2,0,0,2,0,0,0,0,0,0,2,0,2,2,0,0,0,0,2,0,0,2,2,0,0,0,2,2,0,0,0,0,0,0,0,2,2,0,0,0,2,0,0,2,2,2,0,0,0,0,2,0,0,0,0,2,0,0,0,0,0,0,0,0,0,0,2,0,0,0,2,2,2,0,0,0,0,0,0,0,2,2,2,0,0,0,0,0,0,0,0,0,0,0,0,0,0,0,0,0,0,0,0,0,0,2,2,2,0,0,2,2,2,0,0,0,0,0,0,0,0,0,0,0,0,0,0,0,0,0,0,0,0,0,2,0,0,2,0,0,2,0,0,0,0,0,0,0,0,0,0,2,2,2,0,0,0,0,0,0,0,2,0,0,2,0,0,0,0,0,0,0,2,0,2,2,0,0,2,0,0,2,0,0,0,0,0,0,0,0,0,0,0,0,0,0,0,0,0,0,0,2,0,0,0,0,2,2,0,0,0,0,0,0,0,NA,0,2,0,0,0,0,0,2,0,2,0,2,2,0,0,0,0,0,2,2,0,0,0,0,2,0,0,0,0,0,0,0,0,0,0,2,2,0,0,2,0,0,0,0,0,0,0,0,2,2,0,0,0,0,NA,0,2,0,0,2,0,0,0,0,0,0,0,0,0,0,0,2,0,0,0,0,0,2,0,0,0,2,0,0,2,2,0,0,0,0,0,2,0,0,0,2,0,0,2,0,0,0,0,0,2,0,0,0,0,0,0,2,0,0,2,2,0,2,0,0,0,0,0,0,0,0,0,2,0,0,0,0,2,0,0,0,0,0,0,0,0,0,2,2,0,0,0,0,0,0,0,0,2,2,2,0,0,0,0,0,2,0,2,0,2,2,0,0,0,0,0,2,0,0,0,0,0,0,0,0,0,2,0,0,2,2,2,2,0,0,0,0,0,0,0,0,0,0,0,0,0,0,2,0,0,0,0,0,0,2,2,2,0,0,0,2,0,0,0,0,0,2,0,0,0,0,0,0,0,0,0,0,0,0,0,0,0,0,0,0,0,0,2,0,2,0,2,0,0,0,0,0,0,2,0,2,0,0,0,0,0,0,0,0,2,0,2,0,0,2,0,2,2,0,0,2,2,0,0,0,0,2,2,0,2,2,0,0,0,0,0,0,2,0,2,2,0,2,0,0,0,0,0,0,0,2,0,2,2,0,0,0,2,0,0,0,0,0,0,2,0,0,0,0,0,2,0,0,0,0,0,2,0,2,2,0,0,2,2,2,0,0,0,0,0,0,2,0,2,0,2,0,2,0,0,0,2,0,0,0,0,0,0,0,0,0,2,0,0,0,0,2,0,0,2,2,0,0,0,2,2,0,0,0,0,2,2,0,0,0,0,NA,0,0,0,2,0,0,0,0,0,0,0,0,2,0,0,0,0,2,0,2,0,0,0,2,0,0,0,2,0,2,0,2,0,2,2,0,2,2,0,0,0,0,2,2,NA,0,0,0,0,0,2,0,2,0,0,0,NA,0,0,0,0,0,0,0,2,0,0,0,2,2,0,2,0,0,NA,0,2,0,2,0,0,2,2,0,2,0,0,0,0,0,0,0,2,2,0,0,0,0,0,0,0,0,0,0,2,0,0,0,0,0,0,0,0,0,0,2,0,0,0,0,0,0,2,2,0,0,0,0,2,0,2,0,0,0,0,0,0,0,0,0,0,0,0,2,0,2,0,0,0,0,0,0,0,0,0,0,2,0,0,0,0,0,0,0,0,2,0,0,0,0,0,0,0,0,0,0,0,0,0,0,0,0,0,0,0,0,0,0,0,0,2,0,0,0,0,0,2,0,0,2,2,2,2,0,0,0,0,2,0,0,2,0,0,2,0,2,0,0,0,0,0,0,0,0,0,0,0,0,0,2,0,2,0,2,2,0,0,0,2,0,0,0,0,0,0,0,0,0,2,2,0,0,0,0,0,0,0,0,2,0,0,0,2,0,0,2,2,0,0,2,0,0,0,2,2,0,0,0,2,0,2,0,0,0,0,0,0,2,2,2,0,2,0,2,0,0,0,0,2,0,0,0,2,0,2,0,0,0,0,0,0,0,0,0,0,0,2,0,2,0,0,0,0,2,0,0,2,0,0,2,0,0,0,0,0,0,0,0,0,2,0,0,0,0,0,0,0,0,2,0,0,0,2,0,0,0,0,0,0,0,0,2,0,0,2,0,0,0,0,0,0,0,0,2,0,2,0,2,0,0,0,0,0,0,2,0,0,0,2,0,0,2,0,0,2,2,2,0,0,0,0,0,2,0,0,0,0,2,0,0,0,2,0,0,2,0,0,0,0,0,0,2,2,0,2,0,0,0,0,0,0,0,0,0,0,0,0,2,0,0,0,0,0,0,0,0,0,0,0,NA,0,0,0,0,0,0,2,0,0,0,0,0,0,2,2,2,0,0,0,0,0,0,0,0,0,0,2,0,0,0,0,0,0,0,0,0,0,0,0,2,0,0,0,0,0,0,2,0,0,0,0,0,0,0,2,0,0,2,0,2,0,2,2,0,0,0,0,2,2,0,0,0,0,0,2,0,0,0,0,2,0,0,0,0,2,2,0,0,0,0,0,2,0,0,0,0,0,0,0,2,0,0,0,2,2,2,0,2,2,2,2,2,0,0,0,0,0,2,0,0,2,2,2,2,0,2,0,0,0,0,0,0,0,0,0,0,0,0,0,0,0,0,2,2,0,2,0,0,0,0,0,2,2,0,0,0,0,0,0,0,0,0,2,2,0,2,0,0,0,0,0,2,0,0,0,0,0,0,0,0,0,2,0,0,2,2,0,0,2,0,0,0,0,2,0,2,0,0,0,0,0,2,0,0,2,0,0,0,0,0,0,0,0,0,0,0,0,0,0,0,2,0,2,0,2,0,0,0,0,2,0,0,0,0,0,0,2,2,2,0,0,0,2,0,2,0,0,2,0,0,0,0,0,0,0,0,2,2,0,0,0,2,0,0,2,0,0,2,0,0,0,0,0,2,0,0,0,0,2,0,2,2,0,2,0,2,0,0,0,2,0,0,0,2,0,0,0,0,0,2,2,0,0,0,0,0,2,0,0,0,2,0,2,0,0,0,0,0,0,0,2,0,0,0,0,2,0,0,0,0,0,0,0,2,0,2,0,0,0,0,0,0,0,2,0,0,0,0,0,0,0,0,0,0,0,0,0,0,2,2,0,0,0,0,0,0,0,0,0,0,0,0,0,0,2,0,2,2,0,2,2,0,0,2,0,0,0,2,NA,0,2,0,0,0,0,0,0,0,0,0,0,0,0,0,0,0,0,0,0,2,0,2,0,0,2,2,0,0,0,0,2,0,0,0,0,0,0,0,0,0,0,0,0,0,0,2,0,0,0,0,0,2,0,0,0,0,0,0,0,2,0,2,0,0,0,2,0,2,0,2,0,0,0,0,0,2,0,0,0,0,0,0,0,0,2,2,0,0,0,0,0,2,0,0,0,0,0,2,2,0,2,2,0,0,0,0,0,2,0,0,2,2,2,0,0,0,0,0,0,0,0,0,2,0,0,0,0,0,0,0,0,0,0,2,0,2,0,2,0,0,0,0,0,2,0,0,0,0,0,0,0,0,0,0,0,0,0,0,0,0,0,0,2,0,0,0,0,0,0,0,0,2,0,2,0,0,2,0,0,0,0,0,0,0,0,0,0,0,0,0,0,0,0,0,2,0,0,0,0,2,0,0,2,0,0,0,0,2,0,0,0,0,0,0,0,0,0,0,0,2,0,0,0,0,0,0,0,0,2,0,0,0,0,0,2,0,0,0,0,0,0,0,2,2,0,0,0,0,0,0,0,0,0,0,0,0,0,0,2,0,0,0,0,2,0,2,0,0,0,0,0,0,2,0,0,0,0,0,0,0,0,0,0,0,2,2,0,0,0,0,0,0,2,0,0,0,0,0,0,2,0,0,0,2,2,0,0,0,2,2,0,0,2,0,0,0,0,0,0,0,0,0,0,0,0,0,0,0,0,0,0,0,0,2,0,0,2,0,0,0,0,0,0,0,2,0,0,0,0,0,0,0,0,2,2,2,0,0,0,0,2,0,0,2,0,0,0,2,2,0,0,0,0,0,0,0,2,2,0,0,2,0,0,2,0,0,0,2,0,0,2,0,0,0,0,2,0,0,0,2,0,0,0,2,2,0,0,0,0,0,0,0,0,0,0,0,2,0,0,2,0,0,0,2,2,0,0,0,0,0,0,0,2,0,0,0,0,2,0,2,0,0,0,0,0,0,0,0,0,0,0,0,0,2,2,0,2,2,0,0,0,0,0,0,0,2,0,0,0,2,0,0,0,0,0,0,2,0,0,0,0,2,0,0,0,0,0,0,0,0,0,2,0,0,0,0,0,2,0,0,0,2,0,0,0,0,0,0,0,0,0,0,0,0,2,0,0,0,0,2,0,0,0,0,0,0,0,2,2,0,0,2,0,0,0,0,0,0,0,0,0,0,0,2,0,0,0,0,0,0,0,0,2,0,0,0,0,0,0,0,2,0,0,0,0,0,0,0,0,0,0,2,0,2,2,0,0,0,0,0,0,0,0,2,0,0,2,0,0,0,0,2,2,0,0,0,0,0,2,0,0,0,0,0,0,2,0,2,2,2,0,0,2,0,0,0,0,0,0,0,0,0,0,0,0,2,0,2,2,2,2,0,0,0,0,0,0,0,0,0,0,2,2,0,0,0,0,0,2,0,0,0,0,0,0,0,0,0,0,0,0,0,0,0,0,0,0,0,2,2,0,2,0,0,0,0,0,0,2,0,2,0,0,0,0,0,0,0,0,0,0,0,0,0,0,0,0,0,0,0,0,0,0,2,0,0,0,0,0,0,0,2,0,0,0,0,0,0,0,0,2,2,0,2,2,0,0,0,0,0,0,0,0,0,0,0,0,0,0,0,0,2,2,0,0,0,0,0,0,0,0,0,0,0,2,0,0,0,2,0,0,0,0,0,0,0,0,0,0,0,0,2,0,0,0,2,0,0,0,0,0,0,0,0,0,2,0,0,2,0,0,0,0,0,0,0,0,0,2,2,0,0,0,0,0,0,2,0,2,0,0,0,0,0,0,0,0,0,0,2,2,2,0,0,0,0,0,0,2,0,0,0,0,0,0,0,2,2,0,0,0,0,0,0,0,0,0,0,0,2,0,2,0,0,2,0,0,0,2,0,0,0,0,0,0,2,0,0,0,0,0,0,2,0,2,0,0,0,0,0,0,2,0,0,0,0,2,2,0,0,2,0,2,2,2,0,2,0,0,0,0,0,0,0,0,0,0,2,0,0,0,0,2,0,0,2,0,2,0,2,0,0,2,0,2,2,2,0,0,0,0,0,0,0,0,0,0,0,0,2,2,0,0,0,0,0,2,0,0,0,0,0,0,0,0,0,2,0,0,0,0,2,0,0,2,0,0,0,0,2,0,0,0,0,0,0,0,2,0,0,0,0,2,0,0,0,2,0,0,0,0,0,0,0,2,0,0,2,0,2,0,0,0,0,0,2,0,0,0,0,0,0,0,0,2,0,0,0,0,0,0,2,0,0,0,0,0,0,0,0,0,0,0,0,2,2,0,0,0,0,0,2,0,2,0,0,0,0,0,0,0,2,0,0,0,2,0,0,0,0,2,2,0,0,0,0,0,0,0,0,0,0,2,0,0,0,0,2,0,0,0,0,0,0,0,2,2,0,0,0,0,0,0,0,0,0,0,0,0,0,0,2,2,0,0,0,0,0,0,2,2,2,0,0,0,0,0,0,0,0,0,0,0,0,0,0,0,0,2,0,0,0,0,0,2,0,0,0,0,0,0,0,0,0,0,0,0,0,0,0,0,0,0,0,0,0,2,0,2,0,0,0,0,0,0,0,0,0,0,0,0,0,0,0,0,0,0,0,0,0,0,0,0,2,0,0,0,2,0,0,0,0,0,0,2,0,0,2,0,0,2,0,0,0,0,0,0,0,2,0,2,0,0,0,0,0,0,0,2,2,0,0,0,0,0,0,2,0,0,0,0,0,0,0,0,0,0,0,0,0,0,0,0,0,0,0,2,0,0,2,0,0,0,0,0,0,0,0,2,0,0,0,0,2,0,2,0,0,0,0,0,0,2,2,0,0,0,0,2,0,2,0,0,0,0,2,0,0,2,0,2,0,0,0,0,0,0,0,0,0,0,0,0,0,0,NA,0,0,0,2,0,2,0,0,0,0,0,0,2,0,0,0,2,0,0,0,0,2,0,0,0,0,2,0,0,0,0,0,0,0,0,0,0,0,0,0,0,0,0,0,2,0,2,0,2,0,0,0,0,0,0,2,0,0,0,0,0,0,2,0,0,0,0,0,0,2,0,0,0,0,2,0,2,0,2,NA,0,0,0,0,2,2,2,0,0,2,2,2,0,0,0,0,0,0,0,0,2,0,0,0,0,0,0,2,2,0,0,0,0,0,0,0,0,0,0,2,0,0,0,0,0,0,2,0,2,2,0,0,0,2,2,2,0,0,2,0,0,2,0,2,0,2,0,0,0,0,2,2,0,0,0,0,2,0,0,0,0,2,2,2,0,0,2,2,2,2,2,0,0,0,0,2,0,2,0,0,0,0,0,2,0,2,2,0,0,0,0,0,0,0,0,0,0,0,2,0,2,0,0,0,0,0,2,0,0,0,2,2,0,2,2,0,0,0,2,0,0,0,0,0,2,0,0,0,0,0,2,0,0,2,2,0,2,0,0,0,0,0,0,0,0,2,0,0,2,0,0,2,2,0,2,0,0,2,0,0,0,2,0,0,0,0,0,0,2,0,0,0,0,0,0,2,2,0,2,0,0,2,0,0,0,2,2,0,0,2,0,0,0,0,0,0,2,0,0,2,2,0,0,0,0,0,0,0,0,0,2,0,0,0,0,0,0,2,0,0,0,2,2,2,2,2,2,0,2,0,0,0,0,0,0,2,0,0,0,0,0,0,0,2,0,0,0,0,0,0,0,0,0,0,0,0,0,0,0,0,0,0,0,0,0,0,0,0,0,0,0,0,2,0,0,0,0,0,0,0,2,0,0,0,0,0,0,0,0,0,0,0,0,0,0,0,0,0,2,2,0,0,0,0,2,0,0,0,0,0,0,0,0,0,0,0,0,0,2,0,0,0,0,0,0,0,0,2,0,0,0,0,0,0,0,0,0,0,0,0,0,2,0,0,0,0,0,0,2,0,0,0,0,2,2,0,0,2,0,0,2,0,0,0,2,0,0,0,2,0,0,0,2,0,2,0,0,2,0,0,0,0,0,0,0,0,0,0,0,2,0,0,0,2,0,0,0,0,0,0,0,0,0,0,0,2,0,0,0,2,0,0,0,2,0,0,2,2,2,0,0,0,0,0,2,0,2,0,0,2,0,0,2,2,2,2,0,2,2,0,0,0,0,0,2,0,0,0,0,0,0,0,0,0,0,0,0,0,0,0,0,0,0,0,0,0,2,2,2,2,0,0,2,0,0,2,0,0,2,0,0,0,0,0,0,0,0,2,0,0,0,2,0,0,0,0,0,0,0,0,0,2,0,0,2,0,0,0,0,0,0,0,0,0,0,0,0,0,0,0,0,0,0,0,0,0,0,0,0,0,2,2,2,0,0,2,0,0,0,0,0,0,0,0,0,0,0,0,0,0,0,0,0,2,0,0,0,0,0,0,0,0,0,2,0,2,2,0,0,0,2,0,0,2,0,0,0,2,2,0,0,2,0,0,0,0,0,0,0,0,0,0,2,2,0,0,0,2,0,0,2,2,0,2,2,0,0,0,0,0,0,0,0,0,2,2,0,2,0,0,0,0,0,0,0,0,0,0,0,0,0,2,2,0,0,2,0,0,2,0,0,0,0,0,0,0,0,0,0,0,0,0,0,2,0,0,2,0,0,0,0,0,0,0,0,0,0,0,0,0,0,0,0,0,0,0,0,0,0,0,0,0,0,2,0,0,0,0,0,0,2,0,0,0,0,0,2,NA,0,0,0,0,0,0,0,2,2,0,0,0,2,0,0,2,0,0,2,0,0,2,0,2,0,0,0,0,0,0,0,0,0,2,0,0,0,0,0,0,0,0,0,0,0,0,0,2,0,0,0,0,0,0,0,0,0,0,0,0,0,0,0,0,0,2,2,0,0,0,0,0,0,0,0,0,0,0,0,0,0,2,0,0,0,0,0,0,0,0,0,0,2,0,2,0,0,0,0,0,2,0,0,2,0,0,0,0,0,0,0,2,0,0,0,0,2,0,0,0,0,0,0,0,0,0,0,0,0,0,0,0,0,2,2,0,2,0,2,0,0,0,0,2,0,0,0,0,0,0,0,2,0,0,2,0,2,0,0,0,0,2,2,0,2,0,0,0,0,0,0,0,0,2,2,0,0,0,0,0,0,0,0,0,0,0,0,0,0,0,0,0,0,0,2,0,0,0,0,2,0,2,0,0,0,2,0,2,0,2,0,0,0,0,2,0,0,0,0,2,2,2,2,0,0,0,0,0,2,0,0,2,0,0,2,0,0,0,0,0,2,0,0,2,2,2,0,0,0,0,0,0,0,0,0,0,0,0,0,0,0,0,0,0,0,0,0,0,0,0,0,0,0,0,0,0,0,0,0,0,0,0,0,0,0,2,2,0,0,0,0,0,0,0,0,0,0,0,0,0,2,2,0,2,0,0,0,0,0,0,0,0,2,2,0,0,0,0,2,2,0,0,0,2,0,0,0,0,0,0,0,0,0,0,0,0,0,2,0,0,0,0,0,0,0,0,0,0,0,2,0,0,0,0,0,0,0,2,0,2,0,0,0,2,0,0,0,0,2,0,0,0,0,0,0,0,2,0,0,0,0,2,0,0,2,2,0,0,2,0,0,0,2,0,0,2,2,0,0,0,2,0,0,2,0,0,0,0,0,0,0,0,0,0,2,0,0,0,0,0,0,0,2,0,2,0,0,0,0,0,0,0,0,2,0,0,0,0,0,0,0,0,0,0,0,0,0,0,0,0,0,2,0,2,0,0,0,0,0,2,0,0,0,2,0,0,0,0,2,0,0,0,0,0,0,0,2,0,0,0,0,0,0,0,0,0,2,2,0,0,0,0,0,0,2,0,0,0,2,2,0,2,2,2,0,0,0,0,2,0,2,0,0,0,2,0,0,0,0,0,0,0,2,NA,2,0,0,0,0,0,0,0,0,2,NA,0,0,0,0,0,0,0,2,0,0,0,0,0,0,0,2,0,0,2,2,0,0,0,0,0,0,0,0,0,0,0,2,0,0,0,0,0,0,2,0,0,2,0,0,2,0,2,0,0,0,0,0,0,0,0,0,2,0,2,0,2,0,0,0,0,0,0,0,0,2,2,0,0,0,0,0,0,0,0,0,2,2,2,0,0,0,2,0,0,0,0,0,0,0,0,0,0,0,0,0,2,0,0,0,0,0,0,0,2,0,0,0,0,2,0,0,0,0,0,0,0,0,0,0,0,0,2,0,0,0,0,2,0,0,0,0,0,0,0,0,0,0,0,0,0,0,0,0,0,2,0,0,0,0,0,0,0,0,0,0,0,2,0,0,0,2,0,0,2,0,2,0,0,0,0,0,2,0,0,0,0,0,0,0,0,0,0,0,0,2,0,0,0,0,0,2,0,2,0,2,0,0,0,0,0,2,0,0,0,0,2,0,2,0,0,0,0,0,0,0,0,2,0,0,0,0,0,2,0,2,0,2,2,2,0,0,0,0,NA,2,2,0,2,0,0,0,2,2,0,2,0,0,2,0,0,0,0,0,0,0,2,0,2,0,0,2,0,0,0,0,2,0,0,0,0,0,0,0,0,0,0,0,0,0,0,0,2,0,0,0,2,2,0,0,0,2,0,0,0,0,0,2,2,0,0,0,0,0,0,0,0,0,0,0,0,0,0,0,0,0,0,0,0,2,0,2,0,0,0,0,0,0,0,0,0,2,0,2,0,0,0,0,0,2,2,0,0,0,0,0,0,0,0,0,0,0,0,2,0,2,0,0,0,0,0,0,0,0,0,0,0,0,0,0,0,0,0,0,0,0,0,0,2,2,0,0,0,0,0,0,0,0,0,0,0,0,0,0,0,0,0,0,0,0,0,0,0,0,0,0,0,2,0,0,0,0,0,2,0,0,0,0,0,0,0,0,0,0,0,0,2,0,2,2,0,2,0,0,0,0,0,0,0,2,0,0,0,0,0,0,0,2,0,0,0,0,0,2,0,0,0,0,0,0,0,0,0,0,0,0,0,0,0,0,0,0,0,0,0,0,0,0,0,2,0,2,0,0,0,0,0,0,0,0,0,0,2,2,0,0,2,2,0,2,0,0,2,2,0,0,2,0,0,0,0,0,2,2,0,0,0,0,0,2,0,0,0,0,0,0,0,0,0,0,0,0,0,0,0,0,0,0,0,0,0,2,0,2,0,0,0,0,0,0,0
"CC107",0,0,0,0,0,0,0,0,2,0,2,0,0,0,0,0,0,0,0,0,2,2,0,2,0,0,0,2,0,0,0,0,0,0,2,0,2,0,0,0,2,2,2,2,2,0,0,0,0,0,2,0,0,0,0,2,2,0,0,0,0,0,2,2,0,2,0,0,0,0,2,2,0,2,2,0,0,0,0,0,0,2,0,0,0,0,0,0,0,2,0,2,0,0,0,2,0,2,0,0,0,0,0,2,0,2,0,2,0,0,2,0,0,0,2,0,0,0,0,0,0,0,0,2,0,0,NA,0,2,2,2,0,0,0,0,0,0,2,0,0,0,0,0,0,0,0,0,2,2,2,0,0,0,0,0,0,0,2,0,0,0,0,0,2,2,2,0,0,0,0,0,2,0,0,0,0,0,0,0,2,2,0,0,0,0,0,0,2,0,2,0,0,0,0,0,NA,2,0,0,0,0,2,0,0,0,0,0,0,0,0,0,0,0,0,0,0,0,2,0,0,2,0,0,0,0,0,0,2,0,0,0,0,0,2,0,0,0,2,0,0,2,0,0,2,0,0,0,0,NA,0,0,0,0,0,0,2,2,2,0,0,2,2,0,0,2,0,0,2,0,2,0,0,0,2,0,0,0,0,0,0,0,0,0,0,0,0,0,0,2,0,0,0,0,0,0,0,2,0,0,0,0,0,0,0,0,0,0,2,0,0,0,2,0,0,0,0,0,2,0,0,0,0,0,2,2,0,0,0,0,0,0,2,0,0,0,0,0,0,2,0,0,0,0,0,0,0,0,0,0,0,2,0,0,0,0,2,0,2,0,0,0,0,0,0,0,0,0,0,0,0,2,0,0,0,0,0,0,0,0,0,0,0,0,0,2,0,0,2,2,0,0,0,0,0,0,0,0,0,0,0,2,0,2,0,0,0,2,0,0,0,0,0,0,0,0,0,0,0,0,0,0,2,0,0,2,0,0,2,2,0,0,0,2,2,2,0,0,0,0,0,2,0,0,0,0,0,0,0,0,0,0,0,0,0,0,0,0,0,0,0,0,0,0,0,0,0,0,2,0,0,0,0,0,0,0,0,0,0,0,0,0,0,0,0,2,2,0,0,2,2,0,0,0,0,0,0,0,0,2,2,0,2,2,0,0,0,0,0,0,0,0,2,0,0,0,0,0,0,0,0,0,0,0,0,0,0,0,0,0,2,0,0,0,0,0,0,2,0,0,2,2,0,0,2,0,0,0,0,0,0,0,0,0,0,0,0,2,2,0,0,0,0,0,2,0,0,0,0,0,0,0,2,0,0,2,0,2,0,0,0,0,2,0,0,0,0,0,0,0,2,0,0,0,0,2,0,2,2,2,2,0,0,0,0,0,0,0,0,2,0,0,0,0,0,0,0,2,0,0,0,0,0,0,0,0,0,0,0,0,0,0,0,0,0,2,0,0,0,0,2,0,0,2,0,0,0,0,2,0,0,0,0,0,0,0,0,2,0,0,0,0,0,0,0,0,0,0,0,0,0,0,0,0,2,0,0,0,0,0,0,0,0,0,0,0,0,0,2,0,0,0,0,0,2,0,0,2,0,0,2,0,2,0,2,2,2,2,0,0,0,0,0,0,0,0,0,0,0,2,0,0,0,0,0,0,2,0,2,2,0,0,0,0,0,0,0,0,0,0,0,0,0,0,0,0,0,0,2,2,0,0,0,0,0,0,0,0,0,2,0,0,0,2,0,0,0,0,0,0,0,2,0,0,0,0,0,2,0,0,0,0,0,2,0,0,0,0,0,0,0,0,0,0,0,0,0,2,0,0,0,0,0,0,0,0,0,0,0,0,0,0,0,0,0,0,2,2,0,0,0,0,0,2,2,2,0,0,0,0,0,0,0,0,0,2,0,2,0,0,0,0,2,0,2,2,2,0,2,0,2,2,0,2,0,2,2,0,0,0,2,0,2,2,2,0,0,0,2,0,0,2,0,0,2,0,0,0,0,0,2,2,2,0,0,0,0,0,0,0,2,0,2,2,0,2,0,2,0,0,0,2,0,0,0,2,0,0,2,0,0,0,0,0,0,2,2,0,2,0,0,2,0,0,0,0,2,0,0,0,2,0,0,0,0,0,2,0,0,0,0,0,0,2,0,2,0,0,0,0,0,2,0,2,0,0,0,0,0,0,0,2,0,0,0,0,0,2,0,0,0,0,2,0,0,0,0,0,0,2,2,0,0,0,0,0,0,0,0,0,0,0,0,0,0,0,0,0,0,0,0,0,0,0,0,0,0,0,0,0,2,0,0,0,0,0,0,2,2,0,0,0,0,2,0,2,0,2,0,0,0,0,0,0,0,0,2,0,0,0,2,0,0,0,0,0,0,0,0,0,0,0,0,0,0,2,0,0,2,2,2,0,0,NA,0,0,0,0,2,0,0,0,0,2,0,0,2,0,0,0,0,0,0,0,0,0,0,2,2,0,0,0,0,2,0,0,2,0,0,0,0,0,0,0,0,2,0,0,0,0,2,2,0,0,0,0,0,2,2,0,0,0,0,2,0,0,0,0,2,0,0,2,0,0,0,0,0,0,2,2,0,0,2,0,2,0,0,0,0,0,0,0,0,0,0,0,0,0,0,0,2,2,2,0,0,0,0,2,0,0,0,0,0,0,0,2,0,0,0,0,0,2,0,0,0,0,0,0,0,0,2,0,2,0,0,0,0,0,0,2,0,0,0,0,0,2,0,0,0,0,0,0,0,0,0,0,0,0,0,0,0,0,0,0,0,2,2,0,0,0,2,0,2,2,0,0,0,0,0,0,2,0,0,0,0,0,0,2,0,0,0,0,0,0,0,0,0,0,0,0,0,0,0,2,0,0,0,0,2,0,0,0,0,0,0,0,0,0,2,NA,2,0,0,2,2,0,0,0,2,0,0,0,0,0,0,0,0,2,0,0,2,0,0,0,0,2,0,0,0,0,0,0,0,2,0,0,0,0,2,2,0,0,0,2,0,0,0,0,0,0,0,0,0,0,0,0,0,0,0,0,2,0,0,0,0,0,0,0,0,2,0,0,2,0,0,0,0,0,0,2,0,2,2,2,2,2,0,0,0,0,2,2,0,0,0,0,0,0,2,0,0,0,0,0,0,0,0,0,0,0,0,0,2,0,0,0,0,0,0,2,0,0,0,0,0,0,0,0,0,0,2,0,2,0,0,0,0,0,0,0,0,0,0,0,2,0,2,0,0,2,0,0,0,0,2,2,0,2,0,2,0,0,0,0,0,0,0,2,0,0,2,0,0,0,0,0,NA,0,0,0,0,0,0,0,0,0,0,0,0,0,2,2,0,0,0,0,2,0,0,0,0,0,0,0,0,0,0,0,0,0,0,0,0,2,0,2,0,0,0,0,0,0,2,2,2,0,0,0,0,2,0,0,0,0,0,2,0,2,2,0,0,2,2,0,0,2,0,0,2,0,2,0,0,0,0,0,2,0,0,2,0,0,2,0,0,2,0,2,0,0,2,0,0,0,0,0,0,0,0,0,0,0,2,0,0,0,0,2,0,0,0,0,0,0,0,0,0,0,0,0,0,0,0,0,2,0,0,0,0,0,0,0,0,0,2,2,0,2,0,2,0,2,2,0,2,NA,0,0,2,0,0,0,0,0,0,2,0,0,2,0,2,0,0,2,0,2,2,0,0,0,0,0,2,2,0,0,0,0,2,0,0,0,0,0,0,0,0,0,0,0,0,0,2,0,0,0,2,0,0,0,0,2,2,0,0,0,2,2,0,0,0,2,0,0,2,0,2,0,0,0,2,0,0,0,2,0,2,0,2,0,0,2,0,2,0,0,0,2,0,0,0,0,0,0,2,0,2,0,2,2,0,0,0,0,2,0,0,0,0,0,2,2,2,0,0,2,0,0,0,0,2,0,0,0,0,0,2,0,0,0,0,0,0,2,0,2,0,0,0,0,0,0,0,0,0,0,0,0,0,0,2,0,0,0,0,0,0,2,0,0,0,0,0,2,0,0,0,0,0,0,0,0,0,0,0,2,2,0,0,0,0,0,0,2,2,0,2,0,0,0,2,0,0,0,0,2,0,2,2,2,0,0,0,2,2,0,2,0,0,0,0,0,0,0,0,0,2,0,2,2,0,0,2,0,2,0,2,0,0,0,2,2,0,0,0,0,0,2,0,0,0,0,0,2,2,0,0,0,2,2,0,0,0,0,0,0,2,0,0,2,0,0,0,0,0,0,0,2,0,0,0,2,2,0,0,0,0,0,0,2,2,0,2,2,0,2,0,NA,0,0,2,2,0,2,0,0,2,0,0,2,2,2,0,2,0,2,2,0,0,0,2,2,0,0,2,0,0,0,0,0,0,0,2,2,0,0,2,2,0,0,0,0,0,0,0,0,0,2,0,0,0,0,0,0,0,0,0,0,0,2,0,0,0,0,0,0,0,2,0,0,0,0,0,0,0,2,2,0,0,0,2,0,0,0,0,0,0,0,0,0,0,0,0,0,0,0,0,0,0,2,0,0,2,2,0,0,0,0,0,0,0,0,0,0,0,2,NA,0,0,2,2,2,0,0,0,0,0,0,0,0,0,0,2,0,0,0,0,0,0,0,0,0,0,0,0,2,0,2,0,0,0,0,0,0,0,0,0,0,0,0,0,0,0,0,0,0,0,0,0,0,0,2,0,0,0,0,0,0,0,0,0,0,0,0,0,0,0,2,0,0,0,0,0,0,0,0,0,0,2,0,0,0,0,0,2,2,0,2,0,2,0,0,0,2,2,0,0,0,0,0,0,2,0,0,0,0,0,0,0,0,0,2,2,2,0,0,0,0,2,2,2,0,0,0,0,2,2,0,0,0,0,0,0,0,0,0,2,2,0,0,0,0,0,0,0,0,0,0,0,0,0,0,0,0,0,0,0,0,0,0,0,0,0,0,0,0,0,0,0,0,0,0,0,0,0,0,2,0,0,0,0,2,2,0,NA,0,0,0,0,2,0,0,0,0,0,2,0,0,0,0,2,0,2,2,2,0,0,2,2,2,0,0,0,0,0,0,0,0,0,0,0,0,2,0,2,0,0,0,0,0,0,0,0,2,0,2,2,0,0,0,2,0,0,0,0,2,0,2,0,0,0,0,2,0,0,2,0,2,0,0,2,0,2,0,2,0,2,2,0,2,0,0,0,0,2,0,0,2,0,0,0,2,2,0,2,0,0,0,0,0,0,2,0,2,2,0,0,0,0,0,0,0,0,0,0,0,0,0,0,0,0,0,0,2,0,2,0,0,2,0,0,0,0,0,0,0,2,0,0,0,0,0,0,0,0,0,2,0,0,0,0,0,0,0,0,0,0,2,0,0,0,0,0,0,0,0,0,0,2,2,0,2,2,0,0,2,2,0,0,0,0,0,0,0,0,2,2,2,0,0,0,2,0,0,2,0,0,0,0,0,0,0,0,0,0,0,2,2,NA,0,0,2,0,0,2,0,2,0,0,0,0,0,0,0,0,0,0,0,0,0,0,2,0,0,0,0,2,0,0,0,0,0,2,0,2,0,0,2,0,2,0,0,0,2,0,0,0,0,0,2,0,0,0,0,0,0,0,0,0,2,0,0,0,0,0,0,0,0,0,0,0,0,0,0,2,0,2,0,0,0,2,0,2,0,0,0,0,2,0,0,2,NA,0,0,2,0,0,0,2,0,0,2,0,0,2,2,0,2,2,0,0,0,0,0,2,0,2,0,0,0,2,0,0,0,0,0,2,0,0,0,2,0,0,0,0,0,0,0,2,0,0,0,0,0,0,0,2,0,0,2,0,0,0,2,0,0,0,0,0,0,0,2,0,2,0,2,0,0,0,2,0,0,0,0,2,0,0,0,0,0,0,0,0,0,2,0,2,0,2,0,0,0,0,2,0,0,0,0,0,0,0,0,0,2,0,0,0,2,0,0,2,2,2,0,0,0,0,0,0,0,0,0,0,2,0,2,0,0,0,0,2,0,0,0,0,0,0,0,0,0,0,0,0,2,0,0,0,0,0,0,2,0,0,0,0,0,2,0,0,0,0,0,0,0,2,0,0,0,0,0,0,0,0,0,2,0,0,0,0,0,0,2,0,0,0,0,0,0,0,0,0,0,0,2,0,0,0,0,2,0,2,0,2,0,0,0,0,0,0,2,0,0,0,0,0,2,0,2,0,0,0,2,0,0,2,0,2,0,0,0,0,2,2,0,2,0,2,0,2,2,0,2,2,0,0,0,0,0,2,0,0,0,2,2,0,0,2,2,0,0,0,0,2,0,2,0,0,2,0,2,0,2,2,0,0,2,0,0,2,2,2,2,2,0,2,0,0,0,2,0,0,0,0,0,0,0,2,0,0,0,0,0,0,2,0,0,2,0,0,2,2,0,0,0,0,0,2,0,2,0,2,0,0,0,0,0,0,0,0,0,0,2,0,0,2,0,0,0,2,0,0,2,0,0,0,2,0,0,0,0,2,0,0,0,0,2,0,0,0,0,2,2,0,2,0,2,2,2,2,0,2,0,0,2,0,0,0,0,0,2,2,2,0,2,2,0,0,0,0,0,0,0,0,2,0,0,2,0,0,0,0,0,0,0,2,0,2,0,2,0,0,0,0,0,0,0,0,0,0,0,0,2,0,0,0,0,2,0,2,2,0,0,2,0,2,0,0,0,0,0,0,0,0,2,0,0,0,2,0,0,0,0,0,0,0,0,0,0,0,2,0,0,0,0,0,0,0,0,0,0,0,0,0,0,0,0,2,0,0,0,0,2,0,0,0,2,0,0,0,0,0,0,0,0,0,0,0,0,0,0,0,0,2,0,0,0,0,0,0,0,2,2,0,0,0,2,2,0,2,0,2,0,2,2,0,0,0,0,2,0,0,0,0,0,0,0,0,0,0,0,0,0,2,2,2,0,0,0,0,2,2,2,0,2,0,2,2,0,0,0,2,2,2,0,0,2,0,0,0,0,0,0,0,0,2,0,0,2,0,0,0,0,0,2,0,2,0,0,0,0,0,2,0,2,2,0,0,2,0,0,0,0,0,0,0,0,0,0,2,2,0,0,0,0,0,0,2,0,0,0,0,0,2,0,0,0,0,0,0,2,0,0,0,0,2,0,0,0,2,0,0,0,2,0,0,0,2,0,0,0,0,2,2,2,0,2,0,0,0,0,0,0,2,2,0,0,0,2,0,2,0,0,0,2,0,0,0,0,0,2,0,0,2,0,0,0,2,0,0,0,0,0,2,2,0,0,0,0,0,0,2,2,2,0,0,0,2,0,0,0,0,0,0,0,0,0,0,0,0,0,0,0,0,0,0,0,0,0,0,2,NA,0,2,2,0,0,0,0,2,0,0,0,0,0,0,0,0,0,0,0,0,2,0,2,0,2,0,0,0,2,2,0,0,2,2,0,2,0,0,0,0,2,2,0,0,0,0,2,2,0,2,0,2,0,0,2,2,0,0,0,0,0,2,0,0,0,2,0,2,0,0,0,2,0,0,0,2,2,2,2,0,0,2,2,0,0,0,2,2,2,2,0,2,0,0,0,0,0,0,0,0,0,NA,2,2,2,2,0,0,0,0,0,0,0,0,0,0,0,0,2,2,0,0,0,0,0,2,2,2,0,0,0,2,2,0,0,0,2,2,0,0,0,0,2,2,2,0,2,0,0,0,0,0,2,0,0,0,2,0,2,2,0,0,0,2,2,2,0,0,0,0,0,0,0,0,0,2,2,0,0,0,0,2,0,0,0,2,0,2,2,0,2,2,2,0,0,2,0,0,2,0,0,0,0,2,2,2,0,0,0,0,0,0,0,2,0,0,0,0,2,2,2,0,0,0,2,2,2,2,0,0,0,0,2,0,0,0,0,0,0,0,0,0,0,0,0,0,2,0,0,2,0,2,2,0,2,0,2,0,NA,2,2,0,0,2,0,0,0,2,2,0,0,0,0,0,0,0,0,0,0,0,0,2,0,0,0,2,2,0,0,2,0,0,0,2,0,0,0,0,2,2,0,0,2,2,0,2,2,0,2,0,0,2,2,0,2,0,0,0,0,2,NA,2,2,0,2,0,0,0,2,0,0,0,0,0,0,0,0,0,0,0,0,0,2,0,0,0,0,2,0,0,0,2,2,0,0,2,0,0,2,0,0,0,2,0,2,0,2,0,0,2,0,0,0,0,0,0,2,0,2,2,2,0,0,0,0,0,2,2,0,0,0,0,0,0,0,0,0,0,0,0,2,0,0,0,0,0,0,0,0,0,0,0,0,0,0,0,0,0,0,NA,0,0,0,0,0,0,2,0,0,NA,2,0,0,0,0,0,0,2,2,0,0,0,0,0,2,0,0,0,0,0,0,0,0,0,0,0,2,0,0,0,0,0,0,0,0,0,0,0,0,0,0,0,0,0,0,0,0,0,0,0,0,0,0,2,0,0,0,0,0,0,0,0,0,0,0,0,0,2,2,0,0,0,2,0,0,0,2,0,0,0,0,2,0,0,0,0,0,2,0,2,0,0,0,0,0,2,2,0,2,0,0,0,2,0,0,0,2,0,0,0,2,0,0,0,2,0,0,0,0,0,0,0,0,0,0,0,0,0,0,0,0,0,2,0,0,0,2,0,0,0,0,0,0,0,2,2,0,0,0,0,0,2,0,2,0,0,2,0,2,0,0,0,0,0,0,0,0,0,0,0,0,0,0,0,0,0,2,0,0,0,0,0,0,0,0,0,0,2,0,0,0,0,0,0,0,0,0,0,0,0,2,0,0,0,0,0,0,0,0,0,0,0,0,0,2,0,0,0,2,0,0,0,0,0,0,0,0,0,2,0,0,0,0,0,0,2,2,0,0,0,0,2,0,0,0,0,0,0,0,0,0,0,0,0,0,0,0,0,0,0,0,0,0,2,0,0,0,0,0,0,0,0,0,0,0,0,0,0,2,0,2,0,0,0,0,0,0,0,0,0,NA,0,0,0,2,0,0,2,0,0,0,0,0,2,0,0,0,0,0,0,0,0,0,0,0,0,0,0,0,0,0,2,0,0,0,0,0,0,0,0,0,2,0,2,2,0,2,0,0,0,2,2,0,2,0,0,0,0,0,0,0,2,0,0,2,0,0,0,2,0,0,2,0,0,0,0,0,0,2,0,0,2,0,0,0,0,2,0,0,0,2,0,0,0,0,0,0,0,0,0,0,0,0,0,0,0,0,0,0,0,0,2,0,0,0,2,0,2,0,0,0,0,0,0,0,0,0,0,0,0,0,2,0,0,0,0,0,0,0,0,0,0,0,0,0,0,0,0,0,0,0,0,0,2,2,0,2,0,2,0,0,0,0,0,0,0,0,0,0,0,0,0,0,0,2,2,0,0,0,0,0,0,0,0,0,0,0,2,2,0,2,0,0,0,0,0,2,0,2,2,0,0,0,0,2,0,0,0,0,0,0,0,0,0,0,0,2,0,0,0,2,0,0,0,0,0,0,0,0,0,0,2,0,0,0,2,0,0,2,2,0,0,0,0,0,0,2,0,0,0,2,2,0,0,0,0,0,0,2,0,0,0,2,0,0,0,0,0,2,2,0,0,0,2,0,0,0,0,0,0,0,0,0,2,2,2,0,0,0,0,0,0,0,0,0,0,0,2,0,2,0,0,0,0,0,0,0,0,0,2,0,0,0,0,0,0,0,2,0,0,0,0,0,0,0,0,0,0,0,2,0,NA,0,0,0,0,0,2,0,0,0,0,0,0,0,0,2,0,0,0,0,0,0,0,2,2,2,2,0,0,0,0,2,0,0,0,0,0,2,0,0,0,0,0,0,2,2,2,2,0,2,0,0,0,0,0,0,0,0,0,0,0,0,0,0,0,0,0,0,0,0,0,0,0,2,0,0,0,0,0,0,0,0,2,2,0,0,0,0,0,0,0,0,0,0,0,0,0,2,2,0,0,0,0,0,0,0,0,0,0,0,2,2,0,2,0,0,0,0,0,0,0,0,0,0,0,0,0,2,0,0,0,0,0,0,0,0,0,2,0,0,0,2,0,0,0,0,0,0,0,0,0,0,0,0,0,0,0,0,0,0,0,2,0,2,0,0,0,2,0,0,2,0,0,0,2,0,0,0,2,0,0,0,0,0,0,2,0,0,2,2,0,0,2,0,0,0,0,0,0,2,2,0,0,0,2,0,0,2,0,0,0,0,0,0,0,0,0,0,0,2,0,2,2,0,0,0,0,0,0,0,0,2,0,2,0,0,0,2,0,0,0,0,0,0,0,2,0,0,0,0,0,0,0,0,0,0,0,0,0,0,0,0,0,2,0,0,0,2,0,0,2,0,2,0,0,0,0,2,0,2,0,2,0,0,2,0,0,0,0,0,0,0,0,0,0,0,2,0,2,0,0,0,2,0,0,2,0,0,0,0,0,0,0,0,2,0,0,0,0,0,0,0,0,2,0,0,2,2,2,0,0,0,0,0,0,0,0,2,2,0,0,0,0,0,0,0,2,0,0,0,0,0,0,0,0,0,0,2,0,0,2,0,0,0,0,0,0,0,0,2,2,0,0,0,0,2,0,0,2,0,0,0,2,0,0,2,0,0,2,0,0,0,0,2,0,0,0,0,0,0,0,2,2,2,0,0,0,0,2,2,0,2,2,0,0,0,0,0,0,0,2,0,0,2,0,0,0,0,2,0,2,0,0,0,0,0,0,0,2,0,0,0,0,0,0,0,2,0,0,0,0,2,2,0,0,0,2,0,0,0,0,0,0,0,2,0,0,2,0,0,0,0,0,2,2,0,2,0,0,0,0,0,0,0,0,2,0,0,0,0,2,0,0,0,0,0,0,0,0,0,2,2,2,2,0,0,0,2,0,0,0,2,0,0,2,2,0,0,0,0,2,0,0,0,0,0,0,0,2,2,0,0,2,0,0,0,0,0,0,0,0,0,0,0,2,0,0,0,0,0,0,2,0,0,2,2,0,0,0,0,0,2,0,0,0,0,0,0,2,0,0,0,0,0,0,0,2,NA,0,0,2,2,2,2,2,2,0,0,0,0,0,0,0,0,0,0,0,2,2,0,0,0,0,0,0,0,NA,0,0,0,0,0,0,2,0,0,2,0,0,0,0,0,0,0,0,0,0,0,2,2,0,0,0,0,0,0,2,0,0,0,0,2,2,0,0,0,0,0,2,0,0,0,0,0,NA,0,0,0,0,0,2,0,0,0,0,2,0,0,0,2,2,0,2,0,2,2,2,2,0,0,2,0,0,2,0,2,2,0,0,2,0,0,0,0,0,2,0,0,0,0,2,2,0,0,0,0,0,0,0,0,0,2,2,2,0,0,0,0,0,2,0,2,0,0,0,0,0,0,2,2,2,0,0,0,0,2,2,0,0,0,0,0,0,0,2,0,0,2,0,0,2,0,0,0,0,2,0,0,0,0,0,0,0,0,0,0,0,0,0,0,2,2,2,0,0,0,0,0,0,0,0,0,0,0,0,2,0,0,0,0,NA,0,0,0,2,0,0,0,0,0,2,0,0,0,2,0,0,0,0,0,0,0,2,0,0,0,0,0,0,0,0,0,2,0,0,2,0,0,0,0,0,0,0,0,0,2,2,2,0,0,2,2,0,0,0,2,2,0,0,0,0,0,0,2,0,0,2,0,2,0,2,0,2,0,0,0,0,0,2,0,0,0,0,0,0,0,0,2,0,0,0,0,0,0,0,0,2,0,0,0,0,0,0,0
"CC108",0,2,0,0,0,0,0,0,0,0,0,0,0,0,0,2,0,0,0,0,2,2,0,0,0,0,0,2,0,0,0,2,0,0,2,2,0,2,0,0,2,0,2,2,2,0,0,2,0,0,0,2,0,2,0,2,2,2,0,0,0,0,0,2,0,0,0,0,2,2,0,2,0,0,2,0,0,2,0,0,0,0,0,0,0,2,2,0,2,0,0,0,0,0,0,0,0,0,0,0,0,0,0,2,0,0,0,2,0,0,2,0,0,0,2,NA,0,0,0,0,0,0,0,2,0,0,0,2,2,2,0,0,0,2,0,0,0,2,2,0,0,0,0,0,0,0,2,0,0,2,2,0,0,0,0,0,0,0,0,0,0,0,0,2,2,0,0,0,2,0,0,2,2,0,0,2,0,0,2,0,2,0,0,0,0,0,0,2,0,0,0,0,0,0,0,0,0,0,0,0,0,2,0,0,0,0,0,0,0,0,0,0,0,0,0,0,0,0,2,0,2,0,0,0,2,0,0,0,0,0,0,0,0,0,0,0,2,0,0,2,0,0,2,0,0,0,2,0,2,0,0,0,0,0,0,0,0,2,0,0,0,0,0,2,0,2,0,0,0,0,0,0,0,0,0,0,0,0,0,0,2,0,0,0,0,0,0,2,0,0,0,2,2,0,0,0,0,2,0,0,0,0,0,0,0,0,2,0,2,0,2,2,2,2,0,0,0,NA,0,2,0,0,0,0,0,0,0,0,2,0,0,0,2,0,0,0,0,0,2,0,0,2,0,0,0,0,0,0,0,0,2,2,0,0,0,2,0,0,0,0,2,0,0,0,0,2,0,0,0,0,0,0,0,2,2,0,0,0,0,0,0,0,0,0,0,0,0,2,0,0,0,0,0,2,2,2,2,0,0,0,0,0,2,2,0,2,0,0,0,2,0,0,0,0,0,0,2,0,0,2,2,2,0,0,0,2,0,0,0,0,2,0,2,0,0,0,0,0,0,0,0,0,0,0,0,0,0,0,0,2,0,0,0,0,2,2,0,0,0,2,2,0,0,0,0,0,0,2,0,0,0,2,2,0,0,2,0,0,0,2,0,0,0,0,0,0,2,2,0,2,0,0,0,2,0,0,2,0,0,0,0,0,2,0,0,0,0,0,0,0,0,2,2,0,0,0,0,0,0,0,0,2,0,0,0,0,0,2,0,0,2,0,0,0,0,2,0,2,2,2,2,0,0,0,0,0,0,0,0,2,0,0,0,2,0,0,0,0,0,0,0,0,0,0,0,0,0,0,0,2,0,0,0,0,2,0,2,2,2,2,0,0,0,0,0,2,0,0,0,0,0,0,0,0,2,0,2,0,2,0,0,0,2,0,0,0,0,0,2,0,0,2,0,0,2,0,0,0,0,0,0,2,0,0,0,0,0,0,0,0,0,0,0,2,2,0,0,0,0,0,0,0,0,0,2,0,0,2,0,0,0,0,2,0,0,0,0,0,0,0,0,0,0,0,0,0,0,0,0,2,0,0,2,0,0,0,0,0,0,0,0,0,0,0,2,0,2,0,0,0,0,0,0,0,0,0,0,2,2,0,0,0,0,0,0,0,0,0,2,0,0,0,2,0,0,2,0,2,0,0,0,0,0,2,0,2,0,0,2,0,0,0,0,2,0,0,0,0,0,0,0,0,0,0,0,0,0,0,0,2,0,0,0,0,0,0,0,0,0,0,0,0,0,2,0,0,0,0,2,0,0,0,0,0,0,0,2,2,0,0,0,0,0,0,0,2,0,2,0,0,0,0,0,0,0,2,0,0,0,0,0,0,2,2,0,2,0,0,2,0,0,0,0,0,0,2,0,0,2,0,0,2,0,2,2,2,2,0,0,0,0,0,0,0,0,0,2,0,0,0,0,2,0,0,2,0,2,NA,0,2,2,0,2,0,2,0,0,0,0,0,0,0,0,0,0,0,2,0,0,0,0,0,0,0,0,0,2,0,0,0,0,0,0,0,0,2,0,0,0,0,0,0,0,0,0,0,0,0,0,0,0,0,0,0,0,0,0,0,0,0,0,0,0,0,2,2,0,0,0,0,0,0,0,0,0,0,2,0,0,2,0,0,0,0,0,2,0,0,0,0,0,0,0,0,2,0,0,0,0,0,0,0,0,0,0,0,0,0,0,0,0,0,0,0,0,0,0,0,0,0,0,0,0,0,0,0,0,0,2,2,0,0,0,0,0,0,0,0,0,0,0,2,2,0,0,0,2,0,2,0,0,0,0,0,0,2,0,0,2,0,0,0,0,0,0,2,0,0,2,0,0,0,0,0,0,0,2,0,0,0,0,0,0,0,0,0,0,2,0,0,2,2,0,0,2,0,0,0,0,0,2,0,0,0,NA,0,2,0,2,2,0,2,2,0,0,0,2,0,0,0,2,0,0,0,2,0,2,2,0,0,0,0,0,0,0,0,0,0,2,0,0,0,0,0,2,0,0,0,0,0,0,0,0,0,0,0,0,0,0,0,0,0,0,0,0,0,2,0,0,0,0,0,2,0,0,2,0,2,0,0,2,0,0,0,0,2,0,0,0,2,0,0,0,2,0,0,0,0,0,0,0,0,0,0,0,0,0,0,0,2,2,2,0,0,0,0,0,2,0,0,0,2,0,0,0,0,0,2,0,0,0,2,0,0,0,2,0,0,0,0,0,0,0,0,0,0,0,2,0,0,0,0,0,0,0,0,0,0,0,0,0,0,2,2,0,0,0,0,0,0,0,0,0,2,0,0,2,2,0,0,0,2,0,0,0,0,0,2,0,0,0,0,0,2,0,2,2,0,0,0,0,0,0,0,0,0,0,0,0,0,0,0,0,0,0,0,2,2,0,0,0,0,0,0,0,0,2,0,2,2,0,0,0,0,0,0,0,0,0,2,2,0,2,2,0,0,0,0,2,0,0,0,2,0,0,0,0,0,0,0,2,2,2,0,0,0,0,0,0,0,0,0,2,0,2,2,2,0,0,0,0,0,0,0,0,0,2,0,0,2,0,2,0,0,0,0,0,2,0,0,2,0,2,0,0,0,0,0,0,0,0,0,2,0,0,0,2,0,2,0,0,2,0,2,2,2,2,0,0,2,0,2,0,0,0,0,NA,0,0,2,2,0,0,2,0,0,2,0,0,0,2,0,0,2,0,0,0,0,2,2,0,0,NA,0,0,2,NA,0,0,0,0,2,0,2,0,2,0,0,0,0,2,0,0,0,2,0,0,0,0,0,0,2,0,0,0,0,0,0,2,0,0,2,0,2,2,2,0,0,0,0,0,0,2,0,0,2,0,0,0,0,0,0,0,0,2,0,0,0,0,0,0,0,0,0,2,0,0,2,0,0,0,0,2,0,2,0,0,0,0,0,0,0,2,2,0,0,0,0,0,2,0,0,0,2,2,2,2,0,0,0,0,0,0,0,0,0,0,0,0,2,0,0,0,0,0,2,2,0,0,0,0,2,0,0,2,2,2,2,0,0,0,0,0,0,0,0,0,0,0,0,0,2,0,0,2,2,2,0,0,0,2,0,0,2,0,0,0,0,0,2,0,2,0,0,2,0,0,0,0,0,0,0,0,0,0,2,2,0,0,0,2,0,0,0,0,0,2,0,0,2,0,0,0,0,0,0,0,0,0,0,0,2,0,0,0,2,2,0,0,2,0,0,0,0,0,0,0,0,2,0,0,0,0,0,0,2,2,0,0,0,0,0,2,0,0,0,0,2,0,0,0,0,0,0,2,0,0,0,0,2,0,0,0,0,0,2,0,2,0,0,2,0,2,2,0,0,0,2,2,0,0,0,0,0,0,0,2,0,0,0,0,0,0,0,0,0,0,0,0,2,0,0,0,2,2,0,0,0,0,0,0,0,0,0,0,0,0,0,0,0,2,0,0,0,0,2,0,0,0,0,0,0,0,0,0,0,0,0,0,0,2,0,2,0,0,2,0,0,0,0,0,0,0,2,0,0,0,0,0,2,0,0,0,0,0,0,0,0,0,0,0,0,0,0,0,0,0,0,2,0,0,0,0,0,0,0,2,0,0,0,0,0,2,0,0,0,0,0,0,0,0,0,2,0,0,2,0,0,2,2,0,0,0,0,0,0,0,0,0,0,0,0,0,0,0,0,0,2,0,0,0,0,2,2,0,0,0,0,0,0,0,0,0,2,0,0,0,0,0,0,0,0,0,0,0,0,0,0,0,0,0,0,0,0,0,2,0,0,0,0,2,0,2,0,0,0,0,0,0,0,0,0,0,0,0,0,0,0,0,0,0,0,0,0,0,0,0,0,0,2,0,0,2,0,0,0,0,0,2,0,0,0,0,0,0,0,2,0,0,0,0,0,2,0,0,0,0,0,0,0,0,2,0,0,0,0,0,0,0,0,2,0,0,0,0,0,0,0,2,0,0,0,0,0,2,0,0,2,0,0,0,2,0,0,0,0,0,0,0,0,2,2,0,0,0,0,0,2,0,0,0,2,0,0,0,0,0,0,0,0,0,0,2,2,0,0,2,0,0,0,2,0,0,2,0,2,0,2,0,0,0,0,0,0,2,2,0,0,0,2,0,2,0,0,0,2,2,2,2,2,NA,0,0,0,2,2,0,2,0,0,0,0,0,0,0,2,0,0,0,0,0,2,2,0,0,0,0,0,0,0,0,0,2,0,0,0,2,0,0,0,0,0,2,2,0,2,0,2,0,0,0,0,0,0,0,0,0,0,0,0,0,0,0,0,2,0,2,2,0,0,0,0,2,2,2,0,0,0,0,2,0,0,0,2,0,0,0,0,0,0,0,0,0,0,0,0,0,2,0,0,0,0,0,0,0,0,0,0,0,0,0,0,0,2,2,0,0,0,0,0,0,0,0,0,0,2,2,0,0,0,0,2,0,0,0,0,0,0,0,2,0,2,0,0,0,0,0,2,0,0,0,0,0,0,0,0,0,0,0,0,0,0,0,0,0,0,0,0,0,2,0,0,0,2,0,0,2,0,0,0,0,0,2,2,0,0,2,0,2,2,0,2,2,0,0,0,0,0,0,0,0,2,2,0,0,0,0,0,0,0,0,0,2,2,0,2,0,0,2,2,2,0,0,0,2,0,2,0,0,0,0,2,0,0,2,2,2,0,0,2,0,0,0,0,0,0,0,0,2,2,0,0,0,0,0,0,0,0,0,0,0,0,0,0,0,0,0,0,0,0,0,2,0,0,0,0,0,2,0,2,0,0,0,2,0,0,0,2,0,0,0,0,0,2,0,0,0,2,0,0,0,0,2,0,0,0,2,2,0,0,0,0,0,0,0,0,0,2,0,0,0,0,0,2,0,2,2,0,0,2,2,2,0,NA,2,0,0,0,0,2,0,0,0,0,2,2,0,0,0,0,0,0,0,0,0,0,0,0,0,0,2,2,0,0,0,0,0,2,0,0,0,2,0,0,0,0,0,0,0,2,0,0,0,2,2,0,0,0,2,2,0,0,0,0,0,0,0,0,0,0,0,0,0,0,0,0,2,0,0,0,0,0,0,0,0,0,0,0,0,0,0,0,0,0,0,2,0,0,0,0,2,0,0,0,2,0,0,0,0,0,0,0,0,0,0,0,0,0,0,0,0,0,0,0,0,0,0,0,2,0,0,0,0,0,0,0,0,0,0,2,2,0,0,0,0,2,0,0,2,2,2,0,0,0,0,0,0,0,0,2,0,0,2,0,0,0,0,0,0,0,2,2,0,0,2,0,0,0,0,0,0,0,0,0,0,0,2,0,0,2,0,0,2,2,2,0,0,0,0,2,0,0,0,2,0,0,0,2,0,2,0,0,0,0,0,0,0,0,2,2,2,0,0,2,2,0,0,0,0,0,2,0,0,0,0,0,2,2,0,0,0,0,0,0,0,0,0,0,0,0,2,2,0,0,0,0,2,0,2,0,0,0,0,0,0,0,0,0,0,0,0,0,0,0,0,0,0,2,0,0,0,0,0,2,0,2,0,2,0,0,0,0,0,0,0,0,0,2,2,0,2,0,0,2,0,0,0,0,0,0,0,0,0,0,2,0,0,0,2,0,0,2,0,0,0,2,0,0,0,0,0,2,0,0,0,0,2,0,0,2,0,0,0,0,0,0,2,0,0,0,0,0,0,0,0,0,2,2,0,2,0,NA,2,2,0,0,0,2,2,0,2,0,2,2,0,2,2,0,0,2,0,2,0,2,0,0,2,0,2,0,0,0,0,2,0,2,0,0,0,0,0,0,0,0,2,2,0,0,0,0,0,0,0,0,0,0,0,0,0,2,0,0,0,0,2,0,2,0,2,0,0,NA,0,2,0,2,0,0,0,2,2,0,0,0,2,0,0,0,0,2,0,0,0,0,0,2,2,0,0,0,0,0,0,0,0,2,0,2,0,0,0,0,0,0,0,0,0,0,0,0,2,0,0,0,0,2,0,0,0,0,0,0,0,0,0,0,0,2,0,0,0,0,0,2,2,0,0,0,0,0,0,0,0,0,0,2,0,0,2,2,0,0,0,0,0,0,0,0,0,0,0,0,0,2,0,0,0,0,0,0,0,0,0,2,0,0,2,0,0,0,2,0,0,0,2,0,0,0,2,0,0,0,0,0,0,0,0,0,0,0,0,0,0,0,0,0,2,0,2,0,2,2,0,2,0,0,0,0,0,0,0,0,0,0,0,0,0,0,0,0,2,0,0,0,0,0,0,0,0,0,2,0,0,0,2,0,0,2,0,0,2,2,2,0,2,0,2,0,0,0,0,2,0,2,NA,0,2,0,0,2,0,0,0,0,0,2,0,0,2,2,0,2,0,0,0,0,0,0,0,0,0,0,2,0,0,0,0,0,0,0,0,0,0,0,2,2,2,0,2,2,0,0,2,2,2,0,0,0,2,2,0,0,2,0,0,0,0,0,0,0,2,2,0,NA,0,2,0,0,0,2,0,0,0,0,0,0,0,0,0,0,0,0,2,0,2,2,2,0,2,2,2,0,0,0,0,0,0,2,0,0,2,0,0,0,0,2,0,0,0,0,0,0,2,0,0,0,2,0,0,2,0,NA,0,2,0,2,0,0,0,0,0,2,0,2,0,0,0,0,0,0,0,0,2,0,0,0,0,2,0,0,0,2,2,0,0,0,2,0,0,0,2,0,0,0,0,0,0,0,0,0,2,0,0,0,0,0,0,0,2,0,0,0,0,2,2,0,0,0,2,0,0,2,2,0,0,0,0,0,0,2,0,2,0,0,0,0,0,0,0,2,2,2,0,0,0,0,0,0,0,0,0,0,0,0,0,0,0,NA,2,0,0,2,0,2,0,0,2,0,0,0,0,0,0,0,0,0,0,0,0,0,2,2,0,0,0,0,0,2,0,0,2,0,2,0,2,0,0,2,0,0,2,2,0,0,0,0,2,0,0,0,2,2,0,0,0,2,0,2,0,2,0,0,0,0,0,2,0,0,0,0,2,2,0,0,0,2,0,0,0,0,0,2,0,0,0,0,0,0,0,0,0,0,2,0,0,2,0,0,0,2,2,0,0,2,0,0,2,2,2,0,0,0,0,0,2,0,0,0,0,0,2,0,0,0,0,0,0,0,2,0,0,0,0,0,0,2,0,2,0,0,0,0,0,0,0,0,0,NA,0,0,0,0,0,2,0,2,0,0,0,0,0,0,2,0,0,0,2,0,2,0,0,0,0,0,2,0,0,2,2,0,0,2,0,2,0,0,2,0,0,2,2,0,2,0,0,2,0,0,2,2,0,0,0,0,0,0,2,0,0,0,0,2,0,0,0,2,2,0,0,0,2,2,0,2,0,0,0,0,2,0,0,0,0,0,0,2,0,0,0,0,2,0,0,0,0,0,2,0,0,0,0,0,0,0,0,0,0,0,0,0,0,0,0,0,0,0,0,0,0,0,0,0,0,0,0,0,0,0,2,0,0,0,2,0,0,0,0,0,2,0,0,2,0,0,0,0,0,2,0,0,2,0,0,0,0,2,2,0,0,0,2,2,0,0,0,2,0,0,0,0,0,0,0,0,0,0,0,0,0,0,0,2,0,2,2,2,0,0,0,0,0,2,2,0,0,0,2,0,2,2,2,0,2,0,2,2,2,0,0,0,2,2,0,2,2,0,0,2,0,0,2,0,0,0,2,0,2,2,0,0,0,2,0,0,0,2,2,2,0,2,0,0,0,0,2,2,0,0,2,2,0,0,0,0,2,0,0,0,2,2,2,0,0,2,2,0,2,2,0,0,2,0,0,2,0,2,0,0,0,0,0,0,0,0,0,0,0,0,0,0,0,NA,0,2,0,0,0,0,0,0,0,0,0,0,0,2,0,0,2,0,2,0,2,2,0,0,2,2,0,2,0,0,0,0,0,0,0,0,2,0,0,0,0,0,0,2,0,0,0,0,0,0,2,0,2,0,2,0,2,0,0,0,0,0,0,0,0,2,2,0,0,2,0,0,0,0,0,0,0,0,0,2,2,0,2,0,0,0,0,2,2,0,0,0,0,0,0,2,0,0,2,0,0,0,0,0,0,0,0,2,0,2,0,0,0,0,0,0,2,0,0,0,0,2,2,0,0,0,2,0,0,0,2,0,0,0,2,2,0,2,0,0,0,0,0,2,0,0,0,0,2,2,0,0,0,0,2,0,0,0,0,0,2,0,2,NA,0,0,0,0,0,0,0,0,0,0,0,0,2,0,2,0,0,0,0,0,0,0,2,0,0,0,0,2,0,0,0,2,0,0,0,0,2,2,0,0,0,2,0,0,0,0,0,0,0,0,0,0,0,0,2,0,0,0,2,0,0,0,2,0,2,0,2,NA,2,0,0,2,0,2,2,2,2,2,2,2,2,0,0,0,0,0,0,0,0,0,0,0,0,0,0,0,0,2,0,0,0,0,0,2,0,0,0,2,0,0,0,2,0,0,0,0,0,0,0,0,0,0,0,0,0,0,0,0,0,0,0,2,0,0,0,0,0,2,0,0,0,2,0,0,0,0,2,2,2,2,0,0,0,0,2,0,0,2,0,0,0,0,0,0,0,0,2,0,0,2,0,0,0,0,0,0,0,0,0,0,0,0,0,0,2,0,0,0,0,2,0,0,0,0,2,0,2,0,0,0,0,0,0,0,0,0,2,0,0,0,0,0,0,0,0,0,0,0,0,0,0,0,2,2,0,0,2,2,0,0,0,0,0,0,0,2,2,0,2,NA,0,2,2,0,0,0,0,2,2,NA,0,0,0,0,0,2,0,2,0,0,0,0,0,0,0,0,0,0,0,0,0,0,0,0,0,0,2,2,0,0,0,0,0,0,2,0,0,0,0,0,0,0,2,0,0,0,0,0,0,0,0,2,0,0,2,2,2,0,0,0,0,0,2,0,2,0,0,0,0,0,0,2,0,0,2,2,0,0,2,2,0,0,2,0,0,0,0,0,0,0,0,0,0,0,0,0,0,0,0,0,0,2,0,0,0,2,0,0,2,0,0,0,0,0,2,0,0,0,0,2,0,2,0,0,0,2,2,0,2,0,0,0,0,0,2,0,2,0,0,0,0,0,0,0,0,0,0,2,2,0,0,0,0,0,0,0,0,2,0,0,0,0,0,2,0,0,0,0,0,0,0,2,0,0,0,0,0,0,0,0,0,0,0,0,0,0,2,0,0,0,2,0,0,0,0,0,0,0,0,0,2,0,0,0,0,0,0,0,0,2,0,0,0,0,0,0,0,0,0,0,0,2,2,2,0,0,0,0,0,2,2,2,0,0,0,0,0,2,0,0,2,0,0,2,0,0,0,0,0,0,2,0,0,2,0,0,0,0,0,2,0,0,2,0,0,0,2,0,0,2,2,0,0,0,0,0,0,0,2,2,0,0,2,0,0,0,0,0,0,0,0,0,0,0,0,0,0,0,0,0,0,0,2,0,0,0,0,0,0,0,0,0,0,0,0,2,0,0,2,0,0,2,0,0,0,2,0,2,2,0,0,0,2,0,0,2,0,0,0,0,0,0,0,0,0,0,2,0,0,0,0,2,0,0,0,0,0,2,0,0,0,0,2,0,0,2,0,0,0,0,0,2,0,0,0,0,2,0,0,0,0,0,0,0,0,2,0,0,0,0,2,2,0,0,0,0,0,0,2,0,0,2,0,2,0,2,0,0,0,2,0,0,2,0,0,0,0,0,0,0,0,0,0,2,0,0,0,0,0,2,0,0,2,0,0,0,0,0,0,0,0,0,2,0,0,2,0,0,2,0,0,0,0,2,0,0,0,0,0,2,0,2,2,0,0,0,0,0,0,0,0,0,0,0,0,0,0,0,0,0,0,0,0,2,0,0,0,2,2,0,2,2,0,0,0,2,2,0,0,0,2,0,2,2,0,0,0,2,0,0,2,0,2,0,2,0,0,0,0,2,0,0,2,0,2,0,0,0,0,0,0,0,2,2,0,0,0,0,2,0,0,0,2,0,0,0,0,0,2,0,0,0,2,2,0,0,0,0,0,2,0,0,0,0,0,2,0,2,0,0,2,2,0,2,0,0,0,0,0,0,0,0,0,0,0,0,0,0,0,0,0,0,0,2,0,2,2,2,0,0,0,0,2,0,0,0,0,2,2,0,0,0,0,0,0,0,0,0,0,2,0,0,0,0,0,2,2,0,2,0,0,0,0,0,0,0,0,0,0,0,0,0,0,0,2,0,0,0,0,0,0,0,0,0,0,0,2,0,2,0,2,0,0,0,2,0,0,0,0,2,2,2,0,2,0,2,0,0,2,0,0,0,0,2,0,0,0,0,0,0,0,0,0,0,0,2,0,2,0,0,0,0,0,0,2,0,0,0,0,2,0,0,0,0,0,0,0,0,0,2,0,0,0,0,0,0,0,0,0,0,0,0,0,0,0,0,0,0,0,0,2,0,0,2,0,0,0,0,0,2,0,0,0,0,0,0,0,2,0,0,0,0,0,0,0,0,2,0,0,0,0,0,0,0,0,0,0,0,0,0,0,0,0,0,0,0,0,0,0,0,0,0,0,0,0,2,0,0,0,0,0,0,2,0,0,0,2,0,0,0,0,0,0,0,0,0,2,0,2,0,0,0,0,0,0,0,0,2,0,0,2,0,0,0,2,0,2,0,0,2,0,0,2,0,0,0,0,0,0,0,0,0,0,0,0,0,0,0,0,2,0,0,0,0,0,0,0,0,0,0,0,0,2,2,0,0,0,0,0,0,0,0,2,2,0,0,0,0,0,0,2,2,0,0,2,2,0,0,NA,2,0,0,2,0,0,0,0,2,0,0,0,0,2,0,0,0,0,0,0,0,0,0,2,0,2,0,0,0,2,0,2,0,0,0,0,0,0,0,2,0,0,0,0,0,2,0,2,0,2,0,0,2,0,0,0,2,0,2,2,0,0,0,0,0,0,0,0,0,2,2,2,0,0,2,0,2,0,0,0,0,0,2,0,0,2,0,0,0,0,0,0,2,0,0,2,0,0,2,0,0,0,0,0,0,0,2,0,0,2,0,0,0,0,2,0,0,0,2,0,0,2,0,0,2,0,0,0,2,0,0,0,0,0,0,0,0,0,0,0,2,2,2,0,0,2,2,0,0,0,0,0,2,0,0,0,0,0,0,0,0,0,2,0,0,0,0,0,0,0,0,0,0,0,0,2,0,0,0,0,2,2,0,0,0,0,0,0,0,0,2,0,2,0,0,0,0,0,2,2
"CC109",0,0,0,0,0,0,0,0,0,0,0,0,0,0,0,0,0,0,0,0,0,0,0,0,2,0,2,0,0,0,0,0,0,0,0,0,0,0,0,0,0,0,2,0,0,0,0,0,0,0,0,0,0,0,0,0,0,0,0,2,0,0,0,0,2,0,0,0,0,0,2,0,0,0,0,0,2,0,0,2,0,0,0,0,0,0,0,2,0,0,0,0,0,0,0,2,0,0,0,0,0,0,0,2,2,0,2,0,0,2,0,2,2,0,0,0,0,0,0,2,0,0,2,2,0,2,0,0,0,0,0,0,0,2,0,0,0,0,0,0,0,0,0,0,0,0,0,2,0,0,2,0,0,0,0,0,0,0,0,2,0,0,0,0,0,0,0,0,2,0,2,0,0,0,0,0,0,2,0,2,0,0,2,0,0,0,0,0,0,0,0,2,0,0,0,0,0,2,0,0,0,0,0,0,0,0,0,0,0,0,0,0,0,0,0,0,2,0,0,0,0,2,0,0,0,2,0,0,0,0,0,0,0,2,0,2,0,2,0,0,0,0,0,0,0,0,0,0,NA,0,2,0,0,2,0,0,0,0,0,0,2,0,0,0,0,0,0,2,2,2,0,0,0,2,0,0,0,2,2,0,2,0,0,2,0,0,0,2,0,0,0,2,2,0,0,2,0,0,2,2,0,0,0,2,2,0,0,2,0,0,0,0,0,0,0,0,0,2,2,0,0,0,0,0,0,0,0,0,0,0,0,2,0,0,0,0,0,0,0,0,0,0,0,0,0,0,0,0,2,0,0,0,0,0,0,0,0,0,0,0,2,0,0,0,0,0,0,0,0,2,0,0,2,0,2,0,0,0,2,2,0,0,0,0,0,0,2,0,0,0,0,0,0,0,0,0,0,0,0,0,0,0,2,0,2,0,2,0,2,0,0,0,0,0,0,0,0,0,0,0,0,0,0,0,0,0,0,0,0,0,0,0,0,0,0,NA,0,2,0,2,0,2,0,0,0,2,0,0,0,0,0,2,0,0,2,2,0,0,2,2,0,2,2,0,0,0,0,0,2,0,0,2,2,0,2,0,2,0,0,0,0,0,2,2,0,0,0,0,0,0,0,0,0,0,0,0,0,2,0,0,0,0,0,0,2,2,0,0,0,2,0,2,0,0,0,0,0,0,0,2,2,0,0,0,0,0,0,0,0,0,0,0,0,0,0,0,2,0,0,0,0,0,0,2,0,0,2,0,2,0,2,0,0,0,0,0,0,NA,0,0,0,2,0,0,0,0,0,0,0,0,2,0,0,0,0,0,0,0,2,2,2,2,0,0,0,0,0,0,0,2,0,2,2,0,0,0,0,2,2,0,0,2,0,2,0,0,2,2,0,0,0,0,0,0,0,0,0,2,0,0,0,0,0,0,2,2,0,0,0,0,0,0,0,0,2,0,0,0,0,2,0,0,0,0,0,0,0,2,0,0,0,0,0,0,0,0,2,0,2,0,0,2,0,0,0,2,2,0,0,2,0,0,0,0,0,0,0,0,0,0,0,0,2,0,0,0,0,0,0,0,0,0,0,0,2,0,0,2,2,0,0,0,0,0,0,0,0,0,2,0,0,0,0,2,0,2,0,0,0,0,0,0,0,0,0,2,0,0,2,0,0,0,0,0,2,0,0,0,0,0,0,0,0,0,0,0,0,0,2,0,0,0,2,0,0,0,0,0,2,0,0,0,0,0,0,0,0,0,2,0,0,0,0,0,0,0,0,0,0,0,0,0,2,0,0,0,2,2,2,0,0,2,2,0,0,0,0,0,0,0,0,0,0,2,0,2,0,2,2,0,0,0,0,0,0,0,0,0,2,0,0,0,0,2,0,2,0,0,2,0,0,0,2,0,0,0,0,0,0,NA,0,0,0,0,0,0,0,0,0,0,2,2,0,0,0,0,0,0,0,0,0,0,0,0,2,0,2,0,0,2,0,2,0,0,2,0,2,0,0,0,0,0,2,0,2,2,0,0,0,0,0,0,0,0,0,0,0,0,0,2,0,0,2,0,0,0,0,0,0,0,0,0,0,2,0,0,0,0,0,0,0,2,2,2,0,0,0,2,0,0,2,2,0,2,2,0,0,0,0,0,0,0,0,0,0,2,2,0,2,0,0,2,0,0,0,0,2,0,0,0,0,0,0,0,0,0,0,0,0,2,0,0,0,0,0,0,0,2,0,0,0,0,0,0,2,0,2,0,0,0,0,0,0,0,0,0,2,0,0,0,0,0,0,0,2,0,0,0,2,0,0,2,2,0,0,2,0,0,0,0,0,0,0,0,0,0,0,0,0,2,2,0,0,2,0,0,2,0,0,0,0,0,0,0,0,0,0,0,2,0,0,2,0,2,0,2,2,0,0,0,0,0,0,0,0,0,0,0,0,0,2,0,0,0,0,0,2,2,2,0,2,0,0,0,0,2,0,2,0,0,0,0,0,0,0,2,0,0,2,2,0,0,2,0,0,0,0,0,0,0,0,0,0,0,0,0,0,0,2,0,0,0,0,0,0,NA,0,0,0,0,0,0,2,0,0,0,0,0,0,0,2,0,0,0,2,0,0,2,2,2,0,0,0,0,2,2,0,0,0,0,0,0,2,0,0,2,0,0,2,2,0,0,0,0,0,0,0,0,2,0,2,0,0,0,0,0,0,0,2,0,0,0,0,0,2,0,0,2,0,0,0,2,0,2,0,0,0,0,0,2,0,2,0,0,0,0,0,NA,0,0,0,2,0,0,0,0,0,2,2,0,0,0,0,0,0,0,2,0,0,0,2,0,2,0,2,0,2,0,2,0,0,0,0,0,0,0,0,2,0,0,0,0,0,0,0,0,0,0,0,0,0,0,0,0,0,0,0,0,2,0,0,2,0,0,0,0,0,0,2,0,0,0,0,0,0,0,0,2,0,0,2,2,0,0,0,0,2,2,2,2,0,0,0,0,0,0,0,0,0,0,0,0,2,2,2,0,2,0,0,0,0,0,0,0,0,0,0,2,0,2,0,2,0,0,NA,0,0,0,2,0,2,0,2,0,0,0,0,0,2,2,0,0,0,0,0,0,0,0,0,0,0,0,0,0,0,0,2,0,0,0,0,0,0,0,0,0,0,0,0,0,0,0,2,0,0,0,0,0,2,0,0,0,0,0,0,0,2,0,0,0,0,0,0,0,0,0,0,0,0,0,0,0,0,0,0,0,0,0,0,0,0,0,0,0,0,2,0,0,0,0,0,0,2,0,0,0,0,0,2,0,0,0,0,0,2,0,0,0,0,2,0,0,0,0,2,0,0,0,0,0,0,0,2,0,0,2,0,0,2,0,0,0,2,0,2,0,0,0,0,0,0,0,0,0,0,0,0,0,0,0,0,0,0,0,0,2,0,0,0,0,0,0,0,0,0,0,0,0,0,0,2,2,0,0,0,0,0,0,0,2,0,0,0,0,0,0,0,0,0,0,0,0,0,0,0,0,0,0,0,2,0,0,0,0,0,0,0,0,0,0,0,0,2,2,0,0,0,2,0,0,0,0,2,0,0,0,0,0,2,0,0,0,0,0,2,0,0,0,0,2,0,0,0,0,0,0,0,0,0,0,0,0,0,0,0,0,2,2,0,0,2,0,0,0,2,0,0,0,0,2,0,2,2,0,2,2,0,0,0,0,0,2,0,0,0,0,0,0,0,0,0,2,0,0,0,2,2,0,0,0,0,0,0,0,0,2,0,2,0,0,0,0,0,0,0,2,0,2,0,0,0,0,0,0,0,0,0,0,0,0,2,0,0,0,0,0,0,0,0,0,0,0,2,0,0,0,2,0,2,0,2,0,0,0,2,0,0,0,0,0,0,0,0,2,2,2,0,0,2,2,2,0,0,0,0,0,2,0,0,0,0,2,2,2,NA,0,0,0,0,2,0,2,2,0,0,2,0,0,0,0,0,0,0,0,0,0,0,0,2,2,0,0,0,0,0,0,0,0,0,0,0,0,0,0,0,2,0,0,2,0,0,0,0,2,0,0,2,0,2,0,0,0,2,0,0,0,0,2,0,0,0,0,2,0,0,0,0,0,0,2,0,0,0,0,0,0,0,0,0,0,0,0,0,0,0,0,0,0,0,0,0,0,0,2,0,0,0,2,0,0,0,0,2,0,0,0,0,0,0,0,0,0,0,0,0,0,0,0,2,0,0,0,0,0,2,2,0,0,2,2,0,0,0,0,0,0,0,0,0,0,0,2,0,0,0,0,2,2,0,0,0,2,2,2,0,0,2,0,0,0,2,0,0,0,0,2,0,2,0,0,0,0,0,0,0,0,0,0,2,2,0,0,0,2,0,2,0,0,0,0,0,2,2,0,2,0,2,0,0,0,0,0,0,0,0,0,0,0,0,0,0,0,0,0,2,0,0,0,2,0,0,0,0,0,0,2,2,0,0,0,0,0,0,0,0,2,2,0,0,2,0,0,0,0,0,2,0,0,0,0,0,0,0,0,0,0,0,0,2,0,0,0,0,0,0,0,2,2,0,0,0,2,0,0,0,0,0,0,0,2,0,0,0,0,0,2,0,0,0,0,0,0,0,2,0,0,0,0,0,0,0,0,2,2,0,2,0,0,0,0,0,0,0,2,0,0,0,0,0,0,2,0,0,0,0,0,2,0,2,0,0,0,0,2,0,0,0,0,2,2,2,0,0,0,0,0,0,0,0,0,0,0,2,0,0,0,0,2,0,0,0,0,0,0,0,0,0,0,2,0,0,0,2,2,0,0,0,0,0,0,0,0,0,2,0,0,2,2,0,0,0,0,0,0,0,0,0,2,2,0,2,0,0,2,2,0,0,0,2,0,0,0,0,0,0,0,0,0,0,0,0,2,2,0,0,2,0,0,0,0,0,0,0,0,0,2,2,0,0,0,0,0,2,0,2,0,0,0,0,2,0,0,2,0,0,0,0,0,2,0,0,0,0,0,2,0,0,0,0,2,0,0,0,0,0,2,0,0,0,2,0,0,0,2,0,2,0,2,0,2,2,0,2,0,0,2,0,0,0,0,0,0,2,0,0,0,0,0,0,0,0,0,0,2,0,0,0,0,0,0,0,2,0,0,0,2,0,0,2,0,0,0,0,0,0,0,0,0,0,2,0,0,0,2,0,0,0,0,2,2,0,2,0,2,0,0,2,0,0,0,0,2,0,0,2,2,2,0,2,2,2,0,0,0,0,2,0,2,0,0,0,0,0,0,0,0,0,0,0,0,0,0,2,0,0,2,0,0,0,0,0,0,0,0,0,0,0,0,0,0,0,0,0,2,0,2,0,0,2,0,2,0,0,2,2,0,0,0,0,2,0,0,0,0,0,0,0,2,0,0,0,0,2,0,2,0,0,0,0,0,2,0,0,0,0,0,2,0,0,0,0,0,0,0,2,2,0,0,0,0,0,0,0,0,0,0,0,2,0,2,2,0,0,0,2,2,0,0,2,2,0,0,0,2,0,2,0,0,2,0,0,2,0,0,0,2,2,0,0,0,2,2,0,2,2,2,0,2,0,0,0,0,0,0,0,0,2,0,0,2,2,2,0,0,0,0,0,0,0,0,0,2,2,0,0,0,2,0,0,2,0,0,2,0,0,0,2,0,0,2,2,0,0,0,0,2,2,0,0,0,0,0,0,2,0,2,0,0,0,0,2,0,0,2,0,0,2,0,0,2,0,2,0,0,0,2,2,0,0,0,0,0,0,2,0,0,0,0,0,2,0,2,0,0,0,0,0,0,2,0,0,0,2,0,0,0,2,0,2,0,0,2,0,0,2,2,0,0,0,2,2,2,0,0,2,0,0,0,2,0,0,0,0,2,0,0,0,0,0,0,0,0,0,0,0,0,0,0,0,0,0,2,0,0,0,0,0,0,0,0,0,0,2,0,0,2,2,0,0,0,2,0,2,2,0,2,0,0,0,2,2,0,2,0,0,2,2,0,0,2,0,0,0,0,0,0,0,0,0,0,0,2,0,0,2,2,2,0,0,0,NA,2,2,0,0,0,0,0,0,0,0,0,0,0,0,0,0,2,0,0,0,0,2,0,2,2,0,0,0,2,0,2,2,0,0,0,2,2,0,0,0,0,2,0,0,0,0,0,0,0,0,2,0,0,0,2,0,0,0,0,0,0,0,0,0,0,0,2,0,0,2,0,2,2,0,2,0,0,0,0,0,2,2,2,0,0,2,0,0,0,2,0,0,0,0,0,0,0,0,2,0,2,0,0,0,2,0,0,2,2,0,0,0,0,0,2,2,0,0,0,2,0,2,2,2,0,0,2,2,0,0,2,0,0,0,0,0,0,0,0,2,2,2,0,0,0,0,0,0,2,2,0,0,2,0,0,0,2,0,0,0,0,0,2,0,0,0,0,0,0,0,0,0,0,0,0,0,0,0,0,0,0,0,2,0,0,0,2,0,0,0,0,2,0,2,2,0,2,0,0,2,2,0,2,0,0,0,0,2,0,0,2,0,0,0,0,0,0,0,0,2,0,0,0,2,0,0,0,0,2,0,0,2,0,2,2,0,2,2,0,0,2,0,0,0,0,0,0,2,0,0,0,0,2,0,2,0,0,0,0,0,0,0,2,0,0,0,0,0,0,0,0,0,0,0,0,0,0,0,0,0,0,0,0,2,0,0,0,2,2,0,0,2,0,0,2,2,0,0,0,0,0,2,0,0,0,0,0,2,2,0,2,2,0,0,0,0,2,0,0,0,0,0,0,0,2,0,0,2,0,0,0,0,0,0,0,0,0,0,0,0,NA,2,0,2,0,0,0,0,0,0,0,0,0,0,0,0,0,0,0,0,0,0,0,0,0,0,0,0,0,0,0,0,0,2,0,0,0,0,0,0,0,0,0,0,0,0,2,0,0,0,0,0,0,0,0,0,0,0,0,0,0,2,2,0,2,0,0,2,2,0,0,2,0,0,2,0,0,0,0,0,0,2,0,0,0,2,0,0,0,0,0,0,0,0,0,0,0,0,0,0,0,0,0,0,0,0,0,0,0,0,0,0,0,0,0,0,0,0,0,0,0,0,0,0,2,0,0,0,0,0,0,0,0,0,0,0,0,0,0,0,2,0,0,0,0,0,0,0,2,0,0,0,0,0,0,0,0,0,0,2,0,0,0,0,0,0,2,0,0,0,0,0,0,0,2,0,0,0,0,0,0,0,0,0,0,0,2,0,0,0,0,0,0,0,0,0,0,0,0,0,0,0,0,0,0,0,0,2,0,0,2,0,0,0,2,0,0,0,0,0,0,0,0,0,0,0,0,0,0,0,0,0,0,0,0,0,0,2,2,0,2,0,0,0,0,0,2,0,0,0,0,0,2,0,0,0,0,2,0,2,0,0,0,0,0,0,0,0,0,0,0,0,2,2,0,0,2,0,0,0,0,0,0,0,0,0,0,0,0,2,0,0,0,0,0,0,0,0,0,2,0,0,2,0,0,0,0,0,0,2,0,2,0,0,0,0,0,0,0,0,0,0,0,0,0,0,0,0,0,0,0,0,0,0,0,0,2,2,0,0,0,0,0,0,0,0,0,0,0,2,0,0,0,0,2,0,0,2,0,0,0,0,0,0,2,0,2,0,0,0,0,0,0,0,0,0,0,2,0,0,2,0,0,2,0,0,0,0,2,2,0,0,0,0,0,2,0,2,0,2,0,0,0,0,0,0,0,2,0,0,0,0,0,0,0,0,0,NA,2,2,0,0,0,2,0,0,0,0,0,0,0,0,0,0,0,0,0,0,0,0,0,0,0,0,0,2,0,0,0,2,0,0,0,0,0,0,0,0,0,0,0,0,0,0,0,0,0,0,0,2,0,0,2,0,0,2,0,0,0,0,2,0,2,0,0,0,2,0,0,2,0,0,0,0,0,0,0,0,0,0,0,0,0,0,0,2,0,0,2,0,0,0,0,0,0,0,0,0,0,0,0,0,0,0,0,0,0,0,0,0,0,0,0,0,0,0,2,2,0,2,2,0,0,0,0,0,2,0,0,0,0,0,0,0,0,0,0,0,0,0,0,0,0,0,0,0,0,0,0,0,2,0,0,0,0,0,0,0,0,2,0,2,0,0,0,0,0,0,0,0,2,0,0,0,0,0,0,0,0,0,0,0,0,2,2,0,0,0,0,0,0,0,2,0,0,0,0,0,0,0,0,2,0,0,2,0,0,0,0,0,0,2,0,0,0,0,0,0,0,2,0,0,2,2,0,0,0,2,0,0,2,0,0,0,0,0,0,0,0,0,2,0,0,2,0,0,0,0,0,0,0,0,0,0,0,0,0,0,0,0,2,0,0,2,0,0,0,0,2,0,2,0,0,0,0,0,0,0,2,0,0,0,0,0,0,0,0,0,0,0,0,0,0,0,0,0,0,0,0,0,0,0,2,2,0,2,0,2,0,0,2,2,0,0,0,0,2,2,0,0,0,2,0,0,0,0,0,0,0,0,2,2,0,2,0,2,2,0,0,0,0,0,0,0,0,0,0,0,0,2,0,0,0,0,2,0,0,0,2,2,0,0,0,0,2,2,0,0,0,0,0,2,0,2,2,2,0,2,0,0,0,2,2,2,0,2,0,0,2,0,0,0,2,0,2,0,0,0,0,2,0,0,0,0,0,0,0,0,0,0,0,0,0,0,0,0,0,0,0,0,2,0,0,0,0,0,0,2,0,0,0,2,0,0,0,0,2,2,0,0,0,2,0,2,0,0,0,0,0,0,0,0,0,0,2,0,2,0,2,0,0,0,0,0,2,2,0,0,0,0,0,0,0,0,0,0,0,2,2,0,0,0,2,2,0,0,0,2,0,0,0,2,0,0,2,0,2,0,0,0,2,2,0,0,0,0,2,2,2,0,2,2,0,0,0,0,0,0,0,0,2,0,0,2,2,2,0,2,2,0,0,0,0,2,0,0,0,2,0,0,0,0,NA,0,0,2,2,0,2,0,2,0,2,0,2,0,0,0,0,0,0,0,0,0,0,0,2,0,2,2,0,0,0,2,0,0,2,2,0,2,2,2,0,0,0,0,2,0,0,0,2,2,0,0,0,0,0,0,0,0,0,0,0,0,0,0,0,0,0,0,0,2,0,0,2,0,0,0,0,0,2,0,2,0,0,0,0,0,0,0,0,2,0,0,0,2,2,0,0,2,0,2,2,2,0,0,0,0,0,2,2,0,0,0,0,0,0,0,0,0,2,0,0,0,0,2,0,0,0,0,2,0,0,0,0,0,0,2,0,0,0,0,0,0,0,0,0,0,0,0,2,2,0,2,0,0,0,0,2,0,0,2,0,0,0,2,0,0,0,0,0,0,0,2,2,0,0,0,0,0,0,0,2,0,0,0,2,0,0,0,2,0,0,0,0,0,0,2,0,0,0,0,0,0,0,0,0,2,0,0,0,0,2,0,0,0,0,0,0,2,0,0,0,0,2,0,0,0,0,0,0,0,0,2,2,2,2,0,0,2,0,0,2,0,2,0,0,0,2,0,2,0,2,0,0,2,NA,0,0,NA,0,0,2,0,0,0,2,0,0,0,0,0,2,0,0,0,2,0,2,2,0,0,0,0,0,0,0,0,0,2,0,2,0,0,2,0,2,0,2,0,0,0,0,0,0,0,0,0,0,0,0,0,0,0,2,2,0,0,0,2,0,0,0,0,0,0,0,0,0,2,2,0,0,0,0,0,0,0,0,0,0,0,0,0,2,0,0,0,2,0,0,0,2,0,0,0,0,2,0,2,0,0,0,0,0,0,2,0,0,0,0,0,0,0,0,0,0,0,0,2,0,0,0,0,2,0,0,0,2,2,0,2,0,0,0,0,0,0,0,2,0,0,0,0,0,0,0,0,0,0,0,0,0,0,0,0,0,0,0,2,2,2,0,0,0,0,0,2,0,2,2,0,0,0,2,0,0,0,0,0,0,2,0,0,0,0,2,0,0,2,2,0,2,2,0,0,0,0,0,0,2,0,2,2,0,0,0,0,0,2,2,0,0,0,0,0,2,0,0,0,0,0,0,2,0,0,0,0,0,0,0,2,0,2,0,0,0,0,0,0,0,0,2,0,0,0,0,0,0,0,2,0,0,2,2,0,0,0,0,0,0,0,0,0,0,0,2,0,0,2,2,0,0,0,0,0,0,0,0,0,0,0,0,0,0,0,0,0,0,0,0,2,0,0,0,0,0,0,0,0,0,0,0,0,0,0,0,2,0,0,0,0,0,0,0,0,0,0,0,2,0,0,0,0,0,2,0,2,0,0,0,0,0,2,0,0,0,2,0,0,0,0,2,0,0,2,2,0,0,0,0,0,0,0,2,0,0,0,0,0,0,0,0,0,0,0,0,0,0,0,2,0,2,2,0,2,0,0,0,0,0,0,0,0,2,0,2,0,0,0,0,0,0,2,0,0,0,0,0,0,0,0,0,0,0,0,0,0,2,0,0,0,0,0,0,0,2,0,0,0,0,0,0,0,0,0,0,2,2,0,2,0,0,0,2,0,0,0,0,2,2,0,0,0,0,0,0,0,0,0,0,0,0,0,0,2,0,0,0,0,0,0,0,0,0,2,0,2,0,2,0,0,0,0,0,0,0,0,0,0,0,0,0,0,0,2,0,0,0,0,2,0,2,0,0,0,0,0,0,0,0,0,0,0,2,0,0,0,0,0,0,0,2,0,0,0,0,2,0,0,2,0,0,0,0,2,0,0,0,0,0,0,0,0,0,0,2,0,2,0,2,0,0,0,0,0,0,0,0,0,0,0,0,0,0,0,0,0,0,0,0,0,0,0,2,0,0,0,0,0,2,0,2,0,0,0,0,2,0,0,0,0,0,0,0,2,0,0,0,0,2,0,0,0,0,0,0,0,2,0,0,0,0,0,2,0,0,0,0,2,0,0,0,2,0,0,2,0,0,0,0,0,0,0,0,0,2,0,2,0,0,2,0,0,0,0,0,0,2,2,2,2,0,0,0,0,2,2,0,0,2,2,0,0,0,2,2,2,0,2,2,2,0,0,0,0,0,0,0,2,0,2,0,0,2,2,0,0,0,0,0,0,2,0,2,0,2,0,0,0,0,0,0,0,0,0,0,0,2,0,0,0,0,0,0,0,0,0,0,0,0,0,0,0,0,0,0,2,2,0,0,0,0,0,0,0,0,2,0,0,0,0,2,0,2,2,0,0,0,2,2,0,0,0,2,0,0,2,0,0,0,0,0,2,2,2,0,0,0,0,0,0,0,0,0,0,0,0,0,0,0,2,0,0,0,0,2,2,0,2,0,2,0,0,2,2,0,0,0,0,0,2,0,0,0,0,0,0,2,0,2,2,0,0,0,0,0,0,0,0,0,0,0,0,0,0,0,0,2,0,0,0,0,0,0,0,0,0,0,2,0,0,0,0,0,2,2,2,0,0,0,0,2,0,2,NA,0,0,NA,0,2,0,0,0,2,0,0,0,0,0,0,0,0,0,0,0,0,2,2,0,0,2,0,0,2,0,0,0,0,0,0,2,0,0,0,0,0,2,0,0,2,0,0,0,0,0,0,0,0,2,2,0,0,2,0,0,0,0,0,0,0,0,0,2,0,0,0,0,0,0,0,0,2,0,0,0,0,0,0,0,0,0,0,0,0,0,0,0,0,0,0,0,0,0,0,0,2,0,0,0,0,0,2,0,2,0,0,0,0,0,0,0,0,0
"CC11",0,2,0,0,0,0,0,2,0,0,0,0,0,0,0,2,2,2,0,0,2,0,0,0,2,0,0,0,0,2,0,2,0,2,0,2,0,2,0,2,0,0,0,0,0,2,0,2,0,0,0,0,0,0,0,0,2,0,0,0,0,0,0,0,2,0,0,0,0,0,0,0,0,0,0,0,0,2,0,2,0,0,0,0,0,0,0,0,0,0,0,0,0,0,0,0,0,0,0,0,0,0,0,2,2,0,0,0,0,0,0,2,0,0,0,0,2,0,0,0,0,0,0,0,0,0,0,0,0,0,2,0,0,2,0,0,0,0,0,0,0,0,2,0,0,0,0,0,0,0,2,0,0,0,0,0,0,0,0,0,0,0,0,0,0,0,0,0,2,0,0,0,0,0,0,0,0,0,2,0,0,0,0,0,2,0,0,0,0,2,0,0,2,0,0,0,0,0,0,0,NA,0,0,0,0,0,0,0,0,0,0,0,0,0,0,2,0,0,2,0,2,0,0,0,0,0,0,0,0,0,2,0,0,0,0,0,0,0,0,0,0,0,0,0,0,2,0,0,0,2,0,0,0,0,0,0,2,2,0,0,0,0,0,0,0,0,0,0,0,0,0,0,0,0,0,0,2,2,2,0,0,0,0,0,0,0,0,2,0,0,0,0,0,0,0,0,0,0,0,0,0,0,0,2,0,0,0,2,0,0,0,0,0,0,0,0,0,2,0,0,0,0,2,0,0,0,0,0,0,0,0,0,2,0,0,2,2,0,0,0,2,2,2,2,0,0,0,2,0,0,0,0,0,2,0,0,2,0,0,0,0,0,0,0,0,0,0,0,0,0,0,0,0,0,0,0,0,0,0,0,0,0,0,0,0,0,2,0,0,0,0,0,0,0,0,0,0,0,0,0,0,0,0,0,0,0,0,0,0,2,0,0,0,0,0,2,0,0,0,0,0,2,0,0,2,0,0,2,2,0,0,0,0,0,0,0,0,0,0,0,0,0,0,0,0,2,0,0,0,0,0,0,0,0,0,0,0,2,0,0,0,0,2,0,0,0,0,2,2,0,0,0,0,0,0,0,2,0,0,0,2,0,0,2,0,0,0,0,0,0,0,0,0,0,2,2,0,0,0,0,0,0,0,0,0,0,0,0,0,0,0,0,0,0,0,0,2,0,0,0,0,0,0,0,0,0,0,2,0,0,0,2,0,0,0,2,0,2,2,0,0,0,0,0,0,0,0,2,0,2,2,0,0,2,0,0,0,2,2,2,0,0,0,2,2,0,0,2,0,2,0,2,0,0,0,2,0,2,0,0,0,2,0,2,2,0,2,0,0,0,0,0,0,0,0,0,0,0,0,2,0,2,2,2,2,2,2,2,0,0,0,0,0,0,2,0,2,0,0,0,2,0,0,0,0,0,0,0,2,0,0,0,0,0,0,0,0,0,0,2,0,0,2,0,0,0,0,0,0,2,0,0,0,0,0,0,2,0,0,0,NA,0,0,0,0,2,0,0,0,0,0,0,0,0,0,0,0,0,0,0,0,0,0,0,0,0,0,0,2,2,0,0,0,0,0,0,0,0,0,0,0,0,NA,NA,0,0,0,0,0,0,0,2,0,0,0,0,0,0,0,2,2,0,0,2,0,0,0,0,0,2,0,0,0,0,0,0,0,0,0,0,0,0,0,2,0,0,2,2,2,0,0,0,2,2,0,0,0,0,0,0,0,0,0,0,2,2,0,0,2,2,0,2,2,0,0,NA,0,0,0,0,0,0,2,2,0,0,0,2,2,0,2,0,0,0,2,0,0,2,0,0,0,2,0,0,0,0,0,2,0,0,2,0,0,0,0,0,2,0,0,2,0,2,2,2,0,0,2,0,0,2,2,0,0,0,0,0,0,2,0,2,0,2,2,0,0,0,0,0,0,0,2,2,2,0,0,0,0,2,0,0,0,2,2,0,2,0,0,0,0,0,0,0,0,0,2,0,0,0,2,0,0,0,0,0,0,0,NA,0,0,2,0,0,0,0,2,2,2,0,0,0,0,0,2,0,0,0,0,2,0,0,0,0,NA,0,0,NA,0,0,0,0,2,NA,NA,2,0,0,0,2,0,0,2,2,0,2,2,0,2,0,0,0,2,2,0,2,0,0,0,0,2,0,0,2,2,2,0,0,2,2,0,2,0,0,2,0,0,0,0,0,0,0,NA,0,0,0,0,0,0,0,2,2,0,0,0,0,2,0,2,0,0,2,0,0,0,0,0,2,2,0,0,0,0,2,0,0,0,0,0,2,0,0,0,0,0,0,0,0,0,0,2,2,0,0,0,0,2,0,0,0,0,2,2,0,0,0,0,0,2,0,2,0,0,0,0,0,0,2,0,0,0,0,0,0,0,0,2,0,2,0,0,2,0,0,2,0,0,2,0,2,0,2,0,0,0,2,NA,0,0,NA,0,0,2,0,0,2,0,2,0,0,0,0,0,0,0,2,0,0,0,0,0,0,0,0,0,0,0,0,0,2,0,0,0,0,0,0,0,0,0,2,0,2,0,0,2,0,NA,0,0,0,0,0,2,0,2,0,NA,0,0,2,2,2,0,0,0,0,0,2,0,2,0,0,0,0,0,0,0,0,0,0,0,0,0,0,0,0,2,2,0,0,0,2,0,2,0,0,0,2,0,0,0,0,2,0,0,0,0,0,0,2,0,0,0,2,0,0,0,2,0,0,0,2,2,2,0,0,0,0,0,2,0,2,2,0,0,0,0,0,0,0,2,2,2,2,0,0,0,0,0,0,0,2,0,2,2,0,2,0,2,0,0,0,0,0,0,0,0,0,0,0,2,0,2,0,0,0,2,2,2,0,0,2,0,0,0,0,0,0,2,0,0,NA,0,0,2,2,0,0,0,0,2,0,0,0,0,0,2,2,2,0,0,2,0,0,0,0,2,0,0,0,2,0,2,0,0,0,0,0,2,0,2,2,2,0,0,0,0,0,2,0,2,0,0,0,0,0,0,2,0,0,2,0,0,2,0,0,0,0,0,0,2,0,0,2,2,2,2,0,0,0,0,0,2,0,2,2,0,0,0,0,0,0,0,0,0,2,0,0,2,0,0,0,0,0,0,2,0,0,0,0,0,0,0,2,0,0,2,0,0,0,0,2,0,0,0,0,0,0,2,0,2,0,2,0,0,2,0,0,0,0,0,0,0,0,0,0,2,0,0,0,0,0,0,0,0,0,0,0,0,0,0,0,0,0,0,0,0,0,0,0,0,0,0,0,0,0,0,0,0,0,2,0,0,0,0,0,0,2,0,0,0,2,0,0,0,0,2,0,2,0,0,0,0,2,0,0,2,0,0,2,2,2,0,0,0,0,0,0,0,0,0,0,2,0,2,0,2,0,2,0,2,0,0,0,0,0,2,0,0,0,0,0,0,0,0,2,0,2,0,2,0,0,0,0,0,0,2,0,0,0,0,2,0,0,0,0,0,0,0,0,0,0,0,0,0,2,0,2,0,0,0,0,2,0,0,0,0,0,0,0,0,2,0,0,0,2,2,2,2,2,0,2,0,2,2,2,0,0,2,2,0,0,2,0,0,2,0,2,0,0,0,2,0,2,0,0,0,0,2,0,0,0,0,0,0,0,0,0,2,0,0,2,0,0,2,0,0,0,0,0,2,0,0,2,0,0,2,2,2,0,0,0,0,0,2,0,0,0,0,2,0,0,0,0,0,0,2,0,0,2,0,0,0,0,0,0,0,0,0,2,0,0,0,2,0,0,2,0,0,0,0,0,0,0,0,0,0,0,0,0,2,2,2,0,0,0,0,0,2,0,2,2,0,0,2,0,NA,2,2,0,0,0,2,0,0,0,0,2,0,0,0,0,2,0,0,2,0,0,2,0,0,2,0,0,0,0,0,0,0,0,2,0,2,2,2,2,0,2,0,0,0,0,0,0,0,0,0,0,2,0,0,0,2,0,2,2,2,2,0,0,0,0,0,2,2,2,2,2,0,0,0,0,0,0,0,2,2,0,0,0,0,0,0,0,0,0,0,0,0,0,0,0,0,0,0,0,0,0,0,0,0,0,0,0,2,0,0,0,0,0,0,0,0,0,0,0,2,0,0,0,0,0,0,0,0,0,0,0,0,0,0,0,2,2,0,0,0,0,0,0,0,0,0,2,2,0,0,0,2,0,0,0,0,0,NA,0,0,0,0,2,0,2,0,0,0,2,2,0,0,0,0,0,0,0,0,0,0,0,0,2,0,0,0,0,2,0,0,0,0,0,0,0,0,0,0,0,2,0,0,0,0,0,0,0,0,0,0,0,2,0,0,2,2,0,2,0,0,0,0,2,0,0,0,2,2,0,0,0,2,0,0,0,0,0,2,2,0,0,0,0,0,0,0,0,2,0,0,0,2,0,0,2,0,2,0,0,0,0,0,0,0,0,0,0,0,0,0,2,0,0,0,0,0,0,0,0,0,0,0,2,0,0,0,0,0,0,2,0,0,0,0,0,0,0,0,0,0,0,0,0,0,0,0,0,0,0,0,0,0,0,2,0,0,0,0,2,0,0,0,0,0,0,0,0,0,0,0,0,0,2,0,0,0,2,0,0,0,0,0,0,0,0,0,2,0,0,2,0,0,0,0,0,0,0,0,0,2,0,0,0,0,2,0,0,0,0,0,2,0,0,0,0,0,0,0,0,2,0,0,2,0,0,2,0,0,0,0,0,0,2,0,0,0,0,0,0,0,0,0,2,0,0,0,0,2,0,0,0,2,0,2,0,0,0,0,0,0,2,0,0,0,0,0,2,0,2,0,0,0,2,0,0,0,0,0,0,0,0,0,0,0,0,2,0,2,2,0,0,0,0,0,0,0,0,2,0,0,0,0,0,0,0,0,2,2,0,2,2,0,0,0,0,0,2,0,0,0,0,0,0,0,0,2,0,0,0,0,0,0,2,0,2,2,0,2,0,0,0,0,0,0,2,0,0,0,0,0,0,0,0,0,2,0,0,2,0,0,0,0,2,0,2,0,0,0,0,2,0,NA,2,2,0,0,0,0,0,0,0,0,2,0,0,2,2,2,0,0,0,0,0,0,0,0,2,0,0,0,0,0,0,0,0,0,2,0,2,0,0,0,0,0,0,0,0,0,0,2,0,2,0,0,2,2,0,0,2,0,0,0,0,2,0,0,0,0,0,0,0,0,0,0,0,2,2,0,0,0,0,0,0,0,0,0,0,0,2,0,0,0,0,0,2,0,0,0,0,0,0,0,0,0,0,0,0,0,2,0,0,0,0,0,0,0,0,2,0,0,0,2,2,0,0,0,0,0,0,0,0,0,2,0,0,0,0,0,0,0,2,0,2,0,0,0,0,0,2,0,0,0,0,0,2,0,0,0,0,0,0,0,0,0,0,0,0,0,0,0,0,0,2,0,0,0,2,0,0,2,2,0,0,0,0,0,0,0,0,0,0,0,0,0,0,0,0,0,0,0,0,0,2,0,0,0,0,0,2,0,0,0,0,2,0,0,0,0,0,0,0,0,2,0,2,0,0,0,0,0,0,0,0,0,0,0,0,0,2,0,0,0,0,0,0,2,0,0,0,0,0,0,0,0,0,0,0,0,0,0,0,2,0,0,2,0,0,0,0,0,0,0,0,0,2,2,0,0,0,0,0,0,0,2,2,2,0,0,0,0,2,0,0,2,2,2,2,2,0,0,0,0,0,0,0,0,0,0,0,0,2,2,0,0,2,0,0,0,0,0,0,0,0,0,0,0,0,0,0,0,0,2,2,2,0,0,0,2,0,0,0,2,0,2,0,0,0,0,2,0,0,0,0,0,2,0,2,0,0,0,0,0,0,0,0,2,0,0,0,0,0,0,0,0,0,0,0,0,0,0,0,2,2,2,0,0,0,2,0,2,0,0,0,0,0,0,2,0,0,0,0,2,0,2,2,0,0,0,0,2,2,0,0,0,0,0,0,0,0,0,0,0,2,0,0,0,0,0,0,0,0,0,0,0,0,0,0,0,0,0,0,0,2,0,0,0,0,0,2,0,0,0,0,0,0,0,0,0,0,0,2,0,0,0,2,0,0,2,0,0,0,0,0,0,0,2,0,0,0,0,0,0,0,0,0,0,0,0,0,0,0,0,0,0,0,0,2,0,0,0,2,0,0,0,0,0,2,0,0,2,0,0,0,0,0,0,0,0,2,0,0,0,0,0,0,0,0,2,0,0,0,0,0,2,0,0,0,0,0,0,0,0,0,0,2,0,0,0,0,0,0,0,0,0,0,0,0,0,0,2,0,0,0,0,2,0,0,0,0,0,0,2,0,0,0,0,0,0,2,0,2,0,2,0,0,0,2,0,0,2,0,0,0,0,0,0,0,2,0,0,2,0,0,0,2,0,0,0,2,0,2,0,0,0,0,0,0,0,0,0,0,0,0,0,0,0,0,0,2,0,0,0,0,0,0,0,0,0,0,0,0,0,2,0,0,0,2,0,2,0,0,0,0,0,0,0,2,0,0,0,0,0,0,0,2,2,0,2,0,2,0,0,0,2,0,2,2,0,0,0,0,0,0,0,0,0,0,2,0,2,2,2,0,0,0,0,0,0,0,0,0,0,0,2,0,0,0,0,0,0,0,0,0,0,0,0,0,0,0,0,0,0,0,0,0,2,0,0,0,0,0,0,2,2,2,2,0,0,0,0,2,0,0,0,0,2,2,0,0,0,2,0,0,0,0,0,0,0,0,0,0,0,2,0,0,0,2,0,0,2,0,0,0,0,0,0,2,0,0,0,2,2,0,0,0,0,0,2,0,2,2,0,0,2,2,0,0,0,0,0,0,0,0,0,0,0,0,0,0,0,0,0,0,0,0,0,0,0,0,2,2,2,0,0,0,0,0,0,0,0,0,0,0,0,2,0,0,2,0,0,0,0,0,0,0,0,0,0,0,0,2,0,0,0,2,0,0,2,0,0,0,0,0,0,0,2,0,2,2,0,0,2,0,0,0,0,0,2,0,0,0,0,0,0,0,0,0,0,0,0,0,0,0,0,0,0,0,0,0,0,0,0,0,0,0,0,0,0,0,0,2,0,0,0,0,0,0,0,0,0,0,0,0,2,0,0,0,0,0,0,0,0,0,0,0,0,0,0,0,0,0,0,0,0,0,2,0,0,0,0,0,0,0,0,0,0,0,0,0,0,0,0,0,2,0,2,0,0,0,0,0,0,0,2,0,0,2,0,2,2,0,2,0,0,0,0,0,0,0,0,0,0,0,2,0,0,2,0,0,0,0,0,0,0,0,0,0,0,0,0,0,0,0,0,0,0,0,0,2,0,0,0,0,0,0,0,0,0,0,0,0,0,2,0,0,0,0,0,2,0,0,0,0,0,0,2,0,0,2,0,0,0,0,0,0,0,0,0,2,2,0,0,0,0,0,0,0,0,0,0,2,0,0,0,0,2,0,0,0,2,0,0,0,2,0,0,2,0,2,0,2,0,0,0,0,0,0,0,0,0,0,0,0,0,0,0,0,0,0,0,0,0,0,0,0,2,0,0,0,0,0,0,2,2,0,0,0,0,0,2,0,0,0,0,0,2,0,0,0,0,0,0,0,2,0,0,0,0,0,0,2,0,0,0,0,0,0,0,0,0,0,0,2,0,2,2,0,2,2,0,0,0,2,NA,0,0,2,0,0,0,0,2,0,2,0,0,0,0,0,0,0,0,0,2,0,0,0,0,0,0,0,0,0,2,2,2,0,0,2,0,2,2,0,2,2,0,0,0,0,0,2,0,0,2,0,0,0,0,0,0,2,2,0,2,0,2,2,0,0,0,0,0,0,0,0,0,0,2,0,0,0,0,0,0,0,2,0,0,0,0,0,2,0,0,2,0,0,0,0,0,0,0,0,0,0,0,0,2,0,0,0,0,2,0,0,0,2,0,2,0,0,0,2,0,0,0,0,0,2,2,0,0,0,2,0,0,0,2,2,0,2,2,0,0,2,2,0,0,0,0,0,0,0,0,0,0,0,0,2,0,2,2,0,0,0,0,0,2,0,0,2,0,0,0,0,0,0,0,0,0,0,2,0,0,2,0,0,2,0,2,0,0,0,0,0,0,0,2,0,0,0,2,0,0,0,0,2,2,2,0,2,0,0,0,0,2,0,2,2,2,0,2,0,2,2,0,0,0,0,0,0,0,0,0,2,2,2,0,0,0,0,0,2,0,0,0,0,0,2,0,0,2,0,0,0,0,2,0,0,0,2,0,0,0,0,2,0,0,0,2,2,0,2,2,0,0,0,0,0,0,2,0,0,0,0,0,0,2,0,2,0,0,0,0,0,0,0,0,0,0,0,2,0,0,0,0,0,0,0,0,2,2,0,0,2,0,0,0,0,0,0,0,0,0,0,0,0,0,0,0,2,0,0,NA,0,2,2,0,0,2,0,2,0,2,0,0,0,0,0,0,0,0,0,0,0,0,0,0,0,0,0,0,0,0,0,0,0,0,0,2,2,2,2,0,2,0,0,0,0,2,0,0,0,0,0,0,0,0,0,0,2,0,0,0,0,0,0,0,0,0,2,0,0,0,0,0,2,0,0,0,0,0,0,0,2,0,0,2,0,0,2,0,0,2,0,0,0,0,0,2,0,0,0,0,0,0,0,0,0,2,2,0,0,0,0,0,2,0,2,0,0,2,0,0,0,0,0,2,0,0,2,0,0,0,0,0,0,2,0,0,0,0,0,0,0,0,0,0,0,2,0,0,0,0,0,0,2,0,0,2,2,2,0,0,0,0,0,2,0,0,0,0,0,0,0,0,0,2,0,0,0,0,0,2,0,0,2,0,0,2,0,0,0,2,0,2,0,2,2,0,2,0,2,2,2,2,0,0,0,0,0,0,0,0,0,2,0,0,0,0,0,0,0,0,0,0,0,0,0,0,0,0,0,0,0,0,0,0,0,0,0,0,2,0,0,0,0,2,2,0,0,0,0,0,0,0,0,0,2,0,2,0,2,0,0,2,0,0,0,2,0,0,0,0,0,0,2,0,2,0,0,0,0,0,0,2,0,0,2,0,2,0,0,0,0,0,0,0,0,0,0,0,0,0,0,0,0,0,0,0,2,0,0,0,0,0,0,2,0,0,0,0,0,0,0,0,2,2,0,0,0,0,0,0,0,0,0,0,2,0,0,0,0,0,0,0,2,2,2,2,0,0,0,0,0,2,2,2,0,0,0,2,0,2,0,0,0,0,0,0,NA,2,0,0,0,0,0,0,0,2,0,0,2,2,2,0,0,0,0,0,0,0,0,0,0,2,0,2,0,0,0,0,2,2,0,0,0,0,0,0,0,0,0,0,0,0,0,0,0,0,0,0,0,0,0,0,0,0,0,0,0,0,0,0,0,0,0,0,0,2,0,0,0,0,0,0,0,0,0,0,0,2,0,2,0,0,0,0,0,0,0,0,0,2,2,0,0,0,0,0,0,2,2,0,0,2,0,0,0,0,0,0,0,0,0,0,2,0,0,2,0,2,0,0,0,0,2,2,0,0,0,0,2,0,0,0,0,2,0,0,0,0,0,0,0,0,0,0,2,0,2,0,0,0,2,2,0,0,0,0,0,0,0,0,0,2,0,2,0,0,0,0,0,0,2,0,0,0,0,0,0,0,0,0,0,2,0,0,0,2,0,0,0,2,2,2,2,0,0,2,0,0,0,0,0,0,0,0,0,0,0,0,0,0,2,0,2,0,0,0,0,0,0,0,2,0,0,0,2,0,0,0,0,2,0,2,0,0,0,0,0,2,0,0,0,0,0,0,0,2,0,2,0,0,0,0,0,2,0,0,2,0,2,0,2,2,2,2,0,0,0,0,0,0,2,0,2,0,0,0,2,2,0,2,0,2,0,0,0,0,0,0,0,0,0,0,0,0,0,0,0,0,0,2,0,2,0,0,0,0,0,0,2,0,0,0,0,2,0,2,0,0,0,0,0,0,2,0,0,2,0,0,0,0,0,0,2,0,2,2,0,0,0,0,0,0,0,0,0,2,0,0,2,0,0,0,0,0,2,0,0,0,0,0,0,2,0,2,2,2,2,0,2,0,0,0,0,0,2,0,0,0,0,0,0,0,2,0,0,2,0,0,0,0,0,0,2,0,0,2,0,0,2,0,2,0,0,0,0,0,0,2,0,0,0,2,0,2,0,0,0,0,0,0,0,2,2,2,0,2,0,0,2,0,0,0,0,0,0,2,0,0,0,2,0,0,0,0,0,2,0,2,0,0,0,2,0,0,0,2,0,2,0,2,0,0,0,0,0,0,0,0,2,0,0,0,0,0,0,0,0,0,2,0,0,0,0,0,0,2,2,2,2,0,0,0,0,0,0,0,0,2,0,2,0,2,2,0,0,0,0,2,0,0,0,0,0,0,0,0,0,0,0,2,0,0,0,0,0,0,0,0,0,2,0,0,0,0,0,2,0,0,0,0,0,0,2,2,0,2,2,0,0,2,2,0,0,0,0,0,0,0,0,0,0,0,2,0,2,0,0,2,0,0,0,0,0,2,0,0,0,0,2,0,2,2,0,0,0,2,2,0,2,0,2,2,0,0,2,0,0,2,0,2,0,0,2,0,2,0,0,0,0,0,0,0,2,0,0,0,2,2,0,0,0,2,0,0,0,0,0,0,2,2,0,0,2,0,0,0,NA,0,0,0,0,2,0,0,0,0,0,0,0,2,0,0,2,2,0,0,0,0,0,0,0,2,0,0,0,0,2,0,0,0,2,0,0,0,0,0,0,0,0,0,2,0,0,0,0,0,0,0,0,0,0,0,2,0,0,0,2,2,0,0,2,2,0,0,2,0,0,0,0,0,0,0,0,0,0,0,0,0,0,2,0,0,0,0,0,0,2,0,0,0,0,0,0,0,0,0,2,0,0,0,0,2,2,0,0,0,0,0,0,0,0,0,0,0,0,0,0,0,0,0,0,2,0,2,0,0,0,0,0,2,0,0,0,0,0,0,0,0,0,0,0,0,0,0,0,0,0,0,0,0,0,0,0,0,0,0,0,0,0,2,0,0,0,2,0,0,0,0,0,0,2,0,0,2,0,2,0,0,0,0,0,0,0,0,0,0,0,0,0,0,0,0,2,0,0,2,2,0,0,0,0,2,0,0,0,2,0,0,0,2,0,2,0,0,0,0,0,0,2,0,2,0,0,0,0,0,0,2,0,2,2,2,0,0,NA,2,0,0,0,0,2,0,0,0,0,0,0,0,0,2,0,2,0,0,0,0,0,0,0,2,0,0,0,0,2,2,2,0,0,0,0,2,0,0,0,2,2,2,2,0,0,2,0,2,0,0,0,0,0,2,0,0,0,2,0,0,0,0,0,0,0,0,0,0,0,0,2,0,0,0,0,2,2,0,0,0,0,0,0,2,0,0,0,0,0,0,0,0,0,2,2,0,0,0,2,2,0,0,0,0,0,0,0,0,0,0,0,0,0,0,0,0,0,0,0,0,0,0,2,0,0,0,0,2,0,0,0,0,0,0,2,0,0,2,0,0,0,2,0,0,0,0,0,0,2,0,0,0,2,0,0,0,0,0,0,0,2,2,0,0,0,2,2,0,0,0,2,0,2,0,2,0,0,0,0,0,0,0,2,0,0,0,0,2,0,0,2,0,0,0,0,0,0,0,2,2,0,2,0,0,0,0,2,2,0,2,2,0,2,0,0,0,0,0,2,2
"CC110",0,0,0,0,2,2,2,2,0,0,0,0,0,0,0,0,0,0,0,0,0,0,2,0,0,0,0,2,0,0,0,0,0,0,0,0,0,0,2,2,0,0,2,0,0,2,0,0,0,0,0,0,0,0,0,0,0,0,2,2,0,0,2,0,2,2,2,0,0,0,0,0,2,2,0,2,2,0,0,0,0,0,0,2,2,2,0,0,0,0,0,2,0,2,0,2,0,0,2,2,2,2,2,2,0,2,0,0,0,2,2,2,2,0,0,0,0,0,0,0,2,0,0,0,0,2,0,0,0,0,0,0,0,0,0,0,0,0,0,0,0,0,2,0,0,2,0,2,0,2,2,0,0,0,2,0,0,0,2,0,0,0,0,0,0,0,0,0,0,0,0,0,0,0,0,0,0,2,0,0,0,0,2,0,2,2,0,0,0,0,0,0,2,0,0,0,2,0,0,0,0,0,0,0,0,0,0,0,0,0,0,0,0,0,0,0,0,0,2,2,0,2,2,0,0,0,0,0,0,2,2,2,0,0,0,2,0,0,0,0,0,2,0,0,2,2,0,0,0,2,0,0,2,0,0,0,0,2,0,NA,0,0,2,0,0,0,2,0,2,0,0,2,2,2,0,0,0,2,0,0,0,0,0,0,0,2,0,0,0,0,0,0,0,0,0,0,0,0,0,0,0,0,0,0,0,0,0,0,0,0,0,2,0,0,0,0,2,0,2,0,0,0,2,0,0,0,0,0,0,0,0,2,0,0,0,0,0,0,0,2,0,0,0,0,0,0,0,0,2,0,2,0,0,0,0,2,0,0,0,0,2,0,0,0,0,2,0,0,2,0,0,0,0,2,2,0,0,0,2,0,0,0,0,0,0,0,0,0,0,0,0,0,2,NA,2,2,0,0,0,0,0,0,2,0,2,0,2,0,0,2,0,0,0,0,0,0,0,2,0,0,0,0,0,0,0,0,0,0,0,0,2,0,0,2,2,2,2,2,2,2,2,2,2,0,0,0,0,0,0,0,0,0,2,0,0,0,0,2,0,0,0,0,2,0,0,0,0,2,0,2,0,0,0,0,0,0,0,2,0,0,0,0,0,0,0,2,0,0,2,0,0,2,0,0,0,0,0,0,0,2,0,0,0,0,2,0,0,0,0,0,0,0,0,0,0,0,0,0,2,0,2,0,0,0,2,0,2,0,0,0,0,NA,2,0,0,0,0,0,0,0,0,0,0,0,2,0,0,0,0,0,2,0,0,2,0,0,0,0,0,0,0,0,0,0,0,0,2,0,0,0,0,0,0,0,0,0,0,0,0,0,0,2,2,0,0,0,0,0,0,0,0,2,0,0,0,0,0,2,0,0,0,0,0,2,0,0,2,0,2,0,2,0,0,0,0,0,0,0,2,0,2,0,0,0,0,0,0,2,2,NA,0,2,0,0,2,0,2,0,2,2,0,0,2,2,0,0,0,0,2,0,2,2,0,2,2,0,2,0,0,2,0,0,0,0,0,2,2,0,0,0,0,0,0,2,2,0,0,0,0,0,0,0,0,0,0,0,0,0,0,2,0,0,0,0,0,0,2,0,0,0,0,2,2,0,0,0,2,0,0,0,0,0,2,0,0,0,0,2,0,0,0,0,0,0,0,0,0,0,0,0,2,0,0,0,0,2,0,0,0,0,0,0,0,0,0,0,0,0,2,0,0,0,0,0,0,0,0,0,2,0,2,0,0,2,2,0,0,0,0,0,0,0,2,0,0,0,0,0,0,0,2,2,0,0,0,0,0,0,0,0,2,2,0,0,0,0,2,2,2,0,0,0,0,0,0,0,0,0,0,0,0,0,0,0,0,0,0,0,0,0,2,0,2,0,0,0,2,2,0,0,2,2,0,2,0,2,0,2,0,0,0,0,0,0,0,0,0,2,0,0,0,0,0,2,0,0,0,0,2,0,0,0,0,0,2,0,0,0,0,0,2,2,0,0,2,0,0,0,0,0,0,2,0,0,2,0,0,0,2,0,2,0,0,0,0,0,0,0,2,0,0,0,2,0,0,0,0,0,0,0,2,0,0,0,0,0,0,2,2,0,0,0,0,0,0,0,0,0,0,0,0,0,2,0,0,0,0,2,0,0,0,0,0,0,2,0,0,0,0,0,0,0,0,0,0,0,0,0,2,0,2,0,2,0,0,0,2,0,0,0,2,0,0,0,0,0,0,2,0,0,0,0,0,0,0,0,0,0,0,0,0,2,2,0,0,0,0,0,0,0,2,0,2,0,0,0,0,0,0,0,0,0,0,0,0,0,0,2,0,0,2,0,0,0,0,0,0,0,0,0,0,0,0,0,2,0,0,0,0,0,0,0,0,0,0,0,2,0,2,0,0,0,0,0,0,0,0,2,2,0,0,0,0,2,0,0,0,2,0,0,2,0,2,0,0,0,2,2,0,0,0,0,2,0,0,0,2,2,0,0,0,0,0,0,2,0,0,0,0,0,0,0,2,0,2,0,0,0,0,0,2,0,2,0,0,0,0,0,2,0,0,0,0,0,0,0,0,0,0,0,0,0,2,0,2,0,0,2,2,0,2,0,0,2,2,0,0,0,2,2,0,0,0,0,2,2,0,0,0,0,NA,0,0,0,0,2,0,0,2,0,0,0,0,0,0,2,2,0,2,0,0,0,0,0,0,0,2,0,2,0,0,0,0,0,0,0,0,2,0,0,2,0,0,2,0,0,0,2,0,0,0,0,0,0,0,0,0,0,0,2,2,0,0,0,0,0,0,2,0,0,0,2,0,0,0,0,0,0,0,0,2,2,0,0,2,0,0,0,0,0,0,0,0,0,0,0,0,0,0,2,0,0,0,0,0,0,0,2,0,NA,0,0,2,0,2,0,0,2,0,0,0,0,2,0,0,2,0,0,0,0,0,0,0,0,0,0,0,0,0,0,0,0,0,0,0,2,0,0,0,2,0,0,0,0,0,0,0,0,0,0,0,0,0,0,0,0,2,0,2,2,0,0,2,0,2,2,0,0,2,0,2,2,2,0,2,2,2,0,0,0,2,0,0,2,0,0,0,0,0,2,0,0,0,2,0,0,0,0,0,0,0,0,0,0,2,0,2,0,2,0,0,0,0,2,0,0,0,0,0,0,0,0,0,2,0,0,0,0,0,0,0,0,0,0,0,0,0,0,2,2,0,0,2,0,0,0,0,2,2,0,0,0,0,0,0,0,0,0,0,0,2,2,0,0,0,0,0,0,0,0,0,0,0,0,0,0,2,0,2,2,0,0,0,2,0,0,2,0,0,2,0,0,0,0,2,2,0,0,0,0,0,0,2,0,0,0,0,0,0,0,0,0,0,2,0,0,0,2,0,2,2,2,0,0,0,0,0,0,NA,0,0,2,0,0,0,0,2,0,0,0,0,2,2,0,0,0,0,2,2,0,2,2,0,2,2,0,0,0,2,2,0,0,0,0,0,0,0,0,0,0,0,0,0,2,0,0,0,0,2,2,0,0,0,2,0,0,0,0,2,0,2,0,2,0,0,0,0,2,0,0,0,0,0,0,0,0,0,0,2,0,0,0,0,0,2,0,0,0,0,0,0,2,0,0,0,0,0,0,0,0,0,0,0,0,0,0,0,2,0,0,0,0,0,0,0,0,0,0,0,0,0,0,0,0,2,2,2,0,0,0,0,0,2,2,0,0,0,0,0,2,0,2,2,0,2,0,0,0,0,0,2,0,0,0,0,2,0,2,0,0,0,0,0,0,2,0,0,0,0,0,0,0,0,0,0,0,2,0,2,0,0,0,0,0,0,0,0,0,0,2,0,0,0,0,0,0,2,0,0,0,0,0,0,0,2,0,2,2,0,0,2,0,0,2,2,0,2,0,2,2,2,0,2,0,0,0,2,0,0,2,0,2,2,2,NA,0,0,0,0,0,0,0,0,0,2,2,0,2,2,0,0,0,0,2,2,0,2,0,0,0,0,0,2,2,0,0,2,0,0,0,0,0,0,2,2,0,0,0,0,0,0,0,0,0,2,0,0,0,0,0,0,2,2,2,0,2,0,0,0,0,0,0,2,2,2,2,2,0,2,0,2,0,2,0,0,0,0,0,2,0,0,0,0,2,0,0,0,0,0,0,0,0,0,2,2,0,0,2,0,0,0,0,0,2,2,0,0,0,2,0,2,2,0,0,0,0,2,0,2,0,2,0,0,0,0,0,0,0,0,0,2,0,0,0,0,0,2,0,0,0,2,0,0,0,0,0,0,0,0,0,0,0,2,2,2,0,2,0,0,0,2,0,0,0,2,2,0,0,2,0,2,0,0,0,0,0,2,2,0,2,0,2,2,2,0,0,0,0,0,0,2,0,2,0,0,0,2,0,0,0,0,0,0,0,0,0,0,0,0,2,0,2,0,0,2,0,0,0,0,0,0,0,0,0,2,0,0,0,2,0,0,0,0,0,0,2,0,0,0,0,2,2,0,0,0,0,0,0,2,0,0,0,0,0,0,0,2,0,2,2,0,2,0,0,0,0,0,0,0,0,0,0,0,0,0,NA,0,NA,0,2,2,2,0,0,0,0,2,0,0,0,0,0,0,0,0,0,0,0,0,0,0,2,0,2,0,0,0,0,0,0,0,0,0,0,0,0,0,0,0,2,2,0,2,0,0,2,2,0,0,2,0,0,0,0,2,0,2,0,0,0,2,2,2,2,0,2,2,0,0,2,0,0,2,0,0,0,2,0,0,2,0,0,0,2,0,0,0,0,0,2,0,NA,2,2,0,0,0,0,0,0,0,0,0,0,0,0,2,0,0,0,0,0,0,0,0,2,0,2,2,2,0,0,0,NA,0,0,0,0,0,0,0,2,0,0,2,0,0,0,0,0,0,0,2,0,0,0,0,0,0,0,0,0,0,0,0,2,2,0,0,0,0,0,0,0,2,2,0,0,0,0,0,0,0,0,0,0,2,0,0,0,2,0,0,2,0,0,0,0,2,0,0,0,0,0,0,2,0,0,2,0,0,0,2,0,0,0,2,0,0,0,0,2,2,0,0,0,0,0,0,0,0,0,0,0,0,0,0,0,0,0,0,0,0,0,0,0,0,0,0,0,0,0,0,0,0,0,2,0,0,2,2,0,0,0,2,0,0,0,0,0,2,0,0,0,0,0,0,0,0,0,0,0,2,0,0,0,0,0,2,0,0,0,0,0,2,0,0,0,0,0,0,0,0,2,0,0,0,0,2,0,0,0,0,0,0,0,0,0,0,0,0,0,0,2,0,0,0,0,0,2,0,0,0,0,0,0,0,0,0,0,0,0,0,0,0,0,0,2,0,0,0,0,0,2,0,2,2,2,0,0,0,2,2,0,0,0,0,0,2,0,0,0,0,0,0,0,0,0,0,0,0,0,0,0,0,0,0,0,0,0,2,0,2,0,0,0,2,0,0,2,0,0,0,0,0,2,0,0,0,2,0,0,0,2,0,0,0,0,0,0,0,2,0,2,0,2,0,0,0,0,0,2,2,2,0,0,0,0,0,0,2,0,0,2,0,2,0,2,0,0,0,2,0,0,2,2,0,2,0,0,2,0,0,0,0,0,0,0,0,2,0,0,0,2,2,0,0,0,0,0,0,0,0,0,0,0,2,0,2,0,2,0,0,0,0,0,2,0,0,0,0,0,0,0,0,0,0,2,0,0,0,0,0,0,0,0,0,2,0,0,0,0,2,0,0,0,0,0,0,0,0,0,0,0,0,0,0,0,0,0,0,0,0,0,2,0,0,2,0,2,0,2,0,0,0,0,0,0,0,0,0,0,0,0,0,0,2,0,0,0,0,2,0,2,2,0,0,0,2,0,0,0,0,2,0,0,2,0,0,0,0,2,2,0,0,2,0,0,0,0,0,2,0,0,0,0,0,0,0,2,0,0,0,0,0,0,0,2,0,0,0,2,0,0,0,2,0,0,0,2,0,0,0,0,0,0,0,0,0,2,2,2,2,0,0,0,0,0,0,0,0,2,0,2,2,0,0,0,0,0,0,2,0,2,0,0,0,2,0,0,0,0,2,0,0,0,0,0,0,0,2,2,2,0,0,0,0,0,0,0,2,0,0,0,0,0,0,0,2,2,2,0,2,0,0,0,0,0,0,0,2,0,2,0,0,0,0,0,0,0,0,0,0,2,2,0,0,0,0,0,0,0,2,0,0,0,2,0,0,2,0,0,2,0,0,0,0,0,0,0,0,0,0,0,0,0,0,2,0,0,0,0,0,2,0,2,0,0,0,0,0,0,0,2,2,0,0,0,0,0,0,0,0,0,0,0,0,0,0,0,0,0,0,0,0,0,0,0,0,2,0,0,2,0,0,0,0,0,0,0,0,0,2,0,0,0,2,0,0,0,0,0,0,0,0,0,0,0,0,2,0,0,0,0,0,0,0,0,0,0,2,0,0,0,2,0,0,0,0,2,0,0,NA,0,0,2,0,0,0,0,0,0,0,0,0,0,0,0,2,0,0,0,0,0,0,2,0,0,0,0,0,0,0,0,0,0,2,0,0,0,0,0,0,2,0,0,2,0,0,0,0,0,0,2,2,0,0,2,0,0,2,0,0,0,2,0,0,2,2,2,0,2,0,0,0,2,0,0,0,0,0,0,2,2,0,0,0,0,2,2,0,2,2,2,0,0,0,2,2,0,0,0,2,0,0,0,0,2,2,0,2,2,0,2,0,0,2,0,2,0,0,0,0,0,0,0,0,2,0,0,0,0,0,0,0,2,2,0,2,0,2,0,0,0,0,0,0,0,0,0,0,2,0,0,2,0,0,0,0,0,0,2,0,0,0,2,0,0,0,0,2,0,0,0,0,2,0,0,0,0,0,0,0,0,2,0,0,0,0,0,0,0,0,0,0,0,0,0,0,0,0,0,0,2,0,0,0,0,0,0,2,0,0,0,2,0,0,0,2,0,0,0,0,0,0,0,0,0,0,0,2,0,0,0,0,0,2,0,0,0,0,0,2,0,0,0,0,0,0,0,2,0,2,0,0,0,0,0,0,0,0,0,0,0,2,0,2,0,0,0,0,0,0,0,0,2,0,0,0,0,0,0,0,0,0,0,0,0,0,2,2,0,0,0,0,0,0,0,0,0,0,0,0,0,0,0,0,0,2,0,0,0,0,0,0,0,0,0,0,0,0,2,0,2,0,0,0,0,2,0,0,0,0,0,0,2,0,2,2,0,0,2,0,0,0,2,0,0,0,0,0,2,2,0,2,0,0,0,0,2,2,2,0,0,0,0,0,0,0,0,0,0,0,0,0,0,0,0,0,0,0,0,0,0,0,0,0,0,0,0,0,0,0,2,0,0,0,0,0,0,0,0,0,2,0,0,0,0,0,0,2,0,2,0,0,0,0,0,2,2,2,0,0,2,0,2,0,0,0,0,2,0,0,0,0,0,2,2,0,2,0,2,0,0,0,2,0,2,2,0,2,2,0,0,0,2,0,0,0,0,0,2,0,2,0,0,0,0,0,0,0,2,0,0,0,0,0,0,2,0,0,0,0,0,0,0,0,0,0,2,0,0,0,0,0,0,0,2,0,2,0,0,0,0,0,0,0,0,0,0,2,0,0,0,2,0,0,0,0,0,0,0,2,2,0,0,0,0,0,0,0,2,0,0,2,0,0,0,0,2,0,0,0,0,0,0,0,0,0,0,0,2,0,0,0,0,0,0,0,0,0,0,0,0,0,0,2,0,0,0,0,0,0,0,2,0,0,0,0,0,0,0,0,0,0,0,0,0,2,0,0,0,0,0,0,0,0,0,0,0,0,2,0,0,0,2,0,0,0,0,0,0,0,0,0,0,0,0,0,0,0,0,0,0,0,0,2,0,0,0,0,0,0,0,0,2,0,0,2,0,0,0,0,0,0,0,0,0,2,0,0,0,0,0,2,0,0,0,0,0,0,0,0,0,0,0,2,0,0,0,2,2,0,0,2,0,0,0,0,0,0,0,0,0,0,0,0,0,0,0,2,2,0,0,0,0,0,0,0,0,0,0,0,0,0,0,0,0,0,0,0,0,0,0,0,0,0,0,0,0,0,0,0,0,0,0,0,0,0,0,0,0,0,0,0,0,0,0,0,0,0,2,0,0,0,0,0,0,0,0,0,0,0,0,0,0,0,0,2,0,0,0,0,0,2,0,0,0,0,0,0,0,2,2,0,2,0,0,0,0,0,0,2,0,0,0,2,0,0,0,2,0,0,0,0,0,0,0,0,0,0,2,0,0,0,0,0,0,0,0,0,0,0,0,0,0,0,0,0,0,0,0,0,0,0,0,0,2,0,0,0,0,2,0,0,0,0,0,0,0,0,0,0,0,0,2,0,0,0,0,0,2,0,2,2,2,2,2,2,0,0,0,0,2,0,2,0,2,0,0,0,2,2,0,0,0,0,2,0,2,0,0,0,0,2,2,0,0,0,0,2,2,0,0,0,0,0,0,0,2,0,2,2,2,0,0,2,2,2,0,2,0,0,0,0,0,0,0,0,0,2,2,0,0,0,2,0,0,0,0,0,0,0,0,0,0,2,0,0,0,2,0,2,2,2,2,2,0,0,0,0,0,0,0,2,0,2,2,0,2,2,0,0,0,2,0,2,0,0,2,0,0,0,0,2,2,0,0,0,2,0,0,2,0,0,2,0,0,0,0,0,2,0,0,0,2,0,0,0,0,0,0,0,2,0,0,0,0,0,0,0,2,0,0,0,0,0,0,0,0,2,0,0,0,2,0,0,0,0,2,0,0,0,0,0,0,2,0,0,0,0,0,0,0,0,0,0,0,2,0,0,0,0,2,0,0,0,0,0,0,0,2,0,0,0,0,0,0,0,2,0,0,0,0,0,0,0,2,0,2,0,0,0,2,2,2,0,0,0,2,2,0,0,0,2,2,2,0,2,2,0,0,0,2,2,0,2,2,0,2,0,2,2,2,2,0,0,2,0,2,0,2,0,0,0,2,0,0,0,0,0,0,0,0,0,0,0,2,0,0,2,0,0,0,2,0,2,0,2,2,0,2,2,2,0,2,2,0,0,0,0,0,0,2,0,2,0,0,0,0,2,0,0,2,0,2,0,0,0,0,2,0,0,2,2,0,0,0,0,2,2,0,0,0,0,0,0,0,0,2,2,0,0,0,0,0,0,0,0,0,0,0,0,0,0,0,0,0,0,2,0,2,0,0,0,2,0,2,0,0,0,0,0,0,0,2,0,0,0,0,0,2,0,0,0,0,2,0,0,0,2,0,0,0,0,0,0,0,0,0,0,0,0,2,0,0,0,0,0,2,0,2,2,0,0,2,0,0,0,0,2,0,0,0,2,0,0,0,0,0,2,2,0,0,0,2,0,0,0,0,0,0,2,0,2,0,2,0,2,2,0,0,0,0,2,0,0,0,2,0,0,2,2,0,0,0,0,0,0,0,2,0,2,0,0,0,2,0,2,0,0,0,0,0,0,2,2,0,2,0,0,0,0,0,0,0,2,0,2,0,2,0,0,0,2,0,2,0,0,2,0,2,0,0,0,0,0,0,0,0,2,0,0,0,0,0,0,0,2,0,0,2,0,0,2,0,0,0,0,0,0,0,0,0,0,2,0,0,0,0,0,0,0,0,0,0,0,0,0,0,0,0,0,0,0,2,0,2,0,0,0,0,2,0,0,0,0,0,0,0,2,NA,0,0,0,0,0,2,0,0,0,0,0,0,0,2,2,0,0,0,0,0,0,0,2,0,0,0,0,0,2,0,2,0,0,0,2,0,2,0,2,0,0,0,0,0,2,2,0,0,0,2,0,0,0,0,0,0,0,0,0,0,0,0,0,0,0,0,0,0,2,0,0,0,2,2,0,0,0,2,0,2,2,2,2,0,0,2,0,0,0,0,0,0,0,0,0,0,2,0,2,2,2,2,0,0,2,0,0,0,0,2,0,0,0,0,0,0,2,0,2,0,0,0,0,0,2,0,0,2,2,0,2,2,2,0,0,0,2,0,2,0,2,0,2,0,0,0,0,0,2,0,2,0,0,2,2,2,2,0,0,0,2,0,2,2,0,0,0,2,0,0,0,0,0,0,2,0,0,2,0,0,0,2,0,0,0,0,0,0,0,2,0,2,0,0,0,0,0,0,2,0,2,0,0,2,0,0,0,0,0,2,2,0,2,0,0,0,0,0,0,0,0,2,2,NA,0,2,0,2,0,2,2,0,0,0,0,0,2,0,0,2,0,0,2,0,2,2,2,0,2,0,0,0,2,0,2,0,2,0,0,2,2,0,2,0,2,2,0,0,0,0,0,0,0,2,2,0,2,0,0,2,0,0,0,0,2,0,2,0,0,2,2,2,0,0,0,0,2,0,2,0,0,2,0,0,2,0,0,0,0,0,0,2,0,2,2,0,0,2,0,0,2,0,0,0,0,0,0,0,2,0,0,0,0,0,2,0,0,2,0,2,0,0,2,0,2,2,0,0,0,0,2,0,2,0,2,0,2,2,0,2,0,0,0,0,0,2,0,0,0,2,0,2,0,0,0,0,0,0,0,2,0,0,2,0,2,0,0,2,0,2,2,0,2,0,0,0,2,0,0,0,0,0,0,0,0,2,0,0,0,0,0,0,0,2,0,0,0,0,2,0,0,0,0,2,0,0,2,0,0,0,2,0,2,2,0,2,0,0,2,2,0,2,2,0,0,0,2,0,0,0,0,2,0,0,2,0,0,0,0,0,0,0,0,2,0,2,2,0,2,0,0,0,0,0,0,0,0,2,0,0,0,0,0,0,0,0,0,2,0,0,0,0,0,0,0,2,0,0,0,0,0,0,0,0,2,0,0,0,2,0,0,0,0,0,2,0,2,0,0,0,2,2,0,0,0,0,0,2,2,0,0,0,0,2,0,0,2,0,2,2,2,0,0,2,0,0,0,0,0,0,0,0,0,0,0,0,0,2,0,0,0,2,2,2,0,2,0,0,0,2,0,0,0,0,0,0,0,2,2,0,0,2,2,0,2,2,2,0,0,0,2,0,0,0,0,0,2,2,2,0,0,0,0,2,0,0,0,0,NA,0,0,0,2,2,0,0,0,0,0,0,2,2,0,0,0,0,0,2,2,0,0,0,0,0,0,2,0,0,2,0,2,2,0,0,0,0,0,0,0,0,0,0,0,0,2,2,0,0,2,0,0,2,2,0,2,2,0,0,0,2,2,2,2,2,0,0,0,0,0,0,0,0,2,0,2,2,0,0,0,0,0,0,0,2,0,0,0,0,0,0,2,0,0,0,0,2,2,0,2,0,2,2,0,0,2,0,0,0,0,0,0,2,0,0,0,0,0,2,0,2,2,0,0,0,0,0,0,0,2,0,0,0,0,0,0,0,0,2,2,0,2,0,0,0,0,2,2,0,2,0,0,0,0,2,2,2,2,0,0,0,0,2,2,2,NA,0,0,NA,0,2,0,0,0,2,0,0,0,0,0,0,2,0,0,0,0,0,0,2,0,0,2,0,0,2,0,0,0,0,0,0,2,0,0,0,0,0,0,0,0,0,0,0,0,0,2,2,0,0,2,2,0,0,2,0,0,0,0,0,0,0,0,0,0,2,0,0,0,0,0,0,0,0,0,0,0,0,0,0,0,2,0,0,2,0,0,0,0,0,0,0,0,2,0,0,0,0,0,0,0,2,2,2,2,2,0,0,0,0,0,0,0,0,0
"CC111",0,2,2,0,2,0,0,0,0,0,0,0,0,0,0,2,2,2,0,0,0,2,0,0,2,0,0,2,0,0,0,2,0,0,2,2,0,0,0,0,2,0,0,0,0,0,0,0,0,0,0,0,0,0,0,0,0,2,0,2,0,0,2,0,2,0,0,2,2,0,0,0,0,2,2,0,0,2,0,0,2,0,0,0,0,2,2,0,2,0,0,2,0,0,0,2,0,0,0,0,2,2,0,2,0,0,0,2,0,0,2,0,0,0,0,NA,0,0,0,NA,0,0,0,2,0,2,0,2,0,2,0,0,0,0,0,0,0,2,2,0,0,0,0,2,0,0,0,2,0,2,2,2,0,0,2,2,0,0,2,0,2,0,0,0,0,0,0,2,0,0,0,0,2,0,0,2,2,0,2,0,0,0,2,0,0,0,0,2,0,0,0,2,0,0,0,0,0,2,0,0,0,2,0,0,0,0,0,0,0,0,0,0,0,2,0,0,2,0,2,0,0,0,0,0,2,2,0,0,0,0,0,0,0,0,0,0,2,0,0,2,2,0,2,0,0,0,2,0,2,0,2,0,0,0,0,0,2,0,0,0,0,0,0,2,2,0,0,2,0,0,0,0,0,0,0,0,0,0,0,0,2,0,0,0,0,0,0,2,0,0,0,2,2,0,0,0,0,2,0,0,0,0,0,0,0,0,2,0,2,0,2,2,2,0,0,0,0,0,0,2,0,2,0,0,0,0,0,2,2,0,0,0,2,0,0,0,0,0,0,0,0,0,0,0,0,0,0,0,0,0,2,2,0,0,0,2,0,2,2,NA,2,0,0,0,0,2,0,0,0,0,0,0,2,2,2,0,0,0,0,0,0,0,0,0,0,0,0,2,0,0,0,0,0,0,0,0,0,0,2,0,0,0,0,0,0,0,0,0,2,0,0,0,0,0,0,0,0,0,0,0,0,2,0,0,2,2,0,2,2,0,0,0,0,2,0,0,2,0,0,0,0,0,0,0,0,0,0,0,2,2,0,0,0,2,0,0,0,0,0,0,0,0,0,0,0,0,0,2,0,0,0,0,0,0,0,2,0,0,0,2,2,0,0,0,2,0,2,0,0,0,0,0,0,0,2,2,2,0,0,0,0,0,0,0,0,0,0,0,0,0,0,0,2,0,0,2,2,0,0,0,2,2,0,0,0,0,0,0,0,2,0,0,0,2,0,0,0,0,0,2,0,0,0,2,2,0,0,0,0,0,0,0,0,0,2,0,0,0,0,0,0,0,0,0,0,0,0,0,0,0,0,0,0,0,2,0,0,0,0,0,0,0,0,0,0,0,2,0,0,2,0,0,2,0,2,0,2,0,2,2,0,0,0,0,0,0,0,0,2,0,0,2,0,2,0,NA,0,0,2,0,0,2,0,2,2,0,0,0,0,2,0,0,0,0,2,0,0,0,0,0,0,0,2,0,2,0,0,2,0,0,0,0,2,0,0,0,0,0,0,2,2,0,2,0,0,0,0,2,0,2,0,0,2,0,2,0,2,2,0,0,0,0,0,0,2,0,0,0,0,0,0,0,0,0,0,0,2,2,0,0,0,2,0,0,0,0,0,0,0,0,0,0,0,0,0,0,0,0,2,0,0,0,0,0,0,2,0,0,2,0,0,0,0,0,0,0,0,0,0,0,0,0,0,0,0,0,0,0,0,0,0,0,0,0,0,0,0,0,0,0,0,0,0,2,0,0,0,0,0,0,0,0,0,0,0,0,2,0,0,0,0,2,2,0,0,2,0,0,0,0,2,0,0,0,0,0,0,0,0,0,0,2,2,0,0,0,0,2,0,0,2,0,0,0,0,2,0,0,0,0,0,0,2,2,2,0,2,0,0,0,0,0,0,0,0,0,0,0,0,NA,0,0,0,0,2,0,2,0,0,2,2,0,0,0,2,0,0,0,0,0,0,2,2,0,0,0,0,0,2,2,2,0,0,0,0,0,0,2,0,0,0,0,0,2,0,2,2,0,0,2,0,0,0,0,2,0,0,0,0,0,0,0,0,0,2,0,0,0,0,0,0,2,0,0,2,2,0,0,0,0,0,0,0,0,0,0,0,0,0,2,0,0,0,0,0,0,0,2,0,0,0,0,0,0,0,0,0,0,0,2,2,0,0,0,0,0,0,0,0,0,0,0,0,0,0,0,0,0,2,0,0,0,0,2,0,0,2,0,2,2,0,0,0,0,0,0,0,0,0,0,0,0,0,0,0,0,2,2,0,0,0,0,0,0,0,2,0,0,0,0,0,0,0,0,0,2,0,0,0,0,0,2,2,0,0,0,0,0,0,0,0,0,0,0,0,2,2,0,0,0,2,2,0,0,2,0,0,0,0,0,2,0,0,0,0,0,0,0,0,0,0,2,0,0,0,0,2,0,0,0,0,0,0,0,2,0,2,2,0,0,2,0,0,0,2,0,0,2,0,0,0,0,0,0,2,0,0,0,0,0,2,0,0,2,0,0,0,0,0,0,0,0,0,0,0,0,0,0,2,0,2,0,0,2,0,0,0,0,0,0,0,2,0,0,0,0,2,0,0,2,0,2,0,2,0,0,2,0,2,2,2,0,0,0,0,0,0,0,0,0,0,0,0,0,0,0,0,0,0,0,2,2,0,0,0,0,0,0,0,0,0,2,0,0,0,0,0,0,0,2,0,0,0,0,0,0,0,0,2,0,0,0,0,0,0,0,0,0,0,0,0,0,0,2,0,2,2,0,0,2,2,0,2,0,0,0,0,0,0,0,0,0,0,0,0,0,0,2,0,0,0,0,0,2,0,2,0,0,0,0,0,0,0,0,0,0,0,0,0,0,0,0,0,2,2,0,0,2,0,0,0,0,0,0,0,0,2,0,0,0,0,2,2,2,2,2,NA,2,0,0,2,0,2,0,0,0,0,0,0,0,0,0,2,2,0,0,0,0,0,0,0,0,2,0,0,0,0,2,2,0,0,2,0,0,0,0,0,0,0,0,2,0,0,0,0,0,0,0,0,0,0,0,NA,2,0,0,0,2,0,2,0,0,0,0,0,0,0,0,0,0,0,0,2,2,0,0,0,0,0,0,0,0,0,0,2,0,2,0,2,2,0,0,0,2,0,0,0,0,0,0,2,0,0,2,0,0,0,0,0,0,0,2,2,0,0,0,0,0,2,2,0,0,2,0,0,0,0,0,0,0,0,0,0,2,0,2,2,0,0,2,0,0,2,0,2,2,0,0,0,2,0,0,2,0,0,0,0,2,0,0,0,2,0,2,2,0,0,0,0,0,0,0,0,0,0,2,0,0,2,0,0,0,0,0,0,0,0,0,0,0,0,0,0,0,2,0,0,2,0,0,0,0,0,0,0,0,0,2,2,2,0,0,2,2,2,2,0,0,0,2,0,0,0,0,0,0,0,0,0,0,2,0,2,0,0,0,2,0,0,0,0,0,2,0,0,0,0,2,0,0,0,0,0,0,0,0,0,2,0,2,2,0,0,0,0,0,0,0,0,0,0,0,0,0,2,0,0,0,0,0,0,0,0,0,0,0,0,0,0,0,0,0,0,2,0,0,0,0,0,0,0,0,0,0,0,0,2,0,0,0,2,0,0,0,0,0,0,0,0,0,0,0,0,0,0,0,0,0,2,0,0,0,0,0,2,2,0,0,2,0,0,2,2,0,0,0,0,2,0,0,0,2,0,0,0,0,0,2,0,0,0,0,0,2,0,0,0,0,0,0,2,2,0,0,0,0,0,0,0,2,0,0,2,0,0,0,0,0,2,0,2,0,2,0,0,0,2,0,0,2,0,0,0,0,0,2,0,0,2,0,0,0,0,2,0,2,0,0,0,0,2,0,0,0,2,0,2,0,0,0,0,0,2,0,0,0,0,0,2,0,2,0,0,0,0,2,0,0,0,0,0,0,0,0,0,2,0,0,0,0,0,0,0,0,0,0,2,0,0,0,0,2,0,0,0,0,2,0,2,0,0,0,0,0,0,0,0,0,0,0,0,0,2,0,0,0,0,0,0,0,0,0,2,2,2,2,0,2,0,2,2,0,2,0,2,0,2,0,2,0,0,0,2,2,0,0,0,0,2,2,0,0,0,0,2,2,0,2,0,0,0,2,0,2,2,0,0,0,0,0,2,0,0,2,2,0,0,0,0,0,0,0,0,0,0,2,0,0,2,0,0,0,0,0,0,0,0,0,2,0,0,0,0,0,0,2,0,0,0,0,2,0,0,0,0,0,0,0,0,0,0,0,0,0,2,0,0,0,0,0,0,0,0,0,0,2,0,0,2,2,2,2,0,2,2,0,0,0,0,0,2,0,0,0,0,2,2,0,0,0,0,2,0,0,0,0,0,2,0,0,0,2,2,0,2,0,2,0,0,0,2,0,0,0,2,0,0,0,0,0,0,0,0,2,0,0,0,0,0,2,0,2,0,0,2,0,0,0,0,0,0,0,0,0,2,2,2,2,0,0,2,0,0,0,0,0,0,NA,0,0,0,0,0,0,0,0,2,0,0,0,2,0,0,2,0,0,0,0,0,0,0,2,0,2,0,2,0,0,0,2,0,0,0,0,0,2,2,2,2,2,0,0,0,0,0,0,2,0,0,0,0,0,0,0,0,0,0,0,0,0,0,0,0,0,0,0,0,0,0,0,2,0,2,0,0,0,0,0,0,0,0,0,0,0,0,0,0,2,0,0,0,0,0,0,0,0,0,0,2,0,0,0,0,2,2,0,2,0,0,0,0,0,0,2,0,0,0,0,0,0,2,2,0,0,0,0,2,0,0,0,2,0,0,0,2,2,0,2,0,0,0,0,0,0,0,0,0,0,0,0,0,0,2,2,2,0,0,0,0,0,2,0,0,0,0,0,0,0,0,0,0,0,0,2,0,0,0,0,0,2,0,2,0,0,0,0,0,2,0,0,0,0,0,0,0,2,0,0,0,0,0,0,0,2,0,0,0,0,0,0,0,0,0,2,0,0,0,0,0,0,0,0,2,0,0,0,2,0,2,0,0,2,2,0,0,0,0,0,0,0,0,2,2,0,2,2,0,0,0,0,0,2,0,0,2,2,0,0,2,2,2,0,0,0,2,0,0,0,2,0,0,2,0,0,2,0,2,0,0,0,0,0,2,0,0,2,2,0,0,2,0,0,0,2,0,0,0,2,0,0,0,0,0,2,0,0,0,0,0,0,2,0,2,0,0,0,0,2,0,0,0,0,0,0,0,0,0,2,0,0,0,0,0,2,0,0,0,0,0,0,0,0,0,0,0,0,0,0,0,0,0,0,0,0,0,0,0,0,0,0,0,0,0,2,0,0,2,0,0,0,2,0,0,NA,2,0,0,2,2,0,0,0,0,0,0,0,0,0,0,0,0,0,0,2,0,0,0,0,0,0,2,0,0,0,0,0,0,2,0,0,0,2,0,0,0,0,0,0,0,2,0,0,0,2,0,0,0,0,0,0,0,0,0,0,0,0,0,0,0,0,2,0,2,0,0,0,2,0,0,0,0,0,0,0,0,0,0,0,0,0,0,0,0,0,0,0,0,0,0,0,0,2,0,0,0,0,2,0,0,0,2,0,2,0,0,0,0,2,0,0,0,2,2,0,0,0,2,2,2,0,0,0,0,0,0,0,0,0,0,2,2,0,0,0,0,0,0,0,0,0,0,0,0,0,0,0,0,0,0,0,0,0,2,2,0,0,0,0,0,2,2,0,0,0,2,0,0,0,0,0,0,0,0,0,0,2,0,0,0,0,0,0,0,2,0,0,0,0,0,0,2,0,0,0,0,0,0,0,2,2,0,0,0,0,0,0,2,0,0,0,0,0,2,0,2,0,0,0,0,0,2,2,2,2,0,0,2,0,0,0,2,0,0,0,0,0,0,0,0,0,0,2,2,0,2,0,2,0,2,2,2,2,0,0,0,0,2,0,0,0,0,0,0,2,2,0,2,0,2,2,0,0,0,2,0,2,0,2,2,0,0,0,0,2,0,0,0,2,2,0,2,0,0,0,0,0,0,0,0,0,2,0,0,0,0,0,0,0,2,0,0,2,0,0,0,2,0,2,0,0,0,2,0,2,0,0,2,0,0,2,0,0,0,2,0,0,2,0,0,0,0,2,0,0,0,2,2,2,0,0,0,0,0,0,2,0,2,2,0,2,2,0,0,0,0,2,0,0,0,0,2,2,0,2,0,0,2,2,2,0,0,2,0,0,0,2,0,2,0,0,0,2,0,0,0,0,2,0,0,0,0,2,2,0,NA,0,0,2,2,2,0,2,0,0,2,0,2,2,2,0,0,2,0,2,0,2,0,2,0,0,2,0,0,0,0,2,0,0,0,2,0,2,0,0,2,2,0,2,0,0,0,0,2,0,0,2,0,2,0,2,0,0,0,0,0,0,0,0,2,0,2,2,0,2,0,0,0,0,2,0,2,0,2,0,0,0,0,0,0,0,0,0,0,2,2,0,0,2,0,2,2,0,0,0,0,0,0,0,2,2,0,0,2,0,0,0,0,0,2,0,2,2,0,2,0,2,0,0,2,0,2,0,2,0,2,0,0,0,0,2,0,0,2,2,0,2,0,0,2,0,0,0,0,0,0,0,NA,0,0,0,2,0,0,0,0,2,0,0,2,0,0,2,0,2,0,2,2,0,0,0,0,0,0,0,0,0,0,0,0,0,0,0,0,0,0,0,0,0,0,0,0,0,0,2,2,2,2,2,0,0,2,2,2,0,0,0,0,0,0,0,2,2,0,2,0,2,0,0,0,2,0,0,0,2,0,0,0,0,2,0,0,2,0,2,0,0,2,0,0,0,0,0,2,2,0,0,2,0,2,0,2,2,0,2,0,2,2,2,2,0,0,0,0,2,2,0,0,0,2,2,0,0,2,0,0,0,0,0,0,0,2,2,0,2,0,2,0,0,0,2,0,0,0,0,0,0,0,0,0,0,0,0,0,0,0,0,2,0,0,2,2,0,2,0,2,0,0,0,0,0,2,0,0,0,0,0,0,0,0,0,0,0,2,0,0,0,2,0,0,2,0,NA,0,0,0,2,0,0,0,2,0,0,0,0,0,0,0,0,2,0,0,0,2,0,2,0,0,2,0,0,0,2,2,0,0,0,2,0,0,0,2,0,0,0,0,NA,0,0,0,0,2,0,0,0,0,0,0,0,0,0,2,0,0,2,2,0,0,2,0,0,0,2,0,0,0,0,0,0,0,2,0,2,2,0,0,0,0,0,0,2,2,0,0,2,0,2,0,2,2,0,2,0,0,2,2,2,0,2,2,0,2,0,0,2,0,2,0,0,0,0,2,0,0,0,2,0,0,0,0,0,0,2,0,0,0,0,0,0,0,0,0,0,0,0,2,0,2,2,NA,2,0,0,0,0,0,0,2,0,0,0,0,2,0,2,0,2,NA,0,0,0,0,0,2,2,0,0,0,0,0,0,0,2,0,2,0,2,0,2,0,0,0,2,0,0,0,0,2,NA,2,0,2,2,2,0,0,2,2,0,2,0,0,0,0,0,0,0,2,0,0,0,0,2,0,0,2,0,0,0,0,2,0,2,0,0,0,0,0,0,2,0,0,0,0,0,0,2,0,2,0,2,0,0,0,0,0,0,0,0,0,0,0,2,2,2,0,0,0,0,0,0,0,0,2,0,0,2,2,0,0,0,0,0,2,0,2,0,0,0,0,2,0,2,0,0,0,0,2,0,0,0,0,0,0,0,0,2,0,0,2,0,0,2,2,0,2,2,0,2,0,0,0,2,2,0,0,2,0,2,2,0,0,0,0,2,2,0,0,0,2,0,0,0,0,2,0,0,2,0,0,0,0,0,0,2,0,0,2,2,2,2,0,0,0,0,2,0,0,0,0,0,2,0,0,2,0,0,0,2,0,0,0,2,0,0,0,0,0,2,0,0,0,0,0,2,0,0,0,0,0,0,0,0,0,0,0,2,0,2,2,2,2,0,2,0,0,2,2,0,0,0,2,0,0,2,0,0,2,2,0,0,0,0,2,0,0,0,2,0,2,0,0,2,0,2,2,0,0,0,0,0,0,2,2,0,0,0,2,0,2,0,2,0,0,0,2,2,2,0,0,2,0,0,2,2,2,2,0,2,2,0,2,0,2,0,2,0,2,2,0,2,0,2,0,0,2,2,2,2,0,2,0,2,0,0,2,0,2,2,2,2,0,0,0,0,0,0,0,2,2,2,0,0,0,0,0,0,0,2,0,0,2,0,0,2,0,2,0,0,2,0,0,0,0,0,0,0,0,0,0,2,2,0,0,2,0,0,0,0,0,0,0,0,0,0,0,2,0,0,2,0,2,0,2,2,0,0,2,0,0,2,0,0,0,0,2,0,0,2,2,0,0,0,0,0,0,2,0,0,0,0,0,0,2,0,2,0,2,0,2,0,0,0,0,0,0,0,0,0,0,0,0,0,0,0,0,0,0,0,0,0,0,0,0,0,2,0,0,2,0,2,0,0,2,2,2,0,0,0,0,2,2,2,0,2,0,0,0,0,0,2,2,0,2,0,2,0,0,0,0,0,2,0,0,2,2,0,0,2,2,2,0,0,2,0,0,0,0,0,0,2,0,0,0,0,0,2,0,2,0,0,0,2,0,2,0,0,2,0,2,2,2,0,2,0,0,NA,0,2,0,0,0,2,0,0,0,0,0,0,0,0,2,0,0,0,0,0,0,0,0,0,0,0,0,0,0,0,0,0,0,0,0,0,2,2,0,0,0,0,0,0,0,0,0,2,2,2,NA,0,2,2,2,0,0,0,2,0,0,0,2,0,2,2,2,NA,0,0,0,2,0,2,2,0,0,2,2,0,0,0,0,2,0,0,0,0,0,0,2,0,0,0,0,0,0,2,0,0,0,0,0,0,0,0,0,2,0,0,0,2,0,0,2,0,0,0,0,0,0,0,0,0,0,0,0,0,0,0,0,2,0,0,0,0,0,0,0,0,0,2,0,0,0,0,0,0,2,0,0,0,0,0,2,0,0,2,0,0,0,0,0,0,0,0,2,2,0,2,0,0,0,0,0,0,0,0,0,2,0,0,0,0,0,0,0,0,0,2,0,0,0,0,0,0,2,2,0,0,0,0,0,0,0,0,2,0,0,0,0,0,0,0,0,0,0,0,0,0,0,0,2,2,0,0,2,2,0,0,0,0,0,0,0,0,2,0,2,NA,0,0,0,0,0,0,0,2,2,2,0,0,0,0,0,0,0,2,2,0,0,2,0,2,0,0,0,0,0,0,0,0,0,0,2,0,0,0,0,2,2,0,0,0,0,0,0,0,2,2,0,0,2,0,0,0,0,0,0,0,0,0,0,0,2,2,2,0,0,0,0,0,0,0,0,0,0,0,0,0,0,0,0,0,0,0,0,0,2,2,0,0,0,0,0,0,0,0,0,0,2,0,0,0,0,0,0,0,0,0,0,2,0,0,0,0,0,0,0,2,2,0,0,0,0,0,0,0,0,2,2,2,0,0,0,2,2,0,0,0,0,0,0,0,0,0,0,0,0,0,0,0,0,0,0,0,0,2,0,0,0,0,0,0,0,0,0,0,0,0,0,0,0,0,2,0,0,0,0,0,0,2,0,0,0,0,0,0,0,0,0,0,0,2,0,0,0,0,0,0,0,0,0,0,0,0,0,0,0,0,2,0,0,2,2,2,0,0,0,0,0,0,0,0,0,0,0,0,0,0,0,2,0,0,0,0,0,0,0,2,2,2,0,0,0,0,2,0,0,0,2,0,2,0,0,0,0,0,0,2,2,2,0,0,0,2,0,0,0,2,0,0,0,0,0,0,2,0,0,2,0,0,0,0,2,0,0,0,2,2,0,0,2,2,0,0,0,2,2,0,0,0,0,0,0,0,0,0,0,0,0,0,2,2,0,0,0,0,0,0,0,0,0,0,0,2,2,0,0,0,2,2,0,0,0,0,0,2,0,0,0,0,2,0,0,0,0,0,0,0,0,0,2,0,0,0,2,0,0,0,0,0,0,0,0,0,0,2,0,0,0,0,2,0,0,0,0,0,0,0,0,2,0,0,0,0,2,0,2,0,2,0,0,2,2,0,0,2,0,0,2,0,0,2,0,0,0,0,0,0,0,0,0,0,0,2,0,0,0,2,0,0,2,0,0,2,0,0,0,0,0,0,0,2,0,0,2,0,0,2,0,0,2,0,0,0,0,0,0,0,0,0,2,0,2,0,0,0,2,2,0,2,0,2,0,0,0,0,0,2,0,2,2,0,0,0,2,0,0,0,0,0,0,0,0,0,0,0,0,0,2,2,2,0,0,2,0,0,2,0,2,2,0,2,0,2,2,0,0,0,2,0,2,2,2,0,0,2,2,0,0,2,0,0,2,0,0,2,2,2,0,0,2,2,0,0,2,0,0,0,0,0,2,2,0,0,0,0,0,0,2,0,2,2,0,0,0,0,2,2,0,2,2,2,2,2,2,2,0,2,0,0,2,2,0,0,0,0,0,2,0,2,0,2,2,2,0,0,0,0,0,0,0,0,0,0,0,2,0,0,2,2,0,0,0,2,2,2,2,0,2,0,2,0,0,2,0,2,0,0,0,0,0,0,2,0,0,0,0,0,0,2,0,0,0,2,2,2,2,0,0,0,0,0,2,0,0,0,0,0,0,0,2,0,2,0,2,0,0,2,0,0,0,0,2,2,2,0,2,0,0,2,0,0,0,0,0,0,0,0,2,0,0,2,0,0,2,0,0,0,0,0,0,0,0,0,0,0,0,0,0,0,0,0,0,0,0,2,0,0,0,0,0,2,0,0,0,2,0,0,0,0,0,0,0,0,0,0,2,0,0,0,0,0,0,0,0,0,0,0,0,0,0,0,2,0,0,2,0,0,2,2,0,0,0,0,0,0,0,2,0,0,0,0,0,0,2,2,2,2,2,0,0,0,0,0,0,2,0,2,2,0,0,0,0,2,2,2,0,0,0,0,0,0,0,0,0,0,0,0,0,2,0,0,2,0,2,0,0,0,0,2,0,2,2,0,2,0,0,2,2,0,0,0,0,0,2,0,0,0,0,0,0,0,2,0,0,0,0,0,0,0,2,0,2,0,0,0,2,0,0,0,0,0,0,2,2,2,0,0,0,0,0,0,0,0,0,0,0,2,0,0,0,0,0,0,0,0,0,2,0,0,0,2,0,2,0,0,0,0,0,2,0,0,0,0,0,0,0,0,0,0,2,0,0,0,0,0,0,0,0,0,2,0,2,0,0,2,0,0,0,0,0,0,0,0,0,2,0,2,0,2,0,0,0,0,2,2,0,0,0,0,0,0,0,0,0,0,0,0,0,0,0,0,0,0,0,2,2,0,0,0,0,0,0,0,0,0,0,0,0,0,0,0,0,0,0,0,2,0,0,0,2,0,0,0,0,0,2,2,0,0,0,0,0,0,0,0,0,0,0,0,0,0,2,0,2,0,0,0,2,0,0,0,0,2,0,0,2,2,0,0,0,2,0,0,0,2,0,0,0,0,0,0,0,0,0,0,0,2,2,0,0,2,0,0,0,0,0,0,0,0,0,0,2,0,0,2,0,0,0,0,0,0,2,0,0,0,0,0,2,0,0,2,0,2,0,0,2,0,0,0,0,0,0,0,0,0,0,0,0,2,0,0,0,0,0,2,0,2,0,0,0,0,0,0,0,2,2
"CC112",0,0,0,0,0,2,2,2,0,0,0,0,0,0,0,0,0,0,0,0,0,0,0,0,0,2,0,0,0,0,0,0,0,0,0,0,2,0,2,0,0,2,0,0,0,2,0,0,0,2,2,0,0,0,0,0,0,0,2,2,0,0,0,0,2,0,2,0,0,0,0,0,0,0,0,2,0,2,0,2,0,0,2,2,2,2,0,2,0,0,0,0,0,2,0,2,0,0,0,0,0,0,0,0,2,0,0,0,0,0,0,0,0,0,0,0,0,0,0,2,0,0,2,2,0,2,0,0,0,0,0,0,0,0,0,0,0,0,0,0,0,2,0,0,0,0,0,2,0,0,2,0,0,0,0,2,2,0,0,0,0,0,0,0,0,0,0,0,2,0,0,0,0,0,0,0,2,0,2,0,0,0,2,0,0,0,0,0,0,0,0,2,0,0,0,2,0,2,0,0,0,0,0,0,0,0,0,2,0,0,0,0,2,0,2,0,2,0,2,0,0,0,0,0,0,2,0,0,0,0,0,2,0,0,0,0,0,NA,0,0,0,0,0,0,0,0,0,0,0,0,0,2,0,2,0,0,0,0,0,0,0,2,2,0,0,0,0,0,2,0,2,0,0,2,0,0,0,2,2,0,0,0,0,0,0,0,0,0,0,0,0,0,0,0,0,2,0,0,2,2,0,0,0,2,2,0,0,2,0,0,0,0,0,0,0,0,0,2,0,0,0,0,2,0,0,0,2,0,0,0,0,2,0,2,2,0,0,2,0,0,0,2,0,0,2,0,0,0,0,0,0,0,0,0,0,0,0,2,0,2,0,2,0,0,0,0,0,2,0,0,0,0,2,0,0,0,0,2,0,0,0,0,0,0,2,0,2,0,0,0,0,0,0,0,0,0,0,0,2,0,0,0,0,2,0,2,0,2,0,0,2,0,0,0,0,0,2,0,0,0,0,0,0,0,2,0,0,0,2,2,0,2,0,0,0,0,0,0,2,0,0,0,0,0,0,2,0,0,2,0,0,0,2,0,2,0,0,0,0,0,0,0,0,0,0,0,0,0,0,0,0,0,0,0,0,0,0,0,0,0,0,0,0,2,0,0,0,0,0,0,0,0,0,0,0,0,2,0,0,0,0,0,0,0,0,0,0,2,0,0,0,0,0,0,0,0,0,0,0,0,2,0,0,0,0,0,0,0,2,0,0,0,2,0,0,0,0,0,0,0,0,0,0,2,0,2,0,0,0,0,2,0,0,0,0,0,0,0,0,0,0,0,0,0,0,0,0,0,0,0,0,0,2,0,0,0,0,0,0,0,2,0,0,0,0,0,0,0,0,2,0,2,0,0,0,0,0,2,0,0,0,0,0,2,0,0,0,0,0,0,2,0,0,0,0,0,0,0,0,0,0,0,0,0,NA,0,0,0,2,0,0,0,0,0,0,0,0,2,0,0,0,0,0,0,0,0,0,0,0,0,0,0,0,0,2,0,0,0,0,0,0,2,0,0,0,0,0,0,0,0,0,0,0,NA,0,0,NA,0,0,0,2,0,0,2,2,0,0,0,0,0,2,0,0,0,0,0,2,0,0,2,2,0,0,0,0,0,0,2,0,0,2,0,0,0,2,0,0,0,2,0,0,0,0,0,0,0,0,2,2,0,2,2,2,2,0,0,0,0,0,0,2,0,0,0,2,0,0,0,0,0,0,2,0,0,2,2,0,2,0,0,2,0,2,0,2,0,0,0,0,0,0,0,0,0,2,0,0,0,2,0,0,2,0,0,0,0,0,0,0,0,2,2,0,2,0,0,0,0,2,0,0,0,0,0,2,0,2,0,0,2,0,0,0,0,0,0,0,0,0,0,0,0,2,0,0,0,2,0,0,0,0,0,0,0,0,0,2,0,0,0,0,0,0,0,0,0,0,2,0,2,0,2,0,2,0,0,0,0,2,0,0,0,0,0,0,0,0,2,0,0,0,0,0,0,0,0,0,0,2,0,0,2,0,0,0,0,0,0,0,0,0,0,0,0,0,0,0,0,2,0,0,0,0,0,0,0,0,0,0,0,0,0,0,0,0,NA,0,2,0,0,0,NA,NA,2,0,0,0,0,0,0,0,2,0,2,2,0,0,0,0,0,2,0,0,0,0,0,0,0,0,0,0,0,0,0,0,0,2,0,2,0,0,0,0,0,0,0,0,0,0,0,2,0,0,2,0,0,0,2,0,0,0,0,0,0,2,0,0,0,0,0,0,0,0,0,0,0,0,0,0,0,0,0,0,0,0,0,0,0,0,0,0,0,0,0,0,0,0,0,0,0,0,0,2,0,0,2,0,0,0,0,0,0,0,0,0,2,0,0,2,0,0,0,0,0,0,2,0,0,2,0,2,0,0,0,0,0,0,0,2,0,0,0,0,2,0,0,2,2,0,0,2,0,0,0,2,0,2,2,0,0,2,0,0,0,0,0,2,0,0,0,0,2,0,0,0,0,0,0,2,2,0,0,2,0,0,0,0,2,2,0,2,2,0,2,0,0,2,0,2,2,0,0,0,2,0,0,0,0,0,0,0,0,0,0,0,0,0,0,0,0,0,0,0,2,2,0,0,2,0,0,0,0,0,0,2,0,0,0,2,0,0,0,0,0,2,0,0,0,2,0,0,0,0,0,0,0,0,0,0,0,2,0,0,0,0,0,0,0,2,0,0,2,0,0,0,2,0,0,0,0,0,0,0,2,0,0,0,0,0,0,0,2,0,0,0,0,0,0,0,0,0,0,0,2,0,0,2,0,0,2,0,2,2,0,0,0,0,0,0,0,2,2,2,0,0,0,0,0,0,0,0,0,0,0,0,0,0,0,0,0,0,0,0,2,0,0,0,0,0,0,0,0,0,0,0,0,0,0,0,0,0,0,2,0,0,2,0,0,0,0,0,0,0,0,0,0,0,0,0,0,0,0,0,0,2,0,2,0,0,0,0,0,0,0,0,0,0,0,0,0,0,0,0,0,0,0,2,0,2,2,0,0,2,0,2,0,0,0,0,0,2,0,0,0,0,0,0,0,0,0,2,2,0,2,0,0,0,0,0,0,2,2,2,2,2,0,0,2,2,0,0,0,0,0,0,0,2,2,0,0,0,0,0,0,0,0,0,0,0,0,0,2,0,0,2,0,0,0,0,0,0,0,0,0,0,0,0,0,0,0,0,0,0,0,2,0,0,2,0,0,0,0,0,0,0,0,0,0,0,0,2,0,0,2,0,0,2,0,2,0,0,0,0,0,0,0,0,0,0,2,0,0,0,2,0,0,0,0,0,2,0,0,0,0,2,2,2,2,0,0,0,2,0,2,0,0,0,0,0,2,0,0,0,0,0,0,0,0,0,0,0,0,0,0,0,0,2,0,0,0,2,2,0,0,0,0,0,0,0,0,0,0,0,0,0,2,0,0,2,0,0,0,2,0,2,0,0,0,0,0,0,0,0,2,0,0,0,2,0,2,2,0,0,0,0,0,2,0,0,0,0,0,0,0,0,0,0,0,0,2,0,2,0,2,0,2,0,2,0,0,0,0,2,2,0,0,0,2,0,0,0,0,0,0,2,0,0,0,0,2,0,0,0,0,2,0,0,2,0,0,0,2,0,0,0,2,0,2,0,2,0,0,0,0,2,2,2,0,2,2,0,0,2,0,0,0,2,0,0,0,0,0,0,0,0,0,0,2,0,2,0,0,0,0,0,0,0,2,2,0,0,2,0,0,0,0,2,2,0,0,0,2,0,0,2,0,0,0,0,2,0,0,0,0,0,0,2,0,0,2,0,2,2,0,0,2,0,0,0,0,0,0,2,2,2,0,0,0,0,0,0,2,0,0,0,0,0,0,2,0,0,2,2,0,0,0,0,2,0,0,2,0,0,2,2,2,0,2,0,2,0,2,2,2,0,2,0,0,0,2,2,0,2,0,2,2,2,0,0,2,0,0,0,0,2,0,0,0,0,0,0,0,0,0,0,0,NA,2,0,0,0,0,0,2,2,0,2,0,0,0,0,0,0,2,0,0,0,0,2,0,0,0,0,0,0,0,0,0,0,0,0,0,2,0,0,0,0,0,0,0,0,0,0,2,0,0,0,2,2,2,0,0,0,2,0,0,2,0,0,0,2,0,0,2,0,0,2,0,0,0,0,0,0,0,0,0,0,2,2,0,0,0,0,0,0,0,2,0,0,0,0,2,0,0,0,0,0,2,0,0,0,2,2,2,0,0,2,0,0,0,2,0,0,0,0,0,2,2,0,0,2,0,0,0,0,0,2,0,0,0,0,0,0,2,0,2,0,0,2,0,0,0,0,0,2,2,0,0,2,0,2,0,0,2,0,0,0,0,2,0,2,2,0,0,0,0,2,0,2,2,2,2,0,2,0,0,0,0,0,2,0,0,0,0,2,0,0,0,2,0,0,0,0,0,0,2,0,0,0,0,0,0,0,0,0,0,0,0,0,0,2,2,0,0,0,2,0,0,0,0,0,0,0,0,0,0,2,0,0,0,0,2,0,2,2,0,2,2,2,0,2,2,0,0,0,2,0,2,0,0,2,2,0,0,0,0,2,2,0,2,0,0,0,2,0,0,2,2,0,0,0,2,2,0,0,2,0,2,0,0,0,0,0,2,2,0,0,0,0,0,2,0,2,0,0,2,2,0,0,2,2,0,0,0,0,0,2,0,0,0,0,2,2,2,0,2,2,0,0,2,0,0,2,0,0,0,2,0,0,2,2,0,2,NA,0,0,NA,0,0,0,0,0,2,2,0,0,0,0,0,2,0,0,2,0,0,0,2,2,0,0,0,0,0,0,0,0,2,0,2,0,2,0,0,0,2,0,0,0,0,0,0,0,0,0,0,0,0,0,0,0,0,2,2,0,0,2,0,0,0,0,0,0,0,2,0,0,2,0,0,NA,2,0,0,2,0,2,0,0,0,0,0,0,0,0,0,0,0,0,0,0,0,0,0,2,0,0,0,0,0,0,2,2,0,0,0,0,0,0,2,2,0,0,0,0,0,0,0,2,0,0,0,0,0,0,2,2,0,0,0,0,0,0,0,0,0,0,0,0,0,0,0,0,0,0,0,NA,0,0,0,0,0,0,2,0,0,0,0,0,2,0,0,0,0,0,2,0,0,0,0,0,0,0,0,2,0,0,0,0,0,0,0,0,0,0,0,0,0,2,0,0,0,2,2,0,2,2,0,0,0,0,0,0,0,0,2,0,0,0,0,0,0,0,0,0,0,0,0,0,0,0,0,0,0,0,2,0,0,0,0,0,0,0,2,0,0,0,0,0,0,0,0,2,0,2,0,2,0,0,2,0,2,0,0,0,2,0,0,0,0,0,0,0,2,0,0,0,0,2,0,0,0,0,2,0,0,0,0,0,0,0,2,0,2,0,0,0,0,2,0,0,0,0,2,0,2,2,0,0,0,0,0,0,0,0,0,2,0,0,0,0,0,0,0,0,2,0,0,0,2,0,0,0,0,2,2,2,2,0,2,0,0,2,0,0,0,0,0,0,0,0,2,2,2,2,2,2,0,2,0,0,0,0,0,0,0,2,2,2,0,2,2,2,0,0,0,2,2,0,0,2,0,2,2,2,2,0,0,2,0,2,0,2,2,2,0,0,0,0,0,0,0,0,2,2,0,2,0,0,0,0,0,2,2,2,0,2,0,0,0,0,2,0,0,2,0,0,2,2,0,2,0,2,0,0,0,2,2,0,0,0,0,0,0,2,2,0,0,0,0,2,0,2,0,0,0,2,0,0,0,0,0,2,0,0,0,NA,0,0,0,0,2,2,0,0,2,2,2,0,0,0,2,2,0,0,0,2,0,0,0,2,0,0,0,0,0,0,2,0,0,0,0,2,2,2,NA,2,0,2,0,0,0,0,0,0,0,0,2,0,0,2,0,0,0,0,0,2,2,2,0,0,2,0,0,2,0,0,0,0,0,0,2,0,2,0,2,0,2,0,0,0,0,2,0,2,0,2,0,2,0,0,0,0,0,0,0,0,0,2,0,2,2,0,0,0,0,0,0,0,0,2,0,0,2,0,2,0,0,0,0,0,2,2,0,0,0,0,0,0,0,0,0,0,0,0,0,0,0,0,2,2,2,2,0,0,0,0,0,0,2,0,0,0,0,0,0,0,2,0,2,0,2,0,2,0,0,0,0,0,0,0,0,0,2,0,0,0,0,0,0,0,0,0,2,0,0,0,0,0,0,0,0,0,0,0,0,0,0,0,0,2,0,2,0,2,0,0,2,0,0,0,0,0,2,0,0,0,2,0,0,0,0,0,0,0,0,2,2,2,0,2,2,0,0,0,0,2,0,0,0,0,2,2,2,2,0,0,0,0,0,2,2,0,0,0,0,0,0,2,0,2,0,0,2,2,0,0,0,0,0,2,0,0,0,0,0,0,0,0,0,0,0,0,0,0,2,0,0,0,0,2,2,0,0,0,0,0,0,2,2,0,2,2,0,2,0,0,2,2,0,0,2,2,0,0,0,2,0,0,0,0,2,0,0,0,0,0,0,2,0,2,0,0,2,0,0,2,0,0,0,0,0,2,0,0,0,0,2,0,0,0,0,0,0,0,0,0,2,2,0,0,0,0,0,0,0,0,2,0,0,2,0,0,2,0,2,2,0,2,0,0,0,0,0,0,0,0,0,2,2,2,0,0,2,2,0,2,2,0,0,0,2,0,0,0,0,0,0,0,2,2,0,2,2,2,2,0,0,0,0,2,2,0,2,0,0,2,2,0,2,0,0,0,0,2,0,0,0,2,2,2,0,NA,2,0,2,0,0,0,0,0,0,2,0,2,0,2,0,0,2,0,0,0,2,2,0,0,0,0,2,2,2,0,0,0,0,0,0,0,2,2,0,0,2,0,2,0,0,0,2,0,0,0,0,2,0,0,2,0,0,0,2,2,0,0,2,0,0,0,2,0,0,0,0,0,0,0,0,0,0,2,0,0,0,0,0,2,0,0,0,0,0,2,0,0,0,0,0,0,0,0,0,0,0,0,0,0,0,0,2,0,0,0,0,2,0,0,2,0,0,0,0,0,0,0,0,0,0,0,0,0,2,0,0,NA,2,0,0,0,0,2,2,0,0,0,0,0,0,0,0,0,0,0,0,0,0,0,0,0,2,0,0,0,0,0,0,0,0,2,0,0,0,2,0,2,0,2,0,0,0,2,0,0,0,0,0,0,0,2,0,0,0,0,0,0,0,0,0,0,0,0,0,0,0,0,0,0,0,0,2,0,0,0,0,0,0,2,0,0,0,0,0,0,0,0,0,0,0,0,0,0,0,0,0,0,0,0,0,0,2,2,0,2,0,0,2,0,0,2,0,0,0,0,0,2,0,0,0,0,0,0,0,0,0,0,0,0,2,0,2,NA,2,0,0,0,0,0,0,0,0,0,0,0,0,0,0,0,NA,0,0,0,0,0,2,0,0,0,0,0,0,0,0,0,0,0,0,0,2,2,0,0,0,0,0,0,0,2,2,2,0,0,0,0,0,2,0,0,0,0,2,0,0,0,0,0,0,0,0,0,0,2,0,2,0,0,0,0,0,0,0,0,0,2,2,0,0,0,2,0,0,0,2,0,0,2,0,0,0,0,0,0,0,0,0,0,0,0,0,0,0,0,0,2,0,0,0,0,0,0,0,2,0,0,0,0,0,0,0,0,0,0,2,2,0,0,0,0,0,0,0,0,0,0,0,0,0,0,0,0,0,0,0,0,0,0,2,0,0,0,0,0,0,0,0,0,0,0,0,0,2,0,0,0,0,0,0,0,0,0,0,0,0,0,0,0,2,0,0,0,0,0,0,0,0,0,0,0,0,0,0,0,0,0,0,2,0,0,2,0,0,0,0,0,0,0,0,0,0,0,0,0,2,0,0,0,0,0,2,0,0,0,0,0,0,0,0,0,0,0,0,0,0,0,0,0,0,0,0,0,0,0,2,0,0,0,0,0,0,0,0,0,0,0,0,0,0,0,0,0,2,0,2,2,0,0,0,0,0,0,0,0,0,0,0,0,0,0,0,0,2,0,0,0,0,0,0,0,0,0,0,0,0,0,0,0,0,0,0,0,0,0,0,0,0,0,0,0,0,0,0,0,2,0,0,0,0,0,0,0,0,0,0,0,0,0,0,0,0,0,2,0,0,0,0,0,0,0,0,0,0,0,0,0,2,2,0,2,0,0,0,0,0,0,2,0,0,0,2,0,0,0,2,0,0,0,0,0,0,0,0,0,0,0,0,0,0,0,0,0,0,2,2,0,0,0,0,0,0,2,0,0,0,0,0,0,0,0,0,0,0,0,0,2,0,0,2,0,0,0,0,0,0,0,0,0,0,0,0,0,0,0,2,2,0,0,0,0,0,0,0,2,2,0,2,2,2,0,0,2,2,0,0,2,0,2,0,0,0,0,0,0,2,2,0,0,0,0,0,0,0,2,0,0,0,0,2,2,2,0,0,0,0,0,0,0,0,0,0,0,2,0,0,2,0,0,2,2,0,0,2,0,0,0,2,0,2,0,0,0,2,0,0,0,2,2,0,0,2,2,0,0,0,0,2,0,2,2,0,0,0,NA,0,0,0,0,2,0,2,0,0,2,0,2,0,0,2,2,0,0,0,0,0,2,2,2,0,2,2,0,0,0,2,2,0,2,0,0,2,0,2,2,0,2,0,2,0,2,2,0,0,0,2,0,2,2,0,0,0,2,0,0,2,2,2,0,0,2,0,0,0,0,0,0,0,0,2,2,0,0,0,2,0,0,0,0,0,2,2,0,0,2,0,0,0,2,0,0,0,0,0,0,0,0,0,2,0,0,0,0,0,0,0,0,0,0,0,0,0,0,0,0,0,0,2,0,2,2,2,0,0,0,0,2,0,2,0,0,0,0,0,2,0,0,2,0,0,0,0,0,2,0,0,0,0,0,0,0,0,0,2,0,0,2,0,0,0,0,0,2,0,2,0,2,0,0,0,0,2,0,0,2,0,0,2,2,0,0,0,0,0,0,0,2,0,0,0,0,0,0,0,0,0,0,2,0,0,0,0,2,0,0,0,0,0,0,2,0,0,0,2,0,2,0,0,0,0,0,0,2,0,2,2,0,0,0,0,0,0,0,2,0,0,0,0,0,0,0,2,0,0,0,2,0,0,0,0,0,0,0,0,0,0,0,0,0,0,0,0,0,0,0,NA,0,0,0,0,0,2,0,0,0,0,0,0,2,0,2,0,2,0,0,2,0,0,0,0,0,0,0,0,0,0,2,0,0,0,0,0,0,0,0,0,0,0,2,2,0,0,0,2,0,0,0,2,2,0,0,0,2,0,0,2,0,0,0,0,0,0,0,2,0,0,0,0,0,0,2,0,0,2,0,2,0,0,0,2,0,0,0,2,2,2,0,2,0,2,0,0,0,0,0,0,0,0,2,0,0,2,0,0,0,2,0,0,0,0,0,2,0,0,0,2,2,0,0,0,0,0,0,2,2,0,0,0,0,0,0,2,0,0,0,0,2,0,0,0,0,2,0,0,0,2,0,0,0,0,0,0,2,2,2,0,0,2,2,0,0,NA,0,0,0,0,0,0,2,0,0,0,2,0,0,0,0,0,2,0,2,0,0,0,0,2,0,NA,0,0,0,0,0,0,0,0,0,0,0,0,2,0,2,0,0,0,0,0,0,0,2,0,0,0,0,0,2,0,0,2,0,0,0,0,2,0,0,0,0,2,2,2,0,0,0,0,0,0,0,2,0,0,0,0,0,0,0,0,0,0,0,0,0,0,0,0,0,0,0,0,0,0,2,0,0,0,0,0,0,0,0,0,0,0,0,0,0,0,0,0,0,0,0,0,0,0,0,0,0,0,2,0,0,0,0,0,2,0,0,0,2,2,0,0,0,0,0,0,0,0,0,0,0,2,2,0,0,0,0,0,0,0,0,2,0,2,0,0,0,2,0,0,0,0,0,0,2,0,0,2,0,0,0,0,2,0,2,0,0,2,0,0,0,0,0,0,0,0,0,0,0,0,2,2,0,0,0,2,0,0,2,2,2,0,2,0,0,0,0,2,0,0,0,0,2,0,0,0,2,0,0,0,2,0,2,0,0,0,0,2,0,2,0,0,0,0,0,0,0,0,0,0,0,0,0,2,2,0,0,0,2,0,0,2,0,0,0,0,0,0,0,0,0,0,0,2,0,2,0,0,0,0,0,0,0,0,0,2,0,0,0,0,0,0,0,0,0,0,0,0,0,0,0,0,0,0,0,0,NA,0,0,0,0,0,0,0,0,0,0,0,0,0,0,0,0,0,0,0,0,0,0,0,2,0,0,0,0,0,0,0,2,0,0,2,0,0,2,2,0,0,0,0,0,0,0,0,0,0,2,0,2,0,2,0,0,0,0,0,2,0,2,0,0,0,0,0,0,0,0,0,0,0,0,NA,2,2,0,2,0,2,0,0,2,0,0,0,0,0,0,0,0,0,0,0,0,0,0,0,0,2,0,0,0,0,0,0,0,0,0,0,2,2,0,0,0,2,0,0,0,0,0,0,0,0,0,0,2,0,0,0,0,2,0,2,0,0,2,2,0,0,0,0,0,2,0,2,0,2,0,0,0,0,0,0,0,2,0,0,0,0,0,2,0,2,2,0,0,0,2,2,0,2,0,0,0,0,0,0,2,0,0,0,0,2,0,0,2,2,0,0,2,2,2,0,0,2,2,0,2,0,0,0,0,2,2,0,0,0,0,0,0,2,0,0,0,0,2,0,0,0,0,0,0,0,0,2,2,2,0,0,0,0,2,0,2,2,0,0,0,0,2,0,0,0,0,0,0,0,2,0,0,0,2,0,2,0,0,2,0,2,0,0,0,0,0,0,0,0,0,0,0,0,2,0,0,0,0,2,0,2,2,0,2,2,0,0,0,0,0,0,0,0,0,0,2,0,2,2,0,0,0,0,0,0,0,0,0,0,0,0,0,0,0,0,2,0,2,2,2,0,0,0,0,2,0,0,0,2,0,0,0,2,2,2,0,2,0,2,0,0,0,0,0,0,0,2,0,2,0,0,2,2,0,2,0,0,0,0,0,0,2,0,0,2,0,0,2,0,0,0,0,0,2,0,2,0,0,0,0,0,0,0,0,0,2,2,0,0,0,0,2,0,2,2,0,0,0,2,0,0,0,0,0,0,0,0,0,2,0,0,2,2,0,0,0,0,0,0,0,2,0,0,0,0,0,0,0,0,0,0,0,2,2,0,0,0,0,0,0,0,0,0,0,2,0,0,0,2,0,0,2,0,0,2,0,2,0,0,0,0,2,2,0,0,0,0,0,0,0,0,2,0,0,0,0,0,2,2,0,0,0,0,0,0,0,0,0,0,2,0,0,0,0,0,2,0,0,2,0,0,0,0,0,0,0,0,0,0,0,0,0,2,0,2,0,2,0,0,0,0,2,0,0,0,0,0,0,0,0,0,0,0,0,0,0,0,0,0,0,0,0,0,2,2,0,0,0,2,0,0,2,0,0,0,0,0,0,2,0,0,0,0,0,2,0,0,0,2,0,0,2,0,2,2,0,0,0,0,0,0,0,0,0,0,0,0,0,0,2,2,2,0,0,0,2,0,0,0,0,0,0,0,0,0,0,2,2,0,0,0,2,2,0,0,0,0,2,0,2,0,0,0,0,0,0,0,2,2,2,2,2,0,0,0,0,0,0,0,0,0
"CC113",0,2,2,0,NA,0,0,0,0,0,0,0,0,0,0,2,0,0,0,0,2,2,0,0,0,0,0,2,0,0,0,2,0,0,2,2,0,0,0,0,2,0,0,2,2,0,0,2,0,0,0,2,0,2,0,2,2,0,0,0,0,0,0,2,0,0,0,0,2,2,0,2,0,0,2,0,0,0,0,0,0,0,0,0,0,0,2,0,2,0,0,0,0,0,0,0,0,0,0,0,0,0,0,2,0,0,0,2,0,0,2,0,0,0,2,0,0,0,0,NA,0,0,0,2,0,0,0,2,0,2,0,0,0,2,0,0,0,2,0,0,0,0,0,0,0,0,2,0,0,2,0,0,0,0,0,0,0,0,0,2,0,0,0,2,2,0,0,0,2,0,0,2,0,0,0,0,0,0,0,2,2,0,0,0,0,0,0,2,0,0,0,0,0,0,0,0,0,0,0,0,0,2,0,0,0,0,0,0,0,0,0,2,0,0,0,0,0,0,2,0,0,0,0,0,2,0,0,0,2,0,0,0,0,2,2,0,2,0,0,2,0,0,2,0,0,0,2,0,2,0,2,0,0,0,0,0,0,2,0,0,0,0,0,2,0,0,0,0,0,2,0,0,0,0,0,0,2,2,2,0,2,0,0,0,0,0,0,2,0,0,0,2,2,0,0,0,2,2,0,0,0,0,0,0,0,0,2,0,2,0,2,0,2,2,0,0,0,2,0,2,0,2,0,0,0,0,0,2,2,2,0,0,2,0,0,0,0,2,0,0,0,2,0,0,0,2,2,0,0,2,2,2,0,0,0,0,0,0,2,2,0,2,0,2,0,0,2,2,0,0,0,0,0,0,0,0,0,2,0,0,0,0,2,0,2,0,0,0,2,2,0,0,0,2,2,2,2,0,0,0,2,0,2,2,0,2,0,0,0,2,0,0,0,0,0,2,2,0,0,2,0,2,0,0,0,2,0,0,0,2,2,0,0,0,0,NA,0,0,0,0,0,0,0,0,0,0,0,0,0,2,0,0,0,0,2,2,0,2,0,0,0,0,0,0,2,2,0,2,0,0,2,2,2,2,0,2,0,0,0,2,0,0,0,0,0,0,2,0,0,2,0,0,0,2,0,0,2,0,0,0,0,0,2,0,0,0,0,0,0,0,0,0,2,0,0,0,0,0,0,0,0,2,0,0,0,0,0,0,0,0,0,0,0,0,2,0,0,0,0,2,0,0,0,2,0,0,0,0,0,0,0,0,0,0,0,2,0,0,0,0,0,0,0,0,0,0,0,0,0,0,0,0,0,0,2,0,0,0,2,0,0,0,0,0,0,0,0,0,2,2,2,0,0,2,2,0,2,0,2,0,0,0,0,0,0,0,0,0,2,0,0,2,0,0,0,0,0,0,0,0,0,2,0,0,0,0,0,0,0,0,0,0,0,2,2,0,0,0,0,0,0,0,0,0,2,2,0,0,0,0,0,0,2,0,0,0,0,0,0,0,0,0,2,2,2,0,0,2,0,2,0,0,2,0,0,0,2,0,0,0,0,0,0,0,2,0,0,0,0,0,0,0,0,0,0,0,0,0,0,0,0,0,0,0,0,0,0,0,0,0,0,0,2,0,0,0,0,0,0,0,0,0,0,0,2,2,0,0,2,0,0,2,0,0,0,0,2,0,0,0,0,0,0,0,0,0,0,0,0,2,0,2,0,0,0,0,0,0,0,2,0,0,0,2,0,0,0,0,0,0,0,0,0,0,2,0,0,2,2,0,0,2,0,0,0,2,0,2,2,0,2,0,0,0,0,2,0,0,0,0,0,0,2,0,0,0,2,0,0,0,0,0,0,0,0,0,0,2,0,0,0,0,2,0,0,0,2,0,0,0,0,0,0,0,0,0,2,0,0,0,0,0,0,0,0,0,2,0,0,2,0,0,0,0,2,0,0,0,0,0,0,0,0,0,0,0,0,0,0,0,0,0,2,0,2,0,2,2,0,0,0,0,0,2,0,2,0,0,2,0,0,2,0,0,0,0,0,0,0,0,0,0,0,0,0,0,0,0,0,0,0,0,0,0,0,2,0,0,0,0,0,0,0,0,0,0,0,0,0,2,2,0,2,0,0,0,0,2,0,0,0,0,0,0,0,0,0,0,0,0,0,0,0,0,0,0,2,0,0,0,0,2,0,0,0,0,0,2,0,0,0,0,0,0,0,0,0,0,0,0,0,0,0,0,2,0,0,0,0,0,0,0,0,0,0,0,2,0,2,0,0,0,0,0,0,0,0,2,2,0,0,0,0,0,2,2,0,0,0,0,0,0,0,0,0,0,0,0,0,0,0,0,0,0,0,0,0,0,0,0,0,0,0,0,0,0,0,0,2,0,0,0,0,0,0,0,0,0,2,0,0,2,0,0,0,0,0,0,0,0,0,0,0,0,0,0,2,2,0,0,2,0,2,0,2,0,0,0,0,0,2,NA,0,0,2,0,2,0,0,0,0,0,0,2,0,0,NA,2,0,0,0,0,2,0,0,0,0,0,0,2,2,0,0,2,0,0,0,0,0,0,0,0,0,0,0,0,0,0,0,2,0,0,0,2,0,0,0,2,0,0,0,0,0,0,2,2,0,0,0,0,NA,0,0,0,0,0,0,0,0,0,0,2,0,0,0,2,0,0,2,0,0,2,0,0,0,0,0,0,0,0,0,0,0,0,0,0,0,2,2,0,0,0,0,2,0,0,0,0,0,0,0,2,0,2,0,2,0,0,0,2,2,0,2,0,0,0,0,2,0,0,0,2,0,0,0,0,0,2,0,0,2,0,0,2,0,2,2,0,0,0,0,0,0,0,0,0,0,0,0,2,0,0,0,0,0,0,0,2,0,2,NA,0,2,0,2,2,2,0,2,0,0,0,2,0,0,0,0,0,0,0,2,0,2,0,0,0,0,0,0,0,0,0,2,0,0,0,2,0,0,0,0,0,2,0,0,0,0,0,0,0,2,0,2,0,0,0,2,0,0,0,0,0,0,0,0,0,0,0,0,2,0,0,0,0,0,0,0,2,0,0,0,0,0,0,2,0,0,0,0,0,0,0,2,2,0,0,0,0,0,0,0,0,0,0,2,2,2,0,2,2,0,0,0,2,0,0,NA,0,0,2,2,0,0,2,0,0,0,0,0,0,0,2,2,0,0,0,0,0,2,2,0,0,2,0,0,2,0,0,0,0,0,2,0,2,0,2,2,0,0,2,2,0,0,0,2,2,0,0,0,0,0,0,2,0,0,0,0,0,0,0,0,2,0,2,2,0,0,0,2,0,0,0,2,0,0,2,0,0,0,0,0,2,0,0,0,0,0,0,0,0,0,0,0,0,2,0,0,2,0,0,0,0,0,0,0,0,0,0,2,0,0,0,2,2,2,0,0,0,0,2,0,0,0,0,2,2,0,0,0,0,0,0,0,0,0,0,2,0,0,2,0,0,0,0,0,2,2,0,0,0,0,2,0,0,0,2,2,0,0,2,2,2,0,0,0,0,0,0,0,0,0,2,0,2,0,2,0,0,0,0,2,0,0,0,0,0,0,0,0,2,0,0,0,2,0,0,0,0,0,0,0,0,0,0,0,2,2,0,0,0,0,0,0,0,0,0,0,0,2,2,0,0,0,0,0,0,0,0,0,0,0,0,0,0,2,2,2,0,2,0,0,0,0,0,0,0,0,0,2,0,0,2,0,0,0,2,2,0,0,0,0,0,2,0,0,0,0,2,0,0,0,0,0,2,2,0,0,0,0,2,0,0,2,0,0,2,0,2,0,2,2,0,0,2,0,0,0,2,0,0,0,0,0,0,0,0,2,0,2,0,0,0,0,0,0,0,0,0,0,2,0,0,0,2,0,0,0,0,0,0,2,0,2,0,0,0,0,0,0,0,0,0,0,0,0,2,0,2,0,0,0,0,0,0,0,2,0,0,0,0,2,0,0,0,0,0,2,0,0,0,0,2,0,0,0,0,0,0,0,0,0,0,0,0,0,0,0,0,0,0,0,2,0,0,0,0,0,0,2,0,0,0,0,0,0,0,2,0,0,2,0,0,0,0,0,2,0,0,0,0,0,0,0,0,0,0,0,0,2,2,0,0,0,0,0,2,0,0,0,0,0,2,0,2,0,0,0,2,0,0,2,0,0,2,0,0,0,0,0,0,0,0,0,2,0,0,2,0,2,0,0,0,0,0,0,0,0,0,2,0,2,0,0,0,0,2,0,0,0,0,2,0,0,0,0,0,0,0,0,0,0,0,0,0,0,0,2,0,0,0,0,0,0,0,0,0,0,0,2,0,0,0,0,2,0,0,0,0,0,0,2,0,0,2,0,0,0,0,0,0,0,2,2,0,0,0,2,0,0,0,0,0,0,0,2,0,0,0,0,0,0,0,2,2,2,0,0,2,0,0,0,0,0,0,2,0,0,2,0,0,0,0,0,0,0,2,0,2,0,0,2,2,0,0,0,2,0,2,2,0,0,2,0,0,0,2,0,0,0,2,0,0,NA,0,0,0,2,0,0,0,2,0,0,2,0,2,0,0,0,0,0,0,0,0,2,2,0,0,2,2,0,0,0,0,0,2,2,2,0,0,NA,0,0,0,0,0,0,2,0,0,0,0,0,0,0,0,0,0,0,0,0,2,2,2,0,0,0,2,0,0,0,0,0,0,2,0,2,0,2,2,2,0,2,2,0,2,0,0,0,0,0,0,0,0,0,0,0,0,0,0,0,0,0,0,0,0,2,0,0,0,0,0,2,2,2,2,0,2,2,0,0,0,0,2,0,2,0,0,0,0,0,0,0,2,0,0,0,2,0,0,0,0,2,0,0,0,0,0,0,0,0,0,2,0,2,2,0,0,0,0,0,0,0,0,2,0,0,0,0,0,2,0,0,0,0,2,0,2,0,NA,2,0,0,0,0,0,0,0,0,0,2,0,2,0,0,2,0,0,0,0,0,0,2,0,0,0,0,0,0,2,2,0,0,0,0,0,0,2,0,0,0,0,0,2,0,0,NA,0,2,2,0,2,2,0,2,0,0,2,0,0,0,2,0,0,0,0,0,0,0,0,0,0,0,0,0,0,0,0,2,2,2,0,0,0,0,0,0,0,0,0,0,2,2,0,2,2,2,0,0,2,0,2,0,0,0,0,0,0,2,0,0,0,0,0,0,0,2,2,0,0,0,0,0,0,0,0,0,0,0,0,0,0,0,0,0,0,0,2,0,2,0,0,0,2,0,0,0,0,0,0,2,0,0,0,0,0,0,2,0,0,0,0,2,0,0,0,2,2,0,0,0,0,0,0,0,0,0,0,0,0,0,0,2,2,0,0,0,0,2,2,2,2,0,0,0,0,2,0,2,0,0,0,0,0,2,2,0,0,0,0,2,0,2,0,0,0,0,0,0,0,0,0,0,0,0,0,0,2,0,0,0,2,0,0,0,0,0,0,0,2,0,0,0,2,2,0,0,0,2,2,0,0,0,0,0,0,2,0,0,0,0,0,2,0,0,0,2,0,0,0,0,0,0,0,0,0,0,0,0,0,0,0,0,0,0,2,0,0,0,0,2,0,0,2,0,0,0,0,0,0,0,0,0,0,2,0,0,0,0,0,0,0,0,0,0,0,2,0,2,0,0,0,0,2,0,0,2,0,0,0,0,2,0,0,0,0,0,0,0,0,0,0,0,0,0,0,0,0,0,2,0,0,2,0,2,0,0,0,0,0,2,0,2,0,2,0,0,0,0,0,0,0,0,2,0,0,0,2,0,0,2,0,0,2,0,0,0,0,0,0,0,0,0,2,0,0,0,2,0,2,0,0,0,0,0,0,0,0,NA,2,2,0,0,0,0,2,0,0,0,0,2,0,0,0,2,0,2,0,0,0,2,0,0,2,0,0,0,0,2,0,2,2,0,2,0,0,0,0,0,0,0,0,0,0,0,0,0,0,0,0,0,0,0,0,0,0,0,2,0,0,0,2,0,2,2,2,0,2,0,0,0,2,0,0,0,0,0,2,2,0,0,0,0,0,0,0,0,0,0,0,0,0,0,0,2,0,0,0,0,2,0,0,2,0,0,0,0,0,2,0,0,0,0,0,0,2,0,0,0,2,0,0,0,0,2,0,2,0,0,0,0,2,0,0,0,2,0,0,0,0,0,0,0,0,0,0,0,0,0,0,2,0,0,0,0,2,0,0,0,0,0,2,0,2,0,2,2,0,0,0,0,0,0,0,0,0,0,0,0,0,0,2,2,0,0,0,0,0,0,0,0,0,2,0,0,0,0,2,0,2,0,0,0,0,2,0,2,0,2,0,0,2,0,2,0,2,0,2,0,0,0,2,0,0,0,0,0,0,0,0,0,0,2,0,0,2,0,0,0,0,0,0,0,2,2,2,0,2,0,2,0,0,0,0,0,0,0,0,2,0,0,2,0,2,0,0,0,0,2,0,2,0,0,0,0,0,0,0,0,0,0,2,0,2,0,0,0,0,0,0,2,2,0,0,0,0,2,0,2,2,2,0,0,0,2,0,0,0,0,0,0,0,2,0,0,0,0,0,0,0,2,0,0,0,0,0,0,0,0,2,0,0,2,0,0,0,0,0,2,0,0,0,0,2,0,0,0,0,0,0,0,0,0,0,0,NA,2,0,0,0,2,2,0,2,0,2,2,0,0,2,0,0,0,0,0,0,0,0,0,0,0,0,0,0,0,0,0,0,0,0,0,0,0,0,0,0,0,2,0,0,0,2,0,0,0,0,0,0,0,0,2,2,0,0,0,0,0,0,0,0,0,0,0,0,0,0,0,0,2,0,0,0,0,0,0,0,0,0,0,0,0,0,0,0,0,0,0,0,0,0,0,2,0,0,0,2,2,2,0,0,2,2,2,2,0,0,0,0,0,2,0,0,2,0,0,0,0,0,0,0,0,0,0,0,0,0,0,0,0,0,0,0,0,0,0,0,0,0,0,2,0,0,0,0,0,0,0,0,0,0,0,2,0,0,0,0,0,0,0,0,0,2,0,0,0,0,0,0,0,0,0,0,0,0,0,0,2,0,0,2,0,NA,0,0,0,0,0,0,0,0,2,2,0,0,2,0,0,0,0,0,0,0,2,0,0,0,0,0,0,0,0,0,2,0,0,0,0,0,0,0,0,0,0,0,0,0,0,2,0,0,0,0,0,0,0,2,0,0,0,0,0,0,0,0,0,0,0,2,0,0,0,0,0,0,0,0,0,0,0,2,0,0,0,0,0,0,0,0,2,0,0,2,0,0,0,2,2,2,0,0,0,0,0,2,0,2,0,0,0,0,0,0,0,0,0,2,0,0,2,2,0,2,0,0,0,0,0,2,0,0,0,0,0,0,0,0,0,0,0,0,2,0,0,0,2,0,0,2,NA,2,2,0,0,0,0,0,0,0,0,0,0,0,0,0,0,0,NA,0,0,0,2,0,0,0,0,0,0,2,2,0,0,2,0,2,0,2,0,2,0,0,2,0,0,0,0,0,0,2,2,0,0,0,0,0,0,0,2,0,2,0,2,0,0,0,0,0,2,2,2,2,2,0,0,0,0,0,0,2,0,2,2,0,0,0,0,0,0,0,0,0,0,0,0,0,0,0,0,2,2,0,0,0,0,0,0,0,0,0,0,0,0,0,2,2,0,0,0,2,2,0,0,0,0,0,0,0,0,0,0,0,0,2,0,0,0,2,0,0,2,0,0,0,0,0,0,0,0,0,NA,2,2,2,0,0,0,0,0,0,0,0,0,2,2,0,2,2,0,0,2,0,0,2,2,0,0,2,2,2,2,0,2,0,0,2,2,0,2,0,2,0,0,0,0,2,0,0,2,0,0,0,2,0,0,2,0,0,2,0,0,0,0,0,0,0,0,0,0,0,2,0,2,0,0,0,0,0,0,0,0,0,0,0,0,0,0,0,0,0,0,0,0,0,0,0,0,0,0,2,0,0,0,0,0,0,0,2,0,2,2,0,2,2,2,0,0,2,2,0,0,0,2,2,0,2,0,0,2,2,0,0,0,0,0,0,0,0,2,0,0,0,0,2,0,2,2,0,0,0,0,0,0,2,0,0,0,0,2,0,0,2,2,NA,0,0,0,2,0,2,0,2,0,2,0,0,0,0,0,0,2,2,0,0,0,0,2,0,2,2,0,0,0,0,0,0,0,0,2,0,0,0,0,2,0,0,0,0,2,2,0,0,0,0,0,0,2,2,0,0,0,2,0,0,0,2,2,0,2,2,0,0,0,0,0,0,0,0,0,0,0,0,0,2,2,0,0,0,0,0,0,2,2,0,0,0,0,0,0,0,0,0,0,0,0,0,0,0,0,0,0,0,0,0,0,0,0,0,2,0,0,0,0,0,0,0,0,0,0,0,0,0,0,0,0,0,0,2,0,0,NA,0,2,2,0,0,2,0,2,0,0,0,0,0,0,0,0,0,0,0,0,0,0,2,0,2,0,0,0,2,0,0,0,0,2,0,0,0,2,2,0,2,2,0,0,0,2,0,0,0,0,0,2,0,0,0,0,2,0,0,0,2,0,0,0,0,0,2,0,0,0,0,0,2,0,2,2,0,0,0,2,0,0,0,2,0,0,2,0,0,2,2,0,0,0,0,0,0,0,2,0,0,0,0,0,0,0,0,0,0,0,0,0,0,2,0,0,NA,0,2,0,0,0,0,0,0,0,2,0,0,0,0,2,0,0,0,0,0,0,0,0,0,0,0,0,0,2,0,0,0,0,0,0,0,2,2,0,2,2,0,2,0,0,0,0,0,2,0,0,0,2,0,2,0,0,0,2,0,0,0,2,0,2,0,2,NA,0,0,0,2,2,2,0,2,0,2,2,0,0,0,0,2,0,0,0,0,2,0,0,0,0,0,0,0,0,2,0,0,2,0,0,0,0,0,0,0,0,0,0,0,0,2,2,0,0,0,0,0,0,0,0,0,0,0,0,0,0,0,0,2,0,0,0,0,0,0,0,0,0,0,0,0,0,0,0,0,0,0,2,0,0,0,0,2,2,0,0,0,0,0,0,0,2,2,2,0,0,0,2,0,2,0,0,0,0,2,0,0,0,0,0,0,2,0,0,0,0,2,0,0,0,0,2,0,2,2,0,0,0,0,0,0,0,0,2,0,0,2,0,0,0,0,0,0,0,0,0,0,0,0,2,2,0,0,2,2,0,0,0,0,0,0,0,2,2,0,0,2,0,0,0,0,0,0,0,2,2,2,0,0,0,0,0,0,0,2,0,0,0,2,0,2,0,0,0,0,0,0,0,0,0,0,2,0,0,2,0,0,0,0,2,0,0,0,0,2,2,0,0,0,2,0,0,0,0,0,0,0,0,0,0,0,0,0,2,0,0,0,0,0,2,0,0,0,0,0,0,0,0,0,0,0,2,0,2,0,2,0,0,0,NA,0,0,2,0,0,0,0,0,0,0,0,0,0,2,2,0,0,0,2,2,0,0,0,0,0,0,2,0,0,0,0,0,0,0,0,0,2,2,2,2,0,0,0,2,0,0,0,0,0,0,0,0,2,2,0,0,0,0,0,0,0,0,0,0,0,0,0,0,0,0,0,0,0,0,2,0,2,0,0,0,0,0,0,0,0,0,0,0,2,0,2,0,0,0,0,0,0,0,0,0,2,0,0,0,0,0,0,2,0,0,0,0,0,0,0,0,0,2,0,0,0,2,0,2,0,0,0,0,0,0,0,0,0,0,0,0,0,0,2,0,0,0,0,0,0,2,0,0,0,0,0,0,0,0,0,0,0,2,0,0,0,0,0,0,0,0,0,2,2,0,2,0,0,0,0,0,2,0,0,0,0,0,0,2,0,0,2,0,0,0,0,2,0,0,0,2,2,0,0,0,0,0,2,0,0,0,0,0,0,0,0,0,2,0,0,0,0,0,0,0,2,0,0,0,0,0,2,0,0,0,0,0,0,0,0,0,0,0,0,0,2,0,0,0,NA,0,0,0,0,0,0,0,0,0,0,2,0,0,0,0,0,0,0,0,0,2,2,0,0,0,0,0,0,0,2,2,0,0,0,2,0,2,0,2,0,2,0,0,2,0,0,0,0,0,2,0,2,0,0,0,2,0,0,2,0,0,0,2,0,0,0,0,0,0,0,0,0,0,0,2,0,0,2,0,0,0,2,0,0,2,0,0,0,0,0,0,0,0,2,0,2,0,0,0,0,0,0,0,0,2,0,0,0,2,0,0,0,0,0,2,0,0,0,0,2,0,0,0,0,0,0,0,2,0,0,0,0,2,0,2,0,0,0,0,0,2,0,0,0,2,0,2,0,0,2,0,0,0,0,2,2,0,0,0,2,0,0,0,0,0,0,0,0,0,2,0,0,0,0,0,2,0,2,0,0,2,0,0,2,0,0,0,0,0,2,0,0,0,2,0,2,0,0,2,0,0,0,0,0,0,0,0,0,0,0,0,0,0,0,2,2,0,0,0,0,0,0,0,2,0,0,0,0,0,0,0,2,0,0,2,2,0,0,0,0,0,0,0,0,0,0,0,2,0,0,0,2,0,0,0,0,0,0,0,0,0,0,0,0,0,0,0,0,0,0,2,0,0,0,2,0,2,0,0,0,0,0,0,0,0,0,0,0,0,0,0,0,0,2,0,0,0,0,2,0,2,0,0,0,0,0,2,0,0,0,0,0,0,0,2,0,2,0,2,0,0,0,0,0,0,0,2,0,0,0,2,0,2,0,2,0,0,0,0,0,0,0,0,2,0,2,0,0,2,0,0,0,0,0,0,0,0,0,0,0,0,0,0,0,2,0,0,0,0,2,0,0,0,0,0,0,0,0,0,0,0,2,0,0,0,0,0,0,0,0,0,0,0,0,0,0,0,0,0,0,0,0,0,0,0,0,2,0,0,0,0,0,2,0,0,2,0,0,0,0,0,2,0,0,0,0,0,0,2,2,0,0,0,0,0,0,0,0,0,2,0,2,0,0,0,0,0,0,0,2,0,0,0,0,0,0,0,0,0,0,0,0,0,0,0,0,0,2,0,0,0,0,0,0,0,2,0,2,2,0,0,0,0,0,0,0,0,2,0,0,0,0,0,0,0,2,2,0,0,0,0,0,0,0,0,0,0,0,0,0,0,2,0,0,2,0,0,2,2,2,0,0,0,0,0,0,2,0,0,0,2,2,0,2,0,0,0,0,0,0,0,0,0,0,2,2,0,0,0,0,0,0,0,0,2,2,0,0,0,0,0,0,2,2,0,0,2,2,0,0,0,0,0,0,2,0,0,0,2,0,2,0,0,0,2,0,0,0,0,2,0,0,0,0,0,0,0,0,2,0,0,0,0,0,0,0,0,0,0,0,2,0,0,0,0,0,0,0,2,0,2,0,0,2,0,0,0,NA,0,0,0,0,0,0,0,0,0,0,0,0,2,0,2,0,0,2,0,2,0,0,2,0,0,2,0,0,2,0,0,0,0,0,0,2,0,0,2,0,0,2,0,0,0,0,0,0,2,2,0,2,2,0,0,0,0,2,0,0,0,2,0,0,2,0,0,2,0,2,0,2,2,2,2,0,0,2,0,0,0,0,0,0,2,2,0,0,2,2,0,2,0,0,0,2,0,0,2,0,0,2,0,0,2,2,0,0,2,0,0,2,0,0,0,0,2,0,2,0,0,0,0,2,0,0,0,0,0,0,0,0,0,2,0,2,0,0,0,0,0,2,2
"CC114",0,2,2,0,0,0,0,0,0,0,0,0,0,0,2,2,0,0,0,0,0,NA,0,0,0,0,0,0,2,0,0,2,0,0,2,2,0,0,0,0,2,0,2,2,2,0,0,0,0,0,0,2,0,2,0,0,0,2,0,2,0,0,0,2,0,0,0,0,2,2,0,0,0,0,0,0,0,0,0,2,0,0,0,0,0,0,2,0,2,0,0,0,0,0,2,0,0,0,0,0,0,0,0,2,2,0,0,0,0,0,0,0,0,0,0,2,0,0,0,2,0,0,0,0,0,0,0,0,2,0,0,0,0,2,0,0,0,0,2,0,0,0,0,0,0,0,2,0,0,0,0,0,0,0,0,2,0,0,0,0,0,0,0,2,2,2,0,0,2,0,0,2,2,0,0,2,0,0,0,2,2,0,0,0,0,0,0,0,0,0,0,2,0,0,2,0,0,2,0,0,0,0,0,0,0,0,0,0,0,0,0,2,0,2,0,0,2,0,2,0,2,0,0,2,0,2,0,0,2,2,0,0,0,2,0,0,2,NA,0,0,0,0,0,NA,2,0,0,0,0,0,0,0,0,0,0,0,2,0,0,0,0,0,0,0,0,0,2,0,0,2,0,0,0,0,2,2,2,2,2,0,0,0,2,2,0,0,0,2,0,0,0,0,0,0,0,2,0,2,2,2,0,0,2,2,2,0,2,0,2,2,0,0,0,2,0,0,0,2,0,0,0,0,0,0,0,0,2,0,2,0,0,0,2,0,0,0,0,0,2,0,0,0,0,0,0,0,0,0,0,0,0,0,0,0,0,0,0,0,0,0,0,0,0,0,0,0,0,0,0,2,0,0,NA,0,0,0,0,0,2,0,0,0,0,0,0,0,2,2,0,0,0,0,0,0,0,0,0,0,0,0,0,0,2,0,0,0,0,0,0,0,0,0,0,0,0,0,0,2,0,0,0,0,2,0,0,0,0,0,0,2,0,0,2,0,0,0,0,0,2,0,0,0,0,0,0,2,0,0,0,0,0,0,2,0,0,0,0,0,2,2,2,2,0,0,0,0,0,0,0,0,2,2,0,0,0,0,0,2,0,0,2,0,0,2,0,2,0,2,2,0,0,0,0,0,0,0,2,0,0,2,0,0,0,0,2,0,0,0,0,2,0,2,0,0,0,0,0,0,0,0,0,2,2,0,0,0,0,NA,0,0,2,0,2,0,0,2,0,2,0,0,0,0,0,0,0,2,2,0,0,2,2,0,0,2,0,0,0,0,2,0,0,2,0,0,0,0,2,0,0,0,0,0,0,0,0,0,2,0,0,2,2,2,0,0,0,0,0,0,0,0,0,2,0,0,2,0,0,0,0,0,0,0,0,0,0,0,0,0,0,0,0,0,0,0,0,0,0,0,0,0,0,0,0,0,2,0,0,0,0,0,0,0,0,2,0,0,0,0,0,2,0,0,0,0,0,0,0,2,0,0,0,0,0,0,0,0,0,0,0,0,0,0,0,0,0,0,0,0,0,0,0,0,2,0,2,0,0,2,0,0,0,0,0,0,2,0,0,0,2,0,2,0,0,0,0,0,2,2,2,0,0,2,0,0,0,0,0,0,2,0,0,0,0,0,0,2,0,0,2,0,0,0,0,0,0,0,0,2,0,0,2,0,0,0,0,0,0,0,0,0,0,0,0,0,0,0,0,2,0,0,0,0,0,0,2,0,0,0,0,2,2,0,2,2,0,0,0,0,0,0,0,0,0,0,0,0,2,2,0,0,0,0,0,0,0,2,0,2,2,0,0,0,0,0,0,2,0,0,0,0,0,0,0,2,0,2,0,0,2,0,0,0,0,0,0,0,0,2,2,0,0,2,0,2,0,2,2,0,0,0,0,0,0,0,0,0,2,0,0,0,0,2,0,0,0,0,2,0,0,2,2,0,2,0,2,0,0,0,0,0,0,0,0,0,0,0,2,2,0,0,0,0,0,2,0,0,2,0,0,0,0,0,0,2,0,0,0,0,0,0,0,0,0,0,0,0,0,0,0,0,0,0,0,0,0,0,0,0,0,0,0,2,0,0,2,2,0,0,0,0,0,0,0,0,0,0,0,0,0,2,0,0,0,0,0,2,0,0,0,0,0,0,0,0,0,0,0,0,0,0,0,0,0,0,0,0,0,0,0,0,0,0,0,0,0,0,0,0,0,2,0,0,2,0,0,0,0,0,2,2,0,0,0,0,0,0,0,0,0,0,0,2,2,0,2,0,2,0,2,0,2,0,0,0,0,2,0,0,2,0,0,0,0,0,0,2,0,0,0,0,0,0,2,0,0,0,0,0,0,0,0,0,0,0,0,2,0,2,0,0,0,0,2,0,0,0,0,0,0,0,0,0,0,0,2,0,2,0,2,0,0,2,0,0,0,0,0,0,0,0,2,0,0,0,0,0,2,2,0,0,0,0,0,0,0,0,0,0,2,0,0,0,0,0,2,0,2,0,0,0,0,0,2,0,0,0,0,0,0,0,0,0,0,0,0,0,0,0,0,0,0,0,0,0,0,0,0,2,2,0,2,0,0,0,0,2,0,0,0,2,0,2,0,2,0,0,0,0,0,0,0,0,0,0,2,0,0,2,2,0,0,0,0,0,0,0,0,0,0,0,0,2,2,0,0,0,0,0,0,0,2,2,0,0,0,0,0,0,0,0,0,0,0,0,0,0,0,0,2,0,0,0,0,0,0,NA,0,0,0,0,0,0,0,2,NA,0,0,0,0,0,0,0,2,0,0,0,0,2,0,0,0,0,0,0,0,0,0,2,0,2,0,0,0,2,0,2,2,0,0,2,0,0,0,0,0,0,0,0,0,0,0,0,0,0,0,0,0,2,0,0,0,0,0,0,0,0,2,0,2,2,0,2,0,0,0,0,0,0,0,0,2,0,2,0,0,0,0,0,0,0,0,2,2,0,0,2,0,2,0,0,0,0,2,0,0,0,0,0,2,0,0,0,2,0,0,0,2,0,0,0,0,0,0,0,0,0,0,0,0,2,0,0,0,0,0,0,0,2,0,0,0,0,0,0,0,0,0,0,0,0,0,0,2,2,0,0,0,0,0,2,2,0,0,0,0,0,2,0,0,2,0,0,0,0,0,0,0,0,0,0,0,0,0,0,0,0,0,0,0,0,0,0,0,0,0,0,0,0,2,2,0,0,NA,0,0,0,0,0,0,0,0,2,0,2,2,2,0,0,0,0,0,0,2,0,2,0,0,0,0,0,0,0,0,0,0,0,0,0,0,0,0,2,0,2,2,0,0,0,2,0,0,0,2,0,2,2,0,0,0,0,0,2,0,0,0,0,0,0,0,0,0,0,0,0,2,0,0,2,2,0,0,0,0,0,0,0,0,0,2,0,0,0,2,2,2,0,0,0,0,0,0,0,NA,0,2,0,0,0,0,0,2,0,0,0,0,2,2,0,0,2,0,0,2,0,0,2,0,0,0,0,0,2,0,0,0,0,2,0,0,0,0,0,0,0,0,0,0,0,0,0,0,2,0,0,2,2,0,0,0,0,0,0,0,0,0,0,0,0,0,2,0,0,0,2,0,0,0,0,0,0,0,0,0,0,0,2,2,0,0,0,0,0,0,0,0,0,0,0,0,2,0,0,0,0,0,0,0,0,0,0,0,0,NA,2,0,0,0,0,0,0,0,2,0,0,0,0,0,2,0,0,0,0,0,0,0,0,0,0,0,0,0,0,2,0,0,0,0,0,0,0,0,2,0,0,0,2,0,0,0,0,2,0,2,2,0,0,2,0,2,2,0,0,0,0,0,2,0,0,0,0,2,0,0,0,0,0,2,0,0,0,0,0,0,0,0,2,0,2,2,2,2,0,0,2,0,2,2,0,0,2,0,0,2,0,2,0,0,0,0,2,0,0,0,0,0,2,0,0,0,0,0,0,0,0,0,0,0,0,0,0,0,0,0,0,0,0,2,0,0,0,0,2,0,0,0,0,2,0,0,0,0,0,0,0,0,0,0,0,0,0,0,0,0,0,0,0,0,0,2,0,0,0,0,2,2,0,0,0,0,0,0,0,0,0,2,0,2,0,2,0,0,0,2,2,0,0,2,0,2,2,0,0,0,0,0,0,0,0,0,0,0,2,0,0,2,0,0,0,0,0,0,0,2,2,0,0,0,0,0,0,0,0,0,0,0,2,0,0,2,0,0,0,0,0,0,0,0,0,2,2,0,0,0,0,2,0,0,0,0,0,2,2,0,0,0,2,0,0,0,0,0,0,0,0,0,0,0,0,0,0,0,0,2,0,0,0,0,0,2,2,0,0,0,0,0,0,2,0,0,0,2,0,0,0,0,2,2,0,0,0,0,2,2,0,0,0,0,0,0,0,0,0,0,0,2,0,2,0,0,0,0,0,0,0,2,0,0,0,0,0,0,0,0,2,0,0,0,0,0,0,0,0,0,0,0,0,0,2,0,0,0,0,0,0,0,2,0,2,0,0,2,0,0,0,0,0,0,0,0,0,0,2,0,0,0,0,2,0,0,0,2,0,0,2,0,0,0,0,0,0,0,0,0,2,0,0,0,0,2,0,0,0,0,0,0,0,2,0,0,0,0,2,0,0,0,0,2,2,0,0,0,0,0,0,0,0,0,0,0,0,0,0,2,0,0,0,0,0,0,0,2,2,0,2,0,0,0,0,0,0,2,0,0,0,0,0,0,2,0,0,0,0,0,0,0,0,0,2,0,0,0,0,0,2,2,0,2,0,2,0,0,0,2,2,0,0,0,2,2,0,0,0,2,0,0,0,0,2,0,0,2,0,0,0,0,2,0,2,0,2,2,0,0,0,0,0,0,0,0,0,0,0,0,0,0,0,2,0,0,0,0,0,0,2,0,0,0,0,0,0,0,2,2,0,0,2,0,0,0,NA,2,0,0,0,0,0,0,0,0,0,0,0,0,0,0,0,0,0,0,0,2,0,0,0,0,0,0,0,2,0,2,0,0,0,0,0,0,0,0,0,0,0,2,2,0,0,2,0,2,0,0,0,0,0,2,0,0,0,0,0,0,2,0,0,0,2,0,0,0,0,0,0,0,0,2,0,0,0,2,2,2,2,0,0,0,2,2,0,0,0,0,2,2,0,2,0,2,0,0,2,0,2,0,0,0,2,2,0,2,0,0,2,0,2,0,0,0,0,0,0,2,0,0,0,0,2,0,2,2,0,2,0,0,2,0,2,0,0,0,2,0,0,0,0,0,0,0,0,0,0,0,0,0,0,0,0,0,0,0,0,0,0,0,0,0,0,2,2,0,2,0,0,0,0,0,2,0,0,0,0,2,0,0,0,2,2,2,0,0,2,0,0,0,0,0,0,2,0,2,0,0,0,0,0,2,0,0,0,0,0,2,0,0,0,0,0,2,0,2,2,0,0,0,0,0,0,0,0,0,0,2,0,0,0,0,0,0,2,0,0,NA,0,0,2,NA,2,0,0,2,0,NA,0,0,0,0,0,0,0,0,2,0,0,0,2,0,0,2,0,0,0,0,NA,0,0,2,0,0,2,0,2,2,0,0,0,0,2,0,0,0,0,0,0,0,0,2,0,2,0,0,0,0,0,2,0,0,0,0,2,0,0,0,2,2,0,0,0,0,0,2,0,0,0,0,0,2,0,0,2,0,2,0,0,0,0,2,0,0,2,0,0,2,0,0,0,0,0,0,2,2,0,0,0,2,2,0,0,0,0,0,2,2,0,0,0,2,0,2,0,0,0,0,0,0,0,2,0,2,2,0,0,2,0,2,0,0,2,0,2,0,0,0,2,0,0,0,0,0,0,0,2,2,0,2,0,0,0,0,0,0,2,2,0,0,0,0,0,2,0,0,2,0,0,0,2,2,NA,0,0,0,0,2,0,0,0,0,0,0,0,0,2,0,0,0,0,0,0,0,2,0,0,0,0,0,0,0,0,0,0,0,0,0,0,0,0,0,0,0,2,0,0,0,2,2,2,0,2,0,2,0,0,0,0,0,2,0,0,0,2,0,0,0,0,0,0,0,0,0,0,0,0,0,0,0,0,2,0,0,2,0,0,0,0,0,0,0,0,0,0,0,0,2,0,0,0,0,0,0,0,0,0,0,0,0,0,0,0,0,0,0,0,0,0,0,0,0,0,0,0,0,2,0,0,0,0,2,0,0,0,2,0,2,0,0,0,0,2,2,0,0,0,0,2,0,2,0,0,2,0,0,0,0,0,0,2,0,0,0,0,0,0,0,0,0,0,0,0,0,0,0,0,0,0,0,0,2,0,2,0,0,0,2,0,0,2,2,0,2,0,2,0,0,2,0,2,2,2,2,2,0,0,2,2,0,0,0,0,0,0,0,2,0,0,2,0,0,2,0,0,0,0,0,0,0,2,0,0,0,2,0,2,2,0,0,0,0,0,0,0,2,2,0,2,0,0,0,2,0,2,2,0,2,0,0,0,2,0,0,0,0,0,0,2,0,2,0,0,0,0,0,2,2,2,0,0,0,0,0,0,2,0,2,0,0,0,2,2,0,0,0,0,0,0,0,0,0,0,0,0,0,0,2,0,0,0,2,0,0,0,0,2,0,0,2,0,0,0,0,0,2,0,0,0,0,2,0,0,0,0,0,0,0,0,0,0,0,NA,0,0,0,0,2,2,0,0,0,0,0,2,0,0,0,0,2,0,0,2,0,0,0,0,2,0,0,0,0,0,0,0,2,0,0,0,0,0,0,0,0,2,0,0,0,2,0,0,0,0,0,0,0,0,2,2,0,0,NA,0,2,0,0,0,0,0,0,0,0,0,0,0,0,0,0,0,0,0,0,2,0,0,0,0,0,0,0,0,0,0,0,0,0,0,0,2,0,0,0,0,0,2,0,0,0,0,0,0,0,0,0,0,0,0,0,2,2,0,2,0,0,0,0,0,0,0,0,0,0,0,2,0,0,2,0,0,0,0,0,0,0,0,0,0,0,0,0,0,0,0,0,0,0,0,0,0,0,2,2,0,0,0,0,0,0,0,0,0,0,0,0,0,0,0,0,0,0,0,0,0,0,0,0,0,0,NA,0,2,0,0,0,2,0,0,2,2,0,0,2,0,0,0,2,0,0,0,2,0,0,0,0,0,0,0,0,0,2,0,0,0,0,0,0,0,2,0,0,0,0,0,0,0,0,0,0,0,0,0,0,0,0,0,0,0,2,0,0,0,0,0,0,2,0,0,0,0,0,0,2,0,0,0,0,2,0,0,0,0,0,0,0,0,2,0,0,2,0,0,0,0,2,0,0,2,0,0,0,0,0,2,2,0,0,0,0,0,0,2,0,0,0,0,0,0,0,0,0,0,0,2,0,0,0,0,0,0,0,0,0,2,0,0,0,0,2,2,0,0,2,2,0,2,NA,2,0,0,0,0,0,0,0,0,0,0,0,2,0,0,0,2,NA,0,0,0,2,0,2,0,0,0,NA,2,0,0,0,2,2,2,0,2,0,2,2,0,0,0,0,0,0,0,0,2,2,0,0,0,2,0,2,2,0,0,2,0,0,0,2,0,0,0,0,2,2,0,0,2,0,0,2,0,0,0,2,0,2,0,0,0,0,0,0,0,2,NA,0,0,0,0,0,2,2,2,0,0,0,2,0,0,0,0,2,NA,0,0,0,0,2,2,0,0,0,0,0,2,0,0,2,0,0,0,2,0,2,0,0,0,0,0,2,2,0,0,2,0,0,0,0,0,0,0,2,0,NA,2,2,0,2,0,2,0,0,0,2,2,0,2,2,0,2,0,0,0,0,0,0,0,0,0,0,2,2,0,0,0,2,2,0,2,2,0,0,0,2,0,0,0,0,0,0,0,0,0,0,0,2,0,0,2,0,0,2,2,2,2,0,0,0,0,2,0,0,0,0,0,2,0,0,0,0,0,0,0,0,0,0,0,0,2,0,0,0,2,0,0,0,0,0,2,2,0,0,0,0,0,2,0,2,0,0,0,0,0,0,0,2,0,0,0,0,2,2,0,0,2,2,2,0,0,2,2,0,0,0,0,2,0,0,0,2,2,0,0,0,2,0,2,2,0,2,0,2,0,0,0,0,2,0,0,0,0,2,2,0,0,0,2,2,0,0,0,0,0,0,0,0,2,0,0,0,0,0,0,0,2,2,2,0,2,0,0,0,2,0,0,0,0,0,0,0,0,0,0,0,2,0,0,2,2,2,2,0,0,0,2,0,0,0,2,0,0,0,0,0,0,0,2,2,2,2,2,2,2,0,0,2,0,0,0,2,2,0,2,2,0,2,0,0,0,0,2,2,0,0,2,2,NA,0,2,0,0,0,0,0,0,0,0,0,0,0,2,2,0,2,0,2,0,2,2,0,0,2,0,2,0,0,0,0,0,2,2,0,2,2,0,0,2,0,0,0,0,0,0,0,0,2,2,0,2,0,0,0,0,0,0,0,0,0,0,0,0,0,0,0,0,0,2,0,0,0,0,0,0,0,0,2,0,2,0,0,0,0,0,2,2,2,0,0,0,2,0,0,0,0,2,0,0,0,2,0,0,0,0,0,0,NA,2,2,0,2,0,0,0,2,0,0,0,0,0,0,0,0,2,0,0,0,0,2,0,0,2,0,2,0,0,0,0,0,0,0,0,0,0,0,0,0,0,0,0,0,0,2,0,0,2,0,2,2,2,0,2,0,0,0,0,0,0,2,0,0,0,2,0,0,0,0,0,0,0,0,0,0,0,0,0,0,0,0,0,0,0,2,0,0,2,0,0,2,0,0,0,0,0,0,0,0,0,0,2,2,0,0,0,0,0,0,0,0,0,0,0,0,0,2,0,0,0,0,0,0,0,0,0,0,0,0,2,0,0,0,0,0,0,0,2,0,2,0,0,2,2,0,0,0,0,0,0,0,2,0,0,0,0,2,0,0,2,0,0,0,2,0,0,0,0,2,2,2,0,0,0,0,0,0,2,0,0,0,0,0,0,0,2,2,0,0,0,0,0,0,0,0,0,0,0,0,0,0,0,0,0,0,0,0,0,0,2,0,0,2,0,0,0,0,2,0,2,0,2,0,0,2,0,2,2,0,2,0,0,0,0,2,NA,0,2,0,0,0,0,2,0,0,0,2,0,0,0,0,0,0,0,2,0,0,2,2,0,0,0,2,0,0,0,0,2,2,2,0,2,0,0,0,0,0,0,0,0,0,0,0,2,0,0,0,0,0,2,0,0,0,2,0,0,0,0,0,0,0,2,2,0,0,0,0,0,2,2,0,2,0,0,0,0,0,0,0,0,0,0,0,0,0,0,0,2,0,0,0,0,0,0,2,0,0,0,2,0,0,0,0,0,0,0,2,0,0,0,0,0,0,0,0,2,0,0,0,2,2,0,0,0,0,0,0,0,2,0,0,0,0,0,0,0,2,0,0,2,0,0,2,2,0,0,0,0,0,0,0,2,0,0,2,0,0,0,0,0,0,0,0,0,0,0,0,0,0,2,0,0,0,0,0,0,0,0,0,0,0,0,0,2,0,2,2,0,0,0,2,0,0,0,0,0,2,0,0,2,0,0,0,0,0,0,2,2,0,0,0,0,0,0,0,0,0,0,0,0,0,0,0,2,0,0,0,0,2,0,0,0,0,0,0,2,0,2,0,0,0,0,0,0,0,0,0,2,0,0,0,0,0,0,0,0,0,0,0,0,0,0,0,0,0,0,0,2,2,2,0,0,0,0,0,0,0,0,0,0,0,0,0,2,0,2,0,2,2,0,0,0,0,2,2,2,2,0,0,0,2,0,0,0,0,0,0,0,0,0,0,0,0,2,0,0,0,2,0,0,0,0,0,2,0,0,2,0,0,0,2,0,0,2,0,0,0,0,2,0,0,0,0,2,0,0,0,0,0,0,0,0,0,0,0,0,0,0,0,2,0,0,0,2,0,2,2,0,0,0,0,0,0,0,2,0,0,0,0,2,0,0,2,0,0,0,2,0,2,2,0,0,2,0,0,2,0,0,0,2,0,0,0,0,0,0,0,0,0,0,2,0,0,0,0,2,0,0,0,0,0,0,0,0,0,0,2,0,0,0,0,0,0,0,0,2,0,0,0,0,0,2,0,0,0,2,0,0,0,2,2,2,0,0,2,0,0,0,2,0,0,0,0,0,0,2,2,0,2,2,0,0,0,2,0,0,2,0,2,0,0,0,0,0,0,0,0,2,0,0,0,2,0,0,0,0,2,0,0,0,0,2,0,0,2,0,0,0,0,0,0,0,0,0,0,0,0,0,0,0,0,0,0,0,2,0,0,0,0,0,0,0,0,0,0,0,0,0,2,2,0,0,0,0,0,2,0,0,0,0,0,0,0,0,0,0,0,0,0,0,0,2,0,0,0,0,0,2,0,0,0,0,2,0,0,0,0,2,2,0,0,2,0,0,0,0,0,0,0,0,0,0,2,0,0,2,2,2,0,0,0,0,0,0,0,0,2,2,2,0,0,0,0,0,0,2,0,0,0,0,0,0,0,0,0,0,2,2,0,2,0,0,0,2,0,0,0,0,2,2,0,0,0,0,2,0,0,2,0,0,0,2,0,0,2,0,0,2,0,0,0,0,0,0,0,0,2,0,0,0,0,2,2,0,0,0,0,0,0,0,0,0,0,0,0,0,0,0,0,2,0,2,2,0,0,0,0,0,0,2,0,0,0,0,0,0,0,0,0,0,0,0,0,0,0,0,0,0,0,2,2,0,0,0,2,0,0,0,0,0,0,0,0,0,2,2,0,2,0,2,0,0,2,0,0,0,2,0,0,0,0,0,2,0,0,0,0,0,0,0,0,2,0,0,0,0,0,0,0,2,2,0,2,2,0,0,2,0,0,0,0,0,0,2,0,0,0,0,0,2,0,0,0,0,0,0,0,0,0,0,0,0,0,2,0,0,0,2,0,0,2,0,0,2,0,0,0,0,0,0,0,0,0,0,0,0,0,0,0,0,2,0,0,2,0,0,0,0,0,2,2,0,0,0,0,2,0,0,0,0,2,0,0,0,2,0,2,0,2,0,2,0,0,0,2,0,2,0,2,0,0,2,0,0,0,0,0,2,2,0,0,0,2,2,0,0,0,0,0,0,2,2,0,0,2,0,0,2,2,0,2,0,0,0,0,0,2,0,0,0,2,0,0,0,0,0,0,0,0,0,0,0,0,2,0,0,0,0,0,0,0,2,0,0,2,0,0,0,0,2,0,0,0,2,2,2,0,0,0,0,0,2,2,0,0,0,2,0,0,0,2,2,NA,2,0,2,0,2,0,0,0,0,0,0,0,0,0,0,0,0,0,0,0,0,0,0,0,0,NA,0,0,0,0,0,0,0,0,0,0,2,0,0,0,0,0,0,0,0,0,0,0,0,2,0,0,0,0,2,0,0,0,2,0,0,0,0,2,0,0,0,0,0,2,0,2,0,2,0,0,0,0,0,2,0,0,2,0,0,2,0,0,0,0,0,0,2,0,0,2,0,0,2,0,0,0,0,0,0,0,2,0,2,2,2,0,0,0,2,0,0,0,2,0,0,0,0,0,0,0,0,0,0,0,0,0,0,0,2,0,0,0,0,0,0,0,2,0,0,2,0,0,0,0,0,0,0,0,0,0,0,0,0,0,0,0,0,2,0,0,0,0,2,0,0,0,0,0,0,2,0,2,0,0,2,0,2,0,0,0,0,0,2,0,2,0,0,0,0,0,0,0,2,2
"CC115",0,0,0,0,0,0,2,0,0,0,0,0,0,2,2,0,0,0,0,2,0,2,0,2,2,0,0,0,0,0,0,0,0,0,0,0,0,0,2,2,0,0,0,0,0,0,0,0,0,0,0,0,0,0,2,0,0,0,0,0,0,0,0,0,2,2,0,0,0,0,0,0,0,0,0,0,0,0,0,2,0,0,0,0,0,2,0,0,0,0,0,2,0,0,0,0,0,0,2,2,0,0,2,2,0,2,0,0,0,0,0,2,0,0,0,0,2,0,0,0,0,0,0,2,0,0,2,0,0,0,2,0,0,2,0,0,0,0,0,0,0,0,2,2,0,NA,0,0,0,0,2,0,0,0,2,2,0,2,2,0,0,0,0,0,0,0,0,0,0,0,0,0,0,0,0,0,0,0,2,0,2,0,0,0,0,0,0,0,0,2,0,2,0,0,0,0,2,2,2,0,0,0,0,0,0,0,0,0,0,0,0,0,0,0,0,2,2,2,0,0,2,0,0,0,0,2,0,2,0,0,0,0,0,0,0,0,0,2,0,0,0,0,0,0,0,2,0,0,NA,0,0,0,0,0,0,0,0,0,0,0,2,0,0,0,0,0,0,0,0,0,0,0,0,2,0,0,0,0,0,0,2,0,0,2,0,0,0,0,0,0,0,2,2,0,0,0,0,0,0,0,0,0,0,0,0,0,2,0,2,0,0,0,0,0,0,0,0,0,0,0,0,0,2,0,0,0,0,2,2,0,0,0,0,0,2,0,2,2,0,0,2,2,2,2,0,2,2,2,0,2,NA,0,0,0,0,2,0,0,0,2,0,2,2,0,2,0,0,2,0,0,0,0,2,0,2,2,0,2,0,2,0,2,0,0,2,2,2,0,0,0,2,0,0,0,0,0,NA,0,2,0,0,0,0,0,0,0,0,0,0,0,0,0,0,0,2,2,0,0,0,0,0,0,0,0,0,0,0,0,2,2,0,0,0,0,0,0,2,0,0,0,0,0,0,2,2,0,2,2,0,0,0,0,0,0,0,0,0,2,0,0,0,0,0,0,0,0,0,2,0,0,2,0,0,2,0,0,0,2,0,0,0,0,0,0,0,2,0,0,2,2,0,2,0,0,0,0,0,0,2,2,0,0,0,2,0,0,0,0,2,0,0,0,0,2,0,0,0,0,0,0,0,0,0,0,0,0,0,0,0,0,0,0,0,0,2,0,0,0,0,0,0,0,0,2,0,0,0,2,0,0,2,0,0,0,0,0,0,2,2,2,0,0,0,2,2,0,0,2,0,0,0,2,0,0,0,2,0,0,2,0,0,2,0,2,2,0,0,0,0,2,2,NA,0,0,0,0,0,2,0,0,0,2,0,2,2,2,2,2,0,0,0,0,0,0,0,0,0,0,0,0,2,0,0,0,0,0,0,0,2,0,0,0,0,2,0,0,0,0,0,2,0,0,0,2,0,0,0,2,0,0,0,0,0,0,0,0,2,0,0,0,2,0,0,0,0,2,0,0,0,2,0,0,0,0,0,0,0,0,0,0,0,0,0,0,2,0,0,0,2,0,0,0,0,0,0,0,0,0,0,0,0,0,0,NA,0,0,0,0,0,0,0,0,0,0,0,0,0,0,0,0,0,0,0,0,0,2,0,0,2,0,0,0,0,0,0,0,0,0,0,0,0,0,0,0,0,0,0,2,2,0,0,0,0,2,0,0,0,0,0,0,0,0,0,0,0,2,0,0,0,0,0,0,0,0,0,0,0,0,0,0,0,0,2,0,0,0,0,0,0,0,0,0,0,0,0,0,0,0,0,0,0,0,0,0,0,0,0,2,0,0,2,0,0,0,0,0,0,0,0,0,0,2,2,2,0,0,2,0,0,2,0,0,0,0,0,0,0,0,0,2,2,2,0,0,0,0,2,0,0,0,2,2,2,0,0,0,0,0,2,0,2,0,0,0,2,0,0,2,0,0,0,0,0,2,0,0,0,0,0,0,0,0,0,2,2,2,2,0,0,0,0,0,0,0,0,0,0,0,0,0,0,0,0,0,0,0,0,0,0,0,0,0,0,0,0,0,0,0,0,0,0,0,0,0,0,0,0,2,0,0,0,0,0,0,0,0,0,0,0,0,0,0,0,0,0,0,0,0,0,0,2,0,0,0,0,0,2,0,0,0,0,0,0,0,0,0,0,0,2,0,0,0,0,0,0,0,2,2,0,0,0,0,2,0,2,0,0,0,0,0,0,0,0,0,0,0,2,0,0,0,0,0,0,0,0,0,0,0,0,0,0,0,0,0,2,0,0,2,0,0,0,0,0,0,0,0,0,0,0,0,0,0,0,0,2,0,0,0,2,0,0,0,0,0,0,2,2,0,2,0,0,0,0,0,0,0,0,0,0,0,0,0,0,2,0,0,0,0,0,0,2,0,0,2,0,2,0,0,0,0,2,0,0,0,0,0,2,0,2,0,0,2,2,0,0,0,0,0,2,2,0,0,2,0,0,0,0,2,NA,2,0,0,0,0,0,0,0,0,0,2,0,0,0,0,0,0,0,0,0,0,0,0,0,0,0,0,0,0,0,0,0,0,0,2,0,0,0,2,0,0,0,0,0,0,2,0,0,2,2,0,0,0,0,2,0,2,0,0,2,2,0,0,0,0,0,2,0,0,0,0,0,0,0,0,0,0,0,0,2,0,0,0,0,0,0,0,0,0,2,0,0,2,0,2,0,0,0,0,0,2,0,0,0,0,0,0,0,2,0,2,0,0,0,0,0,0,0,2,2,0,0,0,0,0,0,0,0,0,0,0,0,0,2,0,0,0,2,0,0,0,0,0,2,2,2,0,0,0,0,2,0,0,0,0,0,2,0,0,0,0,2,0,2,0,2,2,0,0,2,0,0,2,0,0,2,2,0,0,0,2,0,2,0,0,0,0,0,0,0,0,0,0,0,0,2,0,2,0,0,0,0,0,0,0,0,0,0,2,0,0,0,0,2,2,2,0,0,0,0,0,0,0,0,0,0,2,2,0,0,2,0,0,0,0,0,0,0,0,2,0,0,2,0,0,0,0,0,0,2,0,2,2,2,2,0,0,0,0,0,0,0,0,0,0,2,0,0,0,0,0,0,0,0,0,0,0,0,0,0,2,2,0,2,0,0,0,0,0,2,0,0,0,0,0,0,0,0,0,0,0,0,0,0,2,2,0,0,0,0,0,0,0,0,0,0,0,0,0,0,0,2,0,0,0,0,0,0,0,0,0,0,0,0,0,0,0,0,0,2,0,0,0,0,0,2,0,0,0,0,2,0,0,0,0,0,2,0,0,0,0,0,0,0,0,2,0,0,0,0,2,0,0,2,0,0,0,0,0,0,0,0,0,0,0,0,0,2,0,0,0,0,0,0,0,0,0,0,0,0,2,0,0,0,0,0,0,0,0,0,0,2,0,0,0,0,0,0,0,0,2,0,0,0,0,0,0,0,0,0,0,0,0,0,0,0,0,0,0,0,2,0,0,2,0,0,0,0,2,2,0,0,0,0,2,0,0,0,0,2,0,2,2,2,0,0,0,0,0,0,0,0,0,0,2,0,0,0,0,0,2,0,0,0,2,0,0,0,0,0,0,2,2,0,2,0,0,0,0,0,0,0,0,0,0,0,0,0,0,0,0,0,0,0,0,0,0,0,0,2,0,0,2,2,0,0,0,0,0,0,0,0,2,0,0,2,2,2,0,0,0,0,0,0,2,0,0,0,0,0,0,0,0,0,0,0,0,0,2,0,0,0,0,2,0,0,0,0,0,2,0,0,0,0,0,0,0,0,0,2,2,0,0,2,0,2,0,0,0,2,0,2,0,0,0,0,2,0,2,0,0,2,0,0,2,2,0,2,0,0,0,0,0,2,0,0,0,0,0,0,0,0,0,0,0,0,2,0,0,0,0,2,0,0,0,0,0,NA,0,0,0,0,0,0,0,0,2,2,0,0,0,0,2,0,0,0,0,NA,2,0,0,0,0,0,0,0,0,0,0,0,0,0,0,0,0,0,0,0,0,2,0,0,0,0,0,0,0,2,2,2,0,0,0,2,0,0,0,0,0,0,0,0,0,0,0,0,0,0,0,0,0,0,0,0,0,0,0,0,0,0,0,0,2,0,0,2,0,0,0,0,0,0,2,2,0,0,0,2,0,0,0,0,0,0,0,0,0,0,2,0,2,0,0,0,2,2,0,0,0,0,0,0,2,0,0,0,0,0,2,0,0,0,0,2,0,0,0,0,0,0,NA,2,0,0,0,2,0,0,0,0,0,0,0,0,2,0,0,2,0,0,2,2,0,2,0,0,0,0,2,0,0,0,2,2,0,0,2,2,0,0,0,0,0,0,2,0,0,0,2,0,0,0,0,2,0,0,0,2,0,0,2,0,2,0,0,0,0,0,0,0,0,0,0,0,0,0,2,0,0,0,0,0,0,0,0,0,0,0,2,0,0,0,0,0,0,2,0,2,2,2,0,0,0,0,0,0,0,0,0,0,2,2,2,NA,2,0,0,0,2,2,0,0,0,0,0,0,0,0,0,0,0,0,0,0,0,0,0,0,2,0,0,0,2,0,0,0,0,0,0,0,0,0,2,0,0,2,0,0,2,0,0,0,0,0,0,2,0,0,0,0,0,0,2,2,0,0,0,0,0,0,0,2,0,0,0,0,0,2,2,0,0,0,0,2,2,0,2,0,2,0,0,0,0,0,0,0,0,0,0,0,0,0,0,2,0,0,0,0,0,0,0,0,0,0,0,2,0,0,0,0,2,0,0,0,2,0,0,0,2,0,0,0,0,0,0,0,0,0,0,0,0,0,0,0,0,0,0,2,0,0,0,0,0,0,0,0,0,0,0,0,0,0,2,0,0,0,2,0,0,0,0,0,2,0,0,2,0,0,0,0,0,0,2,0,0,0,0,0,0,0,0,0,0,0,0,0,0,0,0,0,0,0,0,0,0,0,0,0,0,0,2,0,0,2,NA,0,0,0,0,0,0,0,0,2,2,0,0,2,0,2,0,0,0,0,0,0,0,0,0,0,0,0,2,0,2,0,0,0,0,0,0,0,0,0,0,2,2,0,0,0,0,0,2,0,0,2,0,2,0,0,0,0,0,0,2,2,2,2,0,0,0,0,0,0,0,0,2,2,0,0,2,0,0,0,2,0,0,0,0,0,0,2,0,0,0,0,0,0,0,0,0,2,0,0,2,0,0,0,0,0,2,0,0,0,0,2,0,0,0,0,0,0,0,0,0,0,0,0,0,0,0,0,0,2,0,0,0,2,2,0,0,0,0,0,0,0,0,0,2,0,0,0,0,0,0,0,2,0,0,0,0,0,0,0,0,0,0,0,0,0,2,0,0,0,0,0,0,0,0,0,2,0,0,0,0,0,0,0,2,0,0,0,0,0,0,0,0,0,0,0,0,0,0,0,0,0,0,0,0,0,0,0,0,0,2,2,0,0,0,2,0,0,0,0,0,0,2,0,0,0,2,0,2,0,0,0,0,2,0,0,0,2,0,0,2,0,0,0,0,0,0,0,0,0,0,2,0,0,NA,0,0,0,0,0,0,0,0,2,0,0,2,0,0,0,0,0,0,2,0,0,0,0,0,0,0,0,0,0,0,0,2,2,0,0,0,0,0,0,0,0,0,0,0,0,0,0,0,0,0,0,0,0,0,0,0,0,0,0,2,0,2,0,0,0,0,0,0,0,2,0,0,0,0,0,0,2,0,2,0,0,0,2,0,0,0,0,0,0,0,0,0,0,0,0,0,0,0,2,2,2,0,0,0,2,0,0,0,0,2,0,2,0,2,0,0,0,0,0,0,0,2,2,0,0,0,0,0,0,2,0,0,0,0,0,2,0,0,0,2,0,0,0,0,0,0,0,0,0,0,0,0,0,0,0,0,0,0,0,0,0,2,0,0,0,0,0,0,0,0,2,0,0,0,0,0,0,0,0,2,0,0,0,2,0,2,2,2,0,2,0,2,0,2,0,2,0,0,0,0,0,0,0,0,0,0,0,0,0,0,0,0,0,0,0,0,2,0,0,0,0,2,0,0,2,0,0,0,0,0,0,0,0,0,0,2,0,0,0,0,0,0,2,0,0,0,0,2,0,0,0,0,0,0,0,0,0,0,0,0,0,0,0,2,NA,2,0,0,0,0,0,0,0,0,0,0,0,0,0,0,0,0,0,0,0,0,0,0,0,0,2,0,0,0,2,0,0,0,0,0,0,2,0,0,0,0,0,2,0,0,0,2,0,0,0,0,0,2,2,0,0,2,0,0,2,0,0,0,0,0,0,2,2,0,0,0,0,0,0,0,0,0,2,2,0,0,2,0,0,0,2,0,0,0,0,0,0,2,0,2,0,0,0,2,2,2,0,2,0,0,2,0,0,0,0,2,0,2,0,0,0,0,0,0,0,2,0,0,0,0,0,0,0,0,2,0,0,0,0,2,0,0,0,2,0,2,2,0,0,0,0,0,0,2,0,0,0,0,0,0,0,2,2,0,2,0,2,0,0,0,2,0,2,2,0,0,0,0,0,0,2,0,2,0,2,0,0,0,2,0,2,2,0,0,2,2,0,2,2,0,0,0,0,0,0,0,0,0,2,0,0,0,0,0,0,0,0,2,0,0,0,0,0,0,0,0,0,0,0,0,0,2,0,0,0,0,0,2,2,0,0,0,2,0,0,0,0,0,0,0,2,0,2,0,0,0,0,2,0,0,0,0,0,2,0,0,0,2,0,0,0,0,0,2,0,0,0,0,0,2,0,0,0,0,0,0,0,0,2,0,2,0,0,2,0,0,0,0,0,0,2,0,0,0,0,0,0,0,0,0,2,0,2,2,0,0,0,2,2,2,0,0,0,2,0,2,0,0,0,0,0,2,0,0,0,2,0,2,2,0,0,0,2,0,0,0,2,2,0,0,0,2,0,0,0,0,0,0,2,2,2,0,0,0,2,2,0,0,2,0,0,0,0,0,2,0,0,0,2,0,0,0,2,0,2,0,0,0,0,2,0,2,0,0,0,0,0,2,2,0,0,0,0,2,0,0,2,2,2,0,0,0,0,0,0,0,0,2,2,2,2,2,2,2,2,0,0,0,0,0,0,2,0,0,0,0,0,0,0,0,0,0,2,0,0,0,0,2,0,0,0,0,0,2,0,0,0,0,0,0,2,0,2,2,0,0,0,0,0,0,2,0,0,2,0,0,0,2,0,2,0,2,0,2,2,2,0,0,0,0,0,2,2,2,0,0,2,0,0,0,0,2,0,0,0,0,0,2,0,0,2,0,0,2,0,2,0,0,2,2,0,0,0,0,0,0,0,0,0,2,NA,0,2,2,0,2,2,0,2,2,0,NA,2,0,0,0,2,0,0,0,0,0,2,2,0,0,2,0,2,2,0,2,0,0,0,0,0,0,0,0,0,0,2,0,0,0,0,0,0,0,0,0,0,0,2,2,0,0,0,0,0,0,2,0,0,2,0,0,0,0,2,0,0,0,0,2,0,0,0,0,2,0,0,0,0,2,0,0,0,0,0,0,0,0,0,0,0,0,0,0,0,0,0,0,0,0,0,0,0,0,0,2,0,0,0,0,0,0,2,0,2,0,0,2,0,0,0,2,NA,0,0,0,0,0,0,2,0,0,2,0,0,2,0,0,0,0,0,0,0,2,0,0,0,0,0,0,0,0,0,0,0,0,0,0,0,0,0,0,0,0,0,0,0,0,0,0,2,0,0,0,0,0,2,2,2,0,0,0,0,0,0,0,2,0,2,2,0,2,0,0,0,0,0,2,0,2,0,0,0,0,2,2,2,0,0,0,2,2,0,2,2,0,0,0,0,2,0,0,0,0,0,0,0,0,0,0,0,0,0,0,0,0,2,0,0,0,0,0,0,0,0,0,0,0,0,0,0,0,0,0,0,0,2,2,0,0,0,2,0,2,NA,0,0,0,0,0,0,0,0,2,0,0,2,0,0,0,0,0,2,0,0,0,0,0,0,0,0,2,0,0,0,0,0,0,0,0,0,0,0,0,0,0,0,0,0,0,0,0,0,0,0,0,0,0,0,2,0,2,0,0,0,0,0,0,2,0,0,0,0,0,0,2,0,2,0,0,0,0,0,0,0,0,0,0,0,0,0,0,0,0,2,0,0,0,0,0,2,0,0,0,0,0,0,2,0,0,0,2,0,0,0,0,0,0,0,0,0,0,2,0,0,0,2,0,0,2,NA,0,0,0,0,0,0,2,0,0,0,0,0,0,2,0,0,2,0,0,0,0,0,0,0,2,2,0,0,0,0,0,0,0,2,2,0,0,0,0,0,0,2,0,0,0,0,0,0,0,0,0,0,0,0,0,0,0,0,0,0,0,0,0,0,0,0,0,0,0,0,2,0,0,0,0,0,0,0,0,NA,0,2,0,2,0,0,0,0,0,0,0,0,0,0,0,0,0,0,0,0,0,0,0,0,0,0,2,0,0,2,0,2,2,0,0,0,0,0,0,0,0,0,0,0,0,0,2,0,0,0,2,0,0,0,0,0,0,0,0,0,2,0,0,0,0,2,2,0,0,0,0,0,0,2,0,0,0,2,0,0,2,0,0,2,0,2,0,0,0,0,0,0,0,0,0,2,0,0,0,0,2,0,0,0,0,0,0,0,0,2,0,2,2,0,0,0,0,0,0,0,2,0,0,2,0,0,0,2,0,0,0,0,0,2,0,0,0,0,2,2,0,0,2,0,0,0,0,0,0,2,2,2,2,0,0,0,0,0,0,0,0,0,0,NA,0,0,0,2,0,0,0,0,0,0,0,2,2,0,2,0,0,2,2,0,2,2,0,2,2,0,2,0,2,0,0,0,2,0,0,0,0,0,2,2,2,NA,0,2,0,0,0,0,0,0,0,0,0,0,0,0,0,0,0,0,0,0,2,2,0,0,2,0,0,2,0,0,0,0,0,0,0,0,0,2,0,0,0,2,0,0,0,0,0,0,2,0,0,0,0,2,2,0,0,0,0,2,0,0,2,2,0,0,0,0,0,2,2,0,0,2,2,2,2,0,0,2,0,0,2,0,0,2,0,0,0,0,0,0,0,0,0,0,0,0,0,0,0,0,0,0,0,0,0,2,0,0,0,0,0,0,0,2,0,0,0,2,0,0,0,0,0,0,0,0,2,0,0,0,0,0,0,0,0,0,0,2,2,2,0,0,2,0,0,2,0,0,0,0,0,0,NA,0,0,0,0,0,2,0,2,0,0,0,0,0,0,2,0,0,0,0,0,0,0,0,0,2,0,2,0,0,0,0,0,0,2,0,0,0,0,0,2,0,2,2,0,0,0,0,2,0,0,0,0,0,0,0,0,2,0,0,0,0,0,0,0,0,0,0,0,2,0,0,2,0,0,0,2,0,0,0,0,2,0,0,0,0,0,0,0,2,0,2,0,2,0,0,0,0,0,0,0,2,2,0,0,0,0,2,2,2,0,0,0,0,0,2,0,0,0,0,0,2,0,0,0,0,2,2,0,2,0,0,2,0,0,2,0,2,0,0,0,0,0,2,2,0,0,0,2,2,2,0,0,0,2,2,0,0,0,0,0,0,0,0,2,0,0,2,0,0,0,0,0,0,0,0,0,0,0,0,0,0,0,0,0,0,0,2,0,0,0,2,0,0,0,0,0,2,2,0,0,2,0,0,0,0,0,0,0,0,2,0,0,2,0,0,0,0,0,0,0,0,0,2,2,0,0,0,2,0,0,0,0,2,0,2,2,0,2,0,0,0,0,0,0,0,0,0,0,0,0,0,0,2,2,2,0,2,0,0,0,0,2,2,2,2,0,0,0,0,0,2,0,0,0,0,2,2,0,0,0,0,0,2,0,0,2,2,0,0,0,0,0,0,0,2,0,0,0,0,2,0,0,2,0,2,0,2,0,0,0,0,0,0,0,0,0,2,0,2,0,0,0,0,0,0,2,0,0,0,0,2,0,0,2,2,2,2,2,0,0,2,0,0,0,0,0,0,0,2,0,0,2,2,2,0,0,2,0,2,0,2,2,0,0,0,2,2,2,0,2,0,2,0,0,0,0,0,0,0,0,0,0,0,0,0,2,0,0,0,0,0,0,0,0,0,2,0,0,2,0,0,2,0,2,0,0,0,0,0,0,2,0,0,0,2,0,2,0,0,0,0,0,0,0,0,0,0,0,2,0,0,2,0,2,0,0,0,0,0,0,0,2,2,0,0,0,0,0,0,2,2,0,0,0,2,0,0,2,2,0,0,2,2,0,0,0,0,0,0,0,0,0,0,0,0,0,0,0,0,2,0,0,0,0,0,0,0,0,2,0,2,2,0,2,0,0,0,2,0,0,2,0,2,0,2,2,0,0,0,0,0,0,0,0,0,0,0,0,0,0,0,0,2,0,2,0,0,0,0,0,0,0,2,2,2,0,2,0,2,0,0,0,0,0,0,2,0,0,2,2,0,0,2,2,0,0,0,0,0,0,2,0,0,0,0,0,2,2,0,0,2,0,0,NA,0,0,0,0,0,0,0,2,0,2,0,2,0,0,0,0,0,2,0,2,2,0,0,2,0,0,2,0,2,0,0,0,0,2,0,0,0,0,0,0,0,0,0,0,0,2,0,0,0,0,0,0,2,0,0,0,0,0,2,0,0,0,2,0,0,2,0,0,0,0,2,0,0,2,0,0,0,0,2,0,0,0,2,0,2,0,2,0,0,0,2,0,0,0,0,2,0,2,0,2,0,0,0,0,0,0,0,0,0,2,0,0,0,0,0,0,0,0,2,0,0,2,0,0,0,0,0,0,0,0,2,0,0,0,0,2,2,0,0,0,0,0,0,0,0,0,0,0,2,0,0,0,0,0,2,2,0,2,0,0,0,0,0,0,0,2,0,0,0,0,2,2,0,0,0,0,0,0,0,0,0,0,0,0,0,0,0,0,0,0,2,2,2,0,0,0,0,0,2,0,0,0,0,0,0,0,0,0,2,0,0,0,2,0,0,0,2,0,0,0,2,2,0,0,0,0,0,0,2,0,0,2,2,0,0,0,0,0,0,0,0,0,0,0,2,0,0,0,0,0,0,0,0,0,0,0,2,0,0,0,0,0,0,0,0,0,0,0,0,0,0,0,0,0,0,0,0,2,2,0,2,0,0,0,0,0,0,0,0,0,0,0,0,0,0,2,2,0,0,2,2,0,0,0,0,0,2,0,0,0,0,0,0,0,0,0,2,2,0,0,0,2,0,0,0,0,0,0,2,0,0,2,2,0,0,0,0,0,2,0,0,0,0,0,0,0,0,0,0,0,0,2,0,0,0,0,0,0,0,0,0,2,0,0,0,0,2,2,0,0,0,0,0,0,0,0,0,0,0,2,0,0,0,0,0,0,0,0,2,0,0,0,2,0,0,0,2,2,0,0,0,2,0,0,2,0,0,2,0,0,0,0,0,0,0,0,2,0,0,0,0,0,0,0,0,2,0,0,0,0,0,0,0,0,2,0,0,0,0,0,0,2,0,2,2,0,0,0,0,2,0,0,0,0,0,0,0,0,0,0,0,2,0,0,2,0,0,0,2,2,0,0,0,0,0,0,0,0,0,0,0,0,0,0,0,0,0,0,0,2,0,0,2,2,0,0,2,0,0,0,0,0,2,0,0,0,0,0,2,0,0,0,0,0,0,2,0,0,0,2,0,0,0,0,0
"CC116",0,2,2,0,0,0,0,0,0,0,0,2,0,0,0,2,0,0,0,0,2,2,0,0,0,NA,0,2,0,0,0,2,0,0,2,2,0,0,0,0,2,0,0,2,2,0,0,2,0,0,0,2,0,2,0,2,2,0,0,0,0,0,2,2,0,0,0,0,2,2,0,2,0,2,2,0,0,2,0,0,0,0,0,0,0,0,2,0,2,0,0,2,0,0,0,0,0,0,0,2,0,0,0,0,0,0,0,2,0,0,2,0,0,0,0,0,0,0,0,2,0,0,0,2,0,0,0,2,0,2,0,0,0,0,0,0,0,2,0,0,0,0,0,2,0,NA,2,0,0,2,2,2,0,0,2,0,0,0,2,0,2,0,0,2,2,0,0,0,0,0,0,2,0,0,0,0,0,0,0,0,0,0,0,0,0,0,0,2,0,0,0,0,0,0,0,0,0,0,0,0,0,2,0,0,0,0,0,0,0,0,0,0,0,0,0,0,0,0,0,0,0,0,0,0,0,0,0,0,0,0,0,0,0,0,2,0,2,0,0,2,2,0,2,0,0,0,0,0,2,0,0,0,0,0,0,0,0,2,0,0,0,0,0,2,2,0,2,0,0,2,0,0,0,0,0,0,0,0,0,0,2,0,0,0,0,0,0,2,0,0,0,2,2,0,0,0,2,0,0,0,0,0,0,0,0,0,2,0,2,0,2,2,2,0,0,0,0,2,0,2,0,2,0,0,0,0,0,2,2,2,0,0,2,0,0,0,0,0,0,0,2,2,2,0,0,2,2,2,0,2,2,0,0,0,0,2,0,0,0,2,2,2,2,2,2,2,2,2,0,0,0,0,0,2,2,0,0,2,0,0,0,0,0,0,2,2,0,0,0,0,2,0,0,2,2,2,2,0,0,0,0,0,2,2,0,2,0,0,0,2,0,0,0,0,0,0,2,0,0,2,0,2,0,0,0,0,0,0,2,2,2,0,0,0,0,0,0,0,0,0,0,0,0,0,0,0,0,0,0,2,0,0,0,0,2,2,0,2,0,0,0,0,0,0,0,0,0,2,0,0,2,2,2,2,0,0,0,0,0,0,0,0,0,0,0,0,0,0,0,2,0,0,0,2,0,0,2,0,2,0,2,0,2,2,0,0,0,0,2,0,0,0,0,0,0,0,0,0,0,0,0,2,0,0,0,0,0,0,0,0,0,0,0,0,2,0,0,0,0,2,0,0,0,2,0,0,0,0,0,0,0,0,0,0,0,2,0,0,0,0,0,0,0,0,0,0,0,0,0,0,0,0,0,0,2,0,0,0,2,0,0,2,0,0,0,0,0,0,2,2,2,0,0,2,2,0,2,0,2,0,0,0,0,0,0,0,0,0,2,0,0,2,0,0,0,0,0,0,0,0,0,2,0,0,0,2,0,0,0,0,0,0,0,2,2,0,0,0,0,2,0,0,0,0,0,2,0,0,0,0,0,0,2,0,0,0,2,0,0,0,0,0,2,2,2,0,0,2,0,2,0,0,2,0,0,0,2,0,0,0,0,0,2,0,2,0,0,0,0,0,0,0,0,0,0,0,0,0,0,0,0,0,0,0,0,0,0,0,0,0,0,0,2,0,0,0,0,0,0,0,0,0,0,0,2,2,0,0,2,0,0,2,0,0,0,0,2,0,0,0,0,0,0,0,0,0,0,0,2,2,0,2,0,0,0,0,0,0,0,2,0,0,0,2,0,0,0,0,NA,0,0,0,0,0,2,0,0,2,2,0,0,2,0,0,0,0,0,2,2,0,2,0,0,0,0,2,0,0,0,0,0,2,0,0,0,0,2,0,0,0,0,0,0,0,0,0,0,2,0,0,0,0,2,0,0,0,2,0,0,0,0,0,0,0,0,0,0,0,0,0,2,0,0,0,0,0,2,0,0,0,0,0,0,0,0,0,0,0,0,0,2,0,0,0,2,0,0,0,0,0,0,0,2,0,2,0,2,2,2,0,0,0,0,2,0,2,0,0,2,0,0,2,0,0,0,0,2,0,0,0,0,0,0,0,0,0,0,2,0,0,0,0,NA,0,0,NA,0,0,0,0,2,0,0,2,0,0,0,0,0,2,2,2,2,2,2,0,0,2,0,0,2,0,0,0,0,0,0,0,0,0,0,0,2,0,0,0,2,0,0,0,0,2,2,0,0,0,0,2,0,0,0,0,0,0,0,0,0,2,0,0,0,0,0,0,2,0,0,0,0,0,0,0,0,0,0,0,0,0,0,0,0,0,0,0,0,0,0,0,2,0,0,0,0,0,2,2,0,0,0,0,0,0,0,0,0,0,0,0,0,0,0,0,0,0,0,0,0,0,0,0,0,0,0,0,0,0,0,0,2,0,0,0,0,0,0,0,0,0,2,0,0,2,0,0,0,0,0,0,0,0,0,0,0,0,0,0,2,2,0,0,2,0,0,0,2,0,0,0,0,0,2,0,0,0,2,0,0,0,0,0,0,0,0,2,0,0,NA,2,0,0,0,0,2,0,0,0,0,0,0,2,0,0,0,2,0,0,0,0,0,0,2,0,0,0,0,0,0,0,0,2,0,0,0,2,0,0,0,0,0,0,0,0,0,0,0,0,0,0,0,2,2,2,0,0,0,0,0,0,0,0,0,2,0,0,0,2,0,0,0,0,0,2,0,0,0,0,0,0,0,0,0,0,0,0,0,0,0,0,2,0,0,0,0,0,0,2,0,0,0,0,0,0,2,2,0,2,0,0,0,2,2,0,2,0,0,0,0,2,0,0,0,2,0,0,0,0,0,2,0,0,2,0,0,2,0,2,2,0,0,0,0,0,0,0,0,0,0,0,0,2,0,0,0,0,0,0,0,0,0,NA,0,0,2,0,0,0,2,0,2,0,2,0,2,0,0,2,0,0,0,0,2,0,2,0,0,0,0,0,0,0,0,0,2,0,0,0,2,0,0,0,2,0,2,0,0,0,0,2,0,0,2,0,2,0,0,0,2,0,0,0,0,0,0,0,0,0,0,0,0,2,0,0,0,0,0,0,0,2,0,0,0,0,0,0,2,0,0,0,0,0,0,0,2,2,0,0,0,0,0,2,2,0,0,0,0,2,2,0,2,2,0,0,0,2,0,0,0,0,0,2,2,0,0,2,0,0,0,0,0,0,0,2,2,0,0,0,0,0,2,2,0,0,2,0,0,2,0,0,0,0,0,2,0,2,0,2,0,0,0,0,2,0,0,0,2,0,0,0,0,0,0,0,0,0,0,0,0,0,0,0,0,2,0,2,0,0,0,0,0,0,0,0,2,0,0,2,0,0,0,0,0,0,0,0,0,0,0,0,0,0,0,0,0,0,0,0,0,2,0,2,0,0,0,0,0,0,0,0,2,0,0,0,2,2,2,0,0,0,0,0,0,0,2,0,2,0,0,0,0,0,0,0,2,2,0,2,0,0,0,0,0,0,0,0,2,2,2,0,0,0,0,2,0,0,2,2,2,0,0,0,0,2,0,0,0,2,2,0,0,0,0,2,0,0,2,0,0,0,0,0,2,0,0,2,0,0,0,0,0,2,0,0,0,0,2,0,0,0,0,0,0,0,0,0,0,2,2,0,0,0,0,0,0,0,0,0,2,0,2,0,0,0,0,0,0,0,0,0,0,0,0,2,0,0,0,0,2,0,2,2,0,0,0,0,0,0,0,0,2,0,0,2,0,0,0,2,2,0,0,0,0,0,0,0,0,0,0,2,0,0,0,0,0,2,0,0,0,2,0,0,0,0,2,0,0,0,0,0,0,2,2,0,0,0,0,0,0,0,0,2,0,0,0,0,0,0,0,0,2,0,0,0,0,0,0,0,0,0,0,2,0,0,0,0,0,0,0,0,0,0,2,0,2,0,0,0,0,0,0,0,0,0,0,0,2,0,0,2,0,0,2,0,0,0,0,2,0,0,0,0,0,0,0,0,0,0,2,0,0,0,0,0,0,2,0,0,0,0,0,0,0,0,0,0,0,0,0,0,0,0,0,2,0,0,0,0,0,0,2,0,0,0,0,0,0,0,2,0,0,2,0,0,0,0,0,0,0,0,0,0,0,0,0,0,0,2,0,0,2,2,0,0,0,0,0,2,0,0,0,0,0,2,0,2,0,0,0,2,0,0,2,0,0,0,0,0,0,0,0,0,0,0,0,2,0,0,0,0,2,0,0,0,0,0,0,0,0,0,2,0,2,0,0,0,0,0,0,0,0,0,2,0,0,0,0,0,0,0,0,0,0,0,0,0,0,0,2,0,0,0,0,0,0,2,0,0,0,0,2,0,0,0,0,2,0,0,0,0,0,0,2,0,0,2,0,0,0,0,0,0,0,2,0,0,0,0,2,0,0,0,0,0,0,0,2,0,0,0,0,0,0,0,2,0,2,0,0,2,0,0,0,0,0,0,2,0,2,2,0,0,0,0,0,0,0,2,0,2,0,0,2,2,0,0,0,2,0,0,2,0,0,2,0,0,0,2,0,0,2,2,0,0,0,0,0,0,0,0,0,0,0,0,0,2,0,2,0,0,0,0,0,0,0,0,2,2,0,0,0,0,0,0,0,0,0,0,0,0,0,0,0,2,0,2,0,0,0,0,0,0,0,0,0,0,0,0,0,0,0,0,0,2,2,2,0,0,0,2,0,0,0,0,2,0,2,0,2,2,2,2,0,0,2,2,0,2,0,0,0,0,0,0,0,0,0,0,0,0,0,0,0,0,0,0,0,0,2,0,0,0,0,0,0,0,2,2,0,0,2,0,0,0,0,0,0,0,0,0,2,0,0,0,0,2,0,0,0,0,0,0,0,0,2,0,0,0,0,0,0,0,0,0,2,0,0,2,0,0,0,0,2,0,0,0,2,0,0,0,0,0,0,0,0,0,0,0,0,0,0,0,2,0,0,0,0,0,0,0,0,0,2,0,2,0,0,2,0,0,0,0,0,0,0,0,2,0,0,0,0,2,0,0,2,0,0,0,0,2,0,0,0,0,0,2,0,0,NA,0,2,2,2,0,0,0,0,0,0,2,0,0,0,2,2,0,2,0,0,0,2,0,0,0,0,2,0,2,0,0,0,0,0,0,0,0,0,0,2,2,0,0,0,0,0,0,2,0,2,2,0,2,0,0,0,0,0,0,0,0,2,2,0,0,0,0,0,0,0,2,0,0,2,0,0,0,0,0,0,0,0,0,0,0,0,2,0,0,0,0,0,0,0,0,0,2,0,0,0,0,0,0,0,0,0,0,0,0,0,2,0,0,0,0,2,0,0,0,0,0,0,0,2,0,0,0,2,0,0,0,0,0,0,0,2,0,0,0,0,0,2,2,0,2,0,0,0,0,0,2,2,0,0,0,0,0,2,2,0,0,0,0,2,0,2,0,0,0,0,0,0,0,0,0,0,0,0,0,0,0,0,0,0,0,0,0,0,0,0,0,0,0,0,0,0,2,0,0,2,0,0,0,0,0,0,0,2,0,2,0,0,0,0,0,2,0,0,0,0,0,0,0,2,0,0,0,0,0,0,0,0,0,0,0,0,0,0,2,0,0,0,0,2,0,0,2,0,2,0,0,0,0,0,0,0,0,2,0,0,0,0,0,2,0,0,0,0,0,0,0,0,0,0,0,0,2,2,0,0,0,0,0,0,2,0,0,0,0,0,0,0,0,2,0,0,2,0,0,0,0,0,0,0,2,2,0,2,2,2,0,0,0,2,0,0,0,0,0,0,0,0,0,0,0,0,2,0,0,0,0,0,2,0,0,0,2,0,0,0,0,0,0,0,0,0,2,0,0,0,0,0,2,0,2,0,2,0,2,0,0,2,0,2,0,0,2,0,0,0,0,0,2,2,0,0,0,NA,2,2,0,0,0,0,2,0,0,0,0,2,0,2,0,2,2,0,2,0,2,0,0,0,0,0,0,0,0,0,2,0,0,0,0,0,0,0,0,0,0,0,2,0,0,0,2,2,0,0,0,0,0,0,0,0,2,0,2,2,0,2,0,2,0,0,0,0,0,0,0,0,0,0,0,0,0,0,0,0,0,0,0,0,0,0,2,0,0,2,2,0,0,2,0,0,0,0,0,0,0,0,2,0,2,0,0,0,0,2,0,2,NA,0,0,0,0,0,0,0,2,0,0,0,0,0,0,0,0,0,0,0,2,2,0,2,0,0,0,0,0,0,2,0,0,0,0,0,0,0,2,0,0,NA,0,0,2,0,0,0,0,0,0,0,0,0,2,2,0,0,2,0,2,2,2,0,0,2,0,0,2,2,0,0,0,0,0,2,0,0,0,0,0,0,0,NA,0,0,0,0,0,0,0,2,0,2,2,2,0,0,0,0,0,2,0,0,0,0,0,0,2,0,0,0,0,0,0,0,2,0,0,0,2,2,2,0,0,0,0,2,2,0,0,0,0,0,0,0,2,0,0,0,0,0,0,2,0,0,0,0,0,0,0,0,0,0,2,0,0,0,0,0,0,0,0,2,2,0,0,0,2,2,0,0,2,2,0,0,0,0,0,0,0,0,2,0,0,0,0,0,0,0,0,0,0,0,0,0,0,0,2,0,0,0,0,0,0,2,0,0,0,0,0,2,0,0,0,0,0,2,0,NA,0,2,0,0,0,0,0,0,NA,2,0,0,0,2,0,0,0,2,2,2,0,0,0,0,0,0,0,0,2,0,0,2,0,0,0,0,2,2,0,0,0,0,0,0,0,0,0,0,0,0,0,0,0,0,2,0,0,0,0,0,0,0,0,2,2,2,0,0,0,0,0,0,0,0,0,0,0,0,0,2,0,2,0,0,0,0,0,0,0,0,0,2,0,0,0,0,0,0,0,0,0,0,0,0,2,0,0,0,2,2,2,0,0,0,2,2,2,0,0,0,0,0,2,0,0,0,0,0,0,0,0,0,0,0,0,0,0,0,0,0,0,0,0,0,0,2,0,0,0,0,0,0,2,0,0,0,0,0,0,0,0,0,0,0,2,0,0,0,0,0,0,0,0,0,2,0,0,0,0,0,0,0,0,0,0,0,0,0,0,0,0,0,2,0,2,0,0,2,0,0,0,0,0,2,2,0,0,2,0,0,2,0,0,0,0,2,0,0,0,0,0,0,0,0,0,0,0,0,0,0,0,0,0,0,0,0,0,0,2,0,2,0,0,0,0,0,0,0,2,0,0,0,0,0,0,0,0,0,0,0,2,0,0,0,0,0,0,2,0,0,0,0,2,0,0,0,0,0,0,0,0,2,0,0,0,0,0,0,2,0,0,0,0,0,0,0,0,0,0,0,0,0,0,0,0,0,0,0,0,0,0,2,2,0,2,0,0,0,0,0,2,0,0,0,0,0,0,0,0,0,0,0,0,0,0,0,0,2,0,0,2,2,2,0,0,0,0,0,0,0,0,0,0,0,0,0,0,0,0,NA,0,0,0,2,0,0,0,0,0,0,2,2,0,0,2,0,2,0,2,0,2,0,0,2,0,0,0,0,0,0,2,0,0,0,0,0,0,0,0,2,0,2,0,2,0,0,0,0,0,2,2,2,0,2,0,0,0,0,0,0,2,0,2,2,0,0,0,0,0,0,0,0,0,0,0,0,0,0,0,0,2,2,0,0,0,0,0,0,0,0,0,0,0,0,0,2,2,0,0,0,0,0,2,0,0,0,0,0,0,0,0,0,0,0,0,0,0,0,0,2,0,2,0,0,0,2,0,0,0,0,0,NA,2,2,2,0,0,0,0,0,0,0,0,0,0,0,NA,0,2,0,0,0,0,0,2,2,0,0,2,2,0,2,0,2,0,0,0,2,0,2,0,0,0,0,0,0,0,0,0,0,0,2,0,2,2,2,2,0,2,0,0,0,0,2,0,0,0,0,0,0,0,0,0,2,0,0,0,0,0,0,0,0,2,2,0,0,0,0,0,0,0,0,0,0,0,0,0,0,0,0,2,0,0,0,0,0,0,0,2,0,2,2,0,2,0,2,0,0,2,2,0,0,0,2,2,0,2,0,0,NA,2,0,0,0,0,0,0,0,0,2,0,2,0,0,0,0,0,0,0,0,0,0,0,0,2,0,0,0,0,0,0,0,0,2,0,0,0,0,2,0,2,0,2,0,0,0,0,0,0,0,0,2,0,0,0,0,0,2,0,2,2,0,0,0,0,0,0,0,0,2,0,0,0,0,2,0,2,0,0,2,2,0,0,0,0,0,0,2,2,0,0,0,2,0,0,0,2,2,0,2,2,0,0,0,0,0,0,0,0,0,0,0,0,0,2,0,0,0,0,0,0,0,2,2,0,0,0,0,0,0,0,0,0,0,0,0,0,0,0,0,0,0,0,0,0,0,0,0,0,2,0,0,0,0,0,0,0,0,0,0,0,0,0,0,0,0,0,0,2,0,0,0,0,0,0,0,0,2,0,2,0,0,0,0,0,0,0,0,0,0,0,0,0,0,2,0,2,NA,0,0,2,0,0,0,0,2,0,0,0,2,2,0,2,2,0,0,0,2,0,0,0,0,0,2,0,0,0,0,2,0,0,0,2,0,0,0,0,0,2,0,0,0,0,0,2,0,2,2,0,0,0,2,0,0,0,2,0,0,2,0,0,2,2,0,0,0,0,2,0,0,0,0,0,0,0,0,0,0,0,0,0,0,0,0,0,2,0,0,NA,0,2,0,0,0,0,0,0,0,2,0,0,0,0,2,0,0,0,0,0,0,0,0,0,0,0,0,0,2,0,0,0,0,0,0,0,2,2,0,2,2,0,0,0,0,0,0,0,2,0,NA,0,2,0,2,0,0,0,2,0,0,0,0,0,2,0,2,0,0,0,0,2,0,2,0,0,0,2,2,0,0,0,0,2,0,0,0,0,2,2,0,0,0,0,0,0,0,2,2,0,2,0,0,0,0,0,0,2,0,0,0,2,0,0,2,0,0,0,0,0,0,0,2,0,0,0,0,0,0,0,0,2,0,0,0,0,0,0,0,0,0,2,0,0,0,0,0,0,0,0,2,0,0,0,2,0,2,0,0,0,0,0,0,0,2,0,2,2,0,0,0,0,0,0,0,2,0,0,0,0,NA,2,0,0,2,0,0,0,2,2,0,0,0,0,2,0,2,2,0,0,0,0,0,0,0,0,2,0,2,2,0,0,0,0,0,0,0,0,0,0,0,0,2,2,0,0,2,2,0,0,0,0,0,0,0,0,2,0,2,NA,0,0,0,0,0,0,0,2,2,2,0,0,0,0,0,2,0,2,0,0,0,0,0,0,0,0,0,0,0,0,0,0,0,0,2,0,0,2,0,0,0,0,0,2,0,0,0,2,2,0,0,0,2,0,0,0,0,0,0,0,0,0,0,0,2,2,2,0,0,0,0,0,2,0,0,0,0,0,0,0,0,0,0,2,2,0,2,0,2,0,0,0,2,0,0,2,0,0,0,0,0,2,0,0,0,0,2,0,0,0,0,2,2,0,0,0,0,0,0,2,2,0,2,0,0,0,0,0,0,0,2,0,2,0,0,0,2,0,0,0,0,0,0,0,0,2,2,2,0,0,0,0,0,0,0,0,0,0,0,0,0,0,0,0,2,0,0,2,0,0,0,0,0,0,0,0,2,0,0,0,0,0,0,0,0,0,0,0,0,0,0,0,0,2,0,0,0,0,0,0,2,0,0,0,0,0,0,0,0,2,2,0,0,0,2,0,2,0,0,0,0,0,0,0,0,0,0,2,0,0,0,0,0,2,0,0,0,2,0,0,0,0,0,0,0,0,0,0,0,0,0,2,0,0,0,0,0,0,0,0,0,0,0,0,0,0,0,0,0,2,0,0,0,0,0,0,2,0,0,NA,2,0,0,0,2,0,0,0,0,0,2,0,2,0,2,0,0,2,2,0,0,0,0,2,0,0,2,0,0,0,0,0,2,0,0,0,0,0,0,0,0,0,0,0,0,0,0,0,0,0,0,2,0,0,0,0,0,2,0,0,0,0,0,0,0,NA,0,0,2,0,0,0,2,0,0,0,0,0,2,0,0,0,0,0,2,0,0,0,0,0,0,0,2,0,2,0,0,0,2,0,0,0,0,0,0,0,0,0,0,2,0,0,0,2,0,0,2,0,0,0,2,0,0,NA,0,0,0,0,0,0,0,0,2,0,0,0,2,0,0,2,0,0,0,0,0,0,0,0,0,0,0,2,0,0,2,0,0,0,0,2,0,2,2,0,0,0,2,0,0,0,0,0,2,0,0,0,2,2,2,0,0,0,0,2,0,2,0,0,0,2,2,0,0,0,0,0,0,0,0,0,0,2,0,0,0,2,0,0,0,0,0,0,2,2,0,0,2,2,2,0,2,2,0,0,0,0,0,2,0,0,2,2,2,NA,0,0,0,0,0,0,2,2,0,0,2,0,0,0,0,0,0,0,2,0,0,2,0,0,0,2,0,2,2,0,0,0,0,0,0,0,0,0,0,2,0,0,2,0,0,0,0,2,2,2,0,0,0,0,0,0,0,0,2,0,0,2,0,0,0,0,0,2,0,2,0,2,0,0,0,2,2,0,0,0,0,0,0,0,0,2,0,0,0,0,0,2,2,0,2,0,2,0,0,0,2,0,0,0,0,0,0,0,0,0,0,0,0,0,0,0,0,0,0,0,0,2,0,0,2,0,0,2,0,0,0,2,0,0,0,2,0,0,0,0,2,0,0,0,0,0,0,0,0,0,0,0,0,0,0,0,0,0,2,0,0,0,0,0,0,0,0,0,0,2,0,2,0,0,0,0,0,0,0,0,0,0,0,0,0,0,0,0,0,0,0,0,0,2,0,0,0,2,0,2,0,0,0,0,0,2,0,0,0,0,0,0,0,0,0,0,0,0,0,0,0,0,0,0,0,0,0,0,0,0,2,0,0,0,0,0,2,2,0,2,0,0,0,0,0,2,0,0,0,0,0,0,0,2,2,0,0,0,0,0,0,0,0,0,0,0,2,0,0,0,0,2,2,2,0,0,0,0,0,0,0,0,0,0,0,0,0,2,0,0,0,2,2,0,0,0,0,0,0,2,2,2,2,0,0,2,2,0,0,0,0,2,0,0,0,0,0,0,0,2,2,0,0,0,0,0,0,0,0,0,0,0,0,0,0,2,0,0,0,0,0,2,2,2,2,0,0,2,0,0,0,0,0,0,2,2,0,2,0,0,0,0,0,0,0,0,0,0,2,2,0,0,0,0,0,0,0,0,0,2,0,0,0,0,0,0,2,2,0,0,2,2,0,0,0,0,0,0,2,0,0,0,0,2,2,0,0,0,2,0,0,0,0,2,0,0,0,2,0,0,0,0,2,0,0,0,0,0,0,0,0,0,0,0,2,0,0,0,0,0,0,0,0,0,2,0,0,2,0,0,0,NA,0,0,0,0,0,0,0,0,0,0,0,0,2,0,0,0,0,2,0,2,0,2,2,0,0,0,0,0,0,0,0,0,0,0,0,0,0,0,2,0,0,0,0,0,0,0,0,0,0,2,0,0,0,0,0,0,0,2,0,0,0,2,0,0,2,0,0,2,0,0,0,2,0,2,2,0,0,2,0,0,2,0,0,0,2,0,0,0,2,2,0,2,0,0,0,2,0,0,2,0,0,0,2,0,2,2,0,0,2,0,0,0,0,0,2,0,2,0,0,0,0,0,0,0,0,0,2,0,0,0,0,0,0,0,0,2,0,0,0,0,0,2,2
"CC119",2,0,0,0,0,0,0,0,0,2,0,0,0,0,0,0,0,0,2,0,0,0,0,0,0,0,0,0,0,2,0,0,0,0,0,0,2,2,0,0,0,2,0,0,0,0,0,0,0,2,2,0,0,0,0,0,0,0,0,2,0,0,0,0,2,0,0,0,0,0,0,0,0,0,0,0,0,0,0,0,0,0,0,0,0,0,0,2,2,0,0,0,0,0,0,0,0,2,0,0,0,0,0,0,0,0,0,0,0,0,0,0,0,0,0,0,0,0,0,2,0,0,0,0,0,0,2,0,2,0,0,0,0,0,0,0,0,0,0,2,0,0,0,0,0,0,2,0,0,0,0,0,0,0,0,2,0,0,0,2,0,0,2,0,2,2,2,0,0,0,0,NA,0,0,0,0,0,0,0,2,0,0,0,2,0,0,0,0,0,0,2,2,0,0,0,0,0,2,0,0,0,0,0,0,0,0,0,0,0,0,0,2,0,0,0,0,2,0,2,0,0,2,0,2,0,2,0,2,0,2,0,0,0,2,2,0,0,2,0,0,2,0,0,0,2,0,0,0,0,0,2,2,0,0,0,0,0,0,0,0,2,0,0,0,2,0,0,0,0,2,0,0,0,0,0,0,0,0,2,0,0,0,0,2,0,0,0,0,0,0,0,0,0,0,0,2,0,0,2,2,0,0,0,0,2,0,2,0,2,0,0,2,0,0,2,0,0,0,0,0,0,0,0,0,2,2,2,2,2,0,0,0,0,0,0,0,0,0,2,0,0,0,0,0,0,0,0,0,0,0,0,0,0,0,0,0,0,0,0,0,0,0,0,0,0,0,0,0,0,0,2,0,2,0,2,0,0,0,0,2,2,0,2,0,2,0,2,2,2,0,0,0,2,0,0,0,NA,0,0,0,2,0,2,0,0,0,0,0,0,2,0,0,0,0,0,0,0,0,0,0,0,0,2,0,2,0,0,2,0,0,0,0,2,0,0,0,0,0,0,0,0,0,0,2,0,0,0,0,0,0,0,0,0,0,2,0,0,2,0,2,2,0,0,0,0,0,0,0,0,0,2,0,0,2,0,0,0,0,2,0,0,0,0,0,2,2,0,2,2,0,0,0,0,0,0,0,0,0,2,2,0,0,0,0,0,0,0,0,0,2,0,2,0,0,0,0,0,0,0,2,0,0,2,0,0,0,0,0,0,0,0,0,0,0,0,0,0,0,0,2,2,0,0,2,0,0,0,0,0,0,0,0,0,0,0,0,2,0,0,0,0,0,0,0,0,0,2,0,0,0,0,0,2,0,0,0,2,0,2,0,2,2,0,0,0,0,0,0,0,0,0,0,0,0,2,0,2,0,2,0,0,0,2,0,0,0,0,0,2,0,0,0,0,0,0,0,2,0,0,0,0,0,0,0,0,2,0,0,0,2,0,2,2,0,0,0,0,2,2,2,0,2,0,0,0,0,0,0,0,0,0,0,0,0,2,0,2,2,0,2,0,0,0,0,0,0,0,0,2,2,0,0,0,2,0,0,0,0,0,0,0,0,2,0,0,0,2,0,0,0,0,0,0,0,0,0,2,0,0,0,0,0,0,0,0,0,0,0,0,0,0,0,0,0,0,0,0,2,2,0,0,0,0,0,0,0,0,0,0,0,2,2,0,0,0,0,0,0,0,0,0,0,0,0,0,0,0,0,2,0,0,0,0,0,0,0,2,0,0,0,2,0,2,0,0,0,0,0,0,0,0,0,0,0,0,0,2,0,0,0,0,0,0,0,0,0,0,0,0,0,2,0,0,0,0,0,0,0,0,0,0,0,0,2,0,2,0,0,2,0,0,0,0,0,0,0,0,0,2,0,0,0,0,0,0,2,0,0,0,0,0,0,0,0,0,0,2,0,0,0,0,2,0,2,0,0,NA,2,0,2,0,0,2,2,2,0,0,2,0,2,0,0,0,0,0,0,0,2,0,0,0,0,0,2,0,2,0,0,0,0,2,0,0,0,0,2,0,0,0,0,0,2,2,0,0,0,0,0,0,0,0,0,0,0,0,0,0,0,0,0,0,2,0,0,2,2,0,0,0,0,0,0,0,0,0,2,2,0,0,0,0,0,0,0,0,2,0,0,2,0,0,0,0,0,0,0,0,0,0,0,2,0,0,0,0,0,2,0,0,0,0,0,0,0,0,0,0,0,2,0,0,0,2,0,0,0,0,0,2,2,0,0,0,0,2,2,0,0,0,2,0,0,0,0,0,0,2,0,0,0,0,0,0,0,0,0,0,0,0,0,0,0,0,0,0,0,0,2,0,0,0,0,0,0,2,0,2,0,0,0,0,0,0,0,0,0,0,0,0,2,0,0,2,0,0,0,0,0,0,0,2,0,0,2,2,2,0,0,2,2,0,0,2,2,0,0,2,2,0,0,2,2,0,0,2,0,0,0,2,NA,2,0,0,0,0,0,2,0,2,2,0,2,0,0,0,2,0,0,2,2,2,0,2,0,0,0,0,2,2,0,2,0,0,0,0,0,2,2,0,2,0,0,0,0,2,0,0,0,0,0,0,0,0,0,0,0,0,0,0,0,0,2,0,NA,2,0,0,2,2,2,0,0,0,0,2,0,0,2,2,0,0,0,0,0,0,0,0,0,0,0,0,0,0,0,0,0,0,0,0,0,0,0,0,0,0,0,0,0,2,0,0,2,0,0,0,0,0,2,2,0,0,0,0,2,2,2,0,0,0,0,0,2,0,0,2,0,0,0,0,0,0,0,0,0,2,0,0,2,0,2,0,2,0,0,0,0,2,0,0,0,0,0,0,0,2,0,0,0,2,0,0,0,0,0,0,0,0,0,0,0,0,0,0,0,2,0,0,0,0,0,2,0,0,0,0,0,0,0,2,2,0,2,2,0,2,0,0,0,0,0,0,0,2,0,0,0,2,0,0,0,0,0,0,0,2,0,0,0,0,0,0,0,0,0,0,0,0,0,0,0,0,0,0,0,0,0,2,0,0,2,0,0,0,0,2,0,0,0,0,0,2,0,NA,0,0,0,0,0,0,0,2,2,0,0,2,0,0,0,0,0,2,2,2,2,0,2,0,0,0,2,2,0,0,0,0,0,2,0,2,0,0,0,0,2,0,0,0,0,0,0,0,0,0,0,0,0,0,0,0,0,0,2,0,0,2,2,0,0,0,0,0,0,0,0,2,0,0,0,0,0,2,0,0,0,0,0,2,0,0,2,0,0,0,2,0,2,2,0,2,0,0,0,2,2,0,0,0,0,0,0,0,0,0,0,0,NA,0,0,0,2,0,0,0,0,0,0,0,2,0,0,0,0,0,0,0,2,0,0,0,0,0,0,0,0,2,2,0,0,0,0,0,0,2,0,2,0,0,0,2,0,0,2,0,0,0,0,0,0,0,0,0,0,0,0,0,0,2,0,2,2,2,0,0,0,2,0,0,0,0,2,0,0,0,0,0,0,0,0,2,0,0,0,0,2,0,0,0,0,0,2,0,0,0,0,0,0,0,0,0,0,0,0,0,0,0,0,2,0,0,0,0,0,0,2,0,0,0,0,0,0,0,2,2,0,0,2,0,0,0,2,0,0,0,0,0,2,2,0,0,0,0,0,0,0,2,0,2,0,0,0,0,0,0,2,0,0,0,0,0,2,0,2,0,NA,2,2,0,0,0,0,2,2,0,0,0,2,2,0,2,0,0,2,0,0,0,2,2,0,0,0,0,2,0,0,0,2,0,0,0,0,0,0,0,0,0,2,2,0,0,0,2,0,0,2,0,2,2,0,0,0,0,0,0,2,0,2,0,2,0,0,2,0,NA,0,0,2,0,0,0,0,0,0,0,0,0,0,0,0,2,0,0,0,0,2,2,0,0,0,2,0,0,2,2,0,2,0,0,0,2,2,0,0,2,0,0,2,0,0,0,0,0,0,2,0,0,0,0,0,0,2,2,2,0,0,0,0,2,2,0,0,0,0,0,2,0,0,2,0,0,0,0,0,0,0,0,0,0,0,0,0,0,0,2,0,0,0,0,0,0,2,0,0,0,2,2,0,0,2,2,0,0,0,0,0,0,0,0,0,2,0,0,0,0,2,0,2,0,0,2,2,0,0,0,0,0,0,0,0,0,0,0,2,0,0,0,0,0,0,0,0,0,0,2,0,0,0,2,0,0,0,0,0,2,0,0,2,0,2,2,0,2,0,0,0,0,0,0,0,0,0,0,0,0,0,0,0,2,0,0,2,2,2,0,0,0,0,0,0,0,0,0,0,0,0,0,0,0,0,0,0,2,0,2,0,0,0,0,0,2,2,0,0,0,0,0,2,0,0,0,2,2,0,0,0,0,0,2,0,0,0,0,2,2,0,2,0,0,0,0,0,0,0,0,0,2,0,0,2,0,0,0,0,0,0,2,0,0,0,0,0,0,0,0,0,0,0,0,0,0,0,2,0,0,0,0,2,0,0,0,2,0,0,0,0,2,2,0,0,0,0,2,0,2,0,0,0,0,0,0,0,0,0,2,0,0,0,0,0,0,0,0,0,0,0,2,0,0,0,2,2,0,0,0,0,0,0,0,0,0,0,0,0,0,0,0,0,0,0,0,0,0,0,0,0,0,0,2,0,0,0,0,0,0,0,0,0,0,0,0,0,0,0,0,0,0,0,2,0,0,0,2,0,0,2,0,0,2,0,0,0,0,0,0,0,0,0,0,2,0,0,2,0,2,2,0,0,0,0,0,0,0,NA,0,2,2,0,2,0,2,0,0,0,0,0,0,0,0,0,0,0,2,0,0,0,0,2,0,2,0,0,0,0,0,0,2,0,2,0,2,0,2,2,0,2,2,2,0,0,0,0,0,0,0,0,0,0,0,0,0,0,2,2,2,2,0,0,0,0,0,0,0,0,0,2,0,2,0,0,0,2,0,2,0,0,0,0,0,2,0,0,0,2,0,2,2,0,0,2,0,0,2,0,0,0,0,0,0,0,2,2,0,0,0,0,0,0,0,0,0,0,0,0,2,2,0,0,2,0,0,0,0,2,2,0,0,2,0,0,0,0,0,0,0,0,0,2,0,0,0,0,0,0,0,0,2,0,0,0,0,0,0,0,0,0,0,0,2,0,0,0,0,0,0,0,0,0,0,0,0,2,0,0,0,0,0,0,0,0,2,0,0,0,0,2,0,0,2,0,0,0,0,0,2,0,2,0,0,0,0,2,2,0,0,0,2,0,0,0,0,0,0,0,0,0,0,0,0,0,0,0,0,0,0,0,2,0,0,0,0,0,0,0,2,0,0,0,0,0,0,2,0,0,0,0,0,2,2,0,0,0,2,0,0,0,2,2,0,0,2,2,0,0,0,2,0,0,0,0,0,2,2,0,2,0,2,0,0,0,0,0,0,2,0,0,0,2,2,0,0,0,0,0,0,2,2,2,0,0,0,0,0,0,0,0,2,0,0,2,0,2,2,0,0,0,0,2,0,0,0,0,0,0,0,0,0,0,0,0,0,0,2,0,0,0,0,2,0,0,0,0,0,0,0,0,0,0,0,0,2,0,0,0,0,0,0,0,0,0,0,0,2,0,0,0,0,0,0,0,0,0,0,0,0,0,0,0,0,0,0,0,0,0,0,0,0,0,0,0,0,2,2,2,0,0,0,0,0,0,0,0,0,0,0,0,0,0,0,0,0,0,2,2,0,0,0,0,0,0,0,0,0,2,0,0,0,2,0,0,0,0,0,2,0,0,0,2,0,2,0,0,0,0,0,2,0,0,0,0,0,2,0,0,NA,0,2,0,0,0,2,2,0,0,0,0,0,0,2,0,0,0,0,0,0,0,2,0,0,0,2,0,0,0,0,2,0,0,0,0,0,0,2,0,0,2,2,0,2,2,0,0,0,0,0,0,0,2,0,0,0,0,0,0,0,0,0,0,0,0,0,2,0,0,0,0,0,0,0,2,0,2,2,0,0,0,0,2,0,2,0,0,0,2,0,2,0,2,0,2,0,0,0,0,0,0,0,0,0,0,0,0,2,0,0,0,0,0,0,2,0,2,0,0,2,0,0,0,0,0,0,0,2,2,0,0,0,0,0,0,0,0,2,0,0,2,0,0,0,0,2,2,2,0,2,0,0,0,0,0,0,0,0,2,2,0,0,2,0,0,2,0,0,0,0,0,0,0,2,2,0,2,2,0,0,0,0,2,2,0,0,2,2,2,0,2,0,0,2,0,0,0,2,0,0,0,0,0,2,0,0,0,0,0,0,0,0,2,2,0,0,0,0,0,0,0,0,0,2,0,0,0,2,0,0,2,2,0,0,0,2,2,2,2,0,0,0,0,0,2,2,2,0,0,0,2,0,0,0,0,0,0,0,2,2,2,0,0,0,0,0,2,0,0,0,0,0,0,0,0,0,0,0,0,0,0,0,0,0,0,0,2,2,0,2,0,0,2,0,0,0,2,2,2,2,2,0,0,0,NA,0,0,0,0,0,2,0,2,0,2,0,0,2,0,0,0,0,2,2,0,0,0,0,0,0,0,0,0,0,0,0,2,0,0,0,2,0,0,0,0,0,0,0,0,0,0,0,0,2,0,0,0,0,0,0,0,0,0,0,2,0,0,0,0,0,0,0,0,0,0,0,0,0,0,0,0,2,2,0,2,0,0,0,0,0,0,0,2,2,0,0,2,0,2,0,2,2,2,2,0,0,0,0,2,2,0,0,0,0,0,0,0,0,2,2,2,0,0,0,2,0,0,0,0,0,0,0,0,0,0,2,0,2,0,0,0,0,0,0,0,0,0,0,0,0,0,0,0,0,0,0,0,0,0,0,2,0,2,2,2,0,2,2,0,0,2,0,2,0,2,2,2,2,2,0,2,0,0,0,2,0,0,0,0,2,2,0,2,0,2,0,0,0,2,2,0,2,0,0,0,0,2,0,0,0,0,0,0,2,0,0,NA,2,NA,2,2,2,0,0,0,0,0,0,0,0,0,0,0,0,0,0,0,0,0,2,0,0,0,0,0,0,0,0,2,0,0,0,0,0,0,0,0,0,0,0,0,0,0,0,0,0,0,0,0,0,0,0,0,0,0,2,0,2,2,0,2,2,0,0,0,0,0,2,0,0,0,0,0,0,0,0,0,0,0,0,2,0,0,0,0,2,0,NA,2,0,0,0,0,2,2,0,0,2,2,0,0,0,2,0,0,0,0,0,0,2,0,0,0,0,2,0,0,0,0,0,0,0,2,0,0,0,0,0,0,2,0,0,0,0,0,2,0,0,2,0,0,0,2,0,0,0,0,0,0,0,0,0,0,0,0,0,0,0,0,0,0,0,0,0,0,2,2,2,0,0,0,2,0,2,0,0,0,0,0,0,0,0,0,0,0,0,0,2,0,0,0,0,0,0,0,0,2,0,0,2,0,0,0,0,0,2,0,0,2,0,0,0,2,0,0,0,0,0,0,2,0,0,0,NA,0,0,0,2,0,2,0,0,0,0,0,2,0,0,0,2,0,0,2,0,2,2,0,0,2,0,0,0,0,0,0,0,0,0,0,0,0,0,0,0,0,0,0,2,2,0,0,0,0,0,0,2,0,0,0,0,0,0,0,0,0,2,2,0,0,0,0,0,2,2,2,2,0,0,2,0,0,0,0,2,0,0,0,0,0,2,2,0,0,0,2,0,0,2,0,0,0,0,0,2,0,0,2,0,0,0,2,0,2,0,0,0,0,0,0,0,0,0,0,0,0,0,0,0,2,0,0,0,2,0,0,0,0,0,2,2,0,2,2,2,0,2,0,0,0,2,0,0,0,0,2,2,2,0,2,2,2,0,0,0,0,2,0,0,0,0,0,0,0,0,0,0,0,0,0,0,0,0,0,0,0,0,0,0,0,0,0,0,0,0,0,0,0,0,0,0,0,0,2,2,2,0,0,0,2,0,0,0,0,0,0,0,0,0,0,0,0,0,0,0,0,0,0,2,0,0,0,2,0,0,2,0,0,2,0,0,0,0,0,2,0,2,2,0,0,2,0,0,0,0,0,0,0,0,0,0,0,0,2,0,0,0,0,0,0,0,0,2,0,2,0,0,0,2,0,2,0,0,0,0,0,0,0,0,0,0,0,0,2,0,2,0,0,0,2,0,0,0,2,0,0,2,0,0,0,2,0,2,0,2,0,2,0,2,0,0,0,0,0,2,0,0,0,0,2,0,2,0,0,0,0,0,0,0,0,2,0,0,0,2,0,0,0,0,0,0,2,2,0,2,2,0,0,0,2,0,0,0,0,0,0,0,0,0,0,0,0,2,0,2,0,2,0,2,0,0,0,0,0,0,2,2,0,2,0,0,0,2,0,0,0,0,0,0,0,0,0,0,2,2,0,0,0,0,2,0,0,0,0,0,0,0,0,0,0,0,0,0,0,2,0,0,2,0,0,2,0,0,0,0,0,0,0,0,0,0,0,0,2,0,0,0,0,0,0,0,0,0,0,2,0,0,0,2,0,0,0,0,0,0,0,2,2,0,2,0,0,0,0,0,0,0,2,0,0,2,0,2,0,2,0,0,0,0,0,2,0,0,0,2,0,0,0,0,0,0,0,0,0,0,0,2,0,0,2,0,0,0,0,2,0,0,0,0,0,0,0,2,2,0,0,0,0,0,2,0,0,0,2,0,0,2,2,0,0,2,0,0,2,0,0,0,0,0,0,0,0,0,2,0,0,0,0,0,0,0,0,0,0,0,0,0,0,0,0,0,0,0,0,2,0,0,2,0,0,2,0,0,2,0,0,0,2,0,0,2,0,2,0,2,0,0,0,0,0,0,0,0,0,0,0,0,2,0,0,0,2,0,0,0,0,2,0,0,2,0,0,0,0,0,0,0,0,0,0,0,0,2,2,0,0,0,0,0,0,0,2,0,0,0,0,0,0,0,0,0,0,0,0,0,0,0,0,2,0,0,0,0,0,0,0,2,0,0,0,0,0,0,0,0,2,0,2,0,2,NA,2,0,0,2,0,2,2,0,2,0,0,0,0,0,0,0,0,2,0,0,0,0,0,0,0,0,0,0,0,0,0,0,2,0,0,0,0,0,0,2,0,0,0,0,0,0,0,2,0,0,0,0,0,0,0,0,0,2,0,2,0,0,2,0,0,0,0,0,2,0,0,0,0,0,0,0,0,0,0,2,0,0,0,0,2,0,0,0,0,0,0,0,0,0,0,0,0,0,0,0,0,0,0,0,0,0,0,2,0,0,0,0,0,0,0,0,2,0,0,0,0,2,0,0,2,0,2,0,0,0,0,0,0,0,0,2,0,2,2,2,2,2,2,0,0,0,2,0,0,2,0,0,2,0,0,0,0,0,2,0,0,0,0,2,0,0,0,2,2,0,0,0,0,0,0,0,0,0,0,0,0,0,0,0,0,0,2,2,2,0,0,2,0,0,0,0,0,0,0,0,0,0,0,2,0,0,0,0,0,0,2,0,NA,0,2,0,2,0,0,2,2,0,2,2,0,0,0,0,0,0,0,0,0,2,0,2,0,2,0,2,0,0,0,0,2,2,0,2,2,0,0,0,0,0,2,2,2,0,0,0,0,0,0,0,0,0,0,2,0,0,2,0,2,0,0,0,0,0,0,0,2,0,0,0,0,0,2,0,0,0,0,0,0,0,0,0,0,0,0,0,0,0,0,2,2,0,0,0,0,0,0,0,0,0,0,2,0,0,0,0,0,2,0,0,0,0,0,0,0,0,0,2,0,2,0,0,2,0,2,0,0,0,0,0,0,2,2,0,2,0,2,0,2,0,0,0,0,2,0,0,2,0,0,0,0,2,0,2,0,0,0,0,2,0,0,0,0,0,0,2,0,0,0,0,0,0,0,0,0,0,0,0,0,0,0,0,0,0,0,0,0,0,2,0,0,0,0,0,2,0,0,0,2,0,0,0,2,0,0,0,0,2,2,2,2,0,0,0,0,0,0,0,0,0,2,0,0,0,2,0,2,2,0,0,0,0,2,2,2,2,0,0,2,2,0,0,0,2,0,0,0,0,0,0,2,2,2,0,2,2,0,0,0,2,2,0,0,0,0,0,0,0,0,2,0,0,2,0,0,0,2,0,0,0,2,0,2,0,0,0,0,0,0,2,0,0,2,0,0,0,2,0,0,0,0,0,2,2,2,0,2,2,0,0,0,0,0,0,0,0,0,0,0,0,0,0,0,0,0,0,0,0,0,0,0,0,0,0,0,2,0,0,0,0,0,0,0,0,0,0,0,0,0,0,0,0,0,2,0,2,2,0,0,0,2,0,0,0,0,0,0,0,0,0,0,0,0,0,0,0,0,0,0,0,2,0,0,0,0,0,0,0,0,0,0,2,0,0,2,2,0,0,0,0,0,0,2,0,0,0,2,0,2,0,0,0,0,0,0,0,2,0,2,0,2,0,2,2,0,0,0,0,0,0,2,0,0,2,0,2,2,0,0,0,2,2,0,0,0,0,0,0,0,0,0,0,0,0,0,0,0,0,2,0,0,0,0,0,0,0,0,0,0,0,0,0,0,2,0,0,0,0,0,0,2,0,0,0,2,0,2,2,0,2,2,0,0,0,2,2,0,0,0,2,0,0,0,2,0,0,0,0,0,0,2,0,2,0,0,0,0,2,0,0,2,0,0,2,2,2,2,0,0,0,0,0,0,0,2,2,0,0,0,0,0,0,0,0,0,0,0,0,0,0,0,0,0,0,2,0,2,0,0,2,0,0,0,0,0,0,0,0,0,2,2,2,0,0,2,0,0,0,2,0,2,0,0,0,0,0,0,0,0,0,0,0,2,0,0,0,0,0,0,0,0,0,0,0,0,0,0,0,2,2,0,0,0,NA,0,0,0,0,0,2,0,0,0,0,0,0,0,0,0,0,0,0,0,0,0,0,0,0,2,0,0,2,2,0,0,0,0,0,2,0,0,0,0,0,0,0,0,0,0,0,0,0,0,0,0,2,0,0,2,0,0,0,0,0,2,2,0,0,0,0,0,2,0,0,0,2,0,0,2,2,2,2,0,2,2,2,0,0,0,0,0,0,0,2,2,2,0,0,2,2,0,0,0,NA,0,0,2,0,2,0,2,0,2,2,0,0,0,0,0,0,0,0,2,0,0,0,0,0,0,0,0,0,0,0,0,0,0,2,0,0,0,0,2,0,0,0,0,0,0,2,0,0,0,2,0,0,0,2,2,2,0,0,0,2,0,0,2,0,0,0,0,0,0,0,0,0,0,0,0,0,0,0,0,0,0,0,0,0,0,0,2,2,0,0,0,0,0,0,0,0,0,0,0,0,0,0,0,0,0,0,0,0,0,0,0,0,0,0,0,0,0,0,0,0,2,0,0,0,0,0,0,0,2,0,0,0,0,0,0,0,0,0,2,2,2,0,0,2,0,0,0,NA,0,0,0,0,0,0,2,2,0,2,0,0,0,2,0,0,2,0,0,0,0,0,0,0,2,0,0,0,0,0,0,0,2,0,0,0,0,0,2,0,0,0,0,0,0,2,2,0,0,0,0,0,0,0,0,0,0,0,0,0,2,2,0,2,0,0,0,0,0,0,0,0,0,0,0,0,2,0,2,0,0,2,0,0,0,0,0,0,0,0,0,2,0,0,0,NA,0,0,0,0,0,0,0,0,0,0,0,0,0,0,0,0,2,0,0,0,0,2,NA,0,2,2,0,0,2,0,0,0,0,0,0,0,2,0,0,0
"CC12",0,0,2,0,0,0,0,0,0,0,0,0,0,0,2,0,2,2,2,0,2,2,0,0,0,2,0,0,0,0,0,0,2,0,2,0,2,0,0,2,2,2,0,0,0,0,0,2,0,0,2,0,0,0,0,0,2,0,0,0,0,0,2,0,2,0,0,0,0,0,0,0,0,2,0,0,0,0,0,2,0,0,0,0,0,0,0,0,0,0,0,2,0,0,2,0,0,0,0,0,0,0,0,2,2,0,0,0,0,0,0,2,0,0,0,0,0,0,0,2,0,0,0,0,0,0,0,0,0,0,2,0,0,2,0,0,0,0,0,0,0,0,2,0,0,0,0,0,0,0,0,0,0,0,0,0,0,0,0,2,0,0,0,0,0,2,0,0,2,0,0,0,2,2,0,0,0,0,0,2,0,2,0,0,2,0,0,0,0,0,2,0,2,0,0,0,0,NA,0,0,0,0,0,0,0,0,0,0,2,0,2,0,0,0,0,0,0,0,2,2,2,0,2,0,0,NA,2,2,0,2,0,0,0,2,0,0,2,0,0,0,0,0,0,0,0,2,0,0,0,0,0,0,0,0,0,0,2,0,0,0,2,0,0,0,0,2,0,0,0,0,2,2,2,2,0,0,0,0,0,2,2,0,0,0,0,0,0,2,0,0,0,2,2,0,0,2,0,0,2,2,0,0,0,2,2,0,2,0,2,0,0,0,0,0,0,0,0,2,0,0,0,0,2,0,2,0,0,0,2,0,0,0,2,0,0,2,0,0,0,0,0,0,0,0,0,0,0,0,0,0,0,0,2,0,0,0,0,2,0,0,0,0,0,0,0,0,0,0,2,0,0,0,0,0,0,0,0,0,0,0,0,0,2,0,0,0,2,0,2,0,0,0,0,0,0,0,0,0,0,0,0,2,NA,2,0,2,0,0,0,2,0,0,0,0,0,0,0,0,2,0,0,NA,2,0,0,0,0,2,NA,0,0,0,0,0,0,0,0,0,0,0,0,0,0,0,2,2,2,0,0,0,0,0,0,0,2,2,0,2,0,0,0,0,2,0,0,0,0,0,2,0,0,0,0,0,0,0,NA,2,2,0,2,0,0,2,0,2,0,0,0,2,0,0,0,2,2,0,0,0,0,0,0,0,0,0,0,0,0,0,0,0,0,0,0,0,0,2,0,0,0,2,0,0,2,0,0,0,0,2,0,0,2,0,0,0,0,2,0,2,2,0,0,0,0,0,0,0,2,2,0,2,2,0,0,2,2,0,0,2,2,2,0,2,0,0,2,0,0,2,0,2,0,2,0,0,0,2,2,2,2,2,2,2,0,2,2,0,2,0,0,0,0,0,0,0,0,0,0,0,2,2,0,2,2,2,0,0,2,2,0,0,2,0,0,0,2,0,2,0,0,0,2,0,0,0,0,2,2,0,0,0,0,0,0,0,2,0,0,0,0,2,0,0,0,0,0,0,0,2,0,0,0,0,0,0,0,0,2,0,0,0,NA,0,0,0,NA,0,0,0,0,0,2,0,0,0,0,2,NA,0,0,0,2,2,2,2,2,2,0,0,2,2,2,0,0,0,0,2,0,2,NA,2,0,0,0,0,0,0,0,0,2,0,0,0,2,0,0,NA,0,0,0,0,0,0,0,2,0,0,0,0,0,0,0,0,0,2,0,0,0,0,2,0,0,0,0,0,0,0,2,2,0,2,0,0,2,2,2,0,0,0,0,0,0,0,0,0,2,2,2,0,2,0,0,0,2,0,0,0,0,2,0,2,0,0,0,2,2,0,0,2,2,0,2,0,0,0,0,2,0,2,0,0,0,2,0,0,0,0,0,2,0,0,0,0,0,2,0,0,0,0,0,0,0,2,0,2,0,0,2,0,0,2,2,0,0,0,0,0,2,0,0,2,0,2,2,0,0,0,0,0,0,2,2,2,2,0,2,0,0,2,0,0,0,0,0,0,0,0,0,0,0,0,0,0,0,0,2,2,0,0,0,2,0,0,0,0,0,0,0,0,0,0,0,0,0,0,0,2,2,0,0,0,0,0,2,0,0,0,0,2,0,0,0,0,0,0,0,2,0,0,0,0,2,2,2,2,0,0,0,0,0,0,2,2,0,0,2,0,2,0,0,0,2,0,0,2,2,0,0,0,2,0,0,2,2,0,0,0,0,2,0,2,0,0,0,0,0,0,0,0,0,0,NA,0,0,0,0,0,0,0,2,2,0,0,0,0,0,2,2,0,0,0,0,2,2,0,0,0,0,0,0,0,0,0,0,0,0,0,0,2,0,0,0,0,0,0,0,0,0,0,2,0,2,0,2,0,2,0,0,0,0,2,2,0,0,0,0,0,2,2,0,0,0,0,2,0,0,0,0,0,0,0,0,0,0,0,2,0,2,0,0,2,0,0,2,2,0,2,0,0,0,0,0,2,2,2,NA,0,0,NA,0,0,0,0,0,2,0,2,0,0,0,0,0,2,0,2,0,0,0,0,2,2,0,0,2,0,0,0,0,0,0,0,0,0,0,0,0,0,0,2,0,0,0,0,2,0,0,0,2,2,0,0,0,NA,2,2,0,0,0,2,2,2,2,0,0,0,0,2,0,2,0,0,0,0,0,0,2,2,0,0,0,0,NA,0,0,0,0,2,0,2,0,2,0,2,0,0,0,2,0,0,2,2,2,0,0,0,0,0,0,0,2,0,0,2,0,0,0,2,0,2,2,0,2,2,0,2,0,0,0,2,0,2,2,0,0,0,0,0,2,0,2,0,0,2,2,0,0,0,0,0,0,2,NA,2,2,2,2,0,2,0,0,0,0,0,0,0,0,0,0,0,2,0,2,0,0,0,0,2,2,0,0,0,0,0,0,0,NA,0,0,2,0,0,0,2,0,2,2,0,0,2,2,2,2,2,0,0,2,0,2,0,0,2,0,0,0,2,2,0,0,0,0,0,2,0,0,0,0,0,2,0,2,NA,0,2,0,0,0,0,0,0,2,0,0,0,0,0,2,0,0,0,2,0,0,2,0,0,0,2,2,0,0,0,0,0,2,2,0,0,0,0,0,0,0,0,0,2,0,0,0,0,0,0,0,0,0,2,0,0,0,0,0,0,0,0,0,0,2,0,0,0,0,0,0,0,0,0,2,0,0,0,0,2,0,2,0,0,0,0,0,2,2,0,0,0,0,0,0,2,0,0,0,2,0,0,0,0,0,0,0,0,0,0,0,0,0,0,0,0,0,0,0,0,2,0,0,2,0,0,2,0,2,0,0,0,0,2,2,0,0,0,0,0,0,0,0,0,0,2,0,0,0,2,2,0,0,0,0,0,0,2,0,0,0,2,0,0,2,0,0,2,0,2,0,0,0,0,2,2,0,2,0,2,2,0,2,0,2,0,0,0,2,0,2,0,0,0,2,0,0,0,0,0,0,0,2,0,0,2,2,2,0,2,0,0,0,2,0,NA,0,0,0,0,0,2,0,0,0,0,2,0,0,2,0,0,0,0,0,2,0,0,0,0,2,0,2,0,0,0,0,2,0,2,0,0,0,0,0,2,2,2,0,0,0,2,2,0,0,0,0,0,0,0,0,0,0,2,0,0,0,0,0,2,0,0,0,0,0,0,0,0,0,0,0,2,0,0,2,0,0,0,0,2,0,0,0,0,0,0,0,0,0,2,0,0,0,0,2,2,2,0,0,0,2,0,0,0,0,2,2,0,0,0,0,0,0,0,0,0,0,0,0,0,0,2,2,0,0,0,0,2,0,0,0,0,0,2,2,0,2,0,0,0,0,0,0,0,0,0,0,0,0,0,2,0,0,0,0,0,0,0,2,0,0,0,NA,2,0,2,2,0,0,0,0,0,0,0,0,0,0,0,0,0,0,0,0,0,0,0,0,0,0,0,0,0,0,0,0,0,0,0,2,0,2,2,2,2,0,2,0,0,0,0,0,0,2,0,2,0,0,2,0,0,0,0,2,2,2,2,0,0,0,0,0,0,2,2,0,0,0,0,0,0,0,0,0,2,2,0,0,0,0,0,0,0,0,0,0,0,0,0,0,0,0,2,0,0,0,0,0,0,0,0,0,0,2,2,0,2,0,0,0,0,0,0,0,0,0,0,0,0,2,0,0,2,2,0,0,0,0,0,0,0,2,0,0,0,0,0,0,2,0,0,0,0,2,2,0,2,2,0,0,0,0,2,2,0,0,0,2,2,0,0,0,0,2,0,2,0,2,0,0,0,2,2,0,0,0,0,0,0,2,0,0,0,2,0,0,0,0,0,0,2,0,0,0,0,2,2,0,2,0,0,2,0,0,2,2,0,0,0,0,2,2,2,2,0,0,0,0,2,0,2,0,2,2,0,0,0,2,0,0,0,0,0,0,0,0,0,0,0,0,0,0,0,0,0,0,0,0,0,0,NA,0,2,2,2,0,0,0,0,0,2,0,0,0,0,2,2,0,2,2,0,0,0,0,0,0,2,0,0,0,0,2,2,0,0,2,0,0,0,2,0,0,2,0,0,0,0,0,0,0,2,0,0,0,0,0,2,0,2,2,0,0,2,0,0,0,2,0,0,0,0,0,0,0,0,2,0,0,0,0,0,0,0,0,0,2,0,0,0,0,0,0,2,2,0,2,0,0,0,0,0,0,0,0,2,0,0,2,0,0,2,0,2,2,0,0,0,0,0,0,0,0,0,0,0,2,0,2,2,0,0,0,0,2,2,2,2,0,2,0,2,0,0,0,0,0,0,0,0,0,0,0,0,0,0,0,0,0,0,0,2,0,0,0,0,2,2,0,0,0,0,0,0,0,2,0,0,0,0,0,0,0,0,0,0,0,0,0,0,0,0,0,0,NA,0,0,0,2,0,0,0,0,0,0,2,0,0,0,0,0,0,0,0,0,0,0,2,0,0,0,0,0,2,0,0,0,0,0,0,0,2,0,2,0,0,0,0,0,2,0,0,0,0,0,0,0,0,0,0,0,0,2,0,0,0,0,0,0,0,2,2,0,0,0,0,0,0,0,0,0,0,0,0,0,2,0,0,0,0,2,0,0,2,0,0,0,0,0,0,0,0,2,2,2,0,0,0,0,0,0,0,0,0,0,0,0,2,0,0,0,0,0,2,0,0,0,2,2,0,0,0,0,0,0,0,2,0,2,0,0,2,2,0,0,0,0,0,0,0,2,0,0,2,0,0,0,0,0,0,0,0,0,0,2,0,0,0,0,0,0,0,0,0,0,0,2,0,0,0,0,2,0,0,0,2,0,0,0,0,0,0,0,0,0,0,0,0,0,2,0,0,0,0,0,0,0,2,2,2,0,0,0,0,0,0,2,2,0,2,0,0,0,0,0,0,0,2,0,2,0,0,0,0,0,0,2,0,0,2,0,2,0,0,0,0,2,2,0,0,0,0,0,0,0,0,0,0,2,2,0,0,0,0,0,0,2,2,0,0,0,0,0,0,0,0,0,0,0,NA,0,0,2,0,0,0,0,2,0,0,0,0,0,0,0,2,0,0,0,0,2,0,0,0,0,2,0,2,0,2,0,2,0,0,0,0,0,0,0,0,0,0,0,0,0,0,0,2,0,0,0,0,2,0,0,0,0,0,0,0,0,0,0,0,0,0,0,2,2,0,0,0,0,0,0,0,0,0,0,0,0,2,2,0,0,0,0,0,0,0,2,0,0,0,0,0,0,0,0,0,0,0,2,2,0,0,0,0,0,0,0,0,0,0,0,0,0,0,0,0,0,0,0,0,0,0,0,0,0,0,0,0,0,0,0,0,0,0,2,0,2,0,0,0,2,0,0,0,2,0,0,0,0,0,0,2,0,0,2,2,0,0,0,0,0,0,0,0,0,0,0,0,2,0,0,0,0,2,2,0,0,0,0,2,2,0,0,0,2,0,2,2,2,2,0,2,2,0,0,0,0,2,0,2,0,0,0,0,2,0,2,0,0,0,0,0,2,2,2,0,0,0,0,0,0,0,0,0,2,0,0,2,0,2,0,2,2,2,0,2,0,0,2,2,0,0,0,0,0,2,0,0,0,0,0,2,0,0,0,0,0,0,0,0,0,0,0,2,0,0,0,0,0,0,0,2,0,0,0,0,0,0,2,0,0,0,0,0,0,0,0,0,0,0,0,0,0,0,0,0,0,0,0,2,0,0,0,2,0,0,0,0,2,0,2,0,2,0,0,0,0,0,0,0,2,2,0,0,2,2,0,0,0,0,2,0,0,0,0,0,2,0,0,0,0,0,2,0,0,0,0,2,2,NA,0,0,0,0,0,0,0,0,0,0,2,0,2,0,2,0,0,2,0,0,0,0,0,0,2,0,0,2,2,0,2,0,0,2,0,2,0,0,2,2,0,0,2,0,0,0,0,0,0,0,2,0,2,2,0,0,0,2,0,0,0,2,0,2,0,2,0,0,2,0,0,0,0,0,0,0,0,0,0,0,0,0,0,2,0,0,0,2,0,0,0,0,0,0,0,2,0,0,0,2,2,2,2,0,0,2,0,0,0,2,0,0,0,2,0,0,0,2,2,0,2,0,0,0,0,0,2,0,2,2,0,0,0,0,0,0,0,0,0,0,2,0,2,2,2,0,0,0,0,0,0,0,0,0,0,0,0,0,0,0,0,0,2,0,0,0,2,0,0,0,0,2,0,0,0,0,2,0,0,2,0,2,0,0,0,0,0,2,2,0,2,0,0,0,0,0,0,0,0,2,0,0,0,2,0,0,0,0,0,0,0,0,0,0,0,2,0,0,0,2,0,0,2,0,0,0,0,0,0,2,0,0,0,2,0,0,0,0,0,0,0,0,0,0,0,0,2,2,0,0,0,0,0,0,0,0,0,0,0,0,0,0,0,2,0,0,0,2,0,0,0,0,2,2,2,0,0,2,0,2,0,2,0,0,0,0,0,2,0,0,2,0,0,0,0,0,0,0,0,0,0,0,0,2,0,0,0,2,0,0,0,0,0,0,0,0,0,0,0,0,2,2,0,0,2,0,0,0,0,0,0,0,2,0,0,0,0,0,0,0,0,0,0,0,0,0,0,0,0,0,0,0,0,0,0,0,0,0,0,0,0,0,0,2,0,0,0,0,0,2,0,0,0,0,0,0,2,0,0,0,0,0,0,0,0,0,0,0,0,0,0,0,0,0,0,0,0,0,2,0,0,0,0,0,0,0,0,0,0,0,0,0,0,0,0,0,0,0,0,0,2,0,0,0,0,2,0,0,0,0,0,2,2,0,2,0,0,2,0,0,0,0,0,0,0,0,2,0,0,0,0,0,0,0,0,0,0,0,0,0,0,0,0,0,0,0,0,0,0,0,0,2,0,0,0,0,0,0,0,0,0,0,2,0,0,2,0,0,0,0,0,0,2,0,0,0,0,0,0,0,0,2,0,0,0,0,0,2,0,0,2,2,0,0,0,0,0,0,0,0,0,0,0,0,0,0,0,0,2,0,2,0,0,0,0,0,0,0,0,0,0,2,0,0,0,0,0,0,0,0,0,0,0,0,0,0,0,0,0,0,0,0,0,0,2,0,0,0,2,0,0,0,0,0,0,2,2,0,0,0,0,0,0,0,0,0,0,0,2,0,0,0,0,2,0,0,0,0,0,0,0,0,0,0,0,0,0,0,0,0,0,0,0,0,0,0,0,2,2,0,2,2,0,0,0,2,2,0,0,0,0,2,0,0,0,0,0,0,0,0,0,0,0,0,0,0,2,0,0,0,0,2,0,0,0,0,NA,2,2,0,0,2,0,2,2,0,0,0,0,0,0,0,0,2,0,0,0,0,0,0,0,0,0,2,2,0,2,0,2,2,0,0,2,0,0,0,0,0,0,0,0,0,0,0,0,0,2,0,2,0,0,0,0,0,0,0,0,0,0,0,0,0,0,0,0,0,0,0,0,0,0,0,0,0,NA,0,0,0,0,0,0,2,0,0,0,0,2,0,0,0,0,0,0,0,0,0,2,0,2,0,0,0,2,2,2,2,0,2,2,0,0,0,0,2,2,0,2,0,2,2,0,2,0,2,2,0,0,0,0,0,2,0,0,2,0,0,2,0,0,0,0,0,0,0,2,2,0,0,0,0,2,0,2,0,0,0,2,0,0,0,2,2,0,0,2,0,0,0,2,0,2,2,2,2,0,2,0,0,2,0,2,2,2,0,2,2,0,2,0,0,0,0,0,2,0,0,0,2,0,2,0,0,0,0,2,2,2,2,0,0,0,0,0,0,0,0,2,0,0,2,0,0,0,2,0,0,0,0,2,2,0,2,NA,2,0,0,2,0,0,0,0,0,0,0,0,0,0,0,0,0,0,0,0,2,0,0,0,0,0,2,0,0,0,2,0,0,2,0,2,0,2,2,0,0,0,0,0,0,0,0,0,0,2,0,0,0,2,0,0,0,0,0,0,2,0,0,0,0,0,0,2,0,2,0,2,0,2,0,0,0,0,0,0,0,0,0,0,0,0,0,0,0,0,0,0,0,0,0,0,0,0,0,2,2,2,2,2,0,0,0,0,0,2,0,0,0,0,0,0,0,0,0,0,2,0,0,0,0,0,0,2,0,0,2,0,0,0,0,0,2,0,0,0,2,0,0,2,2,0,0,0,0,2,2,0,0,2,0,0,0,0,0,2,0,0,0,0,0,0,0,0,0,2,2,0,0,0,0,0,2,0,0,0,0,2,2,0,0,0,0,0,0,0,2,0,0,0,2,0,0,0,0,0,0,0,0,0,0,0,0,0,0,2,0,0,0,0,0,0,0,0,2,2,2,0,0,0,0,0,0,0,0,2,0,0,0,0,0,0,0,0,0,0,0,0,0,2,0,0,2,0,0,0,0,0,0,2,0,2,0,2,2,0,2,0,2,2,2,2,0,2,0,0,0,0,0,0,0,0,2,0,0,0,2,0,0,0,0,0,0,0,0,0,0,0,0,0,0,2,0,0,0,0,2,0,0,0,0,0,0,2,2,0,0,0,2,0,0,0,0,0,2,0,2,0,2,0,0,2,0,0,0,2,0,0,0,0,0,2,0,0,2,0,0,0,0,0,0,2,0,2,0,0,2,0,2,0,0,0,0,0,0,0,0,0,2,0,0,2,2,0,0,0,0,0,0,0,0,2,0,0,0,0,0,2,0,0,2,2,2,0,0,0,0,0,0,2,0,0,0,2,2,0,0,0,0,0,0,0,0,0,2,0,2,0,0,0,0,0,0,2,0,2,NA,0,2,2,0,0,0,0,0,0,0,0,0,0,0,0,2,0,2,0,0,0,0,2,0,0,0,0,0,0,0,0,0,2,0,0,0,2,2,0,0,0,0,2,0,0,0,0,0,0,0,0,2,2,0,0,0,0,0,2,0,0,0,0,2,2,0,2,2,0,0,0,0,0,0,0,2,0,2,0,2,2,0,2,0,0,2,0,2,0,0,2,0,0,0,0,0,0,0,0,0,2,0,2,0,0,2,0,0,2,0,2,0,0,0,0,0,0,0,0,0,2,0,0,0,0,0,0,0,0,0,2,2,0,0,2,2,0,0,0,0,0,0,0,0,0,0,2,0,0,0,0,0,0,0,0,0,0,2,0,2,0,0,0,0,2,0,0,0,0,0,0,0,0,2,0,0,2,0,0,0,0,0,0,2,0,0,0,0,0,0,0,0,0,0,0,0,0,0,0,0,0,0,0,0,0,0,0,0,0,0,0,2,0,0,0,NA,0,0,2,0,0,2,0,0,0,2,0,2,2,2,0,0,0,0,0,0,0,2,0,0,NA,2,0,0,2,0,0,0,2,0,2,0,0,0,0,0,0,0,0,0,2,2,0,0,0,0,0,0,0,0,2,0,0,2,2,2,0,0,0,0,0,0,0,0,0,0,0,0,2,0,0,0,0,0,0,0,0,2,2,0,0,0,0,0,0,2,0,2,0,2,0,0,0,0,2,0,0,0,0,2,0,2,0,0,0,0,0,0,2,0,0,2,0,0,0,0,2,2,0,0,0,0,0,0,0,0,0,2,2,0,2,0,2,0,0,0,2,0,0,0,0,0,0,0,0,0,0,0,2,0,0,0,0,0,2,0,2,0,0,0,0,2,0,0,2,2,0,2,0,0,0,0,0,0,0,2,2,0,0,0,2,0,0,0,0,0,2,0,0,0,0,2,0,0,0,0,0,0,0,0,0,0,0,NA,0,0,0,0,0,0,0,0,0,0,0,2,0,0,0,0,0,0,0,0,0,2,0,0,0,2,0,0,0,0,0,0,0,0,0,0,0,0,0,0,0,2,2,0,0,0,0,2,2,0,0,0,0,0,0,0,0,0,0,0,0,0,0,0,0,0,0,0,2,NA,0,0,0,0,0,0,0,0,0,0,0,0,0,0,0,0,0,0,0,0,2,0,0,0,0,0,0,0,0,0,0,0,0,0,0,0,0,2,0,0,0,0,0,0,0,0,0,0,0,2,0,0,0,0,0,0,0,0,0,2,0,0,0,0,0,2,0,2,0,0,0,0,0,0,0,0,0,0,2,0,0,0,0,0,0,0,0,0,0,0,2,2,0,0,0,2,2,0,0,0,2,0,0,2,0,0,0,0,0,0,0,0,0,2,2,0,0,0,0,0,0,0,0,2,0,0,0,0,0,0,0,0,0,0,0,0,0,2,0,0,2,0,2,2,0,2,0,0,0,0,2,0,0,0,2,2,0,2,0,0,2,2,0,2,0,2,0,0,2,0,0,0,2,0,2,0,2,2,0,2,0,0,0,0,2,2,0,2,0,0,0,0,0,0,2,0,0,0,0,2,0,2,2,0,0,0,0,2,2,0,0,0,0,0,0,0,0,2,0,0,2,0,0,0,0,2,0,2,0,2,0,0,0,0,2,2,0,0,2,0,0,0,0,2,2,2,0,2,0,0,NA,0,2,0,2,0,2,0,0,0,2,2,0,0,0,2,0,0,0,0,0,0,0,2,2,0,0,2,2,0,0,0,0,0,0,0,2,0,0,0,0,0,0,2,0,0,0,0,2,0,0,0,2,0,0,2,2,0,0,0,2,0,0,0,0,0,0,0,0,2,0,0,2,0,0,0,0,0,0,0,0,0,0,0,0,0,0,2,0,0,0,0,0,0,0,2,2,0,0,0,0,0,2,2,0,2,0,0,0,0,0,2,2,2,0,0,0,0,0,2,2,0,0,0,0,0,0,0,2,0,0,0,0,0,0,0,0,2,2,2,2,0,0,NA,0,0,0,0,0,2,0,0,0,0,0,0,2,2,0,0,2,0,0,0,0,0,0,0,2,0,0,0,2,0,0,2,0,0,2,0,0,0,0,2,0,0,0,0,0,2,2,2,0,0,0,0,0,0,2,0,0,0,0,0,0,0,0,0,0,0,0,0,0,0,0,0,0,0,0,0,2,2,0,0,2,0,0,0,2,0,0,0,0,0,0,0,0,0,2,2,0,0,0,0,2,0,0,0,0,0,0,0,0,0,0,0,0,0,0,0,0,2,0,0,0,0,0,2,0,0,0,2,0,0,2,0,0,0,0,0,0,0,0,2,0,0,2,0,0,0,0,0,0,2,0,0,2,0,0,0,0,0,0,0,0,0,2,2,NA,0,0,2,0,0,0,0,0,2,0,0,0,0,0,0,0,2,0,2,0,2,2,0,2,0,0,0,0,0,0,0,0,2,2,0,0,0,2,0,0,0,0,0,0,0,0,2,0,2,0,0,0,0,0,0,0
"CC120",0,0,0,0,0,0,0,0,2,0,0,2,0,0,2,0,0,0,0,0,2,NA,0,0,0,0,0,0,2,2,0,0,0,0,2,0,2,0,0,0,2,2,2,0,0,0,0,2,0,0,2,0,0,0,0,0,2,0,0,0,0,0,2,0,0,0,0,0,0,0,0,0,0,2,0,0,0,0,0,2,0,2,0,0,0,2,0,0,0,0,0,2,0,0,0,0,0,0,2,2,2,2,0,0,2,2,0,NA,0,0,0,0,0,NA,2,0,0,2,0,0,0,2,0,2,0,0,0,0,0,0,0,0,2,0,0,0,0,0,0,0,0,0,0,0,0,NA,2,0,0,0,0,2,0,0,2,2,0,0,2,0,2,0,0,2,2,2,0,0,0,0,2,2,0,0,0,0,2,0,2,0,0,0,0,0,0,0,0,0,2,2,0,2,0,0,0,0,0,2,0,0,0,2,0,0,2,0,0,0,0,0,0,0,0,2,2,2,2,0,2,0,2,0,0,0,0,2,0,2,0,0,0,0,2,0,0,0,0,2,0,0,2,0,0,0,0,0,0,0,2,0,0,0,0,0,0,0,0,0,2,0,2,0,0,0,2,0,0,2,0,0,0,0,0,2,0,0,0,0,0,0,2,2,0,2,2,0,0,0,0,0,0,2,2,0,2,0,0,2,2,2,0,2,0,2,2,0,2,0,2,0,0,2,0,0,0,2,0,2,0,0,2,0,0,0,2,2,0,0,2,0,0,0,0,0,0,0,2,0,2,2,2,0,2,0,0,0,0,2,0,0,0,0,0,0,0,0,2,2,0,0,0,0,0,0,0,0,0,0,0,0,0,0,2,0,0,0,0,0,0,0,0,0,0,2,0,0,0,2,0,0,0,2,0,0,0,0,0,0,2,0,0,0,0,0,0,2,0,0,0,0,0,0,2,0,0,0,0,0,0,0,0,2,0,2,2,0,0,2,2,2,0,0,2,2,0,0,0,0,2,0,0,0,0,0,0,0,0,0,0,0,0,0,2,0,0,0,0,0,0,0,0,0,0,0,0,0,0,2,0,0,2,0,0,2,0,0,0,0,0,0,0,0,0,0,2,0,0,0,2,0,0,0,0,0,0,0,0,0,0,0,2,0,0,0,0,0,0,0,2,0,0,0,0,2,2,0,0,0,0,0,0,0,2,2,0,0,0,0,0,2,0,0,2,0,0,2,0,0,0,2,2,0,0,2,0,2,0,0,0,0,0,0,0,0,0,0,2,0,0,0,0,0,0,0,0,0,0,0,0,2,0,0,0,2,2,0,0,2,0,0,2,2,0,0,0,0,0,0,0,0,0,0,0,0,2,0,2,2,0,2,0,0,0,0,0,0,0,0,2,0,0,0,2,0,0,0,2,0,0,0,0,0,2,0,0,2,2,0,0,0,0,0,0,0,0,0,0,0,0,2,2,0,2,0,0,2,0,2,0,0,2,0,2,0,2,0,0,0,0,0,0,0,0,0,0,0,0,2,0,0,0,2,0,2,0,0,0,0,2,0,0,0,2,0,2,0,0,0,0,0,2,0,0,0,0,0,0,0,0,2,0,2,0,0,0,0,0,0,0,0,0,2,0,0,0,0,2,0,2,0,NA,0,0,0,0,2,0,0,0,2,2,0,0,0,2,0,0,0,0,0,0,0,0,0,0,0,0,2,0,0,0,0,0,0,2,0,0,0,2,0,2,2,0,0,0,0,0,0,0,2,2,2,0,0,0,0,2,0,0,0,0,0,0,0,0,0,0,0,0,2,0,0,0,0,0,2,2,0,0,0,0,0,0,0,0,0,0,0,0,2,0,0,0,0,0,0,2,0,0,2,0,0,2,2,0,0,2,0,0,0,0,0,2,0,0,2,2,0,0,2,2,0,0,0,0,0,0,2,2,2,0,0,0,0,2,0,0,2,0,0,2,0,2,0,0,0,NA,0,0,0,0,0,0,0,0,2,0,0,0,0,0,2,2,0,0,0,2,0,0,2,2,2,0,0,2,0,0,0,0,0,0,0,0,2,2,2,0,0,0,0,0,0,0,2,0,2,0,0,0,0,0,0,2,0,2,0,0,0,2,0,0,0,0,0,0,0,0,0,0,0,0,0,0,0,0,0,0,0,0,0,2,0,0,0,0,0,2,0,0,0,0,0,0,0,0,0,0,0,0,0,0,2,2,0,2,0,0,2,0,0,0,0,2,0,2,0,0,2,0,2,2,0,0,0,2,0,0,2,0,0,0,0,0,0,2,0,0,0,0,0,0,2,2,2,0,NA,2,2,0,2,0,0,0,2,0,0,0,0,0,0,0,2,0,0,2,0,0,0,0,0,2,2,0,0,2,0,2,0,2,0,2,2,2,2,0,0,0,0,0,0,0,0,0,2,0,0,2,0,0,2,2,2,0,0,2,2,0,0,0,0,2,2,0,0,0,0,0,0,2,0,2,2,2,0,0,0,0,0,2,2,2,0,2,2,0,0,0,2,2,0,0,0,0,0,0,0,0,0,0,2,0,0,0,0,0,0,0,0,0,0,0,0,0,0,0,0,0,0,0,2,0,0,0,2,0,0,0,2,2,2,0,0,0,0,2,0,2,0,0,0,0,2,0,2,2,2,0,0,0,0,0,2,2,2,0,0,0,0,0,0,2,0,0,0,0,2,0,0,0,0,0,0,2,0,2,2,2,0,0,0,0,2,2,2,0,2,0,0,0,0,0,0,0,2,0,0,0,2,0,0,2,0,2,0,0,2,2,0,0,0,2,2,2,0,0,2,2,2,0,2,0,2,2,2,0,2,0,0,2,0,2,2,0,0,0,0,2,2,0,0,0,0,0,0,2,0,2,2,0,0,0,0,0,0,0,0,2,0,2,0,2,2,0,0,0,2,0,2,2,0,2,0,0,0,0,0,0,NA,2,0,0,0,0,0,2,0,0,0,0,0,2,2,2,0,0,0,0,0,0,0,2,0,2,0,2,0,2,0,0,0,2,0,0,0,0,0,2,0,2,0,0,0,2,0,0,0,0,0,0,2,0,0,0,2,2,0,0,0,0,0,0,0,0,0,0,0,0,0,2,0,0,0,0,0,2,0,2,0,0,2,0,0,0,0,0,0,NA,0,0,0,0,0,0,2,2,0,2,0,0,0,2,0,0,2,0,0,0,0,2,0,0,0,2,2,2,0,0,0,0,2,0,0,0,0,0,2,0,0,0,0,2,0,2,0,0,0,0,0,0,0,0,0,0,0,0,0,0,2,0,0,0,2,0,0,2,0,0,2,0,0,0,0,0,0,0,2,0,0,2,0,0,2,0,2,0,0,0,2,0,2,0,0,0,0,2,0,0,2,0,0,0,0,0,2,0,0,0,2,0,2,0,0,2,2,0,2,0,0,0,0,2,0,0,0,0,2,0,0,0,0,2,0,0,2,0,0,0,0,0,2,0,0,2,0,0,0,0,0,0,0,0,0,0,0,0,0,2,0,2,2,2,0,2,0,2,2,0,0,2,0,0,2,0,0,0,2,0,0,0,0,0,0,2,0,0,0,0,0,0,0,0,0,0,2,0,0,2,2,0,2,0,0,2,2,0,0,2,0,0,0,0,2,0,2,0,0,0,0,0,2,0,0,0,0,0,0,0,0,0,0,0,0,0,2,0,0,2,0,0,0,0,0,2,0,0,0,0,2,0,0,0,0,2,0,2,0,0,0,0,2,2,2,0,0,0,0,2,2,0,0,0,0,0,0,0,0,2,2,0,2,0,2,2,0,0,0,2,0,0,2,0,0,0,2,0,0,2,2,0,0,0,0,2,0,0,0,0,0,0,0,0,0,2,0,0,2,0,0,0,0,0,0,2,2,0,0,0,0,0,0,2,0,2,0,0,0,0,0,0,0,0,0,0,0,0,2,0,0,2,0,0,0,2,2,0,2,0,0,0,0,0,0,0,0,0,0,2,0,0,0,2,0,0,0,0,0,2,0,0,0,0,0,2,0,0,0,0,0,0,0,0,0,0,0,2,2,0,0,2,0,2,0,2,2,0,2,0,0,0,2,0,0,0,0,2,0,2,0,2,0,NA,0,2,2,0,2,0,0,0,0,0,0,0,0,0,0,0,2,2,0,0,0,0,2,0,0,2,0,2,2,0,0,0,0,2,0,0,0,0,2,0,0,0,2,0,0,0,0,2,0,0,0,0,0,0,2,0,0,2,0,0,0,0,2,0,0,0,0,0,2,2,0,0,0,0,0,0,0,2,0,2,2,2,0,2,0,2,0,0,2,0,0,2,2,0,2,0,0,0,0,2,0,2,0,2,0,0,0,0,0,2,0,0,0,0,2,0,2,2,0,0,2,0,0,0,0,0,2,0,2,2,2,0,0,2,0,2,0,0,0,2,0,0,0,2,0,0,0,0,0,0,0,2,0,0,0,0,0,0,0,0,0,0,0,0,0,0,0,0,0,0,0,2,0,2,2,0,0,0,0,0,0,0,0,0,0,0,0,0,0,0,2,0,0,0,0,2,0,0,0,2,0,0,2,2,0,0,2,0,0,0,0,0,0,0,2,2,0,2,2,2,0,0,0,0,0,0,0,2,0,0,0,0,0,0,0,0,0,0,0,0,0,2,0,0,0,0,0,0,0,0,0,2,0,0,0,0,0,0,0,2,0,0,0,0,0,2,2,0,0,0,0,NA,NA,0,0,2,0,2,0,0,0,2,0,0,0,0,0,2,0,0,0,0,2,2,0,2,0,0,0,0,0,0,0,0,0,0,0,0,0,2,2,0,0,0,0,0,0,0,0,0,2,0,0,0,0,0,0,2,0,0,0,2,2,2,0,2,0,0,0,0,0,2,2,0,2,0,0,0,0,0,0,2,0,2,0,0,0,0,0,0,0,0,0,0,0,0,0,0,0,0,0,0,0,0,0,0,0,2,0,0,2,2,0,2,0,0,0,0,0,0,0,2,2,0,2,0,0,0,0,0,0,2,0,0,0,0,0,0,0,0,0,0,0,2,0,0,0,2,0,0,0,0,0,0,0,0,0,0,0,0,2,0,2,0,0,0,0,2,0,0,0,2,0,0,0,0,0,0,0,0,0,0,0,0,0,0,0,2,0,0,2,2,0,2,0,0,0,0,2,0,0,0,2,0,0,0,0,2,0,0,0,0,0,0,0,2,0,0,0,0,0,0,0,0,0,0,2,0,0,0,2,2,0,2,0,2,0,0,2,0,2,0,0,0,2,0,0,2,2,0,0,0,0,0,0,0,0,0,2,0,0,0,0,0,0,0,0,0,0,0,0,0,0,2,0,2,0,0,0,0,0,0,0,0,0,2,0,0,2,0,2,0,2,NA,0,0,0,2,0,2,0,0,0,0,0,0,0,0,0,0,0,0,0,0,2,0,0,0,2,0,0,0,0,0,0,0,0,0,0,2,0,2,0,2,2,2,2,0,0,2,0,0,2,NA,2,2,0,2,0,0,0,0,0,0,0,0,2,0,0,2,0,0,0,0,0,0,0,0,0,0,0,0,0,0,0,0,2,2,0,0,0,0,2,0,2,0,0,0,0,2,0,0,0,2,0,0,0,0,0,0,0,2,0,0,0,2,0,0,2,0,2,2,0,2,0,0,0,0,2,2,0,0,0,0,0,0,0,2,2,2,0,0,0,0,2,2,0,2,2,2,0,0,0,0,0,0,0,2,0,2,0,2,0,0,2,0,0,2,0,0,0,0,0,0,2,0,0,0,0,2,0,0,0,2,0,0,0,0,0,0,0,0,0,0,0,0,0,0,0,0,0,2,2,0,0,2,0,0,0,0,0,0,0,2,0,0,0,2,0,0,2,0,0,2,0,0,0,0,2,0,2,2,0,0,0,0,0,0,0,2,2,0,0,2,0,0,0,0,0,0,0,0,0,0,0,0,0,0,2,0,2,0,0,0,2,0,0,2,0,0,0,0,0,0,0,0,0,0,2,0,0,0,0,0,0,0,0,0,0,0,0,0,0,0,0,0,2,0,0,0,0,0,0,0,0,0,0,0,2,2,2,0,0,0,0,2,2,0,2,0,0,2,0,0,2,0,0,0,0,0,0,0,0,0,0,NA,0,0,0,2,0,2,0,0,0,0,0,0,0,0,2,0,0,0,2,2,2,0,0,0,2,NA,2,0,0,0,0,0,0,2,0,0,0,0,2,2,2,0,0,0,2,0,2,0,2,2,2,2,0,2,0,2,0,0,2,0,2,2,0,0,0,2,2,0,2,2,0,0,0,0,0,2,0,0,0,0,0,0,0,2,2,0,2,2,0,2,0,2,2,2,2,0,0,2,2,0,2,0,0,0,0,0,0,0,2,0,0,0,0,0,2,2,0,2,2,0,0,2,0,0,0,0,0,2,2,0,0,0,0,0,0,2,2,0,0,2,0,0,0,2,0,0,2,0,0,0,0,0,0,2,0,2,0,2,0,0,2,0,0,0,0,0,2,2,0,0,2,0,2,2,0,0,2,0,0,2,0,0,2,0,0,2,0,2,0,0,0,NA,0,0,0,0,2,0,0,0,0,2,0,0,0,0,0,0,2,2,0,2,0,2,0,0,2,2,2,0,0,2,2,0,2,0,0,0,2,NA,2,0,0,0,0,0,0,0,2,2,0,0,0,0,0,2,0,0,0,0,0,0,2,0,0,0,0,0,2,0,2,0,0,2,0,0,0,2,0,2,0,0,0,0,0,0,0,0,0,0,0,0,0,0,2,0,0,0,0,0,0,0,0,0,0,0,0,0,0,2,2,0,0,0,0,0,0,0,2,2,0,0,0,0,2,2,0,0,0,0,0,2,0,0,0,2,0,0,2,2,0,0,0,0,2,0,0,0,0,0,2,2,0,0,0,0,0,2,2,2,0,2,0,0,2,0,0,0,0,2,0,0,0,2,0,0,0,0,0,0,0,0,0,0,0,0,0,0,2,2,2,0,0,0,2,2,0,0,0,2,0,0,0,0,0,0,0,2,0,0,2,0,0,0,0,0,0,2,2,0,0,0,0,0,2,0,0,0,2,2,0,0,0,0,0,0,0,0,0,0,0,0,0,2,0,0,0,2,0,2,0,2,0,0,2,0,0,0,2,0,2,2,2,2,2,0,0,0,0,0,2,0,2,0,0,0,0,0,0,0,0,0,0,0,0,0,2,0,0,2,0,2,0,2,2,0,2,2,2,0,0,2,0,0,2,2,0,0,0,0,2,0,0,2,2,0,0,0,0,2,2,0,0,0,2,0,0,0,0,0,0,0,0,0,0,0,0,0,0,0,0,0,2,0,0,0,0,0,2,0,0,0,0,0,0,2,0,0,0,0,0,0,0,0,0,0,2,0,0,0,0,2,0,2,0,0,0,2,0,0,2,0,2,2,0,0,0,0,0,2,0,0,0,2,2,0,2,0,0,0,0,0,0,0,2,0,0,2,0,0,0,0,0,2,2,0,0,0,2,0,0,0,0,0,0,0,0,0,0,0,2,2,0,0,0,2,2,0,0,2,2,0,0,0,0,0,0,0,0,0,0,0,2,2,0,0,0,2,0,0,0,2,0,0,0,0,0,0,0,0,0,2,2,0,0,0,0,0,2,2,2,2,0,2,2,0,0,0,0,2,2,2,0,0,2,0,0,0,2,0,0,2,0,0,0,2,0,0,2,2,0,2,0,0,2,0,0,0,0,0,0,0,0,0,0,2,0,0,0,0,0,0,0,0,2,0,0,0,0,0,0,2,0,0,2,0,0,0,2,2,0,0,0,0,0,2,0,0,0,0,2,2,0,0,0,0,0,0,0,0,0,0,0,0,0,0,2,0,0,2,0,0,0,0,0,2,0,0,0,0,0,0,0,2,0,0,0,0,0,0,0,0,0,0,0,0,0,0,0,0,2,0,0,0,2,0,0,0,2,0,0,0,NA,0,0,0,0,0,0,0,0,0,0,0,2,0,0,0,0,0,2,0,0,2,0,2,2,0,2,2,0,0,2,2,2,2,0,2,0,0,0,2,0,0,2,0,0,2,0,0,NA,0,2,0,2,2,0,2,2,0,0,2,0,0,2,0,2,0,0,2,0,0,2,2,0,0,0,2,2,2,2,0,0,0,2,0,0,0,0,0,0,2,0,2,0,0,2,2,0,2,0,0,0,0,0,0,0,0,0,2,0,0,2,2,0,0,0,2,2,2,0,2,2,0,0,0,0,0,0,0,0,2,0,0,2,2,0,0,2,0,0,0,0,2,2,0,0,2,2,0,2,0,0,2,0,0,0,0,2,2,0,0,NA,2,2,0,0,2,0,0,2,0,0,2,0,0,2,0,2,0,0,2,0,2,0,2,2,0,0,0,0,0,0,0,0,2,0,2,0,0,0,2,2,0,0,0,0,2,0,0,2,0,0,0,0,0,2,0,0,0,0,0,0,0,0,2,0,0,0,0,2,2,0,0,0,0,0,0,0,0,0,0,0,0,0,0,0,0,0,0,2,0,0,0,2,0,0,2,2,0,0,2,2,0,0,0,2,0,0,0,2,0,0,0,0,0,0,0,0,0,0,0,0,0,0,0,0,0,0,0,2,0,0,0,0,2,0,0,0,0,0,0,2,0,0,0,0,2,0,0,0,0,0,0,0,0,2,0,0,2,0,0,0,0,0,0,2,2,0,0,0,0,0,0,0,2,2,0,0,0,0,0,0,2,0,0,2,0,0,0,0,0,0,0,2,0,0,2,0,0,0,0,0,0,0,0,0,0,2,0,0,0,0,0,0,0,2,2,0,0,0,2,0,0,0,0,0,0,0,0,0,0,0,0,0,0,0,0,0,2,0,0,0,2,0,0,0,0,0,0,2,0,2,0,0,0,2,2,0,0,2,0,2,0,0,0,2,0,0,0,0,0,0,2,0,0,0,0,2,0,0,0,2,2,0,0,0,0,0,2,0,2,0,2,0,0,0,0,0,0,0,0,0,0,0,0,0,0,0,0,0,0,0,0,0,0,0,2,0,0,2,2,0,2,0,0,2,0,0,0,0,0,0,2,0,0,0,0,2,2,2,2,0,0,0,0,2,0,0,0,2,0,0,2,0,0,2,0,2,0,0,0,0,2,0,0,0,0,0,2,0,0,2,2,0,0,0,0,0,0,0,0,2,2,0,0,0,0,0,0,0,0,0,0,0,0,2,0,2,2,2,0,0,0,2,0,0,0,2,0,2,0,0,0,0,2,0,0,0,0,2,0,0,0,2,0,2,0,0,0,0,0,0,0,0,0,0,0,0,0,0,2,0,2,0,0,2,2,0,2,0,2,0,0,2,2,0,0,0,0,0,2,0,0,0,0,0,2,2,0,0,0,0,0,0,2,2,0,0,0,0,2,0,0,2,0,0,0,0,2,2,0,0,2,0,0,0,2,2,0,0,0,2,0,0,0,0,0,0,2,0,0,0,2,0,0,0,0,0,0,2,0,2,0,2,2,2,0,0,2,2,0,0,2,0,0,2,0,0,2,0,0,0,2,0,2,0,2,0,0,0,0,0,0,0,0,2,0,0,0,2,2,NA,2,0,2,0,0,0,NA,0,2,0,0,0,0,0,2,0,2,2,2,0,0,2,0,0,0,2,2,2,0,0,2,0,0,0,0,0,0,0,0,0,0,2,0,2,0,0,0,0,0,0,0,0,2,0,0,0,0,0,2,0,0,0,0,0,0,0,2,0,0,0,0,0,0,0,0,0,0,2,2,2,0,2,0,0,0,0,0,0,0,2,0,0,2,0,0,0,0,2,0,0,2,0,0,0,0,0,2,0,0,2,2,0,0,0,0,0,2,0,0,0,0,0,0,0,0,0,0,2,0,0,0,0,0,0,0,0,0,2,0,0,0,2,0,0,0,0,0,2,0,0,0,0,0,0,0,0,2,2,0,0,0,0,2,0,0,0,2,0,0,2,0,0,0,0,0,0,0,0,2,0,0,0,0,0,0,0,0,0,0,2,2,0,0,0,2,0,0,0,2,2,2,2,0,0,0,0,0,0,0,2,0,0,2,0,2,0,2,2,2,0,0,0,0,0,0,0,0,2,0,0,2,0,0,0,0,0,0,2,0,0,0,0,2,0,0,0,0,0,0,NA,0,0,0,0,0,0,0,0,2,2,2,0,0,0,0,0,0,0,2,0,2,2,0,0,0,0,0,0,0,2,0,0,0,0,2,0,0,2,0,0,0,0,0,2,0,0,2,0,0,0,0,0,0,0,0,0,0,0,0,0,0,0,0,0,0,0,0,2,0,0,0,0,0,0,0,2,0,0,0,0,0,2,0,0,0,0,0,0,2,0,0,0,2,0,0,0,0,0,0,0,0,0,0,0,0,0,0,2,0,0,0,0,0,0,0,0,0,0,0,0,0,0,0,2,0,0,0,0,0,2,0,0,0,0,0,0,0,0,2,2,2,2,2,0,0,0,0,0,0,0,0,0,0,2,2,0,0,NA,0,0,0,2,2,2,0,0,0,0,0,0,0,0,0,0,0,0,0,2,0,0,2,0,0,0,0,0,0,0,0,0,0,2,0,2,2,0,NA,0,0,0,0,0,0,0,2,0,0,2,0,0,2,0,0,0,0,2,0,0,0,2,0,0,NA,0,2,2,2,0,0,0,2,0,2,2,2,2,2,0,0,2,0,0,2,0,0,0,0,0,0,0,2,2,0,0,0,0,0,0,0,2,0,2,0,2,2,0,0,0,0,2,0,0,0,0,0,0,0,0,0,0,0,0,0,0,0,0,0,0,2,0,0,0,0,0,0,0,0,0,2,0,0,0,0,0,0,0,0,0,0,0,0,0,2,0,0,2,2,0,0,0,0,0,0,0,0,0,0,0,0,0,2,0,0,0,0,0,0,0,0,0,2,0,0,0,0,0,0,0,0,2,0,0,0,0,0,2,2,0,0,0,0,0,2,0,0,0,0,0,0,2,0,0,0,0,2,0,0,0,0,0,0,2,2,0,0,0,0,0,0,0,0,0,0,0,0,2,0,2,0,0,2,0,NA,0,0,0,2,0,2,2,0,2,0,0,0,0,0,0,0,0,0,0,0,0,2,0,0,0,0,0,0,0,0,0,0,0,0,0,2,0,2,0,0,0,2,2,0,2,0,0,0,0,2,2,NA,0,0,2,0,0,0,0,0,0,0,NA,0,0,0,0,0,2,0,0,0,0,0,0,2,0,0,2,0,0,0,2,0,0,2,2,0,0,0,0,2,0,2,2,0,0,2,0,0,0,2,0,0,0,0,0,0,0,2,0,0,0,0,0,0,0,0,0,2,2,0,0,0,0,0,0,0,0,0,0,0,0,0,2,0,2,0,0,0,0,0,0,0,0,0,0,0,0,0,0,0,0,0,0,0,0,0,0,0,0,0,0,0,0,0,0,0,0,0,0,0,0,0,0,2,2,2,0,0,2,2,0,0,0,0,0,0,0,0,0,0,0,0,0,0,0,0,0,0,0,0,0,0,0,0,0,0,2,0,0,0,0,0,0,0,2,0,0,0,2,0,0,2,0,0,0,0,0,0,2,0,0,2,0,0,2,0,0,2,0,0,0,2,0,0,0,2,2,0,2,0,0,2,2,2,0,2,0,0,2,2,0,2,2,2,0,0,0,0,2,0,0,0,0,0,0,0,0,0,0,0,0,0,0,0,0,0,0,0,0,0,0,2,2,0,0,2,0,0,0,0
"CC121",0,0,0,0,0,0,0,0,0,0,2,0,0,0,0,0,0,0,0,2,0,0,0,2,0,0,0,0,0,0,0,0,0,0,0,0,0,0,0,0,0,0,2,0,0,0,0,2,0,0,0,0,2,0,2,NA,2,0,0,0,0,2,0,0,2,0,0,0,2,0,0,0,0,0,0,0,0,0,0,2,0,0,0,0,0,2,2,0,2,0,0,0,0,0,0,0,0,0,0,0,0,0,0,0,0,0,0,0,0,0,0,0,0,0,0,0,0,0,0,0,0,0,0,2,0,0,2,0,2,0,2,0,0,0,2,0,0,0,2,0,0,0,0,0,0,0,0,0,0,0,2,0,0,0,0,0,0,0,0,0,0,0,0,0,0,0,2,0,0,0,0,0,2,0,2,2,0,0,2,0,0,0,0,0,0,0,0,0,0,0,0,0,0,0,0,0,0,0,0,0,0,0,0,0,0,0,0,0,2,0,2,0,0,0,0,2,0,0,0,2,2,0,2,0,0,0,0,2,0,2,2,0,0,0,0,0,2,0,0,0,2,0,0,0,0,0,2,0,2,0,0,0,0,0,0,0,0,2,0,0,0,0,0,2,2,0,2,0,0,0,0,0,0,2,2,0,0,0,0,0,2,0,0,0,0,2,0,0,0,0,0,2,2,0,0,2,0,0,2,2,0,2,0,0,2,0,2,0,2,0,0,0,0,0,0,0,0,0,0,0,0,0,0,0,0,0,0,2,2,0,0,0,2,0,0,0,2,0,2,0,2,0,2,0,0,0,0,2,0,0,0,0,0,2,0,0,0,0,0,0,0,0,2,2,2,0,2,0,0,0,0,0,0,0,2,2,0,0,0,2,0,2,0,0,0,2,2,2,0,2,2,0,0,0,0,0,NA,0,0,0,0,0,0,2,0,2,0,0,0,0,0,0,0,0,0,0,0,2,0,0,0,2,0,0,0,0,0,0,0,2,2,0,2,0,0,2,2,0,2,0,0,0,2,2,0,0,0,0,0,0,0,0,2,0,2,2,0,2,0,0,0,0,0,0,0,0,0,2,2,0,0,0,2,0,2,0,2,0,0,0,0,0,0,0,0,0,2,0,0,0,0,2,0,2,0,0,2,0,0,0,0,0,0,2,0,0,0,2,2,0,0,0,0,0,0,0,2,0,0,0,0,2,0,0,0,0,0,0,0,0,0,0,2,0,2,2,0,0,0,0,0,2,0,2,0,0,0,2,0,0,NA,2,0,0,0,2,0,0,2,2,0,0,0,0,2,0,0,2,0,0,0,0,2,0,2,2,2,0,2,0,0,2,0,2,2,0,0,0,2,2,0,NA,0,2,2,0,0,0,0,0,0,2,0,0,0,0,2,2,0,0,0,0,0,0,0,0,2,0,0,0,2,0,0,0,0,0,0,0,2,2,2,0,0,2,0,0,0,0,0,0,0,0,0,0,NA,2,0,0,0,0,0,0,0,0,0,0,0,0,0,0,2,0,0,2,2,0,0,0,0,2,0,0,2,0,0,0,2,0,0,0,0,0,0,0,2,0,2,0,2,0,0,0,0,0,0,0,2,0,0,2,0,2,0,0,0,0,0,0,0,0,0,0,0,0,0,0,0,2,2,0,0,0,0,2,0,2,0,0,2,0,0,0,2,0,0,0,0,0,0,0,0,0,0,0,0,2,2,2,0,2,0,2,2,2,0,0,0,2,0,0,0,0,0,2,0,2,0,0,2,0,0,0,0,0,2,0,2,2,2,0,0,2,0,0,0,2,0,2,2,0,0,0,0,0,0,2,0,0,0,0,0,0,2,0,2,0,2,2,0,0,2,0,0,0,0,0,0,0,0,0,0,0,2,2,0,0,2,0,0,2,0,0,0,0,0,0,2,0,0,2,2,0,0,0,0,0,0,0,0,2,2,0,0,0,2,0,2,2,0,0,2,0,0,0,0,0,2,0,0,0,0,0,2,0,2,0,0,0,0,0,0,0,0,0,0,2,2,0,0,0,0,0,0,0,0,2,2,0,0,0,0,0,2,0,0,0,0,2,0,0,0,2,0,0,2,2,0,0,0,0,2,0,0,0,0,0,0,0,0,2,2,0,0,0,0,2,0,0,0,0,0,0,0,0,0,0,0,0,2,0,2,2,2,0,0,0,0,0,0,0,0,0,0,0,2,0,0,0,2,0,0,0,2,0,0,0,2,0,0,0,0,0,0,0,0,2,2,0,0,0,0,2,2,0,2,0,0,0,0,0,2,0,0,0,0,0,2,2,0,0,0,0,0,0,0,0,0,2,0,0,0,0,0,0,0,0,0,0,0,0,0,0,0,0,0,0,2,0,0,0,0,2,2,0,0,0,0,2,0,0,0,0,0,0,0,0,2,2,0,0,0,2,0,0,0,0,0,0,0,0,2,0,2,2,NA,2,0,0,0,0,0,0,2,0,0,2,0,2,0,0,0,0,0,0,2,0,2,0,0,0,0,0,2,0,0,0,0,0,0,0,0,0,0,0,0,0,0,0,2,0,0,0,0,0,2,2,0,0,0,2,2,0,2,0,0,0,0,0,0,2,0,0,0,0,0,0,0,0,2,2,0,0,2,0,2,0,0,2,2,0,0,0,0,0,0,0,0,0,0,0,0,2,0,0,0,2,0,0,0,0,0,2,0,0,0,0,0,0,2,0,0,2,0,0,0,0,0,0,0,0,2,0,0,0,0,NA,0,0,0,0,0,0,0,0,0,0,0,0,0,0,0,0,0,0,0,0,0,2,0,2,0,0,0,0,0,0,0,0,0,2,0,2,0,0,0,0,0,0,0,0,0,0,2,0,0,0,0,0,0,0,0,0,0,0,0,0,0,2,0,0,0,0,0,0,0,0,0,0,2,2,0,0,2,0,0,0,0,0,0,2,0,0,0,2,0,0,0,0,0,0,0,0,0,0,2,2,0,0,0,0,0,2,0,0,2,2,0,2,0,0,0,2,0,0,2,0,0,0,2,0,2,0,2,0,0,0,0,0,0,0,0,0,0,0,0,0,0,0,0,0,0,0,0,0,0,0,0,2,0,0,0,0,0,0,0,0,0,0,0,0,NA,0,0,0,0,2,0,0,0,0,0,0,0,0,0,0,0,0,0,2,2,0,0,0,0,0,0,0,0,2,0,0,0,0,0,0,0,0,2,2,2,0,0,0,0,0,0,0,0,0,0,0,0,2,2,0,2,2,0,0,2,0,2,0,2,2,0,0,0,2,0,2,NA,0,0,0,0,0,0,2,2,0,2,2,2,0,0,0,0,2,0,0,0,0,2,2,0,0,0,0,0,0,0,0,2,0,0,0,0,0,0,0,0,0,0,0,0,2,0,0,0,0,0,0,0,0,0,0,0,0,0,0,0,0,0,0,0,0,0,0,0,0,0,0,0,0,0,0,0,0,0,0,0,0,0,0,2,0,0,2,0,0,2,0,0,0,0,0,0,0,2,0,0,0,0,2,0,0,0,2,0,0,0,0,0,0,0,0,2,0,0,0,0,0,0,0,0,0,2,0,2,0,0,0,0,0,0,0,0,0,0,0,0,2,0,0,0,0,0,0,0,0,0,2,0,0,0,0,0,0,0,2,0,0,0,0,0,0,0,0,0,0,0,0,0,0,0,0,2,0,0,0,0,2,2,2,0,0,2,0,0,2,0,0,0,0,0,2,0,0,0,2,0,0,0,0,0,2,0,0,0,0,2,0,0,0,0,0,0,0,0,2,0,0,0,2,0,0,0,0,2,0,2,0,0,0,2,0,2,2,2,0,0,0,0,0,0,0,2,0,0,0,0,0,NA,0,2,0,0,0,0,0,0,0,0,2,0,0,0,2,2,0,0,2,2,2,2,0,0,2,0,0,2,2,0,0,0,0,0,0,0,0,0,0,0,0,0,0,0,2,0,0,0,0,0,0,NA,0,0,0,2,0,0,0,0,2,2,0,0,0,0,2,0,0,2,2,NA,2,0,0,0,0,0,0,0,0,0,0,0,0,0,0,0,0,0,0,0,0,0,0,0,0,2,0,2,2,0,0,0,0,2,0,2,0,2,0,0,0,0,0,0,0,0,0,2,0,0,0,0,0,0,0,0,0,0,0,0,0,0,0,0,2,0,0,0,0,0,0,0,0,0,0,2,0,0,0,0,0,0,0,2,0,0,0,0,0,0,0,0,0,0,0,0,0,0,0,0,0,0,0,0,0,0,0,0,0,0,0,0,0,2,0,2,0,0,0,2,2,0,0,0,0,0,0,0,0,0,0,0,0,0,0,0,0,0,0,0,2,0,2,0,0,0,0,0,0,0,0,0,0,0,0,0,0,0,0,2,0,2,0,0,0,2,0,2,0,0,0,0,0,2,0,2,0,0,0,2,0,0,2,0,0,0,0,0,0,0,0,0,0,0,0,0,0,0,0,0,0,0,0,0,0,0,0,0,0,0,2,0,0,0,0,0,0,0,0,0,0,0,0,0,0,0,0,0,0,0,0,0,0,0,0,0,0,2,0,2,0,0,0,2,0,0,2,2,0,0,0,0,0,0,0,0,0,2,0,0,0,0,2,2,2,2,0,0,0,0,0,0,0,0,0,0,0,2,0,0,2,0,0,0,0,0,0,0,2,0,0,0,0,0,2,2,0,0,0,0,0,0,0,0,0,0,2,0,0,2,2,0,0,2,0,2,2,0,2,0,0,0,0,0,0,0,0,0,0,0,0,0,0,0,0,0,0,0,0,0,2,0,0,0,0,0,0,2,0,0,0,0,0,0,0,0,2,0,0,0,2,0,0,0,0,0,0,0,0,0,0,2,0,2,0,0,0,0,0,0,0,0,0,0,2,0,0,0,0,0,0,0,2,0,0,0,0,0,0,2,0,0,2,0,0,2,0,0,0,0,0,0,0,2,0,2,0,0,0,0,2,0,2,0,0,2,0,0,2,0,0,0,2,0,0,0,0,0,0,0,0,2,2,0,0,0,0,2,0,2,0,0,0,0,2,0,2,0,2,0,0,0,2,0,2,2,0,0,2,0,0,0,0,2,0,2,0,0,0,0,0,0,0,0,2,0,2,0,2,0,0,0,0,0,2,0,2,0,0,2,0,0,0,0,0,0,0,0,0,0,0,0,2,2,0,0,0,0,0,0,0,2,0,0,0,0,0,0,0,0,0,0,0,0,0,0,0,2,0,0,2,0,2,0,0,0,0,2,0,0,0,0,2,0,0,0,0,0,0,0,0,0,0,0,0,0,2,0,0,0,0,0,0,0,0,0,0,0,0,2,2,0,0,0,0,0,0,0,0,0,0,0,0,0,0,0,0,0,0,2,0,0,0,0,0,0,0,0,0,0,0,2,0,0,0,0,2,0,0,0,0,0,0,0,0,0,0,0,0,0,0,2,0,0,0,0,0,0,0,0,0,0,0,0,0,0,0,0,0,0,0,0,0,0,0,0,2,0,0,0,2,0,0,0,0,0,0,0,0,0,0,0,2,0,0,0,0,0,0,0,0,0,0,0,0,0,0,0,0,0,0,0,0,2,0,0,2,2,0,0,0,0,0,0,0,0,0,2,0,2,0,0,0,0,0,2,0,0,0,0,2,0,0,0,2,2,0,0,0,0,0,2,0,0,0,0,0,0,0,0,0,0,2,2,0,0,0,0,0,0,0,0,0,0,0,0,0,0,0,0,0,0,0,0,0,2,2,0,0,0,0,0,2,0,0,0,0,0,0,0,0,0,0,0,0,0,0,0,0,0,2,0,0,2,2,0,0,0,0,0,0,0,0,0,0,0,0,0,0,0,0,0,2,0,0,0,0,0,0,0,0,0,0,0,0,0,0,0,0,2,2,0,0,0,0,0,2,2,0,0,0,0,0,2,0,0,2,0,0,0,0,0,2,0,0,0,0,0,0,0,2,0,0,0,0,0,0,0,0,0,2,0,0,2,0,0,0,0,2,0,2,0,0,0,2,2,2,0,2,0,2,0,0,0,0,0,2,0,0,0,0,0,0,0,0,2,0,0,0,2,0,0,0,0,0,0,0,0,0,0,0,0,0,0,0,0,0,0,0,0,0,0,0,2,0,0,0,0,2,0,0,0,0,0,0,0,0,0,0,0,0,0,2,0,2,0,0,0,2,0,0,0,0,0,2,0,0,2,0,0,0,0,0,2,0,0,2,0,2,0,0,0,0,0,2,0,2,0,0,0,0,0,0,0,0,0,0,0,0,0,0,0,0,0,0,0,0,0,0,2,0,0,0,0,0,0,0,2,0,0,0,0,2,2,2,0,2,2,0,0,2,2,0,0,2,0,0,0,0,0,0,0,0,0,0,0,0,0,2,0,0,0,0,0,0,0,0,0,2,0,0,2,0,0,2,0,0,0,2,0,0,0,0,0,0,0,0,0,0,0,2,2,0,0,2,0,0,2,0,0,0,2,2,2,0,2,0,0,0,0,2,0,0,0,0,0,0,2,0,0,0,0,2,2,0,0,0,2,0,0,0,2,2,0,2,2,2,2,2,0,2,2,0,2,2,0,0,0,0,0,0,0,0,2,0,2,2,2,0,0,0,0,2,2,2,2,0,2,0,0,0,2,2,0,2,0,0,2,2,0,0,2,0,0,0,0,0,0,NA,0,0,0,0,2,0,2,0,0,0,0,0,0,2,0,0,0,0,0,0,0,0,0,0,0,0,0,0,0,0,2,0,0,0,0,0,0,0,0,0,0,0,0,0,0,2,0,0,0,0,0,0,0,0,0,2,0,0,NA,0,0,2,0,0,0,0,0,0,0,0,2,0,2,0,0,0,0,0,0,0,0,0,2,0,0,0,0,0,0,0,0,0,0,0,0,2,0,0,0,2,2,2,0,0,0,0,2,0,0,0,0,0,0,2,0,0,2,0,0,0,2,0,0,0,0,0,0,0,0,2,0,0,0,2,0,0,0,0,0,0,0,0,0,0,2,0,0,0,0,0,2,0,0,0,0,0,0,0,2,0,0,0,0,0,0,0,0,0,0,0,0,0,0,0,0,0,0,0,0,0,0,0,0,2,0,2,0,0,2,2,0,0,0,0,0,2,0,0,0,0,0,2,2,0,0,0,2,0,0,0,0,0,0,0,0,0,0,0,0,0,0,0,0,0,2,0,0,0,0,2,0,0,0,0,0,0,0,0,0,0,0,0,0,0,2,0,0,0,0,0,0,2,0,0,0,0,0,0,0,0,0,0,0,0,0,0,0,0,0,0,0,0,2,0,0,2,0,0,0,0,0,0,0,0,0,0,0,0,0,0,0,0,0,0,0,0,0,2,0,0,0,0,0,0,0,0,0,0,0,0,0,2,0,0,0,0,0,0,0,0,0,0,0,0,2,0,0,0,2,0,0,2,0,0,0,0,0,0,2,0,0,0,0,0,0,0,0,0,0,0,0,0,0,0,0,0,2,0,0,0,0,2,0,0,0,0,0,0,0,0,0,2,0,0,0,0,0,0,0,0,0,2,2,0,0,0,0,0,2,0,0,0,0,0,2,0,0,0,0,0,2,2,2,0,0,0,0,0,0,0,0,0,2,0,2,0,0,0,0,0,2,0,0,2,2,0,0,2,0,0,2,0,0,0,0,2,0,0,0,0,2,0,2,0,0,2,0,0,2,0,0,0,0,0,0,2,0,0,0,0,0,0,0,0,0,0,0,0,2,0,0,2,2,0,0,2,0,2,0,0,2,0,0,2,2,0,0,0,0,2,0,0,0,0,0,2,2,0,2,0,2,0,2,0,0,2,0,0,0,2,2,0,0,0,2,2,0,2,0,0,0,0,2,0,0,0,0,0,0,0,0,0,0,0,2,0,0,0,0,0,0,0,0,0,0,0,0,0,0,0,0,0,0,0,0,0,0,0,0,0,0,0,0,0,0,0,0,2,0,0,0,2,2,0,0,0,2,0,0,0,0,0,0,0,0,2,0,0,0,0,0,0,0,0,0,0,0,0,0,2,0,0,0,0,2,2,0,0,0,2,0,0,0,0,0,0,0,0,0,0,0,0,0,0,0,0,0,0,0,0,0,0,0,0,0,0,2,0,2,0,0,0,0,0,0,0,2,0,0,0,0,0,0,0,0,2,0,0,0,0,0,0,0,0,2,0,0,2,0,0,0,2,0,0,0,0,0,0,0,0,0,0,2,2,2,0,0,0,0,2,0,0,0,0,0,0,0,2,0,0,0,0,0,0,2,0,0,2,2,0,2,2,0,0,2,0,0,2,NA,0,0,0,2,0,0,0,0,0,0,0,0,0,0,2,2,0,0,0,0,2,0,0,0,0,0,2,0,0,0,2,2,0,2,0,2,0,2,2,2,0,0,0,0,0,0,0,0,0,2,0,2,0,2,0,0,2,0,0,0,0,0,0,0,0,2,2,0,0,2,0,2,0,2,0,0,0,2,0,0,0,0,0,0,0,0,0,0,0,0,0,0,0,0,0,0,0,0,0,2,0,0,0,0,0,0,0,2,0,2,0,0,0,0,2,0,0,0,2,0,0,0,0,0,0,0,0,0,0,2,0,0,0,0,0,0,0,0,0,0,0,0,0,2,0,0,0,2,0,0,2,0,2,0,0,2,0,0,0,0,0,0,2,0,0,0,0,0,0,0,0,2,0,0,0,0,2,0,2,0,0,0,0,0,0,0,0,2,0,0,0,0,2,0,0,0,0,2,0,0,0,0,0,0,0,0,0,0,0,0,2,0,0,0,0,0,2,0,0,0,0,0,0,0,2,0,0,2,2,0,2,2,0,0,2,0,0,2,2,0,0,0,0,0,0,0,0,0,0,2,0,2,0,2,0,0,0,0,0,0,0,0,2,0,0,0,0,2,0,0,0,0,0,0,0,0,2,0,0,0,0,2,0,0,0,0,0,0,0,0,0,0,0,0,0,0,0,0,0,0,0,0,0,2,0,0,0,0,0,0,0,0,0,2,0,0,0,0,2,0,0,0,2,0,0,2,0,0,0,0,0,0,0,0,0,0,2,0,0,0,0,0,0,0,0,0,0,0,0,0,0,0,2,0,0,0,0,0,0,0,0,0,0,0,0,0,2,0,0,0,0,0,0,0,0,0,2,0,0,0,2,0,0,0,0,0,2,0,0,0,0,0,0,0,0,0,0,2,2,0,0,0,0,0,0,0,2,0,0,0,0,0,0,0,0,2,2,0,0,2,0,0,0,0,0,0,0,0,2,0,0,2,2,0,0,0,0,0,0,0,0,0,0,0,0,0,0,0,0,0,0,0,0,0,0,2,0,2,0,0,0,0,2,2,0,0,0,2,0,0,0,0,0,0,0,0,0,0,2,0,0,0,0,0,0,0,0,0,0,0,0,0,0,0,0,0,0,0,0,0,0,0,2,0,0,0,0,0,0,2,2,0,0,0,0,0,0,0,0,0,0,2,0,0,0,0,0,0,0,0,0,0,2,0,0,0,2,0,0,2,0,0,0,0,2,2,2,0,0,0,2,2,2,0,0,0,2,2,0,2,0,0,0,0,0,2,0,0,0,0,0,0,0,2,0,0,0,2,0,2,0,NA,0,0,0,0,0,0,0,0,0,0,2,2,0,0,0,0,0,0,0,0,2,0,0,2,0,0,0,0,0,0,0,0,0,2,0,2,0,0,0,2,0,2,2,0,2,0,0,0,0,0,0,0,0,0,0,0,0,0,0,0,0,2,0,0,0,0,0,0,0,2,0,2,2,0,0,0,0,0,0,0,0,2,0,0,2,2,2,0,0,0,2,0,0,0,0,0,0,2,0,2,0,0,2,0,0,0,0,0,2,0,0,2,0,0,0,2,0,0,2,2,0,0,0,0,0,0,0,0,2,0,2,0,0,0,0,0,0,0,0,0,0,0,0,0,2,0,0,0,2,0,0,0,0,0,0,0,0,0,0,0,0,0,0,0,0,2,0,2,0,0,0,0,0,0,0,0,0,0,0,0,0,0,0,0,0,0,0,0,0,2,0,0,0,0,0,0,0,0,0,0,0,0,0,0,0,0,0,0,0,0,0,0,0,0,2,0,2,2,0,0,2,0,0,0,0,2,0,0,0,0,2,0,0,0,2,0,0,0,0,0,0,0,2,0,2,0,2,2,0,0,2,0,2,0,0,0,0,0,0,0,0,0,0,0,0,0,0,0,0,0,0,0,2,0,0,2,0,0,0,0,2,0,0,0,0,0,0,0,0,0,0,0,0,0,0,0,0,0,0,0,0,0,0,0,0,0,0,0,0,2,0,2,0,0,0,0,0,0,0,0,0,0,0,0,0,0,0,0,0,0,0,0,2,0,0,0,2,0,2,0,0,0,0,0,0,0,2,0,0,0,0,0,2,0,0,0,0,0,0,2,2,0,0,2,0,0,0,0,0,2,0,0,0,0,0,0,0,0,0,0,0,2,2,0,0,0,0,2,0,0,0,2,0,2,0,0,0,2,2,0,0,0,0,0,0,0,0,0,2,0,0,0,0,2,2,0,2,0,0,2,2,0,0,0,0,2,0,2,0,0,2,0,2,0,0,0,0,2,0,0,0,0,2,0,2,2,2,2,0,0,0,2,0,0,0,2,2,0,0,0,0,2,0,0,0,0,0,0,2,0,0,0,0,2,2,2,0,0,0,2,0,0,0,0,0,0,0,0,0,0,0,0,2,0,0,0,0,0,2,0,0,2,0,0,0,2,0,0,0,2,2,0,0,2,0,0,0,0,2,0,2,0,0,0,0,0,2,0,0,0,0,0,2,0,0,0,2,0,0,0,0,0,0,0,2,0,0,2,0,0,2,0,0,2,2,0,2,0,0,0,0,2,0,0,0,2,0,0,0,0,0,2,0,0,2,0,0,2,2,0,2,0,0,2,0,0,0,0,0,2,0,0,0,0,2,0,0,0,0,0,0,0,0,0,0,0,2,2,0,0,0,0,0,0,0,0,0,0,0,2,0,0,0,2,0,0,0,0,0,0,2,2,0,0,0,2,0,2,2,2,0,0,0,0,2,0,0,0,0,0,0,2,2,0,0,2,0,0,0,0,0,0,2,0,0,2,0,2,0,0,2,0,0,0,0,0,0,0,0,0,0,0,0,0,0,0,0,0,0,0,0,2,0,0,0,0,0,0,0,0,0,0,2,0,0,0,0,0,0,2,0,2,0,2,0,0,0,0,2,0,0,0,0,0,2,0,2,0,0,2,0,0,0,0,0,2,0,0,0,0,0,2,0,0,2,2,2,0,2,0,2,2,0,0,2,0,0,0,0,0,0,2,0,0,0,0,0,0,0,0,2,2,0,0,2,2,0,2,2,2,0,0,0,0,0,0,0,0,0,2,2,0,0,2,0,0,2,0,0,2,2,0,0,2,0,0,0,0,0,0,0,2,0,0,2,2,2,0,0,0,0,0,0,0,0,0,0,0,0,0,0,2,0,0,0,NA,0,2,0,2,0,0,0,0,0,NA,0,0,2,2,0,0,0,0,0,0,0,2,0,0,0,2,0,0,2,0,0,0,0,0,0,0,0,0,0,0,0,0,0,2,0,0,0,0,0,0,0,0,0,0,0,0,2,0,0,0,0,0,0,0,0,0,0,0,0,0,0,0,0,0,0,0,0,0,2,0,0,0,0,2,0,0,0,0,0,0,0,2,0,0,2,2,0,0,0,0,0,0,0,0,0,0,2,0,0,0,0,0
"CC122",0,2,0,0,2,0,0,0,0,0,0,2,0,0,2,2,0,0,0,0,0,2,0,0,0,NA,0,2,2,2,0,2,0,0,2,2,0,0,0,2,2,0,2,0,0,0,2,0,0,0,0,0,0,0,0,0,0,2,0,2,0,0,2,0,2,0,0,0,2,0,0,0,2,2,0,0,0,0,0,0,2,0,0,0,0,0,0,0,2,0,2,2,0,0,0,2,0,0,0,2,0,0,0,0,0,0,0,NA,0,0,0,0,0,0,0,0,0,0,0,2,0,0,0,2,0,2,2,0,2,0,0,0,2,2,0,0,0,2,2,NA,0,0,2,0,0,NA,0,2,0,2,0,2,0,0,2,0,0,0,2,0,2,0,0,0,0,2,0,2,0,2,0,0,2,2,0,2,0,0,0,0,2,0,2,0,0,0,0,0,2,0,2,0,0,2,0,0,0,0,NA,0,0,2,0,0,0,0,0,0,0,2,0,0,0,0,0,0,0,0,2,0,2,0,0,0,2,0,0,0,0,0,0,0,0,0,2,0,2,0,0,0,2,0,0,0,0,2,2,0,2,0,0,0,0,0,0,0,0,2,0,0,0,0,0,2,2,0,0,0,0,2,0,0,0,0,0,0,0,0,0,0,2,0,0,0,0,0,0,0,0,0,0,2,2,0,0,0,2,2,NA,0,0,0,0,0,0,0,2,0,2,0,2,2,2,2,0,0,0,0,0,0,0,2,2,0,0,0,0,0,2,0,0,0,0,0,0,0,0,0,2,0,0,0,0,0,0,2,0,0,0,2,0,2,0,0,0,2,0,2,2,0,2,2,0,2,0,2,2,2,0,0,0,0,0,0,0,0,0,0,0,0,0,0,0,0,2,0,0,2,0,2,0,0,0,2,2,2,2,0,0,0,2,0,2,0,0,0,0,0,0,2,0,0,0,0,0,0,2,0,0,2,0,2,0,0,2,2,0,2,0,0,0,0,2,0,0,0,0,0,0,0,0,0,0,0,0,0,0,0,0,0,2,0,0,0,0,0,0,0,2,2,2,2,2,0,2,2,0,2,0,0,2,2,0,2,0,2,0,0,0,2,0,0,0,0,0,0,2,2,0,0,0,2,0,0,2,2,2,0,0,0,2,0,0,0,2,0,0,0,0,0,0,0,0,0,2,0,2,0,0,0,0,2,0,0,2,2,2,NA,0,0,0,2,0,0,0,2,0,2,0,0,2,0,0,0,0,0,2,0,0,2,2,0,0,2,2,2,0,0,0,0,0,2,0,0,0,0,2,0,0,0,0,0,0,0,2,0,2,0,0,2,0,2,0,0,0,0,0,2,0,0,0,2,0,2,2,0,0,0,2,0,0,0,0,0,0,0,0,0,0,0,0,0,2,0,0,0,2,0,0,0,0,0,0,0,0,0,0,0,0,0,0,0,0,2,2,0,0,0,0,2,NA,0,2,0,0,2,2,0,0,2,0,0,2,0,0,0,2,0,0,0,0,0,0,2,2,0,0,0,0,0,0,0,2,0,0,0,2,0,2,0,0,0,0,0,2,0,2,0,0,0,0,0,0,0,0,0,0,2,2,0,0,0,0,0,0,0,0,0,2,0,0,2,2,0,0,2,2,2,0,0,0,0,0,0,2,0,0,0,0,0,0,0,0,0,0,0,0,0,0,0,0,0,2,0,0,2,0,0,2,2,2,0,0,0,0,0,0,0,0,2,0,0,0,2,0,0,0,0,0,0,0,0,0,0,0,2,2,2,0,0,0,2,0,2,2,0,0,2,2,2,2,0,0,0,2,2,0,0,0,0,0,2,0,2,0,2,0,0,2,2,2,0,0,0,0,2,2,2,2,0,0,0,0,2,2,2,2,0,0,0,0,0,0,0,2,0,0,0,0,NA,0,0,0,0,2,0,2,0,0,0,2,0,0,0,0,0,0,0,2,0,0,2,2,0,2,0,0,0,0,0,2,0,0,0,0,0,0,2,0,0,0,0,0,2,2,0,2,0,0,NA,0,0,0,0,NA,0,0,0,0,0,0,0,0,0,0,0,0,0,0,0,0,0,0,0,2,0,0,0,0,0,0,2,2,0,0,0,2,0,0,0,0,2,0,2,2,2,0,0,0,2,0,2,0,2,2,0,0,0,0,0,2,0,0,2,0,0,0,0,0,0,0,0,0,0,0,0,0,0,0,0,0,2,0,0,0,0,0,0,2,2,0,0,0,0,0,0,0,0,0,0,0,2,2,0,0,2,0,0,2,0,0,2,2,0,2,2,0,0,0,0,0,2,2,2,0,NA,2,2,0,2,0,0,0,0,0,0,2,0,0,2,2,0,0,0,0,0,0,0,0,0,2,2,0,0,2,0,0,0,0,0,2,2,0,2,NA,0,0,0,0,0,0,0,0,0,0,0,2,0,2,0,0,0,0,0,2,2,0,0,0,0,2,0,0,0,2,0,0,0,0,0,2,0,2,2,0,0,0,0,0,0,2,0,0,2,0,0,0,2,2,0,0,0,0,0,0,0,0,0,2,0,0,0,0,2,0,2,0,0,0,0,2,0,0,0,0,0,0,0,0,0,0,0,0,2,0,0,0,2,2,2,0,0,0,0,0,0,0,0,0,2,2,2,0,0,0,2,0,0,0,0,0,0,0,0,2,0,0,0,0,0,0,2,0,0,0,0,0,0,0,0,0,0,0,0,2,0,0,0,2,0,0,2,2,0,0,2,0,0,2,0,0,0,0,2,0,2,0,0,0,0,2,0,2,0,0,2,0,2,0,0,0,2,2,0,0,2,2,2,0,0,0,0,0,2,0,2,2,0,2,2,NA,2,0,0,0,0,2,2,0,0,0,0,0,0,0,0,0,2,0,0,0,0,0,0,0,0,2,0,2,2,0,0,0,0,0,2,0,2,2,0,2,0,0,0,0,0,0,2,0,0,0,2,0,0,2,0,0,2,0,0,2,0,2,0,0,0,0,0,0,0,0,0,2,0,0,0,2,0,0,0,2,0,0,0,0,0,0,0,2,2,0,0,0,0,0,0,0,0,0,0,0,0,0,0,2,0,0,0,0,0,0,0,0,2,0,0,0,0,2,2,2,0,0,0,2,0,2,0,0,2,0,0,0,0,0,0,NA,0,0,2,2,0,0,2,2,0,0,0,0,0,0,0,0,0,0,0,2,0,0,2,0,0,NA,0,0,0,0,0,0,0,0,2,0,2,0,2,0,0,0,0,0,0,0,2,2,0,0,0,2,0,0,0,0,0,0,0,0,0,0,2,0,2,0,0,0,0,0,2,0,0,0,0,2,0,0,2,0,0,0,0,0,2,0,0,0,0,0,0,0,0,0,0,0,0,0,0,0,2,0,0,0,0,0,0,0,0,0,0,2,0,0,0,2,2,2,0,0,0,0,0,0,0,0,0,2,2,2,0,0,0,0,0,0,0,0,0,0,0,0,2,0,0,0,0,0,2,0,0,0,0,0,2,0,0,2,2,2,2,0,2,2,2,0,0,2,0,0,0,0,0,0,2,2,NA,0,2,0,NA,0,0,0,0,2,2,0,0,0,0,0,2,0,2,0,0,2,0,0,0,2,2,2,0,0,0,0,2,0,0,0,0,2,0,0,0,0,0,0,0,0,2,0,0,0,0,0,0,0,0,2,0,0,0,0,0,0,0,0,2,0,0,0,2,0,0,0,0,0,0,0,0,2,0,0,0,0,0,0,2,0,0,2,2,2,0,0,0,0,0,2,0,2,0,0,0,2,0,2,0,0,2,0,0,2,2,0,2,0,2,2,0,0,2,2,2,0,2,2,0,0,0,2,0,2,0,0,0,0,0,0,0,0,0,0,0,0,2,0,0,2,2,NA,0,0,2,2,0,0,0,0,0,2,2,2,0,2,0,0,0,0,2,0,NA,2,2,0,0,0,2,0,0,0,0,0,0,0,0,2,0,0,0,0,0,0,0,0,0,2,0,0,0,0,0,0,0,0,0,0,0,0,0,0,0,0,2,2,0,0,0,0,0,0,2,0,0,0,0,0,0,2,0,0,0,0,0,0,0,0,0,0,0,0,0,0,2,0,2,0,0,0,0,0,0,0,0,0,0,0,0,0,0,2,0,0,0,2,0,0,2,0,0,0,0,0,0,0,0,0,0,0,0,0,0,2,0,0,0,0,0,0,0,0,NA,0,2,0,0,0,0,2,0,0,0,NA,0,0,0,0,0,2,0,0,2,0,0,0,2,0,0,0,0,2,0,0,0,0,2,0,0,0,0,0,0,0,0,0,0,2,0,0,0,0,0,2,0,0,0,0,0,2,0,0,2,2,0,0,0,0,0,0,0,2,0,0,2,0,0,0,0,2,0,0,2,2,0,2,2,2,0,0,0,0,0,2,0,2,0,2,0,0,0,0,0,2,0,2,0,0,0,0,0,0,0,0,2,0,0,0,0,0,0,0,0,0,0,0,2,0,2,0,0,0,0,0,0,0,2,0,0,2,0,0,0,0,0,0,2,0,0,0,2,0,0,NA,0,0,0,2,0,2,0,0,2,0,2,0,0,0,0,0,0,0,0,0,2,0,2,0,0,0,0,0,0,0,0,2,0,0,0,0,0,0,0,0,0,0,0,0,2,0,0,0,0,0,0,2,0,0,0,0,0,0,0,0,2,0,0,0,0,0,0,0,0,0,0,2,0,0,2,0,0,2,0,0,0,0,0,0,2,0,0,0,0,0,0,0,0,0,2,0,0,0,0,2,0,0,0,2,2,2,0,0,0,0,0,0,2,0,0,0,0,0,2,0,2,0,0,0,0,0,0,0,0,0,0,0,0,0,0,0,0,0,0,2,2,0,0,0,0,0,0,NA,0,2,0,0,0,0,2,0,0,0,0,2,0,2,0,2,0,0,0,0,0,0,0,0,0,0,0,0,NA,2,0,0,0,0,0,0,0,2,0,2,0,2,0,0,0,0,2,0,0,0,0,0,0,0,0,0,2,0,2,2,0,2,0,0,0,2,2,0,0,0,0,0,0,2,0,NA,0,2,2,0,2,2,0,2,0,0,0,0,0,0,2,0,0,0,0,0,0,0,0,0,0,0,2,2,0,0,0,2,2,2,0,0,0,0,0,0,0,0,0,0,2,0,0,2,0,2,0,0,2,0,0,0,0,0,2,2,0,2,0,0,0,0,2,2,0,0,0,0,0,0,0,0,0,0,0,0,2,0,0,2,0,0,0,0,0,0,2,0,0,0,0,0,2,0,0,0,0,0,0,0,0,0,0,0,0,0,2,0,0,0,0,2,0,0,0,2,2,0,0,0,0,0,0,0,0,2,2,0,0,0,0,0,2,0,2,2,0,2,2,2,2,0,0,0,0,2,0,0,2,0,0,0,0,2,2,0,0,0,0,2,0,0,0,0,0,0,2,0,0,0,2,0,0,0,0,0,0,0,0,0,2,0,0,0,0,0,0,0,2,0,0,0,2,0,0,0,0,0,2,0,0,0,0,0,0,0,0,0,0,0,0,0,0,0,0,0,2,0,0,0,0,0,0,0,0,0,0,2,0,0,0,0,2,0,2,0,0,2,0,2,0,0,0,0,0,0,0,0,0,2,0,0,0,0,0,0,0,0,0,0,0,0,0,0,0,0,2,2,0,0,0,0,0,0,0,0,0,0,0,0,0,0,0,0,0,0,0,0,0,2,0,0,0,0,0,0,0,0,0,0,0,2,0,0,0,0,0,0,0,0,2,0,0,0,0,0,0,0,0,0,0,0,0,0,2,0,2,0,2,2,0,0,2,2,0,0,0,0,2,0,0,0,2,0,0,0,0,0,2,0,0,0,0,0,0,0,0,2,0,2,0,0,2,0,0,0,2,0,2,2,0,0,0,2,NA,2,2,0,0,0,0,0,2,0,0,0,0,0,0,2,0,0,0,0,0,0,0,0,0,0,0,0,0,0,0,0,0,0,0,0,0,0,0,2,0,0,2,0,0,0,2,0,2,0,2,0,2,2,0,0,0,0,0,0,0,0,0,2,0,0,0,0,0,0,0,0,0,0,0,0,0,0,0,0,0,0,0,0,0,0,2,0,0,0,0,2,0,0,0,2,0,0,0,0,2,0,0,0,2,0,0,0,0,0,0,2,NA,0,0,0,0,0,0,0,2,0,0,0,0,2,0,2,0,2,0,2,2,0,0,2,0,0,0,0,2,2,0,0,2,0,2,0,2,0,0,2,0,0,0,0,0,0,0,2,0,0,0,0,0,0,2,0,0,0,2,0,0,0,0,0,0,2,0,2,0,0,2,0,2,0,0,0,0,2,0,0,0,2,0,0,2,0,2,0,0,0,0,0,0,0,2,0,0,0,0,0,0,0,0,0,2,0,0,0,2,0,0,0,0,0,2,0,2,0,2,0,0,0,2,0,0,0,0,0,0,0,0,2,0,0,2,0,2,0,0,0,0,2,0,0,0,0,0,0,0,0,0,0,0,0,2,0,2,2,0,0,2,0,0,0,2,0,0,0,0,2,0,2,2,2,0,2,0,0,0,0,0,2,0,2,2,0,0,0,0,0,0,2,0,0,0,2,0,2,0,0,0,2,0,0,0,0,2,0,2,0,0,0,0,0,0,0,0,0,0,0,0,0,0,2,0,0,0,0,0,0,0,2,0,2,2,0,2,0,2,2,0,0,2,0,0,0,0,0,0,2,0,0,0,0,0,0,2,0,0,0,0,0,0,0,0,0,2,0,0,2,2,0,0,0,2,0,0,0,0,0,0,0,0,0,2,0,0,NA,0,0,0,0,0,0,0,0,2,0,0,0,0,2,0,0,0,0,0,0,0,0,0,0,0,0,0,0,0,0,0,0,0,0,0,0,0,0,0,2,2,2,0,0,0,0,2,2,0,0,0,0,0,0,2,0,0,0,0,0,0,2,0,0,0,0,0,0,0,0,2,0,0,2,2,0,0,0,0,0,0,0,0,0,0,0,0,0,0,2,0,2,0,2,0,0,0,2,0,0,0,0,2,0,0,0,0,0,0,0,2,0,0,0,0,0,0,0,0,0,0,2,0,0,2,0,0,0,0,2,2,0,0,0,0,0,2,0,0,0,0,0,2,0,0,0,0,2,0,0,0,0,0,0,0,0,0,0,0,0,0,0,0,0,0,2,0,0,0,0,2,0,0,0,0,0,0,0,0,0,0,0,0,0,0,0,0,0,0,0,0,0,2,0,0,0,0,0,0,2,0,0,0,0,2,0,0,0,0,0,0,0,0,2,0,0,2,0,0,0,0,0,0,0,0,0,0,0,0,0,0,0,0,0,0,0,0,0,2,0,0,0,0,0,0,0,0,0,0,0,0,0,0,0,0,0,0,0,0,0,0,0,0,0,0,2,0,0,0,2,0,0,0,0,2,0,0,0,0,0,0,0,0,0,0,0,0,0,0,2,0,0,0,0,0,0,0,0,0,2,0,0,0,0,0,2,2,0,0,0,2,0,0,0,0,2,0,2,0,0,2,0,2,0,0,0,0,2,0,0,0,2,2,0,0,0,0,0,0,0,0,2,2,2,0,0,2,0,0,2,0,0,0,0,0,2,0,0,0,0,0,0,0,2,0,0,0,0,0,0,2,0,2,0,0,0,0,0,0,0,0,0,2,0,0,0,0,2,2,0,0,0,0,0,2,0,0,2,0,0,2,2,0,0,0,0,0,0,0,2,0,2,0,0,0,0,0,2,0,0,0,2,0,0,0,0,2,0,0,0,0,0,0,2,0,0,0,0,0,0,2,0,2,2,0,0,2,2,0,0,2,0,0,2,0,0,2,0,0,0,0,2,0,0,0,0,0,0,0,0,0,0,0,2,0,0,2,2,0,0,2,0,2,2,2,2,0,0,0,2,0,0,0,0,0,0,0,0,0,0,0,0,2,0,2,2,2,0,0,0,0,0,0,0,0,0,0,0,2,0,0,0,0,0,0,0,2,0,0,0,2,0,2,2,0,2,0,0,0,0,2,2,0,0,0,2,2,0,2,0,2,0,0,0,0,0,0,0,0,0,0,0,0,0,0,0,0,0,0,0,0,0,0,0,0,0,0,2,2,0,2,0,0,2,0,0,0,2,0,2,0,2,0,0,0,0,2,0,2,2,0,0,2,0,0,2,0,0,0,0,0,0,2,0,0,0,2,0,0,0,2,0,2,0,2,2,0,0,0,0,0,2,2,0,2,0,0,0,0,0,2,0,0,0,0,0,2,0,2,2,2,2,2,0,0,2,2,0,2,0,2,2,0,0,0,0,2,0,0,0,0,0,0,0,2,2,0,2,0,NA,0,0,0,0,0,0,0,0,0,0,NA,0,0,0,0,0,0,2,0,0,0,0,0,0,0,0,0,0,0,0,0,0,0,2,0,0,0,0,0,0,2,0,0,0,0,2,2,0,0,2,0,2,0,0,0,0,0,0,0,0,0,0,0,0,0,0,0,0,2,NA,0,0,2,0,0,0,2,2,0,0,0,0,2,0,0,2,0,2,0,0,0,0,0,0,2,2,0,0,0,2,0,0,0,0,2,0,2,0,0,0,0,2,0,0,0,0,0,0,2,2,0,0,0,0,0,0,0,2,0,0,0,2,0,0,2,0,0,0,0,0,2,0,2,0,0,0,2,0,2,0,0,2,0,0,0,0,0,2,0,2,0,2,0,0,0,0,2,0,0,0,0,0,0,0,0,2,0,0,0,0,0,0,0,0,0,0,0,0,2,2,0,0,0,0,0,0,0,2,2,0,2,2,0,0,0,0,0,2,2,2,2,NA,0,0,2,2,0,0,0,2,0,0,0,0,0,2,0,2,2,0,0,0,2,0,2,2,0,0,2,2,0,0,0,0,0,0,0,0,0,2,2,0,0,0,0,0,0,0,2,2,0,0,0,0,0,0,0,2,2,0,0,0,2,0,0,2,0,0,2,0,0,0,0,2,0,0,0,0,0,0,0,0,2,0,0,0,0,0,2,0,0,0,2,0,0,0,0,2,2,2,0,2,0,0,0,2,0,2,2,0,0,2,0,0,0,2,0,2,0,0,2,0,0,0,0,0,0,0,0,0,2,0,0,0,0,2,0,0,0,0,2,0,0,0,0,2,0,2,2,0,2,0,0,0,0,0,0,2,0,0,2,0,0,0,0,0,0,0,0,0,0,0,0,2,2,0,0,2,2,0,0,0,0,0,0,0,2,2,0,2,NA,0,0,0,0,0,0,0,2,2,2,0,0,0,0,0,2,0,2,0,0,0,0,0,0,0,0,0,0,0,0,0,0,0,0,2,0,0,2,0,0,0,0,2,0,0,2,2,2,0,0,0,2,2,0,0,0,0,0,0,0,2,0,0,0,0,0,2,0,0,0,0,0,2,0,0,0,0,0,0,0,0,0,0,0,2,0,0,0,0,0,2,0,NA,0,0,0,0,0,0,0,0,0,2,0,0,0,0,2,0,0,2,2,0,0,0,0,0,0,0,2,0,0,0,0,0,0,0,0,0,0,2,2,0,0,0,2,0,0,0,0,0,0,0,0,0,0,2,0,0,0,0,0,0,0,0,0,0,2,0,0,0,0,2,0,0,0,0,2,2,0,0,0,0,0,0,0,0,0,0,0,0,0,2,0,0,0,0,0,0,0,0,0,0,2,0,0,0,0,0,0,2,2,0,0,0,0,0,0,0,0,0,0,0,0,2,0,0,0,0,0,0,0,0,0,0,0,0,0,0,0,2,0,0,0,0,0,0,0,0,0,0,0,0,0,0,0,0,0,0,0,2,0,0,0,0,2,0,0,0,0,2,2,0,0,0,0,2,0,0,2,0,2,0,0,0,0,2,0,0,2,0,0,0,0,2,2,0,2,2,2,0,0,2,0,0,2,0,2,2,0,0,0,0,0,0,0,0,0,0,0,0,0,0,0,0,0,0,0,0,0,2,0,0,2,0,0,0,0,2,0,0,2,0,0,0,0,0,2,0,0,0,0,0,2,2,NA,2,0,2,0,2,0,2,0,0,0,2,0,0,0,0,0,2,2,0,0,2,2,2,0,2,2,2,0,2,0,0,0,0,0,0,2,0,0,0,0,0,0,0,0,0,2,0,0,0,2,2,0,0,0,2,0,0,0,2,0,2,0,0,0,0,2,0,0,0,2,0,0,0,2,0,0,2,NA,0,0,0,0,0,0,0,2,0,2,0,0,0,0,0,0,0,0,2,0,0,2,0,0,0,2,0,0,0,0,0,0,0,0,0,0,0,0,0,0,0,0,0,2,0,0,0,2,2,0,0,0,0,0,0,0,0,0,0,0,0,0,0,0,0,0,0,0,2,2,0,0,0,2,0,0,0,0,0,0,0,2,2,0,0,0,0,0,0,2,0,0,NA,2,0,0,0,0,0,0,2,0,0,0,0,2,0,0,0,0,2,0,0,0,0,0,0,0,2,0,2,0,2,0,2,0,2,0,2,0,2,0,0,0,2,0,0,0,0,0,2,2,2,2,2,2,0,0,0,0,0,0,0,0,0,0,2,2,0,0,0,0,0,0,0,0,0,0,0,0,0,2,0,0,2,0,2,0,0,0,0,2,2,2,2,0,0,0,2,0,0,0,0,2,2,0,0,0,0,2,0,0,0,0,0,0,0,0,0,0,2,2,0,0,2,0,0,0,0,0,0,2,0,0,0,0,0,0,0,0,2,0,0,0,0,2,2,2,0,0,0,0,2,2,0,0,2,0,2,0,0,0,0,0,0,2,NA,2,0,0,0,2,0,0,2,0,0,0,0,2,2,0,0,0,0,0,0,0,0,2,2,2,0,2,0,0,0,0,0,0,2,0,0,0,0,0,0,0,0,0,0,0,0,0,0,2,0,0,0,0,0,0,NA,2,0,0,0,0,0,0,2,0,0,0,0,2,0,2,0,0,0,0,0,0,0,2,0,2,0,0,2,0,0,0,0,0,0,0,0,0,0,0,2,0,0,0,0,2,0,0,0,2,2,2,0,0,0,0,0,2,2,0,0,0,0,2,0,2,0,2,0,0,2,0,0,0,0,0,0,2,2,2,2,0,0,2,2,0,0,0,2,0,0,0,0,0,0,0,0,2,2,0,0,2,0,2,0,0,0,0,0,0,0,2,0,0,0,0,2,0,0,2,2,2,0,0,0,2,0,0,0,0,0,0,2,2,0,2,0,0,0,0,0,0,0,2,0,2,0,0,0,0,0,0,0,0,0,0,2,0,0,0,0,0,0,0,2,2,0,2,0,0,0,0,NA,2,0,0,2,0,0,0,0,2,0,2,0,0,0,0,0,0,0,2,0,0,0,2,0,2,0,2,2,0,0,0,0,0,0,0,0,0,0,0,0,2,0,0,0,0,0,0,2,0,2,0,0,0,0,0,0,NA,0,2,0,0,0,0,0,0,0,0,0,0,2,0,2,0,0,0,0,2,0,2,0,2,0,2,0,0,2,0,0,0,NA,0,0,2,0,0,2,0,0,2,0,0,0,0,0,0,0,2,0,0,0,2,0,0,0,2,0,0,0,2,0,0,0,0,0,2,0,0,0,0,0,0,2,0,0,0,0,0,0,0,0,0,0,0,0,0,2,0,0,0,0,0,0,0,0,0,2,0,0,0,0,2,2,0,0,2,2,0,0,0,0,0,2,0,2,0,2,0,0,0,0,2,0,0,2,0,0,0,0,2,0,2,0,0,0,0,0,0,0,2,2
"CC123",0,2,2,0,NA,0,0,0,0,0,0,2,0,0,0,2,0,0,0,0,2,2,2,0,0,0,0,2,0,0,0,2,0,0,2,2,0,0,0,0,2,0,0,2,2,0,2,2,0,0,0,2,0,2,0,2,2,0,0,0,0,0,2,2,0,0,0,2,2,2,0,2,2,2,2,0,0,2,0,0,0,0,0,0,0,0,2,0,2,0,0,2,0,0,0,0,0,0,0,2,0,0,0,0,0,0,0,2,0,2,2,0,0,0,0,0,0,0,0,2,0,0,0,2,0,0,0,2,0,2,0,0,0,0,0,0,0,2,0,0,0,0,0,2,0,NA,2,0,0,2,2,2,0,0,2,0,0,0,2,0,2,0,0,2,2,0,0,0,0,0,2,2,0,0,0,0,0,0,0,0,0,0,0,0,0,0,0,2,0,0,0,0,0,0,0,0,0,0,NA,0,0,2,2,0,0,0,0,0,0,0,0,0,0,0,0,0,0,0,0,0,0,0,0,0,0,0,0,0,0,0,0,0,0,0,2,0,2,0,0,2,2,0,2,0,0,0,0,0,2,0,0,0,0,0,0,0,0,2,2,0,0,0,0,2,2,0,2,0,0,2,0,0,0,0,0,0,0,0,0,0,2,0,0,0,0,0,0,2,0,0,0,2,2,0,0,0,2,0,0,0,0,0,0,0,0,0,2,0,2,0,2,2,2,0,0,0,0,2,0,2,0,2,0,0,0,0,0,2,2,2,0,0,2,0,0,0,2,2,0,0,2,2,2,0,0,2,2,2,0,2,2,0,0,0,0,2,0,0,0,2,2,2,2,2,2,2,2,2,0,0,0,0,0,2,2,0,0,2,0,0,0,0,0,0,2,2,0,0,0,2,2,0,0,2,2,2,2,0,0,0,0,0,2,2,0,2,0,0,0,2,0,0,0,0,0,2,2,0,0,2,0,2,0,0,0,0,2,0,0,2,2,0,0,0,0,NA,0,0,0,0,0,0,0,0,0,0,0,0,0,2,2,0,0,0,2,2,0,2,0,0,0,0,0,0,0,0,0,2,0,0,2,2,2,2,0,0,0,0,0,0,0,0,0,0,0,0,0,0,0,2,0,0,0,2,0,0,2,0,2,0,2,0,2,2,0,0,0,0,2,0,0,0,0,0,0,0,0,0,2,0,0,2,0,0,0,0,0,0,0,0,0,0,0,0,2,0,0,0,0,2,0,0,0,2,0,0,0,0,0,0,0,0,0,0,0,2,0,0,0,0,0,0,0,0,0,0,0,0,0,0,0,0,0,0,2,0,0,0,2,0,0,2,0,0,0,0,0,0,0,0,2,0,0,2,2,0,2,0,2,0,0,0,0,0,0,0,0,0,2,0,0,2,0,0,0,0,0,0,0,0,0,2,0,0,0,2,0,0,0,0,0,0,0,2,2,0,0,0,0,2,2,0,0,2,0,2,0,0,2,0,0,0,2,0,0,0,2,0,0,0,0,0,2,2,2,0,0,2,0,2,0,0,2,0,0,0,2,0,0,0,2,0,2,0,2,0,0,0,0,0,0,0,0,0,0,0,0,0,0,0,0,0,0,NA,0,0,0,0,0,0,0,0,2,0,0,0,0,0,0,0,0,0,0,0,2,2,0,0,2,0,0,2,0,0,0,0,2,0,0,0,0,0,0,0,0,0,0,0,2,2,0,2,0,0,0,0,0,0,0,2,0,0,0,2,0,0,0,0,0,0,0,0,0,0,2,0,0,2,2,0,0,2,0,0,0,0,0,2,2,0,2,0,0,0,0,2,0,0,0,0,0,2,0,0,2,0,2,0,0,0,0,0,0,0,0,0,0,2,0,0,0,0,2,0,0,0,2,2,0,0,0,0,0,0,0,0,0,0,0,0,2,0,0,0,0,0,2,0,0,0,0,0,0,0,0,0,0,0,0,0,2,0,0,0,2,0,0,0,0,0,0,0,2,0,2,0,2,2,2,0,0,0,0,2,0,2,0,0,2,0,0,2,0,0,0,0,2,0,0,0,0,0,2,0,0,0,0,2,0,0,0,0,NA,0,0,NA,0,0,0,0,2,0,0,2,0,0,0,0,0,2,2,2,2,2,2,0,0,2,0,0,2,0,0,0,0,0,0,0,0,0,0,0,2,0,0,0,2,0,0,0,0,2,2,0,0,0,0,2,0,0,0,0,0,0,0,0,0,2,0,0,0,0,0,0,2,0,0,0,0,0,0,0,0,0,0,0,0,0,0,0,0,0,0,0,0,0,0,0,2,0,0,0,0,0,2,2,0,0,0,0,0,0,0,0,0,0,0,0,0,0,0,0,0,0,0,0,0,0,0,0,0,0,0,0,0,0,0,0,2,0,0,0,0,0,0,0,0,0,2,0,0,2,0,0,0,0,0,0,0,0,NA,0,0,0,0,0,2,2,0,0,2,0,0,0,2,0,0,0,0,0,2,0,0,0,2,0,0,0,0,0,0,0,0,2,0,0,NA,2,NA,0,0,0,2,0,0,0,0,0,0,2,0,0,0,2,0,0,0,0,0,0,2,0,0,0,0,0,0,0,0,2,0,0,2,2,0,0,0,0,0,0,0,0,0,0,0,0,0,0,0,2,2,2,0,0,0,0,0,0,0,0,0,2,0,0,2,2,0,0,0,0,0,2,0,0,0,0,0,0,0,0,0,0,0,0,0,0,0,0,2,0,0,0,0,0,0,2,0,0,0,0,0,0,0,2,0,2,0,0,0,2,2,0,2,0,0,0,0,2,0,0,0,2,0,0,0,0,0,2,0,0,2,0,0,2,0,2,2,0,0,0,0,0,0,0,0,2,0,0,0,2,0,0,0,0,0,0,0,0,0,NA,NA,0,2,0,2,0,2,0,2,0,2,0,2,0,0,2,0,0,0,0,2,0,2,0,0,0,0,0,0,0,0,0,2,0,0,0,2,0,0,0,2,0,2,0,0,0,0,2,0,0,2,2,2,0,0,0,2,0,0,0,0,0,0,0,0,0,0,0,0,2,0,0,0,0,0,0,0,2,0,0,0,0,0,0,2,0,0,0,0,0,0,0,2,2,0,0,0,0,0,2,2,0,0,0,0,2,2,0,2,2,0,0,0,2,0,0,0,0,0,2,2,0,0,2,0,0,0,0,0,0,0,2,2,0,2,0,0,0,2,2,0,0,NA,0,0,2,0,0,0,0,0,2,0,2,0,2,0,0,0,0,2,0,0,0,2,0,0,2,0,2,0,0,0,0,0,0,0,0,0,0,0,2,0,2,0,0,0,0,0,0,0,0,2,0,0,2,0,0,0,0,0,0,2,0,0,0,0,0,0,0,0,0,0,0,0,0,0,2,0,2,0,0,0,0,0,0,0,0,2,0,0,0,2,2,2,0,0,0,0,0,0,0,2,0,2,0,0,0,0,0,0,0,2,2,0,2,0,0,0,0,0,0,0,0,2,2,2,0,0,0,0,2,0,0,2,2,2,0,0,0,0,2,0,0,0,2,2,0,0,0,0,2,0,0,2,0,0,0,0,0,2,0,0,2,2,0,0,0,0,2,0,0,0,0,2,0,0,0,0,0,0,0,0,0,0,2,2,0,0,0,0,0,0,0,0,0,2,0,2,0,0,0,0,0,0,0,0,0,0,0,0,2,0,0,0,0,2,0,2,2,0,0,0,0,0,0,0,0,2,0,0,2,0,0,0,2,2,0,0,0,0,0,0,0,0,0,0,2,0,0,0,0,0,2,0,0,0,2,0,0,0,0,2,0,0,0,0,0,0,2,2,0,0,0,0,0,0,0,0,2,0,0,0,0,0,0,0,0,2,0,0,0,0,0,0,0,0,0,0,2,0,0,0,0,0,0,0,0,0,0,0,0,2,0,0,0,0,0,0,0,0,0,0,0,2,0,0,2,0,0,2,0,0,0,0,2,0,0,0,0,0,0,0,0,0,0,2,0,0,0,0,0,0,0,0,0,0,0,0,0,0,0,0,0,0,0,0,0,0,0,0,2,0,0,0,0,0,0,2,0,0,0,0,0,0,0,2,0,0,2,0,0,0,0,0,0,0,0,2,0,0,0,0,0,0,2,0,0,2,2,0,0,0,0,0,2,0,0,0,0,0,2,0,2,0,0,0,2,0,0,2,0,0,2,0,0,0,0,0,0,0,0,0,2,0,0,0,0,2,0,0,0,0,0,0,0,0,0,2,0,2,0,0,0,0,0,0,0,0,0,2,0,0,0,0,0,0,0,0,0,0,0,0,0,0,0,2,0,0,0,0,0,0,2,0,0,0,0,2,0,0,0,0,2,0,0,0,0,0,0,2,0,0,2,0,0,0,0,0,0,0,2,0,0,0,0,2,0,0,0,0,0,2,0,2,0,0,0,0,0,0,0,2,0,2,0,0,2,0,0,0,0,0,0,2,0,2,2,0,0,0,0,0,0,0,2,0,2,0,0,2,2,0,0,0,2,0,0,2,0,0,2,0,0,0,2,0,0,2,2,0,0,0,0,0,0,0,2,0,0,0,0,0,2,0,2,0,0,0,0,0,0,0,0,2,2,0,0,0,0,0,0,0,0,0,0,0,0,0,0,0,2,0,2,0,0,0,0,0,0,0,2,0,0,0,0,0,0,0,0,0,2,2,2,0,0,0,2,0,0,0,0,2,0,2,0,2,0,2,2,0,0,2,2,0,2,0,0,0,0,0,0,0,0,0,0,0,0,0,0,0,0,0,0,0,0,2,0,0,0,0,0,0,0,2,2,0,0,2,0,0,0,0,0,0,0,0,0,2,0,0,0,0,2,0,0,0,0,0,0,0,0,2,0,0,0,0,0,0,0,0,0,2,0,0,2,0,0,0,0,2,0,0,0,2,0,0,0,0,0,2,0,0,0,0,0,0,0,0,0,2,0,0,0,0,0,0,0,0,0,2,0,2,0,0,2,2,0,0,0,0,0,0,0,2,0,0,0,0,2,0,0,2,0,0,0,0,2,0,0,0,0,0,2,0,0,NA,0,2,2,2,0,0,0,0,0,0,2,0,0,0,2,2,0,2,0,2,0,2,0,0,0,0,2,0,2,0,0,0,0,0,0,0,0,0,0,2,2,0,0,0,0,0,0,2,0,2,2,0,2,0,0,0,0,0,0,0,0,2,2,0,0,0,0,0,0,0,2,0,0,2,0,0,0,0,0,0,0,0,0,0,0,0,2,0,0,0,0,0,0,0,0,0,2,0,0,0,0,0,0,0,0,0,0,0,0,0,2,0,0,0,0,2,0,0,0,0,0,0,0,2,0,0,0,2,0,0,0,0,0,0,0,2,0,0,0,0,0,2,2,0,2,0,0,0,0,0,2,2,0,0,0,0,0,2,2,0,0,0,0,2,0,2,0,0,0,0,0,0,0,0,0,0,0,0,0,0,0,0,0,0,0,0,0,0,0,0,0,0,0,0,0,0,2,0,0,0,0,0,0,0,0,0,0,2,0,2,0,0,0,0,0,2,0,0,0,0,0,0,0,0,0,0,0,0,0,0,0,0,0,0,0,0,0,0,2,0,0,0,0,2,0,0,2,0,2,0,0,0,0,0,0,0,0,2,0,0,0,0,0,0,0,0,0,0,0,0,0,0,0,0,0,0,2,0,0,0,0,0,0,0,2,0,0,0,0,0,0,0,0,2,2,2,2,0,0,0,0,0,0,0,2,2,0,2,2,2,0,0,0,2,0,0,0,0,0,0,0,0,0,0,0,0,2,0,0,0,0,0,2,0,0,0,2,0,0,0,0,0,0,0,0,0,2,2,0,0,0,0,2,0,2,2,2,0,2,0,0,NA,0,2,0,0,2,0,0,0,0,0,2,2,0,0,0,NA,2,2,0,0,0,0,2,0,0,0,0,2,0,2,0,2,2,0,2,0,2,0,0,0,0,0,0,0,0,0,2,0,0,0,0,0,0,0,0,0,0,0,2,0,0,0,2,2,0,0,0,0,0,0,0,0,2,0,2,2,0,2,0,2,0,0,0,0,0,0,0,0,0,0,0,0,0,0,0,0,0,0,2,0,0,0,2,0,0,2,2,2,0,2,0,0,0,0,0,0,0,0,2,2,2,0,0,0,2,2,0,2,2,0,0,0,0,0,0,0,2,0,0,0,0,0,0,0,0,0,0,0,2,2,0,2,0,0,0,0,0,0,2,0,0,0,0,0,0,0,2,0,0,NA,0,0,2,0,0,0,0,0,0,0,0,0,2,2,0,0,2,0,2,2,2,0,0,2,0,0,2,2,0,0,0,0,0,2,0,0,0,0,0,0,0,NA,0,0,0,0,0,0,0,0,0,2,2,2,0,0,2,0,0,2,0,0,0,NA,0,0,2,0,0,0,0,0,0,0,2,0,0,0,2,2,2,0,0,0,0,0,2,0,0,0,0,0,0,0,2,0,0,0,0,0,0,2,0,0,0,0,0,2,0,0,0,0,2,0,0,0,0,0,0,0,0,2,2,0,0,0,2,2,0,0,2,2,0,0,0,0,0,0,0,0,2,0,0,0,0,0,0,0,0,0,0,0,0,0,0,0,2,0,0,0,0,0,0,2,0,0,0,0,0,2,0,0,0,0,0,2,0,NA,0,2,0,0,0,0,0,0,0,2,0,0,0,2,0,2,0,2,2,2,0,0,0,0,0,0,0,0,2,0,2,0,0,0,0,0,2,2,0,0,0,0,0,0,0,0,0,0,0,0,0,0,0,0,2,0,0,0,0,0,0,0,0,2,2,2,0,0,0,0,0,0,0,0,0,0,0,0,0,2,0,2,0,0,0,0,0,0,0,0,2,2,0,0,0,0,0,0,0,0,0,0,0,0,2,0,0,0,2,2,2,0,0,0,2,2,2,0,0,0,0,0,2,0,0,0,0,0,0,0,0,0,0,0,0,0,0,0,0,0,0,0,0,0,0,2,0,0,0,0,0,0,2,0,0,0,0,0,0,0,0,0,0,0,2,0,0,0,0,0,0,0,0,0,0,0,0,0,0,0,0,0,0,0,0,0,0,0,0,0,0,0,2,0,2,2,0,2,0,0,0,0,0,2,2,0,0,2,0,0,2,0,0,0,0,2,0,0,0,0,0,0,0,0,0,0,0,0,0,0,0,0,0,0,0,0,0,0,2,0,2,0,0,0,0,0,0,0,2,0,0,0,0,0,0,0,0,0,0,0,2,0,0,0,0,0,0,2,0,0,0,0,2,0,0,0,0,0,0,0,0,2,0,0,0,0,0,0,2,0,0,0,0,0,0,0,0,0,0,0,0,0,0,0,0,0,0,0,0,0,0,2,2,0,2,0,0,0,0,0,2,0,0,0,0,0,0,0,0,0,0,0,0,0,0,0,0,2,0,0,2,NA,2,0,0,0,0,0,0,0,0,2,0,0,0,0,0,0,0,NA,0,0,0,2,0,0,0,0,0,0,2,2,0,0,2,0,2,0,2,0,2,0,0,2,0,0,0,0,0,0,2,0,0,0,0,0,0,0,0,2,0,2,0,2,0,0,0,0,0,2,2,2,0,2,0,0,0,0,0,0,2,0,2,2,0,0,0,0,0,0,0,0,0,0,0,0,0,0,0,0,2,2,0,0,0,0,0,0,0,0,0,0,0,0,0,2,2,0,0,0,0,0,2,0,0,0,0,0,0,0,0,0,0,0,0,0,0,0,0,2,0,2,0,0,0,2,0,0,0,0,0,NA,2,2,2,0,0,0,0,0,0,0,0,0,0,0,NA,0,2,0,0,0,0,0,2,2,0,0,2,2,0,0,0,2,0,0,0,2,0,2,0,0,0,0,0,0,0,0,0,0,0,2,0,2,2,2,2,0,2,0,0,0,0,2,0,0,0,2,0,0,0,0,2,2,0,0,0,0,0,0,0,0,2,2,0,0,0,0,0,0,0,0,0,0,0,0,0,0,0,0,2,0,0,0,0,0,0,0,2,0,2,2,0,2,0,2,0,0,2,2,0,0,0,2,2,0,2,0,0,NA,2,0,0,0,0,0,0,0,0,2,0,2,0,0,0,0,0,0,0,0,0,0,0,0,2,0,0,0,0,0,0,0,0,2,0,0,0,0,2,0,2,0,2,0,0,0,0,0,0,2,0,2,0,0,0,0,0,2,0,2,2,0,0,2,0,0,0,0,0,2,0,0,0,0,2,0,2,0,0,2,2,0,0,0,0,0,0,2,2,0,0,0,2,0,0,0,2,2,0,2,2,0,0,0,0,0,0,0,0,0,0,0,0,0,2,0,0,0,0,0,0,0,2,2,0,0,0,0,0,0,0,0,0,0,0,0,0,0,0,0,0,0,0,0,0,0,0,0,0,2,0,0,0,2,0,0,0,0,0,0,0,0,0,0,0,0,0,0,2,0,0,0,2,0,0,0,0,2,0,2,0,0,0,0,0,0,0,0,0,0,0,0,0,0,2,0,2,0,0,0,2,0,0,0,0,2,0,0,0,2,2,0,2,2,0,0,0,2,0,0,0,0,0,2,0,0,0,0,2,0,0,0,2,0,0,0,0,0,2,0,0,0,0,0,2,0,2,2,0,0,0,2,0,0,0,2,0,0,2,0,0,2,2,0,0,0,0,2,0,0,0,0,0,0,0,0,0,0,0,0,0,0,0,0,0,2,0,0,NA,0,2,0,0,0,0,0,0,0,2,0,0,0,0,2,0,0,0,0,2,0,0,0,0,0,0,0,0,2,0,0,0,0,0,0,0,2,2,0,2,2,0,0,2,0,0,0,0,2,0,NA,0,2,0,2,0,0,0,2,0,0,0,0,0,2,0,2,0,0,0,0,2,0,2,0,0,0,2,2,0,0,0,0,2,0,0,0,0,2,2,0,0,0,0,0,0,0,2,2,0,2,0,0,0,0,0,0,2,0,0,0,2,0,0,2,0,2,0,0,2,0,0,0,0,0,0,0,0,0,0,0,2,0,0,0,0,0,0,0,0,0,2,0,0,0,0,0,0,0,0,2,0,0,0,2,0,0,0,0,0,0,0,0,0,2,0,2,2,0,0,0,0,0,0,0,2,0,0,0,0,0,2,0,0,2,0,0,0,2,2,0,0,0,0,2,0,2,2,0,0,0,0,0,0,0,0,2,0,2,2,0,0,0,0,0,0,0,0,0,0,0,0,2,2,0,0,2,2,0,0,0,0,0,0,0,0,2,0,2,NA,0,0,0,0,0,0,0,2,2,2,0,0,0,0,0,2,0,2,0,0,0,0,0,0,0,0,0,0,0,0,0,0,0,0,2,0,0,2,0,0,0,0,0,2,0,0,0,2,2,0,0,0,2,0,0,0,0,0,0,0,0,0,0,0,2,2,2,0,0,0,0,0,2,0,0,0,0,0,0,0,0,0,0,2,2,0,2,0,2,0,0,0,NA,0,0,2,0,0,0,0,0,2,0,0,0,0,2,2,0,0,0,2,2,0,0,0,0,0,0,2,2,0,2,0,0,0,0,0,0,0,2,0,0,0,0,0,2,0,0,0,0,0,0,0,0,2,2,2,0,0,0,0,0,0,0,0,0,0,0,0,0,0,0,0,2,0,0,2,0,0,0,0,0,0,0,0,2,0,0,0,0,0,0,0,0,0,0,0,0,0,0,0,0,2,0,0,2,0,0,0,2,0,0,0,0,0,0,0,0,0,2,0,0,0,2,0,2,0,0,0,0,0,0,0,0,0,0,0,0,0,0,0,0,2,0,0,0,2,0,0,0,0,0,0,0,0,0,0,0,0,0,2,0,0,0,0,0,0,0,0,0,0,0,0,0,0,0,0,0,2,0,0,0,0,0,0,2,0,0,0,0,0,0,0,2,0,0,0,0,0,2,0,2,0,2,0,0,2,2,0,0,0,0,2,0,0,2,0,0,0,0,0,2,2,0,0,0,0,0,0,0,0,0,0,0,0,0,0,0,0,0,2,0,0,0,0,0,2,0,0,0,0,0,0,0,NA,0,0,2,0,0,0,2,0,0,0,0,0,0,0,0,0,0,0,2,0,0,0,0,0,0,0,2,0,2,0,0,0,2,0,0,0,0,0,0,0,0,0,0,2,0,0,0,2,0,0,2,0,0,0,2,0,2,0,0,0,0,0,0,0,0,0,2,0,0,0,2,0,0,2,0,0,0,0,0,0,0,0,0,0,0,2,0,0,2,0,0,0,0,2,0,2,2,0,0,0,2,0,0,2,0,0,2,0,0,0,2,2,2,2,0,0,0,2,0,2,0,0,0,2,2,0,0,0,0,0,0,0,0,0,0,2,0,0,0,2,0,0,0,0,0,0,2,2,0,0,2,2,2,0,2,2,0,0,0,0,0,2,0,0,2,2,2,0,0,0,0,0,0,0,2,2,0,0,2,0,0,0,0,0,0,0,2,0,0,2,0,0,0,2,0,2,2,0,0,0,0,0,0,0,0,0,0,2,0,0,2,0,0,0,0,2,2,2,0,0,0,0,0,0,0,0,2,0,0,0,0,0,0,2,0,2,0,2,0,2,0,0,0,2,2,0,0,0,0,0,0,0,0,2,0,0,0,0,0,2,2,0,2,0,2,0,0,0,2,0,0,0,0,0,0,0,0,0,0,0,0,0,0,0,0,2,0,0,0,2,0,0,2,0,0,2,0,0,2,2,0,0,0,0,0,0,0,0,2,0,0,0,0,0,0,0,0,0,0,0,0,0,0,0,0,0,2,0,0,0,0,0,0,0,0,0,0,2,0,2,0,0,0,0,0,0,0,0,0,0,0,0,0,0,0,0,0,0,0,0,0,2,0,0,0,2,0,0,0,0,0,0,0,2,0,0,0,0,0,0,0,0,0,0,0,0,0,0,0,0,0,0,0,0,0,0,0,0,2,0,0,0,0,0,2,2,0,2,0,0,0,2,0,2,0,0,0,2,0,0,0,2,2,0,0,0,0,0,0,0,0,0,0,0,2,0,0,0,0,2,2,2,0,0,0,0,0,0,0,0,0,0,2,0,0,0,0,0,0,2,2,0,0,0,0,0,0,2,2,2,2,0,0,2,2,0,0,0,0,2,0,0,0,0,0,0,0,2,2,0,0,0,0,2,0,0,0,0,0,0,0,0,0,2,0,0,0,0,0,2,2,2,2,0,0,2,0,0,0,0,0,0,2,2,0,2,0,0,0,0,0,0,0,0,0,0,2,2,0,0,0,0,0,0,0,0,0,2,0,0,0,0,0,0,2,2,0,0,2,2,0,0,0,0,0,0,2,0,0,0,0,2,2,0,0,0,2,0,0,0,0,2,0,0,0,2,0,0,0,0,2,0,0,0,0,0,0,0,0,0,0,0,2,0,0,0,0,0,0,0,0,0,2,0,0,2,0,0,0,0,0,2,0,0,0,0,2,0,0,0,0,0,2,0,0,0,0,2,0,2,0,2,2,0,0,0,0,0,0,0,0,0,0,0,0,0,0,0,2,0,0,0,0,0,0,0,0,0,0,2,0,0,0,0,0,0,0,2,0,0,0,2,0,0,2,0,0,2,0,0,0,2,0,2,2,0,0,2,0,0,2,0,0,0,2,0,0,0,2,2,0,2,0,0,0,2,0,0,2,0,0,0,2,0,2,2,0,0,2,0,0,0,0,0,2,0,2,0,0,0,0,0,0,0,0,0,2,0,0,0,0,0,0,0,0,2,0,0,0,0,0,2,0
"CC124",0,2,2,0,2,0,0,0,0,0,0,0,0,0,2,2,2,2,0,2,0,NA,0,0,0,0,0,0,2,0,0,2,0,0,2,2,0,0,0,0,2,0,0,2,2,0,0,0,0,0,0,2,0,2,0,0,0,0,0,2,0,0,0,2,0,0,0,2,2,2,0,0,0,0,0,0,0,2,0,0,2,0,0,0,0,2,2,0,2,0,0,0,0,0,0,0,0,0,0,0,0,0,0,2,0,0,0,0,0,0,2,0,0,0,0,0,0,0,0,0,0,0,0,2,0,0,0,2,0,0,0,0,2,0,0,0,0,0,0,0,0,0,0,0,0,0,2,0,0,2,0,0,0,0,0,0,0,0,0,0,0,0,0,2,2,2,2,0,0,0,2,2,0,0,0,0,0,0,2,0,0,0,0,0,0,0,0,2,2,0,0,0,0,0,0,0,0,0,0,0,0,2,0,0,2,0,0,0,0,0,0,0,0,0,0,0,0,0,2,0,0,2,0,0,2,0,0,0,2,0,0,0,0,0,0,0,2,0,2,0,0,0,0,0,2,0,2,0,2,0,0,0,2,0,2,0,2,2,2,0,0,0,0,2,0,0,0,2,0,0,0,0,0,0,0,0,2,2,2,0,2,0,0,0,2,0,0,2,0,0,0,2,2,0,2,0,0,2,0,0,0,2,0,0,0,0,2,0,2,0,0,0,NA,0,0,0,0,2,0,2,0,0,0,0,0,0,0,0,2,0,0,0,0,0,0,0,0,0,0,0,0,0,0,0,0,0,0,0,0,0,2,2,0,0,0,0,0,0,0,0,0,0,0,0,0,0,0,0,0,0,0,0,2,0,0,0,2,0,0,0,0,0,0,0,2,0,0,2,0,0,0,0,0,0,0,0,0,0,2,2,0,0,0,0,0,0,0,0,0,2,0,0,2,0,0,0,0,0,0,0,0,2,0,0,2,2,0,2,2,2,0,0,0,2,0,0,0,0,0,0,0,0,0,0,0,0,0,0,2,0,0,0,0,2,0,0,0,0,0,0,0,0,0,0,0,0,0,2,0,0,0,0,0,0,0,2,0,0,0,2,0,0,0,0,2,0,2,0,0,0,0,0,0,0,2,2,2,0,0,0,0,0,0,0,0,0,0,0,0,0,0,0,2,0,2,0,2,0,0,0,0,2,0,0,0,0,0,NA,0,0,0,2,0,0,0,2,0,2,0,2,0,0,0,0,0,0,0,0,0,2,0,0,0,2,0,0,0,0,0,0,0,0,0,0,0,0,2,0,0,2,0,0,2,0,0,0,0,0,0,0,0,0,0,0,0,0,2,0,0,0,0,0,2,0,2,0,2,0,0,0,0,0,0,0,0,0,0,0,2,0,0,0,2,2,0,NA,0,0,0,0,0,0,2,2,2,0,2,0,2,0,2,0,0,0,0,0,0,0,0,0,2,2,2,0,2,0,0,0,0,0,0,0,2,0,0,0,0,0,0,0,0,2,0,0,0,0,0,2,0,2,0,2,2,0,2,0,0,2,2,0,0,0,0,0,0,0,0,0,0,0,0,0,0,0,0,0,2,0,0,0,0,2,0,0,0,0,0,0,0,0,0,2,0,0,0,0,2,0,2,0,0,0,0,2,0,2,0,0,2,2,0,0,0,2,0,0,0,0,0,0,0,0,0,0,0,0,0,0,0,2,0,0,0,0,0,0,0,0,0,0,0,0,0,2,0,0,0,NA,2,2,2,2,0,0,0,0,2,2,0,0,0,0,0,0,0,2,0,2,0,2,0,0,0,2,0,2,0,0,0,0,0,0,2,0,0,0,0,0,0,0,2,0,2,0,0,0,2,0,0,2,0,0,2,0,0,0,2,0,0,0,0,0,0,0,0,0,2,0,0,0,0,0,0,0,0,0,2,NA,0,2,0,0,0,0,2,0,0,0,0,0,0,0,2,0,0,0,0,2,0,0,0,0,0,0,0,0,0,2,0,0,0,0,0,0,0,2,2,0,0,2,0,0,0,0,2,0,0,0,0,0,0,0,0,2,2,0,0,0,0,0,0,0,0,0,2,2,0,0,0,0,0,0,0,0,0,0,0,0,0,2,0,0,0,0,0,0,0,0,0,0,0,2,2,0,0,0,0,0,0,0,2,0,0,0,0,0,0,0,0,0,0,0,0,0,2,0,0,0,2,0,0,0,0,0,2,0,2,0,0,0,0,0,2,0,2,0,0,0,0,0,0,0,0,0,0,0,2,2,0,0,0,0,0,0,0,0,2,0,0,0,0,0,0,0,0,2,0,0,0,NA,0,0,2,0,0,0,0,0,0,0,0,0,0,0,0,2,0,0,0,0,0,0,0,0,0,0,0,2,0,0,0,0,0,0,0,0,2,0,0,0,0,2,0,0,0,0,0,0,0,2,2,0,0,0,0,0,2,2,0,0,2,0,0,0,2,0,2,2,2,0,2,0,0,0,2,0,0,0,0,0,0,0,0,0,0,0,0,0,0,0,0,0,0,0,0,2,2,0,2,0,2,0,0,0,0,0,0,0,0,2,0,2,0,0,0,2,2,0,0,2,0,2,0,2,0,0,2,0,2,2,2,0,2,0,0,0,0,0,0,0,0,0,0,0,0,0,0,0,0,0,2,2,0,0,0,0,0,2,0,0,0,0,0,0,0,2,0,0,0,2,0,2,0,0,0,2,0,0,0,0,0,0,0,0,2,0,0,0,0,0,0,0,2,2,0,2,2,0,0,2,2,0,2,2,0,0,2,0,0,2,0,2,0,0,0,0,0,2,0,0,0,2,0,2,2,2,0,2,0,2,0,0,0,0,0,0,0,0,0,0,0,0,0,2,2,0,2,2,0,0,0,0,0,0,0,0,2,0,0,0,0,0,2,2,2,2,NA,2,0,0,2,0,2,0,0,0,0,0,2,0,0,0,2,2,0,0,0,0,0,0,2,0,2,0,0,0,0,2,2,2,0,0,0,0,0,2,0,0,0,0,0,0,0,NA,0,0,0,0,0,0,0,2,0,0,2,0,0,2,0,2,0,0,2,0,2,0,0,0,0,0,0,0,2,2,0,0,2,0,0,0,0,2,0,2,2,0,2,0,0,2,0,2,0,0,0,0,0,0,0,0,0,0,0,2,0,0,2,0,0,0,2,0,0,2,0,0,0,0,2,2,0,0,2,0,0,0,0,0,0,0,0,0,0,2,0,2,0,0,0,0,0,0,2,0,2,0,0,0,0,0,0,0,0,0,0,0,0,2,2,0,0,2,0,2,2,0,0,0,0,0,0,0,0,0,0,2,0,0,2,0,0,0,0,0,0,0,0,0,0,0,0,0,0,0,2,0,0,2,0,0,0,0,0,2,0,0,0,2,0,2,0,0,2,2,0,0,0,0,0,2,2,0,0,0,0,0,0,0,0,0,2,0,2,0,0,0,0,0,0,0,0,0,2,0,0,0,0,0,0,0,0,0,0,0,0,0,0,2,0,2,0,0,2,0,0,0,0,2,0,0,0,0,0,0,0,0,0,0,0,0,0,0,0,0,0,0,0,0,0,0,0,0,0,2,0,0,0,0,0,0,0,0,0,2,0,0,2,0,0,0,2,2,0,0,0,0,0,0,0,0,0,0,0,2,0,0,0,0,2,0,0,0,0,0,2,2,2,0,2,0,0,0,2,0,0,0,0,2,0,0,0,2,0,0,0,0,0,2,0,0,0,0,0,2,0,0,0,2,0,0,0,2,0,0,0,0,0,2,0,0,0,0,0,0,0,0,2,0,2,0,2,0,0,0,0,0,0,0,2,2,0,0,0,0,0,2,0,0,0,0,0,0,0,0,0,0,0,0,0,2,2,0,0,0,2,0,2,0,2,0,0,0,0,0,0,0,0,0,2,2,2,2,2,2,0,2,0,0,0,0,0,0,0,0,0,0,0,0,0,0,0,0,2,2,2,2,0,0,0,0,0,0,2,2,0,0,2,0,2,0,0,0,0,2,2,0,0,0,0,0,0,0,2,0,0,0,0,0,0,0,0,0,2,2,2,2,0,2,2,0,2,0,2,0,2,0,2,0,2,0,0,0,2,2,0,0,0,0,2,2,0,0,0,2,2,0,0,2,0,0,0,0,0,0,2,0,0,0,0,0,0,0,2,2,2,0,0,0,0,0,0,0,0,0,0,2,0,0,0,0,2,0,0,0,0,0,0,0,0,0,0,0,0,0,0,2,0,0,0,0,2,0,2,0,0,0,0,0,0,0,0,0,0,0,2,0,0,0,0,0,0,0,0,0,0,2,0,0,0,2,2,2,0,0,2,0,0,0,0,0,0,0,0,0,0,2,2,0,0,0,0,0,0,0,0,0,0,0,0,0,0,2,0,0,0,0,2,0,0,0,2,0,0,0,0,0,0,0,0,0,0,0,0,2,0,0,0,0,0,2,0,2,0,0,2,0,0,0,0,0,0,0,0,0,2,0,2,2,0,0,2,0,0,0,0,0,0,0,0,0,0,0,0,0,0,0,2,0,0,0,2,0,0,2,0,0,0,0,0,0,0,0,0,2,0,2,0,0,2,2,0,2,0,0,0,2,2,2,2,2,0,0,0,0,2,0,2,0,0,0,0,0,0,0,0,0,0,0,0,0,0,0,0,0,0,0,0,0,0,0,2,0,2,0,0,0,0,0,0,0,0,0,0,0,0,0,0,2,0,0,0,0,0,0,0,0,0,0,2,0,0,0,0,2,2,0,2,0,0,0,0,0,2,2,0,0,0,2,0,0,2,2,0,0,0,0,2,0,0,0,2,0,0,0,0,2,0,2,0,0,0,0,0,0,0,0,0,0,0,0,0,0,0,2,2,0,0,0,0,0,0,0,0,0,0,2,0,0,0,0,0,0,0,0,0,0,0,0,0,2,0,2,0,0,0,0,0,2,0,0,0,0,0,0,0,2,0,0,0,0,0,0,2,2,0,0,0,0,0,0,0,0,0,2,0,0,0,0,0,0,0,0,2,0,0,0,2,0,2,0,0,2,2,0,0,0,0,0,0,0,0,2,2,0,2,2,0,0,0,0,0,0,0,0,2,2,0,0,2,2,2,0,0,0,2,0,0,0,2,0,0,2,0,0,2,2,2,0,0,0,0,0,2,0,0,2,2,0,0,2,0,0,0,2,2,0,0,0,0,0,0,0,0,2,0,0,0,0,2,0,2,0,2,0,0,0,0,2,2,0,0,0,0,0,0,0,0,2,2,0,2,0,0,2,0,0,0,0,0,0,0,0,2,0,0,0,0,0,0,0,0,0,0,0,0,0,0,0,0,0,0,0,0,2,0,0,0,0,2,0,2,0,0,NA,2,0,0,2,2,0,0,0,0,0,0,0,0,0,0,0,0,0,0,2,0,0,0,0,0,0,2,0,0,0,0,0,0,2,0,0,0,2,0,0,0,0,0,0,0,2,0,0,0,2,2,2,0,0,2,2,0,0,0,0,0,0,0,0,0,0,2,0,0,0,0,0,2,0,0,0,0,0,2,0,0,0,0,0,0,0,0,0,0,0,0,2,0,0,0,0,0,0,0,0,0,0,2,0,0,0,2,0,2,0,0,2,0,2,0,0,0,2,2,0,0,0,0,2,2,0,0,0,0,0,0,0,0,0,0,2,2,0,0,0,0,0,0,0,0,0,0,0,0,0,0,0,0,0,0,2,0,0,2,2,0,0,0,0,0,2,2,0,0,0,2,0,0,0,0,0,0,0,0,0,0,2,0,0,0,0,0,0,0,2,0,0,0,0,0,0,2,0,0,0,0,0,0,0,0,2,0,0,0,0,0,0,0,0,0,2,0,0,0,0,2,0,0,0,0,0,0,0,0,2,0,0,2,2,2,0,0,0,0,0,0,0,0,0,2,0,0,2,0,0,0,0,2,0,2,2,2,0,0,0,2,0,0,0,0,0,0,0,0,2,2,0,0,2,0,0,0,0,0,2,0,2,0,2,0,0,0,0,0,2,0,0,0,2,0,0,2,0,0,0,0,0,0,0,0,0,0,0,0,0,2,0,0,0,2,0,0,0,0,0,0,2,0,0,0,0,0,0,0,2,0,0,0,0,0,0,2,0,0,0,0,0,0,0,0,0,0,0,0,0,0,0,2,2,0,0,0,2,0,0,0,0,2,0,0,0,0,0,0,0,0,0,0,0,0,0,2,0,0,0,0,2,0,0,2,0,0,2,0,0,0,2,0,2,0,0,0,0,2,0,0,0,2,0,0,0,0,2,0,0,0,0,0,0,0,2,0,2,0,0,0,0,2,2,0,0,0,0,0,0,0,2,0,0,0,0,2,0,0,0,0,2,0,2,0,0,0,0,0,0,2,2,0,0,0,0,0,0,0,0,0,2,0,2,2,2,2,0,0,0,0,2,0,0,0,0,2,0,0,2,0,0,0,0,0,0,2,0,2,0,0,0,0,0,0,0,0,0,0,0,2,0,0,0,0,2,2,0,0,0,0,0,0,0,0,2,0,0,2,0,2,0,0,0,2,0,2,2,0,2,0,2,0,0,2,0,2,0,2,0,0,2,0,0,2,0,0,0,2,2,0,2,0,0,2,0,0,0,0,0,2,0,NA,0,2,0,2,0,0,0,0,2,0,0,0,0,0,0,0,0,0,0,0,0,0,0,0,0,0,0,0,0,0,0,0,2,0,0,0,2,0,0,0,0,0,0,0,0,0,2,2,2,2,2,0,0,2,2,2,0,0,0,0,0,0,0,2,2,0,2,0,0,0,0,0,2,0,0,0,2,0,0,0,0,2,0,0,2,0,0,0,0,0,0,0,0,0,0,2,0,0,0,0,0,0,0,0,2,0,0,0,2,2,2,2,2,0,0,2,0,2,0,0,0,2,2,0,0,2,2,0,0,0,0,0,0,2,2,0,NA,2,2,0,0,0,2,0,0,0,0,0,0,0,0,0,0,0,0,0,0,0,0,2,0,0,2,2,0,0,0,0,0,0,0,0,0,2,0,0,0,0,0,0,2,0,2,0,0,2,0,0,0,2,0,0,2,0,NA,0,0,0,2,0,0,0,0,0,2,0,0,0,0,0,0,0,2,2,0,2,0,0,0,0,2,0,0,0,2,2,0,0,0,2,0,0,0,2,0,0,0,0,0,0,0,0,0,2,0,0,0,0,0,0,0,0,0,0,0,0,2,2,0,0,0,0,0,0,0,2,0,0,0,0,0,0,0,0,2,0,0,0,0,0,0,0,2,2,0,0,2,0,0,0,2,2,0,2,0,0,2,2,2,0,2,2,0,2,0,0,0,0,2,0,0,0,0,0,0,0,0,0,0,0,2,0,0,0,0,0,0,0,0,0,0,0,0,0,0,0,0,2,0,0,0,NA,0,2,0,0,0,2,0,0,0,0,0,0,0,0,2,0,0,NA,0,0,0,0,0,0,2,0,0,0,0,0,0,0,0,0,2,0,0,0,2,0,0,0,2,0,0,0,2,2,2,2,0,2,2,0,0,0,0,0,0,2,0,0,0,0,0,0,0,2,0,0,2,2,2,0,0,0,0,0,0,0,0,0,2,0,0,0,0,0,0,0,0,0,0,0,0,0,0,0,0,2,2,0,0,0,0,0,0,0,0,0,0,0,2,2,2,0,0,0,0,0,0,0,0,0,0,0,0,0,0,0,0,0,2,2,NA,0,0,0,0,0,2,0,2,0,0,0,0,0,0,0,0,0,0,0,0,0,2,0,0,0,0,0,2,2,0,2,2,0,0,0,0,0,2,2,0,0,2,0,2,2,2,0,0,0,2,0,0,0,0,2,0,0,0,0,0,0,0,0,0,0,0,0,2,2,2,0,2,2,0,0,0,2,0,0,0,0,0,0,0,2,0,2,0,0,0,0,0,0,0,0,0,0,0,0,0,0,0,0,2,0,0,0,0,0,0,0,0,0,2,0,0,0,0,0,0,0,2,0,2,2,0,2,2,2,2,0,2,2,0,0,0,0,0,0,2,0,0,NA,2,0,0,2,0,0,0,2,0,2,0,2,2,0,2,2,0,2,0,0,0,0,0,0,2,0,0,0,0,0,0,0,0,2,NA,0,0,0,2,0,2,0,0,2,0,2,0,0,2,0,0,0,2,0,0,2,0,0,0,0,2,0,2,0,0,0,0,0,0,0,0,0,0,0,2,0,2,0,0,0,2,0,0,0,0,0,0,0,0,0,0,0,0,0,0,0,0,0,0,0,0,0,0,0,0,0,0,0,0,0,0,2,0,0,0,0,0,0,0,0,0,0,2,2,0,0,0,0,0,0,0,0,0,0,0,0,0,0,0,0,0,0,0,0,0,0,0,0,0,2,0,0,2,0,0,0,0,0,0,0,0,0,0,0,0,0,0,0,2,0,0,0,0,0,0,0,0,2,0,2,0,2,0,0,0,0,0,0,0,0,0,0,0,0,0,0,0,0,0,0,0,0,0,0,2,0,0,2,0,0,0,0,2,0,0,0,0,2,0,0,0,0,2,0,0,0,2,0,0,0,0,0,0,NA,0,0,0,0,0,2,0,0,0,0,0,0,0,0,0,0,2,2,0,0,0,2,0,0,0,0,0,0,0,0,0,0,0,0,2,2,2,0,2,0,2,0,2,0,0,2,0,2,0,2,0,0,0,0,0,0,0,0,0,0,2,0,0,0,0,0,0,0,0,0,0,0,0,0,0,0,0,0,0,0,0,0,0,2,0,0,0,0,0,0,0,2,2,0,2,0,0,0,0,0,0,2,0,0,0,0,0,0,0,2,0,0,0,2,0,0,0,2,0,2,2,2,NA,2,0,0,2,0,2,2,0,0,2,2,0,0,0,0,0,0,0,0,0,0,0,0,0,0,0,0,0,0,0,0,0,0,0,0,0,0,0,0,0,0,0,0,0,0,0,2,0,0,0,0,0,0,0,0,0,0,0,0,0,0,0,0,2,0,0,0,0,0,0,0,0,0,2,0,0,0,0,0,0,2,0,2,0,0,0,2,0,2,2,0,0,2,0,0,0,2,0,2,0,0,2,0,0,0,0,0,0,0,0,0,2,0,0,0,0,2,0,0,0,0,2,0,0,0,0,2,0,2,2,0,0,0,0,0,0,0,0,2,0,0,2,0,0,0,0,0,0,0,2,0,0,0,0,0,0,0,2,2,2,2,0,0,0,0,0,2,0,2,0,0,0,2,0,0,0,0,0,0,0,0,2,2,0,0,0,0,0,0,0,2,0,0,2,0,2,0,0,0,0,0,0,0,0,0,0,0,0,0,2,0,0,0,0,2,0,0,0,0,2,0,0,0,0,0,0,0,0,0,0,0,0,0,0,2,0,0,0,0,0,0,0,0,0,2,0,0,0,0,0,0,0,0,0,2,0,2,0,2,0,2,2,0,0,0,0,0,2,0,2,0,0,2,0,0,0,0,0,2,2,0,0,0,0,2,0,2,0,0,0,0,2,0,0,0,0,0,0,0,0,0,2,0,2,2,0,0,0,2,0,0,0,0,0,2,2,0,2,0,0,0,0,0,0,0,0,2,0,0,0,0,0,0,0,0,0,0,0,2,2,0,2,0,0,0,0,0,0,0,0,0,0,0,2,0,0,0,0,0,0,0,0,0,0,0,2,0,2,0,2,0,0,2,0,0,0,0,0,0,0,0,0,0,0,0,0,2,0,0,0,0,0,0,0,0,0,0,0,0,0,0,0,0,2,0,0,0,0,0,0,0,0,0,0,0,0,0,0,2,0,0,0,2,0,2,0,0,0,0,0,0,0,2,2,0,2,0,2,0,0,0,2,0,0,0,0,0,0,2,0,0,2,0,0,0,0,2,0,0,0,2,2,0,0,0,2,0,0,0,0,0,0,0,0,0,0,0,0,0,0,0,0,0,0,0,2,0,0,0,0,0,0,2,0,0,0,0,0,0,0,0,0,0,0,2,0,0,0,0,0,0,0,0,0,0,0,0,0,0,0,2,0,0,0,0,0,0,0,0,0,0,0,0,0,0,0,0,0,0,2,2,0,0,0,2,0,0,0,0,0,2,0,0,2,0,0,0,0,2,0,2,0,2,2,0,2,2,0,0,2,0,0,2,0,0,0,2,0,0,0,0,0,0,0,2,0,2,2,0,0,0,2,0,0,2,0,0,0,0,0,0,0,0,0,0,2,0,0,0,0,0,2,0,0,2,0,0,0,2,0,0,0,0,0,0,0,2,0,0,2,0,0,0,0,0,0,0,0,0,0,0,0,2,0,0,0,0,0,2,0,0,0,0,0,0,0,2,2,0,0,0,0,2,0,0,2,0,2,0,2,0,2,0,0,0,0,0,2,2,0,0,0,0,0,0,2,0,0,0,2,0,0,0,2,0,0,2,0,0,2,0,2,2,0,2,2,0,0,0,2,0,0,0,0,2,2,0,0,0,0,0,0,2,0,2,2,0,0,0,0,2,2,0,0,2,2,0,2,2,2,0,2,0,0,0,0,0,0,0,0,0,0,2,2,0,2,0,0,0,0,0,0,0,0,0,2,0,0,0,0,0,0,2,0,2,2,0,2,2,2,2,0,2,0,0,0,0,0,0,2,0,0,0,0,0,0,0,0,0,0,0,0,2,2,0,0,0,2,2,0,2,0,0,0,0,0,2,0,0,0,0,0,0,0,0,0,2,0,0,0,0,0,0,0,0,0,0,0,2,0,2,0,2,0,0,0,0,0,0,0,0,0,2,2,0,2,0,2,0,2,0,0,0,0,0,0,0,0,0,2,0,0,0,0,2,0,0,0,0,2,2,0,0,0,0,0,0,0,0,0,0,2,0,0,0,0,0,0,0,0,0,0,0,0,0,0,0,0,0,0,0,0,0,0,0,0,2,0,0,0,0,0,2,2,0,2,0,0,0,0,0,2,0,0,0,0,0,0,0,2,2,0,0,0,0,0,0,0,0,0,0,0,0,0,0,0,0,2,2,2,2,0,0,0,0,0,0,0,0,0,0,0,0,2,0,0,0,0,2,0,0,0,0,0,0,2,2,0,2,0,0,2,2,0,0,0,0,0,2,0,0,0,0,0,0,0,0,0,0,0,0,0,0,0,0,0,2,0,0,0,0,0,0,0,2,0,0,2,2,0,0,0,0,0,0,0,0,0,0,0,0,2,0,2,0,0,0,0,0,0,0,2,0,0,0,2,0,0,0,0,0,0,0,2,2,0,0,0,0,0,0,0,2,2,0,0,0,0,0,0,0,0,0,0,2,0,0,0,0,2,0,0,0,0,2,0,0,0,0,0,0,2,0,0,0,0,0,0,2,2,0,2,0,0,0,0,0,0,0,0,0,0,0,0,0,0,0,0,0,0,2,0,2,0,0,0,0,NA,0,2,0,0,0,2,0,0,0,0,0,2,2,0,0,0,2,0,0,0,0,0,0,2,0,0,0,0,0,0,0,0,0,0,0,0,0,0,2,0,2,0,0,0,0,0,0,0,0,2,0,2,2,2,0,0,0,2,0,0,0,2,0,0,0,0,0,0,0,0,2,0,0,2,2,0,0,2,0,0,0,0,0,0,0,2,0,0,2,0,0,2,0,0,0,0,0,0,2,0,0,0,0,0,2,0,2,0,0,2,0,2,2,0,2,0,0,0,0,0,0,0,0,0,0,0,2,0,0,0,0,2,0,2,0,0,0,2,0,0,0,2,2
"CC125",2,0,0,0,0,0,0,0,0,0,0,0,0,0,0,0,0,0,0,0,0,0,0,0,2,0,0,0,0,2,2,0,0,0,0,0,2,2,0,0,0,2,2,0,0,0,0,0,0,0,2,0,0,0,0,0,0,0,0,0,0,0,2,0,0,0,0,0,0,0,0,0,0,2,0,0,0,0,0,2,0,0,0,0,0,2,0,0,0,0,0,2,0,0,2,0,0,0,2,2,2,2,0,2,0,0,0,0,0,0,0,0,0,2,2,2,0,0,0,2,0,0,2,0,0,0,2,0,0,0,2,0,0,0,0,0,0,0,0,0,0,0,0,0,0,0,0,2,2,0,0,2,0,2,2,2,0,2,2,2,2,2,0,0,NA,2,0,0,0,0,0,0,0,0,0,0,0,0,2,2,2,0,0,0,2,0,0,0,0,2,0,2,2,0,0,NA,2,2,0,0,2,0,0,0,0,0,0,2,0,0,0,0,0,0,0,2,2,0,0,0,2,0,0,0,0,2,0,0,0,0,0,0,0,2,0,0,0,0,2,0,0,0,0,0,2,0,0,0,0,2,0,0,2,0,0,2,0,0,0,0,0,0,0,0,0,0,0,0,2,0,0,0,0,0,0,0,2,2,2,0,0,2,0,0,0,0,0,0,0,0,0,0,0,0,0,2,0,0,2,2,2,0,0,0,2,2,0,2,0,0,0,0,0,0,2,0,0,0,0,0,0,0,0,2,2,0,0,0,0,0,0,0,0,0,0,0,2,0,2,0,0,0,0,2,0,0,0,0,0,0,NA,0,0,0,0,2,0,0,2,0,0,0,0,0,0,0,0,0,0,0,0,0,0,2,2,0,0,0,0,0,2,0,0,2,0,0,2,2,2,0,0,2,0,0,0,0,0,2,0,0,0,0,2,0,0,0,0,0,0,0,0,2,0,0,0,2,0,2,0,0,0,0,2,0,0,0,2,0,0,0,0,0,2,0,2,0,0,0,2,0,2,0,0,2,0,0,0,2,0,0,0,0,NA,0,0,0,2,0,0,0,0,2,0,0,0,0,0,0,0,0,2,2,0,2,0,0,0,2,0,0,0,0,0,0,0,2,0,0,2,2,0,2,0,2,0,0,0,0,0,2,0,0,2,0,0,0,0,0,0,0,0,0,0,2,0,0,0,0,0,2,0,0,2,0,0,0,0,0,0,2,0,0,0,0,0,2,0,0,0,0,2,0,2,2,2,0,0,0,0,0,NA,0,2,0,0,0,2,2,0,0,2,0,0,0,0,0,0,0,0,2,0,2,0,2,0,0,2,2,0,0,2,2,0,2,0,0,0,0,0,0,0,NA,0,0,2,0,0,0,0,2,2,0,0,0,0,0,2,2,0,2,0,0,0,0,0,2,0,0,2,0,2,0,0,0,0,2,0,0,2,0,2,0,0,0,0,0,0,0,0,2,0,0,2,0,0,0,0,0,0,0,NA,0,0,0,NA,0,2,0,0,0,0,0,0,2,2,0,0,0,0,0,0,0,0,2,0,0,0,0,0,0,0,0,2,0,0,0,0,0,0,0,0,0,0,0,0,2,2,2,0,2,0,2,0,0,0,2,2,0,0,0,0,0,0,0,2,2,0,0,2,0,0,0,0,0,0,0,0,2,0,0,2,2,0,0,0,0,0,0,0,0,0,0,0,0,0,0,0,2,2,2,0,0,0,0,0,0,0,0,2,0,0,0,0,0,0,0,0,0,0,0,2,0,0,0,0,0,2,2,0,0,0,0,0,0,0,0,0,0,0,0,0,0,0,0,0,2,0,0,0,0,0,0,0,2,0,2,0,2,2,0,0,0,0,0,2,0,0,0,2,0,0,0,0,2,0,2,0,0,0,0,0,0,0,0,0,0,2,0,0,2,0,0,0,0,0,0,2,0,0,2,0,0,0,0,2,0,0,2,0,0,0,0,0,0,0,0,0,0,0,0,0,2,0,0,2,2,2,0,0,0,0,0,0,2,0,0,0,0,2,0,2,0,0,0,0,0,0,0,0,0,0,0,0,0,0,0,0,0,0,0,0,0,0,0,0,2,0,0,0,2,0,2,2,2,0,0,2,0,0,0,0,2,0,2,2,2,0,0,0,0,0,0,0,0,0,0,0,0,0,2,0,0,0,0,0,0,0,0,0,0,0,0,0,0,0,0,0,0,0,2,0,0,0,2,0,0,0,2,0,2,0,0,2,0,0,0,0,0,0,2,2,2,2,0,0,0,0,0,0,0,2,0,0,0,2,0,0,0,2,0,0,2,2,0,0,2,0,0,2,0,0,2,2,0,2,0,2,0,0,0,0,0,0,0,0,2,0,0,0,0,0,0,0,0,0,0,0,0,0,0,2,2,0,2,2,0,0,2,2,2,0,0,2,2,0,0,2,2,0,0,0,0,2,0,2,0,2,2,0,0,0,0,2,0,0,0,2,2,2,0,0,2,0,0,0,2,0,0,0,2,2,0,2,2,0,0,0,0,0,0,2,0,0,0,0,0,0,2,2,0,0,0,2,0,0,0,0,0,0,0,0,0,2,0,0,2,0,0,0,0,0,2,0,0,0,0,0,2,2,2,0,0,0,0,2,0,2,0,0,0,0,2,0,2,0,0,0,0,0,0,0,0,0,0,2,2,0,0,0,0,0,2,0,0,0,0,0,0,0,0,NA,2,0,0,2,0,0,0,2,0,0,0,2,2,0,0,0,2,0,0,0,0,0,2,0,0,0,0,0,0,0,0,0,0,2,0,0,2,0,0,0,2,0,0,0,2,0,2,0,0,0,0,0,2,0,2,2,0,0,0,0,2,0,0,0,0,0,0,0,0,0,0,0,0,0,0,0,2,0,0,0,0,0,0,0,0,2,2,0,2,2,2,0,2,0,0,0,2,0,0,2,0,0,0,0,0,0,2,0,2,0,0,0,0,2,0,0,0,0,0,0,0,2,0,0,0,0,0,2,0,0,0,2,0,2,0,0,0,0,0,0,0,0,0,0,2,0,2,0,2,0,0,0,0,0,0,0,0,0,0,2,0,0,0,0,0,0,0,0,0,0,0,0,0,0,0,0,0,2,0,0,0,0,0,2,0,2,0,0,0,0,0,0,0,0,0,0,0,0,0,0,0,0,0,2,0,0,0,0,0,0,0,0,0,0,0,0,0,2,0,0,0,0,2,2,2,0,0,0,0,0,0,0,0,2,2,0,0,0,0,0,0,0,0,0,0,0,0,0,0,0,0,0,0,0,0,0,0,0,0,0,0,0,0,2,2,0,0,0,0,0,0,0,0,0,2,0,0,2,0,0,0,0,0,0,2,0,0,2,0,0,0,0,0,0,0,0,0,2,0,0,0,2,0,2,0,0,2,2,0,0,0,2,0,2,0,0,2,0,0,0,0,0,0,0,0,2,2,2,0,2,0,2,0,0,0,2,0,0,0,0,0,0,0,0,0,0,0,0,0,0,0,0,0,0,0,2,0,0,2,0,2,0,0,0,0,0,0,2,0,0,2,0,2,0,0,2,0,0,0,0,0,2,0,0,2,0,0,0,2,0,2,0,0,0,0,0,2,0,2,0,0,2,2,0,2,0,0,2,0,0,2,0,2,0,0,2,0,0,0,0,0,0,0,0,0,0,2,0,0,0,0,0,0,2,2,0,0,0,0,0,2,2,0,0,0,0,0,0,0,0,2,0,0,2,2,2,0,0,0,0,0,2,0,0,0,0,0,0,2,0,0,0,0,0,0,0,2,0,2,0,0,0,0,0,0,2,0,2,0,0,0,0,2,2,0,0,2,2,0,0,0,0,0,0,0,0,0,0,0,0,0,0,0,0,2,2,2,0,2,2,0,0,0,2,0,2,0,2,0,0,0,0,0,0,0,0,0,0,0,0,0,2,0,0,0,0,0,0,0,0,0,0,0,0,0,0,0,0,0,0,0,0,0,0,0,0,2,0,0,0,0,0,0,0,0,2,0,0,2,0,0,2,0,NA,0,0,0,0,0,0,0,2,0,2,2,0,0,2,0,0,0,2,2,0,2,0,0,0,2,0,0,0,0,2,0,2,0,2,0,0,0,2,2,0,0,2,0,0,0,0,0,0,0,0,0,0,0,2,0,0,0,0,2,0,0,0,0,2,2,0,0,0,0,2,0,0,0,0,0,0,0,0,0,0,2,0,0,2,0,0,0,0,0,0,2,0,0,2,0,0,0,0,0,0,0,2,0,0,2,2,0,0,0,0,0,0,0,2,0,0,2,2,2,2,0,2,0,0,0,0,0,0,0,0,2,0,0,0,0,2,0,0,0,2,0,0,2,0,0,0,0,2,2,2,2,0,0,0,0,0,0,2,0,2,0,2,0,0,0,2,0,0,0,0,0,2,2,0,0,0,0,0,0,0,0,0,0,0,0,0,0,0,2,0,0,0,0,0,2,0,0,0,2,0,0,0,0,0,0,2,0,0,0,0,0,0,0,0,0,2,0,0,0,0,0,0,0,0,0,0,2,0,0,0,0,2,0,0,0,2,0,0,2,2,0,0,0,2,2,0,0,0,2,0,0,0,0,0,2,2,2,0,0,0,0,0,0,0,0,0,0,0,0,2,0,0,2,2,0,0,0,0,0,0,0,0,0,0,0,0,0,0,0,0,0,0,0,0,0,0,0,0,0,0,0,0,2,0,0,0,0,0,0,0,0,2,0,0,0,0,0,2,0,0,0,0,0,2,2,0,2,2,0,0,0,0,0,0,0,0,2,0,0,0,0,0,0,0,0,0,2,0,2,0,0,0,0,0,0,0,0,0,0,0,0,2,0,0,0,0,0,0,2,2,0,2,0,0,0,0,0,2,0,0,0,0,0,0,0,0,0,2,0,0,0,2,0,0,0,0,0,0,0,2,0,0,0,0,0,0,0,2,0,0,0,0,0,0,2,0,0,2,2,0,0,0,0,0,0,0,0,2,2,0,0,0,0,0,0,0,0,2,0,0,2,2,0,0,2,0,0,0,0,2,2,0,2,0,2,0,0,0,0,0,2,0,0,2,0,0,0,0,2,0,0,0,0,0,0,0,0,0,2,0,0,0,0,0,2,0,0,0,0,2,0,2,0,0,0,0,2,0,0,0,0,0,0,0,2,2,0,0,2,0,0,0,0,2,0,0,2,0,0,0,0,0,0,0,0,2,2,0,0,2,0,0,0,0,2,0,2,0,2,0,0,0,0,0,2,0,2,0,0,0,0,0,0,0,0,0,0,0,0,0,0,0,0,0,0,0,2,0,2,2,0,0,2,0,0,0,0,0,0,0,0,0,0,0,0,0,0,0,0,0,0,0,0,0,0,0,0,0,2,NA,0,0,0,2,0,0,2,0,0,2,0,0,0,2,0,0,0,0,2,0,2,0,0,0,0,2,0,0,0,0,0,0,0,0,0,0,0,2,2,0,2,2,2,0,0,2,0,0,2,0,2,0,0,0,0,0,0,0,0,0,0,0,0,0,0,2,0,0,0,0,0,0,0,0,0,0,0,0,0,0,2,0,2,0,0,0,0,0,0,2,0,0,0,0,0,0,0,0,0,0,0,2,2,0,0,0,0,0,0,0,0,0,0,0,2,0,0,0,0,0,0,0,0,2,0,0,0,2,0,0,0,0,0,0,0,0,0,0,0,0,0,0,0,0,0,0,0,0,0,0,0,0,0,0,0,0,0,2,2,0,0,0,2,0,2,0,0,0,0,2,0,0,0,0,0,0,0,0,0,0,0,2,0,0,0,0,0,0,0,0,0,2,0,0,0,2,0,0,0,0,0,0,0,2,0,0,0,0,0,2,0,2,2,2,0,0,0,0,0,0,0,0,2,0,0,0,0,0,0,0,0,2,0,2,0,2,0,0,2,0,0,0,0,0,0,0,2,0,0,0,0,2,0,2,2,2,0,0,0,0,0,0,0,0,0,0,0,2,2,0,0,0,2,0,0,0,0,0,0,2,0,0,0,0,0,0,2,0,0,0,0,0,0,0,2,2,0,0,0,2,2,0,0,0,0,0,0,0,2,0,0,0,0,0,2,0,0,2,0,0,0,0,2,0,0,0,0,2,0,0,0,0,0,2,0,0,0,0,0,0,0,0,0,0,0,0,2,0,0,0,2,0,0,0,0,0,0,0,0,2,0,0,0,2,0,0,0,0,0,0,0,0,2,0,2,0,0,0,0,0,0,0,2,0,0,0,0,0,0,0,0,0,0,0,0,0,2,0,0,0,2,2,0,0,0,0,0,2,0,2,0,2,2,2,0,2,2,0,0,2,0,0,2,2,0,2,2,0,0,0,0,0,2,0,0,0,2,0,0,0,2,0,0,0,0,0,0,2,0,0,2,0,0,0,2,0,2,0,0,0,0,0,0,0,NA,0,0,0,0,0,0,0,0,2,0,2,2,0,2,0,0,0,0,0,0,0,0,2,0,0,2,0,2,0,0,0,0,2,0,0,0,0,2,0,0,0,0,0,0,0,0,0,0,0,0,0,0,0,0,2,2,2,0,0,0,0,0,0,2,0,0,2,0,2,0,0,0,0,0,2,NA,0,2,2,0,2,0,0,2,2,2,0,0,2,2,0,2,NA,2,0,2,0,0,2,2,0,0,0,0,0,0,0,0,0,0,0,0,2,0,0,0,0,2,2,2,0,0,0,0,0,2,0,0,0,0,2,0,2,2,0,0,2,0,2,0,0,0,0,0,0,0,0,2,0,0,0,0,0,0,0,0,0,0,0,0,2,0,0,0,NA,2,2,0,2,0,0,2,0,0,0,0,0,0,0,0,0,0,0,0,0,2,0,0,0,0,0,0,0,0,0,2,0,0,0,0,0,0,0,0,2,0,0,0,0,0,0,0,0,0,0,0,0,2,0,0,0,0,2,0,0,0,0,0,0,0,2,0,0,0,0,0,0,0,0,0,0,0,2,0,0,0,0,0,0,0,0,0,0,0,0,0,0,0,0,0,0,0,2,2,0,0,0,0,0,0,2,0,2,0,0,0,0,0,0,0,0,0,0,0,2,0,0,0,0,0,0,0,0,2,0,0,0,0,0,0,0,0,0,0,0,0,0,0,0,0,2,2,0,0,0,2,2,2,0,2,0,2,0,0,2,0,0,0,0,2,0,0,0,NA,0,0,2,0,0,0,0,0,0,2,0,0,0,0,2,0,0,0,0,0,0,2,0,0,2,0,0,2,0,0,0,0,0,0,0,0,0,2,0,0,0,0,0,0,0,0,0,0,0,0,0,0,2,0,0,2,0,0,0,0,0,2,2,0,0,0,0,0,0,2,0,0,0,0,0,0,2,0,0,0,0,2,0,0,0,0,0,0,0,0,0,0,0,0,0,0,0,2,0,0,2,2,2,2,0,2,0,0,0,0,0,0,0,0,0,0,0,2,0,0,2,2,0,0,0,0,0,0,0,0,0,0,0,0,2,0,2,2,2,0,2,2,0,0,2,0,0,0,0,0,0,0,0,0,2,0,2,2,0,0,0,0,2,0,0,0,0,0,0,0,0,0,0,0,0,0,0,0,0,0,0,0,0,0,2,0,0,2,0,0,0,0,2,0,0,NA,0,0,0,0,0,0,2,0,0,0,0,2,0,0,0,0,2,0,0,0,0,2,0,0,2,2,0,0,2,0,0,0,0,0,0,0,0,0,0,0,0,0,2,0,2,0,0,0,0,0,0,0,0,0,0,0,2,0,0,0,0,0,0,0,2,0,0,0,0,0,0,2,2,0,2,0,0,0,0,0,0,0,0,0,0,0,0,0,0,0,0,2,0,2,0,0,0,0,2,0,0,2,0,0,0,0,0,0,2,0,0,2,2,0,0,0,2,0,0,0,2,0,0,0,0,2,0,0,0,0,0,0,0,0,0,0,0,0,0,0,0,0,0,2,2,0,0,2,0,0,2,0,0,0,0,0,0,0,0,0,0,2,0,0,0,0,0,0,2,0,0,0,0,2,2,0,0,0,0,2,0,0,2,2,2,0,2,0,2,0,0,2,2,0,2,0,0,2,2,0,2,2,0,2,2,0,0,0,0,0,0,0,2,2,0,0,0,2,2,0,0,2,0,2,0,0,2,0,0,0,0,0,2,2,0,2,0,2,2,2,2,2,2,0,0,0,0,0,0,2,0,2,0,0,2,0,0,0,0,0,0,0,0,0,0,0,2,2,0,0,0,0,0,0,0,0,0,0,0,0,0,0,0,2,2,0,0,2,0,0,0,2,0,0,0,0,0,0,0,0,0,0,0,0,0,0,2,0,0,NA,2,0,0,0,0,0,0,2,2,0,0,0,0,0,2,0,0,0,0,0,0,0,0,0,0,2,0,0,0,0,0,2,0,0,0,0,0,2,0,0,2,0,0,0,0,0,0,0,0,0,0,0,0,2,0,0,0,0,0,0,0,0,0,0,0,2,0,0,0,0,0,0,0,0,0,0,0,0,0,0,2,0,0,0,2,0,2,2,0,0,0,2,0,0,0,2,0,0,0,0,0,2,0,0,0,2,0,0,0,0,0,0,0,0,0,0,2,0,2,0,2,0,2,0,0,2,2,0,0,0,0,0,0,0,2,0,2,0,0,2,2,0,0,0,0,0,2,0,0,2,0,0,0,0,0,0,0,0,0,2,0,0,2,0,0,2,0,2,0,0,0,0,0,0,0,0,0,0,2,0,0,0,0,0,0,0,0,0,0,0,0,2,0,0,2,2,0,2,0,0,0,0,0,0,0,2,0,0,2,0,0,0,2,0,2,0,0,0,0,0,2,0,0,0,0,0,0,0,0,0,0,0,0,0,0,0,0,0,2,0,0,0,0,0,0,0,0,0,0,2,0,0,0,0,0,0,0,2,2,2,0,0,2,0,0,0,0,0,0,0,0,2,0,0,2,0,0,0,0,0,2,0,0,0,0,2,0,0,2,0,0,0,0,0,0,0,0,0,0,0,0,0,2,0,0,2,0,0,0,0,0,0,0,0,0,0,0,2,2,0,2,0,0,0,2,0,0,0,0,0,2,0,0,2,0,0,0,0,0,0,0,0,0,2,0,0,0,0,0,0,0,0,2,0,0,0,2,0,0,0,0,0,0,0,2,0,2,0,0,2,2,0,0,0,0,0,0,0,0,2,2,2,0,2,0,0,0,0,0,0,0,0,0,2,0,2,0,0,0,2,0,0,0,0,0,0,2,2,0,0,0,0,2,0,0,0,2,0,0,0,0,2,0,0,0,0,0,0,0,0,2,0,2,2,0,0,0,2,0,0,2,0,0,2,0,0,2,0,0,2,0,0,2,0,0,2,0,0,0,0,0,0,0,0,2,2,0,0,0,0,2,2,0,2,2,0,0,0,0,2,0,2,0,0,0,2,0,0,0,0,2,0,0,2,0,0,2,0,0,0,0,0,0,0,0,0,2,0,2,0,0,0,0,0,0,0,0,2,0,0,0,0,0,0,0,0,2,0,0,0,0,0,0,0,0,0,2,2,2,0,0,0,0,0,0,0,0,0,0,0,0,0,2,0,0,0,0,0,0,0,0,0,0,2,0,0,0,0,0,0,0,0,0,0,2,0,2,0,0,0,0,2,0,0,0,0,2,0,0,2,0,0,0,0,0,0,0,0,0,2,0,0,0,0,0,0,2,2,0,0,2,0,0,0,0,0,0,0,0,0,2,0,0,0,2,0,2,0,2,0,0,0,0,0,2,0,2,0,0,2,0,0,0,0,0,0,0,0,0,0,0,2,0,2,0,2,2,0,0,0,0,0,0,0,0,0,2,0,0,2,2,0,0,0,0,2,0,0,0,0,0,0,2,0,0,2,0,0,2,0,2,0,0,0,2,0,0,0,0,0,0,2,2,0,0,0,0,0,0,0,0,2,0,0,0,2,0,0,2,0,0,0,0,0,0,0,2,0,2,0,0,2,0,0,0,0,2,0,2,0,0,0,0,0,0,0,2,0,0,2,2,0,2,0,0,0,2,0,2,0,0,0,0,0,2,0,0,0,2,2,0,0,2,0,0,2,2,2,0,0,2,0,2,0,2,2,0,0,0,0,0,0,0,2,0,0,0,0,0,0,0,0,2,0,0,0,0,0,0,0,2,0,0,2,0,2,0,2,0,0,0,2,0,2,0,2,0,2,2,0,0,0,0,0,0,2,2,0,0,2,0,0,0,0,2,2,2,0,0,0,0,0,0,0,0,0,0,2,2,0,0,0,0,0,2,2,0,0,0,2,2,0,0,2,2,0,0,2,2,2,0,0,0,2,2,0,0,0,0,0,0,0,0,2,0,0,0,2,2,0,0,0,0,0,0,2,2,2,0,2,2,2,0,2,2,0,0,2,2,0,2,0,0,0,0,0,0,0,0,0,0,0,0,2,0,2,0,0,0,2,2,0,0,0,2,0,0,0,0,0,2,0,2,0,0,0,2,0,0,0,2,0,0,0,2,0,0,2,2,0,2,2,2,2,0,0,2,0,0,0,0,0,2,0,0,0,0,0,0,0,0,0,0,0,0,2,0,0,0,0,0,2,0,0,2,0,0,0,0,0,0,0,0,0,2,2,0,0,0,0,0,0,2,2,0,0,0,0,0,2,2,0,0,0,0,0,0,2,0,0,0,0,2,2,0,2,0,0,0,0,2,0,0,0,2,2,0,2,2,0,0,2,2,2,2,0,0,0,2,0,0,2,2,2,2,0,2,0,0,0,0,0,0,0,0,0,0,2,2,0,0,2,0,0,2,0,0,0,0,0,0,0,0,0,0,2,0,0,2,2,0,0,0,0,0,0,0,0,0,0,0,0,2,0,2,2,0,0,0,0,0,0,2,0,0,0,2,0,0,0,0,0,2,2,2,0,0,2,0,0,NA,0,0,2,0,0,2,0,0,0,0,0,2,0,0,2,2,0,0,0,0,0,0,0,0,0,0,0,0,2,0,2,0,0,0,0,0,0,0,0,0,0,0,0,0,0,0,0,2,0,0,0,2,2,0,0,2,0,2,0,2,0,0,0,0,0,0,0,2,2,0,2,0,0,0,0,0,0,0,0,2,0,0,0,2,2,0,2,0,2,2,0,0,0,0,0,0,0,0,2,0,0,0,0,0,0,0,2,2,0,0,0,2,2,0,0,0,0,0,2,0,0,0,0,2,0,0,0,2,0,0,2,0,0,0,0,0,0,2,0,0,0,0,0,0,2,2,0,0,0,0,0,0,0,2,0,0,0,0,0,0,0,0,0,2,0,0,2,0,0,0,0,0,0,0,0,0,0,0,0,0,0,2,2,0,0,0,0,2,0,0,0,0,0,2,0,0,0,0,2,0,0,0,2,0,0,0,0,0,0,2,2,0,0,0,0,0,0,0,0,0,0,0,0,0,0,0,2,0,0,0,0,2,0,0,2,0,0,2,0,2,0,0,2,2,0,0,0,0,0,0,0,0,0,0,0,2,0,0,2,0,0,0,0,0,2,0,0,2,0,0,0,0,0,0,0,2,2,0,2,0,2,0,0,0,0,0,0,0,0,NA,0,0,0,0,0,2,0,0,0,0,0,0,0,0,2,0,0,0,2,0,0,0,0,2,0,2,0,0,0,2,0,0,0,0,0,0,0,0,0,0,0,0,2,0,0,0,0,0,0,2,0,0,0,0,2,0,0,0,0,0,0,0,0,0,2,2,0,0,0,0,0,0,0,0
"CC126",0,0,0,0,0,0,0,2,2,0,0,0,0,0,0,0,0,0,0,0,2,0,0,0,0,2,0,0,0,0,0,0,0,0,0,0,2,0,0,0,0,2,2,0,0,2,0,0,0,0,2,0,0,0,0,0,0,0,2,2,0,0,0,0,2,0,2,0,0,0,0,0,2,0,0,2,0,0,0,0,2,0,0,2,0,2,0,2,0,0,0,0,2,2,0,2,0,2,0,0,0,0,0,0,0,2,0,0,0,0,0,0,0,0,0,0,0,0,0,0,2,2,0,2,0,2,2,0,0,0,0,0,0,0,2,0,0,0,2,0,0,2,0,0,2,0,0,2,0,0,0,0,2,0,0,0,2,0,0,0,0,0,0,0,0,2,0,0,2,0,0,0,2,2,0,2,0,0,2,2,2,2,2,0,0,0,0,0,0,0,2,2,0,0,0,2,0,2,0,2,0,0,2,0,0,0,0,2,2,0,2,0,2,0,2,2,2,0,2,2,2,2,2,0,0,0,0,0,0,2,2,2,0,2,0,0,0,0,0,0,0,0,0,0,2,0,0,2,0,0,0,2,2,0,0,0,0,0,0,0,0,0,2,0,0,0,0,0,2,0,2,0,0,2,0,0,0,2,2,0,0,0,0,2,0,2,2,2,0,0,0,0,0,0,0,0,0,2,2,0,0,0,0,0,2,0,0,2,0,0,0,0,0,0,0,0,2,0,0,0,0,0,0,0,0,0,0,0,0,0,2,2,0,2,2,0,0,2,2,0,0,0,0,0,0,2,2,0,0,2,NA,0,0,2,0,0,0,0,0,2,0,2,0,0,0,0,0,2,0,2,0,0,NA,0,0,0,0,2,0,0,2,0,0,0,2,0,0,2,0,0,0,0,0,2,2,2,2,0,0,0,0,0,2,0,0,0,0,0,0,0,0,0,0,0,0,0,0,0,0,0,2,0,0,0,0,0,0,0,0,2,0,2,0,0,0,0,0,0,0,0,0,2,0,0,0,0,0,0,2,0,0,0,0,0,0,0,0,0,2,2,2,2,2,0,0,0,2,0,0,0,NA,2,0,0,0,0,0,2,0,0,0,2,0,0,0,2,0,2,2,0,0,0,2,2,0,0,2,0,2,2,0,2,2,0,0,2,2,0,0,0,2,0,0,0,0,0,0,2,2,2,2,0,0,0,0,0,0,2,0,0,0,0,0,0,0,2,0,0,0,0,0,0,0,0,0,2,0,2,0,2,0,0,0,2,0,0,0,0,0,2,0,0,0,2,2,0,0,2,0,2,0,0,0,2,0,2,0,2,2,0,2,0,0,0,0,0,0,0,0,0,0,2,0,0,0,2,0,2,0,2,0,0,2,2,2,2,0,0,0,0,2,0,0,0,0,0,0,0,0,0,0,0,0,2,0,0,0,0,2,2,0,2,0,0,0,0,0,2,0,0,0,2,0,0,0,0,0,2,0,0,0,0,0,0,2,0,0,0,0,0,0,2,0,0,0,0,0,0,0,2,0,0,0,0,0,0,0,2,2,0,0,0,0,0,0,0,0,0,0,2,2,0,0,0,0,0,2,0,0,2,2,0,0,0,0,0,0,2,0,0,0,2,0,0,2,0,0,0,2,2,2,0,0,0,0,0,0,0,0,2,2,2,0,0,0,0,0,0,0,2,0,0,0,2,2,0,2,0,0,0,0,2,2,0,2,0,0,2,0,0,2,0,0,0,0,0,0,2,2,0,0,2,2,0,2,0,2,0,2,0,0,2,0,0,0,0,0,2,2,0,0,0,0,0,0,0,0,2,0,0,0,0,0,2,2,2,2,2,2,2,0,2,0,0,0,0,2,0,2,0,0,0,0,0,0,2,0,0,0,0,0,0,2,0,NA,0,0,0,0,0,0,2,2,0,0,0,0,0,0,0,0,2,0,2,0,0,0,2,0,0,0,0,2,0,0,0,0,0,0,0,2,0,0,0,0,2,2,0,0,0,0,0,0,0,2,2,0,0,2,2,0,2,0,0,2,0,0,0,2,0,0,0,2,0,2,0,0,0,0,0,2,0,0,0,0,0,0,0,2,0,0,0,0,0,0,0,0,0,0,0,0,0,2,0,2,2,0,2,0,0,0,0,2,0,0,0,0,0,2,0,0,2,0,0,0,0,2,0,0,0,0,2,0,0,0,0,0,0,0,0,2,0,0,0,0,0,0,0,0,2,2,0,0,0,2,0,2,0,0,2,0,0,0,0,0,2,2,0,0,2,0,2,0,0,0,0,0,2,2,0,0,0,0,0,0,0,0,0,0,2,0,0,0,0,0,2,0,0,0,0,0,0,0,0,0,0,2,0,2,2,2,2,0,2,2,2,0,0,2,0,2,0,0,0,0,2,2,2,0,2,2,0,2,2,2,0,2,0,0,0,0,0,0,0,2,0,2,2,2,0,0,2,0,0,0,2,0,2,0,0,0,0,0,0,0,2,0,0,0,0,2,2,0,2,0,2,0,0,0,0,0,0,0,2,2,2,0,0,0,0,0,2,0,0,0,0,0,0,0,0,2,2,0,0,0,0,2,0,0,0,0,2,0,2,0,0,2,0,2,2,2,2,0,2,0,0,0,0,0,2,2,2,0,0,0,0,0,0,2,0,0,0,0,0,0,0,0,0,0,0,2,0,2,0,0,0,0,2,2,0,0,0,0,2,0,2,0,0,0,0,0,2,0,0,0,0,0,0,0,NA,0,0,0,2,0,0,0,0,0,2,2,0,0,0,0,0,0,0,0,2,0,0,0,0,0,0,0,0,0,2,0,2,0,NA,0,2,0,0,2,2,0,0,0,2,2,0,NA,2,0,0,2,2,0,2,0,2,0,0,0,2,0,0,2,0,0,0,NA,0,2,0,0,2,2,0,0,2,0,0,0,2,2,2,0,0,0,0,0,0,0,0,0,2,0,2,0,0,0,2,0,2,0,0,0,0,0,0,0,0,0,0,0,0,0,2,0,0,2,0,2,2,2,0,2,0,0,0,0,0,0,2,0,2,0,0,NA,0,0,0,2,0,0,0,0,0,0,0,0,0,2,2,0,0,0,0,0,0,0,0,2,2,2,2,0,0,0,0,2,0,0,0,0,0,0,0,0,2,0,0,0,0,0,0,0,0,2,0,0,0,0,0,0,0,0,2,0,0,0,0,0,0,0,0,0,0,2,0,0,0,0,0,0,0,0,0,0,2,2,0,2,2,2,0,2,0,0,2,0,0,0,0,0,0,2,0,0,2,0,0,2,2,0,0,0,0,0,2,0,0,2,0,0,0,0,0,0,0,0,0,2,0,0,0,0,0,0,2,0,0,0,2,0,0,0,0,0,0,0,0,0,0,0,0,2,0,0,0,0,2,0,0,2,0,0,2,0,0,0,0,0,0,0,0,0,0,0,0,0,0,0,0,0,0,0,0,0,NA,0,0,0,0,0,2,0,2,0,0,0,2,2,2,2,2,0,0,0,0,2,0,0,0,0,0,0,0,0,2,2,0,0,0,0,2,2,2,0,0,2,2,0,0,0,0,2,0,0,0,0,0,0,0,0,0,0,0,2,0,0,0,0,2,0,0,0,0,2,0,0,0,0,2,0,2,0,0,0,2,0,2,0,0,2,0,0,0,2,2,2,0,2,2,2,0,2,2,0,0,0,0,0,2,0,0,0,0,2,0,0,0,0,2,0,0,NA,2,0,2,2,2,2,2,0,2,0,0,0,2,2,0,0,2,0,0,0,0,2,0,2,0,2,0,0,2,0,0,2,0,0,0,2,2,0,0,0,0,0,2,0,0,0,0,0,0,NA,2,2,0,0,0,0,0,0,2,0,0,0,0,2,0,2,0,2,2,2,2,2,0,2,2,2,0,2,2,0,2,0,2,2,2,0,0,0,2,2,2,0,0,0,0,2,0,2,2,0,2,0,2,2,0,0,2,0,0,0,2,2,0,0,0,2,2,0,0,2,2,0,0,0,2,0,0,0,0,0,2,2,2,2,2,2,0,0,0,0,2,0,0,2,0,0,2,0,0,2,0,0,0,0,0,0,0,0,2,2,2,0,2,0,0,0,2,0,0,2,2,0,2,0,2,2,2,0,0,0,2,0,0,0,0,0,0,2,0,0,2,2,0,0,2,2,0,0,0,0,2,0,0,2,2,2,0,0,0,0,2,2,0,0,2,0,2,2,0,2,2,0,0,2,0,0,2,0,2,2,2,2,0,2,0,0,0,0,0,0,0,0,0,2,0,0,2,0,0,0,2,0,2,2,0,2,0,0,0,0,0,2,0,0,0,0,0,2,2,0,0,0,2,0,2,2,NA,0,2,2,2,0,0,0,0,0,0,2,0,2,0,2,0,2,0,0,2,0,2,0,2,0,2,2,0,0,2,0,0,0,0,2,0,0,0,2,0,0,0,0,0,0,2,0,0,0,0,0,0,0,0,0,0,0,0,0,0,0,0,0,0,0,0,0,2,2,2,0,0,0,2,0,0,0,0,0,2,2,0,0,0,2,0,0,2,2,0,0,2,2,0,0,0,0,0,0,2,0,0,0,0,0,0,2,0,0,0,0,0,2,2,2,0,0,0,0,0,0,0,2,2,0,2,0,2,0,2,0,0,0,2,0,0,0,0,0,0,2,0,2,0,0,2,2,0,0,2,2,0,0,0,0,0,2,0,0,0,0,2,2,2,0,2,2,0,0,2,2,0,2,2,0,2,2,0,0,2,0,0,2,0,2,0,2,0,0,0,0,NA,2,0,0,0,0,0,0,2,0,0,2,0,0,0,2,2,0,0,0,0,0,0,0,0,2,0,2,0,2,0,0,0,2,2,0,0,0,0,0,0,0,0,0,2,0,2,0,0,0,2,2,2,0,2,0,0,2,0,0,0,0,0,0,0,2,0,0,0,0,0,0,2,0,2,0,2,2,0,0,0,0,0,0,2,0,0,0,0,2,0,0,2,0,0,0,2,2,0,0,0,0,0,0,2,0,0,2,2,0,0,0,0,0,0,0,0,0,0,2,2,2,0,0,2,2,0,0,0,0,0,2,0,0,0,0,2,0,2,0,0,0,0,0,0,2,0,0,0,0,2,0,0,0,2,0,0,2,0,0,0,0,0,0,0,0,0,0,0,0,0,0,0,2,NA,NA,2,0,0,0,2,0,2,0,2,0,0,0,0,0,0,0,0,0,2,2,0,0,0,0,0,0,0,2,0,0,0,NA,0,0,0,0,0,0,2,2,0,0,2,0,0,2,0,0,0,0,0,0,2,0,0,2,2,2,0,0,0,0,2,0,0,2,2,0,2,2,0,2,0,2,0,0,2,2,0,0,0,0,2,2,0,0,0,0,2,0,0,0,0,0,0,0,0,0,0,2,2,0,0,2,0,0,0,0,0,0,2,0,0,2,0,0,0,2,2,0,2,2,0,0,2,0,0,0,0,0,0,0,2,0,0,0,0,2,0,0,2,2,2,0,0,2,0,2,2,2,0,0,0,0,0,2,0,2,0,0,0,0,0,0,0,2,0,0,0,0,2,0,0,0,2,2,0,2,0,0,0,0,0,0,0,2,0,0,0,0,2,0,2,0,0,0,2,2,0,0,0,0,2,0,0,0,0,0,0,0,0,0,0,0,0,2,0,0,0,0,0,0,0,0,0,2,0,0,0,0,0,0,0,0,0,0,2,0,2,0,2,0,2,0,0,0,0,0,2,0,0,0,0,0,0,0,0,2,NA,0,0,0,0,0,2,2,0,0,2,0,0,0,0,0,2,0,2,0,0,0,0,0,0,2,2,0,0,0,0,2,0,0,0,0,2,0,0,2,0,0,0,2,2,0,0,0,0,0,0,0,0,0,0,0,2,2,0,0,0,0,0,0,0,2,0,0,0,0,0,0,0,0,0,0,0,0,0,0,0,0,0,0,0,2,0,0,2,0,0,0,0,0,2,0,0,2,0,2,0,2,0,0,0,0,0,0,0,2,0,0,0,0,0,0,2,0,0,0,0,0,0,0,2,0,0,0,0,0,0,2,2,0,2,0,0,0,0,0,0,2,0,0,2,0,0,2,0,0,0,0,0,0,0,0,0,0,0,0,0,0,0,2,2,2,0,0,0,0,2,0,0,0,0,2,0,0,0,0,0,0,0,2,0,0,0,0,0,0,0,0,0,0,0,0,0,2,2,0,0,2,0,2,0,0,0,0,0,0,0,0,0,0,0,0,0,0,0,0,0,2,0,0,2,0,0,2,0,0,0,2,0,0,0,0,0,0,0,0,0,2,0,0,0,0,2,0,0,0,0,0,2,0,2,2,0,0,0,0,0,2,0,2,0,0,0,2,2,0,2,0,0,0,0,0,0,0,0,0,0,2,0,2,2,2,0,0,0,0,0,0,0,0,2,0,0,0,0,0,0,2,2,0,2,0,0,0,0,2,0,0,0,0,2,2,0,2,0,2,0,0,0,0,0,0,0,0,0,0,0,0,2,0,0,2,0,0,0,2,2,0,0,0,0,0,2,0,2,0,0,0,2,0,0,0,0,0,0,0,2,0,0,0,0,0,2,0,0,0,0,2,0,0,0,0,0,2,0,0,0,2,2,0,0,0,0,0,0,0,0,2,0,0,0,0,0,0,0,0,2,0,2,2,0,0,2,0,2,0,0,0,2,0,0,0,0,2,0,0,0,2,0,0,0,0,0,0,0,0,0,0,2,0,2,2,2,2,0,0,0,0,0,0,2,2,0,2,0,0,0,2,0,2,2,0,0,0,2,0,0,2,2,2,2,0,0,0,0,0,2,0,0,0,2,0,2,2,2,0,0,0,0,2,0,0,0,2,2,0,0,2,0,2,2,2,0,0,0,0,0,0,0,2,0,2,0,0,0,2,0,2,0,2,0,0,0,0,0,0,0,0,2,0,0,2,2,0,0,0,0,0,0,2,0,2,2,0,0,0,0,2,2,0,2,2,2,2,0,0,2,0,0,0,2,2,2,2,0,0,0,0,0,0,2,2,2,0,2,0,0,0,0,0,0,2,0,0,0,0,2,2,0,0,0,0,0,0,0,0,0,0,2,0,0,2,0,2,0,2,0,2,0,0,0,0,0,0,0,2,0,0,0,2,2,0,2,0,0,0,0,0,0,0,0,0,0,2,0,0,0,2,2,0,0,2,2,0,2,0,2,2,2,0,2,0,2,0,0,0,0,2,0,0,0,0,0,0,2,2,0,0,2,0,0,0,0,0,0,2,0,0,0,0,0,2,NA,2,0,0,2,2,0,0,2,0,2,0,0,0,2,2,0,0,0,0,0,0,0,0,0,0,0,2,2,0,0,0,0,0,0,2,0,0,2,0,0,0,2,0,0,2,0,0,0,NA,0,0,0,0,2,0,0,2,0,2,0,0,2,0,2,0,0,2,0,2,2,0,0,0,2,2,2,2,0,0,2,0,0,0,0,0,0,0,0,0,2,2,0,0,0,2,0,0,0,0,0,0,0,0,0,0,0,0,2,0,0,2,0,0,2,0,0,2,0,0,0,0,0,2,0,0,NA,0,2,0,0,0,0,0,0,2,2,0,0,2,0,2,2,2,0,0,2,2,2,0,0,0,0,0,0,0,0,0,0,0,2,0,0,2,0,2,0,0,0,0,0,0,0,2,0,2,0,0,2,0,2,0,0,0,0,0,0,0,0,2,0,0,0,0,0,0,0,0,0,0,0,0,0,0,0,2,0,0,0,0,2,0,0,0,2,0,0,2,0,2,2,2,0,0,0,0,0,2,0,0,0,0,0,0,0,0,0,0,0,0,0,0,2,0,2,0,0,2,0,0,0,0,0,2,2,0,0,0,0,0,0,0,2,2,0,2,2,0,0,0,0,0,0,0,2,0,0,2,0,2,0,0,0,0,0,2,0,0,0,0,0,0,0,0,0,0,0,0,0,0,0,0,NA,2,2,0,0,0,2,2,0,2,2,0,2,0,0,0,0,2,2,0,0,0,0,0,0,2,0,0,0,0,2,0,0,0,0,0,0,2,0,0,2,0,0,0,NA,NA,2,0,2,2,0,2,0,2,2,0,0,0,2,2,0,0,2,2,0,2,2,0,0,0,2,0,0,2,0,2,0,0,2,2,2,2,2,0,2,2,0,2,0,0,2,2,0,2,0,0,2,0,0,2,2,0,2,2,0,0,2,0,2,2,2,0,2,0,0,0,2,0,0,0,2,0,0,0,0,0,0,0,2,0,2,2,0,0,0,2,0,2,0,0,2,0,2,0,0,0,2,2,0,0,0,2,2,2,0,NA,NA,2,2,0,0,2,0,2,2,0,0,0,2,0,0,0,NA,0,0,0,2,NA,2,2,0,0,0,0,0,0,0,0,0,2,0,0,0,0,0,0,2,0,0,0,0,2,0,2,0,0,0,0,0,0,2,2,0,2,0,0,0,2,0,0,0,0,0,0,0,0,0,0,2,0,0,0,0,0,0,0,0,0,2,2,0,0,0,0,0,2,0,2,2,2,0,2,2,0,0,2,0,2,0,2,0,0,0,0,0,2,2,2,0,2,2,0,2,0,0,0,0,0,0,0,0,0,0,2,0,2,NA,0,0,2,2,2,2,0,0,2,0,0,0,2,0,2,0,0,0,0,0,0,0,0,0,0,0,0,0,0,0,0,0,0,2,0,0,0,0,0,0,0,2,0,2,0,0,0,2,2,0,2,0,0,2,0,0,0,0,0,0,0,2,0,0,0,2,0,0,0,0,0,0,2,0,0,0,0,2,2,0,2,0,0,0,0,2,2,2,0,0,0,0,0,2,0,0,0,2,2,0,2,0,0,2,0,0,0,0,0,0,0,0,0,0,0,2,2,0,0,2,0,0,2,0,2,2,0,0,0,0,0,2,0,2,0,0,0,2,0,2,2,2,0,0,2,2,2,0,0,2,0,0,0,0,2,0,0,2,0,2,0,2,2,2,0,0,2,0,0,2,2,2,0,0,0,0,0,0,0,0,0,0,0,0,2,0,0,0,0,0,0,2,0,0,0,0,0,0,2,2,0,0,2,0,0,NA,0,2,0,2,0,0,0,0,0,0,0,0,0,2,0,0,0,2,0,0,0,2,0,0,0,0,0,0,NA,0,0,0,0,2,2,0,0,0,0,0,0,2,0,0,2,0,0,2,2,2,2,0,0,0,0,0,0,0,0,0,0,2,0,0,0,0,0,0,0,2,0,0,0,0,0,0,0,0,0,0,0,0,0,0,0,0,0,0,NA,0,0,0,0,0,0,0,2,2,0,0,0,2,2,0,0,0,2,2,0,0,0,2,0,0,2,0,2,0,0,0,0,0,0,0,0,0,0,0,0,0,0,2,0,0,0,2,0,0,0,0,0,0,0,0,2,0,0,0,0,0,2,0,2,0,0,0,0,0,0,0,0,0,2,0,0,0,0,2,0,0,0,0,0,0,0,0,0,0,0,NA,2,0,0,0,2,2,0,0,0,2,0,0,0,0,0,2,2,0,0,0,0,0,2,0,2,2,2,0,0,0,0,2,0,0,2,2,2,0,0,0,0,2,2,2,0,2,0,0,0,0,0,0,0,0,2,0,0,0,0,0,0,0,2,0,2,0,2,0,2,0,0,2,0,2,0,0,0,0,0,0,0,0,0,2,2,0,0,0,0,0,2,0,2,2,0,2,0,0,0,0,0,0,2,0,2,2,0,2,0,0,2,0,0,0,0,0,0,0,2,2,0,0,0,2,2,2,0,2,0,0,0,0,0,0,0,0,0,0,0,0,2,0,0,0,0,0,0,2,2,0,0,0,0,0,0,2,0,0,0,2,2,0,0,2,2,0,2,0,0,0,0,0,0,0,0,0,0,0,0,2,2,0,2,2,2,0,0,0,0,0,0,0,0,0,0,2,2,0,0,0,0,2,0,2,0,0,0,0,2,0,0,0,0,0,0,0,0,2,0,0,0,0,0,0,0,2,0,0,2,0,0,0,0,2,NA,2,2,0,2,0,0,0,0,0,2,0,0,0,2,0,2,2,0,NA,2,0,2,0,0,0,2,2,2,0,0,0,2,0,NA,2,0,0,0,0,0,0,0,0,2,2,2,0,0,2,0,0,0,2,2,0,0,0,0,0,0,0,0,0,0,2,2,0,0,2,0,0,2,0,0,2,0,0,0,0,0,0,2,0,0,0,0,0,0,0,2,0,2,0,0,0,0,0,0,0,0,0,2,0,0,0,0,0,2,0,0,0,0,0,2,0,2,2,0,0,0,0,2,2,2,0,2,0,0,0,0,2,0,0,2,0,2,0,0,0,0,0,0,0,0,0,0,2,0,0,0,0,0,0,0,0,2,0,0,0,0,2,2,0,0,0,0,0,2,0,2,0,0,2,2,0,2,0,0,0,0,0,0,2,0,2,0,0,0,2,0,2,0,2,0,2,2,2,0,0,2,0,2,0,0,0,0,2,0,0,0,2,2,0,0,0,2,0,2,2,0,0,0,0,2,0,0,2,2,2,0,2,0,0,0,2,0,2,0,0,2,2,2,0,2,0,0,2,2,0,0,2,0,0,0,2,0,2,2,0,2,2,2,0,0,0,2,0,0,0,2,0,0,0,0,0,0,0,0,0,0,2,NA,0,2,0,0,0,2,0,0,0,0,0,2,0,0,0,0,0,0,0,0,2,0,2,2,0,0,2,0,2,0,2,0,2,2,2,0,0,0,0,0,2,0,0,2,0,0,2,0,0,0,2,0,0,0,2,0,0,0,0,0,0,0,0,2,0,0,2,2,2,2,0,0,0,0,2,0,2,2,0,0,0,0,2,0,0,2,0,2,0,0,2,0,0,0,2,0,2,0,0,0,0,2,0,2,0,NA,0,0,0,0,0,0,0,2,0,2,2,0,2,0,0,2,0,0,2,2,0,0,2,0,2,0,0,0,0,0,0,0,2,0,2,0,0,0,0,0,0,0,2,0,0,0,0,2,0,0,2,2,2,2,0,0,0,0,2,2,0,0,2,NA,0,2,2,2,2,2,0,0,2,2,0,0,0,2,0,0,0,2,2,0,2,0,2,0,0,2,0,0,0,0,0,0,2,0,0,2,2,2,2,2,0,2,0,0,2,2,2,2,0,0,0,2,0,2,0,0,2,2,NA,0,0,0,2,0,0,0,2,0,0,2,2,0,0,0,0,0,0,0,0,2,0,0,0,2,0,0,0,0,0,2,0,2,0,0,2,2,0,0,0,0,0,0,0,2,2,0,0,0,0,0,0,0,0,0,0,2,0,0,0,0,0,0,0,0,2,0,0,2,0,0,0,0,0,2,0,0,0,0,0,0,0,0,0,0,0,0,0,2,2,2,0,0,0,0,0,0,0,0,0,0,0,0,0,0,0,NA,2,0,2,0,0,0,0,0,0,0,0,0,0,0,0,0,0,2,0,2,0,0,0,0,2,2,0,0,0,0,0,0,0,0,0,0,0,0,0,0,0,0,0,0,0,0,2,0,0,0,0,0,0,2,0,0,0,0,0,0,0,0,0,0,0,0,0,0,0,0,0,0,0,2,0,0,0,0,2,2,0,0,0,0,2,0,0,0,0,0,0,0,2,0,2,0,2,0,0,0,2,2,0,2,0,0,0,0,0,0,0,2,0,0,0,0,0,0,0,0,0,2,2,0,2,2,0,0,0,0,0,0,2,2,0,2,2,0,0,0,0,0,0,0,0,0
"CC127",0,2,0,0,0,0,2,0,0,0,0,0,0,0,2,2,0,0,0,2,0,NA,0,2,2,0,0,0,0,0,0,2,0,0,0,2,2,0,0,0,0,2,0,2,2,0,0,0,0,0,2,2,2,2,2,NA,0,0,0,0,0,0,0,2,0,2,0,0,0,2,2,0,0,0,0,0,0,0,0,2,0,0,0,0,0,2,2,0,0,0,0,0,0,0,0,2,0,2,0,0,0,0,0,2,0,2,0,0,0,2,0,2,2,2,0,0,0,0,0,0,0,0,2,0,0,0,2,0,2,0,2,0,0,2,2,0,0,0,0,0,0,0,0,0,0,0,0,2,2,0,0,0,0,2,0,0,0,0,0,0,0,2,0,0,NA,2,2,0,0,0,0,0,0,2,0,0,2,0,2,0,0,0,0,0,0,0,0,0,0,2,2,0,2,2,0,0,0,0,0,0,0,0,0,0,0,2,0,0,0,2,0,0,0,2,0,0,0,0,0,0,0,0,0,0,0,0,0,2,0,0,0,0,0,0,0,0,0,2,0,0,2,0,0,0,0,0,0,0,NA,0,0,0,0,0,0,0,2,2,0,0,2,0,0,0,2,0,0,0,0,0,0,0,0,2,0,0,0,0,0,0,2,0,0,0,2,0,0,0,0,0,0,2,2,0,0,2,0,0,0,2,0,0,0,0,2,0,0,2,0,0,0,0,0,0,0,0,0,0,0,0,0,0,0,0,2,0,0,0,0,0,0,2,0,0,0,2,0,0,0,0,0,0,0,0,0,0,0,0,0,0,NA,0,2,0,0,0,0,2,0,0,0,0,0,2,0,0,0,0,0,0,0,0,0,0,2,2,0,0,2,2,0,0,0,0,0,0,2,0,0,0,0,0,2,0,0,0,NA,0,0,0,0,0,0,2,0,2,0,0,0,2,2,0,0,0,2,0,0,2,0,0,0,0,0,0,0,0,0,2,0,2,0,0,0,0,2,0,0,0,2,0,2,0,0,2,0,0,0,2,0,0,0,0,2,0,2,0,2,0,0,2,2,2,0,0,0,0,0,2,0,0,2,2,0,2,0,0,0,0,0,0,0,0,0,0,0,2,0,0,2,0,0,2,0,2,0,0,0,0,0,2,0,0,2,0,0,0,0,0,0,0,2,2,0,2,0,2,0,2,0,0,0,0,0,0,0,0,0,2,0,0,0,NA,2,0,0,2,0,2,2,0,0,0,0,0,2,0,0,2,0,2,2,0,0,2,0,0,2,0,0,0,0,0,0,0,2,0,0,0,2,2,0,0,2,0,2,0,0,2,0,0,0,2,0,0,0,2,0,2,2,0,0,NA,0,2,2,0,0,0,0,0,0,0,2,0,0,0,0,0,NA,0,0,0,0,0,2,0,0,0,2,0,0,0,0,0,0,0,2,0,2,0,2,0,0,2,0,0,0,0,0,2,0,0,2,0,0,0,0,0,0,0,0,0,0,0,0,0,2,0,0,0,2,0,0,2,2,0,0,0,2,0,0,0,0,2,0,0,2,0,0,0,0,0,0,0,2,0,0,0,0,0,0,0,0,0,0,0,2,0,0,0,0,2,0,0,0,0,0,0,0,0,0,0,0,0,0,0,0,0,2,0,0,0,0,0,0,0,0,0,0,0,2,0,2,0,0,0,0,2,0,0,0,2,0,0,0,0,0,0,2,2,2,2,0,0,0,0,0,2,0,0,0,2,0,0,0,2,0,0,0,0,2,0,0,0,2,0,0,2,2,0,0,2,0,0,0,0,0,0,0,0,0,0,0,0,0,2,2,0,0,0,0,0,0,0,2,0,2,2,0,0,0,0,0,0,2,0,0,0,0,0,0,0,2,0,0,0,0,0,0,0,0,2,0,0,0,2,0,0,0,0,0,0,0,0,0,0,2,0,2,0,0,0,0,0,0,0,2,0,0,2,0,0,0,0,2,0,0,0,0,0,0,2,2,0,2,0,0,0,0,0,0,0,0,2,2,0,2,0,0,0,0,0,0,0,0,0,0,0,0,0,0,0,0,0,0,2,0,0,0,0,0,0,0,0,0,0,2,0,0,0,0,0,0,0,2,0,0,0,2,0,0,0,0,0,0,0,0,0,0,0,0,0,0,0,0,0,0,2,0,2,2,0,0,0,0,0,0,0,0,0,0,0,0,0,0,0,0,0,2,0,0,0,0,0,0,0,2,0,0,2,0,0,0,0,2,2,0,2,0,0,0,0,0,0,0,0,2,0,0,0,0,0,0,2,2,0,0,0,0,0,0,2,0,2,0,0,0,2,0,0,0,0,0,2,0,0,0,0,0,0,0,0,0,2,0,0,0,0,0,2,0,0,0,0,0,0,0,2,0,0,0,2,2,2,0,0,0,2,0,2,0,0,2,2,2,0,2,0,0,0,0,0,2,0,2,2,0,0,0,0,0,2,2,0,0,0,0,2,0,0,0,2,0,0,0,2,0,0,2,2,2,0,2,2,0,0,0,0,0,0,0,0,0,0,0,0,0,0,0,0,0,0,0,2,2,0,0,2,0,2,0,0,0,2,0,0,0,0,0,0,0,0,0,2,0,0,0,0,0,0,0,0,2,0,0,0,0,0,0,0,0,0,0,0,0,0,0,2,0,0,2,0,0,0,0,2,0,0,0,0,0,0,0,0,0,0,0,0,0,0,0,0,0,0,2,0,2,0,0,0,0,0,2,0,0,0,0,0,0,0,0,0,0,0,0,0,0,0,0,0,0,0,0,0,0,0,2,2,0,2,0,0,0,0,0,2,0,0,0,0,0,2,2,0,0,0,0,2,0,2,2,2,0,2,2,0,0,0,0,0,2,0,0,0,0,2,2,2,2,0,0,2,0,0,0,0,0,0,0,0,0,0,2,0,0,0,0,2,2,2,0,2,0,0,0,0,0,2,2,0,0,2,0,0,0,0,0,2,0,0,2,0,0,0,0,0,0,0,0,0,2,0,0,0,0,0,0,2,0,0,0,0,0,0,0,0,0,0,0,0,0,0,2,0,0,0,0,0,0,0,0,2,0,2,0,0,0,0,0,0,2,2,2,0,0,0,0,0,2,0,0,2,0,0,2,0,0,0,0,0,2,NA,0,0,0,0,0,0,0,0,0,0,2,2,2,0,2,0,0,0,2,0,0,2,0,0,0,0,0,2,0,0,0,0,0,0,0,0,0,0,0,0,0,0,0,0,0,0,0,0,2,2,0,0,0,0,0,0,0,0,2,0,0,0,0,0,0,0,0,0,0,0,0,0,2,NA,0,0,0,2,0,0,0,0,0,2,0,0,0,0,0,0,0,0,0,0,0,2,0,2,0,0,0,0,0,0,0,2,0,0,2,0,0,0,0,0,0,2,0,0,2,0,0,0,0,0,0,0,0,0,0,0,NA,0,0,0,0,0,2,0,0,0,0,2,0,0,0,0,0,0,2,0,0,0,0,0,2,0,0,0,0,0,0,0,2,2,0,0,2,2,0,0,0,0,0,0,2,0,2,0,0,0,2,0,0,0,NA,NA,0,0,0,0,0,0,0,0,0,0,0,0,0,0,0,0,2,0,0,0,2,0,2,0,0,2,0,0,0,0,0,0,0,2,0,2,0,0,2,0,0,0,0,0,0,0,0,0,0,0,0,0,0,2,0,0,0,0,2,0,2,0,0,0,2,0,0,0,0,0,0,0,0,2,2,0,2,2,2,0,0,2,0,0,0,0,0,0,0,0,0,0,0,0,2,0,0,0,0,2,0,0,0,0,0,0,2,2,2,0,0,0,2,0,0,0,2,0,0,0,0,2,0,2,0,0,0,0,2,0,2,0,0,0,0,0,0,NA,0,2,0,0,0,0,0,0,0,0,0,0,0,2,0,0,0,0,0,0,2,0,0,0,0,0,0,0,0,0,0,2,0,0,0,0,2,0,0,2,0,0,0,0,0,0,0,0,0,0,0,0,0,0,0,0,0,0,0,0,0,0,0,0,0,0,0,0,0,0,0,0,0,0,0,0,0,0,2,2,0,0,0,0,0,0,2,0,0,2,0,0,0,0,0,0,2,0,2,0,2,0,2,0,0,0,2,0,0,0,0,0,0,0,0,0,0,0,0,0,0,0,2,2,0,0,0,0,0,0,0,2,2,2,0,0,0,0,2,0,0,0,2,0,2,0,0,0,0,0,0,0,0,0,0,0,0,0,0,0,0,0,0,0,0,0,0,0,0,0,0,0,0,0,2,0,2,2,0,0,0,0,NA,0,2,2,NA,0,2,0,0,0,0,2,0,2,0,2,0,2,0,0,0,0,2,0,2,0,2,0,0,2,0,0,2,0,2,0,2,0,0,2,2,0,0,2,0,0,2,0,0,2,0,2,2,2,2,0,2,0,0,0,0,2,2,2,0,0,2,0,0,0,0,0,0,0,2,0,2,0,0,2,0,0,0,2,0,0,0,0,0,0,0,0,2,2,2,0,0,2,0,0,2,0,0,2,2,0,0,0,0,0,0,2,2,0,0,0,0,0,2,0,0,0,2,0,0,2,0,2,0,0,0,0,0,0,0,0,2,0,0,0,0,2,2,0,0,0,0,0,0,0,0,0,0,2,0,0,0,0,0,0,0,0,0,0,0,0,0,0,0,0,0,0,0,2,2,0,0,0,0,0,0,0,2,0,0,0,0,2,2,2,0,0,2,0,2,2,0,2,2,2,0,0,2,2,2,0,2,0,0,0,0,0,0,0,0,2,2,2,2,0,0,0,0,0,0,0,2,0,0,0,0,0,0,0,0,0,0,0,0,0,0,0,0,0,0,0,0,0,0,0,2,0,0,0,0,0,0,0,0,2,0,0,0,2,0,2,0,0,0,0,0,2,0,0,0,0,0,2,0,2,0,0,2,0,0,0,0,0,0,0,0,0,0,0,0,0,0,0,2,0,2,2,0,0,0,0,0,2,0,2,2,0,2,0,0,2,2,0,0,2,2,0,0,0,0,0,0,0,0,0,0,2,2,0,0,0,0,0,0,0,0,2,2,0,0,2,0,2,2,0,0,0,0,0,2,0,2,0,0,2,2,2,0,0,0,0,0,0,2,0,0,0,0,0,0,0,0,0,0,2,2,0,0,0,2,0,0,2,0,0,0,2,2,2,0,0,0,0,0,0,2,2,0,0,0,0,0,0,2,0,0,0,2,0,0,0,0,0,0,0,0,0,0,0,0,2,0,0,2,0,0,2,0,0,0,0,0,2,0,0,2,2,0,0,0,0,0,0,0,0,0,0,2,0,0,2,0,0,0,0,0,0,0,0,0,0,2,0,0,2,0,0,0,0,0,0,0,2,0,0,0,0,0,0,0,0,0,0,0,0,0,2,2,0,0,0,0,0,0,0,0,0,0,0,0,0,0,2,0,0,0,0,2,0,0,2,2,2,2,0,0,0,0,0,0,2,2,0,0,0,2,2,0,0,0,0,2,0,2,0,2,0,0,2,0,0,0,2,0,0,0,2,0,0,0,0,2,0,2,0,0,0,2,0,0,0,0,0,0,0,2,0,0,0,0,0,0,0,0,NA,0,0,0,0,0,0,0,0,2,0,0,2,0,0,2,0,0,0,0,2,0,2,0,2,2,0,0,0,0,0,2,0,2,0,0,0,0,0,0,0,0,2,2,0,0,0,0,0,0,0,0,0,0,0,0,0,0,0,0,2,0,2,0,0,0,2,0,0,0,0,0,2,0,0,0,0,2,0,2,2,0,0,0,0,0,0,0,0,0,2,0,0,0,0,2,0,0,0,0,2,2,0,0,0,2,0,0,0,2,0,0,2,0,0,0,0,0,0,0,0,0,2,0,0,0,0,0,0,0,2,0,0,0,0,0,0,0,2,0,0,0,2,2,2,0,2,2,0,0,2,0,0,0,0,0,0,0,0,0,0,0,2,2,2,0,0,0,2,0,0,2,0,0,0,0,0,2,0,0,0,0,2,0,0,0,0,2,0,0,0,0,0,0,2,0,2,0,0,0,2,0,0,2,0,0,0,0,0,0,0,0,2,0,2,2,0,2,0,0,0,0,2,2,2,0,0,0,0,0,0,0,0,0,0,0,2,0,0,0,0,2,2,0,0,2,0,0,0,0,0,0,0,0,0,0,2,0,0,0,0,2,0,0,2,0,0,0,0,0,0,0,0,0,0,0,0,0,0,0,0,0,0,0,0,2,0,2,0,2,0,0,0,0,0,2,0,0,0,0,0,0,0,2,0,0,0,2,2,0,0,2,2,2,2,0,0,0,NA,2,2,0,0,0,0,0,0,0,0,0,0,0,2,2,0,0,0,2,2,0,0,0,2,2,0,0,0,0,0,0,0,0,0,0,2,0,0,2,0,0,2,0,2,0,0,2,0,2,2,0,0,0,0,0,0,2,2,0,0,2,0,0,0,2,0,0,2,0,0,2,0,0,0,0,0,2,0,2,0,0,2,0,0,0,0,0,0,2,0,0,0,0,0,0,0,0,2,0,2,0,0,0,2,0,0,NA,0,0,0,0,0,NA,2,0,0,0,2,0,0,0,0,0,0,0,0,0,2,0,0,2,0,0,0,2,0,0,0,2,0,2,0,0,2,0,2,0,0,0,2,0,2,0,0,2,2,0,2,0,0,2,0,0,0,0,0,2,0,0,0,0,0,0,0,0,0,0,0,0,0,2,0,0,0,0,0,0,0,2,0,2,0,2,0,0,0,0,2,0,0,0,0,0,0,0,0,0,0,0,2,0,0,2,0,0,0,0,0,0,0,0,2,0,0,0,0,2,0,0,0,0,2,0,0,2,0,0,2,0,0,0,0,2,0,0,2,0,0,0,2,0,0,2,2,2,0,0,0,2,0,0,0,0,0,0,2,2,2,0,0,0,0,0,0,0,0,0,2,0,0,0,0,0,0,0,0,0,2,2,0,0,0,0,0,0,0,0,0,0,0,2,2,2,2,0,0,0,0,0,0,0,0,0,0,0,0,2,2,0,0,2,0,0,0,0,0,0,0,0,0,0,2,2,2,0,0,0,2,0,2,2,0,0,2,0,0,0,0,0,2,2,0,0,0,0,0,0,0,0,2,2,0,0,2,2,0,0,0,0,0,0,0,0,0,0,0,0,0,2,0,0,0,0,0,0,0,0,0,0,0,0,0,0,0,0,0,0,2,2,0,0,0,2,0,0,2,0,0,0,2,0,0,2,0,0,2,0,0,0,2,0,2,0,0,0,2,0,2,0,0,0,0,2,0,0,0,0,0,2,0,0,0,0,2,0,0,0,0,0,2,0,0,0,0,0,0,0,0,0,0,0,2,0,0,0,2,0,0,0,0,0,0,0,0,0,0,0,0,0,0,2,0,0,0,0,0,0,0,2,0,0,0,0,0,2,2,0,0,2,0,2,0,0,2,0,0,0,0,0,0,0,0,0,0,0,0,0,0,0,0,NA,0,0,0,0,0,2,0,0,0,0,0,0,2,0,0,0,2,0,0,0,0,2,0,0,0,0,2,0,0,0,0,0,0,0,0,0,0,0,0,0,0,0,2,2,0,0,2,0,0,0,0,0,0,0,0,0,0,0,0,0,0,0,2,2,0,0,2,0,0,2,0,2,0,2,2,0,0,0,2,NA,0,2,0,0,2,0,2,0,0,2,0,0,0,0,0,0,0,0,0,0,2,0,0,0,0,0,0,0,0,2,0,0,0,0,0,0,0,0,0,0,0,0,0,0,2,0,0,0,2,0,0,0,0,2,2,2,0,0,0,2,0,0,0,2,0,0,0,0,0,0,2,2,0,0,0,0,2,0,0,0,0,2,2,2,0,0,2,2,2,2,2,0,0,0,0,2,0,0,0,0,0,0,0,2,0,0,0,0,0,0,0,0,2,0,0,0,0,0,2,0,2,2,2,0,2,0,0,0,0,0,0,0,0,2,2,0,0,0,2,0,0,0,0,0,2,0,0,0,0,0,2,0,0,2,2,0,2,0,0,2,0,0,2,0,0,2,0,0,0,0,0,2,2,0,2,0,0,2,0,0,2,0,0,2,2,0,2,2,0,0,0,0,0,0,0,0,0,0,0,0,0,0,0,0,NA,0,0,0,0,0,0,0,0,0,0,0,0,0,0,0,0,0,2,0,0,0,0,0,0,0,0,2,0,0,0,0,0,2,2,0,0,0,2,0,0,0,2,2,2,0,0,0,2,0,0,0,0,0,0,2,0,0,0,2,2,0,0,0,0,0,0,0,2,2,0,0,0,0,0,0,0,2,0,0,0,0,0,0,0,0,2,0,2,2,0,0,0,0,0,0,0,0,0,0,0,0,0,0,0,2,0,0,0,0,0,0,0,0,0,2,0,0,0,2,0,0,0,0,0,0,0,0,0,0,0,0,0,0,0,0,0,0,0,0,0,0,2,2,0,2,0,2,0,0,2,0,0,0,0,0,0,0,0,0,0,2,0,0,0,0,0,0,0,0,0,0,0,2,0,0,0,0,0,0,0,0,0,0,0,0,0,0,0,0,2,0,0,0,0,0,0,0,0,2,0,0,0,0,2,0,2,0,0,2,0,2,0,0,2,2,2,0,0,0,0,0,0,2,0,2,0,0,0,2,0,0,0,0,2,0,0,0,0,2,2,0,2,2,0,0,0,0,0,0,0,0,0,0,0,0,2,0,0,0,0,0,0,0,2,0,0,2,0,0,0,0,0,2,0,0,0,2,0,0,0,0,0,2,0,0,0,0,0,0,0,0,0,0,2,0,2,0,2,0,0,2,0,0,0,2,0,0,0,0,0,0,0,0,0,0,0,0,0,0,0,0,2,2,0,0,0,0,0,0,0,2,0,0,2,0,0,0,0,0,2,0,0,0,0,0,2,2,2,NA,0,2,0,0,0,0,0,0,0,0,0,0,0,0,0,0,0,0,0,2,2,2,0,0,2,2,0,2,0,2,0,0,0,0,0,0,0,2,0,0,0,2,0,0,0,0,0,0,0,0,0,0,0,0,0,0,2,2,0,2,0,0,0,2,0,0,0,0,0,2,0,2,0,0,0,0,0,0,0,0,0,0,0,2,2,2,NA,0,0,0,0,0,0,0,0,0,0,0,0,0,0,0,2,0,0,0,0,0,2,2,0,0,0,0,0,0,0,0,0,0,0,2,0,0,0,0,0,0,0,0,0,0,0,0,0,0,0,0,0,0,0,2,0,0,2,0,0,2,0,0,0,0,2,2,0,2,0,0,0,0,2,0,0,0,0,0,0,0,0,0,0,2,2,0,0,0,2,2,0,0,0,0,0,0,0,0,0,2,0,0,2,2,2,0,0,0,0,0,2,0,0,0,0,0,0,2,0,0,0,0,0,0,0,0,0,2,0,0,0,0,0,2,0,2,0,2,0,2,2,0,0,2,0,2,0,0,0,2,0,0,0,0,2,2,0,0,0,0,0,0,2,0,0,0,0,0,0,0,0,0,2,0,0,0,2,0,0,2,2,0,0,0,0,0,0,0,0,2,0,2,2,0,0,0,0,0,0,0,0,2,0,0,0,0,0,0,0,NA,NA,0,0,2,2,0,0,NA,0,2,0,0,2,0,0,2,0,2,2,0,0,0,2,0,0,0,0,2,0,0,0,2,0,0,0,0,0,0,0,0,0,2,0,0,0,0,0,2,2,0,0,0,0,2,0,0,0,0,0,0,0,0,0,0,0,2,0,2,0,2,0,2,0,0,0,2,0,0,0,0,2,0,0,2,2,2,0,0,0,0,0,0,2,2,2,0,0,0,2,2,0,2,0,0,0,0,0,2,0,2,2,2,2,0,0,0,0,0,0,0,0,0,0,0,0,0,2,0,0,0,0,0,0,0,0,0,0,0,2,0,2,0,2,0,0,0,0,0,2,0,0,0,2,0,2,0,2,0,0,0,2,0,0,2,0,0,0,2,0,0,2,0,0,2,0,0,2,2,0,0,0,0,0,2,0,0,0,0,0,0,2,2,0,2,0,0,2,2,0,0,0,2,0,0,2,2,0,0,0,2,0,0,0,2,0,0,0,2,2,0,0,2,0,2,0,2,2,0,2,0,0,0,0,NA,0,2,0,2,0,0,2,2,0,2,2,0,0,0,0,0,0,0,0,0,0,0,0,0,0,0,0,0,2,0,0,0,0,0,2,0,0,0,0,0,0,0,2,2,0,0,0,2,0,0,2,2,2,2,2,0,2,0,0,2,0,2,0,0,2,2,0,0,0,0,0,2,2,0,0,0,2,0,0,2,2,2,0,2,0,0,2,0,0,0,2,2,0,0,0,0,0,0,2,0,2,0,2,0,0,0,0,0,0,0,0,0,0,2,2,0,0,2,2,2,0,0,2,0,0,2,0,2,0,0,2,2,0,2,2,0,2,0,2,0,2,2,2,0,0,0,2,2,0,0,0,0,0,0,0,0,0,2,2,2,0,NA,0,0,0,0,0,2,0,0,0,0,0,0,0,2,0,0,0,0,0,0,2,0,0,0,0,0,2,2,0,0,0,0,0,0,0,0,0,0,0,0,2,0,0,0,0,0,0,0,0,2,0,0,0,2,0,0,2,0,0,2,0,0,0,0,0,2,0,0,0,0,0,0,0,0,0,2,0,0,0,2,2,0,0,0,0,2,2,2,0,0,0,2,2,0,0,0,0,2,0,0,0,0,0,0,2,0,0,0,0,0,0,0,0,2,2,0,0,0,0,0,0,0,0,0,0,0,0,0,0,0,0,2,2,0,2,0,0,0,2,0,0,0,0,0,0,0,0,0,2,2,0,0,0,0,0,0,0,0,0,2,0,0,0,0,0,0,0,2,0,2,2,2,0,2,0,0,0,0,0,0,0,2,0,0,0,0,0,0,0,0,0,0,0,0,0,2,0,0,0,0,2,0,0,0,0,0,0,2,0,0,0,2,0,0,0,0,0,0,0,0,0,0,0,0,2,0,2,0,0,0,0,0,0,0,0,0,0,0,0,2,0,0,0,0,0,2,0,0,0,0,2,0,0,0,0,0,0,2,0,2,0,0,0,2,2,0,0,0,0,0,0,0,2,0,0,2,0,0,0,2,0,0,0,0,0,0,0,2,0,0,0,0,0,0,0,2,0,0,0,0,0,0,2,2,0,0,0,0,0,0,0,0,0,2,0,0,0,0,0,0,0,2,2,0,0,0,0,0,2,0,0,0,0,2,0,0,0,0,2,0,0,2,0,0,0,0,0,0,0,0,0,0,0,0,0,0,2,NA,0,0,0,0,2,0,2,2,2,0,0,0,0,0,0,0,0,2,2,0,0,2,0,0,0,0,0,2,2,2,0,0,2,0,2,2,2,0,0,0,2,0,0,2,2,0,0,0,2,0,0,0,0,2,2,0,0,0,0,0,0,0,0,0,0,2,0,2,2,2,0,0,0,2,2,0,0,0,2,2,2,0,0,2,2,0,2,2,2,0,0,2,0,2,0,0,0,0,0,0,2,0,2,0,0,2,2,2,2,0,0,0,0,0,0,0,2,2,2,2,2,0,0,0,0,2,2,0,2,0,0,2,2,2,0,0,2,2,0,0,2,0,0,0,2,0,2,2,0,0,2,2,0,2,0,0,0,2,0,2,2,0,0,0,0,0,2,0,0,0,2,0,0,2,0,0,0,0,0,0,0,0,0,0,0,2,0,0,0,0,0,0,2,0,0,0,2,0,0,0,2,2
"CC128",0,0,0,2,0,0,0,0,0,0,0,0,2,0,0,2,0,2,0,2,0,0,2,0,0,0,0,0,0,0,0,0,0,0,0,0,2,0,0,0,0,2,0,2,NA,0,0,0,0,0,2,0,0,0,0,0,0,0,0,2,0,0,0,2,0,0,0,2,0,0,0,0,2,0,0,0,0,0,0,2,0,2,0,0,0,0,0,2,0,0,0,0,0,0,0,2,0,0,0,0,0,0,0,2,2,2,0,0,0,0,0,0,0,0,0,0,0,0,0,0,0,0,2,2,0,2,0,0,2,0,0,0,0,2,0,0,2,0,0,0,0,0,0,0,0,0,0,2,0,0,2,0,0,0,0,0,2,0,0,0,0,0,0,0,0,0,2,0,0,0,2,0,0,0,0,0,0,0,0,2,0,0,2,0,0,0,0,0,0,0,0,0,0,0,0,0,0,0,0,0,0,0,0,0,0,0,0,0,0,0,0,0,0,0,2,2,0,0,2,0,2,2,0,0,0,0,0,2,0,0,0,0,0,2,0,0,0,NA,0,0,2,0,0,0,0,0,0,0,0,0,0,2,0,0,0,0,0,2,0,0,0,0,0,0,2,0,2,0,0,0,2,0,0,2,0,0,0,0,0,0,0,0,0,0,0,0,0,2,0,0,0,0,0,0,0,0,0,0,2,0,0,0,0,2,0,0,0,2,0,0,0,0,0,0,0,2,0,2,0,0,2,0,0,0,0,0,0,0,0,0,0,2,0,0,0,2,0,0,2,0,0,0,0,0,0,0,0,0,0,0,0,0,0,0,0,0,0,0,0,0,0,0,0,0,0,0,0,0,0,0,0,0,0,0,0,0,2,0,0,0,0,0,0,0,0,0,2,0,0,0,0,0,2,0,0,0,0,0,0,0,0,2,0,2,0,2,0,2,0,0,0,0,0,0,2,0,0,0,0,0,0,2,0,2,0,0,0,0,2,2,0,0,0,0,0,0,0,0,0,0,0,0,0,0,0,2,0,2,0,0,0,0,0,0,2,0,0,0,0,2,2,0,0,0,2,2,0,0,0,0,2,0,0,2,0,0,0,0,0,0,0,0,0,2,0,0,0,2,0,0,0,0,0,0,0,0,0,0,0,2,0,0,0,0,0,0,0,0,0,2,0,2,0,0,0,0,0,0,0,2,2,0,0,0,0,0,0,0,0,0,0,2,0,0,0,0,0,0,0,0,0,0,0,0,0,0,NA,0,0,0,2,0,0,2,0,0,0,2,2,0,0,2,2,2,0,0,2,0,0,0,0,2,0,0,0,0,2,0,2,2,2,0,0,0,0,0,0,0,0,2,0,2,0,0,0,0,0,0,0,0,0,0,0,2,2,2,0,0,0,0,0,0,0,0,0,0,0,0,0,0,0,0,0,0,0,0,0,0,2,0,0,0,0,0,0,0,0,2,0,0,0,0,0,0,0,0,0,0,2,2,0,2,0,0,2,0,0,2,0,2,2,0,0,0,0,0,0,0,0,0,2,0,2,0,0,0,0,0,0,0,0,2,0,0,0,0,0,0,0,0,2,2,0,0,0,0,2,0,0,0,0,0,0,0,0,0,0,0,0,0,0,0,0,0,0,0,0,2,2,0,0,0,0,0,0,0,0,0,0,0,2,0,0,0,0,2,0,0,0,0,0,0,0,0,0,0,0,0,0,0,0,0,0,0,2,0,0,0,2,0,2,0,0,0,0,0,2,0,0,0,2,0,0,0,0,0,2,0,0,0,0,0,0,2,0,0,2,0,0,0,0,0,0,0,0,0,0,0,0,0,0,0,0,0,0,0,0,2,0,0,0,0,0,2,0,2,0,0,0,0,0,0,2,2,2,0,0,0,0,0,2,0,2,0,0,0,0,0,0,NA,0,0,0,0,2,0,0,0,0,0,2,2,0,2,0,0,0,0,0,0,0,0,0,0,2,0,0,2,0,0,0,0,0,0,0,0,0,0,0,0,0,0,0,0,2,0,0,0,0,0,0,0,0,0,0,0,0,0,2,0,0,0,2,0,0,0,0,0,0,0,2,0,0,0,0,0,0,2,2,0,0,0,0,0,0,0,0,0,0,0,0,0,0,0,2,0,0,0,0,NA,2,0,0,2,0,0,0,0,2,0,2,2,0,0,0,0,2,0,0,0,0,0,0,0,0,0,0,0,0,2,0,0,0,0,0,0,0,2,0,0,0,0,0,0,2,2,0,0,0,0,0,0,0,0,0,0,0,0,0,0,0,0,2,0,0,0,0,0,0,2,0,0,0,0,2,0,0,2,2,0,0,0,2,0,0,0,0,0,2,0,0,0,0,0,0,0,0,0,0,0,0,0,0,0,0,0,0,0,2,0,0,0,0,0,0,0,0,0,2,2,0,0,2,0,0,0,0,2,0,0,2,0,0,0,0,2,0,0,0,0,2,0,0,0,0,0,2,0,0,0,0,0,2,0,0,2,0,0,0,0,0,0,0,0,0,0,2,2,2,2,2,2,0,0,0,0,0,0,0,2,0,0,2,2,0,2,0,0,0,0,2,2,2,0,0,0,0,2,0,0,0,2,0,0,2,0,2,0,2,2,2,0,0,0,0,0,0,0,0,2,2,2,0,0,0,0,0,0,2,0,0,0,0,0,2,0,0,0,0,0,2,0,0,0,0,0,0,0,0,0,0,0,0,0,0,2,0,0,2,0,0,0,0,0,0,0,0,0,2,0,0,0,0,0,0,0,0,0,0,0,0,0,0,0,0,0,0,0,0,0,0,0,0,0,0,0,0,0,0,0,0,0,0,NA,0,2,2,0,0,0,0,0,0,0,0,0,0,0,0,0,0,2,0,2,0,0,0,0,0,0,0,0,0,0,0,0,NA,0,2,2,0,0,0,0,0,0,0,0,0,0,2,0,0,0,0,0,0,0,0,0,0,0,0,0,2,2,0,0,0,0,0,0,NA,0,0,0,0,0,0,0,0,0,0,2,2,0,2,0,2,2,0,0,2,0,2,0,0,0,0,0,2,0,2,0,0,0,0,0,2,0,2,2,0,2,0,0,0,0,2,0,2,2,2,0,0,0,0,0,2,0,0,0,0,0,0,0,0,0,0,0,0,0,2,0,0,0,2,0,0,0,0,0,0,0,2,0,0,0,2,0,0,0,0,0,0,0,0,0,0,0,0,0,0,2,2,0,0,0,0,0,0,0,0,0,2,2,0,0,2,0,2,0,0,0,2,0,0,0,0,0,0,0,0,0,0,0,0,0,0,0,0,0,0,0,0,2,0,0,0,0,0,0,0,2,2,0,0,0,0,0,0,0,0,0,0,2,2,0,0,0,0,0,0,0,0,0,0,0,0,0,0,0,2,0,2,0,0,0,0,0,2,0,2,2,0,0,0,0,0,0,0,2,0,0,2,0,0,0,0,0,2,0,0,0,0,0,0,0,0,2,0,2,0,0,0,2,0,0,2,2,0,2,0,0,2,0,2,0,0,0,0,2,0,0,0,0,0,0,0,2,0,2,0,2,0,0,2,2,0,0,0,0,2,0,0,NA,0,0,2,0,0,0,0,2,0,0,0,0,0,2,0,0,0,2,0,0,0,2,0,0,0,2,2,0,0,0,0,2,0,0,NA,0,0,0,0,2,2,2,0,2,2,0,0,0,0,0,0,0,0,0,0,2,2,0,0,0,0,2,0,0,0,2,0,0,2,0,0,0,0,0,0,0,0,0,0,2,2,0,0,0,0,2,0,0,2,0,0,0,0,0,0,0,0,0,0,0,0,0,0,2,0,0,0,0,0,0,0,0,2,2,0,0,0,0,0,0,2,0,0,0,0,0,2,0,0,2,0,2,0,NA,0,0,0,2,0,0,0,0,2,2,2,0,0,0,0,0,2,0,0,0,0,2,2,2,0,2,0,0,0,0,0,0,2,0,2,2,NA,2,2,0,0,0,0,2,2,0,0,0,0,0,0,0,0,0,0,0,NA,2,0,0,0,0,2,0,0,0,0,0,0,0,0,0,0,0,2,2,0,0,0,0,0,0,0,2,0,0,0,0,0,2,0,0,0,0,2,0,2,0,0,0,0,0,2,2,0,0,0,2,0,0,0,0,0,2,0,2,0,0,2,0,0,0,0,2,0,0,2,2,0,2,0,0,0,0,0,0,0,0,0,0,0,0,0,2,0,0,0,0,2,0,0,0,0,0,2,2,0,0,2,0,0,0,0,0,0,0,2,0,0,0,0,2,0,0,0,0,0,0,0,0,0,0,0,2,0,0,0,0,0,0,0,0,0,0,0,0,0,0,0,2,0,0,0,0,0,0,0,0,0,0,0,0,0,0,0,0,0,2,0,0,0,0,2,0,2,0,0,0,0,0,0,0,0,0,0,0,0,0,0,0,0,0,0,0,0,0,0,0,0,0,0,0,0,0,0,2,2,0,0,0,2,0,0,2,0,2,0,0,0,2,2,2,0,0,2,0,0,0,0,0,0,0,0,0,0,0,0,0,2,0,0,0,0,0,0,0,0,2,0,0,0,2,0,0,0,0,0,0,0,0,2,0,0,0,0,0,2,0,0,0,0,0,2,2,0,0,0,0,0,0,0,0,0,2,2,0,0,0,0,0,0,0,0,0,0,0,0,0,2,0,0,2,2,0,0,0,0,0,0,0,0,0,0,0,0,0,2,0,0,0,2,0,2,2,0,2,2,0,0,0,0,0,2,2,0,0,0,0,0,2,0,0,0,0,0,0,0,0,0,0,0,2,0,0,0,0,0,0,0,0,0,2,2,0,0,0,0,2,0,0,0,0,0,0,0,0,0,0,0,0,2,0,0,0,0,0,0,0,0,0,0,2,0,2,0,0,0,0,0,2,2,2,0,2,0,2,0,0,0,2,0,2,0,0,0,0,0,2,0,0,0,0,2,0,0,0,0,0,0,2,0,0,2,0,0,2,0,0,2,0,2,0,0,0,0,0,0,0,2,2,2,0,0,0,2,0,0,0,0,0,0,2,0,0,0,2,0,0,2,0,0,2,2,0,2,0,0,0,0,2,0,0,0,0,0,0,2,0,2,0,0,0,0,0,2,2,0,2,2,0,2,0,0,0,2,0,2,0,0,0,0,2,0,0,2,0,2,0,0,2,2,0,0,2,0,2,2,0,2,2,0,0,0,2,0,0,0,0,0,0,0,0,0,0,0,0,0,0,0,0,2,0,2,0,2,0,0,0,0,0,0,2,0,0,0,0,0,0,2,0,0,0,0,0,2,0,0,0,2,0,0,0,0,0,0,0,0,0,0,0,0,0,0,0,2,2,2,0,0,0,2,2,0,0,2,0,0,2,0,2,0,0,2,0,0,0,0,0,0,0,0,0,2,0,2,0,0,0,0,0,2,2,0,2,0,0,2,0,0,0,0,0,0,0,0,0,0,0,0,0,0,0,2,0,0,2,2,2,0,0,2,0,0,0,0,2,0,0,0,0,0,0,0,2,2,2,0,0,2,0,2,2,0,0,0,2,0,0,0,0,2,2,0,2,2,0,2,2,0,0,0,0,0,0,0,0,2,2,0,2,2,0,0,2,0,2,0,0,0,2,0,0,2,0,2,0,0,0,0,2,0,0,2,2,0,2,0,0,0,0,0,0,0,2,0,0,2,0,0,0,0,2,0,0,0,2,0,0,0,0,2,0,0,2,0,0,0,2,0,0,0,2,0,0,2,2,2,0,0,0,0,0,0,0,0,0,0,0,0,0,0,2,2,0,0,0,0,0,0,0,0,2,0,0,0,0,0,0,2,0,0,0,0,0,0,0,2,0,0,0,0,2,0,0,2,2,0,0,2,0,0,0,0,0,0,0,0,0,0,0,0,2,2,0,0,2,0,0,0,0,2,0,0,0,0,0,2,0,0,0,0,0,0,0,0,2,0,0,0,0,2,0,0,0,0,0,0,2,0,0,2,0,2,0,0,2,0,2,0,0,0,2,0,2,2,2,0,2,0,0,0,2,2,0,0,0,0,0,0,2,0,0,2,0,0,2,0,0,0,0,0,0,2,0,0,0,0,0,0,0,2,2,2,0,2,0,0,0,0,0,0,2,0,0,0,0,0,2,2,2,2,2,2,0,0,0,0,0,2,0,0,0,2,0,0,0,2,0,0,0,0,0,2,0,0,0,0,0,0,0,0,0,2,2,0,0,0,0,0,0,0,0,2,0,0,0,0,2,0,0,0,0,0,0,0,0,0,0,0,2,2,0,0,0,0,2,2,0,0,0,0,0,2,0,0,0,0,2,0,0,0,2,0,0,0,2,0,2,0,0,0,0,0,0,0,0,0,0,0,0,2,0,2,2,0,2,0,0,0,0,2,0,0,0,0,0,0,2,2,0,2,0,0,0,0,0,2,0,0,0,0,2,0,0,0,0,0,2,0,0,0,0,0,2,0,0,0,0,0,0,0,0,2,0,0,0,0,2,2,0,2,0,0,2,0,0,2,0,2,0,0,0,0,0,2,2,0,0,0,0,0,2,0,2,0,0,0,2,0,2,0,0,2,0,2,2,0,2,0,0,0,2,0,0,0,0,0,0,2,0,0,0,0,2,0,2,2,2,0,0,0,2,2,0,0,0,2,0,0,2,0,0,2,0,0,2,0,2,0,0,0,2,0,2,0,0,0,2,0,0,0,2,2,2,2,0,2,0,0,0,0,0,0,0,0,0,0,0,0,0,0,0,0,0,0,0,0,0,0,0,0,0,0,0,0,0,0,0,2,2,0,0,0,0,NA,0,2,2,0,0,0,0,0,0,0,2,0,0,0,0,0,0,2,0,0,0,2,2,2,2,2,0,0,0,0,0,0,2,0,2,0,0,0,0,0,0,0,0,0,0,0,0,0,0,0,0,0,2,0,0,0,0,0,0,2,0,0,0,2,2,0,0,0,2,0,0,2,0,2,NA,2,0,2,2,2,0,0,0,0,0,0,0,2,0,0,0,0,0,0,0,0,0,2,0,2,0,0,0,0,0,0,2,0,2,0,0,0,0,2,0,0,0,0,2,0,0,0,0,2,0,2,0,0,0,0,0,0,0,0,0,2,0,0,0,2,0,0,2,2,0,0,2,2,0,0,0,0,2,0,2,0,2,0,2,0,2,0,0,2,0,2,0,2,0,0,NA,0,2,0,0,2,2,0,2,0,2,0,0,0,2,2,0,0,2,2,0,0,0,0,0,2,0,2,0,0,0,0,0,0,0,0,2,0,0,0,0,0,0,0,2,2,2,0,2,0,2,2,0,2,2,2,0,0,0,2,2,2,2,2,0,2,0,0,0,0,0,0,0,2,2,0,0,0,0,0,0,2,0,0,2,0,0,0,2,2,2,2,0,0,0,2,0,0,2,0,2,0,0,2,0,0,0,0,2,2,0,0,0,2,0,0,2,0,0,0,2,2,0,0,0,0,0,2,0,0,0,0,0,0,0,0,0,2,0,2,0,2,0,0,0,0,0,0,0,0,0,0,0,0,2,2,0,0,2,2,0,0,0,2,0,0,2,2,0,0,0,0,0,0,0,0,2,0,0,0,0,0,0,0,0,0,2,2,0,0,0,0,0,2,2,0,0,0,0,0,2,0,2,0,0,0,2,0,0,2,0,2,0,0,2,0,2,0,2,0,0,2,0,2,0,2,0,0,0,0,0,2,0,2,0,2,0,0,0,0,0,0,0,0,0,2,2,0,0,2,0,2,2,0,0,0,0,2,0,0,2,0,0,2,2,2,2,2,0,0,2,0,0,2,0,0,0,0,0,0,2,0,2,2,2,0,2,0,2,2,0,0,0,2,0,0,0,0,0,0,0,0,0,2,0,0,2,2,2,0,2,2,0,0,0,2,0,0,0,0,0,0,0,0,0,2,2,2,0,2,2,2,2,NA,2,2,2,0,0,2,0,0,0,0,0,0,0,0,0,0,0,0,0,0,2,2,0,0,0,0,0,0,0,0,0,0,0,0,0,0,0,0,0,2,0,2,2,0,0,0,0,0,0,0,0,2,0,0,0,0,0,0,0,2,0,0,0,0,0,2,0,0,0,0,0,0,2,0,0,0,0,2,0,0,2,2,0,0,0,0,0,0,0,2,0,0,0,0,0,0,0,0,0,0,0,0,0,0,0,0,0,0,0,0,0,0,0,0,0,0,0,0,0,0,0,0,0,2,0,0,2,0,0,2,0,0,0,0,0,0,0,0,0,0,0,2,0,0,0,0,0,0,0,0,0,0,0,0,0,0,0,0,0,0,2,2,0,0,0,0,0,0,0,0,0,0,0,0,0,0,0,0,0,0,0,0,2,0,0,2,0,0,0,0,0,0,0,0,0,0,0,0,0,0,0,0,0,0,0,0,0,0,0,0,2,2,0,0,0,2,0,0,2,0,0,0,0,0,2,0,0,0,0,0,0,2,2,0,0,0,0,0,0,0,2,0,0,0,0,2,2,0,0,0,0,0,0,0,0,0,0,0,0,2,0,0,0,0,0,2,0,0,0,0,2,0,0,0,0,2,0,0,0,0,0,0,0,2,0,0,0,2,0,0,0,0,0,2,0,0,2,0,0,2,NA,0,0,0,0,2,0,2,0,0,0,0,0,0,0,2,2,0,0,0,0,0,2,2,2,0,0,2,0,0,0,2,2,0,0,0,0,0,2,0,0,0,0,0,0,0,0,0,0,0,0,0,0,0,0,0,0,0,0,2,0,0,0,0,0,0,2,0,0,0,0,0,0,0,0,0,0,0,2,0,2,0,0,0,0,0,2,2,0,0,0,0,0,0,2,0,0,0,0,0,0,0,0,0,2,2,0,0,0,0,0,0,0,2,0,0,2,2,0,0,0,0,0,2,0,0,0,0,2,2,2,0,2,2,0,0,0,0,0,0,0,0,0,0,0,0,0,0,0,0,0,0,0,0,0,0,0,0,0,0,0,0,0,2,2,0,0,0,0,0,0,0,0,0,0,0,2,0,2,0,0,0,0,0,0,0,0,0,2,0,0,0,2,0,0,0,0,0,0,0,0,0,0,0,2,0,0,0,2,0,0,0,0,0,0,2,0,0,0,0,0,0,0,0,0,0,0,0,0,0,2,0,0,0,0,2,0,0,0,0,2,2,0,0,0,0,0,0,0,0,0,0,0,2,0,0,2,2,0,0,0,0,0,0,0,0,0,0,0,0,2,0,0,0,0,0,2,0,0,0,0,0,0,0,2,2,0,0,0,0,0,0,0,0,0,NA,0,0,0,0,0,2,0,2,2,0,0,0,2,0,0,2,0,2,0,0,0,0,0,0,2,0,0,2,0,0,2,0,0,0,0,0,0,0,0,0,0,0,0,0,0,2,2,0,2,0,0,0,0,2,0,0,2,0,0,0,2,2,0,0,2,2,0,2,2,2,0,0,0,2,0,2,0,0,0,0,2,0,0,0,0,0,0,2,0,0,NA,0,2,0,0,2,0,0,0,0,0,2,2,0,0,2,0,0,0,0,0,2,0,0,2,2,0,2,2,NA,0,0,2,2,0,NA,0,0,0,0,0,0,2,2,2,0,0,0,0,0,0,0,2,0,0,2,0,0,2,0,2,0,0,2,2,0,0,0,2,0,0,2,0,0,2,0,0,0,0,0,0,0,0,0,0,0,0,0,0,0,0,2,2,0,0,0,0,0,0,0,0,0,0,2,0,2,0,0,0,2,0,0,0,0,0,0,0,0,0,2,0,2,0,0,0,2,2,0,0,0,0,0,0,0,0,0,0,0,0,0,0,0,0,0,0,2,0,0,2,0,0,0,2,0,2,0,0,2,0,0,0,0,0,0,0,0,0,0,0,0,0,0,0,0,0,2,0,2,2,0,2,2,0,2,2,2,0,0,0,0,0,0,0,0,0,0,2,0,0,0,0,0,0,0,2,0,2,0,0,0,2,2,0,2,0,0,0,0,0,0,0,0,2,2,0,0,0,0,2,0,0,0,0,0,0,0,0,0,0,2,2,0,0,0,0,2,2,2,0,0,0,0,0,0,0,0,0,0,0,2,0,0,0,0,0,0,0,2,0,0,0,0,0,2,0,0,2,0,0,0,0,0,0,0,0,0,2,2,0,2,0,0,0,0,0,2,0,0,0,0,0,2,2,0,2,0,2,0,0,0,0,0,0,0,0,0,0,0,0,0,0,0,0,0,0,0,0,2,0,0,0,0,0,0,2,0,0,0,0,0,0,0,0,2,0,2,0,0,0,0,0,0,0,0,0,2,0,0,0,0,0,0,2,2,0,0,0,2,0,2,0,0,0,2,0,0,0,0,2,0,0,0,0,0,0,0,0,0,0,0,0,0,0,0,0,0,0,0,0,0,0,0,0,0,0,0,0,0,0,0,0,0,0,0,0,0,0,0,0,0,2,0,2,0,0,0,0,0,0,0,0,0,0,0,2,0,0,0,0,2,0,0,0,0,0,0,0,0,0,0,0,0,0,0,0,0,0,0,0,0,0,2,0,0,0,0,0,0,2,0,0,2,0,0,0,0,0,0,0,0,0,0,2,0,0,0,0,2,0,0,0,0,0,2,0,0,0,0,0,2,0,0,0,2,0,0,2,2,2,0,0,0,0,0,0,2,0,0,2,0,0,0,0,2,2,0,NA,0,0,0,0,2,0,0,0,0,2,0,2,0,2,0,0,2,0,0,2,2,2,0,0,0,0,2,0,2,0,2,0,0,0,2,0,2,2,0,0,0,0,0,2,2,2,0,2,0,0,2,2,0,0,0,0,0,2,0,2,2,2,0,0,0,2,0,0,0,0,0,0,2,2,0,0,0,0,2,0,0,2,0,0,0,2,0,2,0,0,2,0,2,0,0,0,0,0,0,0,0,0,0,0,0,0,0,0,2,0,2,0,2,2,0,0,0,0,0,0,0,0,2,0,0,0,0,0,0,0,0,0,0,0,0,0,0,2,2,0,0,0,0,0,0,0,2,0,2,2,2,0,2,0,0,0,0,0,0,0,0,0,2,2,0,2,2,0,0,0,2,0,0,0,2,0,0,2,2,0,0,2,0,2,2,0,2,0,2,0,0,2,0,2,0,0,2,0,0,0,2,0,0,0,0,2,0,2,2,0,0,0,0,0,0,0,0,2,2,0,0,0,0,2,0,0,2,0,0,0,2,0,0,0,2,2,0,0,0,0,0,2,0,2,2,0,0,0,0,0,0,0,2,2,0,0,0,0,0,0,0,2,2,0,2,2,0,0,0,2,0,0,2,0,0,0,0,2,0,0,2,0,2,0,0,0,2,0,2,0,0,0,0,2,2,0,0,0,2,0,0,0,0,2,0,0,0,0,0,2,2,0,0,2,0,0,0,2,0,0,0,0,2,0,2,0,0,0,0,0,0,0,2,0,0,0,2,0,0,0,0,0,0,0,0,0,2,0,0,0,0,0,0,2,0,0,0,0,0,0,0,0,0,0,0,0,0,0,0,0,0,0,0,0,0,0,2,0,2,0,2,0,2,2,0,0,0,0,0,0,0,0,0,0,0,0,2,0,0,2,0,0,0,0,2,0,0,0,0,0,0,0,0,0,0,2,0,0,0,0,0,0,2,0,0,0,0,0,0,0,0,0,0,0,0,0,0,0,0,0,0,0,0,0,2,0,0,0,0,2,0,0,0,0,0,0,2,0,0,0,0,2,0,0,2,0,0,2,0,0,0,0,0
"CC129",0,0,0,0,2,0,0,0,0,0,0,0,0,0,0,0,0,0,0,0,2,2,0,0,2,0,0,2,0,0,0,0,0,0,2,0,2,2,0,0,2,2,0,0,0,0,0,0,0,0,2,0,0,0,0,0,2,0,0,0,0,0,2,2,0,2,0,0,0,0,2,0,0,2,2,0,0,0,0,0,2,2,0,0,0,0,0,0,0,2,0,2,0,0,0,2,0,0,0,0,0,0,0,2,0,0,0,2,0,0,2,0,0,0,2,0,0,0,0,2,0,2,0,2,0,0,0,2,2,2,2,0,0,0,0,2,0,2,2,0,0,0,0,0,0,0,0,2,2,2,0,0,0,NA,0,2,2,2,0,0,0,0,2,2,2,2,0,0,0,0,0,2,2,0,0,2,0,0,0,2,2,0,0,2,0,0,0,2,0,0,2,2,0,0,0,NA,2,2,0,0,0,2,0,0,NA,0,0,0,0,0,0,2,0,0,0,0,2,2,0,0,2,0,NA,2,0,2,0,0,0,2,0,0,0,0,0,0,2,2,0,0,0,0,0,2,2,0,0,0,2,0,0,0,0,0,0,2,2,0,0,0,2,0,0,0,2,0,0,2,0,0,2,2,2,0,0,0,0,0,2,0,0,2,0,0,0,0,0,0,0,0,0,0,0,2,0,2,0,0,2,2,0,0,0,0,2,0,0,2,0,0,0,2,0,0,0,2,0,2,0,2,0,0,0,0,2,0,0,0,0,0,0,0,0,0,0,2,0,0,2,0,0,0,0,0,0,0,0,0,0,0,2,0,0,0,0,0,0,0,0,0,2,0,0,0,0,2,0,0,0,0,0,0,0,0,0,0,0,0,0,0,2,0,0,0,2,0,0,2,0,0,0,0,2,0,0,0,0,0,0,0,0,0,2,0,0,0,0,0,0,2,0,0,0,0,0,0,0,2,0,0,0,0,2,0,0,0,0,0,0,2,2,0,2,2,0,2,2,0,0,0,0,0,2,0,2,0,0,0,0,0,0,0,0,0,2,0,0,0,0,0,0,0,2,0,0,0,0,0,2,2,0,0,0,0,0,0,NA,0,0,0,2,0,0,0,2,0,0,0,2,2,0,0,0,2,0,0,0,0,0,2,0,0,2,0,0,0,0,0,0,0,0,2,0,0,0,0,0,0,0,2,0,0,2,0,0,0,0,0,0,2,0,0,0,0,0,0,0,0,0,2,2,0,0,2,0,0,0,0,0,0,0,0,0,0,0,0,2,2,0,0,0,0,0,0,0,2,2,0,0,0,0,2,2,0,0,0,2,0,0,0,2,2,0,0,0,0,2,0,0,2,0,0,0,0,2,0,2,0,0,0,NA,0,0,0,0,0,2,2,2,2,0,0,0,2,0,NA,0,0,0,2,0,0,0,2,2,2,0,0,2,0,2,0,0,0,0,0,0,0,0,2,0,0,0,0,0,0,0,0,0,0,0,0,0,0,0,0,2,0,2,0,0,0,0,0,0,0,2,0,0,0,0,0,0,2,0,2,0,0,0,2,0,0,2,0,0,0,0,2,0,0,0,0,2,2,0,0,2,0,0,2,0,2,0,2,2,2,2,0,0,2,0,0,0,0,0,0,0,0,2,0,0,0,2,0,0,2,0,2,2,0,0,0,0,0,2,0,0,0,0,0,0,0,0,0,0,0,0,0,2,0,0,0,0,0,0,0,2,0,2,0,0,0,0,0,0,0,0,0,0,0,0,0,0,2,0,0,2,0,0,0,0,0,2,0,0,0,0,0,0,0,2,0,0,0,0,0,0,0,0,0,0,2,0,2,0,2,0,0,2,0,0,0,0,0,0,0,2,0,2,0,0,0,0,0,0,2,0,0,0,0,0,0,0,0,0,0,2,0,0,0,0,2,0,0,0,2,0,2,0,2,0,0,2,0,2,2,0,0,0,0,0,0,0,0,0,0,0,2,0,0,0,0,0,2,0,2,0,0,0,0,2,2,0,0,0,0,2,0,0,0,0,2,2,0,0,0,2,0,0,0,2,0,0,0,0,0,0,2,0,0,0,0,0,0,0,2,0,2,0,0,2,0,0,0,0,0,0,0,2,0,0,0,0,0,0,2,0,0,0,0,0,0,0,0,0,0,0,0,0,0,2,0,2,2,0,0,2,0,0,0,2,0,0,0,0,0,2,0,2,0,0,0,2,0,0,0,2,0,2,2,0,0,0,0,2,0,0,0,0,0,0,2,2,0,2,0,2,0,0,0,2,0,0,0,0,0,0,0,0,0,0,0,0,0,0,0,0,2,0,0,0,0,2,0,2,0,2,0,0,0,0,2,0,0,2,2,0,0,0,2,0,0,0,0,0,0,2,0,0,0,0,0,0,0,2,0,0,2,2,2,0,2,2,2,0,0,0,2,0,0,2,2,2,0,0,0,2,2,0,0,0,0,2,0,0,0,0,2,0,0,0,2,0,0,2,2,0,0,0,0,0,0,0,0,0,0,0,0,0,0,2,0,0,0,0,0,0,2,2,0,0,0,2,0,0,0,0,0,0,0,2,0,2,0,0,0,2,0,2,0,0,2,0,0,0,0,0,0,2,2,0,0,0,0,0,0,2,0,0,2,2,2,0,0,0,0,0,2,0,0,0,0,0,0,0,0,0,0,0,0,0,0,0,0,0,0,0,0,2,2,0,0,0,0,0,0,0,0,2,0,0,0,0,0,0,0,0,0,0,0,0,0,0,2,0,0,0,0,0,0,0,0,0,0,2,2,0,2,0,0,0,0,2,0,0,0,2,2,0,0,0,0,0,2,2,2,0,0,0,2,0,0,0,0,0,0,0,0,0,0,0,0,0,0,0,0,0,0,0,2,0,0,2,0,0,0,2,0,0,2,0,2,2,0,0,2,0,2,0,0,2,0,0,0,0,0,2,2,0,0,0,0,0,2,2,0,0,0,0,0,0,0,2,0,0,0,0,0,2,0,0,0,0,0,0,0,0,0,0,0,0,0,0,0,0,0,0,0,0,0,0,0,NA,0,0,0,0,0,0,2,0,2,0,0,0,0,0,0,0,2,2,2,2,2,2,0,0,0,0,0,0,0,0,0,0,0,0,0,NA,0,0,0,0,2,0,0,0,0,2,0,0,2,0,0,0,0,0,0,0,0,0,2,0,0,2,2,0,0,0,0,0,2,0,0,2,0,0,NA,0,0,2,0,0,2,0,NA,0,0,2,0,0,0,0,0,2,0,0,0,0,0,0,0,0,0,0,0,2,0,0,0,0,0,0,0,0,0,0,0,0,0,0,0,0,0,0,0,0,0,0,2,2,0,0,0,0,2,0,0,2,0,0,0,0,0,0,0,0,0,0,0,0,0,2,0,2,0,0,0,2,0,0,2,2,2,0,0,0,0,2,0,0,0,0,0,2,2,2,2,0,0,2,2,0,0,2,0,0,2,2,2,0,0,2,0,0,2,0,0,2,0,0,2,0,0,2,0,2,0,0,2,2,0,0,0,0,0,0,0,0,0,0,2,0,0,0,2,2,0,0,0,0,0,2,0,0,0,0,0,0,0,0,2,0,2,0,0,0,0,0,2,0,0,2,2,0,0,2,0,0,0,0,2,0,2,2,0,0,0,0,0,0,0,0,0,0,0,0,0,0,2,0,0,0,NA,0,0,0,0,0,0,2,2,2,0,0,2,2,0,2,0,0,2,0,0,2,2,2,0,0,0,0,2,2,0,0,2,0,0,0,0,2,0,0,0,2,0,2,0,0,2,0,0,NA,0,0,2,2,2,2,0,0,0,0,0,0,0,0,0,0,0,0,0,2,0,0,2,2,0,2,0,0,0,0,0,0,2,0,0,0,0,2,0,0,2,2,2,2,0,2,2,0,2,2,0,0,0,2,0,2,0,0,0,2,0,2,0,0,0,0,2,0,0,0,0,0,2,0,0,0,0,0,0,0,0,0,0,2,2,0,0,0,0,0,0,0,0,2,0,0,0,0,0,2,0,0,0,0,0,0,0,0,0,2,0,2,2,0,0,0,0,0,0,2,2,2,2,0,0,0,2,0,0,0,0,2,0,2,2,2,0,0,0,2,2,0,0,0,0,0,0,0,0,0,0,0,2,0,0,2,0,0,2,0,2,0,0,0,0,0,2,2,0,0,0,2,0,2,0,0,0,0,0,2,0,0,2,0,2,2,0,0,0,0,0,0,2,0,0,2,0,0,2,0,0,0,0,2,0,0,0,2,0,0,0,0,0,0,0,2,0,0,0,0,2,2,0,NA,0,0,2,2,0,0,0,0,0,0,0,0,2,2,0,0,0,0,2,0,0,0,2,0,0,0,2,0,0,0,0,0,0,0,0,2,0,0,0,2,0,0,0,0,0,0,0,0,0,2,0,2,0,0,2,0,0,0,2,0,0,0,0,2,2,0,0,0,0,0,0,0,2,0,0,0,0,2,2,0,0,0,2,0,0,0,0,0,0,0,0,0,0,2,0,0,0,0,0,0,0,0,0,0,2,2,0,0,0,0,0,0,0,0,0,0,0,2,NA,0,0,2,0,0,0,0,0,0,0,0,0,0,0,0,0,0,0,0,0,0,0,0,0,0,0,0,0,2,0,2,2,0,0,0,0,0,0,0,0,0,0,0,0,0,0,0,0,0,0,0,0,0,0,2,0,0,2,0,0,0,0,0,0,0,0,0,0,0,0,2,0,0,0,0,0,2,2,0,0,0,2,0,2,0,2,0,2,2,0,2,0,2,0,0,2,0,0,0,0,0,0,2,0,0,0,0,0,0,0,0,0,0,0,2,0,2,0,2,0,2,0,2,0,0,0,0,0,2,2,0,0,0,0,0,0,0,0,0,0,2,0,0,0,2,0,0,2,0,0,0,0,0,0,0,0,0,0,0,0,0,0,0,0,0,0,0,0,0,0,0,2,0,0,0,0,0,0,0,0,0,0,0,0,2,2,0,2,0,0,0,0,2,0,0,0,0,0,0,0,0,2,0,0,0,0,2,2,0,0,2,0,0,0,0,2,2,0,0,2,0,0,0,0,0,0,0,0,0,0,0,0,0,0,0,0,2,0,2,2,0,0,0,0,0,0,0,0,0,0,2,0,0,0,0,0,0,0,0,0,0,0,0,0,0,0,0,0,0,0,2,0,0,0,0,0,0,2,0,0,2,0,0,0,2,0,0,0,2,0,0,0,0,2,2,0,0,2,0,0,0,0,0,0,0,2,0,2,0,0,0,0,0,0,0,0,0,0,0,0,0,2,0,0,0,0,0,0,0,2,0,0,0,0,0,0,0,2,0,2,0,0,0,0,0,0,0,0,0,0,0,0,0,0,0,0,0,2,NA,0,0,0,2,0,2,0,0,0,2,2,0,0,0,0,0,0,0,2,0,2,2,0,0,0,0,0,0,2,0,0,0,0,0,0,0,0,0,0,0,0,0,0,0,0,2,0,0,0,0,2,0,0,0,0,0,0,0,0,0,0,0,0,0,2,2,0,0,0,0,2,0,0,0,0,0,0,0,2,0,0,2,0,2,0,2,0,2,0,0,0,0,0,2,0,0,0,0,0,2,0,0,0,2,0,0,0,0,0,0,0,0,0,0,0,0,0,0,2,0,2,0,0,0,2,0,2,0,0,0,0,2,0,0,2,NA,0,0,2,2,0,0,2,0,0,2,2,0,0,0,0,0,2,0,0,0,2,0,2,0,2,0,0,0,2,0,0,0,0,0,2,0,0,0,0,0,0,0,0,0,0,0,0,0,0,0,0,0,0,0,2,0,0,2,0,0,0,0,0,0,0,0,0,0,0,2,0,2,0,2,0,2,0,2,0,0,0,0,0,0,0,0,0,0,0,2,0,0,2,2,NA,2,0,0,0,2,0,2,2,0,2,0,0,0,0,0,0,0,0,2,0,2,0,0,2,2,2,0,0,0,0,2,0,0,0,0,0,2,0,2,0,2,0,2,2,0,2,0,2,0,2,0,2,2,0,0,0,2,0,0,0,0,0,0,2,0,0,0,0,0,2,0,0,2,0,0,0,0,2,0,0,0,0,0,0,0,0,0,0,0,0,0,0,0,0,0,0,0,0,0,0,0,0,0,2,0,0,2,0,0,0,0,0,0,2,0,2,0,0,0,0,0,0,2,0,0,0,0,0,0,0,2,0,0,0,0,0,0,2,0,0,0,0,0,2,2,0,0,0,0,2,2,0,0,2,0,0,0,0,0,0,2,2,0,0,0,2,2,0,0,0,2,0,0,0,0,0,0,2,0,0,2,0,0,0,0,0,0,0,0,0,0,0,0,2,2,0,0,0,0,0,0,2,0,2,2,0,0,0,0,0,0,0,0,0,0,2,2,0,2,0,2,0,0,0,0,0,0,0,0,0,0,0,2,2,0,0,0,0,0,2,2,0,2,2,2,2,0,2,0,0,0,0,2,0,2,0,0,0,2,0,0,0,0,0,0,0,0,0,0,0,0,0,0,2,2,0,0,0,0,2,0,0,0,0,0,0,0,0,0,0,0,0,0,2,0,0,2,2,0,0,0,0,0,0,0,0,0,0,0,2,0,0,0,0,0,0,0,0,0,0,0,0,2,0,0,0,0,2,0,0,2,0,0,2,2,0,0,0,0,2,0,2,0,0,0,0,0,0,0,2,2,2,0,0,0,0,0,0,0,2,0,0,0,0,0,0,2,0,0,0,0,0,0,0,0,0,0,0,0,0,0,0,0,0,0,0,0,0,0,0,0,0,0,0,0,0,0,0,2,0,0,0,0,0,0,0,0,0,0,0,0,0,0,0,0,2,0,0,0,0,0,0,0,2,2,0,2,0,2,2,0,2,0,2,0,2,2,0,0,0,0,NA,2,2,0,0,0,0,2,0,0,0,2,0,0,2,2,2,0,0,0,0,2,2,2,2,0,2,2,0,0,0,0,0,2,NA,0,0,2,0,0,0,0,0,0,0,0,2,0,0,0,0,0,2,2,2,0,2,0,0,0,0,0,0,2,0,0,0,0,0,0,0,0,2,0,0,2,0,0,0,0,0,0,0,0,0,0,0,0,2,0,0,2,0,0,0,0,0,0,0,0,0,0,0,0,0,0,0,0,0,0,2,0,0,0,0,0,0,0,0,2,0,0,0,0,2,0,0,0,0,0,2,0,0,0,2,0,0,0,0,2,0,0,0,0,0,0,2,2,0,0,2,0,0,0,0,2,0,0,2,0,0,0,2,2,0,2,0,0,0,2,2,2,0,0,2,0,0,0,0,0,0,0,0,0,2,0,0,0,0,0,2,0,0,0,0,0,0,0,0,0,0,0,0,0,0,0,0,0,0,0,2,0,2,0,0,0,0,0,0,0,0,0,0,2,0,2,0,0,0,0,0,2,2,0,0,0,0,0,2,0,0,0,0,2,2,0,0,0,0,2,0,0,0,0,0,0,0,2,0,0,2,0,0,0,2,2,0,0,2,0,2,2,0,0,0,0,0,0,2,2,2,2,0,0,2,2,0,0,0,0,2,0,0,0,0,0,0,0,2,0,0,0,0,0,2,0,0,2,0,0,0,2,0,0,2,0,0,0,2,0,0,2,0,2,2,2,0,0,2,2,2,0,2,0,2,0,0,0,0,2,2,0,2,0,0,2,2,0,0,0,0,0,0,0,0,2,0,0,0,2,0,2,2,0,0,0,2,2,2,0,0,0,0,0,0,0,0,0,2,2,2,0,0,0,0,0,0,0,2,0,0,2,0,0,2,2,0,2,2,0,0,2,0,0,0,0,0,0,2,0,2,2,2,0,0,0,2,0,0,0,0,2,0,0,0,0,0,0,0,0,0,2,0,0,2,2,2,0,0,0,0,0,0,0,0,0,0,0,0,0,0,2,2,0,2,0,0,2,0,2,0,0,0,0,0,0,2,0,0,0,2,2,0,0,0,0,0,0,0,0,0,0,0,0,0,0,0,0,0,0,0,0,0,0,0,0,2,0,0,0,0,2,0,0,0,0,0,0,2,0,0,0,0,2,0,0,0,0,0,0,0,0,0,0,0,0,0,2,2,2,0,0,0,2,0,2,0,0,0,0,0,0,0,0,0,2,0,0,2,0,2,0,0,2,2,0,0,0,2,0,0,2,0,0,0,2,0,2,0,2,0,0,0,2,0,0,0,0,0,2,0,0,0,0,0,0,2,0,0,0,0,0,0,0,0,0,0,0,0,0,0,0,0,0,0,0,2,2,0,2,2,0,0,0,2,0,0,0,0,0,0,0,0,0,0,0,0,2,0,0,0,NA,0,0,0,0,0,0,0,0,0,0,0,2,0,0,0,2,0,0,0,0,0,0,0,0,0,0,0,0,0,0,0,2,2,0,0,0,0,0,0,0,0,0,0,2,0,0,0,2,0,0,2,0,0,0,2,0,0,0,0,0,0,0,0,0,0,0,0,0,2,2,0,0,0,0,0,0,0,2,0,0,0,2,2,0,0,0,0,0,2,0,2,0,2,0,0,0,0,2,0,0,0,0,0,2,0,0,0,2,0,0,0,2,0,0,0,2,0,0,0,0,0,0,0,0,0,2,0,0,0,0,2,0,0,2,0,0,0,2,0,0,2,0,2,0,0,2,2,0,0,0,0,0,2,0,2,0,0,2,0,2,0,0,0,2,0,0,2,0,0,0,0,2,0,0,0,0,0,0,0,0,0,0,0,0,0,0,0,2,0,0,2,0,0,2,0,0,0,2,0,0,0,0,0,0,0,0,0,0,0,0,0,0,0,0,0,2,0,0,0,2,0,0,0,0,0,0,2,0,0,0,0,0,0,0,2,0,0,0,0,0,0,0,2,0,0,0,0,0,2,0,0,0,0,0,0,0,0,0,2,2,2,0,0,2,2,2,0,0,0,0,0,0,0,0,0,0,0,0,0,0,0,2,0,0,0,0,2,0,0,0,0,0,0,2,2,0,0,0,2,2,0,0,0,0,2,0,2,0,0,0,0,0,0,0,0,0,0,0,0,0,0,0,2,0,0,2,0,0,0,0,0,2,0,0,0,0,0,0,2,0,0,0,0,0,0,0,0,0,0,0,0,0,0,0,0,0,0,0,0,0,0,0,0,0,0,0,0,0,0,0,2,2,2,0,0,0,0,0,0,2,0,0,0,2,2,2,0,0,0,0,0,0,0,0,2,0,2,0,0,2,0,0,2,0,2,0,2,0,2,0,0,0,0,0,2,2,0,0,0,0,0,0,2,0,0,0,0,0,0,0,0,0,0,0,0,0,0,0,0,0,0,0,0,0,2,2,0,2,0,0,2,0,0,0,0,0,2,0,0,0,0,0,0,0,0,0,0,0,0,0,0,2,2,0,0,0,0,0,0,0,0,0,0,0,0,0,0,0,0,2,2,2,0,0,0,2,0,0,0,0,0,0,0,0,0,0,0,2,0,0,0,0,0,0,2,0,0,0,0,0,2,0,0,0,NA,0,2,2,0,2,0,0,0,0,0,0,0,2,0,0,0,0,2,0,0,0,0,0,0,2,0,0,0,2,0,0,0,0,0,2,2,0,0,0,0,0,0,0,0,0,0,0,0,0,0,2,2,0,0,0,2,0,0,0,0,0,0,0,0,0,2,0,0,0,0,0,0,0,0,0,2,0,0,0,0,0,0,0,2,0,0,0,0,0,0,0,0,0,0,0,2,0,0,0,0,0,0,0,2,0,0,0,0,0,0,0,0,2,0,0,2,0,0,0,0,2,2,2,2,2,0,0,0,2,0,0,0,0,0,0,0,0,0,0,0,0,2,0,0,2,0,2,0,0,0,0,0,0,0,0,0,0,0,0,0,0,2,0,0,0,0,0,0,0,0,0,0,2,0,0,0,2,0,0,2,2,0,0,0,0,0,0,2,0,0,0,0,0,0,0,2,0,0,0,0,0,2,2,0,0,0,0,0,0,0,2,0,0,2,2,0,0,0,0,2,0,0,0,0,2,0,0,0,0,0,0,0,0,0,2,0,0,0,2,0,0,0,0,0,0,0,0,0,0,0,0,0,0,0,0,0,0,0,2,0,0,0,0,2,2,0,0,2,0,2,0,2,0,0,0,2,0,0,0,0,0,0,2,0,0,2,2,0,0,2,0,0,0,0,0,0,2,0,0,2,0,0,0,0,0,0,0,0,0,0,0,0,0,0,0,2,0,0,2,0,0,0,0,0,0,0,0,0,2,0,0,0,0,0,2,2,0,0,0,0,0,0,0,0,0,0,0,0,0,0,0,0,2,0,0,0,0,0,0,0,2,0,0,0,2,0,2,2,0,2,0,0,0,2,2,0,0,0,2,0,0,0,0,0,0,0,0,0,0,2,0,0,0,2,0,2,0,0,0,0,0,0,0,0,0,0,0,0,0,0,0,2,0,0,0,0,0,0,0,0,2,0,0,2,2,2,0,0,0,0,0,0,0,0,2,2,0,0,0,0,0,0,0,2,0,0,0,0,0,0,0,0,2,0,2,0,0,0,0,0,0,0,0,0,0,0,2,2,0,0,0,0,2,0,0,2,0,0,0,2,0,0,2,0,0,2,0,0,0,0,2,0,2,0,0,0,2,0,0,0,0,0,0,0,0,0,2,0,2,2,0,0,0,0,0,0,0,2,0,2,0,0,0,0,0,2,2,0,0,0,2,0,0,0,2,2,2,0,2,0,0,0,0,0,2,0,2,2,0,0,2,0,0,0,0,0,0,0,0,0,0,0,0,0,2,2,0,0,2,0,2,0,0,2,0,0,0,0,0,0,0,0,NA,0,0,0,0,0,0,0,0,0,0,0,0,0,0,0,2,2,2,0,0,0,0,0,0,0,0,0,0,0,2,0,0,0,0,0,0,0,0,0,0,0,0,2,2,0,0,2,0,2,0,0,0,0,0,0,0,0,0,2,0,0,0,0,0,0,2,0,0,2,2,0,0,0,0,0,0,0,0,0,0,0,0,0,0,0,0,2,0,0,2,0,0,0,2,0,0,2,0,0,0,0,0,2,2,0,0,0,0,0,0,0,0,2,0,0,0,0,0,0,0,2,0,0,0,0,0,0,0,0,0,2,0,0,0,0,2,0,0,0,0,0,0,0,2,0,0,0,0,0,0,2,0,0,0,2,2,2,2,0,0,0,0,2,0,0,0,0,0,0,0,2,0,0,0,0,0,2,0,0,0,0,2,0,2,0,0,2,0,0,2,2,0,0,0,0,0,0,0,0,0,0,0,0,0,0,0,0,0,0,0,2,0,2,2,2,0,0,2,0,0,0,0,0,0,0,0,2,0,0,0,0,0,0,2,0,0,0,0,0,0,0,0,2,0,0,0,0,0,0,2,2,0,0,0,0,0,0,0,0,0,0,0,0,0,2,0,0,2,0,0,0,0,0,2,0,2,0,0,0,0,0,0,0,0,2,0,0,0,0,2,0,0,2,0,2,0,0,0,0,2,0,0,0,0,0,2,0,0,2,0,0,2,2,0,2,0,0,0,0,0,0,0,0,0,2,0,2,0,0,0,0,0,0,0,0,0,0,0,0,2,0,0,0,0,0,0,0,0,2,0,0,2,2,2,0,0,0,0,0,0,0,0,0,2,0,0,0,0,0,0,0,0,2,0,2,2,0,2,0,0,0,0,0,0,2,0,0,0,0,2,0,2,0,0,0,0,0,0,0,0,0,0,0,0,0,0,0,0
"CC13",0,2,0,0,0,0,0,0,0,0,2,0,0,0,0,2,0,0,0,0,2,0,0,2,0,0,0,0,0,0,0,2,0,0,0,2,0,0,0,0,0,0,2,2,2,0,0,2,0,0,0,2,0,2,0,2,2,0,0,0,0,2,2,2,0,0,0,0,0,2,0,2,0,2,0,0,0,0,0,0,0,0,0,0,0,0,0,0,2,0,0,2,0,0,0,0,2,0,0,2,0,0,0,0,0,0,0,0,0,2,2,2,0,2,0,0,0,0,0,0,0,0,0,0,0,0,0,2,2,0,0,0,0,0,0,0,2,0,0,0,0,0,0,0,0,0,2,0,0,2,2,2,0,0,2,2,0,0,2,0,2,0,0,2,2,0,0,0,0,0,0,2,0,0,0,0,0,0,0,0,0,0,0,0,2,0,0,2,0,0,0,2,2,0,0,2,0,2,0,0,0,0,0,0,0,0,0,0,2,0,2,0,0,0,0,0,2,0,0,2,2,0,2,0,2,2,0,0,0,2,2,0,0,0,0,0,2,0,0,0,2,0,0,0,0,0,2,0,0,0,2,0,0,0,0,0,0,0,0,2,2,0,0,0,2,0,2,2,0,0,0,0,0,0,0,0,0,0,0,0,2,0,0,0,0,0,0,0,0,0,0,2,2,0,0,2,0,2,2,2,0,0,0,0,2,0,2,0,2,0,0,2,0,2,0,0,0,2,0,2,0,2,0,0,0,0,0,0,2,0,0,0,2,0,0,0,0,0,0,0,0,0,0,0,0,0,0,0,0,0,2,2,0,0,0,2,0,0,0,0,2,0,0,0,0,2,0,0,0,0,0,0,2,2,2,0,0,0,0,0,0,0,0,2,0,0,0,0,0,0,0,2,0,0,0,0,0,0,2,0,0,0,0,0,0,0,0,0,0,0,0,0,0,0,0,0,0,0,0,0,0,0,0,0,0,2,0,0,2,0,0,0,0,2,0,0,0,0,0,0,0,0,0,0,0,0,0,0,0,0,0,0,0,2,0,0,0,0,0,0,0,0,0,0,0,0,0,2,0,0,0,0,0,0,0,2,0,2,0,2,0,0,0,0,2,2,2,0,2,0,0,0,0,0,0,0,2,0,0,2,0,0,0,0,0,0,0,0,0,0,0,2,2,0,0,0,0,0,0,0,0,2,0,0,0,0,0,NA,0,0,0,0,0,0,0,2,0,2,0,2,0,0,0,0,0,2,0,2,0,2,0,0,0,2,0,0,0,2,2,2,0,0,0,0,2,2,2,2,0,0,0,2,0,0,0,2,0,0,2,0,0,0,0,2,2,0,0,0,0,0,0,0,0,0,2,0,2,0,2,0,0,2,0,0,0,0,2,2,2,0,0,0,0,2,0,0,0,0,0,0,2,0,0,2,2,0,0,0,0,0,0,0,2,2,2,2,0,0,0,0,0,0,0,0,2,0,0,0,0,0,0,0,0,0,0,0,0,0,0,0,0,0,0,2,2,0,0,0,0,0,0,0,2,0,0,0,0,0,0,0,0,0,0,0,2,0,0,0,2,0,0,0,0,0,0,0,0,0,0,0,0,0,0,0,0,0,0,0,0,0,0,0,2,0,0,0,0,0,0,0,0,0,0,2,0,2,0,0,2,0,0,0,0,0,0,0,0,0,0,0,0,2,0,0,0,0,2,2,0,2,0,0,2,2,0,0,0,0,0,0,0,0,0,2,0,2,0,0,2,0,2,0,0,0,0,0,0,2,0,0,0,0,0,0,0,2,0,2,2,0,0,0,0,0,2,2,0,0,0,0,2,0,2,0,0,0,0,2,0,0,2,0,0,0,0,0,0,0,0,0,0,2,2,2,0,0,2,0,0,2,0,0,0,0,0,0,2,2,0,2,2,0,0,0,0,0,0,0,0,2,2,0,2,0,2,0,0,2,0,0,0,0,0,0,0,0,2,0,0,0,0,0,0,2,2,0,0,0,0,0,0,0,0,0,0,2,0,0,0,0,0,0,0,0,0,2,2,0,0,0,0,0,2,0,0,0,0,2,0,0,0,2,0,0,0,2,0,0,0,0,0,0,0,0,0,0,0,0,0,0,2,0,0,0,0,0,0,0,0,2,0,0,0,0,2,0,0,0,2,0,2,2,2,0,0,0,0,0,0,0,0,0,0,0,2,2,0,0,0,0,2,0,0,0,0,0,0,0,0,0,0,0,0,0,0,0,2,0,0,0,2,2,2,0,0,0,0,0,0,0,0,0,0,0,0,0,2,2,0,0,0,2,0,0,0,0,0,0,0,0,0,0,0,0,0,2,0,0,0,2,2,2,0,2,0,0,2,2,0,0,0,0,0,0,0,0,0,2,0,0,0,0,0,0,0,0,2,0,0,0,0,0,0,0,0,0,0,0,2,0,0,0,0,2,NA,2,0,0,0,0,0,0,0,0,0,2,0,0,0,0,0,0,0,2,0,0,0,0,0,0,0,0,0,0,0,0,0,0,0,0,0,0,0,0,0,0,0,0,0,0,2,0,0,0,0,0,0,2,0,2,0,0,2,0,0,0,0,2,2,2,0,0,0,0,0,0,0,0,0,0,0,0,2,0,2,0,0,0,0,0,0,2,0,2,0,2,0,0,0,2,0,2,0,0,0,0,0,0,0,0,0,2,0,0,0,0,2,0,0,0,2,2,0,0,2,0,0,0,0,0,2,2,2,2,0,0,0,0,0,2,0,0,0,0,0,0,0,0,0,0,0,2,2,0,0,0,0,2,0,2,0,0,0,0,0,0,2,0,0,0,0,2,2,0,0,0,0,2,2,2,2,2,0,0,0,0,2,0,0,0,0,0,0,0,0,0,0,0,0,0,0,0,0,2,2,0,0,0,0,0,2,2,2,0,0,0,0,2,0,0,0,0,0,0,0,0,0,2,0,0,0,0,0,0,2,0,0,0,0,0,0,0,0,0,0,0,0,0,0,0,0,0,0,0,0,0,0,0,2,0,0,0,2,0,0,2,0,0,2,0,0,0,0,0,0,0,0,0,0,0,0,0,0,0,0,0,0,0,0,0,0,0,0,0,0,0,0,0,2,2,2,2,0,0,2,0,0,0,0,0,0,0,0,0,0,0,0,0,0,0,0,0,0,0,2,0,0,0,0,0,0,0,0,0,0,0,2,0,0,0,0,0,0,0,2,0,0,0,0,0,0,0,0,0,0,0,0,0,0,0,2,0,0,0,0,0,0,0,0,0,0,0,0,0,0,0,0,0,0,0,0,0,0,0,0,0,0,2,0,2,0,0,0,0,0,0,0,0,0,0,0,2,0,0,0,0,0,0,0,0,0,0,0,0,0,0,0,0,0,0,0,0,0,2,0,0,0,0,0,0,0,0,0,0,0,0,0,0,0,0,2,0,0,0,0,2,0,0,0,0,0,0,2,0,0,2,0,0,0,0,0,0,0,0,0,0,2,0,0,0,0,0,0,0,0,2,0,0,0,0,0,0,2,0,0,2,2,2,0,0,0,0,2,0,2,2,0,2,0,2,0,0,0,0,0,0,0,0,0,0,2,0,0,2,0,2,0,0,0,0,0,2,0,0,0,0,0,0,0,0,0,0,0,0,0,0,0,0,0,2,0,0,2,0,0,0,0,0,0,0,0,0,0,0,2,2,0,0,2,0,0,2,2,0,0,0,0,0,0,0,0,2,0,0,2,0,0,0,0,0,2,0,2,0,0,0,0,0,0,0,0,0,0,0,2,0,0,0,0,0,0,0,2,0,0,0,0,0,2,0,2,0,2,0,0,0,0,0,2,2,0,0,0,0,0,0,2,0,0,2,0,0,0,0,0,2,0,0,0,0,2,0,0,0,2,0,0,0,0,2,0,0,2,0,0,0,0,0,0,0,0,2,2,2,0,0,0,0,0,0,0,0,0,0,0,0,0,0,0,0,2,0,0,0,2,2,2,0,0,0,0,0,0,0,2,2,0,0,0,2,0,0,0,2,2,0,0,0,0,0,0,0,0,2,0,0,0,0,0,0,0,0,2,0,0,2,0,0,0,0,2,0,2,2,2,2,2,0,0,0,2,0,2,0,2,0,0,0,0,0,2,0,0,0,0,0,2,0,0,0,2,0,0,0,0,0,0,2,0,0,0,0,2,0,2,0,0,0,0,0,0,2,0,0,0,0,0,0,0,0,0,0,0,0,0,0,0,0,0,0,0,0,0,0,0,0,0,0,0,0,2,0,2,0,0,0,0,0,0,0,0,2,2,0,2,0,0,0,0,0,0,0,0,0,0,2,0,0,0,2,2,0,2,0,2,0,0,0,0,0,0,0,0,0,0,0,2,0,0,0,0,2,2,0,2,0,0,0,0,0,0,0,0,0,0,0,0,0,0,0,0,0,2,0,0,0,0,0,0,0,0,0,0,0,2,0,0,2,0,2,0,0,0,0,0,2,0,2,0,0,2,2,2,0,2,0,0,0,2,0,0,2,2,0,0,2,0,0,0,2,0,0,0,0,0,0,2,0,0,0,2,0,0,2,0,2,0,0,0,0,0,0,0,0,2,2,0,0,0,2,0,0,0,0,0,2,2,2,2,0,NA,0,0,0,2,2,0,0,2,0,0,2,0,0,0,0,0,2,0,0,0,2,2,0,0,0,0,0,0,0,0,0,0,0,2,0,2,0,0,0,0,0,2,2,0,2,0,2,0,0,0,2,0,0,0,0,0,0,0,0,0,0,0,0,0,0,2,0,0,0,0,0,2,2,2,2,0,0,0,0,0,0,0,2,0,0,0,0,0,0,0,0,0,0,0,0,0,2,0,0,0,0,2,0,0,0,0,0,0,0,0,0,2,0,2,0,0,0,0,0,0,0,0,0,2,0,0,0,0,0,0,2,0,0,0,0,0,0,0,2,2,0,0,0,0,0,0,0,0,0,2,0,2,0,0,0,0,0,0,0,0,0,0,0,0,2,0,0,0,2,2,2,0,0,0,0,0,2,0,0,0,0,0,2,0,0,0,0,2,2,0,2,2,0,2,0,0,2,0,0,0,2,0,0,2,2,0,0,0,0,0,0,0,0,0,0,0,0,0,2,0,0,0,0,2,0,2,0,0,0,0,2,0,0,2,0,2,0,0,0,0,0,0,0,0,0,0,0,0,0,0,0,0,0,0,0,0,2,0,0,2,0,0,0,0,0,0,2,0,0,0,0,0,2,0,0,0,2,0,2,0,2,0,0,0,0,2,0,0,2,0,0,0,0,2,2,0,0,0,0,0,0,0,0,0,0,2,2,0,0,0,0,0,2,0,0,0,0,0,0,0,0,0,2,0,0,0,0,0,0,2,0,0,0,0,0,0,2,2,2,0,0,0,0,0,0,0,0,0,0,2,0,0,0,0,0,0,0,0,0,0,2,0,0,2,2,0,2,0,0,0,2,0,0,0,0,0,0,0,2,0,0,0,2,0,0,0,0,0,2,0,0,0,0,2,2,0,2,0,0,0,0,2,0,0,0,0,NA,2,2,0,0,0,0,0,0,0,0,0,0,0,0,0,0,0,0,0,0,0,0,0,0,0,0,0,2,2,0,0,0,0,0,2,0,0,0,0,2,0,0,0,2,2,0,0,0,0,0,0,0,2,0,0,0,0,0,0,0,0,2,2,0,0,0,0,0,0,0,0,0,0,0,0,2,0,0,0,0,0,0,0,2,2,2,0,2,2,0,0,2,0,0,0,0,0,0,0,0,0,0,0,0,0,0,0,0,2,2,0,0,0,0,2,2,0,0,0,0,0,0,0,0,0,0,0,0,0,2,0,2,0,2,0,0,0,0,0,0,NA,0,2,0,0,0,0,0,0,2,0,0,2,0,0,2,0,0,2,2,0,0,0,0,0,0,0,0,0,0,0,0,0,2,0,0,0,0,0,0,0,2,0,0,0,0,0,0,0,0,0,0,0,0,0,0,0,0,0,2,0,0,2,0,0,0,0,0,0,0,0,0,0,0,0,2,0,0,0,0,2,0,0,0,0,2,0,0,0,0,0,0,0,0,0,0,0,2,0,0,0,0,0,2,0,0,0,0,2,0,0,0,2,0,0,2,0,0,0,0,0,2,2,NA,0,0,0,0,2,NA,0,0,0,0,0,0,0,0,0,0,0,0,0,2,0,0,2,0,0,0,0,0,0,0,0,2,0,2,0,2,0,0,0,2,2,2,0,0,2,0,2,0,0,0,0,0,0,0,0,0,0,0,0,0,0,0,0,0,0,0,0,0,0,0,0,0,2,0,0,0,0,2,0,0,0,0,2,0,0,0,2,0,0,2,0,0,0,0,0,0,0,0,2,2,0,0,0,0,0,2,0,0,0,0,0,NA,2,0,0,0,0,0,0,2,0,2,0,2,0,0,2,0,2,0,0,0,0,2,0,0,2,0,0,2,0,2,0,0,0,0,2,0,0,0,2,0,0,0,0,0,0,0,0,2,0,0,2,0,0,0,0,0,0,2,0,0,0,0,0,0,0,2,2,0,2,0,2,0,0,0,2,0,2,2,0,0,0,0,0,0,2,0,2,0,2,0,2,0,0,0,2,2,0,0,2,2,0,2,2,0,2,0,0,0,0,0,2,0,0,0,2,0,0,0,0,0,0,0,0,0,0,0,0,2,0,0,0,0,0,0,0,2,0,0,0,0,0,0,0,0,0,0,0,0,0,0,0,0,0,0,0,0,0,0,0,0,0,2,0,0,0,0,0,2,0,0,0,0,0,0,0,0,0,2,0,0,0,0,0,2,0,0,0,0,0,0,0,0,2,0,2,2,0,2,0,0,0,0,0,0,2,0,0,0,0,0,0,0,0,0,0,0,0,0,0,0,2,2,2,0,0,0,0,2,2,2,0,0,0,0,0,2,0,0,0,0,0,2,2,0,0,0,2,0,0,0,0,2,0,0,0,2,0,0,0,0,0,0,0,0,0,0,2,0,0,2,0,0,2,0,0,0,0,0,2,0,2,0,0,0,0,0,2,0,2,0,0,0,0,0,0,0,0,0,0,0,0,0,2,0,0,2,0,2,0,0,2,2,0,0,0,0,0,2,0,0,0,0,0,2,2,0,0,0,2,0,0,0,0,0,0,0,0,0,0,0,0,0,0,0,0,2,2,0,0,0,0,2,0,0,0,0,0,0,0,0,0,0,0,0,0,0,2,0,0,0,0,0,0,2,0,0,0,0,0,0,0,0,0,0,0,2,0,0,0,0,0,0,0,0,2,0,0,0,0,0,0,0,0,0,0,0,0,0,0,0,0,0,0,0,0,0,0,0,0,2,0,0,0,0,0,0,2,0,0,0,0,0,0,2,0,2,0,0,0,0,2,0,0,0,0,0,0,0,0,0,0,0,0,0,0,2,0,0,0,2,0,0,0,0,0,0,0,0,0,0,0,0,0,0,0,0,2,0,2,0,0,0,0,0,0,0,0,0,0,2,0,0,0,2,2,0,0,0,0,0,0,0,0,0,0,0,0,0,0,2,2,0,2,0,0,0,2,0,0,0,0,0,2,0,0,0,0,0,0,0,0,0,0,0,0,0,0,0,0,0,0,0,0,0,0,0,0,0,0,0,0,0,0,0,0,0,0,0,0,0,0,0,0,0,0,0,2,0,2,2,0,0,0,0,0,2,0,2,0,0,0,0,0,0,0,0,0,0,0,0,0,2,0,0,0,0,0,0,0,0,0,0,0,0,0,0,0,0,0,0,2,0,0,0,0,0,0,0,0,0,0,0,0,0,0,0,0,2,0,0,0,2,0,0,0,0,0,2,0,0,0,0,2,0,0,0,0,0,0,0,0,0,0,0,0,0,0,0,0,0,0,0,0,0,0,0,0,0,0,0,0,0,0,0,0,0,0,0,0,0,0,0,0,0,0,0,0,0,0,0,0,0,0,0,0,0,0,0,0,0,0,0,0,2,2,0,0,0,0,0,0,2,2,2,0,2,2,0,0,0,0,2,2,0,0,0,2,2,0,2,0,2,2,0,0,0,0,0,2,2,0,0,0,0,2,0,0,0,0,0,0,0,0,0,0,0,0,0,0,0,2,0,0,0,0,0,0,0,2,0,0,0,0,0,0,0,0,0,2,0,0,2,0,0,0,0,0,0,2,0,0,0,0,2,0,2,0,0,0,0,0,0,2,0,0,0,0,2,0,0,0,0,2,2,0,0,0,0,0,0,2,0,0,0,0,2,0,0,0,2,2,0,2,2,0,0,0,2,0,0,0,0,0,0,2,0,0,0,0,0,0,0,0,0,0,0,0,0,0,0,0,0,0,0,0,0,0,0,0,0,0,0,0,0,0,0,0,0,0,0,0,0,0,0,0,0,0,0,0,0,0,0,0,0,0,0,0,0,0,0,0,2,0,0,0,0,0,0,0,0,2,0,2,0,2,0,0,0,0,0,0,0,0,0,0,0,0,0,0,0,0,0,0,0,0,0,0,0,0,0,2,2,2,2,0,0,0,0,2,0,2,0,0,0,0,0,0,0,0,0,0,2,0,0,0,0,0,0,0,0,0,2,0,0,0,0,0,2,0,0,0,0,0,0,0,2,0,0,2,0,0,2,0,0,2,0,0,0,0,0,0,0,2,2,0,0,0,0,0,0,2,0,0,0,0,0,0,2,0,0,0,0,0,2,0,0,0,0,0,0,0,0,0,0,0,0,0,0,0,0,0,0,0,0,0,0,0,0,0,0,0,0,0,0,0,0,0,NA,0,0,0,0,0,0,0,0,0,0,2,2,2,0,0,0,0,2,0,0,0,0,0,0,2,0,0,0,0,2,0,0,0,0,0,0,2,0,2,0,0,2,0,0,0,2,2,2,2,0,0,0,2,0,0,0,0,0,0,0,0,0,0,0,0,0,0,0,0,0,0,0,0,0,0,0,0,0,2,0,0,0,0,0,0,0,2,0,2,0,0,0,0,0,0,0,0,0,0,0,0,2,0,0,0,2,0,0,2,0,0,0,2,0,2,0,0,0,2,0,2,2,0,0,2,0,0,0,0,0,2,0,0,2,0,0,0,0,0,0,0,0,0,2,0,2,0,0,0,0,0,0,0,2,2,0,2,0,0,0,2,0,0,0,0,0,0,0,0,2,2,0,0,0,0,0,0,0,0,0,0,0,0,0,0,0,0,0,0,2,2,2,2,0,0,0,0,0,2,0,0,0,0,0,2,0,0,0,0,0,0,0,0,0,2,0,0,0,0,0,0,2,2,2,0,2,0,0,0,2,0,0,0,0,0,0,0,0,2,0,2,2,0,0,0,0,0,0,0,0,0,0,0,0,0,0,2,2,0,0,0,0,0,0,2,0,0,0,2,2,2,0,NA,0,0,0,0,0,0,0,0,0,2,0,0,0,0,0,0,0,0,0,0,0,2,0,0,0,0,0,0,0,0,0,2,0,2,2,0,0,0,0,0,0,0,2,0,0,0,0,0,0,2,0,2,0,0,0,2,0,0,0,0,0,2,2,2,0,0,0,0,0,2,0,0,0,0,0,2,2,2,0,2,0,0,0,0,0,0,0,0,0,2,0,0,0,0,0,0,2,0,0,2,0,0,0,0,0,2,0,0,0,0,0,0,0,2,0,0,0,0,0,0,0,0,0,0,0,2,2,2,0,0,0,0,2,2,0,0,0,0,0,2,0,0,0,0,0,2,0,0,0,0,0,0,0,0,0,0,2,0,0,0,0,2,0,2,2,0,0,0,0,0,0,0,0,0,0,0,2,0,2,0,0,2,0,0,0,0,0,2,2,2,0,2,0,0,0,0,0,0,0,0,2,0,0,2,0,0,0,2,0,0,0,2,0,0,0,2,0,0,0,2,0,0,0,2,0,0,0,0,2,2,0,0,0,0,0,0,0,0,0,0,2,0,0,2,2,0,0,0,0,0,0,0,0,2,0,0,2,2,0,2,0,0,2,0,0,0,0,0,2,0,0,0,0,0,0,0,0,0,0,0,0,2,0,2,0,0,2,0,2,0,0,0,0,0,0,0,0,0,0,0,0,0,0,0,0,0,2,0,2,0,0,0,0,0,0,0,0,2,0,0,2,0,0,0,2,0,0,0,0,0,0,0,0,0,0,0,0,0,0,2,2,0,0,0,2,0,2,0,0,0,0,2,0,0,0,0,0,0,0,0,0,0,0,0,0,0,0,0,0,2,2,0,0,2,0,0,0,2,0,0,0,0,2,2,0,0,0,0,0,2,2,0,0,0,2,2,0,0,0,0,2,0,2,0,0,0,0,0,0,0,0,0,0,0,0,0,2,0,0,0,0,0,2,2,0,0,0,2,0,2,0,2,2,0,0,0,0,0,0,0,0,2,2,2,0,0,0,0,0,0,0,0,0,0,0,2,0,0,0,0,0,0,0,2,0,0,0,0,0,0,0,0,0,0,2,0,0,0,2,0,0,0,0,2,2,0,0,0,0,2,0,0,2,2,2,0,0,0,0,0,0,2,0,2,0,0,0,0,2,0,2,0,0,0,0,2,2,0,0,0,0,2,0,0,0,0,0,2,2,2,0,0,0,0,0,0,0,0,0,2,0,0,0,0,0,0,2,0,2,0,0,0,0,0,0,2,0,0,0,0,0,0,2,0,0,2,2,2,2,2,0,0,2,0,0,2,0,0,0,0,0,0,0,0,0,2,0,2,0,0,2,0,0,0,0,0,2,2,0,2,0,0,2,0,0,2,0,0,0,0,0,0,0,0,0,0,0,0,0,0,2,0,2,0,0,0,0,0,0,0,0,2,0,0,0,0,0,0,2,0,0,0,2,2,0,0,2,0,0,0,2,0,0,2,0,0,0,0,0,0,0,0,0,2,2,0,2,0,0,0,2,0,0,0,0,2,0,0,0,0,0,2,0,0,0,0,2,0,0,0,0,0,0,0,0,0,0,0,2,2,0,0,0,0,0,0,0,2,0,0,2,2,0,0,0,0,0,0,2,0,0,0,2,0,0,0,0,0,0,2,2,0,0,0,0,2,2,0,0,0,0,0,2,0,2,0,0,2,0,0,0,0,0,0,0,2,0,2,0,0,0,0,0,0,0,0,0,0,2,0,0,0,0,2,0,0,0,0,0,0,0,0,0,0,0,0,2,0,2,2,0,0,0,2,2,0,0,0,0,0,2,2,0,2,0,0,0,0,0,0,2,0,0,0,2,0,2,0,2,0,0,2,0,0,0,2,0,0,0,0,2,2,0,0,0,0,0,0,0,0,2,0,0,2,0,0,2,2,0,0,0,0,0,2,0,2,2,0,2,0,2,0,2,0,0,2,0,2,0,0,0,0,2,2,0,0,0,0,0,0,2,2,2,0,0,0,0,0,2,2,0,0,0,0,0,0,0,0,2,0,2,0,0,2,0,0,0,2,0,2,0,0,2,0,0,0,0,2,0,2,0,0,0,0,0,0,0,0,2,0,0,0,0,0,0,2,0,NA,0,0,0,2,0,0,0,0,0,0,0,2,0,0,0,2,0,0,0,0,0,0,0,2,0,0,0,0,0,0,2,0,0,2,0,0,0,0,0,0,0,0,0,2,0,0,0,0,2,0,0,0,0,0,2,0,0,0,0,0,0,0,0,0,2,0,0,0,2,0,0,0,0,0,0,0,0,0,0,0,0,0,0,0,2,2,0,0,0,0,0,0,0,0,2,0,0,0,0,0,2,2
"CC130",0,2,0,0,0,0,0,0,0,0,0,0,0,0,0,2,0,0,0,2,0,0,0,2,2,0,0,0,0,0,0,2,0,0,0,2,0,0,0,0,0,2,2,2,2,0,0,2,0,0,2,2,0,2,2,0,2,0,0,0,0,2,0,2,0,0,0,0,0,2,2,0,0,0,0,0,0,2,0,2,0,0,0,0,0,0,2,0,0,2,0,2,0,0,0,2,0,0,0,0,0,0,0,0,0,2,0,0,0,2,0,0,2,2,0,0,0,0,0,0,0,0,2,2,0,0,2,0,0,0,2,0,0,0,0,0,0,0,0,0,0,0,0,0,0,0,0,2,2,0,0,0,0,2,0,2,0,0,0,2,0,2,0,0,NA,2,0,0,0,0,0,0,0,0,0,0,2,0,0,2,0,0,0,0,0,0,0,0,0,2,0,2,0,0,0,0,0,2,0,0,0,0,0,0,0,2,0,0,0,0,0,0,0,2,0,2,2,0,2,0,2,0,0,0,NA,2,0,2,2,0,0,0,2,2,0,0,0,2,2,0,0,0,0,0,2,0,2,0,2,0,0,0,2,0,0,2,0,0,0,0,0,0,0,2,2,0,2,0,0,0,0,0,0,0,0,0,0,0,0,0,2,0,2,2,0,0,0,0,0,0,0,2,2,0,0,0,0,2,0,0,2,2,0,0,0,2,0,2,0,2,0,2,0,0,2,0,0,0,0,0,0,0,0,0,2,0,0,0,0,0,0,2,0,0,0,2,2,2,0,0,2,0,2,0,0,0,0,2,0,0,NA,2,0,0,0,2,0,0,2,NA,2,2,2,0,0,2,0,0,0,0,0,0,2,2,2,0,2,0,2,0,0,0,0,2,0,0,2,0,2,2,2,0,2,0,0,0,NA,0,2,0,0,0,0,0,0,0,0,0,0,2,0,0,0,0,0,0,0,2,0,0,0,0,0,0,0,0,0,2,0,0,2,0,0,0,2,2,2,0,2,0,2,0,2,2,2,0,0,2,2,0,0,0,2,2,0,0,0,0,0,2,2,0,2,0,0,0,0,0,0,2,0,0,0,0,0,0,0,0,0,0,0,0,0,0,0,0,2,NA,0,2,0,2,0,2,2,2,0,0,0,0,0,0,0,0,0,0,0,0,0,NA,2,2,0,0,0,0,2,2,0,2,0,0,0,0,0,0,0,0,0,0,0,2,2,0,0,2,0,0,0,0,0,0,0,2,0,0,0,2,0,0,2,0,0,2,0,0,0,2,0,0,2,2,0,0,0,0,2,0,2,0,0,2,0,0,2,0,0,0,0,0,2,2,2,0,0,0,0,2,2,0,0,NA,2,2,2,0,0,0,0,0,0,0,0,0,NA,0,0,0,0,0,0,0,0,0,0,0,0,0,0,0,0,0,0,0,0,0,0,0,0,0,2,0,0,2,0,0,0,0,0,0,0,0,2,0,2,0,0,0,0,2,2,0,0,2,2,0,0,0,0,0,2,2,0,0,0,0,0,0,0,0,0,0,0,2,0,0,0,0,0,0,0,0,0,0,0,0,0,0,0,0,2,0,0,0,0,0,2,0,0,0,0,2,0,0,0,0,0,0,0,0,0,2,2,0,0,0,2,0,0,0,NA,0,0,0,0,2,0,0,2,2,0,0,0,0,2,0,0,0,0,0,0,0,0,0,0,0,0,2,0,0,0,0,0,0,2,2,0,0,2,0,0,2,0,0,0,0,0,0,0,2,2,2,0,0,0,0,0,0,0,0,0,0,2,2,0,0,0,0,0,2,0,0,0,0,2,2,0,0,0,0,0,0,0,0,0,0,0,0,0,0,0,0,2,0,2,0,2,2,2,2,0,0,0,2,0,2,2,0,0,0,0,0,0,0,0,2,2,0,0,2,0,0,0,0,0,0,2,0,2,0,0,0,0,0,2,0,0,2,0,2,0,0,2,0,0,0,0,0,0,0,0,2,0,0,2,0,2,0,0,0,0,0,0,2,0,0,0,0,0,2,0,0,0,0,2,0,0,0,0,0,0,0,0,2,2,2,0,0,0,0,0,0,2,0,0,0,2,0,0,0,0,0,2,2,2,0,0,0,2,0,0,0,0,2,2,2,0,0,0,2,0,2,2,2,0,0,0,2,0,0,0,0,0,2,2,2,2,0,0,0,0,0,0,0,0,0,0,0,0,0,0,0,0,0,2,0,0,0,2,2,0,0,2,0,2,0,0,2,0,0,0,0,0,0,0,0,2,2,0,0,0,0,0,0,2,0,0,0,0,0,0,2,2,2,0,0,0,2,0,NA,0,0,0,2,2,0,2,0,0,0,0,0,0,0,0,0,0,0,0,0,0,0,0,0,0,0,0,0,0,0,2,2,2,2,2,0,0,2,2,0,0,0,0,2,2,0,2,2,0,0,0,0,2,0,2,0,0,0,0,0,0,2,2,0,0,0,0,2,2,2,0,2,0,0,0,2,0,0,0,2,2,2,0,2,0,0,0,0,0,0,2,0,0,0,0,0,0,2,0,0,0,0,0,0,2,0,0,2,0,0,2,0,0,0,0,2,0,0,0,0,0,2,0,2,0,0,0,2,2,2,0,0,0,0,2,0,0,0,0,0,0,0,0,0,0,0,0,0,0,0,0,0,0,0,0,0,0,0,0,0,0,0,0,2,0,0,0,0,0,2,0,0,0,0,2,2,2,0,2,0,2,0,2,0,0,0,2,0,0,0,0,0,0,2,0,0,NA,0,0,0,2,0,0,0,0,0,2,0,0,2,0,0,0,0,0,2,0,2,0,0,0,2,0,2,0,2,0,2,0,2,0,2,0,0,0,0,0,0,2,0,2,0,2,0,0,0,2,2,2,2,0,0,2,0,0,0,2,2,2,0,0,2,0,0,0,2,0,2,2,2,2,0,2,2,0,0,0,NA,2,0,2,2,0,2,0,0,0,0,2,NA,2,2,2,0,0,0,0,0,0,0,0,0,0,0,2,0,0,0,0,2,2,0,0,0,2,0,2,0,0,0,0,0,0,0,0,0,0,0,0,0,0,0,0,0,2,0,0,0,0,0,0,0,0,0,0,0,0,0,0,0,0,0,0,0,2,0,2,0,0,2,2,0,0,0,0,0,0,0,0,0,0,2,0,2,0,0,0,0,0,0,0,0,0,0,0,0,0,0,2,0,0,0,2,2,0,0,0,0,0,0,0,0,0,0,0,2,0,0,0,0,2,0,2,2,0,0,2,0,2,0,0,0,0,0,0,0,0,2,2,0,0,2,0,0,2,0,0,0,0,0,0,0,0,0,2,2,0,0,2,0,0,0,2,0,2,0,0,2,0,2,0,0,0,0,0,2,0,0,0,0,2,0,0,0,0,0,0,2,0,2,2,0,2,2,0,0,0,0,0,0,0,2,0,0,0,0,0,0,0,0,0,0,2,0,0,0,0,0,0,0,0,0,0,0,0,0,2,0,0,0,2,0,0,0,0,2,0,0,0,2,0,0,0,0,2,0,0,0,2,0,0,0,0,NA,0,0,0,0,2,0,2,0,2,0,2,0,0,0,0,0,0,0,0,0,2,0,0,0,0,2,0,0,0,2,0,0,0,0,0,0,0,2,0,0,0,0,2,0,0,0,0,0,0,0,0,0,0,0,0,0,0,2,0,0,0,0,0,0,0,0,0,2,2,0,0,0,0,0,0,0,0,2,0,0,2,2,2,0,0,0,0,0,2,0,0,0,0,2,0,0,0,0,0,0,0,0,2,2,0,0,0,0,0,0,0,0,2,0,2,0,2,0,0,0,2,0,0,0,2,2,0,0,NA,0,0,0,0,0,0,0,2,0,0,0,0,0,0,0,0,0,2,0,0,0,2,0,2,0,0,0,0,0,0,0,0,0,0,0,0,0,0,0,0,0,0,0,0,0,0,0,2,0,0,0,0,0,0,0,0,0,0,0,0,0,0,2,0,0,0,0,0,0,0,0,0,0,0,0,0,0,0,0,0,0,0,0,0,0,0,0,0,0,0,0,0,0,0,0,0,0,0,0,0,0,0,0,2,2,2,0,0,0,2,0,0,0,0,0,0,0,0,0,0,0,0,2,0,0,0,0,0,0,0,0,0,0,0,0,0,0,0,0,2,0,2,0,0,2,0,0,0,0,2,0,0,0,2,0,0,0,0,0,0,0,0,0,0,2,0,2,0,0,0,2,0,0,0,0,0,0,0,0,0,0,0,0,0,2,2,0,2,0,2,0,0,0,0,0,0,2,0,0,0,0,0,0,2,0,0,0,0,2,0,2,2,0,0,0,0,0,0,0,2,0,0,0,0,0,0,0,0,2,0,2,0,0,0,0,0,0,0,0,0,0,2,0,2,0,0,2,0,2,0,2,0,2,0,0,0,0,0,0,0,0,0,0,0,0,0,0,0,0,2,0,2,0,0,2,0,2,0,2,0,0,0,0,0,0,0,0,2,2,2,0,2,0,2,2,2,0,0,2,0,0,2,0,0,0,0,0,0,0,0,0,0,2,0,0,2,0,0,0,0,2,0,2,0,0,0,0,0,0,2,0,2,0,0,0,0,0,0,2,0,0,2,0,0,0,2,2,0,0,0,0,2,0,2,2,0,0,0,0,0,0,0,0,2,0,0,0,0,2,2,0,0,0,0,0,0,0,2,0,0,0,0,0,2,0,0,0,0,0,2,2,0,2,0,0,0,0,0,0,0,0,0,0,0,0,0,0,0,0,2,2,2,0,2,0,0,0,0,0,2,2,2,0,0,0,0,0,0,0,0,2,0,0,0,0,0,0,0,0,0,0,0,0,0,2,0,2,0,0,0,0,0,0,2,0,0,2,NA,2,0,0,2,0,0,2,0,2,0,0,0,0,0,2,0,0,0,2,0,2,0,0,0,2,0,0,0,0,0,0,2,0,0,0,2,0,2,2,0,0,2,0,0,0,0,2,2,0,2,0,0,0,0,2,0,2,2,2,0,2,0,0,0,0,0,0,0,2,0,0,0,2,0,2,0,0,0,2,0,0,0,2,0,2,2,0,0,0,0,0,0,2,0,0,0,0,0,2,NA,0,0,0,0,0,2,0,0,0,0,0,0,2,0,0,0,0,2,0,0,2,0,0,0,0,0,0,0,0,2,0,0,0,0,0,0,2,0,0,0,0,0,0,0,0,0,0,0,2,0,0,0,0,2,0,0,0,0,2,0,0,0,0,2,0,0,0,2,0,0,0,0,2,0,2,0,0,0,2,0,0,0,0,0,0,0,0,0,0,2,0,2,2,0,0,0,0,0,0,0,0,0,0,2,0,0,0,0,0,0,0,0,0,0,0,0,0,0,0,0,0,0,0,0,0,0,0,2,0,0,0,0,0,0,0,0,0,0,0,0,0,0,0,0,2,2,0,0,0,2,0,0,2,0,0,2,0,0,0,0,0,0,2,0,0,0,2,2,0,2,0,0,0,0,2,0,0,0,0,2,0,0,0,2,0,0,0,0,2,0,0,0,0,0,0,2,0,0,0,0,0,0,0,0,0,0,2,2,0,2,0,0,0,2,2,0,0,0,0,0,0,0,0,2,0,2,0,0,0,0,0,0,0,0,0,2,0,0,2,0,0,0,0,0,0,0,0,0,0,2,2,0,0,0,0,0,0,0,0,0,0,0,0,0,0,0,0,0,0,0,0,0,0,0,0,0,0,0,2,0,0,0,0,0,0,0,2,0,0,0,0,0,0,2,0,0,0,0,0,2,0,0,0,0,0,0,2,0,0,0,0,0,0,0,0,2,0,2,0,0,NA,2,0,0,0,0,0,0,0,0,0,0,0,0,0,0,0,0,0,0,0,0,0,0,0,0,2,0,2,0,0,0,0,2,2,0,0,0,0,2,2,0,2,2,2,0,0,0,0,0,0,0,0,0,2,0,0,0,0,2,2,0,0,0,2,0,0,2,0,0,0,0,0,0,0,0,0,0,2,0,2,0,2,0,2,0,2,0,0,0,0,0,0,0,0,0,0,0,0,0,0,0,0,0,0,0,0,0,2,0,2,2,0,0,0,0,0,0,0,2,2,0,0,0,2,0,0,0,0,2,0,0,0,0,0,0,0,2,2,2,2,2,0,0,0,0,0,0,2,0,2,0,0,0,0,2,2,0,0,0,0,0,0,0,2,0,0,0,0,0,0,0,0,0,0,0,0,0,0,0,0,2,0,2,0,0,2,0,0,0,0,0,0,0,0,0,2,0,2,2,0,0,0,0,0,2,0,0,0,0,2,0,0,0,0,2,0,0,0,0,2,0,0,0,0,0,2,0,2,2,0,0,0,2,0,0,2,0,0,0,0,0,0,0,2,0,0,0,0,0,0,2,0,0,0,0,0,2,2,0,2,0,0,2,2,0,0,0,0,0,0,2,2,0,0,2,2,0,0,0,0,0,0,2,0,0,0,0,2,0,0,0,0,2,2,0,0,0,0,0,0,0,0,2,0,0,2,0,0,0,0,2,2,2,0,0,2,2,2,0,2,0,2,2,2,2,2,0,0,0,0,0,0,0,0,2,0,2,0,0,0,0,2,2,0,0,2,0,0,2,2,0,0,2,2,0,0,0,2,0,2,NA,2,0,2,0,0,0,0,2,2,2,0,0,0,0,0,0,2,0,0,2,0,0,0,0,0,2,2,0,0,0,0,0,0,2,0,0,0,2,2,0,0,0,0,2,0,2,0,0,0,0,2,0,0,0,0,0,0,0,0,0,NA,0,2,0,0,0,0,2,0,2,0,0,0,0,0,0,0,2,2,0,0,0,0,2,0,0,0,0,0,0,0,0,2,0,0,0,0,0,0,2,0,0,2,0,0,0,2,0,0,0,0,2,0,0,0,2,0,0,0,2,0,2,0,0,2,2,0,0,0,2,0,0,0,2,0,0,0,2,0,0,0,0,0,0,2,2,0,0,0,2,0,0,0,2,2,2,0,0,0,2,0,0,0,0,2,0,0,0,0,2,2,0,0,2,0,0,0,0,0,0,0,0,0,0,0,0,0,0,0,0,0,0,2,0,0,0,2,0,0,0,2,0,0,2,0,0,2,0,0,0,0,0,2,2,0,0,0,2,2,0,0,0,0,0,0,0,2,0,0,0,0,0,0,0,0,0,0,0,0,0,0,0,0,0,0,0,0,0,0,2,2,2,0,0,0,0,0,0,2,0,2,2,0,0,2,0,0,NA,0,2,0,0,0,0,2,0,0,2,0,0,2,NA,0,2,2,2,0,0,0,0,0,2,0,0,0,0,2,0,0,0,0,0,2,0,0,0,0,0,0,0,0,0,0,0,2,0,0,2,0,0,0,0,0,0,0,0,0,0,0,2,2,0,0,2,0,0,0,0,0,2,0,2,0,2,0,0,0,0,0,0,0,2,2,2,0,0,2,2,0,0,0,0,0,0,0,0,0,0,0,0,0,0,0,NA,0,0,0,2,0,2,0,0,0,0,0,0,2,0,0,0,2,0,0,0,0,2,0,0,0,0,2,0,0,0,0,0,0,0,0,0,0,0,0,0,2,2,0,0,0,0,0,0,0,0,0,0,0,2,0,0,0,0,0,0,0,0,2,0,0,0,0,2,0,2,0,2,0,0,2,0,0,0,2,NA,0,0,0,0,0,0,2,0,2,2,0,0,0,0,0,0,0,0,0,0,2,0,0,0,0,0,0,0,0,0,0,2,0,0,2,0,2,0,0,0,0,0,2,0,0,0,0,0,2,0,0,0,0,2,2,2,0,0,0,2,0,0,0,2,0,0,0,0,0,0,0,0,0,2,2,0,2,0,0,0,0,2,0,2,0,0,0,2,2,0,2,0,0,0,0,0,0,0,0,2,0,0,0,0,0,0,0,0,2,0,0,0,0,0,0,0,0,0,2,0,2,0,0,0,2,0,0,2,2,0,0,0,0,2,2,0,0,0,2,0,0,0,0,0,2,2,0,0,0,0,2,0,0,2,0,0,0,0,2,0,0,0,0,0,0,0,0,0,0,0,0,0,2,2,0,0,0,0,0,0,NA,2,2,0,2,2,0,2,0,2,0,0,2,0,0,2,0,0,0,0,0,2,0,0,0,0,2,0,0,2,0,0,0,0,0,0,0,0,0,0,0,2,0,0,0,0,0,0,0,0,0,2,0,0,0,0,0,2,2,0,0,0,2,0,0,0,0,2,2,0,0,0,2,0,0,0,0,0,0,2,0,0,0,2,0,0,0,0,2,0,0,0,2,2,2,0,0,2,0,2,0,2,0,0,0,0,0,0,0,0,2,0,2,2,0,0,2,0,0,0,0,0,0,0,0,0,0,0,2,0,2,2,0,0,0,2,0,0,0,0,0,0,0,0,0,0,0,0,0,0,2,2,0,2,0,0,0,2,2,0,2,0,0,0,0,0,0,0,0,0,0,0,0,0,0,0,0,0,0,0,0,0,0,0,0,0,2,0,0,0,2,2,0,2,0,0,0,0,0,2,2,0,0,0,0,0,0,0,0,0,0,0,0,0,2,0,0,0,2,0,0,0,0,0,0,0,0,0,2,0,0,0,0,2,2,2,0,0,0,0,0,0,0,0,2,0,0,0,2,0,2,0,0,2,0,0,0,2,0,0,0,0,0,0,0,0,0,2,0,0,0,0,0,0,0,0,0,0,0,0,2,0,0,0,0,0,0,0,2,0,0,0,0,0,0,0,0,0,0,0,0,0,0,0,0,0,0,0,0,0,0,0,0,2,0,0,0,0,0,0,0,0,0,0,2,2,0,0,0,0,0,0,0,0,0,0,0,0,2,0,0,0,2,2,0,0,2,0,2,2,2,0,2,0,0,2,2,0,2,0,0,0,2,0,2,0,0,0,0,0,2,2,2,0,0,2,0,0,0,0,0,0,0,0,0,0,0,0,0,0,0,0,0,2,2,2,0,0,0,0,0,2,0,2,0,0,0,0,0,0,0,2,0,0,0,0,0,0,2,0,0,0,0,0,0,0,0,0,0,0,0,0,0,0,2,0,0,0,0,0,0,0,0,0,0,0,2,0,0,0,0,0,0,0,2,0,0,2,0,2,NA,0,0,0,0,2,0,2,2,2,0,0,0,0,2,0,0,0,0,0,2,0,0,NA,0,0,0,0,0,0,0,0,0,2,0,0,0,2,0,0,0,0,0,0,0,0,0,0,0,0,0,0,0,0,0,0,0,0,2,0,0,0,0,0,2,0,0,0,0,2,0,0,2,0,2,0,0,0,0,0,0,0,0,0,0,0,0,0,0,0,0,2,0,2,2,2,2,2,2,0,0,0,0,0,2,2,0,0,0,0,2,0,0,0,0,0,0,0,0,2,0,0,0,2,2,0,0,2,0,0,0,0,2,0,0,0,0,2,0,2,0,0,2,2,0,0,0,2,0,0,0,0,0,0,0,2,0,2,0,2,0,0,0,0,0,0,0,0,0,0,2,0,0,0,0,0,0,0,2,2,0,2,0,0,0,0,0,0,0,2,2,2,0,2,2,0,0,0,0,0,0,0,0,2,0,0,2,0,2,0,2,0,0,0,0,0,2,0,0,0,0,2,0,0,0,0,2,2,0,0,0,0,0,0,0,0,0,0,0,0,0,0,0,0,0,0,0,0,0,0,0,0,0,0,0,0,0,0,0,2,2,0,0,0,0,2,0,0,0,0,0,0,0,0,0,0,0,2,0,0,0,2,0,0,0,0,0,2,0,2,0,0,2,0,0,2,0,0,0,0,0,2,0,0,2,2,2,0,2,2,0,2,0,2,0,0,0,0,0,2,0,0,2,0,2,0,0,2,NA,2,0,0,0,0,0,2,0,0,0,0,0,2,0,0,0,0,0,0,2,0,2,0,0,0,2,2,0,0,0,0,0,0,0,0,2,0,0,0,2,0,0,0,0,2,0,2,0,0,2,0,0,2,0,0,0,2,0,0,0,0,0,0,0,0,0,0,2,0,2,2,0,0,2,2,0,2,2,0,0,2,2,0,0,2,2,0,0,0,0,0,0,2,2,0,0,2,0,2,0,2,NA,2,0,0,0,0,0,0,0,0,2,0,0,0,0,0,0,2,0,2,0,0,0,2,0,2,2,0,0,2,0,2,0,0,0,0,0,0,0,0,2,0,0,0,0,0,2,0,0,0,0,2,0,0,0,0,0,0,2,2,0,0,0,0,0,0,0,2,0,2,0,0,0,0,0,2,0,0,0,2,2,0,0,0,0,0,0,0,2,0,0,0,0,0,0,0,2,0,0,0,2,0,0,0,0,0,0,2,0,0,0,0,0,0,2,0,0,0,2,2,2,0,0,0,2,0,0,0,0,0,0,0,0,0,2,2,2,2,2,0,2,0,0,0,0,0,2,0,0,0,2,0,0,0,0,0,2,0,2,0,0,0,2,2,0,0,0,0,0,0,0,2,0,2,2,2,2,0,0,0,0,0,0,0,0,0,2,0,2,0,NA,0,0,0,0,0,0,0,0,2,0,0,0,0,0,2,0,0,0,0,0,0,0,2,0,0,0,0,2,0,0,0,0,0,2,0,0,2,0,0,0,0,0,0,0,0,2,2,0,2,2,0,2,0,0,0,2,0,0,2,0,0,2,0,0,0,0,2,0,0,2,0,0,2,2,2,2,0,0,0,0,0,2,2,0,0,0,0,2,0,0,0,2,0,0,0,2,0,0,0,0,2,0,0,2,2,2,2,0,0,0,0,0,0,0,0,0,0,0,2,0,0,0,0,2,0,2,0,2,0,2,0,0,0,0,0,2,2,0,2,0,0,2,0,0,2,0,2,0,0,0,0,0,0,0,2,0,2,2,0,0,0,0,NA,0,0,0,0,0,0,0,0,0,2,0,0,0,0,0,0,0,0,0,2,0,0,0,0,0,0,0,2,0,0,0,2,0,0,0,0,0,0,0,0,0,2,0,0,0,0,0,0,2,0,0,0,0,0,0,0,0,0,0,0,0,0,2,2,0,0,0,0,0,0,0,0,0,0,2,0,2,0,0,2,0,2,0,0,0,0,0,0,2,0,2,0,0,0,0,0,2,0,0,2,0,0,0,0,0,0,0,0,2,2,0,2,0,0,0,0,0,2,0,0,0,0,0,0,0,0,2,0,0,0,0,2,0,NA,0,0,2,0,0,0,0,0,0,0,0,2,0,0,0,0,0,0,2,0,0,0,0,2,2,0,0,0,2,0,0,2,0,2,0,2,0,0,NA,0,2,0,0,0,0,0,0,0,0,0,0,0,2,0,2,2,0,0,0,0,0,0,0,0,0,0,0,0,0,0,0,0,0,0,0,2,2,0,0,0,2,0,2,2,2,0,0,0,2,0,0,0,0,0,0,0,2,0,0,0,0,2,2,0,0,0,0,0,0,0,0,0,0,2,0,2,2,2,0,0,0,0,0,2,0,0,0,0,0,2,0,2,0,0,2,0,2,2,0,0,0,2,0,0,0,0,0,0,0,0,2,0,2,2,2,0,0,0,0,2,0,0,0,0,2,0,2,0,0,0,0,0,0,2,0,0,0,0,0,0,0,2,0,0,0,2,0,0,0,0,0,0,0,0,2,2,0,0,2,2,0,0,0,0,0,0,0,0,0,2,0,0,0,0,0,0,0,0,2,0,0,2,0,0,0,0,0,2,0,0,0,0,0,2,0,0,0,0,0,0,0,0,0,0,2,0,0,0,2,2
"CC131",0,0,0,2,2,0,0,2,0,0,0,0,2,0,0,0,0,0,0,0,0,0,0,0,2,0,0,0,0,2,0,0,0,0,0,0,0,0,0,0,0,0,0,0,0,2,0,0,0,0,0,0,0,0,0,0,0,0,2,2,0,0,0,0,2,0,2,2,0,0,0,0,0,0,0,2,0,0,0,0,2,0,0,2,2,0,0,2,0,0,2,0,0,2,0,2,0,0,0,0,0,0,0,2,0,0,0,0,0,0,0,2,0,0,0,0,0,0,0,0,2,0,0,0,0,2,2,0,0,0,0,0,0,2,0,0,2,0,0,2,0,2,0,0,0,0,0,2,0,2,0,0,0,0,0,0,2,0,0,0,0,0,0,0,0,2,0,2,2,2,0,0,0,2,0,0,0,0,2,2,0,2,2,0,2,0,2,0,0,2,2,2,2,0,0,0,0,2,0,0,0,0,0,0,0,0,2,0,2,0,2,0,0,0,0,0,2,0,2,2,2,2,2,0,0,2,0,0,0,2,2,2,0,2,0,0,0,0,0,0,0,2,0,0,0,0,0,0,0,2,0,0,0,0,0,0,0,0,0,2,0,0,2,0,0,0,2,0,0,0,0,0,0,0,0,0,2,2,2,0,0,0,0,0,0,2,0,0,0,0,2,0,0,0,0,0,0,0,2,0,0,0,0,2,2,0,0,2,0,0,0,2,0,0,0,2,0,0,0,0,2,0,0,0,2,0,0,0,0,0,0,2,0,0,0,0,0,0,2,0,0,0,0,0,0,0,0,0,0,0,0,0,0,0,0,2,0,0,0,0,2,0,0,0,0,2,0,0,0,2,0,0,0,2,2,0,0,0,0,0,0,0,0,0,0,0,0,0,0,0,0,0,0,2,2,2,2,0,0,0,0,0,2,0,0,0,0,0,0,0,0,0,0,0,0,0,2,2,0,2,0,0,0,0,0,0,0,0,0,0,0,0,0,0,0,0,0,0,0,0,0,0,0,0,2,0,0,0,0,0,0,0,0,0,0,0,2,2,0,2,2,2,0,0,2,2,0,0,0,0,2,2,0,2,0,0,0,2,2,0,0,0,0,0,0,2,0,2,2,0,2,NA,0,0,0,0,0,0,0,2,0,0,0,0,2,0,0,0,0,2,0,0,0,0,0,0,0,0,0,0,0,0,0,0,2,2,2,0,0,0,0,0,0,0,2,0,2,0,0,0,0,0,0,2,0,0,2,0,2,0,0,0,0,0,0,2,0,2,2,0,0,2,0,2,0,0,0,0,0,0,2,NA,0,0,2,0,0,0,2,2,0,2,0,0,0,0,2,0,0,2,0,0,0,0,2,0,0,2,0,2,0,0,0,0,2,2,0,0,0,0,0,0,0,2,0,0,0,0,0,0,0,0,0,2,2,0,0,0,2,2,0,0,2,0,0,0,0,2,0,2,0,0,0,0,0,0,0,2,0,0,0,0,0,0,2,0,2,0,0,0,2,0,0,0,0,0,0,0,0,2,0,0,0,2,0,0,0,0,0,0,0,0,0,0,0,0,0,0,0,0,0,0,0,0,0,0,2,0,0,0,0,0,0,0,0,0,0,0,0,0,0,0,0,2,0,0,0,0,2,0,0,0,0,0,0,0,0,0,0,0,2,0,0,0,0,0,0,0,0,0,0,0,0,0,0,0,0,0,2,0,0,0,0,0,0,0,0,0,2,0,2,0,0,0,0,0,0,0,0,0,0,0,0,0,0,0,0,0,0,0,2,2,0,0,0,0,0,0,0,0,0,0,2,0,0,0,0,0,0,0,0,0,0,0,2,0,0,0,0,0,0,0,0,0,0,0,0,0,0,0,0,0,2,0,0,0,0,0,0,0,0,0,0,0,0,0,2,0,0,0,0,0,0,0,0,0,0,2,0,2,0,0,0,2,0,0,0,0,0,0,0,0,0,0,0,0,0,2,0,0,0,0,0,0,0,0,2,0,2,0,0,2,2,0,0,2,0,0,0,0,0,0,0,0,0,0,0,0,0,2,0,0,0,0,0,0,0,0,0,0,NA,0,0,2,0,NA,0,0,0,0,0,NA,0,2,0,0,0,0,0,0,0,2,0,2,2,0,0,0,0,0,2,0,0,0,0,0,0,0,0,0,0,0,0,0,0,0,2,0,0,0,0,0,0,0,0,0,0,0,0,0,2,0,0,0,0,0,0,2,0,0,0,0,0,0,2,0,0,0,0,0,0,0,0,0,0,0,2,0,0,0,0,0,0,0,0,0,0,0,0,0,0,0,0,0,0,0,0,0,0,0,0,0,0,0,0,0,0,0,0,0,0,0,0,0,0,0,0,0,0,0,0,0,0,0,0,0,0,0,2,0,0,0,0,0,0,2,0,0,2,0,0,0,0,0,0,0,0,2,0,0,2,0,0,0,0,0,2,2,2,0,2,0,0,0,0,0,2,0,2,0,0,0,0,0,0,2,0,0,0,0,0,0,0,0,0,0,0,2,2,0,2,2,0,0,0,0,0,0,0,2,0,0,0,0,0,0,0,0,0,0,2,0,2,0,0,0,0,0,0,0,0,2,0,0,2,0,0,2,2,2,0,0,0,0,0,0,0,0,0,2,2,2,0,0,0,0,0,0,2,0,0,0,0,0,0,0,0,0,0,0,0,0,0,0,0,2,0,0,2,0,0,0,0,0,0,0,0,0,0,0,0,0,0,0,0,0,0,0,0,0,0,0,2,0,0,0,0,0,0,0,0,0,0,2,0,2,2,2,0,0,0,2,2,2,0,0,0,0,0,0,0,2,0,0,0,0,2,0,0,0,0,0,0,0,0,0,0,0,0,0,0,0,0,0,0,0,0,0,0,0,0,0,0,0,0,0,0,0,2,0,0,2,2,0,0,0,0,0,0,0,0,0,0,0,0,2,0,0,0,0,0,0,0,0,0,0,0,0,0,2,0,0,2,NA,0,0,0,0,0,2,0,0,0,0,0,0,0,0,2,2,0,0,2,0,2,0,0,0,0,0,2,0,2,0,0,0,0,0,0,0,2,0,0,2,0,0,0,0,0,0,0,0,0,2,0,0,0,0,0,0,0,0,0,0,0,0,2,0,0,0,0,0,0,0,0,0,0,0,0,0,0,0,0,0,0,2,0,0,0,0,0,0,0,0,0,0,0,0,2,0,0,0,2,2,2,0,0,0,0,0,0,0,0,0,0,2,0,0,2,0,0,0,2,0,0,0,0,2,0,0,0,0,0,0,0,0,0,0,2,0,0,0,0,0,0,0,0,0,0,0,0,2,0,2,0,2,0,0,0,0,0,0,0,0,0,2,0,0,2,0,2,2,0,0,0,0,2,0,0,0,0,0,0,0,0,0,0,0,0,0,0,2,0,0,0,0,0,0,0,0,0,0,0,0,0,0,0,0,0,0,2,0,0,0,2,0,0,0,0,2,0,0,0,0,0,2,0,0,0,0,0,2,0,2,0,0,2,0,0,2,0,0,0,0,0,0,0,0,0,0,0,2,0,0,0,0,0,0,0,0,0,0,0,2,0,0,2,2,2,0,0,0,0,2,0,0,0,0,0,0,0,0,0,0,0,0,2,0,0,0,0,0,0,0,0,0,0,2,0,0,0,0,0,0,0,2,2,0,0,0,0,2,0,0,2,2,2,0,0,0,0,0,0,0,0,2,0,0,2,2,0,0,0,0,0,0,0,0,2,0,0,0,2,0,0,2,0,2,0,2,0,2,0,0,0,2,0,0,0,0,2,2,0,2,0,0,0,0,0,2,0,0,0,0,0,2,0,0,0,0,2,0,0,0,0,0,2,0,0,0,0,0,0,0,0,0,0,0,2,0,0,2,0,2,0,2,0,0,0,2,2,0,0,2,2,2,0,2,0,2,0,0,0,0,0,2,0,2,0,0,0,0,2,0,2,0,0,2,2,0,0,0,0,0,0,0,0,0,0,0,0,0,0,2,0,0,2,0,0,0,0,0,0,0,0,0,2,0,0,0,0,0,0,0,0,0,0,0,0,0,0,0,0,2,0,0,0,0,0,0,0,0,0,0,0,0,0,0,2,0,0,2,0,2,0,0,0,0,0,0,0,0,0,0,0,0,0,0,0,0,0,0,0,0,0,0,0,2,2,0,0,0,0,0,0,0,0,2,2,0,0,0,0,0,0,0,2,0,0,0,0,0,0,0,0,0,0,0,2,0,0,0,0,0,0,0,0,0,0,0,2,0,0,0,0,0,0,0,0,0,2,0,0,0,2,0,2,0,0,0,0,0,0,2,0,0,0,2,2,0,2,0,0,0,0,0,0,2,0,0,2,0,0,2,0,0,0,0,2,0,0,2,0,0,2,0,2,0,2,0,2,0,0,0,0,0,0,0,0,0,0,0,0,0,2,0,0,0,0,0,0,0,0,0,0,0,0,0,0,0,0,0,0,0,0,2,0,0,0,2,0,0,2,0,0,2,0,2,0,0,0,0,0,0,0,0,0,0,0,0,0,2,0,0,0,0,2,0,0,0,2,0,0,0,0,0,0,0,0,2,0,0,0,0,0,0,0,0,0,2,2,0,0,2,0,0,0,0,0,0,0,0,0,0,0,0,0,0,0,0,0,0,0,0,0,0,0,0,0,0,2,0,0,0,0,0,2,0,2,0,0,0,0,0,0,0,0,2,2,2,2,0,0,0,0,0,0,0,0,0,0,0,2,0,0,0,0,0,2,0,0,0,0,2,0,0,0,0,0,0,0,0,0,0,0,0,2,0,0,0,0,2,0,0,0,0,0,2,2,0,0,0,0,0,0,0,0,0,0,0,2,0,0,2,0,0,0,0,0,0,0,2,0,0,0,0,0,0,0,2,0,2,2,0,0,2,0,0,0,2,0,0,0,0,0,0,0,0,0,0,2,0,2,0,2,0,0,0,0,0,0,0,2,0,0,2,2,0,0,0,0,0,0,0,0,0,0,0,0,0,2,0,0,0,2,2,0,0,0,0,0,2,0,0,2,2,0,0,0,0,0,0,0,0,2,0,0,0,0,2,0,0,0,0,0,0,2,0,0,0,0,0,0,0,2,0,0,0,2,0,2,0,2,0,0,0,0,0,2,0,0,0,0,0,2,0,0,0,0,0,0,0,0,2,0,2,2,0,0,0,0,0,0,2,0,2,0,0,0,0,0,2,2,0,2,0,0,2,0,0,2,2,0,0,2,0,0,0,0,0,2,2,0,0,0,0,0,0,0,0,0,0,0,0,0,0,0,0,0,0,0,0,0,0,0,0,2,2,0,0,0,0,0,2,0,2,0,2,0,0,2,0,0,0,0,2,0,0,0,2,0,0,2,0,0,0,0,2,0,2,0,0,0,0,2,0,0,0,0,0,0,2,0,0,0,0,2,2,0,0,0,0,2,0,2,2,0,0,0,0,0,0,0,0,0,2,0,2,0,0,2,0,0,0,0,2,0,0,0,0,0,0,0,2,0,2,0,0,2,0,0,0,0,0,2,2,2,0,0,0,0,0,0,0,0,2,2,0,0,0,0,0,2,0,0,0,0,0,0,2,2,2,0,0,0,0,0,0,0,2,0,2,0,0,0,0,0,0,0,2,0,0,0,0,0,0,0,0,0,2,0,2,2,0,0,2,0,0,0,0,0,0,0,2,0,0,0,0,0,0,2,0,0,2,0,2,2,2,2,0,0,0,2,0,0,2,0,2,0,0,0,2,0,2,0,2,0,0,0,2,0,0,0,0,2,2,0,2,0,2,0,2,0,0,2,0,2,0,0,2,0,0,0,0,0,0,2,0,0,0,0,2,0,0,2,2,0,0,2,0,0,0,0,2,0,2,0,0,0,0,2,2,2,0,0,2,2,0,0,0,2,0,0,0,0,2,2,0,0,0,0,0,2,0,0,2,0,0,0,0,2,0,0,0,0,0,0,2,0,0,2,0,0,0,2,2,0,2,0,0,0,2,0,0,2,0,0,0,0,0,2,2,0,0,0,0,0,0,0,0,2,0,2,0,0,0,2,0,0,0,0,0,2,0,0,0,0,0,0,2,2,2,2,0,0,0,0,0,0,0,0,2,0,0,0,0,0,0,0,2,0,0,2,0,0,0,0,0,2,0,0,0,0,0,0,0,2,0,2,0,0,0,0,0,0,0,2,0,0,0,2,0,2,2,0,2,2,0,2,0,0,2,2,2,0,0,2,2,0,0,2,0,0,0,0,0,0,0,0,2,0,0,0,0,0,0,2,0,0,0,0,0,0,0,0,0,0,0,0,0,2,2,0,2,2,2,0,2,2,0,0,2,0,0,0,0,0,2,0,0,0,0,0,2,2,2,2,0,0,0,2,0,2,2,0,0,0,2,0,2,0,0,2,0,0,0,2,0,0,NA,0,2,0,0,0,0,0,0,0,0,2,0,0,0,2,0,0,0,0,2,0,0,2,0,0,0,0,2,0,0,0,0,0,0,0,0,0,0,0,0,0,0,0,0,0,2,0,0,0,0,0,0,0,0,0,0,0,0,0,0,0,0,0,2,0,0,0,0,0,0,0,0,0,0,0,2,0,0,2,0,0,0,0,2,0,2,0,2,0,0,0,0,0,0,0,0,0,0,0,2,0,0,0,0,2,0,0,0,0,0,0,0,0,0,2,0,0,2,2,2,0,2,2,2,2,2,2,0,0,0,2,0,0,2,0,0,0,0,2,0,0,0,0,2,0,0,0,2,0,0,0,0,0,0,0,2,0,0,2,0,0,0,0,0,0,0,2,0,0,0,0,2,0,0,0,2,0,0,0,0,0,0,2,0,0,0,2,2,0,0,0,0,0,0,0,2,2,0,0,2,0,0,0,0,2,0,0,0,0,0,0,0,2,0,0,0,2,2,0,0,2,0,0,0,2,0,2,0,0,0,2,0,0,0,0,0,2,0,2,NA,0,0,2,2,0,0,2,2,0,0,0,2,2,0,0,0,0,0,2,0,0,0,2,0,0,0,0,2,2,0,0,2,0,0,2,2,0,0,2,0,0,2,2,2,0,0,0,0,0,0,2,0,0,0,0,0,0,0,0,0,2,0,0,0,2,0,0,0,0,0,0,2,0,0,0,2,0,2,0,2,0,2,0,0,0,0,2,0,0,0,NA,0,0,0,0,0,0,2,2,0,2,0,0,2,0,2,0,0,0,0,0,0,0,2,2,0,0,2,0,0,2,0,2,0,0,0,0,0,0,0,0,0,0,0,0,0,0,0,2,0,0,2,0,0,0,2,0,2,0,0,0,0,0,2,0,2,0,0,0,0,0,0,0,0,0,2,0,0,2,2,0,0,0,0,0,0,2,0,0,2,0,0,0,0,2,0,0,0,0,0,2,0,0,2,2,0,0,0,0,0,2,0,0,2,2,0,0,0,2,0,0,2,0,0,0,2,0,0,0,0,0,0,0,0,0,0,0,0,0,0,0,0,0,0,0,0,0,0,0,0,0,0,0,0,0,0,0,0,2,0,0,0,0,2,0,0,0,0,0,2,0,0,0,0,0,0,0,0,0,2,0,0,0,0,0,0,0,0,0,0,0,0,0,0,0,0,0,0,2,2,2,0,0,2,0,2,2,2,0,0,0,2,0,0,0,0,2,0,0,0,0,0,2,2,0,0,2,0,0,0,2,0,0,0,0,0,2,0,2,0,2,2,0,0,0,0,0,0,0,0,0,2,0,0,2,0,2,2,0,0,0,0,2,0,0,2,0,0,2,2,2,2,2,0,0,2,0,0,0,2,0,0,0,0,2,0,0,2,2,2,0,0,0,2,0,2,0,0,2,2,2,0,0,0,2,2,0,2,2,0,0,2,2,0,0,2,2,0,0,0,2,0,0,0,0,2,0,0,0,0,0,2,0,0,2,0,2,0,0,2,2,0,0,0,2,0,0,0,0,0,0,0,0,0,0,0,0,0,0,2,2,2,0,0,0,0,0,0,0,0,0,0,0,0,0,0,0,0,2,0,2,2,0,0,0,0,0,0,0,0,2,0,0,0,0,0,0,0,2,0,0,0,0,0,2,0,0,0,0,0,0,2,0,0,0,0,2,0,0,2,2,0,0,0,0,0,0,0,2,0,0,0,0,0,0,0,0,0,0,0,0,0,0,0,0,0,0,0,2,0,0,0,0,0,0,0,0,0,0,0,0,0,2,0,0,2,0,0,0,0,0,0,0,0,0,0,0,0,0,2,2,0,0,0,0,0,0,0,0,0,0,0,0,0,0,0,0,0,0,0,0,0,0,0,0,0,0,0,0,0,0,0,0,0,0,0,0,0,0,0,0,0,0,0,2,0,0,0,0,2,0,0,0,0,0,0,2,0,0,0,0,0,0,0,0,0,0,0,0,2,2,0,0,0,2,0,0,2,0,0,0,0,0,2,0,0,0,0,0,0,2,0,0,0,0,0,0,0,0,0,0,0,0,0,0,0,0,0,0,0,0,0,0,0,0,0,0,0,2,0,0,0,0,0,0,0,0,0,0,2,0,0,0,0,2,0,0,0,0,0,0,2,2,0,0,0,2,0,0,0,0,0,2,0,0,2,0,0,2,0,0,0,0,0,2,0,2,0,0,0,0,0,0,0,0,2,0,0,0,0,2,2,0,2,0,0,2,0,0,0,2,0,0,0,0,0,0,2,0,0,0,0,0,0,0,0,0,0,2,0,0,0,0,0,0,0,0,0,2,0,0,0,0,0,0,2,0,0,0,0,0,0,0,0,0,0,0,2,0,2,0,0,0,0,0,2,2,0,0,0,0,0,0,2,0,0,0,0,2,0,0,0,0,2,2,0,0,0,0,0,0,0,2,0,0,2,2,0,0,0,0,2,2,0,2,2,0,0,0,0,0,2,0,0,2,0,0,0,0,0,0,0,0,0,0,0,0,0,0,0,0,2,2,0,0,0,0,0,2,0,0,0,0,0,0,0,0,0,0,0,0,0,0,0,0,2,0,2,0,0,0,0,0,0,0,0,0,2,0,0,0,2,0,0,2,0,0,2,2,0,0,2,2,0,0,0,0,2,0,0,0,0,0,0,2,0,2,0,0,0,0,0,0,0,2,0,0,0,0,2,2,0,0,0,2,0,0,0,0,2,2,0,0,0,2,0,0,0,0,0,0,0,2,0,0,2,2,0,0,0,0,0,0,0,0,0,0,0,0,2,0,0,0,0,0,2,0,0,0,0,0,2,0,0,0,0,0,0,0,2,0,0,0,0,2,0,0,0,0,0,2,0,2,2,0,0,0,2,0,0,0,2,0,2,2,2,2,0,0,2,0,0,2,0,0,2,0,0,0,0,0,0,0,0,0,0,2,0,0,0,2,2,0,2,0,0,2,0,0,0,0,2,2,0,0,2,2,0,2,2,0,0,2,2,2,0,0,0,0,0,2,NA,0,2,0,2,2,0,0,0,0,2,0,0,0,0,0,0,0,0,2,0,0,0,0,0,2,0,0,0,0,0,0,0,0,0,0,0,0,0,2,0,2,0,0,0,0,2,2,0,2,0,0,0,2,0,0,2,2,2,0,0,0,0,0,0,0,0,0,0,2,2,0,0,0,2,0,0,2,0,2,0,0,2,0,0,2,0,0,0,0,0,0,0,0,0,0,0,0,0,2,2,0,2,0,0,2,2,0,0,0,0,0,0,0,0,0,0,2,0,0,2,0,2,2,0,0,0,0,0,0,0,0,0,2,2,2,0,0,0,2,2,0,0,0,2,2,2,0,2,0,0,0,0,0,0,0,0,0,0,2,0,0,0,0,2,0,2,0,0,0,0,0,0,0,2,2,0,0,0,0,0,2,0,0,0,0,0,0,0,0,0,0,0,0,2,2,0,0,0,2,0,0,0,0,0,0,0,0,0,0,0,0,0,0,0,0,0,0,2,0,0,0,0,0,0,2,0,2,0,0,0,0,2,0,0,0,0,2,0,0,2,0,0,2,0,0,0,2,2,0,2,2,0,0,0,0,0,0,0,2,0,2,2,0,0,2,2,0,2,0,0,2,0,2,0,2,2,0,0,0,0,0,0,0,0,0,2,2,0,0,2,0,0,0,2,0,2,0,2,0,0,0,0,0,0,0,0,0,2,2,0,0,2,2,0,0,0,0,2,0,0,0,0,0,0,0,2,0,0,0,0,0,0,0,0,0,0,0,0,2,0,2,0,2,0,0,0,0,0,0,0,2,0,2,0,0,0,0,0,0,0,0,0,0,0,0,0,0,0,2,0,0,2,0,0,0,2,0,0,0,0,0,0,0,0,0,0,0,0,0,2,0,0,0,0,0,2,0,0,0,0,2,0,0,0,0,0,0,0,0,2,2,0,0,0,0,2,0,0,0,0,0,2,0,0,0,0,0,0,0,0,0,0,0,2,0,0,0,0,0,0,0,0,2,0,0,0,0,0,2,2,2,2,0,0,0,2,0,2,0,0,0,2,2,0,0,2,0,0,0,0,0,0,2,0,0,0,0,0,0,0,0,2,0,2,2,0,0,0,2,0,0,0,0,2,0,0,0,2,0,2,2,0,0,0,0,0,2,2,0,0,0,0,0,0,0,0,2,2,2,0,0,0,0,0,0,0,0,0,2,0,0,0,0,0,0,0,2,2,0,NA,0,2,0,NA,2,0,0,0,0,2,0,2,0,0,0,0,0,0,0,2,0,0,0,2,2,2,2,0,2,2,0,2,0,0,2,0,0,2,0,2,0,0,0,0,2,0,2,0,0,0,0,0,0,0,0,0,0,0,2,2,2,0,2,0,0,2,0,2,2,0,0,0,0,2,0,0,0,0,0,0,2,2,2,0,0,2,0,2,0,0,0,0,2,0,0,0,0,0,0,0,0,0,2,0,0,0,0,0,0,0,2,0,2,2,0,0,0,0,0,0,2,0,2,0,0,0,0,0,2,2,0,0,0,0,0,0,0,2,2,0,2,0,0,0,0,2,2,0,2,2,2,0,0,0,0,0,2,2,2,0,2,0,0,0,2,2,2,2,2,2,2,0,0,2,2,0,0,0,2,2,0,2,2,2,2,0,0,0,2,0,0,2,0,2,0,2,0,2,2,0,2,0,0,0,0,0,0,2,0,0,2,0,0,0,0,0,0,0,0,0,2,0,0,0,0,2,2,2,0,0,0,0,0,0,2,0,2,0,2,0,0,2,2,2,2,0,0,0,0,0,0,2,0,2,0,0,0,0,0,0,0,2,2,0,2,2,0,2,0,0,0,0,0,0,0,0,0,2,0,0,2,0,0,0,0,0,2,0,2,0,0,0,0,2,2,0,0,0,0,0,0,0,0,0,0,0,0,0,0,2,2,0,0,2,0,0,0,2,0,0,0,0,0,0,0,0,0,0,2,0,0,0,2,0,0,0,2,0,0,0,0,0,0,0,0,0,0,0,0,2,0,0,0,2,0,0,0,0,0,0,0,0,0,0,0,0,0,0,0,0,2,0,0,0,0,0,0,0,0,0,2,0,2,2,0,0,0,0,0,0,2,0,0,0,0,0,0,0,0,0,0,0,0,0,0,2,0,0,0,0,0,0,0,2,0,2,0,0,0,0,2,2,0,2,0,0,0,0,2,0,0,0,2,0,0,0,0,0,0,2,0,0,2,0,0,0,0,2,0,2,0,2,0,0,2,0,0,0,0,2,2,2,2,0,2,0,0,0,0,0,0,0,0
"CC132",0,0,0,0,2,0,0,2,0,0,0,0,0,0,0,0,0,0,2,0,0,0,2,0,0,0,0,0,0,2,0,0,0,0,0,0,2,0,0,0,0,2,2,2,0,2,0,0,0,0,2,0,0,0,0,2,0,0,2,2,0,0,2,2,0,0,2,0,0,0,2,0,2,0,0,2,0,0,0,0,0,2,0,2,2,0,0,2,0,0,0,0,0,2,0,0,0,2,0,0,0,0,0,0,0,2,0,0,0,0,0,0,0,0,0,0,0,0,0,2,0,2,2,2,0,0,2,0,2,0,0,0,0,0,0,0,0,0,0,2,0,0,0,0,0,0,2,0,0,2,0,0,0,0,0,0,2,2,0,2,0,0,2,0,0,2,2,2,0,2,0,0,0,0,0,0,0,0,0,2,2,0,0,2,0,0,2,0,0,2,2,0,0,0,2,NA,2,0,0,0,0,0,0,0,0,0,0,0,0,0,0,2,0,0,2,0,0,2,0,0,0,0,2,0,0,0,0,0,0,2,0,0,0,2,0,0,0,2,0,0,0,0,0,0,0,0,0,0,0,0,0,0,0,0,0,0,0,2,0,0,0,2,0,0,0,0,0,0,0,0,0,0,0,0,0,0,2,2,2,0,0,0,0,2,0,0,0,0,0,0,0,0,0,0,0,2,0,0,2,2,0,0,0,0,2,0,0,2,0,0,0,0,0,0,0,0,0,0,0,0,0,0,0,0,0,2,0,0,0,0,0,2,0,0,0,2,0,0,0,0,0,0,0,0,0,0,0,0,0,0,0,0,0,0,0,0,0,0,0,0,0,0,0,0,0,0,0,0,0,0,0,0,0,0,0,0,0,0,0,0,0,0,2,0,0,0,0,0,2,0,0,2,0,2,2,2,2,0,0,0,0,0,0,0,0,0,0,0,0,0,0,0,0,0,0,0,2,0,0,2,0,0,2,0,2,0,0,2,2,0,0,0,0,0,0,0,0,0,0,0,2,0,0,0,0,0,0,0,0,0,0,0,0,0,2,0,0,0,0,2,2,0,0,0,0,0,0,0,0,0,0,0,0,0,0,0,0,0,0,0,0,0,0,0,0,2,0,2,2,2,2,NA,2,0,0,0,0,0,2,2,0,0,0,0,0,0,0,0,0,2,0,2,0,0,0,0,0,0,0,2,2,0,2,0,2,2,2,0,0,0,0,0,0,0,0,0,0,0,0,0,0,0,0,2,0,0,NA,0,0,0,0,0,0,0,0,0,0,0,0,0,0,2,2,2,0,0,0,0,0,0,0,0,0,0,0,0,0,0,2,2,2,0,0,0,0,0,2,0,0,2,0,0,0,0,0,0,0,2,0,0,0,0,0,2,2,2,0,0,0,0,2,0,0,2,0,0,0,0,0,0,0,0,0,2,2,2,0,0,2,0,0,0,0,0,0,0,0,2,0,0,0,0,0,0,0,0,0,0,0,0,0,0,0,0,2,0,0,0,0,0,2,0,0,0,0,0,0,0,0,2,0,0,2,0,0,2,0,0,0,0,0,0,2,0,0,0,0,0,0,0,2,0,0,0,0,0,2,0,0,0,0,0,0,0,0,0,0,0,0,0,0,0,0,0,0,0,0,2,2,0,0,0,0,0,0,0,0,0,0,0,2,0,0,0,0,0,0,0,0,0,0,0,0,0,0,0,0,0,0,0,0,0,0,0,2,0,0,0,0,0,2,2,0,0,0,0,0,0,2,0,2,0,0,0,0,0,0,0,2,0,2,2,0,0,0,0,0,2,2,0,0,0,0,0,0,0,0,0,0,0,0,0,0,0,2,0,0,2,0,0,0,0,0,0,0,0,0,0,0,0,0,0,2,0,0,0,0,0,0,0,0,0,0,0,0,0,0,0,0,0,0,0,0,2,0,0,0,0,0,0,0,2,0,2,0,0,2,0,0,2,0,0,0,0,0,0,0,0,0,0,0,0,2,0,2,2,2,0,0,0,0,0,0,0,2,2,0,0,0,0,0,2,0,0,0,0,0,0,0,0,0,0,2,0,0,0,0,0,0,0,2,2,0,0,2,0,0,0,2,0,0,0,0,0,0,0,0,0,0,0,2,0,0,0,2,0,0,0,2,0,0,0,0,0,0,0,0,0,2,0,0,2,0,0,0,0,2,0,0,0,0,0,2,2,0,0,0,0,0,0,2,0,0,0,0,0,0,0,2,2,2,2,0,0,2,0,0,0,0,2,2,0,0,0,0,0,0,0,0,0,0,0,2,0,0,0,0,0,2,0,0,0,0,0,0,0,0,0,0,0,0,0,0,0,2,2,0,0,0,2,0,0,2,0,0,0,0,0,2,0,0,0,0,0,0,2,0,0,0,0,0,0,0,0,2,2,0,0,2,0,2,0,0,0,0,0,0,2,0,0,2,0,0,0,0,0,2,2,0,0,2,0,0,0,0,0,2,0,0,0,0,0,0,0,2,2,0,0,0,0,0,0,0,0,0,0,0,2,2,0,2,2,0,0,0,0,2,2,0,2,0,0,0,0,0,0,0,0,0,0,2,0,0,0,0,2,0,0,0,0,0,0,0,2,2,0,0,2,2,2,0,0,0,0,0,0,0,0,0,2,2,2,0,0,0,2,0,0,0,0,0,0,0,0,2,0,0,0,0,0,0,0,0,0,0,0,0,0,0,0,0,2,0,0,0,0,0,0,0,0,0,2,0,0,2,0,0,0,0,0,0,0,0,0,0,0,0,0,0,0,0,0,0,0,0,0,0,2,0,2,0,2,0,0,0,0,2,0,0,0,0,0,0,0,0,0,0,0,2,0,2,0,0,0,0,0,2,0,0,0,0,0,0,0,0,0,2,0,0,0,0,0,0,2,2,0,0,0,2,0,0,0,2,0,0,0,0,0,0,0,0,0,0,0,2,2,0,0,0,0,0,0,0,0,0,0,0,0,0,2,0,0,2,0,0,0,0,0,2,2,0,0,0,0,0,0,0,0,0,2,0,0,0,0,2,0,0,0,0,2,2,2,0,0,0,0,2,0,0,0,2,0,0,0,2,0,0,0,0,2,0,0,0,2,0,0,0,0,0,0,0,0,0,0,0,2,2,0,0,0,0,0,0,0,0,0,0,0,0,2,2,0,0,0,0,0,0,0,0,0,0,0,0,0,0,0,0,0,0,0,0,0,2,0,2,0,0,0,0,0,0,0,0,0,0,2,0,0,2,0,2,0,0,0,0,0,0,2,0,0,0,0,0,0,0,0,0,0,2,2,0,0,0,0,2,0,0,0,0,0,0,2,0,0,2,2,0,0,0,2,2,0,0,0,2,2,0,0,2,0,0,2,0,2,0,2,0,0,0,0,0,0,0,0,0,0,0,2,0,0,0,0,0,0,0,0,0,0,0,0,0,0,0,2,0,2,0,2,0,2,2,0,0,0,0,2,2,0,0,2,0,0,0,0,0,0,0,0,0,0,0,0,0,0,0,0,0,0,0,0,2,0,0,0,0,0,0,0,0,2,0,0,0,0,2,2,0,2,0,0,0,0,2,0,0,0,0,0,0,0,0,0,0,2,0,0,0,0,0,2,0,0,0,0,0,2,0,2,0,0,0,0,0,0,2,2,0,0,0,2,0,0,0,0,0,0,0,0,0,2,0,0,2,2,0,0,0,0,0,0,2,2,0,0,0,2,2,2,0,0,0,0,0,0,0,0,0,0,0,0,0,2,2,0,0,2,0,2,0,0,0,2,0,0,2,0,2,0,0,0,0,0,0,2,0,0,0,0,0,0,0,0,0,0,0,2,0,0,0,2,2,0,NA,0,0,0,2,0,0,0,0,0,0,0,0,0,0,0,0,0,0,0,0,2,2,0,0,0,0,2,2,2,0,0,2,0,0,0,0,2,0,2,2,2,0,2,0,NA,0,0,NA,0,2,0,2,0,0,2,2,2,0,2,0,0,0,0,0,0,0,0,0,0,0,0,0,0,2,0,0,0,2,NA,0,0,2,0,0,0,0,0,2,0,2,0,0,0,0,0,0,0,0,0,2,2,0,2,0,2,2,2,0,2,0,0,2,0,2,0,2,0,0,0,2,2,0,2,0,2,0,0,0,0,0,2,0,2,0,0,0,0,0,2,2,2,0,0,0,0,0,2,2,0,0,0,2,0,2,0,0,0,2,0,0,0,0,2,0,2,2,2,0,0,0,2,2,0,0,0,0,0,0,0,0,0,0,0,2,2,0,0,0,0,0,0,0,0,0,0,0,0,0,0,0,2,2,0,2,0,0,0,2,0,0,0,0,0,0,0,0,0,2,0,0,0,0,0,0,2,0,2,0,NA,2,0,0,0,2,0,2,0,0,0,2,2,0,0,0,0,0,0,2,2,0,2,0,0,0,2,0,0,2,2,0,0,0,0,0,0,0,0,0,0,0,0,0,2,0,0,0,0,2,0,2,0,0,2,0,0,0,2,2,2,0,0,0,0,0,0,0,0,2,0,2,0,0,0,0,0,0,0,0,0,0,0,0,0,2,2,2,0,2,2,0,0,0,0,0,0,0,2,2,0,0,0,0,0,2,0,0,2,2,2,0,2,2,0,0,0,0,0,0,0,0,0,0,0,0,0,0,0,0,0,0,0,2,0,0,0,0,0,2,0,2,0,0,0,2,0,2,0,0,0,0,2,0,0,2,2,2,2,0,2,2,2,0,2,0,0,0,2,2,0,0,0,0,0,2,0,0,0,0,NA,2,NA,0,0,0,0,0,0,0,0,0,0,0,2,0,0,2,0,2,0,2,0,0,2,2,2,0,0,0,0,0,NA,0,0,0,0,0,0,2,0,0,0,0,2,0,0,0,0,2,0,0,0,0,0,0,2,0,0,0,2,2,0,0,2,0,0,0,0,0,0,0,0,0,0,2,0,0,2,0,2,2,0,2,0,0,2,2,0,0,2,2,2,2,2,2,0,0,2,0,0,0,2,0,0,0,0,0,0,0,0,0,0,2,0,0,0,2,0,0,2,0,2,0,2,0,0,0,0,0,0,0,0,0,0,0,0,0,0,0,0,0,0,0,0,0,0,0,0,0,0,0,0,2,0,0,0,0,0,0,0,2,0,0,0,0,0,2,0,0,0,0,0,0,0,0,0,0,0,0,0,0,0,0,2,2,0,0,0,0,0,0,2,0,0,2,0,0,0,0,0,2,0,0,0,0,0,0,0,2,0,0,0,2,0,0,0,0,0,0,2,0,0,0,0,2,0,0,0,0,0,2,0,2,0,0,0,0,0,0,0,2,0,0,0,2,2,0,0,0,0,0,0,2,0,0,0,0,0,0,0,0,0,0,0,0,0,0,0,0,2,0,0,0,0,0,2,2,0,0,0,0,0,0,0,0,0,0,0,2,0,0,2,0,0,0,2,0,0,0,0,0,0,0,0,0,0,0,0,0,0,0,0,0,0,0,0,0,0,0,2,0,0,0,0,0,0,0,0,0,0,0,2,2,0,0,0,2,0,0,0,0,0,0,0,0,0,0,0,0,0,0,0,0,0,0,0,0,0,0,0,0,0,0,0,0,0,0,0,2,0,0,0,0,2,0,0,0,0,0,0,0,0,0,0,0,0,0,2,0,0,0,0,0,0,0,0,0,0,0,0,0,0,2,0,0,0,0,0,0,0,0,0,0,0,0,0,0,0,2,2,0,0,0,0,0,0,0,0,0,0,0,0,0,2,2,0,0,0,0,2,2,0,0,0,0,0,0,0,0,2,2,0,0,0,0,0,0,0,0,0,2,0,2,0,0,0,2,2,0,0,0,0,0,0,2,0,0,0,0,2,0,0,2,0,0,0,2,0,0,0,0,0,0,0,0,0,0,0,0,2,2,2,0,0,0,2,0,0,0,0,0,0,0,0,0,0,0,0,0,0,2,0,0,2,2,0,2,2,0,0,0,0,0,0,0,0,0,0,0,2,0,0,0,0,0,2,0,0,0,2,0,2,0,2,0,2,0,0,0,0,0,0,0,0,0,2,0,0,0,0,0,0,0,0,0,0,0,2,0,0,2,2,0,0,0,0,0,0,2,2,0,0,0,0,0,0,0,0,0,2,0,0,0,0,2,2,0,0,0,0,2,0,0,0,0,0,0,0,0,2,2,0,0,2,2,0,2,0,2,0,2,0,0,0,0,2,0,0,0,0,0,2,0,0,2,0,2,2,2,0,0,0,0,0,0,0,0,0,0,0,0,2,0,0,0,0,0,2,2,0,0,0,0,2,0,0,0,0,0,0,2,0,0,0,2,0,0,0,0,0,0,0,0,2,2,0,0,2,2,0,0,0,0,2,0,2,0,2,2,0,2,2,0,0,0,0,0,0,2,0,2,0,0,0,0,0,0,2,0,0,0,0,0,0,0,2,0,2,0,0,0,0,0,0,0,0,0,0,2,0,0,2,0,0,0,0,0,0,2,0,0,0,0,0,0,2,2,0,2,0,0,2,0,0,2,2,0,2,2,0,0,0,0,2,0,0,0,0,2,0,0,0,0,0,0,2,0,2,0,0,2,0,2,2,0,2,0,0,0,2,0,0,0,0,0,0,0,0,0,0,0,0,2,0,0,2,0,0,2,2,0,0,0,0,2,0,0,2,0,0,0,0,2,2,0,2,0,0,0,0,0,0,2,0,0,2,0,2,0,2,2,2,2,0,2,0,0,0,0,0,0,0,0,0,0,2,0,0,0,2,2,2,2,0,0,0,0,0,2,0,2,0,0,0,0,0,2,2,0,0,0,2,0,0,2,2,0,2,0,0,0,0,0,2,0,0,0,0,0,2,2,2,0,0,2,2,2,NA,0,0,2,2,2,2,2,0,2,2,2,2,0,2,0,0,0,0,2,0,2,0,2,2,2,0,0,2,2,0,0,0,0,0,2,0,2,2,0,0,2,2,0,0,0,0,2,0,2,NA,2,0,2,2,2,0,0,0,0,0,0,0,0,0,0,0,0,0,0,2,2,0,2,0,2,0,0,0,0,0,0,2,0,2,0,0,0,0,2,2,0,0,0,2,0,0,0,0,0,0,2,0,0,0,0,0,0,2,0,0,2,0,0,2,2,0,0,0,0,0,2,2,0,0,2,0,0,2,0,2,0,2,0,2,0,0,2,0,2,0,2,2,0,0,2,0,0,2,0,0,2,2,0,0,0,2,0,0,2,0,0,0,0,2,2,0,0,0,2,0,2,2,2,0,0,2,0,0,0,0,0,2,2,0,0,0,0,0,0,0,0,2,0,0,0,2,0,0,0,0,0,0,0,0,0,0,0,0,0,0,0,0,0,0,0,0,0,0,2,2,0,0,0,0,0,0,2,0,0,0,0,0,0,0,0,0,0,0,0,0,2,0,0,0,0,0,0,0,2,2,0,0,0,0,0,0,0,0,2,0,0,2,0,0,0,2,2,0,0,0,0,0,0,0,0,0,0,0,0,0,2,0,0,0,0,0,0,0,0,0,0,0,2,0,0,2,0,2,0,0,0,0,0,2,0,0,2,0,0,0,0,0,0,0,0,2,0,0,0,0,0,2,0,0,0,0,0,0,0,0,0,0,0,0,0,0,0,0,2,0,0,0,0,0,0,2,0,2,2,0,0,0,0,0,0,0,0,0,0,2,0,2,NA,2,0,0,0,0,0,0,2,0,0,0,0,0,2,0,2,0,0,0,0,0,0,2,0,0,0,0,0,0,0,0,0,0,0,0,0,0,0,2,0,0,0,2,0,0,0,0,0,0,0,0,0,2,2,0,0,0,0,0,0,0,0,0,0,0,0,2,0,0,0,0,0,0,0,0,0,0,0,0,0,0,0,0,0,0,0,0,0,0,0,2,0,0,0,0,0,0,0,0,2,2,0,0,0,0,0,2,0,0,0,0,0,2,2,2,0,0,0,2,0,0,0,0,0,0,0,0,0,0,0,0,0,0,0,0,0,0,0,0,0,0,0,0,0,0,0,0,0,0,0,0,0,0,0,0,2,0,2,2,0,0,0,0,0,0,0,0,0,0,0,0,0,0,0,0,0,0,0,0,0,0,0,0,0,0,0,0,0,0,0,0,0,0,0,0,0,0,2,0,0,0,0,2,0,0,0,0,0,2,0,0,0,0,0,0,2,0,0,0,0,0,2,0,2,0,2,0,0,0,2,0,0,0,0,0,0,0,0,0,0,2,0,2,2,0,0,0,2,0,0,0,0,0,2,0,0,0,2,0,0,2,2,0,0,0,2,0,0,0,0,0,0,0,0,0,0,0,0,0,0,0,2,0,0,0,0,0,0,0,0,0,0,0,0,0,0,0,0,2,0,0,2,0,0,0,0,2,0,2,0,0,0,0,0,0,0,0,0,0,0,0,0,0,0,0,0,0,0,0,0,0,0,0,0,0,0,0,0,0,0,2,2,0,2,0,0,0,0,0,2,0,0,0,0,2,2,0,0,0,0,0,0,0,0,0,0,0,2,2,0,0,2,0,2,2,2,0,0,0,0,0,0,2,0,0,0,0,0,0,0,0,0,2,0,0,0,0,0,0,2,0,0,0,2,0,0,0,0,0,2,0,0,2,0,0,2,0,0,0,0,0,2,0,2,0,0,0,0,0,0,0,2,2,0,0,0,0,0,2,2,2,0,2,2,0,0,0,0,2,0,0,0,0,0,0,0,0,0,2,0,0,0,2,0,2,0,0,0,0,0,0,0,0,0,0,0,0,0,0,0,0,0,2,0,0,0,0,0,0,0,0,0,0,0,0,0,2,0,0,2,0,0,2,2,0,0,0,0,2,0,2,0,0,0,0,0,0,0,0,0,2,0,0,2,0,0,0,0,2,0,0,0,0,2,2,0,0,0,2,2,0,0,0,0,0,0,0,0,2,0,2,2,0,0,0,0,0,0,0,0,2,0,0,0,0,0,0,0,2,2,0,0,0,0,0,2,0,0,0,0,0,0,0,0,2,0,2,0,2,0,0,0,0,2,0,2,2,0,0,0,0,0,0,0,0,0,0,0,2,0,0,2,0,0,0,0,0,0,0,2,0,0,0,0,2,0,0,0,0,0,0,2,0,2,NA,0,0,2,0,0,0,0,0,0,0,0,2,2,0,0,0,0,2,0,0,0,0,0,0,0,0,0,0,0,0,0,0,0,0,2,0,0,0,0,2,0,0,0,0,0,0,0,0,0,0,0,0,0,2,0,0,0,2,0,0,0,0,2,0,0,0,0,0,0,0,0,2,0,0,0,0,2,0,0,2,0,2,0,0,0,0,0,0,2,0,0,0,0,2,0,0,2,2,2,0,0,2,0,0,2,0,0,0,0,0,0,0,0,0,0,0,0,0,2,0,0,0,0,0,0,0,2,0,0,0,0,2,0,0,0,0,0,0,2,0,2,2,2,2,0,0,2,0,0,0,0,0,0,0,0,2,0,0,2,0,0,0,0,0,0,0,0,0,0,0,0,0,2,0,0,0,0,2,0,0,0,0,0,0,0,0,0,0,0,0,0,0,2,2,2,0,0,0,0,2,2,0,2,0,0,0,0,2,0,2,2,2,0,0,0,2,0,0,0,0,0,0,2,0,0,0,0,2,0,0,0,0,0,0,0,2,0,0,0,0,0,2,0,0,0,0,0,0,0,0,0,0,0,0,0,0,0,0,2,2,0,0,0,0,0,0,0,0,0,0,2,0,0,2,0,2,0,0,0,0,0,0,0,0,0,0,0,2,2,0,0,0,2,2,0,0,0,2,2,2,0,2,0,0,0,0,0,0,0,0,0,0,2,0,0,2,0,2,0,2,0,2,0,0,0,0,0,0,0,0,0,0,0,0,0,0,0,0,0,0,0,0,0,0,0,0,0,2,2,0,0,0,2,0,0,0,0,0,0,0,0,0,0,0,0,0,0,0,0,0,0,2,0,0,0,0,0,0,0,2,2,0,0,0,0,0,0,0,0,0,0,0,0,0,0,0,2,0,0,0,2,2,0,0,2,0,0,0,0,0,0,0,2,0,2,0,0,0,2,0,0,0,0,0,2,0,0,0,2,2,0,0,0,0,0,2,0,0,0,0,2,2,0,2,0,2,0,0,0,2,0,2,0,0,0,0,0,0,0,0,0,2,0,0,0,2,0,0,0,0,0,0,2,2,0,0,0,2,0,2,2,0,0,0,0,0,0,0,0,0,0,2,0,0,2,0,2,0,0,NA,0,2,0,0,2,0,0,0,0,0,0,0,0,0,0,0,0,0,0,0,0,0,2,0,0,2,0,0,0,0,0,0,0,0,0,0,0,0,0,0,0,0,0,0,NA,0,0,0,0,0,0,0,2,0,0,0,0,0,0,0,2,0,0,0,2,0,0,0,0,0,0,2,0,0,0,2,0,2,0,0,0,0,0,0,2,2,0,2,0,0,0,NA,0,0,0,0,0,0,0,2,2,0,2,0,2,0,0,0,0,0,2,0,0,0,0,0,0,0,0,0,0,0,0,0,0,0,0,0,0,0,0,0,0,2,0,0,0,0,0,2,0,0,0,0,0,0,0,0,0,0,0,0,0,0,0,0,2,0,2,0,0,0,0,2,2,2,0,0,0,0,0,0,0,0,0,2,0,0,0,0,2,0,2,2,0,0,2,0,2,0,2,2,2,NA,0,0,0,0,2,0,0,0,0,0,0,2,0,0,0,0,2,2,0,2,2,0,0,0,0,0,0,0,0,0,2,0,0,0,0,0,0,2,0,0,0,0,0,2,2,0,0,2,0,0,0,0,0,0,0,0,0,2,0,2,2,0,0,0,0,2,0,2,0,0,0,2,0,2,0,0,0,0,2,0,0,2,0,0,0,2,0,0,0,0,0,0,0,0,0,0,2,0,0,0,0,0,2,2,0,0,0,0,0,0,0,0,0,2,0,0,0,0,0,2,0,0,2,0,0,0,0,0,0,0,2,0,0,0,0,0,0,2,0,2,2,0,0,0,0,0,0,0,0,2,2,0,0,0,0,0,0,0,0,0,0,0,0,2,0,2,2,0,0,2,2,0,0,0,0,2,0,0,2,0,0,0,0,0,0,2,2,0,2,0,0,2,0,2,0,0,0,0,0,0,2,0,0,0,0,0,0,2,0,0,0,0,0,0,0,2,0,0,0,0,0,0,2,0,0,0,2,0,0,0,0,0,0,0,0,2,0,0,0,0,NA,2,0,2,2,0,0,0,2,2,0,0,0,0,0,0,0,0,0,0,0,0,0,0,0,0,2,2,0,0,2,2,0,0,0,2,0,2,2,0,NA,0,0,0,0,0,0,2,0,0,0,0,0,2,0,2,0,0,0,0,2,2,0,0,0,0,0,2,0,2,0,0,0,0,0,0,0,0,0,2,0,0,0,0,0,0,0,2,0,0,0,0,0,0,0,2,0,0,2,0,0,2,0,0,2,0,0,0,0,2,0,2,0,2,2,0,0,2,0,2,0,0,0,0,0,0,0,0,0,2,0,0,0,0,0,2,0,2,0,0,2,0,0,2,0,0,0,0,0,0,2,0,2,0,0,0,0,2,0,0,0,0,0,0,0,2,0,0,0,2,0,0,2,0,0,0,0,0,0,0,0,0,0,2,0,0,0,0,0,0,0,0,NA,0,0,0,0,2,0,0,0,0,0,NA,2,0,0,NA,0,0,0,2,0,0,0,0,0,0,0,2,2,2,0,2,0,0,0,0,0,0,0,0,0
"CC133",0,0,2,0,0,0,0,0,0,0,2,0,0,0,0,0,0,0,0,2,2,0,0,2,2,0,0,0,0,0,0,0,0,0,0,0,0,0,0,0,0,0,0,0,0,0,0,0,0,0,0,0,0,0,0,2,2,0,0,0,0,0,0,0,2,0,0,0,0,0,0,2,0,0,0,0,0,0,0,0,0,0,0,0,0,0,0,0,0,2,0,2,0,0,0,0,0,0,2,2,0,0,0,0,0,0,0,0,0,0,2,0,0,0,0,0,0,0,0,0,0,0,0,0,0,0,NA,0,0,0,2,2,0,0,0,2,0,0,0,0,0,0,0,0,0,2,0,0,0,2,0,2,0,0,2,0,2,0,NA,0,0,0,0,0,0,2,0,0,0,0,0,0,0,0,0,0,2,0,0,0,2,0,0,0,0,0,0,2,0,2,0,0,0,0,0,2,0,0,0,0,0,0,0,0,0,0,0,2,0,0,0,0,0,2,0,0,0,0,2,0,0,0,0,0,0,0,0,2,NA,0,0,0,0,0,0,0,0,0,0,0,2,0,0,0,0,0,0,0,0,0,0,0,0,0,0,0,2,2,0,0,2,0,0,0,2,0,0,2,0,0,0,0,0,2,0,0,0,0,0,0,2,2,0,0,0,0,0,0,0,0,0,2,2,0,0,0,0,2,0,0,0,0,0,0,0,0,0,2,0,0,0,0,0,2,0,0,0,0,0,0,0,0,0,0,0,0,0,0,0,0,0,0,2,0,0,2,0,0,0,0,0,0,0,0,0,0,0,0,0,0,2,0,0,0,2,0,0,2,0,0,0,0,0,0,0,0,0,0,2,0,0,0,0,0,0,0,0,0,0,0,2,0,0,0,0,0,0,2,0,0,0,0,2,0,0,0,0,0,0,0,0,0,2,0,0,0,0,0,0,0,0,0,0,2,0,0,0,2,0,0,0,2,0,0,2,0,0,2,0,2,0,0,0,2,2,0,0,0,0,0,2,0,0,0,0,0,0,0,0,0,0,0,0,0,0,0,2,2,0,2,2,2,2,0,0,0,0,2,2,0,2,2,0,2,0,0,NA,0,2,0,2,0,0,0,2,2,0,2,2,2,0,0,0,0,0,0,0,0,0,2,0,0,0,0,0,0,0,0,2,2,0,0,0,0,0,0,0,0,0,0,0,0,0,0,0,0,0,2,0,2,0,0,0,0,0,0,0,0,0,2,0,0,0,0,0,0,0,0,0,0,0,0,0,0,0,0,2,0,0,0,0,0,0,2,0,2,0,0,0,0,0,2,0,0,2,2,0,0,0,2,0,0,0,0,0,0,0,0,2,0,0,2,0,2,0,0,0,2,2,0,0,0,2,2,0,0,0,0,0,2,0,0,0,0,2,0,0,0,0,2,0,0,0,0,0,0,0,0,0,2,0,2,0,2,2,2,0,0,2,0,0,2,0,2,0,0,0,0,0,0,0,2,0,0,0,2,0,0,2,2,0,0,0,2,2,2,0,0,0,0,0,0,0,0,0,0,0,0,0,0,0,0,0,0,0,0,0,0,0,0,2,0,0,0,0,0,0,2,2,0,0,0,0,0,0,0,0,0,2,0,0,2,0,0,0,0,2,0,0,0,0,0,0,0,0,2,2,2,2,NA,0,0,0,0,2,0,0,0,0,0,0,0,2,0,0,2,0,0,0,0,0,0,0,0,2,0,2,0,2,0,0,0,0,0,0,0,0,0,0,0,2,0,0,0,0,2,0,0,0,0,0,0,2,0,0,0,0,0,0,2,0,0,0,2,0,0,0,0,0,2,0,0,0,0,0,2,0,0,2,0,0,0,0,0,0,0,2,2,2,0,0,2,0,2,0,2,0,0,2,0,0,2,2,0,2,0,0,0,2,NA,0,2,0,2,0,0,2,0,0,0,2,0,2,0,2,0,0,0,0,0,2,2,2,0,2,0,0,2,0,0,2,2,0,2,0,0,2,0,0,0,2,0,0,2,2,0,0,0,0,2,0,0,0,0,2,0,2,0,0,0,0,0,0,0,2,0,0,2,0,0,0,2,0,0,0,0,0,0,0,0,2,2,2,2,0,0,0,0,0,2,0,2,0,2,2,0,0,0,0,0,2,2,0,0,0,0,0,0,0,0,0,0,2,0,2,2,2,0,0,0,0,0,0,0,0,0,0,0,0,2,0,0,0,2,0,0,0,0,2,2,0,0,0,0,2,2,0,0,0,0,2,0,0,2,0,2,2,0,0,0,0,2,0,0,0,0,0,0,0,0,0,2,2,2,0,2,0,0,0,2,0,0,2,0,2,0,0,0,0,0,0,0,0,0,0,2,0,0,2,0,0,0,0,0,0,2,0,0,0,0,0,0,0,0,2,0,0,0,0,0,0,0,0,0,2,0,0,0,0,0,0,0,0,0,0,0,2,2,0,0,2,2,0,0,0,0,0,0,2,0,0,0,0,0,0,0,0,0,0,0,0,0,0,2,0,0,0,2,2,0,0,0,0,0,0,2,0,2,0,2,0,2,0,0,0,0,0,0,0,0,2,0,0,0,0,2,0,0,0,0,0,0,0,2,2,0,0,0,2,2,0,0,0,0,0,0,0,0,0,2,2,2,0,0,2,0,0,0,0,0,0,0,0,2,0,0,0,0,0,0,2,0,0,2,0,0,0,0,2,0,0,0,0,0,0,2,0,0,2,0,0,2,0,0,2,0,0,0,0,0,0,0,0,2,0,0,0,0,0,0,0,0,0,0,0,0,0,0,0,2,0,0,2,0,0,2,0,0,0,0,0,0,0,0,0,2,0,0,0,0,0,2,0,0,0,0,0,0,0,0,0,2,0,0,0,0,0,0,0,0,0,0,2,0,0,0,0,0,0,0,0,0,0,2,0,2,0,2,0,0,2,0,0,0,0,0,0,2,0,0,0,0,0,0,2,0,2,0,0,0,0,0,NA,0,0,0,0,2,0,0,0,0,0,0,0,0,2,0,0,0,2,0,0,0,0,2,0,0,0,0,0,0,0,0,0,0,0,0,0,0,0,0,0,0,0,0,0,0,2,0,0,0,0,2,0,0,0,0,2,0,0,2,0,0,2,0,0,0,0,0,0,0,2,0,0,0,2,0,0,0,0,0,0,2,2,0,0,0,0,0,0,0,0,0,0,0,0,0,2,2,0,0,0,0,0,2,0,0,0,0,0,0,0,0,0,2,0,0,2,0,2,0,0,0,0,0,0,0,0,0,0,0,0,0,0,0,0,0,0,0,0,0,0,0,2,0,0,0,0,0,0,0,0,0,0,2,0,0,2,2,2,0,2,0,0,0,0,0,2,0,0,0,0,0,NA,0,0,0,0,0,0,0,0,0,0,0,0,2,0,0,0,0,0,0,0,0,0,0,0,0,0,0,0,0,0,0,0,0,0,0,2,0,2,0,0,0,2,0,0,0,0,0,0,0,2,0,2,0,0,0,0,0,0,0,0,2,2,0,0,2,0,0,0,0,0,2,2,0,0,0,0,2,2,2,0,0,0,2,0,0,0,0,2,0,0,0,0,0,2,2,0,0,0,2,0,0,0,0,0,2,0,0,0,0,0,2,0,0,0,0,0,0,0,0,0,0,0,2,0,0,2,0,0,0,2,0,0,0,0,2,0,0,2,0,2,2,0,0,0,0,0,2,0,0,0,0,0,0,0,0,0,0,0,0,0,0,0,0,0,0,2,0,0,0,0,0,0,2,0,2,0,0,0,0,0,2,0,0,0,0,2,0,0,0,0,0,0,0,0,2,0,0,0,0,0,2,0,0,0,0,0,0,2,0,0,0,2,2,0,0,0,0,0,0,2,0,0,0,0,0,0,0,0,0,0,2,0,0,0,2,0,0,0,0,0,0,0,0,0,0,0,0,0,0,2,0,0,0,0,0,0,0,2,0,0,2,0,0,0,0,0,0,0,0,0,0,0,0,0,0,0,0,0,0,0,0,0,0,0,0,0,0,0,0,0,0,0,2,0,0,0,0,0,0,0,0,0,0,0,0,0,0,2,0,0,2,0,0,0,2,0,0,0,0,2,0,2,0,0,0,0,0,2,0,0,2,0,0,0,0,0,0,0,0,0,0,0,2,0,0,0,2,0,2,0,2,0,2,2,0,0,0,0,0,0,0,0,0,0,0,0,0,0,0,0,0,0,0,2,0,0,0,0,0,0,0,0,0,2,0,0,0,0,0,0,0,0,0,0,0,0,0,0,0,2,0,0,0,0,0,0,0,0,2,2,0,2,0,0,0,0,0,0,0,0,0,0,0,0,0,2,2,2,0,0,0,0,2,0,0,0,0,0,2,2,0,0,0,2,0,0,0,0,0,2,2,2,0,0,0,2,0,0,0,0,0,0,0,0,2,0,0,0,0,0,0,0,0,0,0,0,0,0,0,2,0,0,2,0,2,0,0,0,0,0,2,0,2,0,2,2,2,0,0,0,0,0,2,0,0,0,2,2,0,0,0,0,0,0,0,0,0,0,0,0,0,2,0,0,0,2,0,0,0,2,0,0,0,2,0,0,0,2,0,0,0,0,0,0,2,2,2,0,2,0,0,0,0,0,0,0,0,0,0,2,0,2,0,0,0,2,0,2,0,0,0,0,0,0,0,0,0,0,0,0,0,0,0,0,0,0,0,0,0,0,0,2,2,0,0,0,0,2,2,0,0,2,0,0,0,0,0,0,0,0,0,0,0,0,2,0,0,0,0,0,0,0,0,2,0,0,2,0,0,0,0,0,0,0,0,0,2,0,0,0,0,0,0,0,0,0,0,2,0,2,0,2,0,2,0,0,0,0,0,2,2,0,0,0,0,0,0,2,0,0,2,0,0,0,0,0,0,0,0,0,2,0,0,0,0,0,0,0,0,0,0,0,0,0,2,0,2,0,0,0,0,0,0,0,0,0,0,0,0,0,2,0,0,0,0,0,0,0,0,0,0,0,0,0,2,0,0,2,0,0,0,0,0,0,0,0,0,0,2,0,2,0,0,0,0,2,0,0,0,0,2,0,0,0,0,0,0,0,2,0,0,0,0,0,0,0,0,0,0,0,0,0,0,0,0,0,0,0,0,2,0,0,0,2,0,0,0,0,2,2,0,2,0,0,0,0,0,0,0,0,0,0,0,0,2,0,0,0,0,0,2,0,0,0,0,0,0,2,0,0,0,0,0,0,0,0,0,0,0,2,0,0,0,NA,0,0,0,0,0,2,0,2,0,0,0,0,0,0,0,0,0,0,0,0,0,0,0,0,0,0,0,0,0,0,0,0,0,0,0,0,0,2,2,0,0,0,0,0,0,0,2,0,0,0,0,0,0,0,0,0,0,0,0,0,2,0,0,0,0,0,0,0,2,0,0,0,0,0,0,0,0,2,0,0,0,0,0,0,0,2,2,0,0,0,0,0,0,0,0,0,0,0,2,0,2,2,0,0,0,0,2,0,0,0,0,0,0,0,0,0,0,0,0,0,0,2,0,0,0,0,0,2,0,0,0,0,0,0,0,0,2,0,0,2,0,0,0,0,0,0,0,0,0,0,0,0,0,0,0,0,0,2,0,0,0,0,0,2,0,0,0,2,2,0,0,0,2,2,0,0,0,0,0,0,2,0,0,2,0,0,0,0,0,0,2,2,0,0,0,0,0,0,0,0,0,0,0,0,0,0,0,0,0,0,0,0,0,2,2,0,0,0,0,0,2,0,0,0,0,0,0,0,0,0,0,0,0,0,0,0,0,0,2,0,0,2,2,0,0,0,0,0,0,0,0,2,2,0,0,0,0,0,0,0,0,0,0,0,0,0,0,0,0,0,0,0,0,2,2,0,0,0,0,2,0,0,2,2,0,2,2,0,0,0,0,2,0,0,2,0,0,0,0,2,0,2,0,0,0,2,0,2,0,2,0,2,2,0,0,0,0,0,0,0,2,0,0,2,2,0,0,0,0,0,2,0,2,0,2,0,2,0,2,0,0,0,0,2,0,0,0,0,0,0,2,2,2,0,0,0,2,0,0,0,0,0,0,2,2,0,0,0,0,0,0,2,2,0,0,0,0,0,0,0,0,2,0,0,2,0,0,0,0,2,0,2,0,2,0,0,0,0,0,0,0,0,2,0,0,0,2,2,0,0,0,0,0,0,0,2,0,2,2,0,2,2,0,0,0,0,2,0,0,0,0,0,2,0,2,0,2,2,2,0,0,2,0,0,0,0,2,0,2,0,0,0,0,2,0,0,0,2,0,0,0,0,0,0,0,0,0,2,0,0,0,2,2,0,2,2,2,0,0,2,0,2,2,0,0,0,0,0,2,0,2,0,0,0,0,0,0,0,0,0,0,2,0,2,2,0,0,0,0,0,0,0,0,0,0,0,0,0,0,0,2,0,0,0,0,0,0,0,0,0,0,2,0,0,0,0,2,0,2,0,2,2,0,0,0,2,2,0,0,0,2,0,0,0,2,2,0,0,2,0,2,2,0,0,0,0,0,0,0,0,2,0,0,2,0,0,0,0,0,2,0,2,0,0,2,0,0,0,2,0,0,0,0,0,2,0,2,2,0,0,0,2,0,0,0,2,0,0,2,0,0,0,0,0,0,0,0,0,0,0,0,0,2,0,0,0,0,0,0,0,0,2,0,0,0,0,0,0,0,2,0,0,0,0,0,0,2,2,0,0,0,0,2,0,0,0,0,0,0,2,0,0,0,0,0,0,0,0,0,0,0,0,0,0,0,0,2,0,0,0,0,2,0,0,0,0,0,0,0,0,0,0,2,0,0,0,0,0,2,0,0,0,0,0,0,0,0,0,0,0,0,0,0,0,0,0,2,0,0,0,2,0,0,0,0,2,0,0,0,0,0,0,0,0,0,0,0,0,2,0,0,0,0,2,0,0,0,0,0,0,0,0,0,0,2,0,0,0,0,0,0,0,0,0,0,0,0,0,0,0,0,0,0,0,0,0,0,0,0,0,0,0,0,2,2,0,0,0,0,0,0,0,2,0,0,0,0,0,0,2,0,0,0,0,2,0,0,0,0,0,0,2,0,0,0,0,0,0,0,0,0,2,0,0,0,2,0,0,0,0,0,0,0,0,0,0,2,2,2,0,0,0,2,0,0,2,0,2,0,0,0,2,0,0,0,0,0,0,0,0,0,0,0,0,0,0,0,0,0,0,0,0,0,0,2,2,0,0,2,0,0,2,2,2,0,0,2,0,0,0,2,0,2,2,0,0,0,0,0,0,0,0,0,0,0,0,0,0,0,0,0,0,0,0,0,0,0,0,0,2,0,0,2,0,0,0,0,2,0,0,0,0,0,0,0,0,0,0,0,0,2,2,2,0,2,2,0,0,2,0,NA,0,0,0,2,2,0,0,0,2,2,0,2,0,0,0,0,2,0,0,0,0,2,0,0,2,0,2,0,0,0,0,0,0,0,0,0,0,0,0,0,0,0,0,0,0,0,0,0,0,0,0,0,0,0,0,0,0,0,2,0,0,0,0,2,0,0,2,0,2,0,0,0,0,0,0,0,0,0,0,0,2,2,0,0,0,2,0,0,2,0,0,2,0,0,0,0,0,0,0,2,2,0,0,2,0,0,2,0,2,0,0,2,0,0,0,0,2,0,2,0,0,0,0,2,0,0,0,0,0,0,0,0,0,0,0,0,0,0,0,0,2,0,0,0,0,0,0,0,0,0,0,0,0,0,0,0,0,0,0,0,0,2,0,0,0,0,0,0,0,0,0,2,2,0,2,2,2,0,0,0,0,0,2,0,0,0,0,2,2,0,0,0,0,2,0,0,0,0,2,0,0,0,0,0,0,0,0,0,2,0,0,2,2,2,0,2,2,0,0,0,2,0,2,2,0,2,0,0,0,0,2,2,0,0,2,2,2,2,NA,2,2,0,0,2,2,0,0,0,2,0,0,0,0,0,0,0,0,0,0,0,0,0,0,2,0,0,0,2,0,2,2,0,0,0,0,0,0,0,2,2,0,0,0,0,0,0,0,0,0,0,2,0,0,0,0,2,0,NA,2,2,0,2,2,0,2,0,0,0,0,0,0,0,2,0,0,0,0,0,2,0,0,0,0,2,0,2,2,2,0,0,0,0,0,2,0,2,2,2,2,0,0,0,2,0,0,0,0,0,0,0,2,0,0,0,0,0,0,0,2,2,2,0,0,0,0,0,2,0,0,0,0,0,0,0,0,0,0,0,0,0,0,0,0,0,0,0,0,2,0,0,0,0,0,0,0,0,0,0,0,0,0,0,0,0,0,0,2,0,0,0,2,0,0,0,0,0,0,2,2,2,0,0,0,0,2,0,0,0,0,0,0,0,0,0,0,2,2,0,0,0,0,2,0,0,0,0,0,0,0,0,0,0,0,0,0,2,0,2,0,0,0,0,0,0,0,0,0,0,0,0,2,2,0,0,0,2,0,0,2,0,0,0,0,0,0,2,0,0,0,0,2,2,0,0,2,0,0,2,0,0,0,0,0,0,0,0,0,0,0,2,0,0,0,0,2,0,0,0,0,0,0,0,0,0,0,0,2,0,0,0,0,0,0,0,0,0,0,0,0,0,0,2,0,0,0,0,2,0,0,0,0,0,0,0,0,2,0,0,0,0,2,2,0,2,0,0,2,0,0,2,0,0,2,0,0,2,0,0,0,0,2,2,0,0,0,0,0,0,2,2,0,0,0,0,0,0,2,0,2,2,0,0,2,0,0,0,2,0,0,2,0,0,2,0,0,0,0,2,0,0,0,0,2,0,2,2,0,0,0,0,0,0,2,0,0,0,0,0,2,0,0,0,0,0,0,0,0,0,0,0,0,0,2,0,0,2,0,2,0,0,0,2,0,0,2,2,0,0,0,0,0,0,0,2,0,0,0,0,0,0,0,0,0,0,0,0,0,0,0,0,2,2,2,0,0,2,0,0,0,0,2,0,2,2,0,0,0,2,0,0,2,0,0,2,2,2,0,0,0,0,0,0,0,0,0,0,0,0,0,2,0,2,0,0,0,0,0,0,0,0,0,0,0,0,0,0,0,2,0,0,0,2,2,0,2,0,2,NA,0,0,0,0,0,0,0,0,0,0,0,2,0,0,2,0,0,2,0,0,0,0,0,2,0,0,0,0,0,0,0,0,0,0,2,0,0,2,0,2,0,0,0,0,0,0,0,0,2,2,0,0,2,0,0,2,0,0,2,0,0,0,0,0,0,0,0,0,2,0,0,0,2,2,0,0,0,0,0,2,0,0,0,0,2,2,0,0,0,2,0,2,0,0,0,0,0,0,2,0,2,0,0,2,2,0,0,0,0,0,0,0,0,0,0,0,0,0,0,0,0,0,0,0,0,0,0,0,0,0,2,0,0,0,0,0,2,0,0,0,2,2,2,2,0,0,2,0,0,0,2,0,0,0,0,2,0,0,0,0,0,0,0,0,0,0,0,0,0,0,0,0,0,0,0,0,0,0,0,2,2,0,0,0,2,0,0,0,0,0,2,0,0,0,0,2,2,0,0,0,0,0,0,2,0,0,0,0,0,0,2,2,0,2,0,0,0,0,0,0,0,0,0,0,0,2,2,0,0,0,0,0,0,0,0,0,0,0,0,2,0,2,0,0,0,0,0,0,0,0,0,0,0,0,0,0,0,0,2,2,0,0,0,0,0,0,0,0,0,0,0,0,0,0,0,0,2,0,0,0,0,0,0,0,0,0,2,0,2,0,0,0,2,0,0,0,2,2,2,2,0,0,0,0,2,0,0,0,2,0,2,0,0,0,0,0,0,2,0,2,0,2,0,2,2,2,2,0,2,2,0,0,0,0,0,0,0,0,0,2,0,0,0,2,2,2,0,2,0,0,2,2,0,0,0,0,0,0,0,0,0,0,2,0,0,0,0,0,2,0,0,0,0,0,0,0,0,0,2,0,2,0,0,0,0,0,0,0,0,2,2,0,0,2,0,2,0,0,0,0,2,2,2,2,2,0,0,2,0,0,0,0,0,2,2,0,0,0,0,2,2,2,0,0,2,0,2,0,2,2,0,0,0,0,0,0,2,0,0,0,0,0,0,0,0,0,0,0,0,2,0,0,0,0,0,0,0,0,2,0,0,2,2,0,0,2,0,0,0,0,0,0,2,2,0,0,0,2,0,0,2,0,0,0,0,0,0,0,0,0,0,2,0,0,2,0,0,0,0,2,0,2,0,0,0,2,0,0,2,0,0,0,0,0,0,0,0,0,0,0,0,0,0,2,0,2,0,0,2,0,0,0,0,0,0,0,0,2,0,0,0,0,0,2,2,0,0,0,0,0,0,0,0,2,2,0,0,2,0,0,0,0,0,2,2,0,0,0,0,2,0,2,0,0,0,0,0,0,2,2,2,0,0,0,0,0,0,0,0,2,0,0,2,0,0,0,2,0,0,2,0,2,2,0,2,0,0,0,0,0,2,0,0,0,0,0,2,0,0,2,0,0,0,0,0,0,0,0,0,0,2,2,0,0,0,2,0,0,0,0,2,0,0,2,0,0,0,2,0,0,0,0,0,0,0,0,2,0,0,0,0,0,0,0,0,0,2,0,0,0,2,0,2,0,2,0,0,0,0,0,0,0,2,0,0,0,0,0,0,0,0,0,2,0,2,0,0,2,2,0,0,0,0,0,0,0,2,0,0,2,0,0,0,2,0,0,2,0,0,0,2,0,0,0,0,0,0,2,0,0,2,0,0,0,2,2,0,0,0,0,0,2,0,0,0,2,0,0,0,0,0,0,0,0,0,2,2,0,0,0,0,0,0,0,0,0,2,0,0,0,0,0,0,2,2,2,2,2,0,0,2,0,0,0,2,0,0,0,2,0,0,2,0,0,0,0,0,0,0,0,0,2,2,0,0,2,0,2,0,0,0,0,0,0,2,0,0,2,0,0,0,0,0,0,0,0,0,2,2,0,0,2,0,0,0,0,0,0,0,0,0,0,0,2,2,2,0,0,0,0,NA,0,0,0,2,0,2,2,2,0,2,0,0,0,2,0,0,0,0,0,2,2,2,0,2,0,0,2,0,0,0,0,2,0,0,0,0,2,0,0,0,0,0,0,0,0,0,0,2,0,0,0,2,0,0,0,0,0,0,0,0,0,2,0,0,0,0,0,0,0,0,0,0,0,0,0,0,0,0,0,0,0,0,0,0,2,0,0,0,0,2,0,0,2,0,0,0,2,2,0,0,0,0,0,0,2,2,0,0,0,2,0,0,0,0,0,0,0,0,0,0,2,0,2,0,2,0,0,0,0,0,0,0,0,0,0,0,0,0,0,0,0,0,0,2,0,0,2,0,2,0,0,0,0,0,0,0,0,0,2,0,0,0,0,0,0,0,0,2,0,0,0,0,0,0,0,0,0,0,0,0,0,0,0,2,0,0,0,0,0,0,0,0,2,0,2,2,0,0,0,0,0,0,0,0,0,0,0,2,0,0,0,0,0,0,0,0,2,0,0,0,0,0,0,0,0,0,0,0,0,0,0,0,2,0,0,0,0,0,0,0,0,0,0,0,0,0,2,2,0,0,0,0,0,0,0,0,0,0,2,0,2,0,0,0,2,0,0,2,2,0,0,2,0,0,0,0,0,0,2,0,0,0,2,0,2,0,0,2,0,0,0,0,0,0,0,0,0,0,2,2,0,0,0,0,0,0,0,0,2,0,2,0,0,0,0,0
"CC134",0,0,0,0,2,2,2,0,0,0,0,0,0,0,0,0,0,0,0,0,0,0,2,0,0,0,2,0,0,0,0,0,2,0,0,0,0,0,2,0,0,0,0,0,0,0,0,0,0,0,0,0,0,0,0,0,0,0,0,0,0,0,0,0,2,2,0,0,0,2,0,0,2,0,0,0,2,0,0,0,2,0,0,0,0,0,0,0,0,0,2,0,0,0,0,2,0,0,0,0,2,2,2,2,0,0,0,0,0,2,0,0,2,0,0,0,0,0,0,2,0,2,2,2,0,2,2,0,2,0,0,0,0,2,0,0,0,0,0,2,0,0,0,0,0,0,0,2,0,2,2,0,0,0,0,2,0,2,0,2,0,0,0,0,0,0,0,2,2,2,0,0,0,0,2,0,0,2,0,2,2,0,2,0,0,0,0,0,0,2,0,2,0,0,2,NA,2,2,0,0,0,0,0,0,0,0,0,0,0,0,0,0,0,0,0,0,2,2,0,0,0,0,0,0,0,2,0,0,0,0,0,0,0,2,0,2,0,2,0,0,0,0,0,NA,0,0,0,0,2,0,0,0,0,0,0,0,0,0,0,0,2,2,0,0,0,0,0,0,0,0,0,0,0,0,0,0,2,2,2,0,2,0,0,2,0,0,0,0,0,0,0,2,2,0,0,2,0,0,2,2,0,0,2,0,0,0,2,0,2,0,0,0,0,0,0,0,0,0,2,0,0,0,0,0,0,0,0,2,2,0,0,0,2,0,2,0,0,2,2,0,0,2,0,0,2,2,2,0,2,2,0,0,0,0,0,0,0,2,0,2,0,2,0,0,0,0,0,2,0,0,0,0,0,0,0,0,0,2,2,0,0,0,2,0,2,0,0,0,2,0,0,2,2,2,2,2,2,0,0,0,0,0,2,2,2,2,2,0,0,0,0,0,0,0,2,0,2,2,0,2,0,2,2,0,0,0,0,0,0,2,0,0,0,0,2,0,0,0,0,0,2,0,0,0,2,0,0,0,0,0,0,0,0,0,2,2,2,2,0,0,0,2,0,0,0,0,0,0,0,0,0,2,2,0,0,0,0,0,0,0,0,0,0,0,0,0,0,0,2,2,2,NA,0,0,0,0,0,0,2,0,0,0,0,0,0,0,0,0,0,0,0,0,0,0,0,0,0,0,0,2,0,0,2,0,2,2,0,2,0,0,0,0,0,0,0,0,0,0,0,2,0,0,0,0,0,0,0,0,0,0,0,0,0,2,0,0,2,2,0,0,0,0,0,0,0,0,2,0,0,0,0,2,0,0,2,0,2,0,2,2,2,2,0,0,0,0,0,0,2,2,0,0,0,2,0,0,2,0,2,0,0,0,0,2,0,0,0,0,2,0,0,0,0,0,0,0,2,0,0,0,0,0,0,0,0,2,0,0,0,0,0,0,0,2,2,0,0,0,0,2,0,0,0,0,0,0,0,0,0,0,0,0,0,0,0,0,2,0,0,0,2,0,0,2,2,2,0,0,0,2,0,0,0,0,0,2,2,0,0,0,0,0,2,0,2,0,0,0,0,0,0,0,0,0,0,0,0,2,2,0,0,0,0,0,2,0,0,0,2,0,0,0,0,0,0,0,0,0,0,0,0,NA,0,0,0,0,2,0,0,0,0,0,0,0,0,2,0,0,0,0,0,0,0,0,0,0,0,2,2,0,0,0,0,0,0,0,2,0,2,0,0,0,0,0,0,0,0,0,0,0,0,0,0,2,0,0,0,0,0,0,0,0,2,0,0,0,0,0,0,0,2,0,0,0,0,0,0,0,0,2,0,0,0,0,0,2,0,2,2,0,0,0,0,0,0,0,0,0,2,0,0,0,0,2,0,2,0,0,0,0,2,0,0,0,0,0,0,0,0,0,0,0,0,2,0,0,2,0,0,0,2,2,0,0,0,0,0,0,0,2,0,0,0,0,2,0,0,2,0,0,0,0,0,0,0,0,0,0,0,0,0,2,0,0,2,2,0,0,0,0,0,0,0,2,0,0,0,0,0,0,0,2,0,0,0,0,0,0,0,0,0,0,0,0,0,0,0,0,0,2,0,2,2,2,0,0,2,2,2,0,0,2,0,2,2,2,0,0,0,0,0,0,0,0,0,0,0,0,0,0,2,0,0,0,0,0,0,0,0,0,0,0,0,0,0,0,0,0,0,2,0,0,0,0,0,0,0,0,2,2,0,0,0,0,0,0,0,0,2,2,2,0,0,0,0,0,0,0,0,0,0,0,0,0,0,0,0,0,0,2,0,0,0,0,0,0,0,2,2,0,0,0,0,0,2,0,2,0,2,0,0,0,0,0,0,0,0,0,2,0,0,0,0,0,0,2,0,0,0,0,0,0,0,0,2,2,0,2,2,2,0,2,2,0,0,0,0,2,0,0,2,0,2,0,0,2,0,0,2,NA,0,0,2,0,0,0,0,2,2,0,0,0,2,0,2,0,0,0,0,0,0,0,0,2,0,0,0,0,0,2,2,0,2,0,0,0,0,2,2,0,0,0,2,0,0,NA,0,0,0,0,2,0,0,0,0,0,0,0,0,0,0,0,0,2,0,0,0,2,2,2,0,0,0,0,0,0,0,0,0,2,2,2,0,2,0,0,0,0,0,0,0,0,0,0,2,0,0,0,0,0,0,0,0,0,0,0,0,0,2,0,0,0,0,0,0,0,0,0,0,0,0,0,0,2,0,0,0,0,2,0,0,0,0,0,0,0,0,0,0,2,2,0,0,0,0,0,0,2,2,0,0,0,0,0,0,0,2,0,0,0,2,0,0,0,0,0,2,0,0,0,0,0,2,0,0,0,0,0,0,0,0,0,0,0,0,0,0,0,0,2,0,0,2,0,0,0,0,0,2,2,0,0,0,0,2,2,0,0,0,0,0,0,0,0,0,0,0,0,0,0,0,0,0,2,2,2,0,0,0,0,2,0,0,0,0,0,0,0,0,2,0,0,2,2,2,0,0,0,0,0,0,0,0,0,0,0,0,2,2,2,0,0,0,0,0,0,0,0,2,2,0,0,0,0,0,0,0,0,2,0,0,0,0,2,0,0,0,0,0,0,0,2,0,0,0,0,2,0,0,0,0,0,0,0,0,0,0,0,0,2,2,2,0,0,0,0,0,0,2,2,0,0,0,0,0,0,0,0,0,0,2,0,2,0,2,0,0,0,0,0,0,0,0,0,0,2,2,2,2,0,2,0,0,2,0,2,2,0,2,2,0,2,2,2,0,0,0,0,2,2,2,0,2,0,0,2,0,0,0,0,0,2,0,0,0,0,0,2,0,0,0,0,0,0,2,0,0,0,2,0,0,2,2,0,2,2,0,0,0,0,0,0,2,0,2,0,0,2,0,0,0,0,0,0,0,0,0,0,0,0,0,2,0,2,0,2,2,0,0,2,2,0,2,0,0,2,0,0,0,0,0,0,0,0,0,0,0,0,0,0,0,0,0,0,2,0,0,0,0,0,2,0,0,0,0,0,0,0,0,2,0,0,0,0,0,2,2,2,0,0,0,2,NA,2,0,0,0,0,0,2,0,2,2,0,2,2,0,0,0,2,2,0,0,0,2,2,0,2,0,0,2,0,0,0,2,0,2,2,0,2,0,0,0,2,0,0,0,0,0,2,0,2,2,0,0,0,0,0,0,0,2,2,0,0,0,2,2,0,0,0,0,0,0,0,0,2,2,0,0,0,0,2,0,0,0,0,0,0,0,0,0,0,0,0,0,2,2,0,0,0,2,0,0,0,0,2,0,0,0,0,0,0,0,2,0,2,0,2,0,0,0,0,NA,2,0,2,0,0,0,0,0,0,2,0,0,2,0,2,0,0,0,0,0,0,2,0,0,0,0,0,2,2,2,0,0,0,2,0,2,0,0,0,0,0,0,2,2,0,0,0,0,0,2,0,0,2,0,0,0,2,0,2,0,0,0,0,2,0,0,0,2,0,0,0,0,0,0,0,0,0,2,NA,2,0,0,0,0,0,0,0,2,0,0,0,2,2,0,0,2,0,0,0,2,0,0,2,0,2,0,2,0,2,0,0,0,0,0,0,0,0,2,0,0,0,0,0,0,0,0,0,0,2,2,0,0,2,0,0,2,0,0,0,NA,2,0,0,0,0,0,2,2,0,0,0,0,0,2,0,0,0,0,0,0,0,0,0,0,2,0,2,0,0,0,2,2,2,0,0,0,0,0,0,0,0,0,0,0,2,0,0,0,0,0,0,0,0,0,0,0,0,0,0,0,0,0,0,0,0,0,0,0,0,0,0,0,2,0,2,2,2,0,0,0,0,2,0,0,0,0,0,2,2,0,0,0,0,0,2,2,0,0,2,0,0,0,0,0,0,2,0,2,0,0,0,0,0,0,2,0,0,0,0,0,0,2,0,0,0,0,0,0,0,0,0,0,2,2,0,0,0,NA,0,0,0,0,2,2,0,0,2,2,2,0,2,0,2,0,0,0,0,0,0,0,0,0,0,0,0,2,0,0,0,0,0,0,0,2,0,0,0,2,0,0,2,2,0,0,2,0,0,2,0,0,0,0,0,2,0,0,2,2,0,0,0,0,0,0,0,2,2,0,0,0,2,0,0,0,0,0,0,0,0,0,0,0,0,0,0,0,0,2,0,0,0,0,0,2,0,2,0,2,0,0,0,0,2,2,2,0,2,2,0,2,2,0,2,0,0,0,0,0,0,2,0,0,0,0,0,0,0,0,NA,2,2,0,0,0,0,0,0,0,0,0,0,2,0,0,0,0,0,0,0,0,0,0,0,0,0,0,0,0,0,0,0,0,0,0,0,0,0,0,2,0,0,0,0,0,0,2,0,0,0,0,2,0,0,0,0,0,0,2,0,0,0,0,0,0,0,0,0,0,0,0,0,0,0,0,0,0,0,0,0,2,0,0,0,0,0,0,0,0,0,2,2,0,0,0,0,0,0,0,0,0,2,0,0,0,0,2,0,2,0,0,0,0,0,0,0,0,2,2,0,0,2,0,2,0,2,0,2,0,2,2,0,2,2,0,0,0,0,0,0,0,0,0,0,0,0,2,0,0,0,0,0,0,0,0,0,2,0,0,0,0,0,0,0,0,0,2,2,0,2,2,0,2,0,0,0,0,2,2,2,0,2,0,0,0,0,2,2,0,0,0,0,0,0,2,0,0,0,0,2,0,0,2,0,0,0,0,2,0,0,0,0,2,0,0,0,0,0,2,0,0,2,0,0,0,2,0,0,0,0,0,0,0,0,0,2,0,2,0,0,2,0,0,2,0,0,0,0,0,2,0,2,0,2,0,0,0,0,0,0,0,0,2,0,2,0,0,0,0,0,0,0,0,0,0,2,0,2,0,0,0,0,2,0,0,0,0,0,2,0,0,0,0,0,2,0,0,0,2,0,0,0,2,2,0,0,0,0,0,0,0,0,0,0,0,2,0,0,2,0,2,0,0,2,0,0,0,0,0,0,0,0,0,0,0,0,0,0,0,0,0,0,0,0,0,0,0,0,0,0,0,2,0,2,0,2,2,0,0,0,2,0,2,0,0,0,0,2,0,2,0,0,0,0,2,0,0,0,0,2,0,2,2,0,0,0,0,2,0,0,0,0,0,0,0,0,2,0,0,0,2,2,0,2,0,0,0,0,0,2,0,2,0,0,0,0,0,0,2,0,0,0,0,0,2,0,0,0,0,0,0,0,2,0,0,2,0,0,0,2,0,0,2,0,0,0,0,0,0,0,0,2,2,0,0,2,0,2,0,2,0,0,2,0,2,0,2,2,0,0,0,0,0,0,0,0,0,0,0,2,0,0,2,0,0,0,2,0,0,0,0,0,0,0,0,0,0,0,0,0,0,2,0,0,0,2,0,0,0,0,0,0,0,0,0,0,0,0,0,0,0,0,0,0,0,0,0,0,2,0,2,0,0,0,0,2,0,2,2,0,0,0,0,2,0,2,0,0,0,0,0,0,2,0,2,0,0,0,0,2,2,0,0,2,0,0,0,0,2,2,2,0,0,0,0,0,0,2,0,0,0,2,0,0,0,2,0,2,0,2,2,0,0,0,0,0,0,2,0,0,2,0,0,0,0,2,0,0,0,0,2,0,0,0,0,0,0,0,0,0,0,0,0,0,0,0,0,2,0,0,0,0,0,0,0,0,2,0,0,0,0,2,0,0,2,0,0,0,0,0,0,0,0,0,0,0,0,0,0,0,0,0,0,0,0,2,0,2,2,0,0,0,0,2,0,2,0,0,0,2,2,0,0,0,2,0,0,0,0,0,0,0,0,0,0,2,0,2,0,0,0,0,0,0,0,2,0,0,2,2,0,0,0,0,0,0,0,0,0,0,2,0,0,0,0,0,0,2,0,0,0,2,0,2,0,0,0,NA,0,0,0,0,0,0,0,0,0,0,0,0,2,0,2,0,0,0,0,2,0,2,2,2,0,2,2,2,0,0,0,2,0,2,0,2,0,0,0,2,2,0,2,0,2,0,0,2,0,0,0,2,0,2,2,2,0,2,0,0,0,0,0,0,0,0,0,0,0,2,0,0,0,2,0,2,0,2,0,0,2,0,0,0,0,0,0,2,0,0,0,0,0,0,0,0,0,0,0,0,0,0,0,2,0,0,0,0,0,0,0,0,0,0,0,0,0,0,2,2,0,2,2,2,2,2,2,0,0,0,0,0,2,0,0,0,0,0,0,0,0,0,NA,0,0,0,0,2,0,0,0,0,0,0,0,0,0,0,2,0,2,0,0,0,0,0,2,0,0,0,0,2,NA,0,0,2,0,0,0,0,0,0,2,0,0,2,0,0,0,0,0,0,0,0,0,2,2,0,2,0,2,0,0,0,2,0,0,0,0,0,0,2,0,2,0,0,0,0,0,0,0,0,0,0,0,0,2,0,0,0,0,0,0,2,0,0,0,0,2,0,0,0,0,0,0,0,0,0,0,0,0,0,0,0,0,0,0,0,0,0,0,0,0,2,0,0,0,0,0,0,0,0,0,2,0,0,0,0,2,0,0,0,0,2,0,0,0,0,0,0,0,0,0,2,0,0,0,2,0,0,0,0,0,0,0,0,0,0,0,0,2,0,0,0,2,2,0,0,0,2,0,0,0,2,0,0,0,0,2,2,0,0,2,0,2,0,0,2,2,0,0,0,0,2,0,0,0,0,2,0,0,0,0,0,0,2,0,0,0,2,0,2,2,0,0,0,0,0,0,0,0,2,0,0,0,0,0,0,0,2,2,0,0,0,0,0,0,0,0,0,0,0,0,0,0,0,0,0,0,0,0,0,0,0,0,0,0,0,0,0,0,0,0,0,0,0,0,0,0,2,0,0,0,0,0,0,0,0,0,0,0,0,2,0,0,0,0,0,0,2,0,0,0,0,0,2,0,0,0,0,2,0,0,0,0,0,0,2,0,2,0,2,0,0,0,0,0,0,0,0,0,0,0,0,0,0,0,0,0,0,0,0,0,0,0,0,0,0,0,0,0,2,2,0,0,2,0,0,0,0,0,0,0,0,0,0,0,0,0,0,0,2,2,2,0,2,0,2,0,0,0,2,0,0,0,0,0,2,2,0,2,0,0,2,0,0,0,0,2,0,0,0,0,0,0,0,0,0,0,2,0,0,2,2,0,0,0,0,0,0,2,0,0,0,0,0,2,0,2,2,0,0,2,0,0,2,0,0,2,2,0,0,0,0,0,0,0,2,0,0,0,0,2,0,0,2,0,0,2,2,0,0,0,0,0,0,0,0,2,2,0,2,2,0,2,0,0,2,2,0,2,2,0,2,0,0,0,0,2,2,2,0,0,2,2,2,2,2,0,0,0,0,2,0,0,0,0,0,0,0,2,0,0,0,0,0,0,0,0,0,0,0,0,0,0,0,0,0,0,0,0,0,0,2,0,0,0,2,2,0,0,0,0,0,0,0,0,0,0,0,0,2,0,0,0,0,0,0,0,0,0,0,0,2,0,0,0,0,0,2,0,0,2,0,2,2,0,0,2,0,0,0,0,0,0,0,2,0,2,0,0,0,0,0,0,0,0,0,2,0,0,0,0,2,0,0,0,0,0,0,2,0,2,0,0,0,0,0,0,0,0,0,0,0,0,0,0,0,2,0,0,0,0,0,2,0,0,2,2,0,0,0,0,0,0,2,0,0,0,0,0,0,0,0,0,2,0,0,0,0,2,0,0,2,0,0,2,0,0,0,2,2,2,2,NA,2,0,0,0,2,2,2,0,0,2,0,2,0,0,0,0,0,0,0,0,0,0,0,0,2,0,0,0,2,0,0,0,2,0,2,0,0,0,0,0,0,0,2,0,0,0,0,2,0,0,0,0,0,2,0,0,0,0,0,2,0,2,0,2,0,0,2,0,0,0,2,0,0,0,0,0,0,0,0,2,0,2,0,2,0,0,2,0,0,0,0,0,0,0,0,0,0,2,0,0,0,0,0,0,0,0,0,0,0,2,0,0,0,0,0,0,0,0,0,0,0,0,0,0,2,0,0,0,2,0,0,0,0,0,0,NA,0,0,0,2,0,0,0,0,0,0,0,0,0,0,0,0,0,2,0,0,0,2,0,0,2,0,2,0,0,0,0,0,0,2,0,0,0,0,0,0,0,0,0,0,2,0,0,0,2,0,0,2,0,0,2,0,0,0,0,2,2,0,0,0,2,0,0,0,0,0,0,2,0,0,0,0,2,0,0,0,0,2,0,2,0,2,0,0,2,0,0,2,0,0,2,0,0,2,0,0,0,0,0,2,0,0,0,0,2,0,0,0,0,0,0,2,0,2,2,0,0,0,0,0,0,2,0,0,2,0,0,0,2,0,0,0,2,0,0,0,0,0,2,0,0,0,0,2,2,0,0,2,0,0,0,0,0,0,0,0,0,0,0,0,0,0,0,2,0,2,0,0,0,0,0,0,0,2,0,NA,0,0,2,0,0,0,2,0,2,0,0,0,2,0,2,0,0,0,0,0,0,0,0,0,0,0,2,0,2,0,2,0,0,0,0,0,0,0,0,2,0,2,0,0,0,0,2,0,0,0,2,0,0,0,0,0,0,0,0,2,0,0,0,0,0,0,0,0,0,2,0,0,0,0,0,0,0,0,2,2,2,0,0,0,0,0,0,2,0,0,0,2,2,0,0,0,0,0,0,2,0,0,0,0,0,0,0,0,0,0,0,0,0,0,0,0,0,0,0,2,2,0,0,0,0,0,0,0,0,0,0,0,0,2,0,0,2,2,2,0,0,0,0,0,0,0,0,2,0,0,2,0,2,0,2,2,0,0,0,0,0,0,0,0,0,0,0,0,0,0,2,0,0,0,2,0,0,0,0,0,0,0,0,0,0,0,0,2,0,0,0,0,0,0,0,0,2,2,0,2,0,0,0,0,0,2,0,0,2,0,0,0,2,0,0,2,0,2,0,0,0,0,0,0,0,0,0,0,0,0,0,0,0,2,2,0,2,0,0,2,0,0,0,0,0,0,2,0,2,2,2,0,2,NA,0,0,0,0,0,NA,0,2,0,0,0,0,2,2,2,0,0,0,2,0,0,0,2,0,0,0,0,0,2,2,0,0,0,0,0,0,0,0,0,0,0,0,0,2,2,0,0,0,0,0,0,0,0,0,2,0,0,0,0,0,0,0,0,0,0,0,0,0,2,0,0,0,0,0,0,0,2,0,0,2,0,0,0,0,0,0,0,2,0,2,2,0,0,0,2,0,0,0,2,0,2,2,2,2,0,0,0,0,2,0,0,0,0,0,2,2,0,0,0,0,2,0,0,2,2,2,0,2,0,0,2,0,2,0,2,2,0,2,2,2,2,0,0,0,0,0,0,0,0,0,0,2,0,0,0,2,0,0,0,0,0,0,0,0,0,0,2,0,0,0,0,0,0,0,0,0,2,0,0,0,2,2,0,2,0,0,0,0,0,0,0,0,2,2,0,0,2,0,2,2,0,0,0,0,0,0,2,0,0,2,0,0,0,0,0,2,0,0,0,0,0,0,2,0,0,0,0,0,0,0,0,0,0,0,0,0,0,2,0,2,0,0,0,0,0,0,0,0,2,0,0,0,0,0,0,0,2,0,0,2,0,0,0,0,0,2,0,0,0,0,2,0,2,0,0,0,2,0,0,0,0,0,0,0,0,2,0,0,0,0,0,0,0,0,0,2,0,2,0,2,0,0,0,0,0,0,0,2,0,2,0,0,0,2,0,0,0,0,0,0,0,0,0,0,0,2,0,0,0,0,0,0,0,0,0,2,0,0,0,2,0,0,0,2,0,0,0,0,2,0,0,0,0,0,2,0,0,0,2,0,0,0,0,0,2,0,0,0,2,0,0,0,0,0,0,0,0,0,0,0,2,2,0,0,0,0,0,0,0,0,0,0,0,0,0,0,0,0,0,2,0,0,0,2,2,0,0,0,0,2,0,0,0,0,0,0,0,0,0,0,0,0,0,0,0,0,0,0,0,0,0,0,0,0,0,0,0,0,0,0,0,2,2,0,0,0,0,0,0,0,0,0,0,0,0,0,0,0,2,0,0,2,0,0,0,0,2,2,0,0,0,2,0,2,0,2,0,0,0,0,0,0,0,2,0,0,0,0,0,0,0,0,0,0,2,0,2,0,0,0,0,2,0,0,0,0,2,2,0,0,2,0,0,0,0,2,0,0,2,0,0,0,0,0,0,2,0,0,0,0,0,2,0,0,0,0,0,0,0,0,0,0,2,0,2,2,0,2,0,0,0,0,0,0,0,0,0,0,0,0,0,0,0,0,0,0,2,0,2,0,2,0,0,0,0,0,0,0,2,0,0,2,0,0,0,2,2,0,0,0,0,0,2,0,0,0,0,0,0,0,0,0,0,0,0,0,0,0,0,0,2,0,0,0,0,0,0,0,0,0,2,0,0,0,0,0,0,2,0,0,0,0,0,0,0,0,2,2,0,0,0,0,2,0,0,2,0,0,2,0,0,0,0,2,0,2,0,2,2,0,0,2,0,2,2,2,2,0,2,0,2,0,0,0,0,0,0,0,0,2,0,0,0,0,0,0,0,0,0,0,2,0,0,0,0,0,0,2,0,0,0,0,0,0,2,0,0,2,0,0,0,0,0,0,0,0,2,0,0,0,0,0,2,2,0,0,0,0,0,0,0,2,0,0,0,2,0,0,2,0,0,2,0,0,0,2,2,0,2,0,2,2,0,0,0,0,0,2,0,2,0,2,2,0,2,0,0,0,0,0,0,0,0,0,0,0,0,2,0,0,0,0,2,2,0,0,0,2,0,0,2,0,0,0,0,0,0,2,0,0,0,0,0,0,2,0,2,0,0,0,2,0,NA,0,0,0,0,0,0,0,0,0,0,0,0,2,2,0,0,0,0,0,2,2,0,2,0,2,2,0,0,0,0,0,0,0,2,0,2,0,0,0,0,0,NA,0,2,0,0,0,2,2,0,0,0,0,0,2,0,0,2,0,0,2,2,2,0,0,0,0,0,0,0,0,0,2,2,0,0,2,0,0,0,2,0,0,2,0,0,0,0,0,0,0,0,2,2,0,0,2,0,0,0,0,2,0,0,0,0,2,0,0,0,0,0,0,0,0,2,0,0,0,0,0,0,0,2,0,0,2,0,0,0,0,0,0,0,0,0,0,0,0,0,0,0,0,0,0,0,0,2,0,0,0,0,0,0,0,0,0
"CC135",0,0,0,0,0,0,0,0,0,0,0,0,0,0,2,2,0,0,0,0,2,NA,0,0,2,0,0,0,2,2,0,0,0,0,2,0,2,0,0,0,2,2,2,2,2,0,0,0,0,0,2,2,0,2,0,0,0,0,0,0,0,0,2,2,0,2,0,2,0,2,0,0,0,2,0,0,0,0,0,2,0,2,0,0,0,0,0,0,0,0,0,2,0,0,0,2,0,0,0,0,0,0,0,2,2,2,0,NA,0,0,0,0,0,2,0,0,0,0,0,2,0,0,2,2,0,0,0,0,2,0,0,0,2,0,0,0,0,0,0,0,0,0,0,0,0,0,2,0,0,0,0,0,0,0,0,0,0,2,0,0,0,0,0,0,2,2,2,0,0,0,2,NA,0,0,0,0,0,0,0,2,2,0,0,0,0,0,0,0,2,2,0,0,0,0,0,0,2,0,0,0,0,2,0,0,2,0,0,2,0,0,0,2,0,0,0,0,0,0,2,0,0,0,0,2,0,0,0,2,0,2,0,0,2,0,0,0,0,0,0,0,2,0,0,0,2,0,0,0,2,0,0,0,2,0,0,0,2,2,2,0,0,0,0,0,0,0,0,0,0,0,0,0,0,2,0,0,0,0,0,0,0,0,0,2,2,0,0,0,0,0,0,0,0,0,2,0,0,2,0,0,0,0,0,2,0,0,0,2,0,0,0,0,0,2,0,0,0,2,0,0,0,0,0,0,0,0,0,0,0,0,0,2,2,0,0,0,0,0,2,0,0,0,0,0,0,0,0,0,0,0,0,0,0,0,0,0,0,0,0,0,0,0,0,0,0,0,0,0,0,0,0,0,0,0,0,0,0,0,0,0,2,0,0,0,0,0,2,2,0,0,0,0,0,0,0,0,0,0,0,0,0,0,2,0,0,0,0,0,0,2,0,0,2,0,0,0,0,2,0,0,0,0,0,0,0,0,0,0,0,0,0,0,2,0,2,0,0,0,2,0,2,0,0,0,0,2,0,0,0,0,0,0,2,0,0,0,2,0,0,0,0,2,2,0,0,0,0,2,0,0,0,2,0,0,0,0,0,2,0,0,0,0,0,2,0,2,0,0,2,2,0,0,2,0,0,0,0,0,0,2,0,0,0,0,0,0,0,0,2,2,0,2,0,0,2,0,0,0,0,2,2,0,0,0,0,0,0,0,0,0,0,0,2,0,0,0,0,0,0,0,2,0,0,2,0,2,0,0,0,0,2,0,0,0,0,0,0,0,0,0,0,0,0,0,0,0,0,0,0,0,0,2,0,0,0,0,0,0,0,2,0,2,0,0,0,0,0,0,0,2,0,2,0,0,0,0,0,0,0,0,0,0,0,0,0,0,0,0,0,0,0,0,2,0,0,0,0,0,0,0,0,0,2,0,NA,0,2,0,0,0,0,0,0,0,0,0,0,0,0,2,2,0,0,0,0,0,0,0,0,0,0,0,2,0,0,0,2,0,0,0,0,0,0,0,0,0,0,2,0,0,0,2,NA,2,0,0,0,2,2,0,0,0,0,0,0,0,0,2,0,0,0,0,0,2,0,0,2,2,2,0,0,2,0,0,2,2,2,0,2,0,0,2,0,0,0,0,2,2,2,0,0,NA,0,0,0,2,2,2,2,0,2,0,0,0,0,0,0,0,0,0,0,0,0,0,0,0,0,0,2,0,0,0,0,0,0,0,2,0,2,0,0,0,0,2,0,0,0,0,0,0,0,0,0,2,0,0,2,0,0,0,0,0,2,0,0,0,0,0,0,0,2,0,0,0,0,0,0,0,0,2,0,2,0,0,0,2,0,0,2,0,0,0,0,0,0,0,2,2,2,0,0,0,0,0,0,2,0,0,0,0,0,0,0,0,2,0,2,0,0,0,0,2,0,2,0,2,2,0,0,2,0,2,2,0,2,2,0,0,0,2,0,2,2,0,0,0,0,0,0,0,2,0,0,2,2,2,2,0,0,0,2,0,0,2,0,0,0,0,0,2,0,2,2,0,2,0,0,0,0,0,0,0,0,0,2,0,0,0,0,0,0,0,0,0,2,2,0,0,0,0,0,0,0,0,0,0,0,0,0,2,0,0,0,0,0,2,0,0,0,0,0,NA,2,0,0,0,0,0,0,0,0,0,0,0,2,2,2,0,0,0,0,0,2,0,0,2,0,0,0,0,0,0,2,0,0,0,0,0,2,2,0,0,0,0,2,0,0,0,0,0,0,2,2,0,2,0,2,0,0,0,2,0,0,0,0,0,0,0,0,0,0,0,0,0,0,0,2,2,0,0,0,0,2,0,2,0,2,0,0,0,0,2,0,0,0,2,0,0,2,2,2,2,0,0,2,2,0,0,0,0,2,0,0,0,2,0,0,2,2,2,0,2,NA,2,2,0,0,2,0,0,0,2,2,0,0,0,2,2,0,0,0,2,2,0,0,0,0,2,2,0,0,2,0,0,2,0,0,0,2,2,0,0,2,0,0,0,0,0,0,0,2,0,0,0,0,0,2,2,2,0,0,0,2,0,0,0,0,0,0,0,0,0,2,0,0,2,0,0,0,0,0,2,0,0,0,0,0,0,2,2,0,0,0,0,2,0,2,2,2,0,0,0,0,0,0,0,0,0,0,0,0,0,0,0,0,0,0,0,0,0,2,0,0,0,0,0,0,0,0,2,0,0,0,0,0,0,0,0,2,0,0,0,0,0,0,0,0,0,0,0,0,0,0,2,0,0,2,0,0,0,2,0,0,0,2,0,0,2,0,0,0,2,0,0,0,0,0,2,0,0,0,0,0,2,0,2,0,0,0,0,0,0,0,0,0,0,0,0,0,0,0,0,2,0,0,0,0,2,0,0,0,0,0,0,0,0,2,2,0,0,0,0,0,0,0,0,0,2,2,0,2,0,0,0,0,0,2,2,0,0,0,0,0,0,2,0,0,0,0,0,0,0,2,0,0,0,0,0,2,0,0,0,0,0,0,0,0,0,0,2,0,0,0,0,2,0,0,0,0,0,0,2,0,0,0,0,0,0,0,0,0,2,0,0,0,0,0,0,0,2,2,2,2,2,2,0,0,0,0,2,2,0,0,0,0,0,0,2,0,0,0,0,0,0,0,0,0,0,0,0,0,2,0,0,0,0,0,0,0,0,0,0,0,0,0,0,0,0,0,2,0,2,0,0,0,0,0,0,0,0,0,0,0,2,0,2,0,0,2,0,0,0,0,0,2,0,0,0,0,0,0,0,0,0,0,0,0,0,0,0,0,0,0,2,0,NA,0,0,0,0,0,0,0,0,2,0,0,0,0,2,2,0,0,0,0,0,0,0,0,0,0,0,2,0,2,0,0,0,0,0,0,0,2,0,2,0,0,0,2,0,0,0,2,2,2,0,0,0,0,0,0,2,0,0,2,2,2,2,0,0,2,0,2,2,0,0,0,0,0,0,0,0,2,0,2,0,0,0,0,0,0,0,0,0,2,0,0,0,0,2,2,0,0,0,0,2,2,0,0,0,0,0,0,0,0,2,2,0,0,0,0,0,0,0,0,0,0,0,0,0,0,2,0,0,0,0,0,0,0,0,0,0,0,2,2,2,2,0,0,0,0,2,0,2,0,0,2,2,0,0,0,0,0,0,2,0,0,0,0,0,0,2,2,0,0,0,0,0,0,0,0,2,2,0,0,0,0,0,2,0,0,0,0,0,0,2,2,0,0,0,0,2,0,0,0,0,0,0,0,2,0,0,0,0,0,2,2,0,0,0,2,0,0,2,0,2,2,0,0,2,0,0,0,2,0,2,0,0,0,0,2,0,0,0,0,2,2,0,0,0,0,0,0,0,0,2,0,2,2,0,0,0,0,0,0,0,0,0,2,0,0,2,0,0,2,0,0,0,2,2,2,0,2,0,2,0,0,2,0,0,0,0,2,0,0,0,0,0,0,2,0,2,2,0,0,0,0,2,0,0,0,0,0,0,0,0,2,0,2,2,0,0,2,0,0,0,0,2,0,0,0,0,2,0,2,2,0,0,2,0,0,0,2,2,0,2,0,0,0,2,0,0,0,0,2,0,2,2,2,0,0,0,2,2,0,2,0,0,2,2,0,2,2,0,0,2,0,0,0,0,0,2,0,2,0,0,0,0,0,0,2,0,0,0,0,0,2,0,0,0,2,0,0,2,0,2,0,0,2,0,0,0,0,0,0,2,0,0,2,0,0,0,0,0,0,0,2,0,0,2,0,0,0,0,2,0,0,0,0,0,0,0,0,2,2,0,0,0,0,0,2,0,0,0,0,0,0,0,2,2,2,0,0,0,0,0,0,0,0,2,0,0,0,0,0,2,2,0,2,0,0,0,2,0,0,0,0,0,0,0,2,2,0,0,0,0,2,0,0,0,2,0,0,0,0,0,0,0,0,0,0,0,0,0,0,0,0,0,0,2,0,2,0,0,0,2,0,0,0,2,0,0,0,0,0,0,0,0,0,0,2,0,0,0,0,0,0,NA,0,0,0,0,2,0,0,0,2,0,0,0,2,2,0,0,0,0,0,0,0,0,0,0,0,0,0,0,0,0,0,2,2,2,0,2,0,0,0,0,0,0,0,0,0,0,2,0,2,0,0,0,0,0,0,0,0,0,0,0,0,0,0,0,2,0,2,0,0,0,0,0,2,0,0,0,0,0,0,2,0,0,0,0,0,0,0,0,0,2,0,0,2,0,0,0,0,0,0,0,0,0,0,2,0,0,2,0,2,0,2,0,0,0,0,0,0,0,0,0,0,0,0,0,2,0,0,0,0,0,0,0,0,0,0,0,2,0,2,0,2,0,0,0,0,2,2,2,0,0,0,0,0,0,0,0,0,0,0,0,0,0,2,0,2,0,0,0,0,0,0,0,0,2,0,0,0,2,0,0,0,2,0,2,0,0,0,0,0,2,0,0,0,0,0,0,0,0,0,0,0,0,0,0,2,2,0,0,0,0,0,0,0,0,2,0,0,0,0,0,0,2,0,0,0,2,0,2,0,2,0,2,0,0,0,0,0,2,0,0,2,0,0,0,0,0,0,0,0,0,0,0,0,0,0,0,0,2,0,0,0,0,0,0,0,0,0,0,2,0,0,0,0,0,0,0,0,0,0,2,0,2,0,2,0,2,0,NA,NA,0,2,0,0,0,0,2,0,0,0,0,0,0,0,0,2,0,0,0,0,0,0,0,0,0,0,2,0,0,0,0,0,0,0,0,0,0,0,0,0,0,0,0,0,0,0,0,0,0,0,0,0,0,0,0,0,0,0,0,2,2,0,0,0,0,0,2,0,0,0,0,0,0,0,0,0,0,0,0,0,0,0,2,0,2,0,2,NA,0,0,0,2,0,0,0,0,0,2,2,0,0,0,0,0,0,0,0,2,0,2,0,0,0,0,0,0,0,0,0,0,0,0,0,0,0,0,0,0,0,0,2,0,0,2,0,0,2,0,2,0,0,0,0,0,0,0,0,0,0,0,0,0,0,0,0,0,2,0,2,2,0,0,0,0,2,0,0,0,0,0,0,2,0,0,2,0,0,0,0,2,0,2,0,2,0,0,0,0,0,0,0,0,0,0,0,2,0,0,0,0,0,0,0,0,0,2,2,0,2,0,0,0,2,0,2,0,0,2,0,2,0,0,0,0,0,0,0,0,2,0,0,0,2,2,2,0,0,0,0,0,2,0,0,0,2,2,2,0,2,0,0,0,2,0,0,0,0,0,2,0,0,2,0,2,0,0,0,2,0,0,0,0,0,0,0,0,0,0,0,0,0,0,0,0,0,0,2,0,0,2,2,0,0,0,0,0,0,0,0,0,0,0,0,0,0,0,0,0,0,0,0,0,0,2,0,0,2,0,0,2,0,0,2,2,0,0,2,0,2,0,0,0,0,0,0,0,0,0,0,0,0,0,2,2,2,0,0,0,0,0,0,0,0,0,0,2,0,0,0,0,0,0,2,0,2,0,2,0,2,0,2,0,0,0,0,0,0,0,0,0,0,0,0,2,0,0,0,0,0,0,0,0,2,0,0,2,0,0,0,0,0,0,0,2,2,0,2,0,0,0,0,0,0,0,0,0,0,0,0,0,0,2,2,0,0,0,0,0,0,0,0,0,0,0,2,0,0,0,0,0,0,0,0,0,0,0,0,0,0,0,0,0,0,0,0,0,0,0,0,0,0,0,2,0,0,0,0,0,0,0,0,0,2,0,0,0,0,0,0,0,0,0,0,0,2,0,0,2,0,0,0,0,0,0,0,2,0,0,0,0,0,0,0,2,0,0,2,2,0,0,0,2,2,2,2,0,2,0,0,0,2,0,2,2,0,0,0,0,0,0,0,0,0,0,0,2,2,2,0,2,0,0,0,0,0,0,0,0,0,0,2,0,2,0,0,0,0,0,2,0,0,0,0,2,0,0,2,0,0,0,2,0,0,0,0,0,0,2,0,0,0,0,0,0,0,0,0,0,0,0,0,0,0,0,0,0,0,0,2,2,0,0,0,0,0,0,0,0,0,0,0,0,2,0,0,2,2,2,0,0,2,0,0,0,0,0,0,0,0,0,0,0,0,0,0,2,0,0,0,0,0,0,2,0,0,0,2,0,0,0,0,0,0,0,0,0,0,0,0,0,0,2,0,0,2,0,2,0,0,0,0,0,0,0,0,0,0,0,0,2,0,0,0,2,0,0,2,0,0,0,0,0,0,0,0,0,0,0,2,0,2,2,0,0,0,0,2,0,0,0,2,2,0,2,0,0,0,0,0,0,0,0,0,2,2,0,0,0,0,0,0,0,0,0,2,0,0,0,0,0,0,0,0,0,0,0,0,2,2,0,0,0,2,0,0,2,0,2,0,0,0,0,0,0,0,0,0,0,0,0,0,0,0,0,2,2,0,0,0,0,0,0,0,2,0,0,0,0,0,0,0,0,0,0,0,0,0,0,0,0,0,0,2,0,0,0,0,0,0,0,0,0,0,0,2,0,0,0,0,0,0,0,0,2,2,2,0,0,0,0,0,0,0,0,0,0,0,2,0,2,0,0,0,0,0,0,0,0,0,0,0,0,0,2,0,0,0,2,0,0,0,0,0,0,0,0,0,0,2,2,2,0,2,0,2,0,0,2,0,0,0,0,2,0,0,0,0,0,0,0,2,0,0,0,0,0,0,0,2,0,0,2,0,0,0,0,0,0,0,0,0,2,0,0,2,0,0,0,0,0,2,0,2,0,2,0,0,2,0,0,0,0,2,2,0,0,0,0,2,0,0,0,0,0,0,0,0,0,0,0,0,2,0,0,2,0,0,0,0,2,0,2,2,2,2,0,0,0,0,0,2,0,2,2,2,0,0,0,0,0,2,0,NA,0,2,2,0,2,2,0,0,0,2,0,2,0,0,0,2,2,0,0,0,2,0,0,0,0,0,0,0,0,0,0,0,0,0,0,0,NA,0,0,0,2,0,2,0,0,0,0,0,2,0,0,0,0,0,0,0,0,2,2,0,0,0,0,2,0,0,2,0,0,0,0,0,0,0,0,0,0,0,0,0,0,0,0,0,0,0,0,0,2,0,0,0,0,0,0,0,0,0,0,0,0,0,0,0,0,0,2,0,0,0,0,2,0,2,0,0,2,2,0,0,0,0,2,2,0,0,0,0,0,0,0,0,0,0,0,0,0,0,0,2,0,0,0,2,2,2,0,0,0,0,0,0,0,0,0,2,2,0,0,0,0,2,0,0,0,2,0,2,0,0,0,2,2,0,2,2,0,0,0,0,0,2,0,2,0,0,0,2,2,2,0,0,2,2,0,0,0,2,2,0,0,0,2,0,0,0,0,0,0,0,0,0,0,0,0,0,0,0,0,0,0,0,0,0,0,0,0,0,0,0,0,0,0,0,0,2,2,2,0,0,0,0,0,2,0,0,0,2,2,0,0,0,0,0,0,0,0,0,0,0,0,2,0,0,0,0,0,2,0,0,2,0,0,0,0,0,2,0,2,0,0,0,0,0,0,2,0,0,0,0,0,0,0,2,0,2,0,0,2,0,0,0,0,0,0,0,2,0,0,0,2,0,2,0,0,0,0,2,2,0,0,2,2,0,2,0,2,0,0,0,0,0,0,2,2,0,0,0,0,2,0,2,0,0,0,0,0,2,0,0,0,0,0,0,0,0,0,0,0,0,0,2,0,2,0,2,2,0,0,0,0,0,0,0,0,0,0,0,0,2,2,0,0,2,2,0,2,0,0,0,0,2,0,0,0,0,0,0,0,0,0,0,0,0,0,0,0,0,0,2,0,0,0,0,0,0,0,2,0,0,0,0,0,0,0,0,0,0,0,0,0,0,0,0,0,0,0,0,0,2,0,0,0,0,0,0,0,2,0,2,0,0,0,0,2,0,0,2,0,0,0,0,2,0,0,0,0,0,0,0,2,2,0,0,0,0,0,0,0,0,0,0,0,0,0,0,0,0,0,0,2,0,0,0,0,0,0,0,0,0,0,0,0,0,0,0,0,0,0,2,0,2,0,0,2,0,0,0,0,0,0,0,0,0,0,0,2,0,2,0,0,0,2,0,0,2,0,0,0,0,0,0,2,0,0,0,2,0,0,0,2,0,0,0,0,2,0,0,0,0,0,2,0,2,0,0,2,0,0,2,2,0,2,0,0,2,0,0,0,0,2,2,0,0,0,0,0,2,0,0,0,0,0,0,0,0,2,0,0,2,0,0,2,0,2,2,2,0,0,2,0,0,2,0,0,2,0,0,0,0,0,0,2,0,2,2,0,0,0,0,0,0,0,2,0,0,0,0,0,0,0,0,0,2,2,0,0,0,0,0,2,0,0,0,0,2,0,0,0,0,0,2,2,0,2,2,0,0,0,0,0,0,0,0,0,0,0,0,0,0,0,0,0,0,0,0,0,0,0,0,0,0,0,0,0,0,0,0,0,0,0,0,0,0,0,0,0,2,0,0,0,0,0,2,0,0,0,0,0,0,0,0,0,0,2,0,0,0,0,2,0,2,0,2,0,0,0,0,0,0,2,0,0,0,0,2,0,0,0,0,0,2,0,0,0,0,0,0,0,0,2,0,0,0,2,0,0,0,0,0,2,0,0,0,2,0,0,0,0,2,2,2,0,0,2,0,2,0,0,0,2,0,0,0,0,0,0,0,0,0,0,0,0,0,0,0,0,0,0,2,NA,0,0,0,0,0,2,0,0,0,2,0,0,0,0,0,0,0,0,0,0,0,0,2,2,0,0,2,0,2,2,0,0,0,0,0,2,0,0,0,2,0,0,2,0,0,2,0,0,2,0,0,0,0,0,2,0,0,2,0,0,0,2,0,0,0,0,0,0,0,2,2,2,2,0,0,0,0,2,0,0,2,0,0,0,2,2,0,0,2,2,2,0,0,2,0,0,0,0,0,0,0,0,0,0,0,2,0,0,0,2,0,0,0,0,0,0,2,0,0,0,0,0,0,0,2,2,0,2,0,0,0,0,2,2,0,2,0,0,0,2,2,0,0,0,0,0,0,2,0,0,0,0,0,0,0,0,0,2,2,0,0,0,2,0,0,0,0,0,0,0,0,0,2,2,0,0,0,0,0,0,0,0,0,0,0,0,0,0,2,0,0,0,0,0,0,0,0,0,2,0,0,0,0,0,0,0,2,0,0,0,0,0,0,0,0,0,0,2,0,0,0,0,0,2,0,0,0,0,0,0,0,2,0,2,0,2,0,0,2,0,2,0,0,2,0,0,0,2,2,0,2,2,2,0,0,0,0,0,0,2,0,0,0,0,0,0,0,0,0,0,0,0,0,0,0,0,0,0,0,0,0,0,0,0,2,0,0,0,0,0,0,2,0,0,0,0,2,0,2,0,0,0,2,2,0,0,0,0,0,0,2,0,0,0,2,0,0,0,0,0,0,0,0,0,2,2,0,2,0,0,0,0,0,0,0,0,2,2,0,0,0,0,2,0,0,0,0,0,0,0,0,0,0,0,0,2,0,2,0,2,2,0,0,0,0,0,0,0,0,0,0,0,0,2,0,0,0,0,0,0,0,2,0,2,0,0,2,0,0,0,0,0,0,0,0,0,0,0,0,0,0,0,2,0,0,2,0,0,2,0,0,0,2,0,0,0,2,0,0,2,0,0,0,0,0,0,0,0,0,0,0,0,0,0,0,0,0,0,2,0,0,0,2,0,0,0,0,0,2,0,0,0,0,0,0,0,0,2,0,0,0,0,0,0,0,0,0,0,0,2,0,0,0,0,0,2,0,2,0,0,0,0,0,2,0,0,0,2,0,2,0,0,2,0,0,0,0,2,0,0,0,0,0,0,0,0,0,0,2,0,0,0,2,0,0,0,0,0,2,0,0,0,2,2,0,0,0,0,0,2,0,0,2,0,2,0,2,0,2,0,0,0,0,0,0,0,2,0,2,0,2,0,0,0,0,0,0,2,0,0,0,0,2,0,0,0,NA,0,0,0,0,0,0,0,2,0,0,0,0,0,0,0,0,0,0,0,0,0,0,0,0,0,0,0,0,0,0,0,0,0,0,0,0,2,0,2,0,0,0,0,0,0,0,2,0,2,2,0,0,2,0,0,0,0,0,0,2,0,2,2,0,NA,2,2,0,0,0,0,0,2,2,0,0,0,0,0,0,0,2,0,0,2,0,0,0,0,0,0,0,2,0,0,0,0,0,0,0,2,0,0,0,0,2,0,0,2,0,0,0,0,0,0,0,0,0,2,0,2,0,0,2,0,0,0,0,0,0,0,0,0,0,0,0,0,0,2,0,0,2,0,0,0,0,0,0,0,0,0,0,0,0,0,0,0,2,2,0,0,0,2,0,0,0,0,0,2,0,0,0,0,0,0,0,0,0,0,0,0,2,2,0,0,0,0,0,0,0,2,2,0,0,0,0,0,2,0,0,0,0,0,0,0,0,0,0,0,0,0,0,0,0,2,0,0,2,0,0,0,0,0,0,0,2,0,0,0,0,2,0,0,0,2,0,2,2,2,0,0,0,0,0,0,0,0,0,0,0,0,2,0,2,2,0,0,0,0,0,0,0,NA,0,0,0,0,0,0,2,0,2,0,0,0,0,0,0,2,0,0,0,2,0,0,0,0,0,0,0,2,0,0,2,2,2,0,0,0,0,0,2,0,0,0,0,0,0,2,0,0,0,2,0,0,0,2,0,0,0,2,0,2,0,0,2,0,0,0,0,0,0,0,2,0,0,0,0,2,0,0,0,2,0,0,0,0,0,2,2,2,0,0,0,0,0,0,2,0,0,0,0,0,0,0,2,0,0,0,2,0,0,0,0,2,0,0,0,0,0,0,0,2,0,0,0,0,0,0,0,0,0,0,0,0,0,0,0,0,0,2,0,2,0,0,0,2,0,2,0,NA,0,0,0,0,0,0,0,0,0,2,0,0,0,0,0,0,2,0,0,0,0,0,0,0,0,0,0,0,0,0,0,0,0,0,0,0,0,0,0,0,0,0,2,0,0,0,2,0,0,0,0,0,0,0,2,0,0,0,0,0,0,0,0,0,0,0,0,2,0,0,2,0,0,0,0,0,0,0,0,0,2,2,0,2,0,0,0,0,0,0,0,2,0,0,0,2,0,0,0,2,0,0,0,0,0,0,0,0,0,0,2,0,2,0,0,0,2,0,0,2,0,0,0,0,0,0,2,0,0,0,0,0,0,0,0,0
"CC136",0,0,0,0,0,0,0,0,0,0,0,2,0,0,2,0,2,2,0,0,2,NA,0,0,2,0,2,0,2,0,0,0,0,0,2,0,2,0,0,0,2,2,0,0,0,0,0,0,0,0,2,0,0,0,0,0,2,0,0,2,0,0,0,0,2,0,0,0,0,0,0,0,0,0,0,0,2,0,0,2,0,0,2,0,0,0,0,0,0,2,0,0,0,0,0,2,2,0,0,0,0,0,0,2,2,0,0,0,0,0,0,0,2,0,0,0,0,0,2,0,0,2,2,0,0,2,0,0,2,0,0,2,2,2,0,2,0,0,0,0,2,0,0,0,0,0,0,2,0,0,2,0,0,0,0,0,2,0,0,0,0,0,0,0,0,0,0,0,2,0,2,0,0,0,0,0,2,2,0,2,0,0,2,0,2,0,0,0,2,2,0,0,2,0,0,0,0,0,0,0,0,2,0,0,2,0,0,0,0,0,0,0,0,0,0,0,0,0,2,0,0,0,0,0,0,0,0,0,0,0,0,0,0,2,0,2,0,0,0,0,0,0,0,0,0,0,0,0,0,0,0,0,0,2,0,0,0,2,2,0,0,2,0,0,0,0,2,0,0,0,0,0,0,2,0,0,0,0,0,0,0,0,0,0,2,0,0,0,0,0,0,0,0,2,2,0,0,0,0,0,2,2,0,2,0,0,0,2,0,2,0,0,0,0,2,0,0,2,2,0,0,0,0,0,2,0,2,0,0,0,0,2,0,2,2,0,0,2,0,0,0,0,0,0,0,2,2,0,2,2,0,0,0,0,0,0,0,0,0,2,0,2,0,2,0,0,0,2,0,2,0,0,NA,0,0,0,0,0,2,0,2,0,0,0,0,0,2,0,2,0,0,2,0,0,0,0,0,0,0,0,0,0,2,0,2,0,2,0,0,2,0,2,2,0,2,0,0,2,0,0,0,0,0,0,0,0,0,0,0,0,0,0,2,0,0,0,0,2,2,2,2,0,0,0,0,2,0,2,2,0,0,2,2,2,0,0,2,2,0,2,0,2,0,0,0,0,0,0,0,0,0,2,0,0,0,2,0,2,2,2,0,0,0,2,0,2,2,0,2,0,0,0,0,2,0,0,0,2,0,2,0,0,2,0,0,2,0,0,0,2,0,0,2,0,2,2,0,0,0,2,2,0,0,0,0,0,0,0,0,0,0,0,2,0,0,2,0,0,0,0,2,0,0,2,0,0,2,2,0,0,2,0,0,0,2,0,0,2,0,2,0,2,0,0,2,0,0,0,2,0,0,2,0,0,2,0,0,0,2,2,2,0,0,0,0,0,0,0,0,2,0,2,2,0,0,0,0,2,0,0,0,2,0,2,0,0,2,2,0,0,0,0,2,0,0,2,0,2,0,0,0,0,2,0,NA,0,2,0,2,0,2,0,0,2,0,0,0,0,0,0,2,0,0,0,2,0,0,0,0,0,0,0,2,0,0,0,2,0,2,0,0,2,0,2,2,0,2,0,0,0,0,0,0,2,0,0,0,0,0,0,0,0,0,0,0,0,0,0,0,0,2,0,0,0,2,0,2,2,2,2,0,2,0,0,0,0,0,0,2,0,0,0,0,0,0,2,0,0,2,0,0,0,0,0,0,0,0,2,0,0,2,0,0,0,0,0,0,0,0,0,0,0,0,0,0,0,0,2,0,0,0,0,0,2,2,0,0,0,2,0,0,0,0,0,0,2,0,0,0,0,0,0,2,0,0,0,0,0,0,0,0,0,2,0,2,0,0,2,2,2,0,0,0,0,0,0,0,0,0,0,0,0,0,0,0,0,0,2,0,0,0,0,2,0,0,0,2,0,0,2,0,0,2,0,0,0,0,0,0,0,2,0,2,2,0,0,0,2,2,2,0,0,0,2,0,0,0,0,0,0,2,0,0,0,0,0,0,0,0,2,0,0,2,0,2,0,0,2,0,0,2,0,0,0,0,0,2,0,0,0,0,0,0,0,0,0,0,2,2,2,0,2,0,0,0,0,0,0,0,0,0,0,2,0,2,0,2,0,0,0,0,0,2,0,0,0,0,2,0,0,0,2,2,2,0,0,2,0,0,2,0,2,0,2,0,2,0,0,0,0,0,2,0,0,0,0,0,0,2,0,2,2,0,0,0,0,2,0,2,0,0,0,0,0,0,0,0,0,0,2,0,0,0,0,0,0,0,0,2,2,0,0,0,0,2,0,0,0,0,0,2,0,0,2,0,0,0,0,0,0,0,0,0,0,0,0,0,2,0,2,0,0,0,0,0,0,0,2,0,0,0,0,2,0,2,0,2,0,2,0,0,2,0,0,2,2,0,0,0,0,0,0,0,0,0,0,2,0,0,0,0,0,0,0,2,2,0,0,2,0,0,0,0,2,2,0,0,2,0,0,0,2,0,0,0,2,0,0,2,0,2,2,0,0,0,0,0,2,0,0,2,2,2,0,0,0,0,0,2,2,0,2,2,0,0,0,NA,0,0,2,2,2,0,0,0,2,0,2,2,0,0,2,0,2,0,NA,0,0,0,0,0,0,2,2,0,0,2,2,0,0,2,0,0,0,0,0,0,0,2,2,0,2,0,2,2,0,0,0,0,2,2,2,0,0,0,2,0,0,2,2,0,0,0,0,0,0,0,0,0,0,2,0,0,0,0,0,0,0,2,0,0,0,0,0,0,0,0,0,0,2,0,2,0,0,0,2,0,0,0,0,0,0,2,0,0,0,2,0,0,2,2,0,0,2,0,0,2,2,0,0,0,0,0,2,0,0,0,0,0,0,2,0,0,0,0,0,2,0,0,0,0,0,0,2,2,0,0,0,0,0,0,0,0,0,2,2,0,2,0,2,0,0,2,0,0,0,0,0,0,0,0,0,2,0,2,2,0,0,0,2,0,2,2,0,0,2,0,0,0,0,0,0,0,0,2,0,2,0,0,0,0,0,2,0,0,0,0,0,0,2,0,0,2,0,0,0,0,0,0,0,0,0,0,0,0,0,0,0,2,2,2,0,0,2,0,0,2,0,0,0,2,0,0,0,0,0,0,0,0,0,0,0,0,0,0,0,0,0,0,0,0,2,0,0,2,0,2,0,0,0,0,0,0,0,0,0,0,0,0,0,0,0,0,0,0,0,0,2,0,0,0,0,0,0,0,0,2,0,0,0,0,0,2,0,2,0,0,0,0,0,2,0,0,0,0,2,0,0,2,0,0,2,2,0,2,0,0,0,0,0,0,0,0,0,0,0,0,0,0,2,0,0,0,2,0,0,0,0,0,0,0,2,0,0,0,0,0,0,0,2,0,0,0,0,2,0,2,0,2,0,0,2,0,0,2,0,0,0,0,0,2,0,0,0,0,2,0,2,2,0,2,2,0,0,2,0,2,2,0,0,0,0,0,2,0,2,2,2,0,0,2,0,0,0,0,2,0,0,0,0,0,0,0,0,0,0,0,0,0,0,0,0,0,0,2,2,0,0,0,0,2,2,0,0,0,0,0,0,0,0,2,0,0,2,2,2,0,2,0,0,0,0,2,0,0,0,0,0,2,0,0,2,2,0,2,2,0,0,0,2,0,2,0,0,0,0,0,0,0,0,2,0,0,2,0,0,2,2,0,2,2,0,2,0,0,0,0,0,0,2,0,2,0,0,0,0,2,0,0,0,0,0,2,2,0,0,0,0,0,0,0,2,0,0,2,2,2,0,0,0,0,0,2,0,0,0,0,2,0,2,0,0,0,0,0,2,0,0,0,0,2,0,0,0,0,0,2,0,0,0,0,0,0,2,0,0,0,0,0,0,0,0,0,0,0,0,0,0,0,0,0,0,0,0,0,0,0,2,0,0,0,0,0,0,2,0,0,0,0,0,0,0,NA,0,0,0,2,0,0,0,0,0,0,0,0,2,0,0,0,0,0,0,2,0,0,2,0,0,0,0,0,0,0,0,0,0,0,0,0,0,0,0,0,0,0,0,0,0,0,0,0,0,0,0,0,0,0,0,0,0,0,0,0,0,0,0,0,0,2,0,0,0,2,0,0,2,0,0,0,0,0,0,0,0,2,0,2,0,0,0,0,0,2,0,0,2,0,0,0,0,0,0,0,0,0,0,0,0,0,0,0,2,0,0,0,0,0,2,2,0,0,0,0,0,2,0,0,0,0,0,0,0,0,0,2,0,0,0,2,0,0,0,0,0,2,0,0,0,0,2,0,0,0,0,0,0,0,0,0,2,0,2,0,0,0,0,0,0,0,2,2,0,0,0,0,0,0,0,0,0,2,0,0,2,2,0,0,2,0,2,0,0,0,0,0,0,0,0,0,2,0,2,0,0,0,0,2,0,2,0,0,0,0,0,0,0,0,2,0,0,2,0,0,0,0,0,0,2,0,0,0,0,0,0,0,0,0,0,0,0,0,0,0,0,0,2,0,0,0,2,0,0,0,2,2,2,0,0,0,2,0,0,0,0,2,0,0,0,0,0,0,0,0,0,0,0,0,0,2,0,0,2,0,0,0,0,2,0,2,0,2,0,0,0,0,0,0,0,0,0,2,0,0,0,0,0,2,2,0,2,2,2,0,2,0,0,0,0,0,0,0,0,2,0,2,0,0,0,0,0,0,0,0,2,2,0,0,0,0,0,0,0,2,0,0,0,0,0,0,0,0,0,0,2,0,0,2,2,0,0,0,2,2,2,0,2,2,0,0,2,2,0,2,0,0,2,2,0,0,2,0,0,2,0,0,0,0,0,0,0,0,2,0,0,0,0,0,0,2,0,0,0,0,0,0,2,2,0,0,0,0,0,0,NA,2,0,2,0,2,0,0,0,0,NA,2,0,0,0,0,0,0,0,0,0,0,0,0,0,0,0,0,0,2,0,0,0,2,0,0,0,0,0,0,0,0,0,2,0,0,0,0,0,2,0,0,2,0,0,0,2,0,2,2,2,2,0,0,0,2,0,0,0,0,2,0,0,2,0,0,0,0,0,0,0,0,0,2,0,2,2,0,0,0,0,2,2,0,2,0,2,0,0,0,0,0,2,0,0,0,0,0,0,0,0,0,0,0,0,0,0,0,0,0,2,0,0,0,0,0,0,0,0,0,0,0,0,0,0,2,0,2,0,0,0,0,0,0,0,0,2,2,0,0,2,0,0,0,0,2,2,0,0,0,0,0,2,0,0,0,0,0,2,0,0,0,0,0,0,0,0,0,0,0,0,2,0,0,0,2,0,2,0,0,0,0,0,0,0,0,0,0,0,0,0,0,0,0,0,2,0,0,2,0,0,0,0,0,2,0,0,0,0,0,2,0,0,2,NA,0,0,0,0,0,0,0,0,0,0,0,0,0,0,2,0,2,0,0,2,2,2,0,2,0,0,0,0,0,0,2,0,0,0,0,0,0,0,0,0,0,0,2,0,2,0,2,2,0,0,0,0,0,0,0,0,2,2,0,0,0,0,0,0,0,2,0,0,0,0,0,0,0,2,0,0,0,0,0,0,0,0,0,0,2,0,0,0,0,0,0,0,0,0,0,0,0,2,0,2,2,0,0,0,0,2,2,0,0,0,0,2,0,2,0,2,0,0,2,0,0,0,0,2,0,0,0,0,0,0,0,0,0,0,0,0,0,0,0,0,2,0,2,0,0,0,0,2,0,0,0,0,0,0,0,2,0,0,0,0,0,0,0,0,0,0,0,0,2,0,2,0,0,0,0,0,0,0,0,2,0,0,0,0,0,0,0,0,0,0,0,0,0,2,0,0,2,0,2,0,0,0,0,0,2,0,0,0,2,0,0,0,0,0,0,0,0,0,0,0,0,2,0,0,0,0,2,0,0,2,2,0,0,0,0,0,2,0,0,0,0,0,0,0,0,0,0,0,0,0,0,0,2,0,0,0,0,0,0,0,0,0,0,0,2,0,0,0,0,0,0,0,2,2,0,0,0,0,0,0,0,0,0,0,2,0,0,0,0,0,0,2,2,0,0,0,2,NA,0,2,0,0,0,2,2,0,0,0,2,2,0,2,0,0,0,2,2,2,0,2,0,0,0,0,2,0,0,0,0,0,2,2,2,2,2,0,0,2,0,0,0,0,2,0,0,2,0,0,2,0,2,2,2,0,2,0,0,0,0,0,0,0,2,0,0,0,0,0,2,2,0,0,NA,0,0,2,2,0,0,2,0,0,0,0,0,2,0,0,0,0,0,0,0,0,0,0,0,0,2,2,0,0,0,0,2,0,0,2,2,2,2,2,0,0,0,0,0,2,0,0,2,2,2,0,0,2,2,0,0,0,0,0,0,0,0,0,0,0,2,0,0,0,0,0,0,2,0,2,0,2,0,2,0,0,2,0,0,0,0,0,0,0,2,0,2,0,0,0,2,0,0,2,0,0,0,0,0,0,0,0,0,2,2,0,0,0,0,0,0,0,0,2,2,0,0,0,2,0,0,2,0,2,2,0,2,0,2,0,0,2,0,0,0,0,0,0,0,0,0,2,0,2,2,0,0,0,0,0,0,0,0,2,0,0,2,0,0,0,0,0,2,0,2,2,0,2,0,0,0,0,0,0,0,0,2,0,2,0,0,0,0,0,0,0,0,0,0,2,0,0,0,0,0,0,0,0,0,0,2,2,0,0,0,0,0,0,0,2,0,2,2,0,0,2,0,2,0,0,0,2,2,0,2,2,0,2,2,0,0,0,0,0,2,2,0,0,0,2,0,0,2,0,0,0,0,0,0,0,0,2,2,0,0,0,0,NA,0,2,0,0,2,0,2,0,0,0,0,2,0,0,0,0,2,2,0,0,0,0,0,0,0,0,0,2,0,0,0,0,0,0,0,0,0,0,2,0,0,2,0,0,0,2,0,2,0,0,0,0,0,0,2,0,0,0,0,0,2,0,0,0,2,0,0,0,0,0,2,0,0,0,0,0,2,2,0,NA,0,0,2,0,2,0,0,0,0,0,0,0,0,0,0,0,0,0,2,0,2,0,0,0,2,2,2,0,0,2,2,0,0,2,0,0,2,2,0,0,0,2,0,2,0,0,0,0,2,0,0,0,0,0,0,0,0,0,0,0,0,0,0,0,0,0,2,0,0,0,2,0,0,0,2,0,0,2,0,0,0,0,0,2,0,2,2,2,0,0,0,0,0,0,0,0,0,2,0,0,0,0,0,2,0,0,2,2,0,0,0,2,2,2,0,0,2,0,2,0,2,0,2,2,0,0,0,0,0,2,2,2,2,0,2,0,2,0,2,0,0,0,2,2,0,2,2,0,0,0,0,2,0,0,2,0,2,2,2,0,2,0,0,0,2,0,2,NA,0,0,2,0,0,0,2,2,0,0,0,2,0,0,2,0,0,0,0,0,0,2,0,0,0,0,2,2,0,0,0,0,0,2,0,0,2,2,0,0,2,0,0,2,2,0,0,0,2,0,2,2,0,0,2,2,2,0,0,2,2,2,0,0,0,0,0,0,2,0,0,0,0,0,0,0,0,0,0,2,0,0,0,0,0,0,0,0,0,2,0,0,0,0,2,0,0,0,0,0,0,0,0,2,0,0,0,0,0,0,0,0,0,0,0,0,0,0,0,0,0,0,0,2,0,0,0,0,0,0,0,0,0,0,0,0,0,0,0,2,0,2,0,0,2,0,0,2,0,0,0,0,2,0,2,0,0,2,0,0,0,0,0,0,0,0,0,0,2,0,0,0,0,2,0,0,0,0,0,0,0,0,0,0,2,0,0,0,0,0,0,0,2,0,0,0,0,0,0,0,0,0,0,0,0,0,2,0,0,0,2,2,0,0,0,2,2,2,0,0,0,0,2,0,0,0,0,0,0,0,0,0,0,0,0,0,2,0,0,2,2,0,0,2,0,0,0,0,2,0,2,2,0,0,0,0,0,0,0,2,0,0,2,2,0,2,NA,2,2,2,0,0,0,0,0,0,0,0,0,0,0,0,0,0,0,0,0,0,2,0,0,0,0,0,0,0,0,0,0,0,2,0,0,0,0,0,2,0,0,0,2,0,0,0,0,0,2,0,0,0,0,0,0,0,0,0,0,0,0,0,0,0,0,0,0,0,0,0,0,0,0,2,0,0,0,0,0,0,0,0,0,0,0,0,0,0,0,0,0,0,0,0,0,0,0,0,2,0,0,0,0,0,0,0,0,0,0,0,0,0,0,2,0,0,0,0,0,0,0,0,0,2,0,2,0,2,0,2,2,0,0,0,0,0,2,0,0,0,2,2,0,2,2,0,0,0,2,0,2,2,0,2,NA,2,0,0,0,0,0,0,0,0,2,2,0,0,0,0,0,2,NA,0,2,0,2,0,0,0,0,2,2,0,2,NA,0,0,0,2,0,2,2,0,0,0,0,0,0,2,0,0,0,0,2,0,0,0,2,0,2,0,0,0,2,2,0,2,0,0,0,0,0,0,0,0,2,0,2,0,0,2,0,0,0,2,0,0,0,0,0,0,2,0,0,0,0,0,0,0,2,0,0,0,2,0,0,0,2,0,0,2,0,0,0,2,0,0,0,2,0,2,0,0,2,0,0,0,0,0,0,2,0,0,0,0,2,0,0,0,2,0,0,0,0,2,0,0,0,0,2,0,0,0,0,0,0,0,2,0,2,0,0,2,0,0,0,0,0,0,2,0,0,0,0,0,0,0,0,2,0,0,2,0,2,2,0,0,0,0,0,2,0,0,0,0,0,0,2,2,0,0,0,0,0,0,2,0,2,0,0,0,0,2,2,0,2,0,0,2,0,0,2,0,0,2,0,2,0,2,0,0,2,0,0,2,2,0,0,0,0,0,0,0,0,0,0,0,2,0,2,2,0,2,0,0,2,0,0,0,2,0,0,0,0,0,0,0,0,0,0,2,2,0,2,2,0,0,0,0,2,2,0,2,0,0,0,0,0,0,0,0,0,0,0,0,0,0,2,0,0,0,0,0,0,2,0,0,0,0,0,0,2,2,2,2,0,2,0,2,2,2,0,0,0,0,2,0,2,2,0,0,0,0,2,0,0,0,0,0,2,0,0,2,2,0,0,2,2,0,0,2,0,0,0,2,0,0,0,0,0,0,2,0,0,2,0,0,2,0,0,0,0,0,0,0,0,0,0,0,0,0,2,2,0,2,0,0,0,0,0,0,0,0,0,0,0,0,2,0,0,0,2,2,0,0,2,0,0,0,0,0,0,0,0,0,0,0,0,0,0,0,2,0,0,2,0,2,0,2,2,0,0,0,0,2,0,0,0,0,0,0,0,0,2,0,0,2,0,2,0,0,2,2,0,0,0,2,0,0,0,0,0,2,0,0,2,0,0,0,0,0,0,0,0,2,0,0,NA,0,0,0,0,0,0,0,0,0,0,0,2,2,2,2,0,0,0,0,0,0,0,2,0,0,0,2,2,0,0,0,0,0,2,2,0,0,2,0,0,0,2,NA,2,0,0,2,2,0,2,0,0,2,2,2,0,0,0,2,0,2,0,0,2,2,0,0,2,2,0,0,0,0,0,0,0,0,0,0,0,0,2,0,2,0,2,0,0,2,2,0,0,0,0,0,0,0,0,0,2,2,0,0,0,0,0,0,NA,0,0,0,2,0,2,2,0,0,0,0,2,0,0,0,2,0,0,0,0,0,0,2,0,2,0,2,0,0,0,0,0,0,0,0,0,0,0,0,2,0,0,0,0,0,0,2,0,0,0,0,2,0,2,0,0,0,2,0,0,0,0,0,0,0,0,0,2,0,0,0,0,2,2,0,0,2,0,2,2,2,2,0,0,0,2,2,0,0,0,0,2,2,2,0,0,0,0,2,0,0,0,0,0,2,0,0,2,0,2,0,0,0,0,0,0,2,0,0,0,0,0,0,0,0,2,0,0,2,0,0,2,2,0,0,0,0,0,0,2,0,0,0,0,2,0,2,0,0,0,0,2,2,0,0,0,0,0,2,0,0,0,0,0,0,0,0,0,0,0,0,0,0,0,2,2,2,2,2,0,0,0,0,0,2,0,0,2,0,0,0,0,0,2,2,0,0,0,0,0,2,0,0,0,0,0,0,0,0,0,0,0,0,0,0,0,0,0,0,0,0,0,0,0,0,0,0,0,0,2,0,0,2,0,0,0,0,2,0,2,0,0,0,0,0,0,0,0,0,0,0,0,0,0,2,0,0,0,0,0,0,0,0,0,0,2,0,2,0,0,0,0,0,2,0,2,0,0,0,0,NA,0,2,2,0,NA,2,2,0,2,0,0,0,0,0,0,0,0,0,0,0,0,0,0,0,2,0,0,0,0,0,0,0,0,2,0,0,2,2,0,0,2,0,0,2,0,2,0,0,0,0,0,0,0,0,2,0,2,0,2,2,0,0,0,0,0,2,0,0,0,2,0,2,0,0,0,0,0,0,0,0,0,0,0,0,2,0,0,0,0,2,0,0,0,0,0,0,0,0,0,2,0,0,0,0,0,2,0,0,0,0,2,2,0,0,0,0,2,0,0,2,0,0,0,0,0,0,0,0,2,0,0,2,0,2,0,2,0,0,0,0,0,0,0,2,0,0,0,0,0,0,0,0,0,0,0,0,2,0,0,0,0,0,0,0,0,2,0,0,2,0,2,2,0,0,2,2,0,0,0,0,0,0,0,0,0,0,0,0,0,0,0,2,2,2,0,0,2,0,2,0,0,0,0,0,0,0,0,2,0,0,2,0,2,0,2,2,0,0,0,0,0,0,2,0,2,0,0,0,2,0,0,0,0,0,0,0,0,2,2,0,0,2,0,0,0,0,0,2,0,2,0,2,0,0,0,0,0,0,2,0,0,0,0,0,2,0,0,2,0,2,0,0,2,0,0,2,0,0,0,0,0,0,0,0,2,0,0,0,0,0,2,0,0,0,0,0,0,2,0,0,0,0,0,0,0,0,0,2,0,2,0,0,0,2,0,0,2,0,0,0,2,0,0,0,0,0,0,0,0,0,0,0,0,0,2,0,0,0,0,0,0,0,0,2,2,2,0,2,2,0,2,0,0,0,2,2,0,0,2,2,2,0,0,2,2,0,0,0,2,0,0,0,2,0,0,0,0,2,2,0,0,0,2,0,0,0,0,2,0,0,0,0,0,0,2,0,0,0,0,0,0,2,2,0,0,0,0,0,0,0,0,0,0,2,0,0,0,0,0,0,2,0,0,0,0,0,0,0,2,0,0,0,2,2,0,0,2,2,2,0,0,0,2,0,0,2,0,2,0,0,2,0,0,0,0,0,2,0,2,2,0,0,0,0,0,0,0,0,0,0,0,2,0,0,2,0,0,0,0,0,2,0,0,0,0,0,0,2,0,0,0,0,0,0,0,0,0,0,0,0,0,0,2,2,0,0,0,0,0,0,0,0,0,0,0,0,0,0,0,0,0,2,2,2,0,0,0,0,0,0,2,0,0,0,0,0,0,0,2,0,2,0,0,0,0,2,0,0,2,0,0,0,0,2,0,0,0,0,0,0,0,0,0,0,0,0,0,2,0,0,0,2,0,2,0,0,0,0,0,0,0,0,0,0,0,2,0,0,0,0,0,0,0,0,0,0,0,0,0,0,0,2,2,0,0,0,0,0,0,2,0,0,0,2,2,0,0,0,2,0,0,0,2,0,0,0,2,0,0,0,2,0,0,0,2,2,0,0,2,0,0,2,0,0,0,0,0,0,0,0,0,0,0,0,0,0,0,2,0,0,0,0,2,0,0,0,0
"CC137",0,0,0,0,0,0,2,0,0,0,0,0,0,2,2,0,0,0,0,0,2,2,0,0,2,0,0,0,0,0,0,0,0,0,0,0,0,2,2,0,0,2,2,0,0,0,0,0,0,0,2,0,0,0,0,0,2,0,0,0,0,0,2,0,2,2,0,0,0,0,0,0,0,2,0,0,0,0,0,2,0,0,0,0,0,0,0,0,0,2,0,2,2,0,0,0,0,0,0,0,0,0,2,2,2,0,2,0,0,0,0,0,0,2,0,2,0,0,0,0,0,0,0,2,0,0,0,0,0,0,2,0,0,0,0,0,0,0,2,0,0,0,0,0,0,0,0,0,0,0,0,0,0,0,0,0,0,0,0,0,0,0,2,0,0,2,2,0,0,0,0,0,2,0,0,2,0,0,0,2,0,0,2,2,0,0,0,0,0,2,2,0,0,2,0,0,0,0,2,0,0,0,0,0,0,0,0,0,0,0,0,2,0,0,0,0,0,0,2,0,2,0,0,2,0,0,0,2,0,2,0,0,2,2,0,0,0,0,0,0,0,0,0,0,2,0,2,0,2,0,0,0,0,2,0,2,0,2,0,0,0,0,0,0,2,0,0,0,0,0,0,0,0,2,0,0,0,0,0,0,0,0,0,2,0,0,0,0,0,0,0,0,0,0,0,2,0,2,2,2,2,0,0,2,2,0,0,2,0,0,0,2,0,2,0,0,0,2,0,0,0,0,0,0,2,2,0,0,0,0,0,0,2,0,0,0,0,0,2,0,0,0,0,0,0,0,0,0,0,0,0,2,0,0,2,2,2,0,0,0,2,0,0,0,0,2,0,0,0,0,2,0,0,2,2,0,0,0,0,0,0,0,0,0,0,0,2,2,2,0,0,2,2,0,0,0,0,0,0,0,0,0,2,0,0,0,0,0,0,0,0,0,0,0,2,0,0,2,0,0,0,0,0,0,0,0,0,0,0,2,0,0,2,0,2,0,0,0,2,0,2,0,0,0,0,2,0,2,0,0,0,0,2,0,0,0,2,0,0,0,0,2,0,0,0,0,0,0,0,0,0,2,0,0,0,0,0,2,0,0,0,0,0,2,0,2,2,0,2,2,0,0,0,2,0,0,0,0,0,2,0,0,2,2,0,0,0,0,2,0,0,0,0,0,0,0,0,0,0,0,0,0,2,0,0,0,0,0,0,0,0,0,2,0,0,0,2,0,0,0,2,0,0,2,0,2,0,0,0,0,2,0,0,0,0,0,2,2,0,0,0,0,0,0,0,0,2,0,0,0,0,2,0,0,2,0,0,0,0,0,2,2,0,2,0,0,0,0,2,2,0,2,0,2,2,0,0,2,0,0,2,0,0,0,0,0,2,2,0,0,0,0,0,0,0,0,0,0,0,0,2,0,0,0,2,0,0,2,2,0,2,2,0,2,0,0,2,0,2,2,0,2,0,0,0,0,0,0,2,0,0,2,0,0,0,0,2,2,0,2,0,0,0,0,0,0,0,0,0,0,0,0,0,2,0,0,2,0,0,0,0,0,0,0,2,0,0,0,0,0,0,0,0,0,0,0,2,0,0,2,0,2,0,0,0,0,0,0,0,0,0,0,0,0,0,0,0,0,2,0,0,0,0,0,0,0,0,2,0,0,2,0,0,0,0,0,0,0,0,0,0,0,0,0,0,0,0,2,2,2,0,0,0,0,0,0,0,0,2,0,0,0,0,0,0,0,0,0,0,0,0,0,0,0,0,0,0,2,0,0,0,0,0,0,0,0,0,0,0,0,2,0,0,2,0,2,0,0,0,0,0,0,0,0,0,0,0,0,0,2,0,0,0,0,2,0,0,2,0,0,0,0,2,0,0,0,0,0,0,0,2,0,2,0,0,0,0,0,2,0,2,0,0,0,0,0,2,0,0,0,0,0,0,0,0,0,0,0,0,0,0,0,0,0,0,0,0,2,0,0,0,0,0,0,0,0,0,0,0,2,0,0,0,2,0,0,0,0,0,0,0,0,0,0,0,0,0,0,0,0,0,0,0,0,0,2,0,0,0,0,0,0,0,0,0,2,0,0,0,0,0,0,0,0,2,0,0,0,2,2,0,0,0,0,0,2,0,0,0,0,0,0,0,0,0,0,0,0,0,0,2,0,0,0,2,2,2,0,0,0,0,0,0,0,0,2,0,0,0,2,0,0,2,0,0,0,0,0,2,2,0,0,0,0,2,0,0,2,0,2,0,2,2,0,2,0,2,0,0,0,2,0,0,0,0,0,0,0,2,0,0,0,0,0,0,2,0,0,2,0,0,0,2,2,2,0,2,0,0,0,0,0,0,0,0,2,0,0,0,2,0,0,2,0,0,0,0,2,0,0,0,0,0,0,2,0,0,2,0,2,0,2,2,2,0,0,2,0,0,0,2,0,2,0,0,0,2,2,0,0,0,0,2,0,0,0,2,2,2,0,0,NA,0,2,2,2,2,0,0,0,0,2,2,0,0,0,0,0,0,0,0,0,0,0,0,0,2,2,2,0,0,0,2,0,0,0,0,0,0,0,0,0,2,0,0,0,0,0,0,0,0,2,0,2,0,0,0,2,2,2,0,0,0,0,2,0,0,2,2,0,0,0,0,0,0,0,0,0,0,0,2,0,0,0,0,0,0,0,0,0,2,0,0,0,0,0,0,0,2,2,0,2,0,0,0,0,0,0,0,0,0,0,0,0,2,0,0,0,0,0,0,0,0,2,0,0,2,0,0,0,2,0,0,0,0,0,0,2,0,2,0,0,0,0,0,0,0,2,0,0,0,0,2,2,0,2,0,0,0,0,0,0,0,0,0,0,0,0,0,0,0,0,2,0,0,0,0,2,0,2,2,0,2,0,0,0,2,2,0,0,0,0,0,0,0,2,0,0,0,0,2,0,0,0,0,0,0,0,0,0,0,0,0,0,2,0,0,0,0,0,0,0,0,0,0,0,0,0,2,0,0,0,0,0,0,0,2,0,0,2,2,0,0,0,2,0,0,0,0,0,0,0,0,0,0,0,0,0,0,2,0,2,2,0,0,0,0,0,0,0,2,2,2,2,0,0,0,0,0,0,0,0,0,0,2,0,0,0,0,2,0,0,0,2,0,0,NA,0,0,2,2,0,0,2,0,0,0,0,0,0,0,0,0,0,0,0,0,0,0,2,0,0,2,0,0,0,0,0,0,0,0,2,0,0,0,2,0,0,0,0,0,0,0,2,0,0,2,0,2,0,0,0,0,0,0,2,2,0,0,0,0,2,0,0,0,2,2,0,0,0,0,0,2,0,0,2,0,0,0,0,0,0,0,0,0,0,0,0,2,0,2,0,2,0,2,0,2,2,0,0,0,0,2,0,2,0,0,0,2,0,0,0,2,2,0,2,0,0,2,0,0,2,0,0,2,0,2,2,0,0,2,2,2,0,0,0,0,2,2,0,0,0,0,0,0,2,0,2,2,0,0,2,0,0,0,0,2,2,0,2,0,0,0,0,0,0,0,0,0,2,0,2,0,0,0,0,2,2,0,0,0,0,2,0,0,2,0,0,0,2,0,2,0,2,0,0,0,0,0,2,0,0,0,2,0,2,0,2,0,0,0,2,0,0,0,0,0,0,0,0,0,0,0,0,0,0,0,0,0,0,0,0,0,0,2,2,0,0,0,0,0,2,2,0,0,0,0,2,0,0,0,0,0,0,0,0,0,0,0,0,0,2,0,0,0,0,0,2,0,0,0,2,0,0,0,0,0,2,0,0,0,0,0,0,0,0,2,0,0,0,0,0,0,0,0,0,0,0,2,2,0,0,0,0,0,2,2,0,0,0,0,0,2,0,0,0,0,0,0,0,0,0,0,0,0,0,0,0,0,2,0,0,0,0,0,0,2,0,2,0,0,0,0,0,2,0,0,0,0,0,0,0,2,0,2,2,0,0,0,0,0,0,0,0,0,0,0,0,0,0,0,0,0,0,0,0,2,0,0,0,0,0,0,0,0,0,0,0,0,0,0,0,2,0,0,0,0,0,0,0,0,0,0,2,2,0,0,0,0,2,0,0,0,0,0,0,0,0,2,0,0,0,0,2,0,2,0,0,2,2,0,0,0,0,2,0,0,0,0,0,0,2,2,0,0,0,0,0,0,0,0,0,0,0,0,0,2,0,0,0,2,0,0,0,0,2,0,2,2,2,0,0,0,2,0,0,0,0,2,0,0,0,0,0,0,0,2,2,0,2,2,0,0,0,0,0,0,0,0,NA,0,2,2,2,2,0,2,0,0,0,2,0,0,0,0,2,0,0,0,0,2,0,0,0,2,0,0,2,0,2,0,2,0,2,0,2,0,0,2,0,0,0,2,2,0,0,2,0,0,0,2,0,0,0,0,0,2,2,0,0,0,0,0,0,2,0,0,0,0,0,0,0,0,0,0,0,2,0,0,2,0,0,0,0,0,2,0,0,0,2,0,0,0,0,0,0,0,0,0,0,2,0,2,0,0,0,0,0,0,0,0,2,2,0,0,0,2,0,0,0,2,0,0,0,0,0,0,0,0,0,0,0,2,0,0,0,0,0,0,2,2,2,0,2,0,0,0,0,0,0,0,0,0,2,0,0,2,0,0,0,0,0,0,0,0,0,0,0,0,0,0,0,0,0,0,0,0,0,0,0,2,2,0,0,0,0,0,2,0,0,0,0,0,0,0,0,2,0,0,0,0,0,2,0,0,0,0,2,0,2,0,NA,0,NA,2,0,2,0,2,0,0,2,0,0,0,0,0,0,2,0,0,0,2,0,0,0,0,0,0,0,2,0,0,NA,2,0,0,0,0,0,0,0,0,0,2,0,2,0,0,0,0,0,0,0,0,0,2,0,0,0,0,0,0,0,0,0,0,0,0,0,0,0,0,0,0,2,0,0,0,2,0,2,0,0,0,0,0,2,2,0,0,0,0,2,0,2,0,0,0,2,0,0,0,0,0,0,0,0,0,2,0,0,2,0,0,0,0,0,0,0,0,0,0,2,0,2,0,2,0,0,0,0,0,0,0,2,0,0,0,0,2,0,2,0,0,2,0,0,0,0,0,0,0,0,0,0,0,0,0,0,0,0,0,0,2,0,2,0,0,0,0,0,0,0,0,0,0,0,0,0,0,0,0,2,0,NA,2,0,0,2,0,0,0,2,0,0,0,0,0,0,0,2,0,0,2,0,0,0,0,2,0,2,0,0,2,0,0,0,0,0,0,0,0,0,0,2,0,0,0,2,0,2,0,0,0,0,0,0,0,0,0,0,0,2,2,0,0,0,0,0,0,0,0,0,2,0,0,0,0,0,0,0,0,0,0,0,0,0,0,0,0,2,0,0,0,0,0,0,0,2,2,0,0,0,0,0,0,0,0,0,0,0,0,2,0,2,0,0,0,0,0,0,0,2,0,0,0,0,0,0,0,0,0,0,0,0,0,2,0,0,2,0,0,2,0,2,0,0,0,0,0,0,0,0,0,2,0,0,0,0,0,0,0,0,2,2,2,0,0,0,2,2,0,2,0,0,0,0,2,0,0,0,0,0,0,0,2,NA,0,0,2,0,0,0,0,0,0,0,0,2,0,0,2,0,0,0,0,0,0,0,0,0,2,0,0,0,0,0,2,0,0,0,0,0,0,0,0,0,0,0,0,0,0,0,0,2,0,0,0,0,2,0,0,0,0,0,0,2,0,0,0,0,2,2,0,0,0,0,0,2,0,0,0,0,0,0,2,0,0,0,0,0,0,0,0,0,0,0,0,0,2,0,0,0,0,0,0,0,0,0,0,0,0,0,0,0,2,0,2,0,0,0,0,0,2,0,2,0,2,0,0,0,0,0,0,0,0,0,0,0,2,2,2,0,2,NA,2,0,0,0,2,2,2,2,2,2,0,0,0,0,0,0,0,0,0,0,0,2,0,0,2,0,0,2,0,2,0,2,0,0,2,0,2,0,0,2,2,0,0,0,0,2,2,2,0,2,0,2,0,0,0,0,0,0,0,0,0,0,0,2,2,0,0,0,0,0,0,0,0,2,0,0,0,0,0,0,0,0,0,0,0,0,0,0,0,0,0,2,0,0,0,0,0,0,0,0,0,0,0,2,0,0,0,0,0,0,0,0,0,0,0,2,0,0,0,0,0,0,0,0,0,0,0,0,2,0,2,2,2,0,0,0,0,0,0,0,0,0,0,0,0,0,0,0,0,0,0,0,0,2,0,0,0,0,0,0,0,2,0,0,0,2,0,0,0,0,2,0,0,0,0,0,2,0,0,0,2,0,0,0,0,2,0,0,0,0,0,2,0,0,0,0,0,0,0,0,0,2,0,0,2,0,0,0,0,2,0,0,0,0,0,2,2,0,0,0,0,0,0,2,0,0,0,0,0,0,0,2,0,2,0,0,0,0,0,0,0,0,0,0,2,0,0,2,0,0,0,2,0,0,2,0,0,0,2,0,0,0,0,0,0,0,0,0,0,0,0,0,0,2,2,0,2,0,0,2,0,2,2,0,0,2,0,2,0,2,2,2,0,0,0,0,0,0,0,0,2,0,0,0,0,0,0,0,2,0,0,2,0,0,0,0,0,0,0,2,0,0,2,0,0,0,0,2,0,0,2,0,0,0,0,0,0,0,0,2,0,0,0,0,0,0,0,2,0,0,0,0,0,2,0,0,0,0,0,2,0,0,0,0,2,2,2,0,0,0,0,0,0,0,0,0,0,0,0,0,0,2,0,0,0,0,0,0,0,0,0,0,0,0,2,0,2,0,0,2,0,0,0,0,0,2,0,0,0,0,2,0,0,0,0,0,0,0,0,2,0,0,2,0,0,0,0,0,0,2,0,0,0,0,0,2,0,0,0,2,2,0,0,0,0,0,0,0,0,0,0,2,0,2,0,0,2,0,0,0,0,0,0,2,0,0,0,0,0,0,2,0,0,2,2,NA,2,0,2,0,0,0,0,0,0,0,0,0,0,0,0,2,0,0,0,0,2,2,0,0,0,0,0,0,0,0,0,2,0,0,2,0,0,0,0,0,0,0,0,0,0,0,0,0,0,0,2,0,0,2,0,0,2,0,0,0,0,0,0,0,0,0,0,0,2,0,0,0,0,2,2,0,0,2,0,0,0,0,2,0,0,0,0,0,0,2,2,0,2,0,2,0,0,0,2,2,0,2,0,0,0,0,2,0,0,0,0,2,2,2,0,0,0,2,0,2,2,0,0,2,0,0,0,0,2,2,2,0,0,0,2,2,0,0,0,0,0,0,0,2,0,2,0,0,0,0,0,0,0,0,0,0,0,2,0,0,0,2,0,0,0,0,2,2,0,2,2,0,0,0,0,2,0,0,0,0,0,2,0,0,0,0,0,0,0,0,0,0,0,0,2,2,2,0,0,0,0,0,2,0,0,2,0,0,0,0,0,0,0,0,2,0,0,0,0,0,0,0,0,0,0,0,0,0,2,0,0,0,0,0,0,0,0,0,2,2,0,0,0,0,0,2,0,0,0,2,0,0,0,0,0,0,0,0,0,0,0,0,0,2,0,0,0,0,0,0,0,0,0,0,0,2,0,0,0,0,2,0,0,0,0,0,0,0,0,0,0,0,0,0,0,0,0,0,0,0,0,0,0,0,0,2,0,0,2,2,0,0,2,2,0,2,2,0,0,0,0,0,0,0,0,0,0,0,0,0,0,0,2,0,0,0,0,0,0,0,0,0,0,0,2,0,0,0,0,2,0,0,0,0,0,2,0,0,0,0,0,0,0,2,0,0,0,0,0,0,2,0,0,0,0,2,0,0,0,0,0,2,0,0,0,2,2,2,2,0,2,0,2,2,0,2,2,0,0,2,2,2,0,0,0,0,0,0,2,0,0,0,0,0,0,0,0,0,0,0,0,0,0,0,0,0,0,0,0,0,0,2,0,2,0,0,2,0,0,0,2,0,0,0,0,0,2,0,0,0,0,0,0,2,2,0,0,2,0,0,0,0,0,2,0,0,0,0,2,2,0,2,0,2,0,0,0,0,0,0,0,0,0,0,0,0,2,0,0,0,0,0,0,0,0,0,0,0,0,0,2,0,0,0,0,0,2,0,0,0,2,2,0,0,2,0,0,0,0,0,0,0,0,0,2,0,0,0,0,0,0,0,0,0,0,0,0,0,0,0,0,0,2,0,0,0,2,2,0,2,0,2,0,2,0,0,0,2,0,2,0,0,0,0,0,0,0,0,2,0,0,2,NA,0,0,0,0,0,0,2,0,0,0,0,0,0,0,0,0,2,0,0,0,0,0,0,0,0,0,0,0,0,0,0,0,0,0,2,0,0,0,0,2,0,0,0,0,0,0,0,0,0,0,0,0,0,0,0,2,2,0,0,0,0,0,2,0,0,0,0,2,0,0,0,0,0,0,0,0,0,0,2,2,0,2,0,2,0,0,2,0,0,0,0,0,0,0,0,0,0,2,0,0,0,0,0,0,0,0,0,0,0,2,0,0,2,0,0,2,2,0,0,0,NA,0,2,0,0,2,2,2,0,2,0,2,0,0,2,0,0,0,0,0,0,2,0,2,0,0,0,0,2,0,0,0,0,0,0,0,0,2,0,0,0,2,0,0,2,0,2,0,0,0,2,2,0,0,2,0,2,0,2,2,2,2,0,0,2,2,0,2,0,2,2,0,0,0,0,2,2,0,0,0,2,0,0,2,0,0,2,0,0,0,0,2,0,0,2,0,2,2,2,2,0,0,0,0,0,0,0,0,0,0,2,2,2,0,2,0,0,2,0,0,0,2,0,0,0,0,0,0,0,0,0,0,0,0,0,0,0,0,2,2,0,0,0,2,0,0,0,0,0,0,0,0,0,0,0,0,0,0,2,0,0,0,2,2,2,0,0,0,2,0,0,0,0,2,0,0,2,0,0,0,2,0,0,0,0,0,0,0,0,0,2,0,0,2,0,2,0,0,0,0,0,0,2,0,0,0,0,0,0,0,2,0,0,0,0,0,0,0,0,0,0,0,2,2,0,2,0,0,0,2,0,0,0,2,2,0,0,0,2,0,2,0,0,0,0,0,2,0,0,0,0,0,0,0,0,0,0,0,0,2,0,0,0,0,0,0,0,0,0,0,0,2,0,0,2,2,0,0,0,0,0,0,0,0,2,0,0,2,2,0,2,0,0,0,0,0,0,0,0,0,0,0,0,0,0,2,0,0,0,0,0,2,0,0,0,2,2,0,0,0,0,0,0,0,2,0,0,0,0,2,0,0,2,0,2,2,0,0,0,0,0,0,0,0,0,2,2,0,2,2,2,2,0,0,2,0,0,0,0,0,2,0,0,0,0,0,0,0,0,0,0,2,0,0,0,2,2,0,0,0,0,0,0,0,0,0,0,0,0,2,0,2,0,0,0,0,0,0,0,0,0,2,0,0,0,0,0,0,0,2,0,2,0,2,0,0,2,0,0,0,0,0,2,0,0,0,0,0,0,0,2,2,0,2,0,0,0,0,0,0,0,2,2,0,0,2,2,0,0,0,0,0,0,2,0,0,0,0,2,0,0,0,0,2,2,0,0,0,2,0,0,0,0,2,2,0,0,0,0,2,2,2,0,0,2,0,2,0,0,0,0,2,0,2,2,0,0,0,0,0,0,0,0,0,0,0,0,0,0,0,0,2,2,0,0,0,0,0,0,0,0,0,0,0,0,0,0,0,0,2,0,0,0,0,0,0,0,0,0,2,0,2,0,0,2,0,0,0,0,0,2,2,2,2,0,0,0,0,0,0,0,0,0,0,0,2,0,0,0,0,2,0,0,2,0,2,0,0,0,0,0,0,0,0,2,2,0,0,2,0,0,0,0,0,0,2,0,0,0,0,0,0,0,0,0,0,0,0,2,2,0,0,0,0,0,0,2,0,0,0,0,0,0,2,0,0,2,0,0,0,2,0,0,2,0,0,0,0,0,0,0,0,0,0,2,0,0,0,2,0,0,0,0,2,0,0,NA,0,0,0,0,0,0,2,0,2,2,2,0,0,0,0,0,0,0,0,0,0,0,0,0,0,0,0,0,0,0,2,0,0,0,0,0,0,0,0,0,0,2,0,0,0,0,0,0,0,2,0,0,0,0,0,0,0,2,0,0,0,2,0,2,0,2,0,0,2,0,0,0,0,0,0,2,2,0,0,0,0,0,0,0,0,0,0,0,0,0,2,0,2,0,0,0,0,2,0,0,0,0,0,2,0,0,2,0,0,0,0,0,0,0,0,0,0,0,0,0,0,0,0,0,0,2,2,0,0,0,0,0,2,0,0,0,2,0,0,0,0,2,0,0,0,0,2,0,0,0,0,0,0,2,0,0,0,0,0,0,0,0,0,0,0,0,0,0,0,0,0,0,2,0,0,0,0,0,0,0,0,2,0,2,0,0,0,2,0,0,0,0,0,0,0,0,0,2,0,2,0,0,0,0,0,0,2,0,0,0,0,2,0,0,0,NA,0,0,0,0,0,0,0,2,0,0,0,0,0,0,0,0,0,0,0,0,0,0,0,0,0,0,0,0,0,2,0,0,0,0,0,0,0,0,2,0,0,0,0,0,0,0,2,0,2,2,0,0,2,0,2,0,0,0,2,0,0,0,2,2,0,0,2,2,2,2,0,0,0,2,2,0,0,0,0,0,0,0,2,0,0,0,0,0,0,0,0,0,0,0,0,0,0,0,0,0,2,2,0,0,0,0,2,0,0,0,0,0,0,0,2,2,0,0,0,0,0,2,0,2,0,0,0,0,2,0,0,0,0,0,0,0,0,0,0,0,0,0,0,0,0,0,0,0,0,0,0,0,0,0,0,2,0,0,0,0,0,0,0,0,2,0,0,0,0,0,0,0,0,0,0,0,2,0,0,2,0,0,2,0,0,2,0,2,0,0,0,0,0,0,0,0,0,0,2,0,0,0,0,0,0,0,0,0,0,0,0,0,0,0,0,0,0,2,0,0,0,0,0,0,0,2,0,0,0,0,0,0,0,0,0,0,0,0,0,0,2,0,0,0,0,0,0,0,0,0,0,2,0,0,2,0,0,0,0,0,0,0,0,0,0,0,0,0,0,2,0,0,0,0,0,2,0,0,0,0,2,0,0,0,0,0,0,0,0,0,0,0,0,2,2,2,2,0,0,0,0,2,0,0,0,2,2,0,2,0,0,0,2,0,0,0,0,0,0,0,2,0,0,0,0,0,0,0,2,2,0,0,0,0,0,0,0,0,2,0,0,0,0,0,0,0,0,0,0,2,2,0,0,0,0,0,0,0,0,0,0,0,0,0,0,2,0,0,0,0,0,0,0,0,0,0,2,0,0,0,0,0,0,0,0,0,0,0,0,0,0,0,2,0,0,0,0,0,0,2,0,0,0,0,0,0,0,0,0,0,0,0,0,0,2,0,0,0,0,2,2,0,2,0,0,0,0,0,0,0,0,0,0,0,0,0,0,0,2,0,0,0,0,0,0,0,0,2,0,0,0,0,0,2,0,0,2,0,0,0,0,0,0,2,0,2,0,0,0,0,0,0,0,0,0,0,0,0,2,0,0,0,0,2,0,0,2,2,2,NA,2,0,2,2,0,0,0,0,0,2,0,0,0,0,0,0,0,0,0,2,0,2,0,0,0,0,0,0,0,0,0,0,0,2,2,0,0,0,2,0,2,0,0,0,0,0,0,2,0,2,0,0,0,0,0,0,0
"CC138",0,0,0,0,NA,2,0,0,0,0,0,0,0,0,0,0,0,0,0,0,2,0,2,2,0,0,0,0,0,0,0,0,0,0,0,0,0,0,0,0,2,0,0,0,0,0,0,0,0,0,0,0,0,0,0,2,2,0,0,0,0,0,0,0,2,2,0,0,0,0,0,2,0,0,0,2,0,0,0,0,0,0,0,0,0,0,0,0,0,2,0,0,0,0,0,0,0,0,0,0,2,0,0,2,0,0,0,2,0,0,2,0,0,0,0,2,0,0,0,2,0,2,0,2,0,0,0,2,2,0,2,0,2,0,0,0,0,0,0,0,0,0,0,0,2,0,0,0,0,0,2,0,0,0,0,0,0,2,0,2,0,0,0,0,0,0,0,0,2,0,2,0,0,0,0,0,0,0,0,2,2,0,0,0,0,0,0,0,2,0,0,0,0,0,2,NA,2,0,0,2,0,0,2,0,0,2,0,NA,0,0,0,0,0,0,0,0,0,2,0,0,2,0,0,2,0,0,0,0,2,2,0,0,0,2,0,0,2,2,0,0,0,0,0,2,2,0,2,0,0,0,0,0,0,0,0,2,2,2,0,0,2,0,0,0,0,0,0,0,0,2,2,2,2,0,2,0,2,2,0,0,0,0,0,0,0,0,0,0,2,0,0,0,0,0,0,2,2,0,2,2,2,0,0,0,2,2,0,2,0,0,0,0,0,0,2,0,0,0,0,0,0,0,0,2,2,0,0,0,0,0,2,2,0,0,0,2,0,0,2,0,0,0,0,0,0,0,0,0,0,0,0,0,0,0,0,0,0,0,0,0,0,0,0,0,0,0,0,0,0,0,2,0,0,0,0,0,0,0,0,0,0,0,0,0,2,0,0,2,2,0,0,0,0,2,2,2,2,0,0,0,2,0,0,0,0,0,0,0,0,0,0,0,0,0,0,0,0,0,0,0,2,0,0,0,2,0,0,2,2,0,0,0,2,0,0,0,0,0,0,0,0,0,0,0,0,0,0,0,2,0,0,0,0,0,0,0,2,0,0,0,0,0,0,0,0,0,0,0,0,2,0,0,0,0,0,NA,0,0,0,2,0,0,0,2,0,2,0,0,2,0,2,0,0,2,0,0,0,0,2,2,0,2,2,0,0,0,0,0,0,0,0,2,0,0,0,0,0,0,0,0,0,0,0,0,0,0,0,0,0,0,0,0,0,0,0,0,0,0,0,0,2,0,0,2,0,0,0,0,0,0,2,0,0,0,0,0,2,2,0,0,0,0,0,2,0,0,0,0,0,0,0,2,0,0,2,0,0,0,2,0,2,2,0,0,0,0,0,0,0,0,0,2,0,2,2,0,0,2,2,0,0,0,0,0,0,0,2,2,0,0,0,0,0,0,0,0,0,0,0,2,0,0,0,0,NA,2,0,0,0,2,0,0,0,2,2,0,0,0,0,0,0,0,0,0,0,0,0,0,0,0,0,0,0,0,0,0,2,0,2,0,0,0,0,2,2,0,2,0,0,2,0,0,0,2,0,0,2,0,0,2,0,0,0,0,2,0,0,2,0,0,0,0,2,2,0,0,0,0,0,2,0,0,0,2,2,2,2,0,2,2,0,0,0,0,0,0,0,0,0,0,0,2,0,0,0,2,0,0,2,0,0,0,0,0,2,0,0,0,0,0,0,0,0,0,0,0,0,0,2,0,0,0,0,0,0,0,0,0,2,0,0,0,0,0,0,0,0,0,0,0,2,0,0,2,0,0,2,0,0,0,0,0,2,0,0,0,0,0,0,0,0,0,0,0,0,0,0,0,0,0,2,0,0,2,0,0,0,0,0,0,2,0,0,0,0,0,0,2,0,0,0,0,0,0,0,0,0,0,0,0,2,0,0,0,0,0,2,0,0,0,0,2,0,2,0,2,2,0,0,2,0,0,2,0,2,2,0,0,0,2,0,0,0,2,0,0,0,2,0,0,0,0,0,2,0,0,0,0,0,0,2,0,0,2,0,2,0,0,0,0,0,2,2,0,0,0,2,0,0,0,2,0,0,0,0,0,0,2,0,0,0,0,0,0,2,2,0,2,0,0,2,0,0,0,0,0,0,0,0,0,0,0,0,0,0,2,0,0,0,0,0,0,0,0,0,0,0,2,0,0,2,0,2,0,2,2,0,0,0,0,2,0,0,0,0,0,2,0,0,2,0,0,2,0,0,0,0,0,2,2,0,0,0,0,2,0,0,0,0,0,0,0,0,0,0,0,2,0,0,0,0,0,0,0,0,0,0,0,0,2,0,0,0,0,0,0,0,2,0,0,0,0,0,0,2,0,2,0,2,0,0,0,0,0,0,0,0,0,0,2,0,0,2,0,0,0,0,0,0,0,0,0,0,0,2,2,0,0,2,2,0,0,NA,0,0,0,0,2,0,0,2,0,0,0,0,2,0,0,2,0,2,0,0,0,0,0,2,0,2,0,0,NA,2,0,0,0,2,0,0,0,0,0,2,0,0,0,0,2,2,2,2,0,0,0,0,0,0,2,0,2,0,0,2,0,0,0,2,0,0,0,0,0,2,0,0,2,0,2,2,0,0,2,0,0,2,0,0,0,2,2,0,0,0,0,0,0,2,0,0,0,0,0,0,0,0,0,0,0,0,0,2,0,0,0,2,0,0,0,0,0,2,0,0,0,0,0,0,0,0,2,0,0,0,0,0,0,0,0,0,0,0,0,0,0,0,0,0,0,2,0,0,0,0,2,NA,0,0,0,0,0,0,0,0,0,0,0,0,0,0,0,0,2,0,0,0,0,0,2,0,0,0,2,0,2,0,2,0,0,0,0,0,0,2,0,0,0,0,0,0,0,0,0,0,2,0,0,0,0,0,2,0,0,2,0,0,0,2,0,2,0,0,0,2,2,2,2,0,2,0,0,2,0,0,0,0,0,2,0,0,2,0,0,0,2,2,0,0,0,0,0,0,0,2,0,0,0,0,2,0,0,0,0,0,0,0,0,0,0,0,2,0,0,0,0,2,0,0,0,0,0,0,0,0,0,0,0,0,0,0,0,0,2,0,0,2,0,0,0,0,0,2,2,2,2,0,0,0,0,0,2,2,2,0,0,0,0,0,0,0,0,0,0,0,0,0,0,0,0,0,0,0,0,0,0,2,0,0,0,0,0,0,0,0,0,0,0,0,0,0,0,0,2,0,0,2,0,0,0,0,0,2,0,0,2,0,2,0,0,2,0,0,0,0,0,2,0,0,0,0,0,0,0,0,0,0,0,2,0,0,0,0,0,0,0,0,0,0,0,0,0,0,0,0,0,2,0,0,0,0,2,2,0,0,0,0,0,0,0,0,0,0,0,0,0,0,0,0,0,0,0,0,0,2,0,2,0,0,0,2,0,0,2,2,2,2,0,0,0,0,0,0,0,0,0,2,0,2,2,0,0,2,0,0,0,2,0,0,0,0,2,0,0,0,0,0,2,0,0,2,0,0,2,0,0,2,0,2,0,0,2,0,0,0,0,0,0,0,0,0,2,0,2,0,0,0,0,2,2,0,0,0,0,0,0,2,0,0,0,0,0,0,2,0,2,0,0,0,0,0,0,0,0,0,2,2,0,0,2,2,0,0,2,0,2,NA,0,0,2,0,0,0,0,0,0,2,0,0,2,0,2,0,0,2,0,2,2,0,0,0,0,0,2,2,0,0,0,0,2,0,0,0,0,0,0,0,0,0,0,0,0,0,2,0,0,0,2,0,0,0,0,2,2,0,0,0,2,2,0,0,0,2,0,0,0,0,2,0,0,0,2,0,0,0,2,0,0,0,2,2,0,0,0,2,0,0,0,2,0,0,0,0,0,2,2,0,2,0,0,0,0,0,0,0,2,0,0,0,0,0,2,0,2,2,0,0,0,2,0,0,0,0,0,0,0,2,0,0,0,0,0,0,0,2,0,2,2,0,0,0,0,0,0,0,0,0,0,2,0,0,0,0,0,0,0,0,0,2,0,0,0,0,0,2,0,0,0,0,0,0,0,0,0,0,0,2,2,0,0,0,0,0,0,2,2,2,2,0,0,0,2,0,0,0,0,2,0,2,2,2,0,0,0,2,2,0,2,0,0,0,0,0,0,0,0,0,0,0,2,2,0,0,2,0,0,0,0,0,0,0,2,0,0,0,0,0,0,2,0,0,0,2,0,2,2,0,0,0,2,2,0,2,0,0,0,0,2,0,0,2,0,0,0,0,0,0,0,0,0,0,2,2,0,0,0,0,0,0,0,2,0,0,2,2,0,2,0,2,0,0,2,2,0,0,0,0,2,0,0,0,2,2,0,2,0,2,0,0,0,0,2,2,0,0,2,0,2,0,0,0,0,0,2,2,0,0,2,2,0,0,0,0,0,2,0,0,0,0,0,0,2,0,2,0,0,0,0,0,0,0,0,0,0,0,0,0,0,2,0,0,2,0,0,0,0,0,2,0,0,0,2,0,0,0,0,0,0,0,0,0,0,0,2,0,0,0,0,0,0,2,0,0,2,0,0,0,0,0,0,0,0,0,0,0,0,2,0,0,0,2,2,0,0,2,0,0,0,0,0,0,0,0,2,0,2,0,0,0,0,0,0,0,0,0,0,2,0,2,0,0,0,0,0,0,0,0,0,0,0,0,0,0,0,0,0,0,0,0,0,0,0,2,0,0,2,0,0,0,0,0,0,0,0,0,0,0,0,2,0,0,0,0,0,0,0,2,0,0,2,0,0,0,0,0,2,0,0,0,0,2,0,0,0,2,2,0,0,0,0,0,0,2,2,0,0,0,0,0,0,0,0,0,2,2,0,0,0,0,2,2,2,0,2,0,0,2,2,0,0,2,0,0,0,0,0,0,0,2,0,0,0,0,0,0,0,0,0,0,0,0,0,0,0,0,0,0,0,0,0,0,0,0,0,2,0,0,0,0,0,0,0,0,0,2,0,0,2,0,0,0,0,2,2,0,0,0,0,0,0,2,2,0,0,0,0,0,0,0,0,0,0,0,0,0,2,0,2,0,0,2,0,2,0,0,0,0,0,0,0,0,0,0,2,0,2,0,0,0,0,0,0,0,0,2,0,2,0,0,0,0,2,0,0,0,0,2,0,0,0,2,0,0,2,0,0,2,0,2,0,0,2,0,2,0,0,0,2,2,0,2,0,0,0,0,2,0,0,2,0,0,0,2,0,0,2,0,0,0,0,0,0,2,0,2,2,0,0,0,0,0,0,2,0,0,2,0,0,0,0,0,0,0,0,0,0,0,0,0,2,0,0,0,0,2,0,0,2,0,0,0,0,0,0,0,0,0,2,0,2,0,0,0,0,0,0,0,2,0,0,0,0,0,0,0,0,0,0,0,2,0,2,2,2,0,0,0,0,0,0,0,0,0,0,0,0,2,2,2,0,0,0,2,0,0,2,0,0,0,0,0,0,0,0,0,0,2,2,2,2,0,0,2,0,0,2,0,2,0,0,0,0,0,0,0,0,0,0,0,0,0,2,0,0,0,0,0,0,2,0,0,0,0,0,0,0,0,0,0,2,2,0,0,0,0,0,2,2,0,0,0,0,0,0,0,0,0,0,2,0,0,0,0,0,0,0,0,0,0,0,0,0,0,0,0,0,0,0,0,0,0,2,0,2,0,0,0,0,2,0,0,0,0,0,0,2,0,0,0,0,0,0,0,0,0,2,2,0,0,0,0,0,0,0,2,0,0,2,0,0,0,0,0,0,0,0,0,2,0,0,0,2,0,2,0,0,0,0,0,2,0,0,0,0,0,0,0,0,0,0,0,0,0,0,0,0,0,0,0,0,0,0,0,0,0,0,2,0,0,2,2,0,0,0,0,0,0,0,0,0,0,0,0,0,0,2,0,0,0,0,0,0,2,0,2,0,0,0,0,0,0,2,0,0,2,0,0,0,2,0,0,0,2,2,0,0,0,0,0,0,0,0,0,0,2,0,2,0,0,0,0,2,0,0,0,0,0,0,0,0,0,0,0,0,2,0,0,0,0,0,0,2,0,0,0,0,0,2,2,0,2,0,0,0,2,2,0,0,0,0,0,0,0,2,0,2,0,0,0,0,0,0,0,0,0,0,0,0,2,0,2,2,2,0,2,0,0,0,0,0,0,0,0,0,0,0,0,0,0,0,2,0,0,0,0,0,0,0,2,2,0,2,0,0,0,2,0,0,0,0,0,2,2,0,0,0,0,2,2,2,0,0,0,0,0,0,0,0,0,2,2,0,0,0,2,0,0,2,2,0,0,0,0,0,0,2,0,0,2,0,0,0,0,2,0,0,0,0,0,2,0,2,2,0,0,0,0,0,0,2,0,0,0,0,0,0,0,2,0,0,0,0,0,0,2,0,0,0,0,0,2,0,0,0,0,0,0,0,0,0,0,2,0,0,0,0,0,0,2,0,0,0,2,0,0,0,2,0,0,0,0,2,0,0,0,0,2,2,0,0,0,0,0,0,0,0,0,0,0,0,0,2,2,0,0,0,2,2,0,0,0,0,0,0,0,0,0,0,0,0,0,0,0,0,0,2,0,0,0,0,0,0,2,0,0,2,0,2,0,0,0,0,0,0,0,2,0,2,0,0,2,0,0,0,0,2,0,0,NA,0,0,2,2,0,0,0,0,NA,0,2,2,0,0,2,0,2,0,0,0,0,0,0,0,0,0,0,0,0,0,0,0,0,0,0,0,0,0,0,0,0,0,0,0,0,0,0,0,0,0,0,0,0,0,0,0,0,0,0,0,0,0,0,0,0,0,0,0,0,2,0,0,0,0,0,0,0,0,2,0,0,0,0,0,2,2,0,0,0,0,0,0,2,2,0,0,0,2,0,2,2,0,0,0,2,0,0,0,0,0,2,0,0,0,0,0,0,0,0,0,0,0,0,0,0,0,2,0,0,0,0,2,2,2,0,0,0,2,0,0,0,2,0,2,2,0,0,2,0,0,0,0,0,0,0,2,0,0,0,0,2,0,0,0,2,0,2,2,0,0,0,0,0,2,0,2,2,0,0,2,0,0,0,0,0,0,0,0,0,0,2,2,0,0,2,0,0,0,2,0,0,0,0,0,0,0,0,0,0,0,2,2,0,0,2,2,2,0,0,0,2,0,2,0,2,0,0,0,2,0,0,0,0,0,2,2,0,2,2,0,0,0,0,0,2,0,0,0,0,2,0,2,0,0,0,0,0,0,0,0,0,2,0,0,2,0,2,2,2,2,0,0,2,0,2,2,0,0,0,0,0,0,2,2,2,0,0,0,0,0,0,0,0,0,0,0,0,0,0,0,0,0,0,0,0,0,0,0,0,0,0,0,0,0,0,0,0,0,0,0,0,0,0,0,0,0,2,2,0,0,0,0,0,2,0,2,2,0,0,0,0,2,0,0,0,0,2,2,2,0,0,0,0,2,2,0,0,0,0,2,2,0,2,0,2,0,0,2,2,0,0,0,0,2,2,0,0,0,2,0,0,0,0,0,2,2,0,0,2,0,2,0,0,0,2,2,0,0,0,0,2,2,0,0,2,2,0,0,0,0,0,0,0,0,NA,2,2,2,2,0,0,0,0,0,0,0,0,0,0,0,0,2,0,0,2,0,0,0,2,0,2,0,0,0,0,2,0,0,0,0,0,0,0,0,0,0,0,0,0,0,2,0,0,2,0,0,0,0,0,2,0,2,0,0,0,0,0,2,0,0,0,0,0,0,0,0,0,0,2,2,0,0,0,0,2,0,0,0,2,0,0,0,0,0,0,0,2,0,2,0,0,2,0,0,0,0,0,2,0,0,0,0,0,0,0,2,2,0,0,0,2,2,2,2,0,2,0,2,2,0,2,2,2,0,2,2,0,0,2,0,0,0,0,2,0,0,0,0,0,2,0,0,0,0,2,0,0,2,0,0,0,0,2,2,0,0,2,0,0,0,2,2,0,0,0,0,0,0,0,0,0,0,0,0,2,0,0,0,0,0,0,0,0,0,0,0,0,0,0,0,0,0,0,0,0,0,0,2,2,0,0,0,0,0,0,0,0,0,0,0,0,0,0,0,0,0,0,0,0,0,0,0,0,0,0,2,0,0,0,0,0,2,0,0,0,2,2,0,0,2,0,0,0,0,2,0,2,0,0,2,0,2,0,2,0,0,2,2,0,2,0,0,0,0,0,0,0,0,0,2,0,2,2,0,0,0,0,0,0,0,2,0,0,0,0,0,0,0,0,0,0,0,0,0,2,2,0,0,2,0,0,0,0,2,2,0,0,2,0,2,0,2,0,0,0,0,0,0,0,0,0,0,2,0,0,0,2,0,0,0,0,0,0,0,0,0,0,2,2,0,0,2,0,0,0,2,0,2,0,0,0,0,0,0,0,0,0,2,0,2,0,2,0,0,2,0,0,0,2,0,0,0,0,0,0,0,0,0,0,0,0,0,0,0,0,2,0,0,0,0,2,2,0,0,0,2,0,0,0,0,0,0,0,0,2,0,0,0,0,0,2,0,0,0,0,0,0,0,0,2,0,0,0,0,0,2,0,0,0,0,0,0,0,2,0,0,0,2,0,0,0,0,0,0,0,0,0,0,0,0,0,2,0,0,0,2,0,0,0,2,0,0,0,0,0,0,0,2,2,0,0,0,0,0,2,0,2,0,0,2,0,2,2,0,0,2,0,0,2,0,0,0,0,0,0,0,0,0,0,2,0,0,0,0,0,0,0,0,0,0,0,0,0,0,0,0,0,0,0,2,0,0,2,2,0,2,0,0,0,0,0,0,0,0,0,2,0,0,0,0,0,0,0,0,2,0,0,0,0,0,0,0,0,0,0,0,2,0,0,0,0,0,0,0,2,0,0,0,0,2,0,0,0,0,0,0,0,0,0,0,0,0,0,0,0,0,2,0,0,0,0,0,0,0,0,0,0,0,0,0,0,0,0,0,0,0,0,0,0,0,0,0,0,0,0,2,2,0,0,0,2,0,0,0,0,0,2,0,2,0,0,0,0,0,0,0,0,0,0,0,0,0,0,0,2,0,0,0,0,0,0,0,0,0,0,0,0,0,0,0,0,0,0,0,0,0,0,0,0,0,0,0,0,0,0,0,0,0,0,0,0,0,0,2,0,0,0,0,0,0,0,2,0,0,2,0,0,0,0,2,0,0,0,2,0,0,0,0,0,0,0,0,0,0,0,0,0,0,0,0,0,0,0,0,2,0,0,0,2,0,0,0,0,0,0,0,0,0,0,0,0,0,0,0,2,0,2,0,0,0,0,0,0,0,0,0,0,0,0,0,0,2,0,0,2,0,2,2,0,2,0,2,0,0,0,2,0,0,0,0,0,2,0,0,2,0,0,0,0,0,0,0,0,0,0,2,0,0,0,0,0,2,0,2,0,0,0,0,0,2,0,2,0,2,0,0,0,0,0,2,0,0,0,0,0,0,2,0,0,2,0,2,0,0,0,0,0,0,0,0,0,0,0,0,2,0,0,0,2,0,0,0,2,0,0,0,0,0,0,0,0,0,0,2,2,2,0,0,0,0,2,2,0,2,0,2,0,0,0,0,2,2,2,0,0,0,2,0,0,0,0,0,0,2,0,2,2,0,2,0,0,0,0,0,0,2,0,0,0,0,0,0,0,0,2,0,2,0,0,2,0,0,2,0,2,0,2,0,0,2,0,0,0,0,0,2,0,0,2,0,0,0,0,2,2,0,0,0,0,0,0,0,0,0,0,0,0,0,2,0,0,0,2,2,0,0,2,0,2,2,2,2,0,0,0,2,0,0,0,0,0,0,0,0,0,0,0,0,2,2,0,0,2,0,0,0,0,0,0,0,0,0,2,2,0,0,2,0,0,0,0,0,0,2,0,0,0,2,2,0,0,0,0,0,2,2,0,0,0,0,2,2,0,0,2,2,0,0,2,0,0,2,2,0,0,0,0,0,2,2,0,0,0,0,2,0,0,2,0,0,2,2,0,2,2,0,2,2,0,0,2,0,0,0,2,0,0,0,0,0,0,0,0,0,2,2,0,0,0,0,2,0,0,0,0,0,0,0,0,0,0,0,0,0,0,2,0,2,0,0,0,0,0,0,0,0,2,0,2,0,0,0,2,0,0,0,0,0,0,2,0,0,2,2,0,0,2,0,0,0,0,0,0,0,2,0,0,2,2,2,0,2,0,0,0,0,0,0,0,0,0,0,2,0,0,2,0,0,0,0,0,0,0,0,0,2,0,0,0,0,0,2,0,0,0,0,0,0,0,0,0,0,0,2,0,0,0,0,0,0,0,0,0,0,0,0,0,2,0,0,0,2,0,0,2,0,2,0,0,0,0,0,0,2,0,2,0,0,0,0,0,0,0,0,0,0,0,0,0,0,2,0,2,0,0,0,0,0,0,2,0,0,0,0,0,0,0,0,2,0,0,0,0,0,0,0,0,2,0,0,2,2,2,0,0,0,0,0,0,0,0,0,2,0,0,0,0,0,0,0,2,0,0,0,0,0,0,0,0,0,0,2,0,0,2,0,0,0,0,0,2,0,0,0,2,0,0,2,0,2,0,0,0,2,0,0,0,0,0,2,0,0,0,0,2,2,0,0,0,0,0,0,0,2,0,0,0,0,0,0,0,0,0,0,2,2,2,0,0,0,0,0,0,0,2,0,0,0,0,2,0,0,2,0,2,0,0,0,2,0,0,0,2,0,0,2,2,0,0,0,0,2,0,0,0,0,0,0,0,2,0,0,0,0,2,2,2,0,0,0,2,0,2,0,0,0,0,2,0,0,0,0,0,0,0,0,0,0,0,0,0,0,0,0,2,0,0,0,2,0,0,0,0,0,0,0,2,0,0,0,0,0,0,0,0,0,0,0,0,2,0,0,2,0,0,0,0,0,0,0,0,0,2,0,0,0,0,0,2,0,0,0,0,0,0,0,0,0,0,0,2,0,0,0,0,0,0,0,0,0,0,0,0,0,0,2,0,0,2,0,0,0,0,0,0,0,0,0,0,2,0,0,0,0,0,2,2,0,0,2,0,0,0,0,2,0,0,0,0,0,2,2,0,0,0,0,0,0,0,0,2,0,0,2,0,0,0,2,0,0,2,0,0,0,0,2,0,0,0,0,0,0,0,2,0,0,0,0,0,0,2,0,0,0,2,0,0,2,0,0,0,2,2,0,0,0,0,0,0,2,2,0,0,2,0,0,2,2,0,0,0,0,0,0,2,0,2,0,0,2,0,0,0,0,2,0,0,0,0,2,2,0,0,2,0,0,0,2,0,2,0,0,2,2,0,2,0,0,0,0,0,2,0,0,0,0,0,2,2,0,0,0,0,0,0,0,0,0,0,0,0,0,2,2,0,0,0,0,0,0,0,0,0,0,0,0,0,0,0,0,0,2,0,2,2,0,0,0,0,2,0,NA,0,2,0,0,0,0,0,0,0,0,0,0,0,2,0,0,0,2,0,0,2,0,2,0,2,0,0,2,0,0,0,0,0,0,0,0,2,0,0,0,2,0,0,0,2,2,2,0,0,0,0,0,0,0,0,0,0,0,0,0,0,0,0,0,2,0,0,0,0,0,0,0,0,0,0,0,0,2,2,0,0,0,2,0,0,0,0,0,2,0,0,0,0,0,2,0,0,0,2,0,0,0,0,0,2,0,0,0,0,0,0,0,0,2,0,0,0,0,0,0,0,0,0,0,0,0,0,2,2,0,0,0,0,0,0,0
"CC139",0,0,0,0,2,2,0,2,0,0,0,0,2,0,0,0,0,0,0,0,0,0,0,0,0,2,0,0,0,0,0,0,0,0,0,0,2,0,0,0,0,2,0,0,0,2,0,0,0,2,2,0,0,0,0,0,0,0,2,2,0,0,2,0,2,0,2,0,0,0,0,0,0,0,0,2,2,0,2,0,2,0,0,2,2,2,0,2,0,0,2,2,0,2,0,2,0,0,0,0,0,0,0,0,0,0,0,0,2,2,0,0,2,0,0,0,0,0,0,2,2,0,0,2,0,2,2,0,0,0,0,0,0,0,2,0,2,0,2,NA,0,2,0,0,0,0,0,2,0,2,0,0,0,0,2,2,2,0,NA,0,0,0,0,0,0,2,0,2,0,2,0,0,2,2,0,2,0,2,2,2,0,2,2,0,0,0,0,0,0,0,2,2,0,0,0,0,0,2,0,0,0,0,0,0,0,0,2,0,2,0,2,0,2,0,2,0,2,0,2,2,0,2,2,0,0,2,0,0,0,0,2,2,0,2,0,2,0,2,0,0,0,0,0,0,0,0,0,0,0,0,0,2,0,2,0,0,0,0,0,2,0,2,2,0,0,0,0,0,2,0,2,2,0,2,0,0,0,2,2,0,0,0,2,2,0,0,0,2,0,0,2,0,0,2,0,0,0,2,2,0,2,0,2,2,2,0,0,2,0,0,0,0,0,0,0,0,2,0,2,0,0,0,0,0,0,0,0,0,0,0,0,2,0,0,0,0,0,0,0,0,0,2,0,0,2,0,0,0,2,0,0,0,0,0,0,0,0,2,0,0,2,0,0,0,0,0,0,0,0,0,0,0,2,0,2,0,0,0,2,2,0,0,0,0,0,0,0,2,2,0,0,0,0,2,2,2,2,0,2,0,0,0,0,2,2,2,2,2,2,0,2,2,0,0,2,2,2,0,0,2,0,0,0,0,2,0,0,0,2,0,0,2,0,0,0,0,0,2,0,2,0,0,0,0,0,0,0,2,2,0,0,0,0,0,2,0,0,0,0,0,0,0,2,0,0,NA,2,0,0,0,2,0,0,2,0,0,0,0,0,0,0,2,0,0,0,0,0,0,0,0,0,2,2,0,0,0,2,0,2,0,0,2,0,0,2,0,2,0,0,0,0,2,0,0,0,0,0,0,2,2,2,0,0,0,2,2,2,0,0,0,0,0,0,0,0,0,0,0,0,0,0,0,0,0,0,0,0,0,0,2,0,0,0,2,0,0,0,0,0,0,0,2,0,2,0,0,0,0,0,2,0,0,0,2,0,0,2,2,2,0,2,0,0,0,0,0,2,0,0,0,0,0,0,0,0,0,0,2,0,0,0,0,0,2,2,2,0,0,0,0,2,0,0,2,0,0,0,0,0,0,0,0,0,2,2,0,0,0,2,0,0,0,0,0,0,0,0,2,0,0,0,0,0,0,0,0,0,0,0,0,0,0,0,0,2,0,0,0,0,0,2,2,0,0,0,0,0,0,0,2,0,0,0,0,0,0,0,2,0,0,0,0,0,0,0,0,0,0,0,0,2,0,0,0,0,0,2,0,0,0,2,0,0,0,0,0,0,2,0,0,0,2,0,0,2,0,0,0,2,2,2,0,0,0,0,0,0,0,0,2,2,2,0,0,0,2,0,0,0,0,0,0,0,2,2,0,0,0,0,0,0,2,0,0,2,0,0,2,0,0,2,0,0,0,0,0,0,2,0,0,2,2,0,0,2,0,2,0,2,0,0,2,0,0,0,0,0,0,0,0,0,0,0,0,0,0,0,0,0,0,0,0,0,0,2,0,2,0,0,0,0,2,0,0,0,0,2,0,0,0,0,0,2,0,0,0,0,0,0,0,0,0,0,0,NA,0,0,0,0,0,0,0,0,0,0,0,0,2,0,0,0,2,0,2,0,0,0,0,0,0,0,0,2,0,2,0,0,0,0,0,2,0,0,0,2,0,2,0,0,0,0,2,0,0,2,2,0,0,0,2,2,0,0,0,2,2,0,0,2,0,0,0,0,0,2,0,0,0,0,0,2,0,0,0,0,0,0,0,0,2,0,0,0,0,0,0,0,0,0,0,2,0,0,0,2,0,0,0,0,0,0,0,2,0,0,0,0,0,0,0,0,0,0,0,0,0,2,0,0,0,0,0,0,0,0,0,0,0,0,0,2,0,2,0,0,0,0,2,0,0,2,0,0,0,2,0,0,0,0,2,0,0,0,0,0,2,0,0,0,2,0,2,0,0,0,0,0,2,2,0,0,0,0,0,0,0,0,0,0,2,0,0,0,0,0,0,0,0,0,0,0,0,0,0,0,0,0,2,2,2,2,2,0,0,2,2,0,0,2,0,2,0,0,0,0,2,0,0,0,2,2,0,2,0,0,0,0,0,0,0,2,0,0,2,NA,0,2,2,2,NA,2,2,0,0,0,0,0,0,0,0,0,0,0,0,0,2,0,0,0,0,0,0,0,0,0,0,0,2,2,0,0,0,0,0,0,2,0,0,0,2,0,2,0,2,0,0,0,0,0,2,2,0,2,0,0,0,0,0,0,0,0,2,0,0,2,0,0,2,2,2,0,2,2,2,0,0,0,0,0,2,2,2,0,0,0,0,2,0,2,0,0,0,0,0,0,0,0,0,0,0,0,0,2,0,0,0,0,2,2,0,0,0,0,2,0,0,0,0,0,0,0,2,0,0,0,2,0,0,0,NA,0,0,0,2,0,0,0,0,0,0,0,0,0,0,0,0,0,0,0,0,0,0,0,0,0,0,0,0,0,0,0,2,0,NA,0,2,2,0,2,2,NA,0,0,2,2,0,NA,2,0,0,2,2,0,2,0,2,0,0,0,0,2,0,0,0,0,0,0,0,2,2,0,2,2,0,0,0,0,0,0,2,2,2,0,0,0,0,0,0,0,0,0,2,0,0,0,0,2,2,0,2,0,0,NA,0,0,0,0,0,0,0,0,0,2,2,0,0,2,0,0,2,0,0,0,2,2,0,0,0,0,2,0,2,0,0,2,0,2,0,2,0,0,0,2,0,2,0,0,0,2,0,0,0,0,2,0,0,2,0,2,2,2,0,0,0,0,0,0,0,0,0,0,0,2,0,0,2,2,0,0,0,0,0,2,0,2,0,2,0,0,0,0,0,0,2,0,0,0,0,0,0,0,0,0,2,2,0,0,0,0,0,0,0,2,0,0,2,2,0,2,2,0,0,0,0,0,2,0,0,0,0,0,0,2,0,0,2,0,0,2,2,0,0,0,2,0,2,0,0,0,0,0,0,0,0,2,0,0,0,2,0,0,0,0,0,0,2,0,0,0,0,0,0,0,0,0,0,0,2,0,0,0,0,2,0,0,0,0,2,0,0,0,0,2,2,0,2,0,0,0,0,0,0,2,0,0,0,0,0,0,0,2,0,0,0,0,0,0,0,0,0,0,2,0,0,0,0,0,0,2,2,2,2,0,0,0,0,2,0,0,0,0,0,0,0,2,0,0,0,0,0,0,2,2,2,0,0,2,0,0,0,0,0,2,0,0,0,0,0,0,0,0,0,0,0,2,0,0,0,0,2,0,0,0,0,2,0,0,0,0,2,0,2,2,0,0,2,0,2,0,0,NA,0,0,0,2,2,0,2,0,2,2,0,2,0,0,0,0,0,0,0,0,0,0,2,0,0,0,2,0,2,0,0,NA,0,0,2,2,0,2,2,0,0,0,0,0,2,0,0,0,0,0,0,0,0,2,0,0,0,2,0,0,0,0,0,2,0,0,0,0,2,0,0,0,0,0,2,0,0,0,0,0,0,2,2,0,0,0,0,0,0,2,2,0,0,0,0,2,0,2,0,0,0,0,2,2,0,0,2,2,0,2,0,0,0,0,0,2,0,0,0,0,2,2,2,0,2,0,0,2,0,2,0,2,0,0,2,0,0,0,0,0,0,0,2,2,0,0,0,0,0,0,0,2,2,0,0,2,0,0,0,0,0,0,2,2,0,0,2,0,0,0,0,0,2,0,0,0,2,2,0,0,0,0,0,0,0,0,0,0,0,0,0,2,0,0,0,0,0,0,2,0,0,0,2,0,2,0,2,0,0,0,0,0,2,0,0,0,0,0,0,2,0,0,2,2,0,2,2,2,0,0,0,0,0,0,0,0,0,0,0,2,0,0,2,0,0,0,0,0,0,0,2,2,0,0,0,2,2,2,0,0,2,2,2,2,0,0,0,0,0,0,0,0,0,0,0,2,2,0,0,0,0,0,2,0,0,2,2,2,0,0,0,0,NA,0,0,0,0,0,0,0,2,0,0,0,2,0,0,2,0,0,0,0,2,2,0,0,0,0,0,2,0,2,0,2,0,2,0,0,2,0,2,0,2,0,2,2,0,0,2,0,0,0,0,2,0,0,0,2,0,0,0,0,2,0,2,0,0,0,0,0,0,0,0,0,0,0,0,2,0,0,0,0,0,0,0,0,2,0,2,0,0,0,2,0,0,0,2,0,0,0,2,0,0,2,0,0,2,2,0,0,2,2,2,0,0,0,2,0,2,2,0,0,2,0,0,0,2,0,0,0,0,0,2,0,0,0,0,2,0,0,2,2,0,0,2,0,2,2,2,0,2,0,2,2,0,0,2,0,0,2,0,0,0,0,2,2,0,0,2,2,0,0,0,0,0,0,0,0,0,0,0,0,0,0,0,2,0,0,0,0,0,2,2,0,0,0,2,0,2,2,0,2,0,0,0,NA,0,2,0,0,0,0,0,0,0,0,0,0,2,0,0,2,0,0,0,0,2,2,0,2,0,0,0,0,0,2,0,2,0,0,0,0,0,2,0,0,0,0,0,0,0,0,0,0,2,2,0,0,0,0,0,0,2,0,0,0,0,0,0,0,0,0,0,0,0,0,0,0,0,0,0,0,0,0,2,0,2,0,0,0,0,0,0,0,0,0,0,0,0,2,0,0,0,0,0,0,0,2,2,0,0,0,0,0,2,0,0,0,2,0,0,0,2,0,0,0,2,0,0,2,2,2,0,0,2,0,0,0,2,0,0,2,0,0,2,2,0,0,0,0,0,0,0,0,0,0,0,0,0,0,0,0,0,0,0,2,2,0,0,2,0,0,0,0,0,0,0,0,0,0,0,0,2,0,0,0,0,0,0,0,0,0,0,0,0,0,2,0,0,0,2,0,0,0,0,0,0,0,0,0,0,0,0,2,0,0,0,0,0,0,0,0,0,0,0,0,2,0,0,0,0,0,0,2,2,0,0,0,0,0,0,0,0,0,0,0,0,0,0,0,0,0,2,0,0,0,0,0,0,0,0,0,0,0,0,0,0,2,0,0,0,0,0,0,2,0,2,2,0,0,0,0,0,0,0,0,0,0,0,2,0,2,0,0,0,0,2,0,0,2,0,0,0,2,2,0,0,2,0,0,0,0,0,0,0,0,0,0,2,0,0,0,0,2,0,0,0,2,0,0,0,0,2,2,2,2,0,2,0,0,2,2,0,0,0,0,0,0,0,2,0,2,2,0,0,0,2,0,0,0,0,0,0,2,0,0,2,0,0,0,0,0,0,0,0,0,2,0,2,0,0,0,2,2,0,0,0,0,2,0,0,0,0,0,0,0,0,0,0,0,0,2,2,0,0,0,0,0,0,0,2,0,0,0,0,0,0,0,0,0,0,0,2,0,2,0,2,0,2,0,0,0,0,0,2,0,0,0,0,0,0,0,0,2,0,0,0,0,0,0,2,0,0,0,2,0,2,0,0,0,2,0,0,0,0,0,0,0,0,2,2,0,0,2,2,2,0,0,0,2,2,0,0,0,0,0,0,0,2,0,0,0,2,0,0,0,0,0,0,0,2,2,0,0,0,0,2,0,0,0,0,0,0,0,0,0,0,0,0,0,0,0,0,0,0,0,0,0,0,2,0,0,2,0,0,0,0,0,0,0,0,2,0,2,0,2,0,0,0,0,0,0,0,0,0,0,0,0,0,2,0,0,0,0,0,0,0,0,2,0,0,0,0,0,0,2,2,0,2,0,0,2,0,2,0,0,0,0,0,2,2,0,0,0,0,0,0,0,0,0,0,0,0,0,0,0,0,2,2,2,0,0,0,0,0,0,0,0,0,2,0,0,0,0,0,0,0,2,0,2,0,2,0,0,0,2,0,0,0,0,0,2,0,0,0,2,0,0,0,0,0,2,0,0,0,0,0,0,0,0,0,0,0,0,0,0,0,0,2,0,0,0,2,0,0,2,0,0,0,0,0,0,0,0,0,2,0,0,0,0,2,0,0,0,0,0,2,0,2,2,0,0,0,0,0,0,0,0,0,0,0,2,2,0,2,0,0,0,0,0,0,0,0,0,0,2,0,2,2,2,0,0,0,0,0,0,0,0,2,0,0,0,0,0,0,0,2,0,0,0,0,0,0,2,0,0,0,0,2,2,0,2,0,0,0,0,2,0,0,0,0,0,0,0,0,0,2,2,0,2,0,0,0,2,2,0,0,0,0,0,2,0,2,0,0,0,2,0,0,0,0,0,0,0,0,0,0,0,0,0,0,0,0,0,0,2,0,0,0,0,0,0,0,0,0,2,2,0,0,0,0,0,0,0,0,2,0,0,2,0,0,0,0,0,2,0,2,2,0,0,2,0,2,0,0,0,2,0,2,0,0,2,0,0,0,2,0,0,0,0,0,0,0,0,0,0,2,0,2,2,2,2,0,0,0,0,0,0,2,0,0,0,0,0,0,2,0,2,2,0,0,0,0,0,2,2,2,2,0,0,0,0,0,0,2,0,0,0,2,0,0,2,2,0,0,0,0,2,0,0,0,0,2,0,0,2,0,2,2,2,0,2,0,0,0,0,0,0,0,2,0,0,0,0,0,2,0,0,0,0,0,0,0,0,0,2,2,0,0,0,0,0,2,0,0,0,0,2,0,2,2,0,0,0,0,2,2,0,2,0,2,0,2,0,2,0,0,0,0,0,2,2,0,0,0,0,0,0,0,0,2,0,2,0,0,0,0,2,0,0,0,0,2,0,2,2,0,0,0,0,NA,0,0,0,0,0,2,0,0,2,0,0,0,2,0,0,2,0,0,0,0,2,0,2,0,0,0,2,0,0,0,0,0,0,0,0,0,0,0,0,0,2,0,0,NA,0,2,0,0,0,2,0,2,0,2,0,0,0,2,0,2,0,0,0,0,0,0,0,0,0,0,0,0,0,0,0,2,0,0,0,0,0,0,2,0,0,0,0,0,2,0,0,0,0,2,0,0,2,0,0,0,2,0,NA,0,0,0,2,0,0,0,2,0,0,0,0,0,2,2,0,0,0,0,0,0,2,0,2,2,2,0,2,2,2,0,0,2,0,2,NA,0,0,0,0,0,0,0,2,0,2,0,0,2,0,0,0,0,2,0,0,2,0,0,0,2,2,0,0,0,0,0,0,0,0,0,0,0,0,0,0,2,0,0,0,0,2,0,0,0,2,0,0,0,0,0,0,0,0,0,0,0,2,2,0,2,0,0,2,0,0,0,0,0,0,0,0,0,0,2,0,2,0,0,0,0,0,2,0,0,0,0,2,0,0,0,0,2,2,0,0,0,0,0,0,0,0,0,0,0,0,0,0,0,0,0,0,0,0,0,0,0,0,0,2,0,0,0,0,2,0,0,0,0,0,0,0,0,0,0,2,2,0,0,0,2,0,0,0,0,2,0,0,0,0,0,2,0,0,0,0,0,0,0,2,0,0,0,2,0,0,0,0,0,0,0,0,0,2,0,0,0,0,0,0,0,0,0,0,0,0,2,0,0,0,2,0,0,0,0,0,0,0,0,0,0,0,0,0,0,0,0,0,2,0,0,2,2,0,2,0,0,0,0,2,0,0,0,2,0,2,0,0,0,0,2,2,2,0,0,0,2,0,2,2,0,0,0,0,0,0,0,0,2,2,0,0,0,0,2,2,0,2,2,0,0,0,0,0,0,2,0,0,0,0,0,0,0,2,0,2,2,0,0,0,0,0,0,0,0,2,0,0,0,0,0,0,0,0,2,NA,0,2,0,2,0,0,0,0,0,0,2,0,0,0,0,2,0,0,2,0,0,0,0,0,0,0,0,0,0,0,2,0,0,0,0,0,0,0,0,0,0,0,0,0,0,0,0,0,0,0,0,0,0,0,0,0,0,0,0,0,0,2,2,0,2,0,0,0,0,0,0,2,0,0,0,0,0,0,0,2,0,0,0,0,0,0,0,0,0,0,0,0,0,0,0,0,0,0,2,2,0,0,0,0,0,0,0,0,0,0,0,0,0,0,0,0,0,0,0,0,2,0,0,2,0,0,0,0,0,0,0,0,0,0,0,0,0,0,0,0,0,0,0,0,0,0,0,2,2,2,0,0,0,2,2,0,2,0,0,0,0,0,0,0,0,0,0,0,0,2,2,2,0,0,0,0,2,0,2,0,0,0,NA,2,2,0,0,0,0,0,2,0,0,0,0,0,2,2,0,0,2,0,0,2,2,0,2,2,0,0,0,2,0,0,0,0,0,2,0,0,0,2,2,0,0,0,2,0,0,0,0,2,0,0,2,0,0,2,NA,0,0,0,0,2,0,0,0,2,0,0,0,0,0,2,0,0,0,0,0,0,0,0,0,0,0,0,0,0,0,0,0,0,0,0,0,2,0,0,0,0,2,0,0,0,0,0,2,0,0,0,0,0,0,0,0,0,0,0,0,0,0,0,0,0,2,0,0,0,0,0,0,0,0,0,0,2,0,0,2,0,0,0,0,0,2,2,0,0,0,0,0,0,2,0,0,0,0,0,0,0,0,0,2,0,0,0,0,0,0,0,0,0,0,0,0,0,0,0,2,0,0,2,0,2,2,0,0,0,0,0,2,0,2,0,0,0,2,0,2,0,2,0,NA,2,2,2,0,2,2,0,0,0,0,2,0,0,2,2,2,0,2,0,0,0,0,2,0,0,2,0,2,0,0,0,0,2,0,0,2,0,0,0,0,0,0,0,0,0,0,0,2,0,0,0,0,0,0,0,0,0,0,2,0,0,0,0,2,0,0,0,0,0,0,2,0,0,0,0,0,0,0,0,0,0,0,0,2,0,2,0,0,0,0,0,0,0,0,0,2,2,0,0,0,0,0,0,2,0,0,2,0,0,0,0,2,0,0,0,2,0,0,0,0,2,0,0,0,0,0,2,0,0,0,0,0,0,0,0,0,2,0,0,2,0,0,0,0,0,0,0,0,0,0,0,0,0,0,0,0,0,2,0,0,0,0,0,0,0,0,0,0,2,NA,2,0,0,0,2,0,0,0,2,0,0,0,0,2,0,0,0,0,0,0,0,0,0,0,0,0,0,0,0,0,0,0,0,0,2,0,0,0,0,0,2,0,0,0,2,2,2,0,0,0,2,0,0,2,2,0,0,0,0,2,0,0,0,0,0,0,0,0,0,0,0,0,0,0,0,0,0,0,2,2,0,2,0,0,2,0,0,0,2,0,0,0,0,0,2,0,0,0,0,0,0,0,0,0,2,0,2,0,0,0,2,0,0,2,2,2,0,0,0,0,0,0,0,0,0,0,2,0,0,NA,0,2,0,0,2,0,0,0,2,0,2,2,0,0,0,0,0,0,0,0,0,2,0,0,0,2,2,0,0,0,0,2,0,0,2,2,0,2,0,0,0,0,0,0,2,0,0,2,0,0,0,0,0,0,0,0,0,0,0,0,2,2,2,0,0,0,0,2,0,0,0,0,0,0,0,2,0,0,2,0,0,2,0,0,2,0,0,0,0,0,2,0,0,2,0,0,0,2,0,0,2,NA,2,0,0,0,0,0,2,0,0,0,0,2,2,0,0,0,2,0,0,2,2,0,0,2,2,2,0,0,0,0,0,0,0,0,0,0,0,0,0,2,2,0,2,2,0,0,0,2,2,0,0,0,0,0,0,0,0,2,0,0,0,0,0,0,0,2,0,0,0,0,0,0,2,2,NA,2,2,0,0,0,0,0,0,0,0,0,2,0,0,0,2,2,0,NA,0,0,2,2,0,2,2,2,2,2,0,0,0,0,2,0,0,2,0,0,0,0,0,2,0,2,0,2,0,2,0,0,0,0,0,0,0,0,0,0,0,0,0,2,0,2,0,0,2,0,2,0,2,2,0,2,0,0,0,0,0,0,2,0,0,0,0,0,0,0,2,0,0,0,0,0,0,2,0,0,0,0,2,0,0,0,0,0,2,2,0,0,0,0,2,0,2,2,0,0,0,0,2,2,2,0,2,0,0,0,0,0,0,0,2,0,2,2,0,0,0,0,0,0,0,0,0,2,NA,0,0,0,0,0,0,0,2,0,0,0,0,2,2,0,0,2,0,0,2,NA,0,0,0,2,2,0,2,2,0,0,0,0,0,2,0,2,0,0,0,2,0,2,0,2,0,2,2,2,0,0,2,0,2,0,0,0,0,2,0,0,0,0,2,0,0,0,2,0,0,0,0,0,0,0,2,0,0,0,2,2,0,0,0,0,0,0,0,0,0,0,2,2,0,0,0,0,0,0,0,0,0,2,2,2,0,2,2,0,2,0,0,0,0,0,0,0,0,0,0,0,2,0,0,0,0,0,0,0,0,0,0,2,2,0,2,0,0,0,0,0,0,0,0,2,2,2,0,2,0,0,0,0,0,0,2,0,2,2,0,2,0,2,0,0,2,2,2,2,0,0,0,2,0,2,0,2,2,0,0,0,0,0,0,0,0,0,2,0,0,0,2,0,0,0,0,0,0,0,0,0,2,0,0,0,0,0,2,0,0,2,2,0,0,0,0,0,0,0,0,0,0,0,0,2,0,0,0,0,0,0,0,0,0,2,0,0,2,0,0,0,0,0,0,0,0,0,0,0,2,2,2,0,0,0,0,0,0,0,NA,0,0,0,2,0,2,0,0,0,0,0,2,2,0,2,0,0,0,0,0,0,2,0,0,0,0,0,2,2,0,2,0,2,2,0,0,0,0,2,2,2,2,2,NA,0,0,0,2,2,2,2,2,2,2,0,0,0,2,0,0,NA,2,NA,0,2,0,2,2,0,0,0,0,0,0,2,0,2,0,0,0,2,2,2,2,0,0,0,0,0,2,2,0,0,0,0,2,0,0,0,0,0,0,0,0,0,NA,0,0,2,2,0,0,0,0,0,0,0,0,0,0,0,0,0,2,2,0,2,2,0,0,0,0,0,0,0,0,2,0,0,2,0,0,0,0,0,2,0,2,2,0,2,0,0,0,0,0,0,0,0,0,0,0,0,0,0,0,0,0,2,0,0,2,2,2,2,2,2,0,0,0,0,0,0,0,0,0,0,0,2,0,2,2,2,0,0,0,2,NA,0,0,0,0,0,0,0,0,0,2,0,NA,2,0,0,2,0,0,0,0,0,0,0,2,0,0,0,0,0,2,0,0,0,0,2,0,2,2,0,NA,0,0,0,0,2,0,0,0,2,0,0,0,0,0,0,0,0,0,2,0,2,0,2,0,0,0,0,0,0,0,0,0,0,0,0,0,0,0,0,0,0,0,2,0,0,0,0,0,2,2,0,2,0,2,0,0,2,0,0,0,0,0,0,0,0,2,2,0,2,0,0,0,0,0,2,2,0,2,0,0,0,0,0,2,0,0,0,0,0,2,0,0,2,2,2,0,2,0,2,0,0,2,0,0,2,2,2,2,2,0,0,0,0,0,0,0,0,0
"CC14",0,0,0,0,0,0,0,0,0,0,2,0,0,0,0,0,0,0,0,0,2,0,0,2,0,0,0,0,0,0,0,0,0,2,0,0,0,0,0,2,0,0,0,0,0,0,2,2,0,0,0,0,0,0,0,2,2,0,0,0,0,2,0,0,2,0,0,0,0,0,0,2,0,0,0,0,0,0,0,0,0,0,0,0,0,0,0,0,2,0,0,0,0,0,0,0,0,0,0,0,0,0,0,0,0,0,0,0,0,0,2,2,0,0,0,0,0,0,0,2,0,0,0,0,0,0,0,2,2,0,2,0,0,0,0,0,0,0,0,0,0,0,2,0,0,0,0,0,0,2,2,0,0,0,0,0,0,0,0,0,0,0,0,0,0,0,0,0,2,0,0,0,2,0,0,0,0,0,0,0,0,0,0,0,2,0,0,2,0,0,0,0,2,0,2,0,0,0,0,0,0,0,0,0,0,0,0,0,2,0,2,0,0,0,0,2,0,0,0,2,2,0,2,0,0,0,0,0,0,2,2,0,0,0,0,0,2,0,0,0,0,0,0,0,0,2,0,0,0,0,0,0,0,0,0,0,0,2,0,0,2,0,0,0,0,0,2,2,0,2,0,0,0,0,2,0,2,2,2,0,2,0,0,0,0,0,0,2,0,2,0,2,2,0,0,2,0,0,2,2,0,0,0,0,2,0,2,0,2,0,0,0,0,0,0,0,0,0,0,2,0,0,2,0,0,0,0,0,2,0,0,0,2,0,0,2,0,0,0,0,0,0,0,0,0,0,0,0,0,0,2,0,0,2,0,0,0,0,0,0,0,0,0,0,0,0,0,0,0,0,0,0,0,0,0,0,0,0,0,0,0,0,0,0,0,0,0,0,0,0,0,0,0,0,0,0,0,0,0,0,0,0,0,0,0,0,0,0,0,0,0,0,0,0,0,0,0,0,0,0,0,0,0,0,0,0,0,0,2,0,0,0,0,2,0,0,0,0,0,0,0,0,0,0,0,0,0,0,0,0,0,0,0,0,0,0,0,0,0,0,0,0,0,0,0,0,0,2,0,0,0,0,0,0,0,0,0,2,0,0,0,0,0,0,2,2,0,0,2,0,0,0,0,0,0,0,2,0,0,2,0,0,0,0,0,0,0,0,2,0,0,2,0,0,0,0,0,0,0,0,0,2,0,0,0,0,0,0,0,0,2,0,0,0,0,2,0,2,0,2,0,0,0,0,0,0,0,2,0,2,0,0,0,2,0,0,0,2,2,2,0,0,0,0,2,0,2,0,NA,0,0,2,0,0,0,2,0,0,2,0,0,2,0,2,2,0,0,0,0,0,0,0,0,0,2,0,2,0,2,0,0,2,0,0,0,0,2,2,2,0,2,0,0,0,0,0,2,0,0,0,2,0,0,0,0,0,0,0,0,0,0,0,2,2,2,0,0,0,0,2,0,0,0,0,0,0,0,2,0,0,0,0,0,0,0,0,2,0,0,0,0,0,0,0,0,0,0,0,0,0,0,0,0,0,0,0,0,0,0,0,0,0,0,0,2,0,0,0,2,0,0,0,0,0,0,0,0,0,0,0,0,0,0,0,0,0,0,0,0,0,0,0,2,0,0,0,0,0,0,0,0,0,0,2,0,2,0,0,2,0,0,0,0,0,0,0,0,0,0,0,0,0,0,0,0,0,2,2,2,2,0,0,2,2,0,0,0,0,0,0,0,0,2,0,0,2,0,0,2,0,0,0,0,0,0,0,2,2,0,0,0,0,0,0,0,0,0,2,2,0,0,0,0,0,0,2,2,0,0,0,0,0,0,0,0,0,0,2,0,0,2,0,0,0,0,0,0,0,0,0,0,2,2,2,0,0,2,0,0,2,0,2,0,0,0,0,0,0,0,2,2,2,0,0,0,0,0,0,0,0,2,2,2,0,0,0,0,2,2,0,2,0,0,0,2,0,2,0,0,0,0,0,0,2,2,0,0,0,0,2,0,0,0,0,0,0,0,0,0,0,0,0,0,0,0,2,2,0,0,0,0,0,2,0,0,0,0,2,0,0,0,0,0,0,0,2,0,0,0,0,2,0,0,0,0,2,0,2,0,0,2,0,0,0,2,0,0,0,0,0,0,0,0,0,2,0,0,0,2,0,2,2,2,0,0,0,0,0,0,0,0,0,2,0,2,0,0,0,0,2,0,0,2,0,0,0,0,0,0,0,0,0,0,0,0,0,2,0,0,0,0,2,2,0,2,0,0,0,0,0,0,0,0,0,0,NA,2,2,2,0,0,0,0,0,0,2,0,0,0,0,0,0,0,0,NA,0,0,0,0,2,2,2,0,0,2,0,2,2,2,0,0,0,0,0,0,2,2,2,0,0,0,0,0,0,0,0,2,0,0,0,0,0,0,2,0,0,0,0,0,0,0,2,0,2,0,0,2,2,0,0,0,0,0,0,0,2,0,0,0,0,0,2,0,2,0,0,0,0,2,2,0,0,2,0,0,0,0,0,0,0,0,0,0,0,0,0,0,0,0,0,0,0,0,0,0,0,0,2,0,2,0,2,2,0,0,0,0,2,2,0,0,0,0,0,0,0,0,0,0,0,0,0,2,0,0,0,0,0,0,0,0,0,0,0,0,2,0,0,0,2,0,0,0,0,0,0,0,0,0,0,0,2,0,0,0,0,0,0,2,0,0,2,0,0,0,0,0,0,0,0,2,2,0,0,0,2,0,0,0,2,0,0,0,0,2,0,0,0,0,0,0,2,2,0,0,0,0,2,0,2,0,0,0,0,0,0,2,0,0,0,2,2,0,0,0,0,0,2,2,2,2,0,0,0,0,0,2,0,0,0,0,0,0,0,2,0,0,0,0,0,0,0,0,2,0,0,0,0,0,0,2,0,2,0,2,0,0,0,0,0,0,0,2,0,0,0,0,0,0,0,0,0,2,0,0,0,0,0,0,0,0,0,0,0,0,0,0,2,0,0,0,0,0,0,0,0,0,0,2,0,0,0,2,0,0,0,0,0,0,0,0,0,0,0,0,0,0,2,0,0,0,0,0,0,0,0,0,0,0,0,0,0,2,0,0,0,0,0,0,2,2,2,0,0,0,0,0,2,0,0,0,0,0,0,0,0,0,0,0,0,0,0,0,0,0,0,0,0,2,0,0,0,0,0,0,0,0,0,2,0,0,0,0,0,2,0,0,0,0,0,0,0,0,2,0,0,0,0,0,0,2,0,2,0,2,0,0,0,0,0,0,0,0,0,0,0,0,0,0,0,0,0,0,0,2,0,0,0,0,2,0,0,0,0,2,2,0,0,0,0,0,0,0,0,0,0,0,0,0,0,0,0,0,0,0,0,0,0,0,0,0,0,0,0,0,0,0,0,0,0,0,0,0,0,0,0,0,0,0,0,0,0,0,0,0,0,0,0,0,0,0,0,2,0,0,2,2,0,0,0,0,0,0,0,0,0,2,0,0,0,0,0,0,0,0,2,0,0,0,0,0,0,0,0,0,0,0,0,0,0,0,0,0,0,2,0,0,0,0,2,0,2,0,0,0,0,0,0,0,0,2,0,0,2,0,2,2,2,0,0,0,2,2,0,0,0,2,0,0,0,0,0,0,0,0,0,0,0,2,0,0,0,2,0,0,0,0,0,0,0,0,0,0,0,0,0,0,0,2,0,0,2,2,0,0,0,0,2,0,0,0,2,0,0,2,0,0,0,0,0,0,0,0,0,0,0,0,0,0,0,0,2,0,0,2,0,0,0,0,0,0,0,2,0,0,0,0,0,2,2,2,0,0,0,0,0,0,0,2,2,0,0,0,0,0,0,2,0,0,0,0,0,0,0,0,2,0,0,0,2,2,0,0,0,0,0,2,0,0,2,2,0,2,0,0,0,0,0,0,0,0,0,0,0,0,0,0,0,0,0,0,0,0,0,0,0,0,0,0,0,2,0,0,0,0,2,2,0,0,0,0,2,0,0,2,2,0,0,0,0,0,0,0,0,0,0,0,0,0,0,0,0,0,0,0,0,0,0,0,0,0,0,0,0,0,0,0,0,0,0,0,0,2,0,0,NA,0,0,0,0,0,0,0,0,2,0,0,0,2,2,0,0,0,0,0,0,0,0,0,0,0,2,0,0,0,0,0,2,0,0,0,0,2,0,0,0,0,0,0,0,0,0,0,2,0,0,0,0,0,0,0,0,0,0,2,0,0,0,0,0,0,0,0,0,0,0,0,0,0,0,0,0,2,0,0,0,0,0,0,0,0,0,0,0,0,0,0,0,0,0,0,0,0,0,0,0,0,0,0,2,0,0,2,0,0,0,0,0,0,0,0,0,0,0,0,0,2,0,0,0,0,0,2,0,2,0,0,0,0,0,0,0,0,0,0,0,0,0,0,0,0,0,0,0,0,0,0,2,0,0,0,0,0,0,2,2,0,2,0,0,0,0,0,0,0,0,0,2,0,0,2,2,0,0,0,0,0,0,0,0,0,2,0,0,0,0,0,0,0,0,0,0,0,0,0,0,0,0,0,0,0,0,0,2,0,2,0,0,0,0,0,0,0,0,2,2,0,0,0,0,0,2,0,0,0,0,0,0,0,0,0,0,0,0,2,0,0,2,0,0,0,0,0,0,0,2,0,0,0,0,0,2,2,0,0,0,0,2,0,0,0,0,0,0,0,0,2,2,0,0,2,0,2,2,0,2,0,2,0,0,0,0,0,0,0,0,0,0,0,0,0,0,0,0,0,0,0,0,0,0,0,0,0,0,2,0,0,0,2,0,0,0,0,2,0,0,0,0,0,0,0,0,0,2,0,0,0,0,0,0,0,0,0,0,0,0,0,0,0,0,0,0,0,0,0,0,0,0,0,0,0,0,0,0,0,2,0,0,0,0,0,2,0,0,0,0,0,0,0,0,2,0,2,0,0,0,0,2,0,2,0,0,2,0,0,0,0,0,0,2,0,0,0,0,0,0,0,0,0,2,0,0,2,0,0,0,0,0,0,0,0,0,0,2,0,0,0,0,2,0,0,0,0,0,0,0,0,0,0,0,2,2,2,0,2,0,0,0,0,0,0,2,0,0,0,2,0,0,0,0,0,0,0,2,2,0,2,2,0,0,0,0,0,0,2,0,2,0,0,0,0,0,0,0,0,0,0,0,0,0,0,0,0,0,0,0,0,2,0,0,2,0,0,0,0,0,0,0,0,0,0,0,0,2,0,0,0,0,0,2,0,0,0,0,0,0,0,0,0,0,0,0,0,2,0,0,0,0,0,0,0,0,0,0,0,0,2,2,0,0,0,0,0,0,0,0,0,0,0,0,0,0,0,0,0,0,0,0,2,0,0,0,0,2,0,0,0,0,2,0,0,0,0,0,0,0,0,0,0,2,0,0,2,0,0,0,0,2,0,0,0,0,0,0,NA,NA,0,0,0,0,0,0,0,0,0,0,0,0,0,0,0,0,0,2,0,0,0,2,0,0,0,0,2,0,0,0,0,2,0,0,0,0,0,0,0,0,0,0,2,2,0,0,0,0,0,0,0,0,0,0,0,0,0,0,0,0,0,0,0,0,0,0,0,0,0,0,2,0,0,0,0,0,2,0,0,0,2,2,0,0,0,2,2,0,0,0,0,0,0,2,2,0,0,0,0,0,0,0,2,2,2,0,0,0,0,0,0,0,0,0,0,2,2,0,0,0,0,0,0,0,0,0,0,2,0,2,2,0,0,2,2,0,0,0,0,0,0,0,0,0,0,0,0,0,0,0,2,2,0,0,0,0,2,0,0,0,0,0,2,0,0,0,0,0,0,0,0,2,0,2,0,2,0,0,2,0,0,0,2,0,2,0,0,0,0,0,0,2,0,0,0,0,0,2,0,0,0,2,0,0,0,0,0,0,0,0,0,0,0,0,0,0,0,0,0,0,0,0,0,2,0,0,0,0,0,0,0,0,0,0,0,0,0,0,0,0,0,2,0,0,0,0,0,0,0,0,0,0,0,0,0,0,0,2,0,0,0,0,0,0,0,0,0,2,0,0,0,0,0,0,0,0,0,0,0,2,0,0,0,0,0,0,0,0,0,0,0,0,0,0,2,0,0,2,0,0,0,0,0,2,2,0,0,0,0,0,0,0,0,0,0,0,0,0,0,0,0,0,0,2,0,2,0,0,2,0,0,0,0,0,0,0,0,2,0,0,0,2,0,0,0,0,2,0,0,0,0,0,2,0,0,0,0,0,0,0,0,0,0,2,0,0,0,0,0,0,0,0,0,0,0,0,0,0,2,0,0,0,0,2,0,0,0,0,0,2,0,0,2,0,0,0,0,0,0,0,0,0,0,0,2,2,0,0,0,0,0,2,0,0,2,0,0,0,2,0,0,0,0,2,0,2,0,2,0,2,0,0,2,0,2,0,0,0,0,2,0,0,2,0,0,2,0,2,0,0,0,0,2,0,2,0,2,0,0,0,0,0,2,0,2,2,0,0,2,0,2,0,0,0,2,2,0,0,0,0,0,0,0,2,2,0,2,0,2,0,0,0,2,0,2,2,0,0,0,2,0,0,0,0,2,2,0,0,2,0,0,0,0,2,0,0,2,0,0,0,2,0,2,0,0,0,0,0,2,0,2,0,2,0,0,0,0,0,0,2,0,0,0,0,2,0,0,0,0,0,0,0,0,2,0,0,0,0,0,0,0,0,0,0,0,0,0,0,0,0,0,0,0,0,0,0,0,0,2,0,0,0,0,0,2,2,0,0,0,0,0,0,0,0,0,2,0,2,0,2,0,2,0,0,0,0,0,0,0,0,2,0,2,2,0,0,0,0,0,0,0,0,2,0,0,0,0,0,0,0,0,0,0,0,0,0,0,0,0,2,2,0,0,0,0,2,0,2,0,0,0,0,0,2,0,0,0,0,0,0,2,0,0,0,0,0,0,2,0,2,0,0,0,2,0,0,2,0,0,0,0,0,0,0,2,0,0,2,0,0,2,0,0,2,2,0,0,0,2,0,0,0,0,0,2,0,0,0,0,0,0,2,0,2,0,0,2,0,0,0,2,0,0,0,0,2,2,0,2,2,0,0,0,0,0,2,0,0,0,0,0,2,2,2,2,0,2,0,0,0,0,2,0,0,0,0,0,0,0,0,0,0,2,0,2,0,0,0,0,2,0,0,0,0,0,2,0,0,0,0,0,0,0,2,2,0,0,0,0,0,0,2,0,0,0,0,0,0,0,0,0,0,0,2,0,0,0,0,0,0,0,0,2,0,0,0,0,0,0,0,0,0,0,0,0,0,0,0,0,0,0,0,0,0,0,0,0,2,0,0,0,0,0,0,0,0,0,0,0,0,0,2,0,2,0,0,0,0,2,0,0,0,0,0,0,0,0,2,0,0,0,0,2,0,0,0,0,2,2,0,0,0,0,0,0,0,0,0,0,0,2,0,0,0,2,0,2,0,0,0,0,0,0,0,2,0,0,2,0,0,2,0,0,0,0,0,0,0,0,0,0,0,0,0,0,0,0,0,2,0,0,0,2,0,0,0,0,0,0,0,0,2,2,0,0,0,0,0,0,0,0,0,0,0,2,0,2,0,0,0,0,0,0,0,0,0,0,0,0,0,0,0,0,0,0,0,0,0,0,0,0,0,0,0,2,2,0,2,0,0,0,0,0,0,0,2,0,0,0,0,0,0,0,0,0,0,0,0,0,0,0,0,0,0,0,0,0,0,0,0,0,0,0,0,0,0,0,0,2,0,0,0,0,0,0,0,0,0,0,0,0,0,0,0,0,0,0,0,0,2,0,0,0,0,0,2,0,0,0,0,0,0,0,0,0,2,0,2,0,0,2,0,0,0,0,0,2,2,0,0,0,0,0,0,2,0,0,0,0,0,0,0,0,0,2,0,0,0,0,0,0,0,0,0,0,0,0,2,0,0,0,2,2,0,0,0,0,0,0,0,0,0,2,0,0,0,0,0,0,2,2,0,0,2,0,0,0,0,0,0,0,0,0,0,0,0,0,2,0,2,2,0,0,0,0,2,2,0,0,0,2,2,2,0,2,2,0,2,2,0,0,0,0,0,0,0,2,0,0,0,0,0,0,0,2,0,2,0,0,0,0,0,0,0,0,0,2,0,0,2,0,0,2,0,2,0,2,2,2,0,2,2,0,2,0,0,2,0,0,0,0,0,2,2,2,0,0,0,0,0,0,2,0,0,2,0,0,2,0,0,0,0,0,0,0,0,0,2,2,0,0,0,2,0,2,0,0,2,0,0,0,0,2,2,0,0,0,0,2,0,0,0,0,0,0,0,0,0,0,2,0,0,0,0,0,0,0,0,0,2,2,0,2,2,2,2,2,2,2,0,2,0,0,0,0,0,2,0,2,0,2,0,2,0,0,2,0,0,0,0,0,0,0,0,0,0,0,0,2,0,2,0,2,0,0,2,2,0,0,0,0,0,0,0,0,0,2,0,0,0,0,0,0,0,0,0,0,0,2,0,0,0,0,2,0,0,0,0,0,0,0,0,0,2,0,0,0,2,0,0,0,0,0,0,0,0,0,0,2,0,0,0,0,0,0,0,0,0,0,2,0,0,0,0,0,0,0,0,2,2,0,2,0,0,0,0,0,0,2,0,0,0,0,0,0,0,0,0,2,0,0,0,0,0,0,0,0,2,0,0,2,0,0,0,0,0,2,0,0,0,0,0,0,0,0,0,2,0,0,0,0,0,0,0,0,0,0,0,0,0,0,0,0,0,0,2,0,0,0,0,0,0,0,0,0,0,2,0,0,0,0,0,0,0,0,0,2,0,0,0,0,0,0,0,0,2,0,0,2,0,0,0,2,0,2,0,0,2,0,0,0,2,2,0,0,0,0,0,0,0,0,0,0,0,0,0,0,0,0,0,2,0,0,0,0,0,0,0,0,0,0,0,0,0,0,0,0,0,0,0,0,0,2,0,2,0,0,0,0,0,0,0,0,0,0,0,0,0,0,0,0,2,0,0,0,0,0,0,2,0,0,0,0,0,2,0,0,2,0,0,0,0,0,0,0,0,0,0,0,2,0,0,0,0,0,0,0,0,0,0,NA,2,0,0,0,0,0,0,0,0,0,0,0,0,0,0,0,0,0,0,0,0,0,2,2,0,0,0,0,0,0,0,2,0,0,0,2,2,0,0,0,0,0,0,0,0,2,2,0,0,0,0,0,0,0,0,0,0,0,2,0,0,0,2,2,0,0,0,0,0,0,0,0,0,0,0,0,2,2,0,0,2,0,2,0,0,0,0,0,0,2,0,0,0,2,0,2,0,0,0,0,2,0,2,0,0,0,0,0,0,0,2,2,0,0,0,0,2,0,0,2,0,0,0,2,2,2,0,0,0,0,0,0,0,0,0,NA,0,0,0,0,2,0,0,0,2,0,0,0,0,2,0,0,0,0,0,0,0,0,0,2,0,2,0,0,0,0,0,0,0,2,2,0,0,0,0,0,0,2,0,2,0,0,0,2,2,0,0,0,0,2,2,2,0,0,0,0,0,2,0,0,0,0,0,2,2,2,0,0,2,0,0,0,0,0,0,0,0,2,0,0,0,0,0,0,NA,0,NA,2,0,0,0,0,0,0,0,2,0,0,0,0,0,0,0,0,0,0,0,0,0,0,0,0,2,2,0,2,0,0,0,0,0,2,2,0,2,0,0,0,0,0,0,0,0,0,0,0,2,0,0,0,0,0,2,0,2,0,0,0,0,0,0,2,0,0,0,0,2,2,0,0,0,0,0,2,0,0,0,0,0,0,2,0,0,0,0,0,0,2,0,0,2,0,0,0,0,0,0,0,0,0,0,2,2,2,0,0,0,0,0,2,0,0,0,0,0,0,0,0,0,2,0,0,0,2,0,0,0,0,0,0,0,0,0,0,0,0,0,0,0,0,0,2,2,2,0,0,0,0,0,0,0,0,0,0,0,0,0,2,0,0,0,0,0,0,2,0,0,0,0,0,0,0,0,0,2,0,2,2,0,0,0,0,0,0,2,0,0,0,0,0,2,0,0,0,0,0,0,0,0,0,0,0,0,0,2,0,2,2,0,0,2,0,0,0,0,2,0,0,2,0,2,0,2,0,0,0,0,2,0,0,0,0,0,0,2,0,0,2,0,0,0,0,2,0,0,0,0,0,0,2,0,0,0,2,0,0,0,0,0,0,0,0,0,0,0,2,0,2,0,0,2,2,2,0,0,2,0,0,0,0,0,0,0,0,0,0,0,0,0,0,0,0,0,2,0,0,0,0,0,2,0,0,0,0,0,0,0,0,0,0,2,0,0,0,2,0,0,0,0,0,0,0,0,0,0,2,0,2,0,2,2,0,0,0,0,0,0,0,0,2,2,2,0,2,2,0,0,0,0,2,0,0,0,0,0,0,0,0,0,0,0,2,0,0,0,0,0,0,0,0,0,2,2,0,0,0,0,0,0,0,0,0,2,0,2,0,0,2,0,0,2,2,2,0,0,0,0,0,0,0,0,2,0,0,2,0,2,0,0,0,0,0,0,0,2,2,0,0,0,2,0,0,0,0,0,0,0,2,0,0,2,0,0,2,0,0,0,0,0,2,0,0,0,0,2,0,2,0,0,2,0,0,0,0,0,0,0,0,0,2,0,0,0,2,0,0,0,2,0,0,0,2,0,0,2,0,0,0,2,0,0,0,0,2,0,0,2,0,2,0,0,0,0,0,0,2,0,0,0,2,2,0,0,2,0,0,0,0,0,0,2,0,0,0,0,0,0,0,0,0,0,0,0,0,0,0,0,0,0,0,0,0,0,0,0,0,2,0,2,0,2,0,0,0,0,0,2,0,0,0,0,0,0,0,0,0,0,0,0,0,0,2,0,0,0,0,0,0,2,0,0,0,0,0,0,0,0,0,0,2,0,0,0,2,2,0,0,0,0,0,0,0,0,0,0,0,2,2,0,0,0,0,0,2,2,2,0,0,0,2,0,2,0,0,0,0,2,0,0,0,0,0,0,0,0,0,0,2,2,0,0,0,0,0,2,0,0,0,0,0,0,0,0,0,0,2,0,0,0,0,0,0,0,2,0,2,0,0,0,0,0,0,0,0,0,0,0,0,0,2,0,0,0,0,0,0,0,0,0,0,0,0,0,0,2,0,0,0,0,0,0,2,0,2,0,0,0,0,2,2,2,0,0,0,0,0,0,0,2,0,0,0,2,2,0,0,2,0,0,2,0,0,0,0,0,0,0,0,0,2,2,0,0,0,0,0,2,0,0,0,0,2,0,0,2,2,0,0,0,0,0,2,0,0,0,0,0,0,2,0,2,0,0,2,0,2,0,0,0,0,0,2,0,0,0,0,0,0,0,2,2,0,0,0,0,0,0,0,0,0,0,0,0,0,2,0,0,0,0,0,0,2,0,0,0,2,0,2,0,0,2,0,0,0,0,0,2,0,0,0,0,0,0,0,0,0,0,0,0,0,0,0,0,2,0,NA,0,0,0,0,0,0,0,0,0,0,0,0,0,0,0,2,0,0,0,0,0,0,0,2,0,0,0,0,0,0,2,0,0,0,0,0,0,0,0,0,0,0,2,2,0,0,0,0,2,0,0,0,0,0,2,0,0,0,0,0,0,0,0,0,2,0,0,0,2,2,0,0,0,0,0,0,0,0,0,0,0,2,0,2,0,0,0,0,0,0,0,0,0,0,2,0,0,0,0,0,0,0
"CC140",2,0,0,0,2,0,2,0,0,0,0,0,0,0,0,0,0,0,0,0,2,0,0,0,2,0,0,0,0,0,0,0,0,0,0,0,0,2,2,0,2,0,0,0,0,0,0,0,0,0,0,0,0,0,0,0,2,0,0,0,0,0,2,0,0,2,0,0,0,0,2,0,0,0,0,0,0,0,0,2,0,0,0,0,0,0,0,0,0,0,0,0,0,0,0,0,0,0,0,0,2,0,2,2,2,0,0,2,0,2,0,0,2,0,0,0,2,0,0,2,0,0,2,0,0,0,0,0,2,0,2,0,2,2,0,0,0,0,0,0,0,0,0,0,0,0,0,0,0,0,2,0,0,0,0,0,0,2,0,0,0,0,0,0,0,0,2,0,0,0,2,0,0,0,0,0,0,0,0,2,2,0,0,0,2,0,0,0,2,2,0,2,2,0,0,NA,2,2,2,0,NA,0,0,0,0,2,0,0,0,0,0,0,0,0,0,0,2,2,0,0,2,0,0,0,0,0,0,0,0,0,0,0,0,2,0,0,0,0,0,0,0,0,0,0,0,0,0,2,0,0,2,0,0,0,0,2,0,0,0,0,0,0,0,0,0,0,0,0,0,0,0,0,0,0,0,0,2,2,2,0,0,0,2,2,0,0,2,0,0,2,0,2,2,0,0,0,0,0,0,0,2,2,0,2,0,0,2,0,2,0,0,0,0,0,2,2,0,2,0,0,0,0,0,2,0,0,0,2,2,0,0,0,0,0,0,0,0,0,2,0,0,2,0,2,0,2,0,0,0,0,0,0,0,0,0,0,2,0,0,0,0,0,2,0,0,0,0,0,0,2,0,0,NA,0,0,0,0,0,2,0,0,0,0,0,0,0,2,2,2,0,0,2,0,0,0,0,0,2,0,0,2,0,2,2,0,2,0,0,0,2,0,0,0,0,0,2,0,2,0,0,0,2,0,0,0,0,0,0,0,0,0,0,0,0,0,0,0,0,2,0,0,0,0,0,0,2,0,0,2,0,0,0,2,0,2,2,2,0,0,2,2,2,2,0,0,0,0,2,0,0,0,2,2,0,0,0,0,0,0,0,0,0,0,2,0,0,0,0,0,0,0,0,0,0,0,0,0,0,0,0,0,0,0,2,0,2,0,0,0,NA,2,0,0,0,0,2,0,2,0,0,0,0,0,0,0,0,0,0,0,0,0,0,2,0,2,0,2,0,0,0,2,0,0,0,0,0,0,0,0,0,2,0,0,2,0,2,0,0,0,0,0,0,0,2,0,0,2,0,0,0,0,0,0,0,2,0,0,0,2,2,0,2,0,0,0,0,0,0,2,2,0,2,0,2,0,0,0,2,2,0,0,0,0,2,0,0,0,0,0,0,0,0,0,0,0,0,0,2,0,0,0,0,0,0,NA,0,0,0,0,0,0,0,0,2,2,0,0,0,0,2,0,0,0,0,0,0,0,0,2,0,0,2,0,0,0,0,2,2,2,2,0,0,0,2,2,2,2,0,0,2,0,0,0,0,0,0,0,2,2,0,0,0,0,0,0,0,0,0,0,0,0,0,0,0,0,0,2,2,2,2,0,2,0,0,0,2,2,0,2,0,0,2,2,0,2,0,2,0,0,0,0,2,0,2,0,0,2,0,0,2,0,2,0,0,0,0,0,0,0,0,0,0,0,0,0,0,2,2,2,2,0,0,2,2,0,0,2,0,2,0,0,0,0,0,0,2,0,0,2,2,0,2,0,2,0,0,0,0,0,0,2,2,2,0,0,0,0,2,2,2,0,0,2,0,0,2,0,0,0,2,0,0,0,0,2,2,0,2,2,2,0,0,2,0,2,0,2,0,2,2,0,0,0,2,0,2,0,0,0,2,2,0,0,0,0,0,0,0,0,2,0,0,0,2,0,0,0,0,0,0,2,0,0,0,0,0,2,2,0,2,0,0,2,0,2,0,2,0,0,0,2,2,2,0,2,0,0,0,0,0,0,0,0,0,2,2,0,0,0,2,0,2,0,2,0,2,0,0,0,0,0,2,2,0,2,0,2,0,0,0,0,2,2,0,0,0,0,0,2,0,0,0,0,0,0,0,0,0,0,0,2,0,0,0,0,0,0,0,0,2,0,2,0,0,0,0,0,2,2,0,0,2,0,0,0,0,0,0,0,0,0,0,0,0,0,0,0,0,0,0,0,0,2,0,0,0,0,0,2,2,0,0,0,0,0,0,2,0,0,2,2,2,2,0,2,0,2,0,0,0,2,0,2,0,0,0,0,2,0,0,0,0,0,0,0,0,0,2,0,0,0,0,0,0,2,0,0,0,0,0,0,2,2,0,2,0,2,2,0,0,0,0,0,0,0,0,2,0,0,0,0,2,0,0,2,2,2,2,0,0,0,0,0,2,2,0,0,0,0,2,0,2,2,0,0,2,0,0,2,0,0,2,2,0,0,2,0,2,0,0,0,2,2,0,0,0,0,0,2,2,0,0,2,0,0,0,0,0,0,0,0,0,0,0,0,2,0,2,2,0,0,2,0,0,0,2,0,0,0,0,0,0,2,2,0,0,0,2,2,0,2,2,0,0,0,0,0,0,2,2,0,0,0,0,2,2,0,0,0,0,0,0,0,0,0,2,0,0,0,0,0,0,0,0,2,0,2,0,2,0,2,0,0,0,0,0,0,0,2,0,0,0,0,0,0,0,0,2,0,0,0,0,0,2,0,2,0,0,2,0,0,2,0,2,2,0,0,0,0,0,2,0,0,0,0,0,0,2,0,0,0,2,0,0,0,0,0,2,0,0,2,0,2,2,0,2,2,0,0,0,0,0,0,2,2,0,0,0,0,0,0,0,0,0,0,0,0,0,0,2,2,0,2,0,0,0,2,0,2,0,0,2,0,0,0,2,0,0,0,0,2,0,0,0,0,0,0,0,0,0,0,0,0,0,2,0,2,0,0,0,0,0,2,0,0,0,0,0,0,0,0,0,0,0,0,0,0,0,0,2,2,0,0,0,2,2,0,0,0,0,0,2,NA,0,0,0,0,0,0,0,0,2,0,0,2,0,0,0,0,2,2,2,2,2,0,0,0,0,2,0,0,0,0,0,2,0,2,0,0,0,0,0,0,0,0,0,0,0,0,0,0,0,0,0,2,0,0,0,2,0,0,2,0,0,2,2,0,0,0,0,0,0,2,0,2,0,0,NA,0,0,2,0,0,0,0,0,0,0,0,0,0,0,0,2,0,0,2,0,2,0,0,0,0,0,0,0,0,0,0,0,0,0,0,0,2,0,0,0,0,2,0,0,0,0,0,2,0,0,0,2,2,0,2,0,0,0,0,0,0,0,0,0,0,0,NA,0,0,0,0,0,2,0,0,0,0,0,0,0,2,0,2,0,0,0,0,0,0,0,2,0,0,0,0,0,0,2,0,2,0,0,2,2,0,2,0,0,2,2,2,0,0,0,0,0,0,0,0,0,2,0,0,0,0,0,0,2,0,0,0,2,2,0,0,0,0,0,0,0,0,2,0,0,0,0,0,2,0,2,0,0,0,2,2,0,0,0,0,0,0,0,0,2,2,2,0,2,0,0,0,2,0,0,0,0,0,0,0,2,0,0,0,0,0,0,0,0,2,2,0,2,0,0,0,2,0,0,0,0,0,2,0,2,0,0,0,0,0,0,0,0,0,2,0,0,0,0,0,2,0,0,0,2,0,0,0,0,0,0,0,0,0,2,0,0,0,2,0,2,0,0,0,2,0,0,0,2,0,0,0,0,2,0,2,0,0,2,0,0,0,0,0,0,0,2,0,2,2,2,0,0,0,0,2,0,0,2,0,0,0,0,2,0,0,2,2,0,0,2,0,0,0,0,0,0,2,0,0,0,0,0,2,0,2,0,0,0,2,0,0,0,0,0,0,0,NA,0,0,0,0,0,0,0,0,0,0,2,2,0,0,0,0,0,0,0,0,0,2,0,0,0,0,0,0,0,0,0,0,0,0,0,0,0,0,2,2,0,0,0,0,0,0,0,2,0,0,0,0,0,0,0,0,0,0,0,0,0,0,2,2,2,0,0,0,0,0,2,0,0,0,0,2,0,0,0,0,0,0,0,0,0,0,2,2,0,0,2,0,0,0,0,0,0,0,2,0,0,0,0,2,2,0,0,0,0,0,2,0,0,0,0,0,0,0,2,2,2,0,0,2,0,0,0,0,0,2,0,0,0,0,0,0,0,0,0,0,2,0,0,2,0,0,0,0,0,0,0,0,0,0,2,0,0,0,0,0,0,2,2,2,0,2,0,0,2,2,0,0,0,0,0,0,2,0,0,0,0,0,0,0,0,0,2,0,0,0,0,2,0,0,0,0,0,0,0,2,0,0,0,0,0,0,0,0,0,2,0,0,2,0,0,0,0,0,0,2,0,0,0,0,0,0,0,0,0,0,2,0,0,0,0,0,0,0,0,0,2,0,0,0,2,0,0,0,0,0,2,0,0,0,0,2,0,0,0,0,0,0,0,0,0,0,0,0,0,0,2,0,0,2,0,0,0,0,2,2,0,0,0,0,2,0,0,0,0,0,2,0,0,0,0,0,0,0,2,2,0,2,0,0,0,0,0,0,0,0,0,0,0,0,0,0,0,0,0,0,0,2,0,0,0,0,0,0,0,0,0,0,0,2,0,0,0,0,2,0,0,0,0,0,0,2,0,0,0,0,0,2,0,0,0,2,0,0,0,0,2,0,2,0,0,2,2,0,0,0,0,2,0,0,0,0,0,2,2,2,0,0,0,0,0,0,0,0,2,0,2,0,0,0,0,0,0,0,0,0,0,2,0,2,0,0,0,0,0,2,0,0,0,0,0,0,0,0,0,0,0,0,0,0,0,0,0,0,0,0,0,0,0,0,0,0,0,0,0,0,2,0,2,0,2,0,2,0,0,0,0,0,2,0,0,0,2,0,2,2,2,0,0,0,0,2,0,0,0,0,0,0,0,2,2,0,0,0,0,0,2,0,0,0,0,0,0,0,2,0,2,0,0,0,2,0,0,0,0,0,2,0,0,0,0,0,0,0,0,0,0,0,0,0,0,0,0,0,0,0,0,0,0,0,0,0,0,0,0,0,0,0,0,2,0,0,0,0,0,0,0,0,2,0,2,2,2,0,2,0,NA,0,0,2,0,0,0,0,2,0,0,2,0,0,0,0,0,2,0,0,0,0,0,0,0,0,0,0,0,2,0,0,0,2,0,2,0,0,2,0,0,0,0,0,0,0,0,0,0,0,0,0,2,0,0,2,0,2,0,0,2,2,2,0,0,0,0,0,0,0,2,0,2,0,0,0,0,0,0,0,2,2,0,0,0,0,0,0,2,2,0,0,2,0,2,0,0,0,0,2,0,0,0,0,0,0,0,0,0,0,0,2,0,0,0,0,0,0,0,2,2,0,0,0,0,0,0,0,0,2,0,0,2,0,0,2,2,0,0,0,2,0,0,0,0,0,0,0,0,0,0,0,0,0,0,0,0,2,0,0,2,2,0,0,0,0,0,0,0,0,0,0,0,0,0,0,0,0,2,0,0,0,0,0,0,0,0,0,0,0,0,2,0,0,0,0,0,2,0,0,0,0,2,0,0,0,2,2,0,0,0,0,0,2,0,0,0,2,0,0,0,0,2,0,2,0,0,0,0,2,0,0,0,0,0,2,0,0,0,0,0,0,0,2,0,0,0,0,0,0,0,0,0,0,0,0,0,0,0,2,0,0,0,0,0,0,0,0,0,2,0,0,2,0,0,2,0,2,0,0,0,0,0,2,0,0,0,2,0,0,0,2,0,0,2,0,0,0,0,2,0,0,0,2,2,0,0,0,0,0,0,0,0,0,0,0,2,2,0,2,NA,0,0,0,0,0,2,2,2,0,0,0,0,0,0,0,0,0,0,0,0,0,0,0,2,0,0,0,0,0,2,0,2,0,2,2,0,2,0,0,2,0,2,0,0,0,2,0,2,0,2,0,2,0,0,0,2,2,0,2,0,0,0,0,2,0,2,2,0,0,2,0,0,0,2,0,2,0,0,0,0,0,0,0,0,0,0,2,0,0,0,0,0,0,0,0,2,0,0,0,0,2,2,2,2,2,2,2,0,0,0,0,0,0,0,0,0,0,0,0,0,2,2,0,2,0,0,2,0,0,2,0,2,2,0,0,0,0,0,0,0,2,0,0,0,0,0,0,0,0,0,0,0,0,0,0,0,0,2,0,2,0,2,0,0,2,0,0,0,0,2,0,0,2,2,0,0,2,0,0,2,2,0,0,0,0,0,2,2,2,0,0,2,0,0,NA,0,0,0,0,0,0,0,0,0,2,2,0,0,0,0,0,0,0,0,0,2,0,0,0,0,2,0,0,2,0,0,0,2,0,2,0,0,0,2,0,0,0,0,0,0,0,0,0,0,0,0,0,0,2,0,0,2,0,2,2,0,2,0,2,2,0,0,0,0,0,2,0,0,0,0,0,0,0,2,2,2,0,0,0,0,0,0,0,0,2,0,0,0,2,0,0,0,0,2,0,0,2,0,2,0,0,2,0,0,0,0,0,0,0,0,0,0,0,0,0,0,0,0,0,0,0,0,0,0,0,0,0,2,0,0,0,0,0,2,0,0,0,2,0,0,0,2,0,0,0,0,0,0,2,0,0,0,2,0,0,0,0,0,0,0,2,0,0,0,0,0,0,0,2,0,0,0,2,0,0,0,0,0,0,0,0,0,0,0,0,0,0,0,0,2,2,0,2,0,2,0,0,0,0,0,2,0,0,0,0,2,NA,0,0,2,0,0,0,2,0,0,0,0,2,0,0,0,0,0,0,0,0,0,0,2,0,0,0,2,0,0,0,0,2,0,0,0,0,0,0,0,0,0,0,0,0,2,0,0,0,0,0,0,0,0,0,0,0,0,0,0,0,2,0,0,0,0,2,0,0,0,0,0,0,0,0,0,0,0,0,0,2,0,2,0,0,0,2,0,0,0,0,2,0,0,0,2,0,0,0,2,0,0,0,2,0,0,2,0,0,0,0,2,0,0,2,0,0,0,0,0,0,0,0,0,0,0,0,0,2,0,0,0,2,0,0,0,0,0,0,0,0,0,0,0,0,0,0,0,0,0,0,0,0,0,0,0,0,0,0,0,0,0,0,0,0,2,0,2,0,0,0,0,0,2,0,2,0,0,2,0,0,0,0,0,2,2,0,0,0,0,0,2,2,0,2,0,0,2,0,0,0,0,0,0,0,0,2,0,0,0,0,0,0,0,0,0,0,0,0,0,0,0,0,0,0,0,0,0,0,0,0,0,0,0,0,0,0,0,0,0,0,0,2,0,2,0,0,2,0,0,0,2,2,0,0,0,0,0,0,0,0,0,0,0,0,2,0,0,0,0,0,0,2,0,0,2,0,0,2,0,0,0,0,0,0,2,0,2,0,2,2,0,0,0,0,0,0,0,2,0,0,0,0,0,0,0,0,0,2,0,2,0,0,2,0,2,0,0,0,0,0,2,0,0,0,0,0,0,0,0,2,0,0,0,0,0,0,0,0,0,0,0,0,0,0,0,0,0,0,0,0,0,0,0,0,0,0,0,2,2,2,0,0,0,0,2,2,2,0,0,0,0,0,0,0,0,0,2,0,0,2,2,2,0,0,0,0,2,0,0,2,0,0,0,2,0,2,0,0,0,0,0,0,0,0,0,0,2,0,0,0,0,0,0,0,2,0,0,0,0,0,0,0,2,0,0,2,0,0,0,0,0,0,0,0,0,0,0,0,0,0,0,2,2,0,0,0,0,0,0,0,2,2,0,2,0,2,2,2,2,0,0,2,2,0,2,2,0,0,2,2,0,0,2,2,0,0,0,2,0,0,0,0,2,0,0,0,2,0,2,0,0,2,0,2,0,0,0,0,0,0,2,2,0,0,0,2,0,0,0,0,0,0,0,0,0,0,0,2,2,0,0,0,0,0,0,0,0,0,0,0,0,0,0,0,0,2,2,0,0,2,0,0,0,0,0,2,0,0,2,0,0,2,0,0,2,2,0,2,0,0,0,0,0,0,0,0,0,0,0,2,0,0,0,0,2,2,0,0,2,0,0,0,0,0,0,0,2,0,0,0,0,0,0,0,0,0,0,0,0,0,0,0,0,0,0,2,0,0,0,2,0,0,0,0,0,2,2,2,0,0,2,0,0,0,2,0,2,2,0,0,0,0,0,2,0,0,0,0,0,0,2,2,0,0,0,2,2,2,2,0,2,NA,0,0,0,2,0,0,2,0,0,2,0,0,0,NA,2,2,0,0,0,0,2,0,0,0,0,0,2,0,0,2,2,0,0,2,2,2,2,2,2,2,0,0,0,0,0,0,0,0,0,2,0,2,0,2,0,0,2,0,0,2,2,2,0,0,0,0,0,0,0,2,0,2,0,0,0,0,2,2,0,0,0,0,0,0,0,0,0,0,0,0,0,0,0,2,0,2,0,0,0,2,0,0,0,0,0,0,0,0,0,0,2,0,0,0,0,0,0,0,0,0,2,0,0,0,0,0,0,0,0,0,0,2,0,0,0,0,0,2,0,0,2,2,0,2,0,0,0,0,0,2,0,0,2,0,0,0,0,0,0,2,0,0,0,0,0,0,2,0,0,0,0,0,0,0,2,0,0,2,0,0,2,0,0,0,0,0,2,0,0,0,0,0,0,0,0,0,0,0,0,0,2,0,0,0,0,0,0,0,0,2,0,2,0,2,2,0,0,2,0,0,2,2,0,0,0,0,0,2,0,0,0,0,0,0,0,0,0,2,0,0,0,0,0,2,0,2,0,0,2,0,0,0,0,0,2,0,0,0,2,0,0,0,0,0,2,0,2,0,2,0,0,0,2,2,2,0,0,0,0,0,0,0,0,0,0,0,0,2,0,0,0,0,0,0,0,0,0,0,0,2,2,2,0,0,0,2,0,2,2,0,0,0,2,0,2,0,2,0,NA,0,2,2,0,2,2,0,0,2,2,0,0,0,0,0,0,0,2,0,0,2,0,0,2,2,0,2,2,0,2,0,0,0,2,0,0,0,0,0,0,0,0,0,0,0,0,2,0,0,0,0,0,0,0,0,0,2,0,0,0,0,2,0,0,0,0,0,0,0,0,0,0,0,0,0,0,0,0,2,0,0,0,0,2,0,0,0,0,2,2,2,0,0,0,0,0,0,0,0,0,0,2,0,0,0,0,2,0,0,0,0,0,0,0,0,2,2,0,0,2,NA,0,0,0,0,0,0,0,2,2,0,0,2,2,2,0,0,2,0,0,2,0,2,0,0,2,0,0,2,0,0,2,2,0,2,0,0,2,0,0,2,2,0,0,0,0,2,2,2,2,2,0,0,2,0,2,0,2,0,0,2,0,2,0,0,0,2,2,0,0,0,0,0,0,0,0,0,0,0,0,0,0,2,0,0,0,0,0,0,0,0,0,0,2,0,0,0,0,0,0,0,0,2,0,0,0,0,0,0,0,0,0,0,0,0,0,2,0,2,0,0,0,0,2,2,0,2,0,0,0,0,0,0,0,2,2,0,0,0,0,0,0,0,0,0,2,2,0,2,0,0,2,0,0,2,0,2,0,2,0,0,0,0,0,0,2,0,2,0,2,0,0,2,0,0,0,2,2,0,2,0,0,0,0,2,2,2,2,0,0,0,0,0,0,2,0,0,2,0,0,2,2,0,0,0,0,0,0,0,0,2,0,0,0,0,2,0,0,0,2,2,0,0,0,2,0,0,0,2,0,0,0,0,0,0,0,2,0,0,0,2,0,0,0,2,0,2,0,0,2,0,2,0,0,0,2,2,0,2,0,0,0,0,0,0,0,2,0,0,0,0,0,2,0,0,0,2,0,2,0,0,0,0,0,0,0,0,2,0,0,0,0,0,0,0,0,0,0,0,0,0,2,2,0,2,0,0,0,0,0,0,0,NA,0,2,0,0,2,0,2,2,2,2,0,0,0,0,2,0,0,2,0,0,0,0,0,2,0,0,0,0,0,0,2,0,0,0,0,0,0,2,0,0,0,0,0,2,0,0,2,0,0,0,0,2,0,0,2,0,0,0,0,0,0,0,0,0,2,2,0,0,0,0,0,2,NA,0,2,0,0,0,0,0,2,2,0,0,2,0,0,0,2,0,0,2,0,2,2,0,0,2,0,0,0,0,2,0,0,0,0,2,0,0,0,0,0,0,0,0,0,0,0,0,0,0,0,0,0,0,0,0,0,0,0,2,0,2,0,2,0,0,0,0,0,2,0,0,2,0,0,0,0,0,0,0,0,0,0,0,0,2,0,0,2,0,0,2,0,0,0,0,0,0,0,0,0,0,0,0,2,0,0,0,0,0,2,0,0,0,0,2,0,2,0,0,0,0,0,0,2,0,0,2,2,0,2,0,2,0,2,0,0,0,0,0,0,0,0,0,2,0,0,0,2,0,0,0,0,0,0,0,2,0,0,0,0,0,0,0,0,0,0,2,0,0,0,0,0,0,0,0,2,2,0,0,0,2,0,0,0,0,0,0,0,2,0,0,0,0,0,0,0,2,0,2,0,0,0,0,2,0,0,0,0,0,0,0,0,0,2,0,0,0,0,0,0,0,0,0,0,0,0,0,0,0,0,0,0,0,0,0,0,0,0,0,0,0,0,2,0,0,0,0,0,0,0,0,0,0,2,0,0,0,0,2,0,0,0,2,0,0,0,0,0,0,0,0,0,0,0,0,2,0,0,2,2,0,2,0,0,0,0,0,0,0,2,0,0,0,0,0,2,2,0,0,0,0,2,0,0,0,0,0,0,0,0,2,0,2,0,2,2,2,0,0,0,0,0,0,0,0,0,2,0,2,0,0,0,0,0,0,2,0,0,0,0,0,0,0,0,0,2,0,0,0,2,0,2,2,0,0,2,0,0,2,0,2,0,0,0,0,0,0,0,0,2,0,0,2,0,0,0,0,2,0,0,0,0,0,0,0,2,2,0,0,2,2,0,0,2,2,2,0,0,0,2,2,2,0,0,0,0,2,2,0,0,0,0,0,0,0,0,0,0,0,0,2,0,0,0,NA,2,0,2,0,0,0,0,2,0,2,0,2,0,0,2,2,0,0,0,0,0,2,0,0,0,0,0,0,0,2,0,0,0,0,2,0,0,0,2,0,0,0,2,2,0,0,2,0,0,0,0,2,0,0,0,2,0,0,0,0,2,0,0,0,0,0,0,0,0,2,0,0,0,2,2,0,0,2,2,0,0,0,2,0,2,0,0,NA,0,0,0,0,0,0,2,0,0,0,0,0,2,0,2,0,0,0,0,2,0,2,0,0,0,0,0,0,2,0,0,0,2,0,0,0,0,2,2,0,0,0,2,0,0,0,2,0,0,0,0,0,0,0,0,0,0,0,0,0,0,0,2,2,0,0,0,2,2,0,2,2,2,2,0,0,0,0,2,0,0,0,0,0,0,2,2,0,0,0,0,0,0,0,0,0,2,0,0,0,2,0,2,0,0,0,0,0,0,0,0,2,0,0,0,0,2,2,0,0,0,0,0,0,0,0,0,2,2,0,0,2,2,0,0,0,0,0,0,2,0,0,0,0,0,0,0,0,0,0,0,2,0,0,0,0,0,0,0,0,0,0,0,0,2,0,2,0,0,0,0,0,0,2,0,0,2,2,0,0,2,0,2,0,2,2,0,0,2,0,0,0
"CC141",2,0,0,0,0,0,2,2,0,0,0,0,0,0,0,0,0,0,0,2,0,0,2,0,0,0,2,0,0,0,0,0,0,0,0,0,0,0,0,0,0,0,0,0,0,0,0,0,0,0,0,0,0,0,0,0,0,0,0,0,0,0,0,0,2,2,0,0,0,0,0,0,2,0,0,0,2,0,0,2,0,0,0,0,0,0,0,0,0,0,0,0,0,0,0,2,2,0,0,0,2,2,2,2,2,0,0,0,0,2,0,0,2,0,0,0,2,0,0,0,0,2,2,2,0,0,0,0,0,0,2,0,0,2,2,0,0,0,0,0,0,0,0,0,0,0,0,0,0,0,2,0,0,0,0,2,0,2,0,0,0,0,0,0,0,0,0,0,2,0,0,0,0,0,0,0,0,2,0,2,2,0,0,0,0,0,0,0,0,2,0,2,0,0,0,NA,2,2,0,0,NA,0,0,0,0,0,0,0,0,0,0,0,0,0,0,2,2,2,0,0,2,0,0,0,0,2,0,0,0,0,0,0,0,2,0,2,0,2,0,0,0,0,0,0,0,0,0,0,2,0,0,0,0,0,0,0,0,0,0,0,2,0,0,0,0,0,0,0,0,0,0,0,0,0,0,0,2,2,2,0,2,0,0,2,0,0,0,0,0,0,0,2,2,0,0,2,0,0,2,2,2,0,0,2,2,0,2,0,2,0,0,0,0,0,2,0,0,2,2,0,0,0,0,0,2,0,0,2,2,0,0,0,0,0,0,0,0,0,0,0,0,0,0,2,0,0,0,0,2,0,0,0,0,0,0,0,0,0,0,0,0,0,0,0,0,0,0,0,0,0,0,0,0,0,0,0,0,0,2,0,0,0,0,0,0,0,2,0,2,0,0,2,0,0,0,0,0,0,0,0,0,0,2,0,2,0,2,0,0,0,0,0,0,0,2,2,0,0,0,0,0,0,0,0,0,0,0,0,0,0,0,0,0,0,0,0,0,2,2,2,0,0,0,0,2,2,0,2,0,0,0,0,2,0,2,2,0,2,2,0,0,2,2,0,0,0,0,0,0,0,0,2,2,0,0,0,0,0,2,0,0,0,0,2,0,0,0,0,0,0,0,0,0,0,0,0,0,0,0,0,0,0,0,0,2,0,0,0,0,0,0,0,0,0,0,0,0,0,0,2,0,0,0,0,0,0,0,0,0,0,0,0,2,0,0,0,0,0,0,0,0,0,0,2,0,0,2,0,0,2,2,0,0,2,0,0,2,0,0,0,0,2,0,0,0,0,0,0,0,2,0,0,0,2,2,0,2,2,2,0,2,2,0,0,0,0,0,0,2,2,0,2,0,2,2,0,0,2,0,0,0,0,0,0,0,0,0,0,0,0,0,0,0,0,0,0,0,2,0,0,0,0,0,0,NA,0,0,0,2,0,2,0,0,2,0,0,0,0,0,2,0,0,0,0,0,0,0,0,2,0,0,2,0,0,0,2,2,2,2,2,0,0,0,2,2,0,0,0,2,2,0,0,0,2,0,0,2,0,2,0,0,0,0,0,2,0,0,0,0,0,0,0,0,0,0,0,2,0,0,0,0,2,0,0,0,0,0,0,0,0,0,2,0,0,2,0,0,0,2,2,2,0,0,0,0,0,0,0,0,2,0,2,0,0,0,0,0,0,0,0,0,0,0,2,0,0,0,2,2,0,0,0,0,2,0,0,0,0,2,0,0,0,0,0,0,2,0,2,0,0,0,2,0,0,0,0,0,0,0,0,0,0,2,0,0,0,0,0,0,0,2,0,0,0,0,0,0,0,0,0,0,0,0,0,0,0,0,0,0,0,0,0,0,0,0,0,2,0,0,0,0,0,2,2,0,0,0,0,0,2,0,0,0,0,0,0,0,0,0,2,0,0,0,2,0,0,0,2,0,0,2,2,0,0,0,0,0,2,0,2,0,0,0,0,2,0,0,0,0,0,0,0,0,0,2,0,2,0,0,2,0,2,0,0,0,2,0,0,0,0,0,0,0,0,0,2,0,0,0,0,0,0,0,0,0,0,0,0,0,NA,0,2,0,0,0,2,0,0,0,0,0,2,0,2,0,0,0,2,0,0,2,2,0,0,2,0,0,0,0,0,2,0,0,0,0,0,0,0,0,0,0,0,0,0,0,0,0,0,0,0,0,0,0,0,0,0,0,0,0,2,0,0,0,0,0,0,0,2,0,0,0,0,0,0,2,0,2,0,2,0,2,0,0,0,2,0,0,0,0,0,2,0,0,2,0,0,0,0,2,0,0,0,0,0,0,2,0,0,0,0,0,0,0,0,2,0,0,0,0,2,2,0,0,0,0,0,2,0,0,2,2,2,0,2,2,2,0,0,0,0,2,0,0,0,2,0,2,2,2,2,2,0,2,0,0,0,0,2,0,0,2,0,0,0,0,0,2,2,0,0,0,0,0,0,0,2,0,2,0,0,0,0,0,2,0,2,0,0,0,0,0,0,0,2,0,0,2,0,0,0,2,0,2,0,0,0,0,2,0,2,0,0,0,0,0,NA,0,0,0,0,2,0,0,0,0,0,0,0,0,0,0,0,2,2,2,0,0,2,2,2,0,0,0,0,0,0,0,0,0,2,2,2,0,0,0,2,0,0,2,2,0,0,0,0,0,0,0,0,0,0,2,0,0,0,0,0,0,0,0,0,0,0,0,0,0,0,0,0,0,0,0,2,0,0,0,0,0,0,0,2,0,0,0,0,0,0,0,2,0,0,0,2,0,0,0,0,0,2,0,0,0,0,0,0,0,0,2,0,0,0,2,0,0,0,2,0,2,0,0,0,0,0,0,2,2,0,0,0,0,0,0,0,0,0,0,0,0,0,0,0,0,0,0,0,0,0,0,0,2,2,0,0,0,0,0,0,0,0,0,2,0,0,0,0,2,2,0,0,0,0,0,0,0,0,2,0,0,0,0,0,0,0,2,0,0,0,0,0,2,2,0,0,0,0,0,0,0,0,2,2,0,0,0,0,2,2,0,0,0,2,0,2,0,0,0,0,0,0,0,0,0,2,0,0,2,0,0,0,0,2,2,2,2,2,0,0,0,0,2,2,2,0,0,0,2,0,2,2,0,0,0,0,0,0,0,0,0,0,0,0,0,0,0,0,2,0,0,0,2,0,0,0,0,0,0,0,0,0,0,0,0,0,2,2,2,0,0,0,0,0,0,0,0,0,0,2,2,0,2,2,2,0,0,0,0,2,0,0,0,0,0,0,2,0,0,0,0,0,0,2,0,0,0,2,2,0,0,0,0,0,0,2,0,0,2,2,0,0,0,0,0,0,0,0,0,2,0,0,0,0,0,2,0,0,0,0,0,0,0,0,0,0,0,0,0,0,2,2,2,0,0,0,0,0,2,0,0,0,0,0,0,0,0,2,0,0,2,2,0,0,0,0,0,0,0,2,2,0,0,2,0,0,0,2,0,0,0,0,0,0,0,0,0,0,0,2,0,0,0,0,0,0,0,0,0,0,0,0,0,2,0,0,0,2,2,0,2,2,0,0,0,2,2,0,0,0,0,0,0,0,0,2,0,0,2,0,0,2,0,2,0,0,0,0,0,0,0,2,0,0,0,0,0,0,0,0,2,0,0,0,2,0,0,0,0,0,0,0,2,2,0,2,0,0,0,0,0,0,0,0,0,0,0,2,0,0,0,2,0,0,0,2,0,0,0,0,0,2,0,2,0,0,0,0,0,0,0,0,0,0,0,2,0,0,0,2,0,0,2,0,2,0,2,0,2,2,0,0,0,0,0,0,0,2,0,2,0,2,0,0,0,2,0,0,0,2,0,2,0,0,0,0,0,2,0,2,0,2,0,0,0,0,0,0,2,0,0,0,0,0,2,0,2,0,0,0,2,0,0,0,0,0,0,0,0,2,2,0,0,0,0,0,2,0,0,2,0,0,0,0,0,0,0,0,0,0,0,0,2,2,0,0,0,0,0,0,0,0,0,0,0,0,0,0,0,2,0,0,2,0,0,0,2,0,0,0,2,0,0,0,0,0,2,0,0,0,0,2,0,0,0,0,2,0,0,0,0,0,0,2,0,0,0,0,0,0,0,0,0,0,0,2,2,0,0,0,0,0,2,0,0,0,0,0,0,0,0,0,2,0,0,0,0,2,0,2,0,0,0,0,0,0,0,0,0,2,0,0,2,0,0,0,0,0,2,0,0,0,0,2,0,2,0,0,0,0,0,0,0,0,2,2,0,0,0,0,0,0,0,0,2,0,0,0,0,0,0,0,0,0,0,0,0,2,0,2,0,0,2,2,0,0,0,0,2,0,0,0,0,0,2,0,0,0,0,0,2,0,0,0,0,2,0,0,0,0,0,2,2,0,0,0,0,0,0,0,0,2,2,2,0,2,0,0,2,2,0,0,0,0,2,2,0,0,0,0,2,0,0,2,NA,0,0,0,0,2,0,0,0,2,2,2,0,0,2,2,0,0,0,0,2,0,0,0,0,0,0,0,2,0,0,2,0,0,0,0,0,0,0,0,0,0,0,2,0,2,0,2,0,0,2,0,0,0,2,2,0,0,0,0,0,0,0,2,0,0,0,0,2,2,0,0,0,0,0,0,0,0,0,0,0,0,0,0,2,0,0,0,0,0,0,0,0,0,0,0,0,0,0,0,0,0,0,2,0,0,2,0,2,2,0,0,2,2,0,2,0,0,0,0,2,0,2,0,0,0,0,0,0,0,0,0,2,0,0,0,0,0,0,0,0,0,2,2,2,0,0,0,0,0,0,0,0,2,0,2,0,2,0,0,0,0,0,0,0,0,0,2,0,2,2,0,0,0,2,2,0,2,2,0,0,0,0,0,0,0,0,0,0,0,2,0,0,0,0,2,0,0,0,0,0,2,0,0,0,0,0,2,0,0,0,0,2,0,2,0,0,0,0,2,0,0,2,2,0,0,0,0,2,0,0,0,0,2,0,0,2,0,0,0,0,0,0,0,0,0,0,0,0,2,0,0,0,0,2,2,0,2,0,0,0,2,2,0,0,2,0,0,0,0,2,0,2,0,0,0,0,0,0,0,0,0,0,0,0,0,0,0,NA,0,0,2,0,0,0,2,0,0,2,0,0,0,0,0,0,0,0,0,0,0,2,0,0,2,0,0,0,0,0,0,0,2,0,0,0,0,0,0,0,0,0,2,0,0,0,2,2,0,2,0,0,0,0,0,2,2,0,0,0,0,0,0,0,0,0,0,0,0,0,0,0,0,2,0,0,0,0,0,2,0,2,0,0,0,0,0,2,2,0,0,0,0,0,0,0,2,0,0,2,0,2,0,0,0,2,0,2,0,0,2,0,0,0,2,2,0,0,0,0,0,0,0,2,0,0,0,0,0,0,0,0,0,0,0,0,0,2,0,0,0,0,0,0,0,2,2,0,0,0,0,0,0,0,0,0,0,0,2,0,0,NA,0,0,0,0,2,0,0,0,0,0,0,0,0,0,0,0,0,0,0,0,0,0,0,0,0,0,0,0,0,0,0,0,0,2,0,0,2,0,2,0,0,0,0,0,0,2,0,0,0,2,0,0,0,0,0,0,0,0,0,0,0,2,0,0,0,0,0,0,2,0,0,2,2,0,2,0,0,2,0,0,0,2,0,2,0,2,0,0,0,0,0,0,0,0,2,0,0,0,0,2,0,0,0,0,0,0,0,0,0,0,0,2,0,0,0,0,0,0,0,0,0,0,0,0,0,0,0,0,0,0,2,0,0,0,0,0,2,0,0,2,2,0,0,0,0,0,0,0,0,0,0,0,0,0,0,0,0,0,2,2,0,2,0,0,0,0,0,0,0,2,0,0,0,0,0,2,0,0,0,0,0,0,0,2,NA,0,0,0,0,2,0,0,2,0,0,0,0,0,2,0,0,0,0,2,0,0,2,0,0,2,2,0,0,0,0,2,2,0,0,2,0,2,0,0,2,2,0,2,2,0,2,2,2,2,2,0,2,2,0,0,2,0,2,0,0,0,2,0,2,0,0,2,0,0,0,0,0,0,2,0,2,0,0,0,0,0,0,0,2,2,2,2,0,0,0,0,0,0,0,0,2,0,0,0,0,0,2,0,2,0,0,2,0,0,0,0,0,0,0,0,2,0,0,0,2,0,0,0,0,0,0,0,0,0,0,0,0,0,0,0,0,0,2,0,0,0,0,0,0,0,0,0,0,0,0,0,0,0,0,0,0,0,0,0,0,0,0,0,0,0,0,0,0,0,0,0,0,0,0,0,0,2,0,0,0,0,0,0,0,0,0,0,0,0,0,2,0,0,0,0,0,0,0,0,2,0,2,0,0,0,2,0,2,2,0,0,0,0,0,0,0,2,0,0,0,0,0,0,2,0,0,0,2,0,0,0,0,2,0,0,0,0,0,0,0,0,0,0,0,0,0,2,0,0,2,0,2,0,2,0,0,2,0,2,0,2,2,0,0,0,2,0,2,0,2,0,0,0,2,2,2,2,0,0,2,0,2,2,0,2,0,0,0,0,2,0,0,0,2,0,0,2,0,2,0,0,2,0,0,0,0,0,0,0,0,0,0,2,0,0,0,0,2,0,2,0,0,2,0,0,0,0,2,0,0,0,0,0,0,0,0,0,0,0,0,0,2,0,0,0,0,0,0,0,0,0,0,2,2,0,2,0,2,2,2,0,0,0,0,0,0,2,2,0,0,0,0,0,0,0,0,0,0,0,0,0,2,0,0,0,0,0,0,0,0,0,0,2,0,2,0,0,0,0,0,2,0,0,0,0,NA,2,0,2,0,0,0,0,0,0,0,0,0,0,0,0,0,0,2,2,0,0,0,0,0,0,2,0,0,0,0,0,0,2,0,0,0,0,0,0,0,0,0,0,2,2,0,0,2,0,2,0,0,2,0,0,0,0,0,0,0,0,0,0,0,0,0,2,0,0,0,0,0,0,0,0,0,0,0,0,0,2,0,0,0,0,0,0,0,0,0,0,2,0,0,0,0,0,0,0,0,0,2,0,0,0,0,0,0,0,0,0,0,0,0,0,0,0,0,0,0,0,2,0,0,0,2,0,0,2,0,0,0,2,0,0,0,0,0,0,2,0,0,2,0,0,0,0,2,0,0,0,0,0,0,0,0,0,0,NA,0,0,0,2,0,0,2,0,0,0,0,0,0,0,2,0,0,2,0,0,0,0,0,0,0,0,0,2,0,0,2,2,0,0,0,0,0,0,0,2,2,0,0,0,0,0,2,0,2,2,2,0,0,0,2,0,0,0,0,0,0,0,0,0,0,0,0,0,2,0,0,0,0,0,0,0,0,2,2,0,0,2,0,0,0,2,0,0,2,0,0,0,0,2,0,0,0,0,0,2,0,0,2,0,0,0,0,0,0,0,0,0,0,2,0,0,0,2,0,0,2,0,0,0,2,0,0,0,0,0,0,0,0,0,0,0,0,0,0,2,0,0,0,0,0,0,0,0,0,0,0,0,0,0,0,0,0,0,0,0,0,0,0,0,0,0,0,0,0,0,0,0,0,0,0,0,2,2,0,0,0,0,0,0,0,0,0,0,0,2,0,0,0,0,0,0,0,2,0,0,0,0,0,2,2,0,2,2,0,0,0,0,0,0,0,0,0,0,0,0,0,0,0,2,0,0,0,0,2,2,0,0,0,0,0,2,0,2,0,0,0,0,0,0,0,0,0,2,0,0,0,0,0,0,0,0,0,0,2,2,0,2,0,2,0,0,0,2,2,0,0,0,0,0,0,0,0,2,0,0,0,0,0,0,2,2,0,0,0,2,0,0,0,0,0,0,0,0,0,0,0,0,0,0,0,0,0,0,0,0,0,0,0,0,0,2,0,0,0,0,0,0,0,0,0,0,0,0,0,0,0,0,0,0,2,0,2,0,0,0,2,0,0,0,0,0,0,0,0,0,0,0,0,0,0,0,0,0,0,0,2,0,0,0,0,0,0,0,0,0,0,0,2,0,0,0,0,0,2,0,0,2,0,0,2,0,0,2,0,0,0,0,0,0,0,0,0,0,0,0,0,0,0,0,0,0,0,2,0,0,0,0,0,0,0,0,0,0,0,2,0,2,0,0,0,0,0,0,0,0,2,0,0,0,0,2,0,0,0,0,0,0,0,0,0,0,0,0,0,0,0,0,0,0,0,0,0,0,0,0,2,0,2,0,2,0,0,0,0,0,0,0,2,0,0,0,0,0,0,2,0,0,2,2,0,0,0,0,0,0,2,0,0,0,0,0,0,0,0,0,0,0,0,0,0,0,0,0,0,0,0,0,0,0,0,0,0,0,2,0,2,0,0,2,0,0,0,0,0,0,0,0,0,0,0,0,2,0,0,0,0,2,0,0,0,0,0,0,0,0,0,0,0,2,0,0,2,0,0,0,0,0,2,2,0,2,0,0,0,2,0,0,0,0,0,0,0,0,0,0,0,0,2,0,0,0,2,0,0,0,0,0,0,0,0,0,0,0,0,0,2,0,0,0,0,0,0,0,2,0,0,0,0,2,0,0,0,0,0,0,0,0,0,0,0,2,0,0,0,2,0,2,0,2,2,0,0,2,0,0,0,0,0,2,0,2,0,0,2,2,2,0,0,2,2,0,0,0,0,0,2,0,2,0,0,2,0,0,0,2,0,0,0,0,0,0,2,0,0,0,0,0,0,0,0,0,0,0,0,0,0,0,0,0,0,0,0,0,0,0,0,0,0,2,0,2,0,0,2,0,0,2,0,0,2,0,0,0,2,0,0,2,0,0,0,2,2,0,0,0,0,0,0,0,0,0,0,0,2,0,0,0,2,2,0,0,0,2,0,0,2,0,2,0,0,0,0,0,0,0,0,0,0,0,0,0,2,2,2,0,0,2,0,0,0,0,0,0,0,0,0,0,0,0,0,0,0,0,0,0,0,0,0,0,2,0,0,2,0,0,0,0,0,0,0,0,0,2,0,0,0,0,0,0,0,0,0,0,0,0,0,0,0,0,0,0,2,0,0,0,2,0,0,2,0,0,0,0,0,2,0,0,0,0,0,0,0,0,0,0,0,0,0,0,0,0,0,0,0,2,0,0,0,0,0,0,0,0,0,2,0,0,0,0,0,0,0,0,2,2,0,0,0,0,0,0,0,2,0,0,0,2,2,0,0,0,0,0,0,2,0,0,0,0,0,0,0,0,0,0,2,0,0,0,0,2,2,0,0,0,2,2,0,0,0,2,0,0,0,0,0,0,0,2,2,0,2,2,0,0,0,NA,2,0,0,2,0,0,0,0,2,0,2,2,0,2,0,2,0,0,0,0,0,0,0,0,0,0,0,0,0,0,0,0,0,0,0,0,0,0,0,0,2,2,0,0,0,0,2,0,2,0,0,0,0,0,2,0,0,0,0,0,0,0,0,0,0,0,0,0,0,0,0,0,0,2,0,0,0,0,0,0,0,0,0,0,2,0,0,0,0,0,0,2,2,0,2,0,0,2,0,0,0,0,0,2,2,0,2,0,2,0,2,0,0,0,0,2,0,NA,0,0,2,0,0,0,2,2,2,0,0,0,2,0,0,0,2,0,0,0,0,0,0,2,2,0,0,0,0,0,0,0,0,0,0,0,2,0,2,0,0,0,0,0,0,0,0,2,0,0,0,0,0,0,0,0,0,0,0,0,0,0,0,0,0,0,NA,0,0,2,0,0,0,0,0,0,0,0,2,2,2,0,0,0,2,0,0,2,2,0,0,2,2,0,2,2,2,2,0,0,0,0,0,0,0,0,0,0,0,0,0,0,0,0,2,2,0,2,0,2,0,0,0,0,2,2,0,2,0,0,0,2,0,2,0,0,0,0,0,2,0,2,0,2,0,0,0,0,2,0,0,2,0,0,0,0,0,0,0,0,0,0,0,0,2,0,0,0,0,0,0,0,0,0,0,2,0,2,0,0,0,0,0,0,0,0,0,2,0,0,0,0,2,0,0,2,0,0,0,0,2,0,0,2,0,0,0,0,0,2,0,2,2,2,0,0,2,0,0,0,0,0,0,0,0,0,0,0,0,2,0,2,0,2,2,0,0,0,0,0,0,0,0,0,0,0,0,0,0,0,2,2,0,0,0,0,0,0,0,2,0,0,2,0,0,0,2,0,0,0,2,0,0,0,2,0,2,2,0,0,0,2,0,0,2,2,0,0,2,0,0,0,0,2,0,2,0,0,0,0,0,0,0,0,0,0,0,2,0,0,0,0,0,2,0,2,0,0,0,2,0,0,0,2,0,0,0,2,0,2,0,0,0,NA,0,2,0,0,0,0,0,0,0,0,0,0,0,0,2,0,0,0,2,0,2,2,0,0,0,0,0,0,2,0,2,0,0,2,0,2,0,0,0,0,2,2,0,0,0,0,0,0,0,0,0,0,0,0,0,0,0,0,0,2,0,0,0,0,0,0,0,0,0,0,0,0,0,0,2,0,0,0,0,0,2,0,2,0,0,0,0,0,0,0,0,0,0,0,0,0,0,0,0,0,0,0,0,0,0,0,0,0,0,0,0,0,0,0,0,0,0,0,2,0,0,2,0,0,0,0,0,0,2,2,0,2,2,0,2,0,0,2,2,0,0,0,0,0,0,0,0,NA,0,2,0,0,0,0,0,0,2,0,0,0,0,0,0,0,2,0,0,0,0,0,2,0,0,0,2,0,0,0,2,0,0,0,0,0,0,0,0,2,0,0,0,2,0,0,0,0,0,0,0,0,2,0,2,0,2,2,0,0,2,0,0,0,0,0,0,0,0,0,2,0,0,0,0,0,0,0,2,2,2,2,0,2,0,0,0,0,0,0,2,0,2,0,0,0,0,0,0,2,0,0,0,0,0,0,0,2,0,0,0,0,0,0,0,0,0,2,0,0,0,0,0,0,0,0,0,0,0,2,2,0,2,0,0,0,0,0,0,0,2,0,0,0,0,0,2,2,0,2,0,0,0,2,0,2,0,2,2,2,0,2,2,0,0,0,0,0,2,0,2,2,2,0,2,2,0,2,2,2,2,0,2,0,0,0,2,2,0,0,0,2,2,2,0,2,0,0,0,0,0,0,2,0,2,0,0,0,0,2,0,2,0,0,0,0,2,0,0,0,0,0,0,2,0,0,0,0,0,0,0,0,0,0,0,2,2,0,0,0,2,0,0,0,2,2,0,0,0,0,2,0,2,2,0,0,0,2,2,0,0,0,2,0,0,2,0,0,0,0,0,2,0,2,2,0,0,0,0,0,0,0,0,0,0,0,0,0,0,2,0,0,0,0,2,2,0,0,0,2,0,0,2,0,2,0,0,0,0,2,0,NA,2,0,0,0,2,0,2,0,0,0,0,0,0,0,0,2,0,0,0,0,2,2,0,0,2,2,0,0,0,0,0,0,0,0,0,2,0,2,2,0,2,2,0,2,0,0,0,0,2,0,0,0,0,0,NA,0,2,0,0,0,2,2,0,2,2,0,0,0,0,0,0,0,0,2,2,0,0,0,0,0,0,0,0,0,0,0,2,0,0,2,0,0,0,2,0,2,0,0,0,0,0,2,0,0,0,2,2,0,0,2,0,0,0,0,2,0,0,0,0,2,0,0,0,0,0,0,0,0,0,2,0,0,0,0,0,0,0,0,0,0,0,2,2,0,0,0,0,0,0,0,0,0,2,2,2,2,0,0,0,0,2,2,0,2,2,0,2,0,0,0
"CC142",0,0,2,0,0,0,2,0,0,0,0,0,0,2,2,0,0,0,0,2,2,2,0,0,2,0,0,0,0,0,0,0,0,0,0,0,0,0,2,0,0,2,2,0,0,0,0,2,0,0,2,0,0,0,0,0,2,0,2,0,0,0,0,0,2,0,0,0,0,0,0,0,0,0,0,0,0,0,0,2,0,0,0,0,0,0,2,0,0,2,0,0,0,0,0,2,0,0,2,2,0,0,2,2,2,0,2,0,0,0,0,2,0,0,0,0,0,0,0,0,0,0,0,0,0,2,0,0,0,0,0,0,0,0,2,0,0,0,0,0,0,0,0,0,0,NA,0,2,0,0,2,2,0,0,2,2,0,0,2,0,0,0,0,0,0,0,0,0,0,0,0,0,0,0,0,0,2,0,0,0,0,0,2,0,0,0,0,0,0,2,0,2,2,0,0,0,0,2,0,0,0,0,0,0,0,0,0,0,0,0,0,0,0,2,0,0,2,0,0,0,2,0,0,0,0,2,0,2,2,0,0,0,2,0,0,0,0,2,0,0,0,0,0,2,0,0,0,0,2,0,0,0,0,0,0,2,2,0,0,0,2,0,0,0,2,0,0,0,0,2,0,0,0,0,0,0,0,0,0,0,2,0,0,0,0,0,0,2,2,0,0,2,2,2,0,2,2,0,2,2,0,2,0,2,2,0,0,0,2,2,0,2,0,0,0,0,0,2,0,0,0,0,0,2,0,0,2,2,2,0,0,0,0,0,0,0,0,0,0,0,0,0,0,0,0,2,0,0,0,2,0,0,0,0,0,2,0,0,0,2,2,2,0,0,0,2,0,0,0,0,0,0,0,2,2,0,0,2,0,0,0,0,0,0,2,0,2,0,0,0,0,0,2,0,0,0,0,0,0,0,0,0,2,0,0,0,0,0,0,2,0,2,0,0,0,0,0,2,0,0,0,0,0,0,0,0,0,0,0,0,0,0,0,0,2,0,0,0,2,0,2,0,0,0,0,2,0,0,0,0,0,0,2,0,0,0,2,0,0,2,2,2,2,0,0,0,0,2,0,0,2,2,0,2,0,0,0,2,0,0,0,0,0,2,0,2,0,0,2,2,0,0,0,2,0,0,2,0,0,2,0,0,2,0,0,0,0,0,2,0,2,2,0,0,0,0,2,2,0,0,2,2,0,0,0,0,0,0,0,2,0,0,2,0,0,0,0,0,0,0,0,0,0,2,2,0,0,2,0,2,2,0,0,0,0,0,2,2,0,0,0,0,0,0,2,0,0,0,2,0,0,2,2,0,2,0,2,0,0,0,0,2,0,0,0,2,0,2,2,0,0,2,0,2,2,2,0,0,0,0,0,0,0,0,0,0,0,0,0,0,0,0,0,0,0,0,0,0,2,0,0,0,0,0,2,0,0,0,2,0,2,0,0,2,0,0,0,0,0,2,0,0,2,0,0,0,0,0,0,0,0,0,0,0,0,0,2,0,0,0,0,0,0,2,2,0,0,0,0,0,0,0,0,2,0,0,2,0,0,0,0,0,0,0,2,0,0,0,0,0,0,0,0,0,2,0,2,0,0,2,0,2,0,0,0,0,0,0,0,0,0,0,0,2,0,0,0,0,2,0,0,0,0,0,0,2,0,0,2,0,2,0,2,0,0,0,0,2,0,0,0,2,0,0,0,0,0,2,2,2,2,0,0,0,0,2,0,0,2,0,2,2,0,2,0,0,0,0,0,0,2,0,0,0,0,0,0,0,2,0,2,2,0,0,0,0,0,0,0,0,0,0,0,0,0,2,2,0,0,0,0,0,0,0,2,0,0,2,0,2,0,0,0,0,0,0,0,0,0,0,0,0,2,2,0,0,0,0,0,0,0,2,2,2,0,2,0,0,0,2,2,0,0,2,2,0,2,2,2,0,2,2,0,0,0,0,0,2,0,2,2,0,0,0,2,0,NA,2,0,0,0,0,2,0,0,0,0,0,0,0,0,0,0,2,2,0,2,0,2,0,0,2,0,2,0,0,2,0,0,0,0,0,0,0,0,2,0,0,0,0,0,0,0,0,0,0,0,0,0,0,0,0,0,0,2,0,0,0,2,0,0,0,2,0,0,2,0,0,0,0,0,0,0,0,2,2,0,0,0,0,2,0,2,0,0,0,0,0,0,0,0,0,0,0,0,0,0,0,0,0,0,0,0,0,0,0,0,2,0,0,0,0,0,0,0,0,0,2,0,2,0,0,0,0,0,0,2,0,0,0,0,0,0,0,0,0,0,0,0,0,0,0,0,0,0,0,0,2,0,0,0,0,0,0,0,0,2,0,0,0,0,0,0,0,2,0,0,0,2,0,2,2,0,0,2,2,2,0,2,0,2,0,0,0,0,0,0,0,2,0,0,0,0,2,0,0,2,2,0,0,0,0,0,0,2,0,0,0,0,0,2,0,0,0,0,0,2,0,2,2,2,2,0,0,0,0,0,0,2,2,2,2,2,2,0,2,0,2,2,0,2,0,0,0,0,0,0,0,0,2,0,0,0,0,2,0,0,0,0,0,0,0,2,0,0,0,0,0,0,0,0,0,0,2,2,0,0,2,2,2,0,0,0,0,0,0,0,0,0,0,0,0,0,0,0,0,0,0,0,0,2,0,0,0,0,0,0,0,0,0,2,0,0,0,0,2,0,0,2,0,0,0,0,0,0,0,2,0,0,0,0,0,0,0,0,0,0,0,0,0,0,0,0,2,0,0,0,0,0,0,0,0,2,0,0,0,2,2,0,0,0,0,0,0,0,0,0,2,0,2,0,2,0,2,2,2,0,0,0,0,0,0,0,0,0,0,0,0,0,0,0,0,0,0,0,0,0,0,0,0,0,0,0,0,0,0,2,0,0,2,0,2,2,0,0,2,0,0,0,0,2,0,2,0,0,0,0,0,0,0,2,0,0,2,0,0,0,0,2,2,0,0,2,2,0,0,0,2,0,0,0,0,2,0,2,0,0,0,0,2,2,0,0,0,2,2,0,2,0,2,0,0,0,0,0,0,0,0,0,0,2,0,0,2,0,0,0,0,0,0,0,0,0,0,0,0,0,0,0,0,2,2,0,0,2,0,2,0,0,2,0,0,0,0,0,0,0,0,0,0,0,2,0,2,0,0,0,2,0,0,0,0,0,0,0,0,0,0,2,2,0,0,2,0,0,0,0,0,0,0,0,0,0,0,0,2,0,0,0,0,2,0,2,2,0,0,2,0,2,0,0,0,0,0,2,0,2,2,0,0,0,2,0,0,0,0,2,0,0,0,0,0,0,0,0,2,0,0,2,0,0,0,0,0,0,0,0,0,0,0,0,0,0,0,0,2,0,2,0,2,0,0,0,0,0,2,0,0,0,0,0,0,0,0,0,0,0,0,0,0,0,0,2,0,0,0,0,0,0,0,2,0,2,2,0,0,0,0,0,0,0,0,0,0,2,0,0,0,0,0,0,0,0,0,0,0,0,0,0,2,0,0,2,0,2,NA,2,2,2,0,0,0,0,NA,0,0,0,0,2,0,2,0,2,0,0,0,0,0,0,0,2,0,0,0,2,0,0,0,0,2,0,0,2,2,0,0,0,0,0,0,2,2,0,2,0,0,2,0,0,0,0,0,0,0,0,2,2,0,0,0,0,2,0,0,2,2,0,0,2,0,0,2,2,0,0,0,0,0,0,0,0,2,0,0,2,2,0,0,0,0,0,2,0,0,0,0,0,2,0,0,0,0,0,0,0,0,2,2,0,0,0,0,0,0,0,0,2,0,2,2,0,0,0,0,0,0,0,0,2,2,0,0,2,0,0,2,0,0,0,0,0,0,0,0,0,0,0,2,0,0,2,0,0,0,2,0,2,0,2,0,0,0,0,0,0,0,0,0,2,0,0,2,2,2,0,0,0,2,0,0,0,0,0,0,0,0,0,0,0,0,0,0,0,2,2,0,0,0,0,0,0,0,2,2,2,0,2,0,0,0,0,0,0,2,2,0,0,0,0,0,0,0,2,0,0,0,0,0,2,0,0,0,2,2,0,2,2,0,0,2,0,0,0,0,2,0,2,0,2,0,0,0,2,2,0,0,0,0,0,0,0,0,0,0,0,0,0,0,0,0,2,0,0,2,0,0,0,2,2,0,0,0,0,0,2,2,0,0,0,0,2,0,0,0,0,0,0,0,2,0,0,0,0,0,0,0,0,0,2,0,0,2,0,0,0,0,2,0,0,0,2,0,0,0,0,0,0,0,0,0,2,0,0,2,2,0,2,0,0,0,0,0,0,2,0,0,0,0,0,0,2,0,0,0,0,0,0,2,0,0,0,0,2,2,0,0,0,0,2,2,0,0,0,0,2,0,2,0,0,2,2,2,0,2,0,2,0,0,0,0,0,2,0,0,0,0,2,0,0,0,0,0,2,0,2,0,0,0,0,2,0,2,0,0,0,0,0,2,0,0,2,2,2,0,2,0,2,2,0,0,0,0,0,0,0,0,2,0,0,0,0,2,0,0,0,0,2,2,0,0,2,0,0,2,0,NA,0,0,0,0,0,2,2,0,0,0,0,0,0,2,2,2,0,0,0,0,0,0,2,2,2,0,0,0,2,0,0,2,0,0,0,0,0,0,0,0,0,0,0,0,0,2,2,0,0,0,0,0,0,0,0,0,0,0,0,0,2,0,0,0,2,0,2,2,0,2,2,0,0,0,0,0,2,2,0,0,0,0,0,0,0,2,2,0,0,0,0,0,0,0,0,2,2,2,2,0,0,0,0,0,0,0,0,2,0,0,0,0,0,0,0,0,0,0,2,0,2,2,2,0,0,0,0,0,2,0,0,0,0,0,0,0,2,0,0,2,0,0,2,0,0,0,0,0,0,2,0,0,0,0,0,0,0,0,2,0,0,0,0,0,0,0,0,0,0,0,0,2,2,0,0,0,0,0,0,0,0,0,0,0,0,0,0,2,0,0,0,2,0,0,0,0,2,0,0,0,0,0,0,2,2,0,0,0,0,0,0,0,0,2,0,0,0,0,0,0,0,0,0,0,0,0,0,2,0,0,0,0,2,0,0,0,0,0,0,0,0,0,0,0,0,0,0,0,0,0,0,0,2,0,0,0,0,0,0,0,0,0,2,2,0,2,0,0,0,2,2,0,2,0,2,0,2,2,0,0,2,0,0,0,0,0,0,0,2,0,0,0,0,2,2,0,0,0,2,0,0,0,0,0,0,0,0,0,0,0,0,0,0,0,0,0,0,0,0,0,2,0,0,0,0,0,0,2,0,0,0,0,0,0,0,0,0,0,2,0,0,2,0,0,0,0,0,0,0,2,0,0,2,0,0,0,0,0,0,0,0,0,0,2,0,0,0,0,0,0,0,0,0,0,0,0,0,2,0,0,0,0,0,0,2,0,0,0,0,0,2,0,0,0,0,0,0,0,0,0,0,0,0,0,0,0,0,0,0,0,2,2,0,0,0,2,0,0,0,0,0,2,0,0,0,0,0,0,0,0,2,0,0,0,0,0,0,0,0,0,0,2,2,0,0,0,0,0,2,2,0,0,0,0,0,0,0,0,0,0,2,0,0,0,0,0,0,0,0,0,0,0,0,0,0,0,0,0,0,0,0,0,2,0,2,0,0,0,2,0,2,0,0,0,0,0,0,0,0,0,0,0,0,0,0,0,0,0,0,0,0,0,0,0,0,0,2,0,0,0,0,0,0,0,0,0,0,0,0,0,0,0,0,0,0,0,0,0,0,0,0,2,0,0,0,0,0,0,0,0,0,0,0,0,0,0,0,0,0,0,0,0,2,0,0,2,0,2,2,0,2,2,2,NA,0,0,0,2,0,0,0,2,0,0,0,2,2,2,0,0,0,2,0,0,0,0,0,0,0,0,0,2,0,2,0,0,0,0,2,0,2,0,2,0,2,2,0,0,0,0,2,0,0,0,0,0,2,2,0,0,2,0,2,2,0,0,0,0,2,0,0,0,0,0,0,0,2,2,0,0,0,2,0,2,0,0,0,0,0,2,0,0,0,0,2,0,2,2,0,0,0,0,0,0,2,2,0,0,0,0,0,2,0,0,0,0,0,0,0,0,NA,0,0,0,0,0,2,0,0,0,0,0,0,2,0,2,0,0,0,0,0,0,0,0,0,0,0,0,2,0,0,0,0,2,2,0,0,0,0,2,0,0,0,0,0,2,0,2,0,2,2,0,2,0,2,0,0,0,0,0,0,2,0,0,0,2,2,0,0,2,0,0,0,0,0,0,0,2,2,0,0,2,0,0,2,0,0,2,2,0,0,0,2,0,0,2,0,0,0,2,0,0,0,2,2,0,0,0,0,0,0,0,0,0,0,0,0,2,2,0,0,0,0,2,0,0,0,0,0,0,0,0,0,0,0,0,0,0,0,0,0,0,0,0,2,0,0,2,0,0,2,0,0,0,0,0,2,0,0,0,0,0,0,0,0,0,0,0,0,0,0,2,0,0,0,0,0,0,0,0,2,0,0,0,0,0,0,0,2,0,0,0,0,2,0,0,2,2,0,0,0,0,2,0,0,0,0,2,2,0,0,0,2,0,2,0,0,2,2,2,2,0,2,2,0,2,0,2,2,2,0,0,2,0,0,0,0,0,0,0,0,0,0,0,0,0,2,0,0,0,0,0,2,2,0,0,2,0,0,0,0,0,0,0,0,0,0,0,2,0,2,0,2,0,0,0,0,0,0,2,0,0,2,0,0,0,0,0,0,2,0,0,0,2,0,0,0,0,2,2,0,2,0,0,2,2,0,0,0,0,2,2,0,0,2,0,0,2,0,0,0,0,2,0,2,0,0,0,0,2,0,2,2,0,2,0,0,0,2,0,0,0,0,0,0,2,0,2,0,2,0,0,0,0,0,0,2,0,0,0,2,0,2,2,0,0,0,2,0,0,0,0,0,0,2,NA,0,0,2,0,0,0,0,0,0,0,0,0,0,0,0,0,0,0,0,2,2,0,0,0,0,0,0,0,0,2,0,2,0,0,0,2,2,2,0,0,0,2,0,0,2,2,2,0,0,0,0,0,0,0,0,0,0,0,2,2,0,0,2,0,0,0,0,2,2,0,0,0,0,0,0,0,0,0,0,0,0,0,0,0,0,0,0,0,0,0,0,0,0,0,0,0,0,0,0,0,0,2,0,0,0,2,2,0,0,0,0,0,0,2,2,0,2,0,0,2,0,2,2,0,2,0,0,0,0,2,0,0,0,2,0,0,0,2,2,0,2,0,0,0,0,0,0,0,0,0,0,0,2,0,0,0,2,0,0,0,2,2,0,0,0,0,0,0,0,0,0,0,0,0,0,0,2,0,2,0,0,0,0,0,0,0,0,2,0,0,0,0,0,2,0,2,0,2,0,0,0,0,0,0,2,0,0,0,0,2,0,2,2,2,0,0,0,0,0,0,2,0,0,0,0,0,2,0,2,2,0,0,2,2,0,0,0,0,0,0,0,0,0,0,0,2,0,0,2,0,0,2,2,0,2,0,0,0,0,2,0,0,0,0,0,0,0,0,0,2,0,0,0,0,0,2,0,2,0,2,0,0,0,0,0,0,0,0,2,2,2,0,0,0,0,2,0,2,0,0,0,0,0,0,0,0,0,2,2,2,0,0,2,2,0,2,2,0,0,0,2,0,0,0,2,0,2,0,2,0,0,0,0,2,0,0,0,0,0,0,0,0,0,0,2,0,0,0,0,2,0,0,0,0,0,0,2,0,0,0,0,2,0,2,0,0,0,0,0,2,0,0,0,2,0,0,0,2,0,2,0,0,0,0,0,0,0,0,0,0,0,0,0,0,0,0,2,0,0,2,2,2,0,2,2,0,0,0,2,0,0,0,0,2,0,0,0,0,0,2,0,0,2,0,2,2,NA,2,2,2,0,0,2,0,0,2,0,0,0,0,0,2,2,0,0,0,2,0,0,2,2,0,0,2,2,2,0,2,2,0,0,2,0,0,0,0,2,2,0,0,2,2,0,2,2,0,2,0,0,2,2,0,2,0,0,2,2,0,2,0,0,0,2,0,2,0,2,2,0,0,2,0,0,0,0,0,2,0,0,0,2,2,0,2,2,2,0,0,0,0,2,2,0,2,0,2,2,0,2,0,2,2,2,0,2,0,0,2,0,0,0,0,2,0,0,0,0,0,0,2,0,0,0,0,2,2,0,0,0,0,0,0,0,0,0,0,0,0,0,0,0,2,2,0,0,0,0,0,0,2,0,0,0,0,0,0,2,0,0,0,0,0,0,0,0,0,0,0,0,0,0,0,0,0,0,0,0,0,0,0,0,0,0,0,2,0,0,0,0,0,0,0,0,0,0,0,0,0,0,0,0,0,0,0,0,0,0,0,0,0,0,2,0,0,0,2,2,0,0,2,0,2,0,2,0,2,0,0,0,0,0,0,2,0,0,0,0,0,0,0,0,0,0,0,0,0,0,0,0,2,0,0,0,0,0,2,0,0,0,0,0,0,0,2,0,0,2,0,0,2,2,0,0,0,0,0,0,0,0,0,2,0,0,0,2,0,0,0,2,0,0,0,0,0,0,2,0,0,0,0,0,0,0,0,0,0,0,0,2,0,0,0,0,2,0,0,0,0,2,2,0,0,0,0,0,0,0,0,0,0,0,0,0,0,0,2,0,0,0,0,0,2,0,0,0,0,2,0,2,0,0,2,0,0,0,0,2,0,0,2,0,0,0,0,0,0,0,0,0,0,0,0,0,0,0,2,0,0,0,2,0,0,2,0,0,0,0,0,0,0,0,0,0,2,0,0,0,0,0,0,0,0,0,0,0,0,0,0,0,0,2,2,0,2,0,2,2,0,0,2,0,0,0,0,0,0,0,0,0,0,0,0,0,0,0,0,0,0,0,0,0,0,0,0,0,0,0,0,2,2,2,0,0,2,0,0,2,0,0,0,0,0,0,0,0,2,0,0,0,2,0,0,0,0,0,0,0,0,0,0,0,0,0,0,0,2,2,0,2,0,0,0,2,0,0,0,0,0,0,0,0,0,2,0,2,0,0,0,2,0,0,2,2,0,2,NA,0,0,0,0,0,0,0,0,0,0,0,2,2,0,0,0,0,2,0,0,0,0,0,0,0,2,0,0,0,2,2,0,0,0,0,0,0,2,0,0,0,0,0,0,0,0,0,0,2,2,0,0,0,0,0,0,0,2,0,0,0,0,0,0,0,2,2,0,2,0,0,0,0,2,0,0,0,0,0,0,0,0,0,0,2,2,0,0,0,2,2,0,0,2,2,2,2,2,0,0,0,2,0,2,2,0,0,2,0,2,0,0,0,0,0,0,0,0,2,0,0,0,2,2,0,0,0,0,0,0,0,0,0,0,2,0,0,0,2,0,2,0,2,0,0,0,2,0,0,0,0,0,0,0,0,2,0,0,2,0,0,0,2,0,0,2,0,0,0,0,0,0,0,0,0,0,0,2,2,0,0,0,0,0,0,2,0,0,0,2,2,0,2,2,0,0,0,0,0,0,0,0,0,0,2,2,0,0,0,0,0,0,0,0,0,2,0,0,0,0,2,0,0,2,0,2,2,0,2,0,0,0,0,0,0,0,0,0,0,0,0,0,0,0,0,0,0,0,0,0,0,2,0,0,0,0,0,0,2,2,0,0,0,0,0,0,0,0,0,0,0,0,0,0,0,0,2,0,0,0,0,0,0,0,0,0,2,0,2,0,0,0,0,0,0,0,0,0,0,0,0,0,0,2,0,2,0,0,2,0,0,0,2,0,0,0,0,0,2,2,2,0,2,0,2,0,0,0,2,2,0,0,0,0,0,0,0,0,0,0,0,0,2,0,0,0,0,0,0,0,0,0,0,2,2,0,0,2,2,2,0,0,0,2,2,0,0,2,0,0,0,2,2,0,0,0,0,0,2,0,2,2,0,0,0,0,0,0,2,0,2,0,0,0,0,0,0,0,2,0,0,2,2,0,2,2,0,2,2,2,0,0,2,0,0,0,2,0,0,0,2,0,0,2,2,0,2,0,2,2,2,0,0,0,2,0,0,2,0,2,0,0,0,0,0,0,2,0,2,0,0,0,0,0,0,2,0,0,2,0,0,0,0,0,0,0,0,0,0,0,0,2,2,0,0,NA,2,0,0,0,2,0,0,2,0,0,2,0,0,0,0,2,0,0,0,0,0,2,0,0,0,0,2,0,NA,2,0,0,2,2,2,0,2,0,0,0,2,2,0,0,NA,2,0,0,0,2,2,0,0,2,0,2,0,2,0,2,2,2,0,0,0,0,0,2,0,2,0,0,0,2,0,0,0,0,2,0,0,0,2,2,0,0,2,2,0,2,0,0,0,2,2,0,2,0,0,0,0,0,0,2,0,0,0,0,0,0,0,0,0,0,0,2,2,0,0,0,0,0,0,0,2,2,2,2,2,0,0,0,2,0,0,0,0,0,0,2,2,0,0,NA,0,0,0,0,2,0,0,0,2,2,0,0,0,0,2,0,0,0,0,2,0,0,2,0,0,0,0,0,0,2,0,0,0,2,0,2,0,0,2,0,0,0,0,2,2,0,2,0,2,2,0,0,2,2,0,0,0,0,0,0,NA,0,0,0,0,2,2,2,0,0,0,2,0,2,0,2,0,2,2,0,0,2,0,2,2,0,0,2,0,0,0,2,2,2,0,2,0,0,0,0,2,0,0,2,0,0,0,2,2,0,0,0,0,0,0,0,0,0,0,2,0,2,0,2,0,2,0,0,2,0,0,0,0,0,0,2,0,2,0,0,0,2,0,0,2,0,2,0,0,0,0,0,0,0,2,0,2,2,2,0,0,0,NA,0,0,0,0,0,0,0,0,0,2,0,0,0,0,0,0,0,0,0,2,0,0,0,0,0,0,0,2,0,0,0,2,0,2,0,0,0,0,0,0,0,0,0,0,0,0,0,0,2,0,2,0,0,0,0,0,0,0,0,0,0,0,0,2,0,0,0,0,0,0,0,0,0,0,2,0,0,2,0,2,0,0,0,0,0,0,0,2,2,0,0,0,0,0,0,0,2,0,0,0,0,0,0,2,0,0,2,0,0,0,0,2,0,0,0,0,0,0,0,0,0,0,0,0,2,0,2,2,0,0,0,2,0,0,0,0,2,0,2,0,0,0,0,0,0,0,0,2,0,0,0,0,2,0,0,0,0,2,0,0,0,0,0,0,0,0,2,0,2,0,0,0,0,0,0,0,0,2,0,2,0,2,2,0,0,0,2,0,2,2,0,0,0,0,0,0,0,0,0,0,0,0,0,0,0,0,0,2,0,0,0,0,0,2,2,2,0,0,2,0,2,0,0,0,0,0,0,0,0,2,0,0,0,0,0,2,0,0,2,0,2,0,0,0,0,0,0,0,0,0,0,0,0,0,0,2,2,2,2,0,0,0,0,0,0,0,0,0,0,0,0,0,0,0,0,0,0,0,0,0,0,0,0,0,0,0,0,0,0,0,2,0,0,2,0,0,0,0,0,0,0,0,2,0,0,2,0,0,0,0,0,0,2,0,0,2,0,0,0,0,2,0,0,2,0,2,NA,2,0,0,2,0,2,0,0,0,2,0,0,0,0,0,0,0,0,0,2,0,2,0,0,0,0,0,0,2,0,0,0,0,2,2,0,0,0,0,0,2,0,0,0,0,0,0,2,2,2,0,2,0,0,2,0,0
"CC143",0,0,0,0,2,0,2,2,0,0,0,0,0,0,0,0,0,0,0,2,0,0,2,0,0,0,0,0,0,2,0,0,0,0,0,0,2,0,2,0,0,2,2,0,0,2,0,0,0,0,2,0,0,0,0,0,0,0,2,2,0,0,2,0,2,0,2,0,0,0,0,0,2,0,0,2,2,0,0,0,0,0,0,2,2,2,0,2,0,0,0,2,2,2,0,2,0,0,0,0,2,0,2,2,0,2,0,0,0,2,2,2,2,0,0,0,0,0,0,0,2,0,0,0,0,2,0,0,0,0,0,0,0,0,0,0,0,0,0,0,0,0,0,0,0,0,0,2,0,2,2,2,0,0,2,0,0,0,2,0,0,0,0,0,0,0,0,0,0,0,0,0,0,0,0,0,0,0,2,0,0,0,2,0,2,2,0,0,0,0,0,0,2,0,0,0,0,0,0,0,0,0,0,0,0,2,0,0,0,0,0,0,0,0,0,0,0,0,2,2,0,2,2,0,0,0,0,2,0,2,2,0,0,0,0,0,0,0,0,0,0,0,0,0,2,0,0,0,0,2,2,0,2,0,0,0,0,2,0,0,0,0,0,0,2,0,2,0,0,0,0,0,0,2,0,0,0,0,0,0,0,0,0,0,0,2,0,0,0,0,0,0,0,0,0,0,0,0,0,0,0,0,0,0,0,0,0,0,0,0,0,2,0,0,0,0,2,0,2,0,0,0,0,0,0,0,0,0,0,0,0,2,0,0,0,2,0,0,0,0,0,0,0,0,0,0,0,0,2,0,0,0,0,0,0,2,0,0,0,0,2,0,0,0,0,2,0,0,2,0,0,0,0,2,2,0,0,0,2,0,0,0,0,0,0,0,2,0,0,0,0,0,2,2,NA,2,0,0,0,0,0,0,2,0,NA,0,2,0,0,2,0,0,0,0,0,0,0,2,0,0,0,2,0,0,0,0,0,0,0,0,2,0,0,2,2,2,2,0,2,0,2,0,2,0,0,0,0,0,0,0,0,2,2,0,0,0,0,0,0,2,0,0,2,0,2,2,0,2,2,2,2,0,0,0,0,0,2,0,0,0,0,0,2,0,0,0,0,0,0,0,0,2,0,2,2,0,0,2,0,2,2,0,2,0,0,0,0,2,0,2,0,2,0,0,0,0,NA,0,0,0,2,0,0,0,2,0,2,0,0,0,0,0,2,0,0,0,2,0,0,0,0,0,0,2,0,0,0,2,0,0,2,0,0,0,0,0,0,0,0,0,0,0,0,0,0,0,0,0,2,0,0,0,2,0,0,0,2,0,2,0,0,2,2,0,0,0,0,0,0,2,0,2,2,0,0,0,0,2,0,2,0,0,0,2,0,0,2,0,2,0,2,0,0,0,0,0,0,0,0,0,2,0,0,0,0,0,0,2,0,0,0,2,0,0,2,0,2,0,2,2,0,0,0,0,0,0,0,0,2,0,2,2,0,2,2,0,2,0,0,2,0,2,0,2,2,2,2,0,0,0,2,0,0,2,2,0,0,0,0,0,0,2,0,0,0,0,0,0,0,2,0,NA,0,0,2,0,2,0,0,2,0,2,2,0,0,0,0,0,0,0,0,0,2,0,0,0,0,0,0,0,0,0,0,0,0,0,0,0,0,0,2,0,0,0,0,2,0,0,2,0,0,0,0,0,0,0,0,0,2,0,0,0,0,0,0,0,0,0,2,0,2,0,0,2,2,0,2,0,0,0,0,0,0,0,0,0,0,0,0,2,0,2,0,2,2,0,0,0,0,0,2,2,0,0,NA,0,0,2,2,0,0,0,0,0,0,0,0,0,0,0,0,0,0,2,0,0,0,0,0,0,2,0,2,0,0,0,0,0,0,0,2,0,0,2,0,0,2,0,0,0,0,0,0,2,0,0,0,2,0,2,0,0,0,0,2,0,0,0,0,2,0,0,0,2,0,0,0,0,0,0,0,2,0,0,2,0,0,0,0,0,0,2,0,0,0,0,0,0,0,0,2,0,0,0,0,0,0,0,2,0,0,0,0,0,0,0,0,0,0,0,0,0,0,0,0,2,0,2,0,0,0,2,2,2,0,0,0,0,0,0,0,2,0,0,2,0,0,0,0,0,0,0,0,2,0,0,0,0,0,0,0,0,0,0,0,0,2,0,2,0,0,0,0,0,0,0,0,0,0,0,2,0,0,0,0,0,0,2,0,0,2,0,0,0,2,0,0,0,0,2,0,0,0,2,0,0,0,0,0,0,0,0,2,0,0,0,0,0,2,0,0,0,0,0,0,2,0,0,0,0,2,0,2,0,0,0,0,2,0,0,0,2,0,0,2,0,0,0,0,0,0,0,0,0,0,0,2,0,2,0,0,0,0,0,0,0,0,0,2,0,0,0,0,2,0,2,0,0,0,2,2,0,0,0,0,0,0,2,0,0,2,0,0,2,0,0,2,0,0,0,0,0,0,0,0,0,0,0,0,0,0,0,2,0,2,0,NA,2,2,2,0,0,0,0,0,2,0,0,0,2,0,0,0,2,0,0,2,0,0,0,0,0,2,0,0,0,0,0,0,0,2,0,0,0,2,0,0,0,2,2,NA,0,0,2,2,2,0,0,0,0,0,0,0,0,0,2,0,0,2,0,0,0,0,2,0,0,2,0,2,2,0,0,0,0,0,0,2,0,2,0,0,0,0,0,0,2,0,2,0,0,0,0,0,2,0,2,0,0,0,0,0,0,0,2,0,0,0,0,0,0,0,0,0,0,0,2,0,0,0,0,NA,0,2,0,0,0,0,2,0,0,2,2,0,2,0,2,2,0,0,0,2,0,0,0,0,0,0,0,0,0,2,0,0,0,0,0,0,2,2,0,0,0,0,0,2,0,0,2,0,0,0,0,2,0,0,0,0,0,0,0,0,0,0,0,0,0,0,0,0,0,0,2,0,0,2,0,2,2,0,0,0,0,0,0,0,0,0,0,0,0,2,0,2,0,0,0,2,0,0,2,0,0,0,0,2,2,0,0,0,2,2,2,0,0,0,2,0,0,0,0,2,2,0,0,0,0,0,0,0,2,2,2,2,2,0,0,0,0,2,0,0,2,0,0,2,0,2,0,0,0,0,0,0,0,0,0,0,0,0,0,0,0,0,2,2,0,0,2,2,0,0,0,0,0,0,0,0,0,0,2,0,0,0,2,0,0,0,2,2,0,0,0,0,0,0,0,0,0,0,0,2,2,0,0,2,0,0,0,0,0,0,0,0,0,0,0,0,0,2,2,0,0,0,2,0,0,0,0,0,2,0,0,0,0,2,0,0,0,0,0,0,0,2,0,0,0,2,0,0,0,0,0,0,2,0,0,0,2,0,2,0,2,0,0,0,0,0,0,2,0,0,2,0,0,0,0,2,0,0,0,0,0,2,0,0,0,0,2,2,0,2,2,0,2,2,0,0,0,2,2,0,0,0,0,0,0,0,0,0,0,0,0,0,2,0,0,0,0,0,2,0,0,0,2,0,0,0,0,2,0,2,0,2,0,0,0,0,2,0,0,0,2,0,0,0,0,0,0,2,0,0,0,0,0,2,0,0,0,0,0,0,0,0,0,0,0,0,0,0,0,0,0,0,0,0,0,0,2,0,0,0,0,0,0,0,0,0,0,0,0,0,0,0,0,0,0,2,0,0,0,0,0,2,0,0,0,0,0,0,2,0,2,0,0,2,0,0,0,0,0,2,0,0,0,0,2,0,0,0,0,0,0,0,0,2,0,0,0,0,0,0,0,2,0,0,0,2,0,2,0,0,0,0,0,0,0,2,0,0,2,0,0,0,0,0,0,0,0,0,0,0,0,0,0,2,2,2,2,0,0,2,0,0,2,2,0,2,0,2,0,2,0,2,0,0,0,2,0,0,0,0,2,2,2,NA,0,0,0,0,0,0,0,0,0,0,2,0,0,0,0,0,0,0,2,2,0,2,0,0,0,0,0,2,2,0,0,2,0,0,0,0,0,0,2,2,0,0,0,0,0,0,0,0,0,0,0,0,0,2,0,0,2,2,2,0,2,0,0,0,0,0,0,2,2,2,2,2,0,2,0,2,0,2,2,0,0,0,0,2,0,0,0,0,2,0,0,NA,0,0,0,0,0,0,2,2,0,0,2,0,0,0,0,0,2,2,0,0,0,0,0,2,2,0,0,0,0,2,0,2,0,0,0,0,0,0,0,0,0,0,0,2,0,0,0,0,0,2,0,0,0,2,0,0,0,0,0,0,0,0,0,0,0,2,2,2,0,2,0,0,0,2,0,0,0,2,2,0,0,2,0,2,0,0,0,0,0,0,2,0,2,0,2,2,2,0,0,0,0,0,0,0,0,2,0,2,0,2,0,0,0,0,0,0,0,0,0,0,0,0,2,0,2,0,0,2,0,0,0,0,0,0,0,0,0,2,0,0,0,0,0,0,0,0,0,0,2,0,0,0,0,2,2,0,0,0,0,0,0,2,0,0,0,0,0,0,0,2,0,2,2,0,2,0,0,0,0,0,0,0,0,0,0,0,0,0,2,0,0,0,2,2,2,0,0,0,0,2,0,0,0,0,0,0,2,0,0,0,0,0,0,0,2,0,2,0,0,0,0,0,0,0,0,0,0,0,0,0,0,0,2,2,0,2,0,0,2,2,0,0,2,0,0,0,0,2,0,2,0,0,0,2,2,2,2,0,2,2,0,0,2,0,0,0,2,0,0,2,0,0,2,0,0,0,2,0,0,0,0,0,0,0,NA,0,0,0,0,0,0,0,0,0,0,0,0,0,0,2,0,0,0,0,0,0,0,0,2,0,0,2,0,0,0,0,NA,0,0,0,0,0,0,0,2,0,0,0,0,0,0,0,0,0,0,2,2,0,0,0,0,0,0,0,0,0,0,0,0,2,0,0,0,0,0,0,0,2,0,0,0,0,0,0,0,0,0,0,0,2,0,0,0,2,0,0,2,0,0,0,0,2,0,0,0,0,0,0,2,0,0,2,0,0,0,2,0,0,0,2,0,0,0,0,2,2,0,0,0,0,0,0,0,0,0,0,0,0,0,0,0,0,0,0,0,0,0,0,0,0,0,0,0,0,0,0,0,0,0,0,0,2,2,0,0,0,0,2,0,0,0,0,0,2,0,0,0,0,0,0,0,0,0,0,0,0,0,0,0,0,0,2,0,2,2,0,0,2,0,2,2,0,0,0,0,0,2,0,0,0,0,0,0,0,0,0,2,0,0,0,0,0,0,0,0,0,2,0,0,0,2,0,0,0,0,0,0,0,2,0,0,0,0,0,0,0,0,0,2,0,2,0,0,0,0,0,0,0,2,2,0,0,0,0,0,2,0,0,0,0,0,2,0,2,0,0,0,0,0,0,0,0,0,0,0,0,0,0,2,0,0,0,2,2,0,2,2,2,2,2,0,0,0,2,0,0,2,0,2,0,0,2,0,0,0,0,0,NA,0,2,0,2,0,0,2,0,2,0,0,0,0,2,0,0,0,0,2,0,0,0,0,0,0,0,0,0,0,0,2,0,0,0,0,0,2,0,0,0,0,0,0,0,0,0,0,0,0,0,0,2,0,0,0,0,0,0,0,0,0,0,0,0,0,0,0,0,0,0,0,2,0,2,0,0,0,2,0,0,0,2,0,0,0,0,0,0,0,0,0,0,0,0,0,0,0,0,0,0,0,0,0,2,0,0,0,2,0,0,0,0,0,0,0,0,0,0,0,0,0,0,0,0,0,0,0,0,0,2,0,0,2,0,2,0,0,2,0,0,0,2,0,0,0,0,0,0,0,0,0,2,0,0,0,0,2,0,2,2,0,0,0,2,0,0,0,0,2,0,2,2,0,0,0,0,2,2,0,0,0,0,0,0,0,0,2,0,0,0,0,0,0,0,2,0,0,0,0,0,0,0,2,0,0,0,0,0,2,0,2,0,0,0,2,0,0,2,0,0,0,2,0,0,0,0,0,2,0,0,0,0,0,0,0,2,2,0,2,2,0,0,0,0,0,0,2,0,2,0,0,0,0,0,0,0,0,2,0,0,0,0,0,0,0,2,2,2,0,0,0,0,0,0,0,2,0,0,0,0,0,0,0,2,2,2,0,2,0,0,0,0,0,0,0,0,0,2,0,0,0,0,0,0,0,0,0,0,0,2,0,0,0,0,0,0,0,2,0,0,0,2,0,0,2,0,0,2,0,0,0,0,0,0,0,0,0,0,0,0,0,0,2,0,0,0,0,0,2,0,2,0,0,0,0,0,0,0,2,2,0,0,0,0,0,0,0,0,0,0,0,0,0,0,0,0,0,0,0,0,0,0,0,0,2,0,0,2,2,0,0,0,0,0,0,0,0,2,0,0,0,0,0,0,0,0,0,0,0,0,0,0,0,0,0,0,0,0,0,0,0,0,0,0,0,2,0,0,0,2,0,0,0,0,2,0,0,0,0,0,2,0,2,0,0,0,0,0,0,0,0,0,0,0,2,2,0,0,0,0,2,0,0,0,0,0,0,0,0,0,0,2,0,0,0,0,0,0,2,0,0,2,0,0,0,0,0,0,2,2,0,2,2,0,0,2,0,0,0,2,0,0,2,2,2,0,2,0,0,0,2,0,0,0,0,0,0,0,0,0,0,0,0,2,2,2,2,2,2,0,0,0,2,2,0,0,0,2,0,0,0,0,0,2,0,2,2,0,2,0,0,2,0,2,0,0,0,0,0,0,0,0,2,0,0,0,2,0,0,0,2,2,0,2,0,2,0,0,0,0,0,0,0,0,0,0,2,0,0,0,0,0,0,0,0,0,2,0,0,0,2,0,0,0,0,0,0,0,0,0,2,0,0,0,0,0,0,0,0,0,0,0,0,0,0,0,0,0,0,0,0,0,0,0,0,0,0,0,2,0,0,0,0,0,0,2,0,0,0,2,0,0,0,2,0,0,0,0,0,0,0,0,0,0,0,2,0,0,0,0,0,2,0,0,0,0,0,2,0,0,0,0,0,0,0,2,0,2,0,0,0,0,0,0,0,0,0,0,0,2,0,2,0,0,0,0,0,0,0,0,2,0,0,0,0,0,0,0,0,0,0,0,0,0,2,2,0,0,0,0,0,0,0,0,2,0,0,0,0,0,0,0,0,2,2,0,0,0,0,0,0,0,0,0,0,0,2,0,2,0,0,0,0,2,0,0,0,0,0,0,2,0,0,2,0,0,2,0,0,0,2,0,0,0,0,0,2,2,0,0,0,0,0,0,2,2,2,0,0,0,0,0,0,0,0,0,0,0,0,0,0,0,0,0,0,0,0,0,0,0,0,0,0,0,0,0,0,0,0,0,0,0,0,0,0,0,0,0,2,0,0,0,0,0,0,2,0,2,0,0,0,0,0,2,0,2,0,0,2,2,2,0,0,0,0,2,0,0,0,0,0,2,2,0,0,0,0,0,0,0,0,0,0,2,0,2,2,0,0,0,2,0,0,0,0,0,0,0,0,0,0,0,0,0,0,0,0,0,2,0,0,2,0,2,0,0,0,0,0,0,0,0,0,0,2,0,0,0,0,0,0,0,2,0,2,0,0,0,0,0,0,0,0,0,0,0,0,0,0,0,0,0,0,0,0,0,0,2,0,0,0,0,0,0,0,0,0,0,0,2,0,0,0,0,2,0,0,0,0,2,0,0,0,0,0,0,2,0,0,0,0,0,0,0,0,0,0,0,0,0,0,2,0,0,0,0,2,0,0,0,2,0,0,2,0,0,0,0,2,0,2,2,0,2,0,0,0,0,0,0,0,0,0,0,0,0,2,0,0,0,2,0,0,0,0,0,0,0,0,0,0,0,0,0,2,0,2,2,0,0,2,2,0,0,0,0,0,0,0,0,2,0,0,0,2,0,2,0,0,0,0,0,0,2,2,0,0,0,0,2,0,0,0,0,0,0,0,0,0,0,0,2,0,0,0,2,2,0,0,2,0,0,0,0,0,0,0,0,0,0,0,0,0,0,0,0,0,0,0,0,0,0,0,0,0,0,0,0,0,0,0,0,0,0,0,0,0,0,0,0,0,0,0,0,0,0,0,0,0,0,0,0,0,0,0,0,0,0,0,0,0,0,0,0,2,0,2,0,0,0,0,0,0,0,0,0,0,0,0,0,0,0,0,2,0,0,0,0,0,2,0,0,0,0,0,0,0,0,2,0,2,0,0,0,0,0,0,2,0,0,0,2,0,0,0,2,0,0,0,0,0,0,0,0,0,0,2,0,0,0,0,0,0,0,0,0,0,0,0,0,0,2,0,0,0,2,0,0,0,0,0,0,2,0,0,0,0,2,0,0,0,0,0,0,0,0,0,0,0,0,2,0,0,0,0,0,2,0,2,2,2,0,0,2,0,0,0,0,2,0,2,0,2,0,0,0,2,2,0,0,0,0,2,0,2,0,0,0,0,2,2,0,0,0,0,2,0,0,0,0,0,0,0,0,2,0,0,0,2,0,0,0,0,2,0,0,0,0,0,0,0,2,0,0,0,0,2,0,0,0,0,0,0,0,0,2,0,0,2,0,2,0,0,0,0,2,0,2,0,0,2,2,0,2,0,0,0,0,0,2,0,0,2,0,0,2,0,0,0,2,0,2,0,0,2,0,0,0,0,0,2,0,0,0,2,0,0,2,0,0,2,0,2,2,2,0,0,0,0,0,2,2,0,0,0,0,0,0,0,0,0,0,0,0,0,0,2,0,0,0,0,0,0,0,0,2,0,0,0,2,2,0,0,0,0,0,0,0,0,0,0,0,0,0,0,0,0,0,0,0,0,0,0,2,0,0,0,0,2,0,0,0,0,0,0,0,2,0,0,0,0,0,0,0,2,0,0,0,0,0,0,0,2,2,2,0,0,2,0,0,2,0,0,0,0,2,0,0,0,0,0,0,0,2,0,0,0,0,2,2,0,2,2,0,2,0,2,2,2,2,0,0,2,2,0,0,2,0,0,0,2,0,0,0,0,0,0,0,0,0,0,0,0,0,0,0,0,0,0,2,2,2,0,2,0,0,0,2,2,0,2,0,0,0,0,0,0,0,0,0,2,0,0,2,0,0,0,0,0,0,0,0,0,0,0,0,0,0,2,2,0,0,0,0,2,2,0,0,0,0,0,0,0,0,0,2,0,0,0,0,0,0,0,0,0,0,0,0,0,0,0,0,0,0,2,0,2,2,0,0,2,0,0,0,0,0,0,0,2,0,2,0,0,0,0,0,2,0,0,0,0,0,2,0,0,2,0,0,0,0,0,0,0,0,0,0,0,0,2,0,0,0,0,0,2,0,2,2,0,0,2,0,0,0,0,2,0,0,0,0,0,0,0,0,0,2,2,0,2,0,2,0,0,0,0,0,0,2,0,2,2,2,0,2,2,0,0,2,2,2,0,0,0,0,0,0,2,2,0,0,0,2,0,0,2,2,0,2,2,0,0,0,2,2,0,2,0,0,0,0,2,2,2,2,0,0,0,0,2,0,0,0,0,2,0,2,0,0,0,2,2,2,0,0,0,0,2,0,0,0,0,2,0,0,0,0,0,0,0,0,0,0,0,0,0,0,2,0,2,2,0,0,0,0,0,0,0,0,0,0,2,0,0,0,0,0,0,2,0,0,0,0,2,0,0,0,0,0,0,0,0,0,2,0,0,0,0,2,0,0,0,0,0,0,0,0,0,0,0,0,0,0,2,0,0,0,0,0,0,0,2,2,0,0,0,0,0,0,0,2,0,0,0,0,0,0,0,2,0,0,0,2,0,2,0,2,0,0,0,0,0,2,2,0,0,0,2,0,0,0,0,0,0,0,0,0,0,0,0,0,0,0,0,0,0,0,0,0,0,2,2,0,0,2,0,0,2,2,0,0,0,0,2,2,0,0,2,0,0,0,0,0,0,2,2,0,2,2,2,0,0,2,0,0,0,0,2,0,0,0,2,0,0,2,0,0,NA,0,0,0,0,2,0,0,0,2,2,2,0,2,0,0,0,0,0,2,0,2,0,2,0,0,0,0,NA,0,0,2,0,0,2,NA,2,0,2,0,0,2,0,2,2,0,0,0,2,0,0,0,0,2,0,2,0,0,2,2,0,0,2,0,0,0,0,0,0,0,0,0,2,0,0,0,0,0,0,2,2,0,0,0,0,0,2,0,0,0,2,2,0,2,0,0,0,0,0,0,0,0,2,2,0,0,2,0,2,0,2,2,0,0,2,0,0,2,0,0,0,0,0,2,0,2,0,2,0,0,0,0,0,2,0,2,0,0,0,0,2,2,0,2,0,2,2,0,0,0,0,0,0,0,2,2,0,0,0,0,2,0,0,0,0,2,0,2,0,0,2,2,2,0,0,0,0,2,0,2,0,0,2,0,0,2,0,0,0,0,0,0,0,0,2,2,0,0,0,0,0,2,0,0,0,0,0,2,2,2,0,2,0,0,0,2,0,0,NA,0,2,0,0,2,0,0,2,2,2,0,0,2,0,2,0,2,0,2,2,0,2,0,0,0,0,0,2,0,0,0,2,0,2,0,0,0,0,0,0,0,2,0,0,0,0,2,2,0,2,2,2,2,0,2,0,2,0,2,0,0,0,0,0,0,0,0,0,0,0,0,0,0,0,0,2,0,0,2,0,0,2,0,0,0,0,0,0,0,0,0,0,0,2,0,2,0,0,0,0,2,2,0,2,0,0,0,0,2,0,0,0,0,2,0,0,2,0,0,2,0,0,0,0,0,2,0,2,0,0,0,0,0,2,0,0,0,0,0,2,0,2,2,0,0,0,0,2,0,2,0,0,0,0,0,0,0,0,0,0,0,0,2,0,2,0,0,2,0,2,2,0,0,0,0,0,2,0,2,0,0,0,2,2,0,0,0,0,0,2,NA,0,0,2,0,2,0,2,2,0,0,2,0,0,0,2,0,2,0,0,0,0,0,0,0,0,0,2,0,0,2,2,0,0,0,0,0,2,2,0,0,2,2,0,0,0,0,0,2,2,2,0,2,2,0,0,2,2,2,0,0,2,2,0,0,0,0,0,2,NA,2,0,0,0,0,2,2,0,0,0,2,0,0,0,2,2,0,0,0,0,0,0,0,2,0,0,0,0,0,2,2,0,2,0,0,0,0,2,0,0,0,0,2,0,0,2,0,0,0,0,0,0,2,0,0,0,0,0,0,0,0,2,0,0,0,2,2,0,0,0,0,0,0,2,2,2,0,0,0,0,0,0,0,0,2,0,2,2,0,0,0,2,0,0,0,2,0,0,0,0,0,0,2,0,2,0,0,0,2,0,2,0,2,2,0,0,2,0,0,0,2,0,0,2,0,0,0,0,0,2,0,2,2,0,0,0,0,0,0,0,2,0,0,0,0,0,2,0,0,2,0,0,0,0,2,0,0,2,0,0,0,0,0,0,0,2,2,2,2,0,0,0,0,0,2,2,0,0,0,0,0,0,0,0,0,0,0,0,0,0,0,0,2,0,0,0,0,0,0,0,0,0,2,0,2,2,0,0,0,0,0,0,2,0,0,0,0,2,0,0,0,0,0,0,0,0,2,2,0,0,2,2,0,0,2,0,0,0,0,0,0,0,0,0,0,2,0,0,0,0,0,0,0,0,0,0,0,0,0,0,0,2,0,0,2,0,2,0,0,0,0,2,2,0,0,0,0,0,2,0,0,0,0,2,0,2,0,0,0,2,0,0,0,0,0
"CC144",0,0,0,0,0,0,2,0,0,0,0,0,0,0,2,0,0,0,0,0,0,NA,0,0,2,0,0,0,2,2,0,0,0,0,2,0,0,0,2,0,2,0,0,0,0,0,0,0,0,0,0,0,0,0,0,0,0,0,0,0,0,0,0,0,2,2,0,0,0,0,0,0,0,0,0,0,0,0,0,2,0,0,0,0,0,2,0,0,0,0,0,0,0,0,2,0,0,0,0,0,0,0,2,2,2,0,0,0,0,0,0,2,0,0,0,0,0,0,0,2,0,0,2,0,0,0,0,0,2,0,2,0,0,2,0,0,0,0,0,0,0,0,0,0,0,0,0,0,0,0,2,0,0,0,0,2,0,2,0,2,0,0,0,0,0,0,0,0,2,0,0,0,0,0,2,0,0,0,2,2,2,0,0,0,2,0,0,0,0,2,0,2,2,0,2,NA,2,2,0,0,0,0,0,0,0,0,0,0,0,0,0,0,0,0,0,2,2,2,0,0,0,0,0,0,0,2,0,0,0,0,0,0,0,2,0,0,0,0,0,0,0,0,0,0,0,0,0,0,0,0,0,0,0,0,0,0,0,0,0,0,2,0,0,0,0,0,0,0,0,0,0,0,0,0,2,0,2,2,2,0,2,0,0,2,0,0,0,0,0,0,0,2,2,0,0,0,0,0,0,0,0,0,0,2,0,0,2,0,2,0,0,0,0,0,0,0,0,2,0,0,0,0,0,0,0,0,0,2,2,0,0,0,0,0,0,0,2,0,2,0,2,2,2,0,0,0,0,2,0,0,0,0,0,0,0,0,0,0,0,0,0,0,2,0,2,0,0,0,0,2,0,0,NA,0,0,0,0,0,0,0,0,0,2,0,0,2,2,0,2,0,2,2,0,0,0,0,0,0,0,0,0,0,2,2,0,2,0,0,0,0,0,0,0,0,0,0,0,2,0,0,0,2,2,0,0,0,0,0,0,2,0,0,2,0,0,0,0,0,0,0,0,0,0,0,0,2,0,0,0,0,0,0,0,0,2,2,0,2,2,2,2,2,0,0,0,0,0,0,0,0,0,2,2,0,0,0,0,0,0,0,0,0,0,2,0,0,0,2,0,0,0,0,0,0,0,0,0,0,0,0,0,0,0,2,2,0,0,0,0,2,0,0,0,0,0,0,0,0,0,2,0,0,2,0,0,0,0,0,0,0,2,0,0,0,2,0,0,0,0,0,2,2,0,2,0,0,2,0,0,0,2,0,0,0,0,2,0,0,0,0,0,2,0,0,0,0,0,0,0,0,0,0,0,0,2,0,2,0,2,2,2,2,0,0,0,0,0,0,2,2,0,2,0,2,0,0,0,0,2,0,0,0,0,2,0,0,0,0,0,0,0,0,0,0,0,0,0,0,0,0,0,0,0,0,NA,2,0,0,0,0,0,0,0,2,2,0,0,0,0,2,0,0,0,0,0,0,0,0,0,0,0,0,0,0,0,NA,2,0,0,2,0,0,0,2,2,2,0,0,2,2,0,0,0,0,0,2,2,0,0,0,0,0,2,0,2,0,0,0,2,0,0,0,0,0,0,0,0,2,2,2,0,0,0,0,0,0,0,0,2,0,0,0,2,0,0,2,0,0,0,0,0,0,0,2,0,0,0,0,0,0,0,0,0,0,0,0,0,0,0,0,0,0,0,0,0,0,2,2,2,2,0,0,2,0,0,0,0,0,2,0,0,0,0,0,0,0,0,0,2,0,0,0,0,0,0,0,0,2,0,0,0,0,0,0,0,0,0,2,2,0,2,0,0,0,0,2,0,0,0,0,0,0,0,2,0,2,0,2,2,0,0,0,0,0,0,0,0,0,2,0,0,0,0,2,0,2,0,0,0,0,0,0,0,0,0,0,0,0,0,0,0,2,0,2,0,0,0,0,0,0,2,2,2,0,0,0,0,0,0,2,0,0,0,0,2,0,0,2,0,0,0,0,0,2,0,0,2,0,0,0,0,0,0,0,2,2,0,0,0,0,0,0,0,0,0,0,0,0,0,0,0,0,2,0,0,0,0,0,0,0,0,2,0,0,0,0,0,0,0,0,0,2,2,2,0,0,2,2,0,0,0,2,0,2,2,2,0,0,0,0,0,0,0,0,2,0,2,0,2,0,0,0,0,0,0,0,0,0,0,0,0,0,0,0,0,0,0,0,0,2,0,0,0,0,0,0,0,2,0,0,0,0,0,0,0,0,2,2,0,0,2,2,2,0,0,0,2,0,0,0,0,0,0,0,0,0,0,2,2,0,2,0,0,0,0,0,0,2,0,0,0,0,0,0,0,0,2,0,2,2,2,0,0,0,0,0,2,2,0,0,0,0,0,0,0,2,0,0,2,0,0,0,0,0,0,0,2,0,2,0,0,0,0,0,0,0,0,2,0,0,0,0,0,0,0,2,0,0,0,0,0,0,0,0,0,2,0,0,0,0,0,0,2,2,0,0,0,0,0,0,0,0,0,0,0,0,0,0,0,0,0,0,0,0,0,0,0,0,0,0,0,0,0,0,2,0,0,2,0,0,2,2,0,0,2,0,0,2,2,0,0,0,0,2,0,0,0,2,0,0,0,0,0,0,0,0,0,0,0,2,2,2,0,0,0,2,0,0,0,2,0,0,0,0,2,0,0,0,0,0,2,0,0,0,0,0,0,0,0,2,0,0,0,0,0,0,0,0,0,0,2,2,0,0,0,2,0,0,2,2,0,0,0,0,NA,0,0,0,0,0,0,2,0,0,0,0,0,2,0,0,0,0,0,0,0,0,2,0,0,0,2,2,0,0,2,0,2,0,2,0,2,0,0,0,0,0,2,0,0,0,0,0,0,0,0,0,0,0,0,0,0,0,0,2,0,0,0,0,2,2,0,2,0,0,0,0,0,0,0,0,0,0,0,0,2,0,0,0,0,0,0,0,0,0,2,2,0,0,0,0,0,0,0,2,0,0,0,0,2,0,0,0,2,0,0,0,2,0,0,0,0,2,0,0,0,0,0,0,0,2,0,0,0,2,0,0,0,0,0,0,0,0,0,0,0,0,0,2,0,0,0,0,0,0,0,0,0,0,2,0,NA,0,0,0,0,0,2,0,0,0,0,0,0,0,2,0,0,0,0,2,0,0,0,0,0,0,0,0,2,2,0,0,0,0,0,0,0,0,0,0,2,0,0,2,2,0,0,0,0,0,0,0,0,0,2,0,2,2,0,0,0,0,0,0,0,2,0,0,0,2,0,2,NA,0,0,0,0,0,0,0,2,0,2,0,2,0,0,0,0,2,0,0,0,0,2,2,0,0,0,2,0,0,0,0,2,0,0,0,2,0,0,0,0,0,2,0,0,0,0,0,0,0,0,0,0,0,0,0,2,0,0,0,0,0,2,0,0,0,0,0,0,0,0,2,0,2,2,2,0,0,0,0,0,0,0,2,2,0,0,2,0,0,0,0,0,0,0,0,0,0,0,0,0,0,0,2,0,0,0,0,2,0,0,0,0,0,0,0,0,2,0,0,0,0,2,2,0,2,0,0,0,2,0,0,0,0,0,0,0,0,0,2,0,2,0,0,0,0,0,0,0,0,0,0,0,0,0,0,0,0,0,0,0,0,0,0,0,0,0,2,0,0,0,0,0,0,0,0,2,0,0,0,0,0,0,0,2,0,0,0,0,0,0,0,0,0,0,0,2,0,0,2,0,0,0,0,0,2,0,0,2,0,0,0,0,0,0,2,0,0,0,2,0,0,0,2,0,0,0,0,2,0,2,0,0,0,0,0,0,0,0,0,0,0,0,2,2,0,0,0,0,0,0,0,0,0,2,2,0,0,0,0,0,0,0,0,0,0,0,0,0,0,0,2,2,2,0,0,0,2,2,0,2,0,0,0,0,0,0,0,0,0,0,0,0,2,0,0,0,0,0,0,0,0,0,2,2,0,0,0,0,0,0,0,0,0,2,0,0,0,0,2,0,0,0,0,0,0,0,0,0,0,0,0,0,0,0,0,0,0,0,0,0,0,0,0,0,0,2,0,0,0,0,0,0,0,0,2,0,2,0,0,0,0,0,2,0,0,0,0,0,0,0,0,0,0,0,0,0,0,2,0,0,0,0,2,0,0,0,0,0,2,0,2,0,0,0,0,2,0,0,0,0,0,0,0,0,0,0,0,0,0,0,2,0,2,0,0,2,0,0,0,0,0,2,0,0,0,0,0,0,0,0,0,0,0,0,0,0,0,0,0,0,0,0,0,2,2,0,0,0,0,0,0,0,0,2,0,0,0,0,0,0,0,0,2,0,0,2,0,0,0,0,0,2,0,0,0,2,0,2,0,0,2,0,0,0,0,0,0,0,2,2,0,0,0,2,0,2,0,0,0,2,0,0,0,2,2,0,2,0,0,0,0,2,0,0,0,2,0,0,0,0,0,0,2,0,0,0,0,0,0,0,0,0,0,0,2,0,0,0,0,0,0,0,2,0,0,0,0,2,0,0,0,0,0,0,0,0,0,0,0,0,0,0,0,0,0,0,0,0,0,0,2,0,0,0,0,0,0,0,0,0,0,0,2,0,0,0,0,0,0,0,0,0,0,0,0,0,0,0,0,0,2,0,2,0,0,0,0,0,0,0,0,0,0,0,0,0,0,0,0,0,0,2,0,0,0,0,0,0,0,0,0,0,0,0,0,2,2,2,0,0,0,0,0,0,0,0,0,0,0,0,2,0,0,0,2,0,0,0,0,0,0,0,0,0,0,2,0,0,0,0,0,0,0,0,0,0,0,0,2,0,2,0,2,0,2,0,0,0,0,0,0,0,0,0,0,2,0,2,0,0,2,2,0,0,0,2,0,0,0,0,0,0,0,0,0,0,0,2,0,2,2,0,0,0,0,0,0,0,2,2,0,0,0,0,2,0,NA,2,0,2,0,2,0,2,0,0,0,0,0,2,2,0,0,0,2,0,0,2,0,0,0,0,0,0,0,2,2,2,0,0,0,0,0,0,0,0,0,0,0,0,0,2,2,0,0,0,2,0,2,2,2,2,2,0,0,0,0,0,0,0,0,0,0,0,0,0,0,0,0,0,0,2,0,0,0,2,0,2,2,0,0,0,2,0,0,0,0,0,2,0,0,0,0,0,2,0,2,0,0,0,0,0,2,2,0,0,0,0,2,0,2,0,0,0,0,0,0,0,0,0,0,2,2,0,0,2,2,2,0,0,0,2,2,0,0,0,0,0,0,0,0,0,0,0,0,0,0,0,0,0,0,0,0,0,0,0,0,0,0,0,0,0,0,0,0,0,0,0,0,0,0,0,2,0,2,0,0,2,0,0,0,2,2,2,0,0,2,0,0,0,0,0,0,2,0,0,2,0,0,0,0,2,0,0,0,0,0,2,0,0,0,0,0,2,0,0,0,0,2,0,0,0,0,0,0,2,0,0,0,0,0,0,0,0,2,0,0,NA,0,0,2,0,2,2,0,0,0,0,0,0,0,0,0,0,0,0,0,0,0,0,0,0,0,2,0,0,0,0,0,0,0,2,0,2,2,0,2,0,0,0,0,0,0,0,0,0,0,0,0,0,0,0,0,2,0,0,0,0,0,2,0,0,0,0,2,0,0,0,2,2,0,0,0,2,0,2,0,0,0,0,0,0,0,2,0,0,2,0,0,0,0,2,0,0,2,0,0,2,0,0,0,0,0,0,0,0,0,0,0,0,2,0,0,0,0,0,2,0,0,0,0,0,0,0,0,0,0,0,0,0,0,0,0,0,2,0,0,2,0,2,0,0,2,0,0,2,0,0,2,0,2,0,0,0,0,0,2,2,0,2,0,2,0,0,0,2,0,2,0,0,0,0,0,2,0,0,0,0,0,0,0,2,0,0,0,0,0,2,0,0,2,0,0,0,0,0,2,0,0,0,0,0,0,2,2,0,0,2,0,0,0,0,0,0,0,0,0,2,0,2,0,0,2,0,2,0,0,0,2,2,2,2,2,0,2,0,0,0,2,0,2,0,0,0,2,0,2,0,0,2,0,0,0,0,0,0,2,0,2,0,0,0,0,0,0,0,2,0,0,2,0,0,0,0,0,0,0,0,0,0,0,0,0,0,2,0,0,0,0,2,0,0,0,0,0,0,0,0,0,0,0,0,0,0,0,0,2,0,NA,0,0,0,0,0,0,0,0,0,0,0,0,0,0,2,0,0,0,0,0,0,0,2,0,0,0,0,0,0,0,0,2,0,0,0,2,0,0,0,0,0,0,0,0,0,0,0,0,0,0,0,0,0,0,0,0,0,0,0,0,0,0,0,0,2,0,0,0,0,0,0,2,0,2,0,2,0,0,2,2,0,0,0,0,0,0,0,2,0,2,2,0,0,0,0,0,0,2,0,0,0,2,0,0,0,2,0,2,0,0,0,0,0,2,0,0,2,0,0,0,0,0,0,2,0,2,2,0,0,0,2,0,2,0,0,2,0,0,0,2,0,2,0,0,0,0,0,0,0,2,0,0,0,0,0,0,0,0,2,0,0,0,2,0,0,0,0,0,0,0,0,0,0,0,0,0,0,0,0,0,0,0,0,0,0,0,0,0,0,0,0,0,0,0,2,0,0,0,0,0,0,2,0,0,0,0,0,0,0,0,0,0,0,0,0,0,0,0,2,0,0,0,0,0,0,0,0,2,0,0,2,0,0,2,2,0,0,0,2,0,2,2,0,0,0,0,0,0,0,0,0,0,0,0,0,2,0,0,0,2,0,0,0,0,0,0,0,0,0,0,0,0,0,0,2,0,0,0,0,0,0,0,0,2,0,0,2,0,0,0,0,0,0,0,0,0,0,0,0,0,0,0,0,2,0,0,0,2,0,0,0,0,2,NA,2,0,0,0,0,0,0,0,0,2,0,0,0,2,0,2,0,0,2,0,0,0,0,0,0,0,0,0,0,0,2,0,2,0,0,0,0,2,0,0,0,0,0,0,0,0,2,0,0,0,0,0,0,0,0,0,0,0,0,0,0,0,0,0,0,0,0,0,0,0,0,0,0,0,0,0,0,0,0,0,2,0,0,0,0,0,0,2,0,0,0,0,2,2,0,0,0,0,0,0,0,0,0,0,0,2,0,0,0,0,0,0,0,2,0,0,0,0,0,0,0,0,0,0,0,0,0,0,0,0,0,2,0,2,0,0,0,0,0,2,0,0,0,2,0,0,0,0,0,0,0,2,0,0,0,0,0,0,0,0,0,0,0,2,0,0,0,0,0,0,0,0,2,0,0,2,0,0,0,2,0,0,0,0,0,0,0,0,0,0,0,0,0,0,0,0,0,0,0,0,0,0,2,2,0,0,0,0,0,0,2,0,0,0,0,0,0,0,0,0,0,0,0,0,2,0,0,0,2,0,0,0,0,2,0,0,0,0,0,0,0,0,0,0,0,0,0,0,0,0,0,0,0,0,2,0,0,0,0,0,0,0,0,0,2,0,0,2,0,0,0,0,0,0,0,0,2,0,0,2,0,2,0,0,0,0,0,0,0,0,0,0,0,0,0,0,0,0,0,0,0,2,2,0,0,0,0,0,0,0,0,0,0,0,2,0,0,0,0,0,0,0,0,0,0,0,0,0,0,0,0,0,2,0,0,0,0,0,0,0,0,0,0,0,0,0,2,2,0,0,0,0,0,2,0,0,0,0,0,0,0,0,0,0,0,0,0,0,0,0,0,0,2,0,0,0,0,0,0,0,0,0,0,2,2,0,0,0,2,0,0,0,2,0,0,0,0,0,0,0,0,0,0,0,0,0,0,0,0,2,2,0,0,0,2,2,0,0,0,0,0,0,0,0,0,0,0,0,0,0,0,0,0,0,2,0,0,0,0,0,0,0,0,0,0,0,0,0,0,0,0,0,0,0,0,0,0,0,0,0,0,0,0,0,0,0,0,0,0,0,0,0,0,0,0,0,0,0,0,0,0,0,0,0,0,2,0,0,0,0,0,0,2,0,0,0,0,0,2,0,0,0,0,0,0,0,0,2,0,0,0,0,0,0,0,0,2,0,0,0,0,0,0,0,0,0,0,0,0,0,2,0,0,2,0,0,2,0,0,0,0,0,2,0,0,0,0,2,0,0,2,0,0,0,0,2,2,2,0,2,0,2,0,0,0,0,2,0,0,0,0,2,0,0,2,0,0,0,2,0,0,0,2,2,2,0,0,0,0,0,0,0,0,2,0,0,2,2,0,0,0,0,0,0,0,0,0,0,0,0,0,0,0,0,0,0,0,0,0,0,0,0,0,0,2,0,0,0,0,0,2,0,0,0,2,0,0,0,0,0,0,NA,0,0,0,0,0,0,0,0,0,0,0,0,0,0,0,2,0,2,2,0,2,2,0,2,0,0,2,2,0,0,2,0,0,2,0,0,0,2,0,0,0,0,0,0,0,0,2,0,2,0,0,0,0,0,2,0,0,0,0,2,0,0,0,0,0,2,0,0,0,2,0,0,0,0,0,0,0,0,0,0,0,2,0,0,0,0,0,0,0,0,0,2,0,2,0,0,0,0,0,0,0,0,0,0,0,0,0,0,2,0,0,0,2,0,0,0,2,0,0,0,2,0,0,0,2,0,0,0,2,0,0,2,2,2,0,0,2,0,0,0,0,0,0,0,0,0,0,0,0,0,0,0,0,0,0,0,0,0,0,0,0,0,0,2,0,0,0,0,0,0,0,0,0,0,2,0,0,0,0,2,0,0,0,0,2,0,2,0,2,0,0,2,2,0,2,0,0,2,0,0,0,2,0,0,0,2,2,0,2,0,0,0,0,0,0,0,0,0,0,0,2,0,2,0,0,2,0,0,2,0,2,2,0,2,0,2,0,0,0,2,0,0,0,2,0,0,0,0,2,2,2,2,0,0,2,0,0,0,0,0,0,0,0,0,0,0,0,0,0,0,0,0,2,0,NA,0,0,0,0,0,2,0,0,0,0,2,0,0,0,0,0,0,0,0,0,0,0,2,0,0,0,0,0,0,0,0,0,0,0,0,0,2,2,0,0,0,2,0,0,0,0,0,2,0,2,0,0,0,0,0,0,0,0,2,0,0,0,0,0,0,0,0,0,0,0,0,0,0,0,0,0,0,0,0,0,0,0,0,0,0,0,2,2,0,0,2,0,0,0,0,2,0,2,0,0,2,0,0,0,0,0,2,2,0,2,2,2,0,0,0,0,0,2,2,0,0,0,0,2,0,0,0,0,2,0,0,0,0,2,0,0,0,0,0,0,2,2,2,0,2,2,2,0,0,0,0,0,0,0,0,2,0,0,2,0,0,2,0,2,0,2,0,0,0,0,0,0,0,2,0,2,0,0,2,0,0,2,2,0,0,0,0,0,0,2,0,0,0,0,2,0,0,0,2,0,0,0,0,0,0,2,0,0,2,0,0,0,0,0,0,2,0,0,0,0,2,0,0,0,0,0,0,0,2,0,0,0,2,0,0,0,0,0,0,0,0,2,2,0,2,0,0,2,0,0,0,0,2,0,0,0,2,0,2,0,2,NA,0,0,NA,2,0,NA,0,0,2,0,0,0,2,2,2,0,0,0,2,0,0,0,2,0,0,2,0,0,0,0,2,0,0,0,0,2,0,2,0,0,0,0,2,0,2,0,0,0,0,0,0,0,0,0,0,0,0,0,0,0,0,0,0,0,0,2,0,0,0,0,0,0,0,0,2,2,2,0,0,0,0,0,0,0,0,0,0,0,0,0,2,0,0,2,2,0,0,0,2,0,2,2,2,2,0,2,2,2,0,0,0,0,0,0,0,2,0,0,0,0,2,0,0,0,2,2,0,0,2,0,2,0,0,0,2,2,0,2,0,2,0,2,0,0,0,2,0,0,0,0,0,2,0,0,0,2,0,2,0,0,0,0,0,0,0,0,2,2,0,0,2,0,0,0,0,2,2,0,0,0,2,0,0,2,0,0,0,2,0,0,0,0,0,0,2,2,2,0,0,2,0,0,2,0,0,0,2,0,NA,NA,0,0,0,0,0,2,0,2,0,2,2,0,2,0,0,0,0,0,0,0,0,0,0,0,0,2,0,2,0,2,0,0,0,2,0,2,2,0,2,0,0,0,0,0,0,0,2,2,2,0,2,0,0,0,0,0,0,0,2,0,0,0,2,0,0,0,2,0,0,0,2,0,0,2,2,2,0,0,2,0,0,2,0,2,2,0,0,0,2,2,0,0,0,0,0,0,0,0,0,0,0,0,0,2,0,0,0,0,2,0,0,0,0,0,0,2,0,0,0,0,0,0,0,2,0,2,0,0,0,2,0,0,0,2,0,0,0,0,2,0,0,0,2,0,0,0,0,0,0,0,0,0,0,0,0,0,0,0,2,0,0,0,0,0,0,0,0,0,0,0,0,2,0,0,0,0,0,0,0,0,0,0,0,0,0,0,0,0,0,0,0,0,0,0,2,0,0,0,0,2,0,2,0,0,0,0,0,0,0,2,0,0,0,0,0,0,0,2,0,0,0,0,0,0,0,0,0,0,0,0,2,2,0,0,0,2,0,0,2,0,0,0,0,0,0,0,0,0,2,0,0,2,0,0,0,0,0,0,0,0,0,0,0,2,0,0,0,0,2,0,0,0,0,0,0,0,0,0,0,0,0,0,0,0,0,0,0,0,2,0,0,0,0,0,0,0,2,0,0,0,2,0,0,0,0,2,0,0,2,0,0,0,0,2,0,0,2,2,0,0,0,2,0,0,0,0,0,0,0,0,0,2,2,0,2,0,0,0,0,0,0,0,0,0,0,0,0,0,0,0,0,0,0,0,0,0,0,0,0,0,0,0,0,0,0,0,0,0,2,0,0,0,0,0,0,0,0,0,0,0,0,0,0,0,0,0,0,0,0,0,0,0,0,0,0,0,0,0,0,0,2,0,0,0,2,2,0,0,0,0,2,0,0,0,0,0,0,0,0,0,0,0,0,0,0,0,0,2,0,0,0,0,0,0,0,0,0,0,2,0,0,0,0,0,0,0,2,0,0,0,0,0,0,0,0,2,2,0,0,0,0,2,0,0,0,0,0,0,2,0,0,0,0,0,0,0,0,0,0,0,0,0,2,0,0,0,0,2,0,0,0,2,0,0,0,0,0,2,0,0,0,0,0,0,0,0,2,2,0,0,0,0,0,0,2,2,0,0,0,0,0,2,2,2,0,2,0,0,2,0,0,2,0,0,0,2,2,0,2,0,2,2,2,2,0,0,0,2,2,2,2,2,2,0,0,0,0,0,0,0,0,0,0,0,2,0,0,2,0,0,0,0,0,2,0,0,0,0,0,0,0,0,2,0,0,0,0,2,0,0,0,0,0,0,0,0,2,0,0,0,0,0,0,0,0,0,0,0,0,0,0,0,0,0,2,2,0,0,0,0,0,0,0,NA,0,0,0,2,0,0,0,2,0,2,0,0,0,0,2,0,0,0,0,0,0,0,0,0,0,0,0,2,0,0,0,0,0,0,0,0,2,0,0,0,0,0,2,0,0,0,0,0,0,0,0,0,2,0,2,2,0,0,0,0,0,0,0,0,0,0,0,0,0,0,2,0,2,0,0,2,0,0,0,0,2,0,0,0,0,0,0,0,0,0,0,0,0,0,0,0,0,0,0,2,0,0,0,0,0,0,0,0,0,0,0,0,0,0,0,0,0,0,2,0,0,0,0,0,0,0,2,2,0,0,0,0,0,0,0,0
"CC145",0,2,0,0,NA,0,0,0,0,0,0,0,0,0,0,2,0,0,0,0,0,0,0,0,0,0,0,0,0,0,0,2,0,0,0,2,0,0,0,0,0,0,2,2,2,0,0,0,0,0,0,2,2,2,0,2,0,0,0,2,0,2,2,2,0,0,0,0,0,2,0,2,0,2,0,0,0,2,0,0,0,0,0,0,0,2,0,0,2,0,0,2,0,0,0,0,0,0,0,2,2,2,0,2,0,0,0,0,0,0,2,2,0,0,0,0,0,0,0,2,0,0,0,0,0,0,0,2,0,0,0,0,0,2,2,0,0,0,2,0,0,0,0,0,0,NA,2,0,0,2,0,2,0,0,2,0,0,0,2,0,2,0,0,2,2,2,0,0,0,0,0,2,2,2,0,2,0,0,2,0,2,2,0,0,2,0,0,2,0,0,2,0,2,2,2,0,0,0,0,0,0,2,0,0,0,0,0,0,0,2,0,0,0,0,0,0,0,0,2,0,2,0,0,0,0,0,0,0,0,0,0,0,0,0,0,0,2,0,0,2,2,0,2,2,0,0,2,0,0,2,0,0,0,0,0,0,0,2,0,0,0,0,0,0,2,0,0,0,0,0,0,0,2,0,2,0,0,0,0,0,0,0,0,0,0,0,0,2,0,0,0,0,0,0,0,0,0,0,0,0,0,0,0,0,0,0,0,2,0,0,2,2,2,0,2,0,0,0,0,2,0,0,0,0,0,0,0,0,0,0,0,2,0,0,0,0,0,0,2,0,0,0,0,0,0,2,0,0,0,2,2,0,0,0,0,2,0,2,2,0,2,2,0,2,0,2,2,2,0,0,0,0,0,2,2,0,0,0,0,0,0,0,0,0,2,0,0,2,0,2,0,0,0,2,2,2,2,0,0,0,2,0,2,0,0,0,0,0,0,0,0,0,0,0,0,0,2,0,0,2,0,2,0,0,2,0,0,2,0,0,2,0,2,0,0,NA,0,0,0,0,0,0,0,0,0,0,0,0,0,2,0,0,0,0,0,0,0,2,0,2,2,0,0,0,2,2,0,2,0,0,2,2,0,2,0,0,0,0,0,0,2,0,0,0,0,0,2,2,0,0,0,0,0,2,2,2,2,0,0,0,0,0,2,0,0,0,0,0,0,0,0,0,0,0,0,0,2,0,0,0,0,2,0,0,0,0,0,NA,0,2,0,2,0,0,0,2,0,2,0,2,0,0,0,0,0,0,0,0,0,2,0,2,0,2,0,0,2,0,2,0,0,0,0,0,0,0,2,0,0,0,0,0,2,0,2,0,2,0,0,0,0,2,0,0,0,0,0,2,0,0,0,0,0,2,2,0,2,0,0,0,0,0,0,0,0,0,0,0,2,0,0,2,0,0,0,2,0,0,0,0,0,2,0,0,0,0,0,0,2,0,2,0,0,2,0,0,0,0,0,0,0,0,2,0,NA,2,0,0,0,2,0,0,2,0,0,0,0,0,0,0,0,0,2,2,2,0,0,2,0,0,0,0,2,0,0,0,2,0,0,0,0,0,0,0,2,0,2,0,0,0,0,0,0,0,0,0,2,0,0,2,0,2,0,2,0,0,0,0,0,0,0,0,0,0,0,0,0,2,2,0,0,0,0,0,0,2,0,0,2,0,2,0,0,0,0,0,0,0,0,0,0,0,0,0,0,2,0,0,0,0,0,0,0,0,0,0,0,2,0,2,2,0,0,2,0,0,0,0,0,0,0,0,0,0,0,0,2,0,0,0,0,0,0,2,0,2,0,2,2,0,0,0,0,0,2,2,0,0,0,0,0,0,2,0,0,0,0,0,0,0,0,2,0,0,0,2,0,0,0,0,0,2,2,2,2,0,2,0,0,0,0,0,0,0,0,0,2,0,0,NA,0,2,0,0,2,2,NA,NA,0,2,2,0,2,0,2,2,0,0,0,0,0,2,2,0,0,0,2,0,2,2,2,0,0,2,0,0,0,0,0,0,0,0,0,0,0,0,2,0,0,2,0,0,0,2,2,0,0,0,0,0,2,0,0,0,2,0,0,0,0,0,0,2,0,0,2,2,0,2,0,0,0,0,0,0,0,0,0,0,0,2,0,0,0,0,0,2,0,0,0,0,0,0,0,2,2,0,0,0,0,0,2,0,0,2,0,0,0,0,NA,0,2,0,0,0,2,0,2,0,2,0,0,0,0,0,0,0,2,0,0,0,0,0,0,0,0,0,0,0,0,0,0,2,2,0,0,0,0,2,0,0,0,0,0,0,0,NA,2,0,0,0,0,0,0,0,0,0,0,2,0,0,0,0,0,0,0,0,0,0,0,0,0,0,0,0,0,0,0,0,0,0,2,2,0,0,2,0,0,2,0,0,2,0,0,0,0,0,2,0,NA,0,0,2,0,0,0,0,2,0,0,0,0,0,0,0,2,2,0,0,0,0,2,0,0,0,0,0,0,0,2,0,0,0,0,0,2,0,0,0,0,0,2,0,0,2,0,0,0,2,2,0,0,0,0,0,0,0,0,0,0,0,2,0,0,0,2,2,0,2,2,2,0,0,0,0,0,0,0,0,0,2,0,0,0,2,0,0,0,0,0,0,0,0,2,0,0,0,0,0,0,0,0,0,0,0,2,0,0,2,0,0,2,2,0,0,0,2,0,0,0,0,0,0,0,0,0,0,0,0,0,2,0,0,0,0,0,2,0,0,0,0,0,0,0,0,0,NA,0,0,0,0,0,0,0,2,NA,0,0,0,0,0,0,0,0,0,0,0,0,0,0,0,0,0,0,0,0,0,0,2,0,2,0,2,0,2,2,2,0,0,0,0,0,0,2,0,0,0,0,0,0,0,0,0,0,0,0,0,0,2,0,0,0,2,0,0,0,0,2,0,0,2,0,0,2,0,0,0,0,0,0,0,2,0,0,0,0,0,0,0,0,0,0,0,0,0,2,2,0,0,0,0,2,0,2,0,0,0,0,0,2,0,0,0,0,0,0,0,0,0,2,0,0,0,2,0,0,0,0,0,0,0,0,0,2,0,0,0,0,0,0,0,0,0,0,2,0,2,0,2,0,0,0,0,0,2,0,0,0,2,2,0,NA,0,0,0,2,0,2,0,0,0,0,0,0,0,0,0,0,0,0,0,0,0,0,2,2,0,0,0,0,2,0,0,0,0,0,0,0,0,2,2,2,0,2,0,0,0,NA,0,0,0,0,0,0,2,2,NA,2,2,2,0,2,0,2,0,2,2,0,0,0,2,0,2,NA,0,0,0,0,2,0,2,2,2,2,2,0,0,0,0,0,0,0,0,0,0,0,2,0,0,0,2,0,2,2,0,2,0,0,2,0,2,0,0,0,0,2,0,0,2,2,0,2,0,0,2,0,0,0,0,0,0,2,0,2,0,0,0,0,0,0,0,2,0,0,0,0,2,0,0,0,0,0,0,0,0,0,0,0,0,0,2,0,0,2,0,0,0,2,0,0,0,2,0,0,0,0,2,2,0,0,2,0,0,2,0,0,0,0,2,2,0,0,0,0,0,0,2,0,0,2,0,2,0,0,0,0,0,0,0,0,0,0,0,0,2,0,0,0,0,0,0,0,0,0,2,0,0,0,0,0,0,0,2,0,0,0,0,0,0,0,2,0,0,0,0,0,0,0,0,0,0,0,0,0,2,0,0,0,0,2,0,0,2,2,0,0,0,0,0,0,0,0,2,0,0,2,2,2,0,0,0,0,0,2,0,0,0,0,0,0,0,0,0,0,0,0,0,0,2,0,2,0,0,2,0,0,0,2,0,2,2,2,0,0,0,0,0,0,0,0,2,0,0,0,0,0,2,0,0,2,0,0,0,0,0,0,2,0,0,0,2,2,0,0,2,0,0,2,0,2,0,0,0,2,0,0,0,0,0,2,0,2,2,2,2,0,2,0,2,0,0,2,0,0,0,0,2,0,0,0,0,0,0,2,2,2,0,2,0,0,0,0,0,2,2,0,0,0,0,2,0,0,0,0,0,0,0,0,0,0,0,0,0,2,0,0,0,0,0,0,0,0,0,2,0,2,2,0,0,0,2,2,0,0,0,2,0,0,0,0,0,0,0,0,0,0,0,2,0,0,0,0,0,0,0,0,2,0,0,0,0,0,0,0,2,0,0,0,2,0,0,2,0,0,0,0,0,0,0,0,0,0,0,0,2,0,2,0,0,2,0,0,0,0,0,0,0,0,0,2,0,0,0,0,0,0,0,0,0,0,0,2,0,0,0,0,0,2,2,0,0,0,0,0,0,0,0,0,0,0,0,0,0,0,2,0,0,0,0,2,2,0,0,0,2,0,0,0,0,0,2,2,0,0,0,0,0,2,0,0,0,0,2,0,0,0,0,0,0,0,0,0,0,0,0,2,0,0,0,0,0,0,0,0,0,2,0,0,0,0,0,0,0,0,2,2,0,0,2,0,0,0,0,0,0,0,0,0,2,0,0,2,2,2,0,0,2,2,2,2,0,0,2,0,0,2,0,0,0,0,NA,0,0,0,0,0,0,0,0,0,0,0,0,0,2,0,2,0,0,0,0,0,0,0,2,2,0,0,0,0,0,0,0,2,0,0,0,0,0,2,2,0,0,0,0,0,0,2,2,0,0,0,0,0,0,0,0,0,0,0,0,0,2,2,0,0,0,0,0,0,0,2,0,0,0,0,0,2,0,0,0,0,0,2,2,0,2,0,2,0,0,0,0,0,2,0,0,0,0,0,0,0,0,0,0,0,0,0,0,0,0,0,0,0,0,2,0,0,0,0,0,2,0,0,2,0,0,0,2,0,0,0,0,0,0,2,0,0,2,0,2,2,0,0,0,0,0,0,0,0,0,0,0,2,0,0,0,0,0,2,0,2,0,0,0,0,0,0,0,2,0,0,2,2,0,0,0,0,2,0,2,0,2,0,0,0,2,0,2,0,0,0,0,0,0,0,0,0,0,0,0,2,0,0,0,2,0,0,0,2,2,0,0,0,2,0,0,0,0,0,0,0,0,0,2,0,2,0,0,2,2,0,0,0,0,0,0,0,0,0,0,0,2,2,0,0,0,0,0,0,0,0,0,0,0,0,2,0,0,2,0,2,2,0,0,0,2,2,0,0,0,0,2,2,0,2,0,2,0,0,2,0,2,0,0,0,0,0,0,2,2,0,2,0,0,2,0,2,0,0,0,0,0,2,0,0,2,0,0,2,0,0,0,2,0,2,2,0,0,0,0,0,0,0,2,0,0,0,2,0,0,0,0,0,2,0,0,0,2,0,0,0,0,0,0,0,0,0,0,0,0,2,0,0,0,2,0,0,0,0,0,0,0,0,0,0,0,2,0,0,2,0,2,0,0,0,0,0,0,2,0,0,0,0,0,2,2,0,0,0,0,2,0,0,0,0,0,0,0,0,0,0,0,0,0,0,0,0,0,0,0,0,0,0,0,0,0,0,0,0,0,0,0,0,2,0,0,0,0,0,0,0,0,0,0,2,0,0,0,0,0,2,0,0,0,0,0,0,0,0,0,0,0,0,0,0,0,0,0,0,0,0,0,0,0,0,0,0,0,0,0,0,0,0,0,0,2,2,0,0,0,2,0,2,0,0,0,0,2,0,0,0,2,2,0,0,0,0,2,0,0,0,0,0,0,0,0,0,0,0,2,2,0,0,0,0,0,0,0,0,0,0,0,0,2,0,0,0,0,0,0,0,2,0,2,0,2,2,0,0,2,0,0,0,0,0,0,0,0,0,0,0,0,0,0,0,2,0,0,0,0,0,2,0,0,0,0,0,0,0,0,0,0,0,0,0,0,0,2,0,2,0,2,0,0,2,2,0,0,2,0,0,0,2,0,0,0,2,0,0,0,0,0,0,0,0,2,0,0,0,0,2,2,0,0,2,0,2,0,0,0,2,0,0,0,0,2,0,0,0,0,0,0,0,0,0,2,0,2,0,0,2,0,0,0,2,2,0,2,0,0,0,2,2,0,2,0,0,0,0,0,0,2,0,2,0,0,2,2,0,0,2,0,2,0,0,0,0,0,0,0,0,0,0,0,0,0,0,0,0,2,0,0,0,0,2,2,0,0,0,0,0,0,0,0,0,2,0,2,0,2,0,0,0,0,0,0,0,0,0,0,0,0,0,0,0,2,0,0,0,0,0,0,0,0,0,0,2,0,0,0,2,0,0,2,0,2,2,0,0,0,0,2,0,2,0,0,2,0,0,0,2,0,0,0,2,0,0,0,0,2,0,2,0,0,0,0,2,0,0,0,0,0,2,0,0,0,0,2,0,2,2,2,0,2,2,0,2,2,2,0,0,2,0,0,0,2,0,0,0,0,0,0,0,0,0,2,0,0,0,0,0,0,0,2,0,0,0,0,0,2,0,0,0,0,0,2,0,2,0,0,0,0,0,0,0,0,0,0,2,0,2,2,2,2,0,0,0,0,2,0,2,2,2,2,0,0,0,0,0,0,0,0,0,2,2,2,0,0,0,2,2,0,0,0,0,0,2,0,0,2,0,0,2,0,2,0,2,0,2,0,2,2,0,2,0,0,2,0,0,0,2,0,2,0,0,NA,0,2,0,2,0,0,2,0,0,0,0,0,0,0,0,0,0,0,2,0,0,0,2,0,2,0,0,0,0,NA,0,0,0,0,2,2,0,2,0,0,0,2,0,0,0,0,0,0,0,0,2,0,0,2,0,0,0,0,0,0,0,0,0,0,0,0,0,2,0,0,2,2,0,0,0,2,0,0,0,0,0,0,0,0,2,2,0,0,NA,0,0,0,0,0,0,0,0,2,0,0,0,2,2,2,0,0,0,0,0,0,0,0,0,0,0,0,0,0,0,0,0,0,0,2,0,2,0,0,0,2,2,2,0,0,0,0,2,0,0,0,0,0,0,2,0,0,2,0,0,0,0,0,0,0,0,0,0,0,0,2,0,0,0,2,0,0,2,0,0,0,0,0,0,0,0,0,0,0,0,0,2,0,0,0,0,0,2,0,0,0,0,0,0,0,0,0,0,0,0,0,0,0,0,0,0,0,0,0,0,0,0,0,0,2,0,2,0,0,0,2,0,0,0,0,0,2,0,0,0,0,0,0,0,0,2,0,2,0,0,0,0,0,0,0,0,0,2,0,0,0,0,0,0,2,2,0,0,0,0,0,0,0,0,0,0,0,0,0,0,0,0,2,0,0,0,0,0,0,0,0,0,0,0,0,0,0,0,0,2,0,0,0,0,2,0,2,0,0,0,2,0,0,0,2,2,2,0,2,0,0,0,0,2,0,2,0,0,0,2,0,0,2,2,0,2,0,0,2,0,0,0,0,0,0,0,0,0,0,0,0,0,0,0,0,0,0,0,0,0,0,0,0,0,0,2,0,0,0,0,0,0,2,0,0,0,0,0,0,2,0,2,0,0,0,0,2,0,2,0,2,0,0,0,0,0,0,0,2,0,0,0,2,0,0,0,2,0,2,0,2,0,2,0,0,0,0,0,0,0,0,0,2,0,0,2,0,2,0,0,2,0,0,0,0,2,0,0,0,0,0,2,2,2,0,0,2,0,0,2,0,0,0,0,0,2,2,0,0,0,0,0,0,2,0,0,0,0,0,0,2,0,2,2,2,0,0,0,0,0,0,0,NA,0,0,2,2,2,2,0,0,0,0,0,0,0,0,2,0,0,0,2,0,2,0,0,0,0,NA,0,0,0,0,2,2,0,2,0,0,0,0,0,0,0,2,2,0,2,0,0,2,0,0,2,2,0,0,0,0,0,2,0,0,2,0,0,2,2,0,0,2,2,2,2,2,2,2,0,0,2,0,0,0,0,0,0,0,0,0,0,0,0,0,0,0,2,2,2,0,0,2,2,0,0,0,2,0,0,0,0,0,0,0,0,0,0,0,0,0,0,0,2,0,0,0,0,2,0,2,0,0,0,0,0,0,0,0,0,2,2,0,0,0,2,0,0,2,2,0,0,2,2,0,0,2,2,0,0,2,0,2,2,0,2,0,2,2,0,2,0,0,0,0,0,0,2,0,2,0,2,0,0,0,0,2,NA,2,2,0,2,0,0,0,0,0,0,2,0,0,2,0,0,0,0,0,2,0,0,0,0,2,0,2,0,0,0,2,2,0,0,2,0,0,0,0,2,0,2,2,2,0,2,2,0,2,0,0,0,0,0,0,2,0,0,2,2,2,0,2,0,0,0,2,0,2,0,0,0,2,0,0,0,0,0,2,0,2,0,2,2,2,2,2,0,0,2,0,0,2,NA,2,2,0,2,NA,0,0,2,0,0,0,0,2,0,0,0,0,2,0,0,0,0,0,0,0,0,2,0,0,0,NA,0,0,0,0,0,0,2,0,0,0,0,0,0,0,0,0,0,0,2,0,0,0,2,0,0,0,0,0,0,2,0,0,0,0,2,2,0,0,2,0,2,0,2,0,0,0,0,0,0,0,0,0,0,0,0,0,0,0,0,0,0,0,0,0,0,2,0,0,0,0,0,2,0,0,0,0,2,2,2,0,0,0,0,2,0,0,0,2,0,0,0,0,0,0,NA,0,0,0,0,0,2,0,0,0,0,0,0,0,0,0,0,0,0,0,0,2,0,0,0,0,0,0,0,0,0,0,0,0,0,2,0,2,0,0,0,2,0,2,2,0,2,0,2,0,2,2,0,0,0,0,0,0,0,0,0,2,0,0,0,0,0,0,0,0,0,0,0,0,0,0,0,0,0,0,0,0,0,0,0,2,0,0,0,0,0,0,0,0,0,0,0,0,0,0,0,0,0,2,0,2,0,0,2,2,2,0,0,2,2,0,0,0,2,0,2,0,2,NA,2,0,0,2,0,2,0,2,0,2,2,0,2,0,0,0,0,0,2,0,0,0,0,0,0,0,0,2,0,2,0,0,0,0,0,0,0,0,2,2,0,0,0,2,0,0,0,0,0,0,0,0,0,0,0,0,0,0,0,0,0,0,0,2,0,0,0,0,0,2,0,0,0,2,0,0,2,0,0,0,0,0,2,0,0,0,2,0,2,0,0,0,2,0,0,0,0,0,0,0,0,0,0,2,0,0,0,0,0,0,0,2,0,0,0,0,0,0,0,0,0,2,0,0,0,0,0,0,2,2,0,0,0,0,0,0,0,2,2,0,0,2,0,0,0,0,0,0,0,0,0,0,0,0,2,2,0,0,2,2,0,0,0,0,0,0,0,2,2,0,0,2,0,0,0,0,0,0,0,0,0,2,0,0,0,0,0,0,0,2,0,0,0,2,0,2,0,0,0,0,0,0,0,0,0,0,2,0,0,0,0,0,0,0,2,0,0,0,2,2,2,0,0,0,2,0,0,0,0,0,0,0,0,0,0,0,0,0,2,0,0,0,0,0,0,0,0,0,0,0,0,0,0,0,0,0,0,2,2,0,2,2,0,0,0,0,0,0,0,0,0,0,2,0,0,0,0,0,0,0,0,0,0,2,0,0,0,2,0,0,0,2,0,0,0,2,0,0,0,0,2,2,2,2,0,0,0,2,2,0,0,0,0,0,0,0,0,0,0,0,0,0,0,0,2,NA,0,0,2,2,0,0,0,0,0,0,0,0,0,0,0,0,0,2,0,0,0,0,0,0,0,0,0,2,0,0,2,0,0,0,0,0,0,0,0,0,0,0,0,0,0,0,2,0,0,0,0,0,0,0,0,0,2,0,2,0,2,0,0,0,0,0,0,0,0,0,0,0,0,0,0,0,0,2,0,0,0,2,0,0,0,0,0,0,0,2,0,2,0,2,0,0,0,2,0,0,0,0,0,0,0,0,2,2,0,0,0,0,0,0,0,2,0,0,0,0,0,0,2,0,0,2,0,0,0,0,2,0,0,0,0,2,0,2,2,0,NA,0,0,2,2,0,0,0,0,0,0,0,0,0,0,2,0,0,0,2,0,0,0,0,0,0,2,0,0,0,0,0,0,0,2,0,0,2,2,0,0,0,0,2,0,0,0,0,0,0,0,NA,0,0,0,0,2,0,2,0,0,0,0,0,0,0,0,0,0,0,0,0,0,2,0,0,0,0,2,0,2,0,0,0,2,0,0,2,0,0,0,0,2,0,0,2,0,0,0,2,0,0,2,0,0,0,2,0,0,2,2,0,0,2,0,0,0,0,0,0,0,2,0,0,0,2,0,0,2,0,0,0,0,0,0,0,0,0,0,2,0,0,2,0,0,2,0,2,2,0,0,0,2,0,0,0,0,0,2,0,0,0,0,0,2,0,0,0,0,2,0,0,0,0,0,2,2,0,0,0,0,0,0,0,0,0,0,0,0,0,0,2,0,0,0,0,0,0,2,2,0,0,2,2,2,0,2,2,0,0,0,2,2,0,0,0,2,2,2,2,0,0,NA,2,0,0,2,0,0,0,2,0,0,0,0,2,2,0,0,0,0,0,0,0,0,0,0,0,2,2,0,0,0,0,0,0,2,0,2,2,2,0,0,0,2,0,0,2,0,0,2,2,2,2,0,2,2,0,2,0,0,2,0,0,0,0,0,2,0,0,0,2,0,0,0,0,2,0,0,2,0,0,0,0,0,0,2,0,0,2,0,0,0,2,2,0,0,0,0,0,0,0,0,2,0,0,0,0,0,0,0,0,0,0,0,0,0,0,0,0,0,2,2,0,2,0,0,0,0,0,0,0,0,0,0,0,0,0,0,0,2,0,0,0,0,0,0,0,0,0,0,0,2,0,0,0,2,0,0,0,0,0,0,0,0,2,0,2,0,2,0,0,0,0,0,0,0,0,0,2,0,0,0,0,0,0,0,0,0,0,0,2,0,2,0,0,0,2,0,2,2,0,0,2,0,0,0,0,0,0,0,0,0,0,0,0,0,0,0,0,0,0,0,0,2,0,0,2,0,0,2,0,0,2,0,0,2,2,0,0,0,0,0,0,0,0,0,2,0,0,0,0,0,2,0,0,0,0,0,0,0,0,0,0,0,0,0,0,0,0,2,2,2,2,0,0,0,0,2,0,0,0,2,0,0,0,2,2,0,0,0,0,2,0,2,0,0,0,0,2,2,0,2,0,0,2,2,0,0,0,0,0,2,0,0,0,0,0,0,0,0,0,0,0,0,0,2,0,0,0,2,0,2,0,0,0,0,0,2,0,0,2,0,2,0,0,0,0,0,0,0,0,0,0,0,2,0,0,0,0,0,0,0,0,0,2,0,0,0,0,0,0,0,0,0,0,0,0,2,0,0,0,0,0,0,0,2,2,0,0,0,2,0,0,0,2,0,0,2,0,0,0,0,2,0,0,0,0,2,0,0,0,0,2,0,0,0,2,0,0,0,2,2,0,0,0,0,0,0,0,0,0,0,0,0,0,0,0,0,0,0,0,2,2,0,0,0,2,0,0,0,0,0,0,0,0,0,0,0,0,0,2,0,0,2,0,2,0,0,0,0,2,0,0,0,2,0,2,2,0,2,0,0,0,2,0,0,2,0,0,2,0,0,2,0,0,2,0,0,0,0,0,0,0,2,2,0,0,0,2,0,0,0,0,0,0,0,0,0,2,0,0,0,0,0,0,2,0,0,0,0,0,0,0,0,0,0,NA,0,0,2,0,0,0,0,0,0,0,0,0,2,0,0,0,0,0,2,0,0,0,0,0,0,0,0,0,0,0,0,0,2,0,0,0,0,2,0,0,2,0,0,0,0,2,0,2,0,0,0,0,0,0,0,2,2
"CC146",0,0,0,2,2,0,0,2,0,0,0,0,0,0,0,0,0,0,0,0,0,0,2,0,0,0,0,0,0,0,0,0,0,0,0,0,0,0,0,0,0,0,0,0,0,2,0,0,0,0,0,0,0,0,0,0,0,0,0,0,0,0,0,0,2,0,0,0,0,0,0,0,2,0,0,0,2,0,0,0,2,0,0,0,0,0,0,0,0,0,2,0,0,0,0,2,0,0,0,0,0,0,0,2,0,0,2,0,0,2,2,0,2,0,0,0,0,0,0,0,0,0,0,2,0,2,0,0,0,0,0,0,0,2,0,0,0,0,2,0,0,0,0,0,0,0,0,2,0,0,2,0,0,0,0,0,0,0,0,0,0,0,0,0,0,0,0,0,2,0,0,0,2,0,0,0,0,2,0,0,0,0,2,0,0,0,0,0,0,2,0,0,0,0,0,0,0,0,0,0,0,0,0,2,0,0,0,0,0,0,0,0,2,0,0,2,0,0,2,0,2,0,0,0,2,0,0,2,0,0,2,0,0,0,0,2,0,0,0,0,2,0,0,0,0,0,2,0,0,0,0,0,0,0,0,2,0,2,0,0,0,0,0,0,2,2,2,0,0,0,0,0,0,2,0,2,0,0,0,0,0,0,0,0,0,0,0,0,0,0,0,0,0,2,0,2,0,0,2,2,0,2,0,2,2,0,2,0,2,0,0,2,0,0,0,2,0,2,0,0,0,2,0,0,0,0,0,0,0,0,0,2,0,0,0,2,0,0,2,0,0,0,0,0,0,0,0,0,2,0,0,2,0,2,0,2,0,0,0,0,2,0,0,0,0,2,0,0,0,0,0,2,0,0,0,0,0,0,2,0,0,0,0,0,0,0,2,2,0,0,0,2,0,0,0,0,0,0,2,0,0,0,0,0,2,0,2,0,0,0,0,0,0,0,0,0,0,2,0,0,0,0,0,0,0,0,0,0,0,2,0,0,0,0,2,0,0,2,0,2,2,0,0,0,0,2,0,2,2,0,0,2,0,0,0,0,2,0,0,2,0,2,0,0,0,0,0,0,0,0,0,2,0,0,0,2,0,2,0,2,0,0,0,0,0,2,2,0,2,0,0,0,0,2,0,0,0,0,0,2,0,0,2,0,0,0,0,0,0,2,0,0,2,0,0,0,0,0,0,2,2,0,0,0,2,2,2,0,0,0,0,NA,0,2,0,0,2,0,0,0,0,0,0,2,2,0,0,2,0,2,0,0,0,0,0,0,0,0,2,2,0,0,0,2,2,0,0,0,2,0,0,0,0,0,0,0,0,0,0,0,2,0,0,0,0,0,0,0,0,2,0,0,0,0,0,0,2,0,0,2,2,0,0,2,2,2,2,2,0,0,2,0,0,0,0,2,0,0,2,0,0,0,0,0,0,0,0,0,2,0,0,0,0,0,0,0,0,0,0,0,0,0,2,0,2,0,0,2,0,0,0,0,0,0,0,0,2,0,2,0,0,2,0,0,0,0,2,0,0,0,0,0,0,0,0,0,0,2,0,0,0,0,0,0,0,0,0,2,0,0,2,0,0,0,0,0,0,0,0,2,2,0,0,0,2,0,0,2,0,0,0,0,0,0,0,0,0,2,0,0,0,0,0,0,0,0,0,0,0,0,0,2,0,2,0,2,2,0,0,0,0,0,0,0,2,2,0,0,0,0,0,2,0,0,2,0,0,0,2,0,0,0,0,0,0,0,0,0,0,0,2,0,0,0,0,0,0,0,0,0,0,0,2,0,0,0,0,0,0,0,0,0,2,0,0,0,2,0,0,0,0,0,0,0,0,0,0,0,0,2,0,0,0,0,0,0,0,0,0,0,0,0,2,2,0,0,0,0,0,0,2,2,0,0,0,0,0,0,0,0,0,0,0,0,0,0,0,2,0,0,0,2,0,0,0,0,0,0,0,0,0,0,0,0,2,0,0,0,0,0,2,0,0,0,2,0,0,0,2,0,0,2,0,0,0,0,0,0,0,2,0,0,0,0,0,0,0,0,2,0,0,0,0,0,2,0,2,0,0,0,0,0,NA,0,0,NA,0,0,0,0,0,0,0,2,0,0,0,0,0,0,2,2,0,2,2,0,0,0,0,0,2,2,2,0,2,0,0,0,0,0,0,0,0,0,0,0,0,2,0,2,0,0,2,0,0,0,0,0,0,0,2,0,0,0,0,0,0,2,0,0,0,0,0,0,0,0,0,0,0,2,2,2,2,0,2,0,0,2,0,0,2,2,2,0,0,0,0,0,0,0,2,0,0,0,0,0,0,2,0,2,0,0,0,0,0,0,0,0,0,0,0,0,0,0,0,0,0,0,0,0,0,0,0,0,0,0,0,0,2,0,0,0,0,0,0,2,0,0,0,0,0,0,0,0,0,0,0,0,0,0,2,0,0,0,0,2,0,0,0,2,2,0,0,0,0,0,2,0,0,2,0,0,0,0,0,2,0,2,0,0,0,0,0,0,0,0,0,2,2,0,2,0,0,0,0,2,0,0,0,2,0,2,0,2,2,0,0,0,0,0,2,0,2,0,2,0,0,0,0,0,0,0,0,0,2,2,0,0,2,2,0,0,0,0,0,0,0,0,2,0,0,0,0,2,0,0,0,0,2,0,0,0,0,0,0,0,0,0,0,0,0,0,0,0,0,0,0,0,2,2,0,0,0,0,0,0,0,0,0,0,0,0,0,0,0,0,0,0,0,0,0,0,0,2,0,0,0,0,0,0,0,0,0,0,0,0,0,2,0,0,0,0,0,0,0,0,0,2,0,0,2,2,0,2,0,2,2,0,0,0,0,0,0,0,2,2,0,0,0,0,0,0,0,0,0,2,0,0,0,0,0,0,0,0,0,0,2,0,0,0,0,0,2,0,0,0,0,0,0,2,0,2,0,0,0,0,0,0,0,0,0,0,0,0,2,0,0,0,0,0,0,0,2,NA,0,0,2,0,0,2,0,0,2,0,0,0,0,0,0,0,0,0,0,0,0,0,0,0,0,2,0,0,0,0,0,2,0,0,0,0,NA,0,0,0,0,0,0,0,0,0,0,0,0,0,2,2,0,0,2,0,0,2,0,0,0,0,2,0,0,0,0,0,0,0,0,0,0,0,0,0,0,0,0,0,0,0,0,0,0,2,0,0,0,0,0,0,0,2,0,0,NA,0,2,0,2,0,0,0,0,0,0,0,0,0,2,2,2,0,2,0,0,0,0,0,0,0,0,0,0,0,0,0,2,0,0,0,2,0,0,2,NA,0,2,2,0,0,2,0,0,0,0,2,0,0,2,2,0,0,0,2,0,0,0,0,2,2,0,0,2,0,2,2,0,2,0,0,2,0,0,0,0,2,0,0,0,0,0,2,2,0,0,2,0,0,0,0,2,2,0,0,0,0,0,2,0,0,0,2,0,0,2,0,2,0,2,0,0,0,2,0,0,0,0,0,0,0,0,0,0,0,0,0,2,0,0,0,0,0,0,0,0,0,0,0,0,0,0,0,0,2,0,0,0,0,2,0,0,2,0,0,0,0,0,0,0,0,0,0,2,0,0,0,0,0,2,0,0,0,0,0,0,0,2,0,0,0,0,0,0,0,0,0,0,0,0,0,0,2,0,0,0,0,0,0,0,0,0,0,0,0,0,0,0,0,0,0,2,0,2,0,0,0,2,0,0,0,0,0,0,0,0,2,0,0,2,0,0,0,0,0,0,0,0,0,0,2,0,2,0,0,0,2,0,0,2,0,0,0,0,0,0,0,0,0,0,0,0,0,0,2,0,0,0,0,0,0,0,0,0,2,0,0,0,0,0,0,2,0,0,0,0,0,0,0,0,0,0,0,0,0,0,0,0,0,0,0,0,0,0,2,0,0,0,0,0,0,0,0,0,0,0,0,0,0,0,2,0,0,0,0,0,0,0,0,0,2,0,0,0,0,0,0,0,0,0,0,0,0,0,0,0,0,0,0,0,0,2,0,0,0,0,0,0,0,0,0,0,0,0,2,0,0,0,2,0,0,0,0,2,0,0,0,2,2,0,2,0,0,0,0,0,0,2,0,2,2,2,0,2,0,2,0,2,0,0,0,0,0,NA,0,2,0,0,0,0,0,0,0,0,0,0,0,0,0,0,0,0,0,2,0,0,0,0,2,0,0,0,0,0,0,0,2,0,2,0,0,0,0,0,0,0,0,0,0,0,0,0,0,0,0,2,0,0,0,0,0,2,0,0,0,2,2,0,0,0,0,0,0,0,0,0,0,0,2,0,0,2,0,0,0,0,0,0,0,2,0,0,0,0,0,0,0,0,0,0,0,0,0,2,0,0,0,0,2,0,0,0,0,0,0,0,0,2,0,0,0,2,0,0,0,0,0,0,0,0,0,0,0,0,0,0,0,2,2,2,0,0,0,2,0,0,0,0,0,0,0,0,0,0,0,2,0,0,0,0,2,0,0,0,0,0,0,0,0,0,0,0,0,2,0,0,0,0,0,0,0,0,0,0,2,0,0,0,0,0,0,0,0,2,0,0,0,0,0,0,0,0,0,0,2,0,0,0,0,0,0,2,2,0,0,0,0,0,0,0,0,0,0,0,0,0,2,0,2,0,2,0,0,0,0,0,0,0,0,2,0,0,0,0,0,2,0,0,0,0,2,0,0,0,0,0,0,0,0,2,0,0,0,0,0,0,0,0,0,0,0,2,0,0,0,0,0,2,0,0,0,0,2,0,2,0,0,2,0,0,0,0,0,2,2,0,NA,2,2,0,0,2,0,0,0,2,0,0,2,0,0,0,0,0,0,2,0,0,0,0,0,0,2,0,2,0,0,2,0,0,0,0,0,0,0,0,2,2,0,0,0,2,0,0,0,0,0,0,2,2,2,0,0,0,0,0,0,0,0,0,0,0,2,0,0,0,0,0,0,2,0,0,0,0,2,0,0,0,0,0,0,2,0,2,0,2,0,0,2,2,0,0,0,2,0,0,2,0,0,0,2,0,0,2,2,0,0,0,0,0,0,0,2,0,2,2,2,2,0,0,0,0,0,0,0,0,0,2,0,0,0,0,0,0,0,0,0,0,NA,0,2,0,2,0,0,0,0,0,0,0,0,0,0,2,2,0,0,2,0,2,0,0,0,0,2,2,0,0,2,0,0,0,0,0,0,0,0,0,0,0,0,2,0,2,0,0,2,0,0,2,0,0,2,0,0,0,0,0,0,2,0,0,0,2,0,0,0,0,0,0,0,0,0,0,0,0,0,0,2,0,0,0,0,0,0,0,0,0,0,0,0,0,0,0,0,0,0,0,0,0,0,0,0,2,0,0,0,0,0,0,0,0,0,0,0,0,0,2,2,0,0,0,0,0,0,2,0,2,0,0,0,0,0,0,0,0,0,0,0,0,2,0,2,0,0,2,0,2,2,2,2,2,0,0,0,0,0,0,2,0,2,0,0,2,0,2,0,0,0,0,0,2,2,0,0,0,2,0,0,0,2,0,0,0,0,0,0,0,0,2,2,0,0,0,0,0,2,0,0,0,2,0,0,0,0,0,0,2,2,2,0,0,0,0,2,0,2,0,0,0,0,2,0,0,2,0,2,0,0,0,0,0,0,0,2,0,0,0,0,0,0,0,0,2,0,0,0,2,0,0,2,0,0,0,0,0,0,0,2,0,0,0,0,0,0,0,0,0,0,0,0,2,2,0,0,0,0,2,0,0,0,0,2,0,0,0,0,0,0,0,0,0,0,0,0,0,0,0,0,0,2,0,2,0,0,0,2,0,0,0,0,2,0,0,0,2,0,0,0,0,0,2,0,0,0,0,0,0,0,2,2,0,0,2,0,0,0,0,2,0,0,0,0,0,0,0,2,2,0,2,2,0,2,0,0,0,0,0,0,0,0,0,0,0,0,0,0,0,0,0,2,0,2,0,0,0,0,2,2,0,0,0,0,0,0,0,0,2,0,0,0,2,0,0,0,0,2,0,2,0,2,2,2,0,0,0,0,0,0,0,2,0,2,0,0,2,0,0,2,0,0,0,0,0,0,0,0,2,0,0,0,0,0,0,0,2,2,0,0,0,0,0,0,0,0,2,0,0,0,0,0,0,2,0,2,0,0,2,0,0,0,0,0,0,0,0,2,2,0,0,2,0,0,0,0,2,0,2,0,0,0,0,0,0,0,0,0,2,2,0,0,0,0,0,0,0,0,2,0,0,0,0,0,0,0,0,0,0,0,0,0,0,0,2,0,0,0,0,0,0,0,0,0,0,0,0,0,0,0,2,0,0,0,0,0,0,0,0,0,0,0,2,2,0,0,0,0,0,0,0,2,0,0,0,0,0,2,2,2,0,0,0,0,0,0,0,0,0,0,0,0,0,0,0,2,0,0,0,2,0,2,2,0,0,0,0,0,0,0,0,0,0,0,0,0,0,0,0,0,0,2,0,0,0,2,0,0,2,0,2,0,0,0,0,0,0,2,2,2,0,0,0,2,0,0,0,2,0,0,0,2,0,0,0,0,2,0,0,0,0,0,0,0,0,0,0,0,0,2,0,0,0,0,0,0,0,0,0,2,2,2,0,0,0,0,2,0,0,0,2,0,0,2,2,2,0,2,0,0,0,2,0,0,0,2,0,0,0,2,0,0,0,2,0,0,0,0,2,0,0,0,0,2,2,0,0,0,2,0,0,0,0,0,0,0,0,0,0,0,0,0,2,0,2,0,0,0,0,0,0,0,0,0,0,0,0,0,0,0,0,2,0,0,2,0,0,0,0,0,0,2,0,2,0,0,2,NA,2,0,2,0,0,0,0,2,0,0,0,0,0,0,0,0,0,0,0,0,0,0,0,0,0,0,0,0,0,0,0,0,0,0,0,0,0,0,2,0,0,0,0,0,0,2,0,0,0,0,2,0,0,0,0,0,0,0,0,0,0,2,0,0,0,2,2,0,0,0,2,0,0,0,0,0,0,0,2,0,0,0,0,0,2,0,0,0,0,0,0,0,2,0,0,0,0,0,0,0,0,0,0,0,0,0,2,0,0,0,0,2,0,0,0,0,0,0,0,0,0,0,0,2,0,0,0,0,0,0,0,2,0,0,0,0,2,0,2,2,0,0,0,0,0,0,0,2,NA,0,0,2,0,0,0,0,2,0,0,0,0,0,0,0,0,0,0,0,0,2,0,0,0,0,0,0,2,0,2,0,0,0,0,2,0,0,2,0,0,2,0,0,0,2,0,0,0,0,0,2,2,0,0,0,0,0,0,2,2,0,0,0,0,0,0,0,0,0,0,0,0,0,0,0,0,0,0,0,0,0,0,0,0,0,0,0,0,0,0,0,0,0,2,0,0,0,0,2,0,0,0,0,2,0,0,0,0,0,0,0,0,0,0,0,0,0,2,0,2,0,0,2,2,0,0,0,0,0,0,0,0,0,0,0,2,0,0,0,0,0,2,0,0,0,0,0,0,2,0,0,0,0,0,0,0,0,0,0,0,0,0,0,0,0,0,0,0,0,0,0,0,2,0,0,0,0,2,0,0,0,0,0,0,0,0,0,0,2,0,0,0,0,0,0,0,0,0,0,0,0,2,0,0,0,0,0,0,0,0,0,0,0,0,0,0,0,0,0,0,0,0,0,0,0,0,0,0,0,0,0,0,0,2,0,0,0,0,2,0,2,0,0,2,0,0,0,0,0,2,2,0,0,0,0,0,0,0,0,0,0,0,0,0,0,2,0,0,0,0,0,0,0,2,0,0,0,2,0,0,0,0,0,0,0,0,0,2,0,0,0,0,0,0,0,0,0,0,0,0,0,0,0,2,0,0,0,0,0,0,0,0,0,0,0,NA,0,0,2,0,2,2,2,0,2,2,0,0,0,0,0,0,0,0,0,0,0,0,2,2,2,0,0,0,0,0,0,2,2,NA,0,0,0,0,0,0,0,0,0,0,0,0,0,0,0,0,0,0,0,2,0,0,0,0,0,0,0,0,0,0,0,0,0,0,0,0,0,0,0,0,0,0,0,0,0,0,0,0,0,0,0,0,0,0,2,0,0,2,0,0,0,0,0,0,0,2,2,0,0,0,0,2,0,0,0,0,0,0,0,0,0,0,0,0,0,0,0,0,0,0,0,0,0,0,0,2,0,0,0,0,0,0,0,2,0,2,0,0,0,0,0,0,0,2,0,2,0,0,0,0,2,2,2,0,2,0,0,0,0,0,0,0,0,0,0,0,0,0,0,2,2,0,0,0,0,0,0,0,0,2,2,0,0,2,2,0,0,0,0,0,0,0,0,0,0,0,0,0,0,0,0,0,0,0,0,0,0,0,0,0,0,0,0,2,0,2,0,0,0,0,0,0,0,0,0,2,0,0,0,2,2,0,0,0,0,0,0,0,0,0,0,2,0,0,0,0,2,0,0,0,0,0,2,0,0,0,0,0,0,0,0,0,0,0,2,0,0,0,0,2,2,0,0,0,0,0,0,0,2,NA,0,0,2,2,0,0,0,2,0,0,0,0,0,0,0,0,0,0,2,0,2,0,0,2,0,0,0,0,0,2,0,2,0,0,0,2,0,0,0,2,0,2,0,0,2,0,0,0,0,2,0,0,0,2,0,0,0,2,0,2,0,0,0,0,0,0,0,0,0,2,0,0,0,0,0,0,0,0,0,0,0,0,0,0,0,2,2,0,0,0,0,0,0,0,0,0,0,2,0,0,0,2,0,0,0,0,2,2,0,0,0,0,0,2,0,2,0,0,0,0,0,0,0,0,2,0,0,0,0,0,0,0,0,0,0,0,0,0,0,0,0,0,0,0,0,0,0,2,0,0,0,0,2,2,0,0,0,0,0,0,0,2,0,0,2,2,2,0,0,0,0,0,0,2,2,0,0,0,0,2,0,2,0,0,0,0,0,0,0,2,0,0,0,2,2,2,0,0,2,0,0,0,2,0,0,2,0,0,0,0,0,2,2,0,0,0,0,0,2,0,2,0,0,0,2,2,0,2,2,0,0,0,0,0,0,0,0,0,0,0,0,0,0,2,2,0,0,2,0,0,0,2,2,0,2,0,0,0,0,0,2,0,0,0,0,0,0,0,0,0,0,0,0,0,0,0,0,0,0,0,0,0,2,2,0,0,0,0,2,2,0,0,0,0,0,0,0,0,0,0,0,2,0,2,2,0,2,0,0,0,0,0,0,0,0,0,0,0,2,2,0,2,0,0,0,2,0,2,0,0,0,0,0,0,0,0,0,0,0,0,2,0,0,0,0,0,0,0,0,2,0,2,2,0,0,0,2,0,0,0,0,2,0,0,0,0,0,0,2,0,2,2,0,0,2,0,0,2,0,0,0,0,0,0,0,0,0,0,0,2,2,2,0,0,0,2,0,2,0,0,0,2,0,2,0,0,0,2,0,2,0,0,0,0,0,0,2,2,0,0,0,0,2,0,0,0,0,0,0,0,0,0,0,0,0,2,0,0,0,2,0,2,2,0,2,2,0,0,0,0,2,0,0,0,0,0,2,0,0,2,2,0,0,0,0,0,2,0,0,2,0,0,0,0,0,0,2,0,0,0,0,0,0,0,0,0,0,2,0,2,2,0,0,0,0,0,0,2,0,0,0,2,0,0,2,2,2,0,0,0,0,0,0,2,2,0,NA,0,0,2,0,0,0,0,2,2,2,NA,0,2,0,0,0,0,0,0,0,2,0,2,2,0,0,2,0,0,0,0,0,0,0,0,0,2,2,2,0,0,0,0,2,0,0,0,0,0,0,0,2,0,0,0,0,0,2,2,0,0,0,2,0,0,0,0,0,0,2,0,2,0,0,2,0,0,2,0,2,0,0,0,0,2,0,0,0,0,0,2,2,2,2,2,0,0,NA,2,0,2,2,2,0,2,0,0,0,0,0,0,2,0,2,2,0,0,0,0,0,0,2,0,0,0,0,0,0,0,0,2,0,0,0,0,2,0,0,0,0,0,0,0,0,0,0,0,0,2,0,0,2,0,0,2,0,2,0,0,2,0,0,2,0,0,2,2,0,2,0,0,0,2,0,2,0,0,0,2,2,2,0,2,0,2,0,0,2,0,0,2,0,0,2,0,0,0,2,0,0,2,2,0,0,2,0,2,0,0,0,0,0,0,0,0,0,0,0,0,0,0,0,0,0,2,2,0,2,0,2,0,0,0,2,2,0,2,2,2,0,0,0,2,0,2,0,2,0,2,2,0,0,0,0,2,0,0,0,0,0,0,2,0,2,0,0,0,0,0,2,2,0,2,0,0,2,0,0,2,0,0,0,0,2,0,0,0,0,0,2,0,2,0,0,2,0,0,0,0,2,0,0,0,0,0,0,0,0,0,0,0,0,0,2,2,2,0,2,2,0,2,0,0,0,0,2,0,0,2,0,0,0,0,0,0,2,0,2,2,0,0,2,0,2,0,0,0,2,0,2,0,2,2,0,2,0,0,2,0,2,0,0,0,2,2,0,0,0,0,0,0,0,0,0,0,0,2,0,0,0,0,0,0,2,0,0,0,0,0,2,0,0,2,0,2,0,0,0,0,0,0,0,0,2,0,2,0,2,2,0,0,0,0,0,0,0,2,0,0,0,2,0,2,0,2,0,0,0,0,0,0,0,0,0,0,0,0,0,0,0,0,2,0,0,0,0,0,2,2,2,0,0,0,2,2,0,2,NA,0,2,0,0,0,2,0,0,2,2,2,2,2,0,0,0,2,2,0,0,0,0,2,0,0,2,0,0,0,0,0,0,2,0,2,0,0,2,0,2,0,2,0,2,2,0,0,2,0,0,2,0,0,2,2,2,0,0,2,2,2,0,2,0,2,0,0,2,0,0,0,0,0,0,0,0,0,0,0,0,2,0,2,NA,0,0,0,0,0,0,0,0,0,0,2,0,0,0,0,2,0,2,NA,0,0,2,0,2,2,0,0,0,2,2,2,0,0,0,0,0,0,0,0,0,0,0,2,0,0,0,0,2,0,2,2,2,2,0,2,0,0,0,2,0,2,0,0,2,0,0,2,2,2,2,0,0,2,2,0,0,0,0,0,2,2,0,0,0,0,2,2,0,2,0,2,0,2,2,0,2,0,0,2,0,0,0,2,0,0,0,0,0,0,2,2,0,0,0,0,0,0,0,0,2,0,0,0,0,2,0,0,0,2,0,0,0,2,0,0,0,0,0,0,0,0,0,0,2,0,2,2,0,0,0,2,2,0,0,2,2,0,0,0,0,0,0,0,0,2,0,0,0,2,2,0,0,0,0,0,0,0,0,0,0,0,0,0,0,0,2,0,2,0,0,2,0,2,0,0,2,2,0,0,0,0,0,0,0,0,0,0,0,0,2,0,2,2,2,0,2,0,NA,0,0,0,2,0,0,0,0,2,0,0,0,0,0,0,0,0,0,0,0,0,0,2,0,0,0,0,0,0,0,0,0,2,2,0,2,0,2,0,0,0,NA,0,2,0,0,0,2,0,0,0,0,0,0,2,0,0,0,0,2,0,2,0,0,0,0,0,2,0,0,0,0,0,0,0,0,0,0,0,2,0,0,0,0,0,0,0,0,2,0,0,0,2,0,0,0,0,0,0,0,0,0,2,0,0,0,0,0,0,0,0,2,0,2,2,0,0,0,0,0,0,0,0,2,0,0,2,0,2,0,0,0,0,0,0,0,2,0,0,2,2,0,0,2,2,2,2,0,0,0,0,0,0,0,0,2,2
"CC147",0,2,0,0,0,0,0,0,0,0,0,0,0,0,0,2,0,0,0,0,0,0,2,0,2,0,0,0,0,0,0,2,0,0,0,2,2,0,0,0,0,2,0,0,0,0,0,0,0,0,2,0,0,0,0,2,0,0,0,0,0,2,2,0,0,0,0,0,0,0,0,0,0,2,0,0,0,0,0,0,0,2,0,0,0,0,0,0,0,0,0,0,0,0,0,0,0,2,0,0,0,0,0,0,0,2,0,0,0,0,0,2,0,NA,2,0,0,2,0,0,0,0,2,0,0,0,2,0,2,0,0,0,0,0,0,0,0,0,0,2,0,0,2,0,0,0,2,0,0,2,0,0,0,0,0,0,0,0,0,0,0,0,0,0,2,2,2,2,0,0,0,NA,0,2,0,0,2,0,0,0,0,0,0,0,2,0,0,0,0,2,2,0,2,2,0,0,0,0,2,0,0,0,0,0,0,0,0,0,0,2,0,0,0,2,0,0,0,0,2,0,0,0,0,0,0,0,0,2,0,0,0,0,2,0,0,0,0,0,0,0,2,0,0,2,0,2,0,0,0,2,0,0,0,2,0,0,2,2,0,0,0,0,0,0,2,0,0,0,0,0,0,0,0,2,0,0,0,0,0,0,0,0,0,0,0,0,0,0,0,0,0,0,0,0,0,0,0,0,0,0,0,0,0,0,0,0,0,2,0,2,0,0,0,0,0,0,0,0,0,0,0,0,2,0,0,0,2,0,0,0,0,0,0,0,0,2,0,0,0,0,0,0,0,0,0,0,0,0,0,0,0,0,0,0,0,0,0,0,0,0,0,0,0,2,0,0,0,0,0,0,0,0,0,0,2,2,0,0,0,2,0,2,0,0,0,0,0,0,0,0,0,2,0,2,2,2,2,0,0,0,0,0,0,0,0,0,0,0,0,2,0,0,0,0,0,0,2,2,0,2,0,0,0,0,0,0,0,2,0,0,2,0,0,0,2,2,2,0,2,0,2,0,2,0,0,0,0,0,0,0,0,0,2,0,2,0,0,0,0,0,0,0,0,0,0,0,0,2,0,2,2,0,0,2,0,0,0,0,0,0,0,0,0,0,0,2,0,0,2,2,0,0,0,2,0,0,0,0,2,2,0,0,2,0,0,0,0,0,0,0,0,2,0,2,0,0,0,0,0,0,0,0,0,0,0,0,0,0,0,2,0,0,2,0,0,2,0,0,0,2,0,0,0,2,0,0,0,0,0,0,0,2,0,0,2,0,0,2,0,0,0,0,0,0,0,2,0,0,0,2,0,2,2,2,2,0,0,2,0,0,0,2,0,0,0,0,0,0,0,0,0,0,0,0,0,0,2,0,0,2,0,0,0,0,0,0,2,2,0,0,0,0,0,0,2,0,0,0,0,0,0,0,0,2,2,0,0,0,2,2,2,2,0,0,0,0,0,0,2,2,0,2,0,0,0,0,0,2,2,0,0,2,0,0,0,0,2,2,0,2,2,0,0,0,0,0,0,0,2,0,0,0,0,2,0,0,0,0,0,0,0,0,0,0,0,0,0,0,0,0,0,0,0,0,0,0,0,0,0,2,0,0,0,0,0,0,0,0,0,0,0,0,0,0,0,0,0,0,0,0,0,0,0,0,0,2,0,2,2,0,0,0,0,0,0,0,0,0,0,0,0,0,0,0,0,0,0,2,2,0,0,0,0,0,0,0,0,0,2,0,2,0,0,2,0,0,0,0,0,0,0,0,0,2,0,0,0,0,0,0,0,0,0,0,2,0,2,0,0,0,2,0,0,0,0,0,0,0,0,0,2,2,0,2,0,0,0,2,0,0,0,0,0,0,0,0,0,0,NA,0,0,0,0,0,0,2,2,0,0,0,0,0,2,0,0,0,0,0,0,0,0,0,0,0,0,0,2,0,2,0,0,2,0,2,0,0,0,2,0,2,0,0,0,0,2,0,0,0,0,0,0,2,0,0,0,0,0,0,0,0,0,0,0,2,2,0,2,0,0,0,0,2,0,0,0,0,0,0,0,0,0,0,0,0,0,2,0,0,0,0,0,0,0,0,0,0,2,2,0,0,0,0,0,0,2,0,0,0,2,0,0,0,0,0,0,0,0,0,0,0,0,0,0,0,0,0,0,2,0,2,2,NA,0,0,0,0,2,0,0,0,0,0,0,0,0,0,2,0,0,0,2,0,0,0,0,2,0,2,0,0,0,2,2,2,2,0,0,2,0,0,0,0,0,0,0,0,2,2,0,0,0,2,0,2,0,0,0,0,0,0,0,0,0,0,0,2,0,2,0,0,0,0,2,2,0,0,0,0,0,0,0,0,0,0,0,2,0,0,2,2,0,0,0,0,2,2,0,0,2,0,2,0,2,0,0,0,0,0,2,2,0,0,2,2,2,0,2,2,0,0,0,2,0,0,2,2,0,0,0,0,2,2,0,0,0,0,0,0,0,0,0,2,0,0,0,2,0,0,2,2,2,0,2,2,0,0,2,2,2,0,2,0,0,0,0,0,0,0,0,2,2,0,0,2,2,2,0,0,0,0,0,0,0,2,0,0,0,0,0,0,0,2,0,2,2,0,0,2,2,2,0,0,0,0,0,0,0,0,0,0,0,0,0,0,0,0,0,0,0,0,2,0,0,0,0,0,0,0,0,0,0,2,0,0,0,2,0,0,0,0,0,0,0,0,0,0,2,0,0,0,0,2,0,0,0,0,0,0,0,0,0,0,0,0,0,0,0,0,0,0,0,0,0,0,0,2,2,2,0,0,0,0,2,0,0,0,0,0,0,0,0,2,2,0,0,0,0,0,0,0,0,0,0,0,0,0,0,0,0,0,0,0,0,0,2,0,2,2,0,0,2,0,0,0,0,0,0,0,0,0,0,0,0,0,NA,0,0,0,0,0,0,0,0,0,0,0,0,0,2,0,0,0,0,0,2,2,0,0,0,0,2,0,0,2,0,0,0,0,0,0,0,0,0,0,2,0,2,0,2,0,0,0,2,0,0,2,2,0,0,0,0,0,2,0,0,0,0,0,0,0,0,2,0,2,0,0,0,0,0,0,0,0,0,2,0,0,0,0,0,2,2,0,0,0,2,0,2,0,0,0,2,0,0,0,0,0,0,0,0,0,0,0,0,2,0,2,2,0,0,0,2,0,0,2,0,0,0,0,2,2,0,0,0,2,0,0,0,0,0,0,0,0,0,0,2,0,2,0,0,0,2,2,2,0,0,0,0,0,0,0,2,0,0,0,0,0,0,0,0,0,0,0,0,0,2,NA,0,0,0,2,0,0,0,2,0,2,0,0,2,0,0,0,0,0,0,0,0,0,0,0,0,0,0,0,0,0,0,2,2,0,2,0,0,0,0,0,0,NA,0,0,2,0,2,0,0,0,0,0,0,0,0,0,0,0,0,0,0,0,2,0,0,0,2,2,0,0,0,0,0,0,2,0,0,0,0,0,2,0,2,0,0,0,0,0,2,2,0,0,2,2,0,0,0,0,0,0,2,0,2,0,0,0,2,0,0,0,NA,2,0,0,0,0,0,0,2,0,0,0,0,0,0,0,0,0,2,0,0,0,0,0,0,0,0,2,2,0,0,0,0,0,0,0,0,0,0,0,0,2,0,0,0,0,0,2,0,0,0,0,0,0,0,0,0,0,2,2,2,0,2,0,0,0,2,0,0,0,0,0,2,0,0,2,2,0,2,0,NA,0,0,2,2,0,0,0,2,0,0,0,0,0,0,0,2,0,0,0,0,2,0,0,0,0,0,0,2,0,2,0,0,0,2,0,0,0,2,0,0,0,2,0,0,2,0,0,0,0,0,0,0,0,0,0,0,0,0,NA,0,2,0,0,0,0,0,0,0,0,0,0,0,0,0,0,0,0,0,0,0,0,0,0,0,0,0,0,0,0,0,2,0,0,0,0,2,0,0,0,0,0,0,0,0,0,0,0,0,2,0,0,0,0,2,0,0,0,2,0,0,0,0,0,0,0,0,0,0,0,0,2,0,0,0,0,0,0,0,2,0,0,0,0,0,0,2,0,0,2,0,0,0,0,0,0,2,0,2,0,2,0,0,0,2,0,2,0,0,0,2,0,0,0,0,0,0,0,0,0,0,0,2,2,0,0,0,0,0,0,0,2,0,2,0,0,2,0,0,0,0,0,0,0,2,0,0,0,0,0,2,0,0,0,0,0,0,0,0,0,0,0,0,2,0,0,0,0,0,0,0,0,0,0,0,0,0,2,2,0,0,0,NA,0,0,2,2,0,2,0,0,0,0,2,0,0,0,0,0,2,0,0,0,0,2,2,2,0,2,0,0,2,0,0,0,0,2,0,0,0,0,2,0,0,0,0,0,0,2,0,0,2,0,0,0,0,2,0,0,0,0,0,0,0,0,2,0,0,0,0,0,0,0,0,0,0,0,2,2,0,0,2,0,0,0,0,0,0,0,0,0,0,0,0,2,2,0,0,0,0,2,2,0,0,0,2,2,0,0,0,0,0,0,0,0,0,0,0,0,0,0,0,0,0,0,0,0,0,0,0,2,0,0,0,0,0,0,0,0,0,0,0,0,0,0,2,2,0,0,0,0,0,0,0,0,0,0,0,2,0,0,0,0,0,0,0,0,0,0,0,0,0,0,0,0,0,2,0,0,0,0,0,0,0,0,2,0,0,0,2,2,0,0,0,2,0,0,0,0,2,0,0,0,0,0,2,0,0,2,0,0,0,2,0,2,0,2,2,0,2,0,0,2,0,0,0,2,2,0,0,0,0,0,0,0,0,0,0,0,0,0,0,0,0,0,0,0,0,0,0,0,2,0,2,0,0,0,0,0,0,0,2,0,2,0,2,0,2,2,0,0,0,0,2,0,0,0,0,0,2,0,2,0,0,2,2,0,0,0,0,0,0,2,0,0,0,0,2,0,0,0,0,2,2,0,0,0,0,2,2,0,0,2,0,0,0,0,2,2,0,0,2,0,0,0,0,2,0,0,2,0,0,0,2,0,0,2,2,0,0,2,0,0,2,2,0,0,0,0,2,0,0,0,0,0,0,2,0,0,0,0,0,2,0,0,0,0,0,2,2,0,0,0,0,0,0,0,0,0,0,0,2,2,0,0,0,2,0,0,0,0,0,0,2,2,2,2,0,0,2,2,0,2,0,0,0,0,2,0,0,2,0,0,0,0,0,0,0,0,0,0,0,0,0,2,0,0,0,2,0,2,0,0,2,0,0,0,0,0,0,0,2,0,2,0,0,0,0,0,0,0,0,0,0,2,0,0,2,0,0,0,0,0,0,0,0,0,0,2,0,0,2,0,0,0,0,0,0,0,2,0,0,0,0,0,0,0,0,0,0,0,0,0,2,2,0,0,0,2,2,0,0,0,0,0,0,0,0,0,2,0,0,0,0,2,0,0,2,0,0,2,0,0,0,0,0,0,2,0,0,0,0,2,0,0,0,0,2,0,0,2,0,0,0,0,2,0,0,0,2,0,0,0,0,0,0,0,0,2,0,2,0,0,0,2,0,0,2,0,0,0,2,0,0,0,0,2,2,2,0,0,0,0,0,0,0,0,0,0,0,0,0,0,2,0,0,2,0,0,0,0,0,0,2,0,0,2,0,0,0,0,0,2,0,2,0,0,0,0,0,0,0,0,0,0,0,0,0,0,2,0,0,0,0,2,0,0,0,0,0,0,2,0,0,0,0,0,2,0,0,0,0,0,2,0,0,0,0,0,0,0,2,0,0,0,0,0,0,0,0,0,2,0,0,0,0,2,0,0,0,0,0,0,0,0,0,0,0,0,0,2,0,2,0,0,2,0,0,2,0,2,2,2,NA,0,0,0,0,0,0,0,2,2,0,0,2,2,0,0,0,0,0,0,2,2,2,0,2,2,0,0,0,0,0,0,0,0,0,0,0,0,0,0,0,2,0,0,2,0,2,0,0,0,0,0,0,2,0,0,0,2,0,0,0,0,2,0,2,2,2,0,2,0,2,0,2,0,0,0,0,0,2,0,2,2,0,0,2,0,0,0,0,0,2,0,2,2,0,0,0,0,0,0,2,2,0,2,2,0,0,0,2,0,0,0,0,0,0,0,0,0,0,0,2,0,0,0,0,0,0,0,0,0,0,0,2,0,0,0,2,0,0,0,0,NA,0,NA,2,2,2,0,0,2,2,0,0,0,2,0,0,0,0,0,0,2,0,2,0,0,0,0,2,2,0,0,0,2,0,0,0,0,0,0,0,0,2,0,0,2,2,0,2,0,2,0,0,2,0,2,2,0,0,0,0,0,0,0,0,0,0,0,0,0,0,0,0,0,0,2,2,0,0,0,2,2,0,0,0,0,0,0,0,0,0,0,0,0,0,2,0,0,0,0,2,0,0,0,0,0,0,0,0,0,2,0,0,0,0,0,0,0,0,0,0,2,0,0,0,0,2,2,0,0,2,0,2,0,0,0,0,0,0,0,0,0,0,0,2,0,0,0,0,0,0,0,0,0,0,0,2,0,0,0,0,0,0,0,0,0,0,0,0,0,0,0,0,0,2,0,0,0,0,0,0,0,0,0,2,2,0,0,0,0,0,2,0,0,0,2,0,0,2,0,0,0,0,0,0,0,0,0,0,0,0,0,0,0,2,0,0,0,0,2,0,0,2,0,2,0,0,0,2,0,2,0,0,2,0,0,0,0,0,0,0,0,0,0,0,2,0,0,0,0,0,0,0,0,0,0,0,0,0,0,0,0,0,0,0,0,0,0,0,2,0,0,0,0,0,0,2,0,2,0,0,0,0,0,0,0,0,2,2,0,0,2,0,0,2,0,0,0,0,2,0,0,0,0,0,0,2,0,0,2,0,2,0,0,0,2,0,0,0,0,0,0,2,0,0,0,2,0,0,0,0,2,0,2,0,0,0,2,0,0,0,2,0,0,0,0,0,0,0,0,0,0,0,0,0,0,0,0,0,0,2,0,0,0,0,0,0,0,0,0,0,0,0,0,2,0,0,0,0,0,0,0,0,0,0,0,0,0,0,2,0,0,0,0,2,0,0,2,0,0,0,2,0,0,0,0,2,0,0,0,0,0,0,0,0,0,0,0,0,0,0,0,0,0,0,0,0,0,2,0,0,2,2,0,0,0,0,2,2,0,0,0,0,0,0,0,0,0,0,0,0,2,0,0,2,0,0,0,0,2,0,0,0,0,2,2,0,0,0,2,0,2,2,2,0,0,0,0,0,0,0,0,2,0,0,0,0,0,0,0,2,2,0,0,0,0,0,0,0,0,0,0,0,0,0,0,0,0,0,2,0,0,2,0,2,0,0,2,0,0,0,0,0,0,0,2,0,0,0,0,0,2,2,0,0,0,0,0,2,0,NA,0,0,0,0,0,0,0,0,0,0,0,2,0,2,2,0,2,2,0,0,0,0,0,0,0,0,0,0,0,0,0,0,2,0,0,0,0,0,0,0,2,0,0,0,0,0,0,0,0,0,2,0,0,0,0,0,0,0,0,0,0,0,0,2,0,0,0,0,0,2,0,0,0,0,0,0,0,0,0,0,2,0,0,0,0,0,0,0,0,0,0,0,0,0,0,0,0,0,0,0,0,0,0,0,0,0,0,0,2,0,0,0,0,0,0,0,0,0,0,2,0,0,0,2,0,2,0,0,0,0,0,0,0,0,0,0,0,0,0,0,0,0,0,0,0,2,0,0,0,0,0,2,0,2,0,0,0,0,0,0,0,0,0,0,0,2,NA,0,0,0,0,0,0,0,0,0,2,0,0,0,0,0,0,0,0,0,0,0,0,0,0,0,0,2,2,0,0,0,2,0,0,0,0,0,0,2,0,0,0,0,0,0,0,0,0,0,0,0,0,0,0,0,0,0,0,0,0,0,0,0,0,0,0,0,0,0,2,0,0,0,0,0,0,0,2,0,0,0,0,0,2,0,0,0,0,0,0,0,2,0,2,2,0,0,0,2,2,0,0,2,0,0,0,0,0,0,0,0,0,0,0,0,0,2,0,0,2,0,0,0,0,0,2,0,0,0,0,0,2,2,0,0,0,0,0,0,0,0,0,0,0,0,0,0,0,0,0,0,0,0,0,0,0,0,0,0,0,0,2,0,0,0,2,0,0,2,0,0,0,0,0,0,2,0,0,0,0,0,0,2,0,0,0,0,2,2,0,0,0,2,0,0,0,0,2,0,0,2,0,2,0,0,0,0,0,0,0,0,0,0,0,2,0,0,0,0,0,0,0,0,2,2,0,0,2,2,0,0,2,0,0,2,0,0,0,0,0,0,2,2,0,0,0,2,0,0,0,2,0,0,0,0,0,0,0,2,2,2,2,0,0,0,2,0,0,0,0,0,0,0,0,0,0,0,0,0,0,0,2,0,0,0,0,0,2,0,0,2,0,0,0,0,0,2,0,0,2,2,2,0,0,2,2,2,0,0,0,2,2,0,0,0,2,0,0,0,0,0,2,0,0,2,0,0,0,0,0,2,0,0,0,0,0,0,0,0,0,0,0,0,0,2,0,0,0,0,0,0,0,0,0,0,0,0,0,0,2,0,2,0,2,0,0,0,0,0,0,2,0,0,0,2,0,0,0,0,0,0,0,2,2,0,0,0,0,2,2,0,0,2,2,2,0,0,0,0,0,2,2,2,0,0,2,0,0,2,0,0,2,2,0,2,0,0,0,0,2,0,2,0,0,2,0,0,0,0,0,0,2,0,2,2,0,0,0,0,0,0,0,0,0,0,0,0,0,2,2,2,0,0,0,0,0,0,0,0,0,0,2,0,2,0,0,0,0,0,0,2,0,0,2,0,0,2,2,0,0,0,0,0,0,0,2,0,0,2,0,0,0,0,0,2,0,0,2,2,0,0,0,0,NA,0,0,0,0,0,0,0,0,0,0,0,0,0,0,0,0,0,0,0,0,2,2,0,0,0,0,0,2,0,0,0,0,0,0,0,0,2,2,0,0,0,0,0,0,0,0,0,0,0,0,0,0,0,0,0,0,2,2,0,2,0,0,0,2,0,0,0,2,0,0,2,0,2,0,0,2,0,2,0,0,2,0,2,2,0,2,0,0,0,0,0,0,0,0,0,0,0,0,2,0,0,0,0,0,0,2,0,0,2,2,0,0,0,0,0,0,0,0,2,2,0,0,2,0,0,0,0,0,0,0,0,0,2,0,2,2,2,0,0,0,0,0,0,0,0,2,0,0,0,0,0,0,0,0,0,2,0,0,0,0,2,0,0,0,0,0,0,0,0,0,0,2,2,0,0,0,2,2,0,0,0,2,0,0,0,0,0,0,0,2,2,2,0,0,0,0,2,0,0,0,0,0,0,0,0,2,2,0,2,0,NA,0,0,0,0,0,0,0,0,2,0,2,0,2,0,2,0,2,2,0,0,0,0,2,0,0,0,0,0,0,0,2,2,2,0,2,0,0,0,0,0,0,0,0,0,0,0,0,0,0,2,0,0,0,2,0,2,2,0,0,0,0,0,0,0,0,2,2,0,2,2,0,0,0,0,0,0,0,0,2,0,2,0,0,2,0,2,2,2,0,0,0,2,0,0,2,0,2,2,0,2,0,0,2,0,2,2,0,0,0,2,0,0,0,0,2,0,2,0,NA,0,0,0,0,0,2,0,0,0,0,2,0,2,0,0,2,2,0,0,0,0,0,0,0,0,0,0,0,0,0,2,0,NA,2,0,2,0,0,0,0,0,0,0,2,2,2,0,2,2,0,0,0,0,2,0,0,0,0,0,0,2,0,2,0,0,0,0,0,0,2,0,0,0,0,0,0,0,2,2,2,0,0,0,0,0,2,0,0,0,0,0,0,0,0,0,0,0,0,0,0,0,0,0,0,0,0,0,0,0,0,2,2,0,0,0,0,2,0,0,2,2,0,0,0,2,0,0,2,0,2,0,0,0,0,0,2,0,2,2,0,0,2,0,0,0,2,0,2,0,0,0,0,0,0,0,2,0,0,2,2,0,2,2,0,2,2,0,0,0,2,2,0,0,0,0,0,0,NA,0,0,2,2,0,0,0,2,2,2,0,2,0,0,0,0,0,0,2,2,0,0,2,0,0,2,0,2,0,2,0,0,0,2,2,0,0,2,0,2,0,2,0,0,0,0,0,0,2,0,2,2,0,0,0,0,0,0,0,2,0,0,2,0,0,0,0,0,0,0,2,0,0,0,0,0,0,0,2,0,2,0,2,0,0,0,0,0,2,2,0,0,0,0,0,2,2,0,0,0,2,0,0,2,0,2,0,2,0,2,2,0,0,0,2,2,0,0,0,0,0,0,2,0,2,0,0,0,0,0,0,0,2,0,0,0,0,2,2,0,0,2,2,2,2,0,0,0,0,2,0,2,0,0,0,2,0,0,0,0,2,0,2,0,2,2,0,0,0,0,2,2,0,0,0,0,0,0,0,2,0,2,2,2,2,0,0,0,0,0,0,2,0,0,0,2,0,0,0,2,2,2,2,2,2,0,0,0,0,0,0,2,0,0,0,2,0,0,0,2,2,0,0,0,0,2,0,0,0,0,0,0,0,0,0,0,0,0,0,0,0,0,2,2,2,2,0,2,2,0,0,0,0,0,0,0,2,0,0,2,0,0,0,0,0,2,0,0,2,0,0,0,2,2,0,0,2,2,0,0,2,2,0,2,0,0,0,0,0,0,2,0,2,0,0,0,2,0,0,2,2,0,0,0,2,2,0,0,0,0,2,0,0,0,0,0,0,0,0,2,0,0,0,0,2,0,0,0,0,0,0,0,0,NA,2,0,2,0,2,0,2,2,2,2,0,2,0,0,0,0,0,0,0,2,0,2,2,2,0,0,2,2,2,0,0,0,0,0,0,0,0,2,0,0,0,0,0,0,0,0,0,2,0,0,0,2,0,0,0,2,0,0,0,2,0,0,0,0,0,0,0,0,0,0,0,0,0,0,0,0,2,0,2,0,0,0,0,0,0,0,0,0,0,0,0,0,0,0,0,0,0,0,0,0,2,0,2,0,0,0,0,0,0,0,0,2,0,0,0,2,2,0,0,0,0,0,0,0,0,0,0,2,0,0,0,2,0,0,0,0,0,0,0,0,0,0,0,0,0,2,0,0,0,0,0,2,0,0,2,0,0,0,0,2,0,2,0,0,2,0,0,0,0,0,0,0,0,0,0,0,0,0,2,0,0,0,0,0,0,2,2,0,0,0,2,0,2,2,2,0,0,2,0,0,0,2,2,0,0,2,0,0,0,2,2,0,0,0,2,0,0,0,0,0,0,0,2,0,0,0,0,0,0,2,0,0,0,0,0,2,0,2,0,0,0,2,2,2,2,0,2,0,0,0,0,0,0,0,0,0,0,2,0,0,0,0,0,2,0,0,0,0,0,0,0,0,0,0,0,0,0,0,0,2,0,0,0,0,0,2,0,2,0,0,2,0,0,0,0,0,0,0,0,0,0,0,0,2,0,0,0,0,0,0,0,0,2,0,0,2,0,0,0,0,0,0,0,0,0,0,2,0,2,0,0,0,0,0,0,2,0,0,0,0,0,0,2,0,0,0,0,0,0,0,0,0,0,0,0,0,2,2,0,0,2,2,0,2,0,0,2,0,0,0,0,0,0,0,0,0,0,0,0,0,2,0,2,0,0,0,0,0,0,0,0,0,0,0,0,0,0,0,0,0,0,0,0,0,0,0,0,0,0,0,2,2
"CC148",0,0,0,0,2,0,2,0,0,0,0,0,0,0,0,0,0,0,0,0,0,0,0,0,2,0,0,0,0,0,0,0,0,2,0,0,0,0,2,2,0,0,0,0,0,0,0,0,0,0,0,0,0,0,0,0,0,0,0,0,0,0,0,0,2,0,0,0,0,0,0,0,0,0,0,0,0,2,0,0,2,0,0,0,0,0,0,0,0,0,2,0,0,0,0,0,0,0,0,0,0,0,2,2,0,0,0,0,0,0,0,2,0,0,0,0,2,0,0,2,0,0,0,0,0,0,2,0,2,0,2,0,0,2,0,0,0,0,2,2,0,0,2,0,0,0,0,0,0,2,2,0,0,0,0,0,0,0,0,0,0,0,0,0,0,0,0,2,2,2,0,0,2,0,0,2,0,0,0,0,2,0,0,0,2,0,2,0,0,2,0,0,2,0,2,0,2,2,2,0,0,0,0,0,0,0,0,0,2,0,2,0,0,0,0,2,0,2,0,2,0,0,2,0,0,0,0,0,0,2,2,0,0,0,0,0,0,0,0,0,0,0,0,0,0,2,0,0,0,0,0,0,0,0,0,2,0,2,0,0,0,0,0,0,0,0,0,0,0,0,0,0,0,0,2,2,2,2,2,0,0,0,2,0,0,0,0,0,0,0,0,0,0,0,0,2,0,0,2,2,0,0,2,0,2,0,0,2,0,0,0,0,0,0,0,2,0,0,0,0,0,0,2,0,0,0,0,0,0,0,0,2,0,0,0,2,0,0,2,0,0,0,0,2,0,0,0,0,0,0,0,0,0,2,0,0,0,0,0,0,0,0,0,0,0,0,0,0,0,0,0,0,0,0,0,0,0,2,0,0,0,0,0,0,2,0,0,2,0,0,0,0,0,2,2,2,2,0,0,0,0,0,0,0,0,0,0,0,0,0,0,0,0,0,0,2,2,0,0,2,0,0,0,0,0,0,0,0,2,2,0,0,0,0,0,0,0,0,0,0,0,0,0,0,0,0,0,0,0,0,0,0,0,0,0,0,0,2,0,0,0,0,0,0,0,0,0,2,0,0,2,0,0,2,0,0,0,2,0,0,0,0,0,0,0,2,0,0,2,0,2,NA,0,0,0,0,0,0,2,2,0,0,0,0,0,0,0,0,0,0,0,0,0,0,0,0,0,0,0,0,2,0,0,0,2,2,0,0,0,0,0,0,0,2,0,0,2,0,0,2,0,0,0,2,0,0,2,2,0,0,0,0,0,0,0,0,0,0,2,2,0,2,0,2,2,0,0,2,0,0,0,0,0,0,0,2,0,0,2,2,0,2,0,2,2,0,0,0,0,2,2,0,0,0,0,0,2,2,0,2,0,2,0,2,2,2,2,2,2,0,0,0,0,0,0,0,2,0,0,0,2,0,0,0,0,0,0,0,2,0,0,0,2,0,0,0,0,0,0,2,0,0,0,0,0,0,0,0,0,0,0,0,0,0,0,0,2,0,0,0,2,0,0,0,0,2,0,0,0,0,0,0,0,0,0,0,0,2,0,0,0,0,0,0,2,0,0,0,2,0,0,0,0,0,0,0,0,2,2,0,0,0,0,NA,0,0,0,0,2,0,0,2,0,0,2,2,0,0,0,2,2,0,0,2,0,2,0,0,2,2,0,2,0,0,0,0,0,0,0,0,0,0,0,2,0,0,2,2,2,0,0,0,2,2,0,0,0,0,2,0,0,0,0,0,0,2,0,0,2,2,0,2,0,0,0,NA,2,0,0,0,0,0,2,0,0,0,0,2,2,0,0,0,2,0,0,0,2,0,0,0,0,0,0,0,0,0,0,2,0,0,0,0,0,0,0,0,2,0,0,2,0,0,2,2,0,0,2,0,0,2,2,2,0,0,0,0,0,2,0,2,0,0,2,0,0,0,0,0,0,0,2,2,0,0,0,0,0,2,2,0,0,2,2,0,2,0,0,0,0,0,0,0,0,0,2,0,0,0,0,0,0,0,0,0,0,0,0,0,0,2,0,0,0,0,2,2,0,0,2,0,0,0,2,0,0,0,0,2,0,NA,0,0,0,0,0,2,0,0,0,0,2,0,0,0,0,0,0,2,0,0,2,0,0,0,2,0,0,0,0,0,0,2,0,0,0,0,0,0,2,0,0,2,2,0,0,0,2,0,0,0,0,0,2,0,0,0,0,0,0,0,2,0,2,0,0,0,0,0,2,2,0,0,0,0,2,0,2,0,0,0,0,0,0,0,2,2,2,0,0,0,0,2,0,0,0,0,0,2,0,0,0,0,0,2,2,0,0,0,2,2,0,0,0,0,2,0,0,0,0,0,0,2,0,2,2,0,2,0,2,0,0,0,0,0,0,2,2,0,0,0,0,2,0,2,2,0,2,0,2,2,0,0,2,2,0,0,0,2,0,0,2,2,0,2,0,0,0,0,0,0,2,0,0,2,0,2,2,0,0,0,0,2,0,0,0,0,0,0,2,2,0,0,2,0,0,0,0,2,0,0,2,2,0,0,0,0,0,2,0,2,0,0,2,0,2,0,0,0,0,0,0,0,2,0,0,0,0,0,0,0,0,2,0,0,0,2,0,2,0,0,0,0,0,0,0,0,0,0,0,0,0,0,2,0,0,0,0,0,0,0,0,0,0,0,0,2,0,0,0,2,0,0,0,0,0,0,0,2,2,0,0,2,0,0,2,2,0,0,0,2,2,0,0,0,0,2,0,0,0,0,2,0,0,0,2,0,0,0,0,2,2,0,0,0,0,0,0,0,0,2,0,0,2,0,2,0,2,0,0,0,2,0,0,0,0,0,0,0,2,0,NA,0,0,0,2,2,0,0,0,2,0,0,0,0,2,2,0,0,0,NA,2,0,2,0,0,0,0,0,2,0,0,0,0,0,2,2,0,0,2,2,0,2,0,0,0,2,0,2,0,0,2,0,0,0,0,0,2,0,2,2,0,0,0,0,0,0,2,0,0,0,0,0,0,2,0,0,2,0,2,2,0,0,2,0,0,0,0,0,0,0,0,0,0,0,0,0,0,0,2,0,2,2,0,0,0,0,0,0,2,0,0,0,0,2,0,2,0,2,2,0,0,2,0,0,0,0,0,0,0,0,0,0,0,0,0,0,0,0,0,2,2,0,2,2,2,0,0,2,2,0,0,0,0,0,0,0,2,0,0,2,0,0,0,0,0,0,0,0,0,0,0,0,0,0,0,2,2,0,2,0,2,0,0,0,0,0,0,0,0,0,0,0,2,0,0,0,0,0,0,0,0,0,0,0,2,2,0,0,0,0,2,0,2,0,0,2,0,0,2,2,0,0,0,0,2,0,0,2,2,0,0,0,0,0,0,0,0,2,0,2,0,0,2,0,2,0,2,2,0,0,0,0,2,0,0,0,0,0,0,0,0,0,2,2,0,2,0,0,0,0,2,0,0,2,0,0,2,0,2,2,0,0,0,0,2,0,0,0,0,0,2,0,0,0,0,0,0,0,0,0,2,0,0,0,0,2,2,0,0,0,2,0,2,2,2,2,2,2,0,2,0,2,2,0,0,0,0,0,2,0,0,0,0,2,0,0,0,0,0,2,0,0,0,0,0,0,0,0,0,0,0,0,0,0,0,0,0,2,0,2,0,0,0,0,0,0,0,0,0,0,0,0,0,0,0,0,2,0,0,0,0,0,2,0,0,0,0,2,0,2,0,0,0,0,2,0,0,0,0,0,0,0,0,0,0,0,0,2,0,0,0,2,0,2,2,0,0,0,0,0,0,0,2,0,0,0,0,0,0,2,0,0,0,0,0,2,0,0,0,2,0,0,2,2,NA,0,2,0,0,0,2,0,2,0,0,0,0,2,0,0,0,0,0,2,0,0,0,0,0,2,2,0,2,0,0,0,2,2,0,0,0,0,0,0,0,2,0,NA,0,0,NA,0,0,0,2,2,NA,2,2,0,0,0,0,0,0,0,2,0,0,0,0,2,0,0,0,0,NA,2,0,0,0,0,0,0,0,0,0,0,0,0,0,0,0,0,0,0,0,0,0,0,0,0,0,0,0,0,0,0,0,2,0,0,0,0,0,2,0,0,0,0,0,0,0,0,0,0,0,0,0,0,2,0,0,0,0,2,0,2,0,0,0,2,0,2,0,0,0,0,0,0,2,2,0,NA,0,0,2,0,0,0,0,2,NA,2,0,0,0,2,0,2,0,0,0,2,2,0,0,0,2,0,2,0,0,0,0,0,0,2,0,0,0,0,0,0,0,0,0,0,0,0,0,0,0,2,2,0,0,0,0,0,0,0,0,0,0,0,2,2,0,2,2,0,0,0,0,0,0,2,0,0,0,2,2,0,0,2,2,0,2,0,0,0,2,2,0,0,0,0,0,0,2,0,2,0,0,0,2,0,0,2,0,2,0,2,2,0,0,2,0,0,0,0,0,0,0,2,0,0,0,0,0,0,0,0,0,0,0,0,2,0,0,0,0,0,0,0,0,0,0,0,0,0,0,0,0,0,0,0,0,0,0,2,0,0,0,0,2,0,2,0,2,0,0,2,0,0,0,0,0,0,0,0,0,0,0,0,0,2,0,2,2,0,0,0,0,0,0,0,0,0,0,2,0,0,0,0,0,0,0,0,0,0,0,0,2,0,0,0,0,2,2,2,2,0,0,2,0,2,0,0,0,0,0,0,2,0,2,2,0,0,2,0,2,2,0,2,2,0,0,0,0,0,0,0,0,0,0,0,0,2,0,0,2,0,0,0,2,0,0,0,0,NA,0,0,2,2,2,0,2,0,2,0,0,2,0,0,0,2,0,0,0,0,0,2,0,0,0,0,0,0,0,0,2,0,0,0,0,0,0,0,0,2,2,2,0,0,0,0,0,2,0,2,0,0,2,2,0,0,0,0,0,0,0,0,0,0,0,0,0,0,2,0,0,0,2,0,0,2,0,2,2,0,2,0,0,2,2,0,0,2,0,0,0,2,0,0,0,0,2,0,0,0,0,0,2,0,0,2,2,2,0,2,0,0,0,0,NA,2,0,0,0,2,2,0,0,0,0,0,0,0,2,0,0,0,0,2,0,0,0,0,0,2,0,0,0,0,0,0,0,0,0,2,0,2,0,0,2,0,0,2,0,0,0,0,2,0,0,0,0,0,2,0,0,2,0,0,0,0,0,0,0,0,0,0,0,0,0,2,2,0,0,2,0,0,2,0,0,0,0,0,0,0,0,0,2,0,0,0,2,0,0,0,0,0,0,0,0,0,0,0,0,0,0,2,2,0,0,0,0,0,0,0,0,0,0,0,2,2,0,0,0,0,0,0,0,0,0,0,0,0,0,0,0,0,0,0,0,0,2,0,0,0,2,2,0,0,0,0,0,0,0,0,2,0,0,0,0,0,0,2,0,0,2,0,0,0,0,2,0,0,0,0,2,0,0,NA,0,0,0,0,0,0,0,0,0,2,0,0,0,0,0,0,0,2,0,0,0,2,0,0,0,0,2,2,0,2,0,2,2,0,0,0,0,0,2,0,0,0,2,2,NA,0,0,0,0,2,0,0,0,0,0,0,2,2,2,0,0,0,0,2,0,2,0,0,0,0,2,0,0,2,0,2,0,0,0,0,2,0,0,2,0,0,0,0,0,0,0,0,0,2,2,0,0,0,0,2,0,0,2,0,0,0,0,2,0,0,0,0,0,0,0,2,2,0,0,0,2,2,0,0,0,0,0,0,0,2,2,2,0,0,0,2,0,0,0,0,0,0,0,0,0,0,0,0,0,0,2,2,0,2,0,0,2,0,0,0,2,0,2,2,0,0,0,2,0,0,2,0,0,0,0,2,0,0,2,0,0,0,2,0,0,0,0,0,0,0,0,0,0,0,0,2,2,0,0,0,0,2,0,0,0,0,0,0,2,0,0,0,0,0,0,0,0,0,0,0,2,2,2,0,0,0,2,0,0,2,2,0,0,0,0,0,0,0,0,0,2,0,0,2,0,0,0,0,0,0,2,0,0,0,0,0,0,0,0,2,0,2,0,0,NA,0,0,2,0,0,0,0,0,0,0,0,2,0,0,2,0,2,0,2,2,2,2,0,0,0,0,0,0,2,2,0,2,0,0,0,0,0,0,2,0,0,2,0,0,0,0,0,0,0,0,2,2,0,0,2,0,0,0,0,0,0,0,0,2,0,0,0,0,0,0,0,2,2,0,0,0,0,0,0,0,0,2,0,0,0,0,0,0,0,0,0,0,0,0,0,0,2,2,2,0,0,0,0,0,0,0,0,0,0,0,0,0,2,2,0,0,0,0,0,0,0,0,0,0,2,2,2,0,0,0,0,0,0,0,0,0,2,0,0,2,0,0,0,2,2,0,0,2,0,2,0,2,0,0,0,0,0,2,2,0,0,0,0,0,0,0,0,2,0,0,0,0,0,0,2,0,0,0,0,0,0,0,2,0,0,0,0,0,0,2,0,0,0,0,0,0,2,2,0,2,2,2,2,0,0,2,2,0,0,2,2,0,0,0,2,0,0,0,0,2,0,0,0,0,0,0,0,0,0,0,0,0,2,0,2,0,0,0,0,0,2,0,0,2,0,2,0,0,0,0,2,0,0,0,0,2,2,0,0,0,0,0,0,0,0,2,0,0,0,0,0,0,2,0,2,0,2,0,0,0,0,0,0,0,0,0,0,2,2,0,0,0,0,0,2,2,0,0,0,0,0,0,0,0,0,0,0,0,0,0,0,0,0,2,0,0,2,0,0,2,0,0,0,2,0,0,0,0,0,0,0,0,2,0,2,2,0,0,0,0,0,2,0,2,2,0,0,0,2,0,0,2,2,0,0,2,2,0,0,0,0,0,2,0,0,0,0,2,0,2,0,0,0,0,2,2,0,0,0,0,2,0,2,0,0,2,0,0,0,0,0,2,0,0,0,0,0,0,0,0,0,0,2,0,0,0,0,0,0,0,0,0,0,0,0,2,2,NA,0,2,2,2,2,2,0,0,0,2,2,2,2,0,0,0,0,0,2,2,0,2,0,0,2,0,0,0,0,0,0,0,0,2,0,0,0,2,0,0,0,0,0,0,0,0,2,0,2,0,0,0,0,0,0,0,0,0,0,2,0,0,2,0,0,2,0,0,2,0,2,0,0,0,0,0,0,0,0,2,0,0,0,0,0,0,0,0,0,0,0,0,2,0,0,0,0,0,0,0,2,2,0,0,0,0,0,0,2,0,0,0,0,0,0,0,0,0,0,0,2,0,0,0,0,0,0,0,0,2,0,0,2,0,0,0,2,0,0,0,0,0,0,0,0,0,2,0,0,0,0,0,0,0,2,0,0,0,0,2,2,0,2,0,0,0,2,0,2,0,2,0,0,0,2,2,0,0,0,0,0,2,2,0,2,2,2,0,0,2,0,0,0,0,2,2,0,0,2,0,0,0,0,0,0,0,0,2,0,0,0,0,0,0,0,0,0,NA,0,2,0,2,2,2,0,0,2,2,0,2,0,2,0,0,0,0,0,0,0,2,0,0,0,0,0,0,0,0,0,2,0,0,0,0,0,0,0,0,2,2,0,0,2,0,0,0,0,0,2,2,2,2,2,2,0,0,0,0,0,0,0,2,2,2,0,0,0,2,2,0,2,0,2,0,0,0,0,2,0,0,2,0,0,2,2,0,0,0,2,2,0,0,2,0,0,0,0,0,0,0,0,0,0,0,0,0,0,0,0,0,0,0,0,0,0,0,0,0,0,0,0,0,2,0,0,0,0,0,0,0,0,0,0,0,0,0,2,2,0,2,2,0,0,2,0,0,0,0,2,2,0,0,2,0,0,0,0,2,0,0,0,0,2,0,2,0,0,2,0,0,0,0,0,2,2,0,0,2,0,0,0,2,0,0,0,0,0,0,0,0,0,2,0,0,0,0,0,0,0,0,0,0,0,0,2,0,0,0,0,2,0,0,0,0,0,0,0,0,0,0,0,0,0,0,0,0,0,0,0,0,2,0,0,0,0,0,0,0,0,0,0,0,0,0,0,0,2,0,0,0,0,0,2,2,0,0,0,2,2,0,0,2,2,0,2,2,0,0,0,0,0,2,0,2,0,0,0,0,0,0,0,2,0,2,0,0,0,0,0,0,0,0,2,0,0,0,0,0,0,2,0,0,0,0,0,2,0,2,0,2,0,0,0,2,0,0,0,0,0,0,0,0,0,0,0,0,2,0,0,0,0,2,0,0,2,0,0,2,0,0,0,2,0,0,2,2,0,0,0,2,0,0,2,0,0,0,0,0,0,2,0,0,2,0,0,2,0,0,0,0,2,2,0,0,0,0,0,0,0,0,0,0,0,0,0,0,0,2,0,0,2,0,2,0,0,0,2,0,0,0,2,0,2,2,0,0,0,0,0,0,0,0,0,0,0,0,0,0,0,0,0,0,0,0,2,2,0,2,0,2,0,0,2,0,0,0,0,0,0,0,0,0,0,2,0,0,0,0,0,0,0,0,0,0,0,2,0,0,0,0,0,0,0,0,0,0,0,0,0,0,2,0,0,0,2,0,0,0,0,0,0,2,0,0,0,2,0,0,0,0,0,0,0,0,0,2,2,0,0,0,0,0,0,0,0,2,2,0,2,0,2,0,2,0,0,2,0,0,0,0,0,0,0,0,0,0,2,0,0,0,0,0,0,0,2,0,0,2,0,0,0,0,0,2,0,0,2,0,0,0,0,0,0,2,0,0,0,0,0,0,0,0,0,0,0,2,0,2,2,0,2,0,2,2,0,2,2,2,0,0,2,0,0,0,0,0,0,2,0,2,0,0,0,2,0,0,0,0,0,2,0,0,0,0,0,2,0,0,0,2,0,2,0,0,0,0,0,0,0,0,0,0,0,0,0,0,0,0,2,2,2,2,0,2,0,0,0,0,0,0,0,0,0,0,0,0,0,0,0,0,0,0,0,0,0,0,0,0,0,0,0,0,0,2,2,0,0,0,0,0,2,0,2,0,0,0,2,2,0,2,2,0,0,0,0,2,2,0,0,0,0,0,2,0,2,0,0,0,0,0,0,2,0,0,0,0,2,0,2,0,0,0,0,0,0,0,0,0,0,0,0,0,0,0,0,0,0,0,0,0,0,0,0,0,0,0,0,0,0,0,2,2,0,0,0,0,0,0,0,2,0,0,0,2,2,0,0,0,0,0,0,0,0,2,2,0,0,0,0,0,0,0,2,2,0,0,2,0,0,2,2,2,0,0,0,0,NA,0,0,0,0,0,0,0,2,2,0,0,2,2,2,0,0,0,0,0,0,2,0,0,0,2,0,2,0,0,0,0,2,0,2,0,0,0,0,0,0,0,2,2,0,0,0,0,2,0,0,0,0,0,0,2,2,2,0,0,0,0,0,0,0,0,0,0,0,0,0,0,2,0,0,0,2,0,0,0,0,2,0,2,0,0,0,0,0,0,0,0,0,2,0,0,0,0,0,0,2,2,2,0,0,2,0,0,0,2,0,2,0,0,0,2,2,0,0,0,0,2,0,0,0,0,2,2,0,2,0,0,2,0,0,2,0,2,0,0,2,0,0,0,0,0,0,0,2,2,2,0,0,0,2,2,0,0,NA,0,0,0,0,0,0,0,0,2,0,0,0,0,0,0,2,0,0,0,0,0,0,0,0,0,0,2,0,2,0,0,0,0,0,2,2,2,2,0,0,0,0,2,0,0,0,0,0,0,2,0,2,0,0,0,2,0,2,0,0,0,0,0,0,2,2,0,0,0,2,2,0,0,0,2,0,2,0,0,0,0,0,0,2,0,0,0,0,0,0,2,0,0,0,0,0,0,0,2,0,0,0,0,2,2,2,2,0,0,0,0,0,2,0,0,2,0,2,0,0,0,NA,2,0,2,0,2,0,0,0,0,0,0,0,0,0,0,0,0,0,0,0,0,0,2,0,2,0,0,0,0,0,0,2,0,0,0,0,0,0,2,0,0,0,0,0,0,2,0,0,2,0,0,0,0,0,0,2,0,2,2,0,0,0,0,0,0,2,0,0,2,0,0,2,0,0,0,0,0,0,0,0,0,0,0,0,0,2,2,2,2,2,0,2,0,0,0,0,0,2,0,0,0,0,0,0,0,2,0,0,2,0,0,0,0,0,0,2,0,0,2,0,0,2,0,2,0,0,0,0,0,0,2,0,0,0,2,0,2,0,0,0,0,0,0,0,0,0,2,0,2,NA,0,2,0,2,0,0,0,0,0,0,0,0,2,0,0,0,0,0,2,0,2,0,0,0,2,0,0,0,2,0,2,0,2,0,0,0,0,0,0,0,0,2,0,0,0,0,0,0,0,0,0,0,0,0,0,0,0,0,2,0,2,2,0,2,0,0,0,0,0,0,2,0,2,0,2,2,0,2,0,0,2,0,0,0,0,0,0,0,0,0,0,0,2,0,0,0,0,0,0,0,0,0,2,0,0,0,0,0,2,0,0,0,0,0,0,2,0,0,2,2,0,0,2,2,0,0,0,0,0,0,0,0,0,0,0,2,0,2,0,0,2,0,0,0,0,0,2,0,0,0,0,2,0,2,0,0,0,0,0,0,2,2,0,2,2,0,0,2,0,0,2,0,2,0,0,2,0,2,0,0,0,0,0,0,0,0,0,0,0,2,2,0,0,0,0,0,0,0,0,0,0,0,2,0,0,2,2,0,0,2,0,0,0,0,2,0,0,2,0,0,0,0,2,0,0,0,2,0,0,0,2,0,0,0,0,0,0,0,0,2,0,2,0,2,0,0,0,0,0,0,0,0,0,2,0,0,0,0,0,0,0,0,0,0,0,2,0,0,0,2,2,0,0,0,2,0,0,2,0,0,2,0,0,0,0,0,0,0,0,0,0,0,2,0,0,0,0,0,0,2,0,0,0,0,0,0,0,0,0,2,0,2,0,0,2,2,0,0,0,0,0,0,0,0,0,0,0,0,0,0,0,0,0,0,2,2,2,0,0,0,0,0,2,0,0,2,2,0,0,0,0,0,0,0,0,0,0,0,0,0,0,2,0,0,0,2,2,0,0,0,0,0,2,0,2,0,2,0,0,2,2,0,0,0,0,0,2,0,2,0,0,0,0,0,0,0,0,0,0,0,2,0,0,0,0,0,0,0,0,0,0,0,0,0,0,0,0,0,0,0,0,0,2,0,2,0,0,0,0,0,0,2,0,0,0,0,0,0,0,2,2,0,0,2,2,0,0,0,0,0,0,0,0,0,0,0,0,0,0,0,2,2,0,0,0,0,0,0,0,0,0,0,2,0,0,0,2,0,0,2,0,0,2,0,0,0,0,0,2,2,0,2,0,0,0,0,2,0,0,0,0,0,0,0,0,2,0,0,0,0,0,0,0,0,0,0,0,0,0,0,0,0,0,2,0,2,0,0,0,0,0,0,0,0,0,0,0,0,0,0,2,2,2,0,0,0,0,2,0,2,0,0,0,0,0,0,0,0,0,0,0,0,0,0,0,0,2,0,0,0,0,2,0,0,0,0,0,0,0,2,0,0,0,0,0,0,0,0,2,0,0,0,0,0,0,0,0,0,0,0,0,0,0,0,0,2,0,0,2,NA,0,0,0,0,0,0,0,0,0,0,0,0,0,2,0,0,0,0,0,0,0,0,0,0,0,2,2,0,2,2,0,0,0,0,0,0,0,0,2,0,2,0,0,0,0,0,0,2,0,2,0,0,0,0,0,0,0,0,0
"CC149",2,0,2,0,0,0,0,0,2,0,2,0,0,0,0,0,0,0,0,0,2,0,0,2,0,0,0,0,0,2,0,0,0,0,0,0,0,2,0,0,0,0,2,0,0,0,0,0,0,0,0,0,0,0,0,2,2,0,0,0,0,0,0,0,2,0,0,2,0,0,0,2,0,0,0,0,0,0,0,0,0,0,0,0,0,0,0,2,0,2,0,2,0,0,0,0,0,0,0,0,0,0,0,2,0,0,0,0,0,0,2,0,0,0,0,2,0,0,0,2,0,0,2,0,0,0,NA,0,0,0,2,2,0,0,0,2,0,0,0,0,0,0,0,0,0,0,0,0,0,2,0,0,0,0,0,2,2,2,NA,0,0,0,0,0,0,2,0,0,0,0,0,0,0,0,2,0,2,0,2,2,2,0,0,0,2,0,0,2,0,2,0,2,2,0,2,NA,2,2,0,0,0,0,0,0,0,0,0,2,0,0,0,0,0,2,0,0,2,0,2,0,0,0,0,0,0,2,0,2,2,0,0,0,2,2,0,0,0,0,0,0,0,0,0,0,0,0,0,0,0,2,0,0,0,0,0,0,0,0,0,0,0,0,0,0,0,0,0,2,0,0,0,0,0,0,2,0,0,0,0,0,0,0,0,2,0,0,0,0,0,0,0,0,0,0,0,0,0,2,0,0,2,0,0,0,0,0,0,2,0,0,0,2,0,0,0,0,0,2,0,0,0,0,0,0,2,0,0,0,0,0,0,2,2,0,0,2,0,0,0,0,0,0,0,0,0,0,0,0,0,0,2,0,0,0,2,2,0,2,0,0,2,0,0,0,0,2,0,0,0,0,0,0,2,2,2,0,0,0,0,0,2,0,0,0,0,0,0,0,2,2,2,0,2,0,0,0,0,0,2,0,0,0,0,0,0,0,0,0,0,0,0,0,0,2,2,0,0,2,0,0,0,2,0,0,2,0,0,2,0,2,2,0,0,2,2,2,2,0,2,0,2,0,2,0,0,0,0,2,0,0,0,0,2,0,0,0,0,2,0,2,2,0,2,2,0,0,0,0,2,2,2,0,0,2,0,0,NA,0,0,0,2,0,0,0,2,2,0,2,2,2,0,0,0,2,0,0,0,0,0,2,0,0,2,0,0,0,0,0,0,2,0,0,0,0,0,0,0,0,0,2,2,0,0,0,0,0,0,2,0,2,0,0,2,2,0,0,0,0,0,2,0,2,0,0,0,0,0,0,0,0,0,0,0,0,2,2,0,0,0,0,2,0,0,2,0,2,0,0,0,0,0,2,0,0,2,2,0,0,0,0,2,0,0,0,0,0,0,0,0,2,0,2,0,0,2,0,0,2,0,2,0,0,2,0,0,0,0,2,0,0,0,0,0,0,2,0,0,0,0,2,0,0,0,0,0,0,0,0,2,2,2,2,0,2,0,2,0,0,2,2,0,2,0,0,0,0,2,0,0,0,0,2,0,0,0,0,2,0,2,2,0,0,0,0,0,0,0,0,0,0,0,0,0,2,0,0,0,0,0,0,0,0,0,0,2,0,0,0,0,0,2,0,0,0,0,0,2,0,0,2,0,2,0,0,0,0,0,0,0,0,0,0,0,0,0,0,0,0,2,0,0,0,0,0,0,2,0,2,2,0,0,0,2,0,2,0,0,2,2,0,0,0,0,0,0,0,0,0,2,0,2,0,0,0,2,2,0,0,2,0,2,2,0,0,0,0,0,0,0,0,2,0,0,0,0,0,0,0,0,0,0,0,0,0,0,0,0,0,0,0,0,0,0,2,0,2,0,0,0,0,0,0,0,0,0,0,0,0,0,0,2,0,0,0,0,0,0,2,0,0,0,0,2,NA,0,0,0,0,2,0,0,0,2,0,0,2,0,0,2,0,0,2,0,2,0,0,2,0,2,0,2,0,2,0,2,0,0,0,0,2,0,0,0,0,2,0,NA,2,0,0,0,0,0,2,0,0,2,0,0,0,2,0,0,2,2,0,0,0,0,0,0,0,0,0,0,0,0,0,0,0,0,0,0,0,0,2,0,0,0,0,0,0,2,0,0,0,0,0,2,2,0,2,2,2,2,0,0,0,2,2,0,2,0,2,2,0,0,0,0,0,2,0,0,0,2,0,0,0,0,0,0,0,2,0,2,2,0,0,0,0,0,0,0,0,2,2,0,0,0,2,0,0,0,0,0,0,0,0,2,2,0,0,0,0,0,0,0,2,0,2,0,NA,0,0,0,0,2,0,0,0,0,0,0,0,0,0,0,0,0,0,0,0,0,0,0,2,0,0,0,0,0,0,2,2,2,0,0,0,0,0,0,0,0,0,0,2,0,0,0,0,0,0,0,0,0,0,0,0,0,0,0,0,2,0,2,0,0,2,0,0,0,0,0,2,2,0,0,0,0,2,0,0,2,0,0,0,2,2,0,0,2,0,0,0,0,0,2,0,2,0,0,2,0,0,0,0,0,0,2,2,0,2,2,2,0,0,0,0,0,0,0,0,0,0,0,0,0,2,0,2,0,0,0,0,0,0,0,0,0,0,0,0,0,0,0,2,0,0,0,0,2,0,0,2,0,0,0,2,0,0,0,0,0,0,0,0,0,0,0,0,0,0,0,0,2,2,0,0,0,0,2,0,0,2,0,2,0,2,0,0,2,0,0,2,0,0,0,0,2,2,0,0,0,0,0,2,0,0,2,0,0,0,0,0,2,0,0,0,0,0,0,0,0,2,0,0,0,0,0,2,2,0,0,0,0,0,0,0,0,2,0,0,2,0,0,2,0,2,0,0,0,0,2,2,0,2,0,0,0,0,0,2,0,0,0,0,0,0,0,2,0,0,0,0,0,0,0,2,0,NA,0,0,2,0,0,0,2,0,0,0,0,2,0,2,0,2,0,2,0,0,2,0,0,0,0,0,0,2,0,0,0,0,0,0,2,0,0,0,0,0,0,0,2,0,2,2,0,0,0,0,0,0,0,0,2,0,0,0,0,0,0,0,0,0,0,2,0,2,0,0,0,0,2,0,0,0,0,0,0,0,0,0,0,0,2,0,0,0,0,0,0,0,0,2,0,0,0,0,0,2,2,2,0,0,2,0,2,0,0,2,0,0,0,0,0,0,0,0,0,0,0,0,0,2,0,0,0,0,0,0,0,0,0,0,0,0,0,0,2,0,0,0,2,0,0,2,0,0,0,0,0,0,0,0,0,2,0,0,0,0,0,0,0,0,0,0,0,0,0,0,0,0,0,0,0,0,0,2,0,0,0,2,0,0,2,0,0,0,0,0,0,0,0,0,0,2,0,0,2,0,0,0,0,0,0,0,0,0,2,0,0,0,0,0,0,0,0,2,0,0,0,0,0,0,0,0,0,2,0,2,0,0,2,2,0,0,0,0,0,0,0,0,2,0,0,0,0,0,0,0,2,0,0,2,0,0,2,0,0,0,2,0,0,0,0,0,2,0,0,0,0,0,0,0,0,2,0,2,0,2,0,0,0,0,2,0,0,0,0,0,0,0,2,NA,0,0,0,2,0,0,0,0,2,0,2,0,0,0,2,0,0,0,0,2,0,0,0,0,0,2,0,0,0,0,0,0,0,0,0,0,2,0,0,0,0,0,0,0,0,0,0,0,0,0,2,0,0,0,0,0,0,0,2,2,2,2,0,2,0,0,0,2,0,0,0,0,0,0,0,0,2,0,0,0,0,0,0,0,0,0,2,2,2,0,0,0,0,2,2,2,0,0,0,0,0,2,2,0,0,0,2,0,0,0,0,0,2,0,0,2,0,0,0,0,0,2,0,0,0,0,0,0,2,0,0,0,2,2,0,0,0,0,0,0,0,0,0,0,0,0,0,0,0,2,0,2,0,0,2,2,0,0,0,0,0,0,0,0,0,0,0,0,2,0,0,0,0,0,0,0,0,0,2,0,0,2,0,0,0,0,0,0,0,0,0,0,0,2,0,0,0,0,0,NA,0,0,2,0,0,0,0,0,0,0,0,0,0,0,0,0,0,0,0,0,0,0,0,0,0,0,0,0,2,0,2,2,0,0,0,2,0,0,0,0,2,0,2,0,2,0,0,0,2,2,0,0,0,0,0,0,0,2,0,0,0,0,0,2,0,0,0,0,2,2,0,2,0,0,2,0,0,0,0,0,0,0,2,0,0,0,0,0,0,0,0,0,0,2,2,2,0,0,0,2,0,0,0,0,2,0,0,0,0,0,0,0,0,2,2,2,2,0,0,0,0,0,0,0,0,2,2,0,0,2,2,0,2,0,0,0,0,0,0,0,2,0,0,0,0,0,2,2,2,0,0,0,0,2,0,0,0,2,0,2,2,2,0,0,2,0,0,0,0,0,2,0,2,0,0,0,2,0,0,0,0,0,2,0,0,2,0,0,0,0,0,0,0,0,0,0,0,0,0,0,0,0,0,0,0,2,0,0,0,0,2,2,0,2,0,2,0,0,0,0,0,0,0,2,0,0,0,0,0,0,0,0,0,0,0,0,0,2,0,0,0,0,2,0,0,0,2,0,0,2,2,0,0,0,2,0,0,0,2,0,0,0,0,0,0,2,2,2,0,2,0,0,0,0,2,2,0,0,0,0,2,0,2,0,0,0,0,0,2,0,0,0,0,0,0,0,0,0,0,0,2,0,0,0,0,0,0,0,0,0,0,0,0,0,0,0,0,0,0,0,0,0,2,0,0,0,0,0,0,0,0,0,0,2,0,2,0,2,0,0,0,0,0,0,2,0,0,2,2,2,0,0,0,0,0,0,0,2,0,0,0,0,0,0,0,0,0,0,0,0,2,0,2,0,2,0,0,0,0,2,2,0,2,0,0,0,0,0,0,0,0,0,0,0,0,0,0,0,2,0,0,0,0,0,0,0,0,2,0,2,2,0,0,2,2,0,0,0,0,0,0,0,0,0,0,2,0,0,0,0,0,0,0,0,2,0,0,0,0,2,0,0,0,0,0,0,0,0,2,0,0,0,0,0,0,0,0,0,0,0,2,2,0,0,0,2,0,0,0,0,0,2,0,0,2,0,0,0,0,2,0,0,0,0,2,0,0,0,0,0,0,0,0,0,0,0,0,0,0,0,0,0,0,0,2,0,0,2,0,0,2,0,0,0,2,0,0,0,0,0,0,0,0,0,0,0,0,0,0,0,0,2,0,0,0,0,0,0,0,0,0,0,0,0,0,0,0,0,0,0,2,0,0,0,0,0,0,2,0,2,0,0,0,0,0,0,0,0,0,0,0,0,0,2,0,0,2,0,2,2,2,2,0,0,0,0,0,0,2,0,2,2,0,0,0,0,0,0,0,0,0,0,0,0,0,0,0,0,0,0,0,0,0,0,2,0,0,0,0,0,0,0,0,0,0,0,0,0,0,2,0,0,2,0,0,0,2,0,0,0,0,0,2,0,0,0,0,0,0,0,0,0,0,2,0,0,2,0,0,0,0,2,0,0,0,0,0,2,0,2,0,2,0,0,2,2,2,0,0,0,2,0,2,0,0,0,2,0,0,2,0,2,0,2,2,0,2,0,0,0,2,0,0,0,0,0,0,0,0,2,2,0,2,0,0,2,0,0,0,0,0,0,0,0,0,0,0,0,0,0,0,0,0,0,2,0,0,2,0,0,0,0,0,0,0,0,0,0,0,0,0,0,0,0,0,0,0,0,0,0,0,0,0,2,0,0,0,0,2,0,0,0,0,0,0,0,0,0,0,0,0,0,2,0,0,0,0,2,0,0,0,0,0,2,0,0,0,0,0,0,0,0,0,0,0,0,0,0,0,0,0,0,0,0,0,0,0,2,2,0,0,0,0,0,0,0,0,0,2,2,0,0,0,2,2,0,0,2,2,0,0,0,0,0,0,0,2,0,0,0,0,0,0,0,0,0,2,0,0,0,2,0,2,0,2,0,2,2,2,0,0,0,0,0,0,0,0,0,2,0,0,0,0,0,0,2,0,0,0,0,0,0,0,0,0,0,0,0,2,0,0,0,0,0,0,2,2,0,0,0,0,2,0,0,0,0,0,0,2,2,0,0,0,0,0,0,2,2,0,0,0,0,0,2,0,0,0,0,0,2,0,0,0,0,2,0,2,0,2,0,0,0,0,0,0,0,0,2,0,0,0,2,0,0,0,0,0,0,0,0,2,0,2,2,0,2,2,0,0,2,0,2,0,0,0,0,0,2,2,2,0,0,2,2,2,0,2,0,0,0,0,0,0,2,2,0,0,0,0,0,0,0,2,0,0,0,0,0,0,0,0,0,2,0,0,0,2,2,0,2,2,0,0,0,2,2,2,2,0,0,0,0,0,2,0,2,0,0,0,0,0,0,0,0,0,0,0,0,2,2,0,0,0,0,0,0,0,2,0,0,0,0,0,0,0,0,0,0,0,0,0,0,0,0,0,0,2,0,0,0,0,2,0,0,0,2,0,0,2,0,0,0,0,2,0,0,0,0,0,2,0,0,0,2,0,0,0,0,0,0,0,0,0,0,0,0,0,0,0,0,0,0,0,0,0,0,0,0,0,2,0,0,0,0,0,0,0,0,0,2,0,2,0,0,0,0,2,0,0,0,2,0,0,0,2,0,0,0,0,2,2,0,0,0,2,0,0,0,0,0,0,0,0,0,0,0,2,0,0,0,0,0,0,2,0,2,0,0,0,0,0,2,0,0,0,0,0,2,0,0,0,0,0,0,0,0,0,0,0,0,0,0,0,0,0,0,2,0,0,0,0,0,0,0,0,0,0,0,0,2,0,0,0,0,0,0,0,0,0,0,0,0,0,0,0,0,0,2,0,0,0,0,0,0,0,0,0,0,2,0,0,2,0,0,0,0,0,0,0,0,2,0,0,0,2,0,0,0,0,0,2,0,0,2,2,0,0,0,2,0,0,0,0,0,0,0,2,0,0,0,0,0,0,0,0,0,0,0,0,0,0,0,0,0,0,0,0,0,0,0,0,0,0,0,0,0,0,0,2,2,0,0,0,0,0,0,0,0,0,0,0,0,0,0,2,0,0,0,0,2,0,0,0,0,0,0,0,0,0,2,0,0,0,0,0,0,0,0,0,0,0,0,0,0,0,0,0,0,0,0,0,2,2,0,0,0,0,0,0,0,2,0,0,0,0,0,0,0,0,0,0,0,0,0,0,0,0,0,2,0,0,0,0,0,0,0,0,0,0,0,0,0,0,2,0,0,0,2,0,0,0,0,0,0,0,2,0,2,0,0,0,0,0,0,0,0,0,0,0,0,0,0,0,2,0,0,0,0,0,2,0,2,0,0,2,0,0,2,0,0,0,2,2,0,0,0,0,0,0,0,0,0,0,NA,0,2,2,2,0,2,2,0,0,2,0,NA,0,0,2,2,2,0,2,0,0,0,0,2,0,0,2,0,2,0,0,0,2,0,0,0,0,0,0,0,0,0,0,0,0,0,0,0,2,0,0,0,0,0,2,0,0,0,0,0,2,0,2,0,0,0,0,0,0,0,2,0,0,0,0,2,0,0,0,0,0,0,0,0,0,0,0,0,0,0,0,0,2,2,0,0,0,2,0,0,2,0,0,2,0,0,0,0,0,0,0,0,2,0,0,2,0,0,2,0,2,0,0,2,0,0,0,0,2,0,2,0,0,0,0,2,0,0,0,0,0,0,0,0,0,0,0,0,0,0,0,0,0,0,0,0,0,0,0,0,2,0,0,0,0,0,0,0,0,0,0,2,0,2,0,0,0,0,0,0,0,0,0,2,2,0,2,2,2,0,0,0,0,2,2,0,0,0,0,2,2,0,2,0,0,2,0,0,0,0,2,0,0,0,0,0,0,0,0,0,2,0,0,2,2,0,0,2,0,0,0,0,2,0,0,0,0,0,0,0,0,0,0,2,0,0,2,2,0,2,0,2,2,2,0,0,0,0,0,0,2,0,0,0,0,0,0,0,0,0,2,0,0,2,2,0,0,2,2,2,0,2,2,0,0,0,0,0,0,0,0,2,0,0,0,2,2,0,2,0,0,0,2,0,2,0,0,0,0,NA,0,2,NA,2,2,0,2,0,0,0,0,0,0,0,2,0,0,0,0,0,2,0,0,0,0,2,0,2,2,2,0,0,0,0,2,0,0,2,0,0,0,0,0,0,2,0,0,0,0,0,0,2,0,0,0,0,0,0,0,0,2,2,2,2,0,0,0,0,0,2,0,0,0,2,0,0,0,0,0,0,0,0,0,0,0,0,0,0,0,0,0,0,0,2,0,0,0,0,0,0,0,0,0,2,0,0,0,0,2,0,0,0,2,0,0,0,0,0,0,2,2,2,0,0,0,0,2,0,0,0,0,0,2,0,2,0,0,2,0,0,0,0,0,2,0,0,2,0,0,0,2,0,0,2,0,0,0,2,0,2,0,0,0,0,0,0,0,0,0,0,0,0,2,2,2,0,0,2,0,2,0,0,2,0,2,0,0,2,0,0,0,0,2,2,0,0,2,0,0,2,0,0,0,0,0,0,0,0,0,0,0,0,0,0,0,0,0,2,0,0,0,0,0,0,0,0,0,0,2,0,0,0,0,0,0,0,0,0,2,0,0,0,0,2,0,0,0,0,2,0,0,0,0,0,0,0,0,0,0,0,0,0,2,0,0,0,2,0,0,0,0,2,0,0,2,0,0,2,0,0,0,0,2,2,0,0,0,0,0,0,2,0,0,2,0,0,0,0,2,0,2,2,0,0,2,0,0,0,2,0,0,2,0,0,2,0,0,0,2,2,0,0,0,0,2,0,0,0,0,0,0,0,0,0,2,0,0,0,0,0,2,0,0,0,0,0,2,0,0,0,2,0,0,0,2,0,0,2,0,0,0,2,0,0,0,0,2,2,0,0,0,0,0,0,0,2,0,0,0,0,0,0,0,2,0,0,0,0,0,2,0,2,0,0,2,0,0,2,0,0,2,0,2,0,0,0,0,0,0,2,0,0,0,0,0,2,0,2,0,0,0,0,0,0,0,0,0,0,0,2,2,0,0,0,0,0,2,0,0,0,2,2,0,0,0,2,0,0,0,0,0,0,0,2,0,0,2,0,0,0,0,0,0,0,0,2,2,2,0,0,0,2,0,2,0,0,0,0,0,2,NA,0,0,2,0,0,0,0,0,0,0,0,2,0,0,0,2,2,0,0,0,0,0,0,0,0,0,0,2,2,0,0,0,0,0,0,0,2,0,0,0,0,0,2,0,0,0,0,0,0,0,2,0,2,0,2,0,0,0,0,0,0,0,0,2,2,0,0,0,2,0,2,2,2,2,0,2,2,0,0,2,0,0,0,0,0,0,0,0,0,2,0,0,0,0,0,0,0,2,0,0,0,0,0,2,0,0,0,0,0,0,0,0,0,0,0,2,0,0,0,0,2,0,2,0,0,2,0,2,0,2,0,0,0,2,0,0,0,0,0,2,0,0,0,0,2,0,0,0,2,0,2,0,0,0,2,0,2,0,2,0,0,0,0,0,0,0,0,2,2,0,0,0,2,0,0,2,0,0,0,0,0,0,0,0,0,0,0,0,0,2,2,0,2,0,2,0,0,0,0,2,2,0,0,0,0,2,0,0,0,0,0,0,0,0,0,0,0,0,0,0,2,0,0,0,0,0,0,0,0,0,0,0,0,0,0,0,0,2,2,0,0,0,0,0,0,0,0,0,0,2,0,2,0,0,0,0,0,0,0,0,0,0,0,0,0,0,0,2,0,0,2,0,0,0,0,0,0,0,0,2,0,0,2,2,2,0,2,2,0,2,0,2,0,0,0,0,0,0,0,0,0,0,2,0,0,2,NA,2,2,0,0,0,0,2,0,0,0,0,2,2,0,2,0,0,0,0,2,0,0,0,0,0,0,2,0,0,0,0,0,0,0,2,2,0,0,0,2,2,0,0,0,0,0,0,0,0,0,2,0,0,0,0,0,0,0,0,0,2,0,2,0,0,2,0,0,2,0,0,0,0,2,2,2,2,0,0,2,2,0,0,0,2,2,0,0,2,0,0,2,2,2,0,0,2,0,2,0,2,2,0,0,0,0,2,0,2,2,0,0,0,0,0,0,0,2,0,0,0,0,0,0,0,0,0,0,0,0,2,0,0,0,2,0,0,0,0,0,0,2,0,0,2,2,0,2,0,2,0,0,2,0,0,0,0,0,0,0,0,0,0,2,0,0,0,0,0,2,0,2,0,0,0,0,0,0,0,0,0,2,2,0,0,0,0,0,2,2,0,0,0,2,0,2,2,2,2,0,2,0,2,2,0,0,0,2,2,0,0,0,0,0,0,0,0,2,0,0,0,2,0,0,0,2,0,0,0,0,2,2,0,0,2,2,2,0,2,0,0,2,2,2,2,0,0,0,0,2,2,2,2,0,0,0,0,2,0,0,0,2,0,2,2,0,0,0,0,0,0,2,0,2,2,2,2,0,0,0,0,0,2,0,2,0,0,0,2,0,0,0,2,0,0,0,0,0,0,0,0,0,0,0,0,2,0,2,0,0,0,0,2,0,2,0,0,0,0,2,0,0,0,0,0,0,0,0,0,0,0,0,0,0,0,0,0,0,0,2,0,0,0,2,2,0,0,0,0,0,0,0,0,0,2,0,0,0,0,0,2,0,0,0,0,0,2,2,2,2,0,0,0,0,0,0,0,0,2,0,0,2,0,0,0,2,0,0,2,0,0,0,0,0,0,2,0,0,0,0,0,0,0,0,0,0,0,0,0,0,2,0,0,2,0,2,0,0,0,0,0,0,0,0,0,0,0,0,2,0,0,0,0,0,0,0,0,2,0,0,0,0,0,0,0,2,2,0,2,2,0,0,2,0,0,0,0,0,2,0,2,0,0,0,0,0,0,0,0,0,0,2,0,2,0,0,0,0,0,2,0,0,0,0,0,0,2,0,0,0,2,0,0,0,0,0,0,0,0,0,0,0,0,2,2,2,0,0,0,0,0,0,2,0,0,2,2,0,0,0,0,0,0,0,0,0,0,0,0,2,0,0,2,0,2,0,2,0,0,0,0,0,2,0,2,0,2,0,0,2,0,0,2,0,0,0,0,0,2,2,0,2,0,0,0,0,0,0,0,0,2,0,0,2,0,0,0,0,0,0,0,0,0,0,0,0,0,0,0,0,0,0,2,0,0,0,0,2,0,0,2,0,0,0,2,0,0,2,0,0,2,0,2,0,0,0,0,2,0,2,2,0,0,0,0,0,2,2,2,0,0,NA,2,0,0,0,0,0,0,0,0,0,0,2,0,2,0,2,0,0,0,0,0,0,0,0,0,0,0,2,0,0,0,0,NA,0,2,0,0,0,0,2,0,0,0,2,0,2,0,0,2,2,0,0,0,0,0,0,0,0,0,0,0,2,2,0,0,0,0,0,0,0,2,0,0,0,2,0,2,0,2,0,0,0,0,2,0,2,2,0,0,0,0,0,0,0,0,0,0,0,2,0,0,0,0,0,0,0,0,2,0,0,2,0,0,0,0,0,0,0,0,0,0,0,0,2,0,0,0,0,0,0,2,0,0,0,0,0,0,0,0,0,0,0,0,0,0,0,2,2,0,2,0,2,0,0,0,2,2,0,2,2,0,0,2,0,0,2,0,0,0,2,0,0,0,2,0,0,0,0,0,0,0,0,0,2,0,0,0,0,0,0,0,0,0,0,0,0,0,0,0,2,0,0,0,2,0,0,0
"CC15",0,0,0,0,0,0,0,0,0,0,2,0,0,0,2,0,0,0,0,0,2,NA,0,2,2,0,0,2,2,0,0,0,0,0,2,0,0,0,0,0,2,0,0,0,0,0,0,0,0,0,0,0,0,0,0,2,2,0,0,0,0,0,0,0,2,2,0,0,0,0,0,2,0,0,0,0,0,0,0,0,0,0,0,0,0,0,2,0,0,0,0,0,2,0,0,2,0,0,0,0,0,0,0,2,0,2,0,NA,0,0,2,0,0,0,0,0,0,0,0,2,0,0,0,2,0,2,0,2,0,0,0,0,0,0,0,0,0,0,0,0,0,0,2,2,0,0,0,2,0,2,2,0,2,0,0,0,0,2,0,0,0,0,0,0,0,0,0,0,2,0,2,0,0,0,0,0,0,0,0,0,2,0,2,0,0,0,0,2,2,2,0,0,0,0,2,0,2,2,0,0,0,2,0,0,2,0,0,2,0,0,0,0,0,0,0,0,0,0,2,0,2,0,0,0,2,0,0,0,0,0,0,0,0,0,0,0,0,2,0,0,0,0,0,0,0,2,2,0,2,0,0,0,0,0,0,0,2,2,2,0,0,0,0,0,0,0,0,2,0,2,0,0,0,0,2,0,2,2,2,0,0,0,0,2,2,0,0,0,0,0,0,0,0,0,2,0,0,2,0,0,0,0,0,0,0,0,0,2,0,0,0,0,NA,2,0,0,0,NA,0,2,0,0,NA,0,2,0,0,0,0,0,0,0,2,0,0,2,0,0,0,0,0,2,0,0,0,0,0,0,0,0,2,2,0,0,0,0,0,0,0,0,0,0,0,0,0,0,0,0,0,0,0,0,0,0,0,0,0,0,0,0,0,0,0,0,0,0,0,0,0,0,0,0,0,0,0,0,0,0,0,0,0,0,0,2,0,2,0,0,0,0,0,0,2,0,0,0,0,2,0,0,0,2,0,0,0,2,0,0,0,0,0,0,2,2,0,0,0,0,2,0,0,0,0,0,0,0,0,0,0,0,0,0,2,0,2,2,0,0,0,2,2,0,0,0,0,0,0,2,0,0,0,0,2,0,0,2,0,0,0,2,0,0,0,0,2,0,2,2,0,0,0,0,0,0,0,0,0,0,0,0,0,0,0,0,0,0,0,0,2,2,0,2,2,0,2,0,0,0,0,0,0,0,0,0,0,0,0,2,0,0,2,0,2,0,0,0,0,2,2,2,0,0,0,0,0,0,0,0,0,2,0,0,0,2,0,0,2,0,2,0,0,0,0,0,0,0,0,0,0,2,0,0,0,0,2,0,0,2,2,2,0,0,0,0,0,0,0,0,0,0,0,0,0,0,2,0,2,0,0,0,0,0,2,0,0,0,0,0,2,0,0,0,2,0,2,0,2,0,0,0,0,0,2,0,0,0,2,0,0,0,0,0,0,0,0,0,0,0,0,0,2,0,0,2,2,0,0,0,0,0,0,0,2,0,0,0,0,0,0,0,0,0,0,0,0,0,0,2,2,2,0,2,0,2,0,0,2,0,2,0,0,0,0,0,2,0,0,0,0,0,0,0,0,0,0,0,2,2,2,0,0,2,0,0,0,0,0,0,2,0,0,0,0,0,0,0,0,0,2,0,0,2,0,0,0,0,2,0,0,0,2,2,0,0,0,0,0,0,0,0,0,0,0,0,0,0,0,0,0,0,0,0,0,0,0,0,2,0,2,0,2,0,2,0,0,0,0,0,0,0,0,0,0,2,0,0,0,2,0,0,0,0,0,0,0,2,0,0,0,0,2,0,0,2,0,2,0,0,0,2,0,2,2,0,0,2,0,2,2,2,0,0,0,0,0,0,0,0,2,0,0,0,0,0,0,2,0,0,0,0,2,0,0,0,0,0,2,0,0,0,2,0,0,2,0,0,2,0,0,2,0,0,0,0,2,0,0,0,0,2,2,0,0,0,0,0,2,2,0,0,0,0,2,0,0,0,0,0,0,0,0,0,0,2,0,2,0,0,2,0,0,2,0,0,0,0,0,0,0,0,0,0,0,0,0,0,0,0,0,0,0,0,0,0,0,2,0,0,0,0,0,0,0,0,0,2,2,0,0,0,0,0,0,0,0,2,0,0,0,0,0,0,0,0,2,0,0,2,0,2,2,0,0,0,0,0,0,0,0,0,0,0,0,0,0,0,0,0,0,2,0,0,0,0,0,0,0,0,2,2,0,0,0,0,0,0,0,0,0,0,0,2,2,0,0,0,0,0,0,0,0,0,0,0,0,0,0,0,2,0,0,0,0,0,0,2,0,0,0,0,0,0,0,0,2,0,0,0,0,2,2,0,2,0,0,0,0,2,0,0,0,0,0,0,0,0,0,0,0,0,2,0,0,0,2,0,0,0,2,0,0,0,0,0,0,0,0,2,0,0,0,0,0,0,0,0,2,2,0,0,0,0,0,0,0,2,0,0,0,0,2,0,0,2,0,0,0,0,0,0,0,0,0,0,0,2,0,0,0,0,2,0,0,0,0,0,0,2,0,0,2,0,0,2,0,0,0,2,0,0,0,0,0,0,0,0,0,2,2,2,0,0,0,2,0,0,0,0,0,0,0,0,0,0,0,0,0,0,0,0,0,0,0,0,0,2,0,0,0,2,2,2,0,0,0,0,0,0,0,0,0,2,0,0,0,0,0,0,2,0,0,0,0,0,0,0,0,0,0,0,0,2,0,0,0,NA,0,0,0,2,0,0,0,0,NA,0,0,0,0,0,0,2,2,0,0,0,0,2,2,0,0,0,0,0,0,0,2,0,0,0,0,0,0,0,0,0,2,0,2,0,2,0,0,0,0,0,2,0,0,0,0,0,0,0,2,0,0,2,0,0,0,0,0,2,0,0,0,0,2,2,2,0,0,0,2,0,NA,0,0,0,0,0,2,0,2,0,0,0,0,0,0,0,2,0,0,0,0,0,0,0,0,0,0,0,0,0,0,2,2,0,0,0,2,0,0,0,2,0,0,0,0,2,0,0,0,0,0,2,0,2,0,0,0,2,0,0,0,2,0,0,0,0,0,0,0,0,0,0,0,0,0,0,2,0,0,0,0,0,0,2,2,0,0,0,2,0,2,0,0,0,2,0,0,0,2,0,0,0,0,2,0,0,0,2,0,0,0,0,0,0,0,0,0,0,0,0,0,0,0,2,0,0,2,0,0,0,0,0,0,0,0,0,0,2,0,2,0,0,0,0,2,0,0,0,2,0,0,0,0,0,0,0,0,0,0,0,0,2,0,0,0,2,0,0,0,0,0,0,2,0,0,0,0,0,0,0,0,0,2,0,0,2,0,0,0,0,0,0,0,0,2,0,2,0,0,0,0,2,0,0,0,0,0,2,0,0,0,2,2,0,0,0,0,2,2,0,0,0,0,0,2,0,0,0,0,2,0,0,0,0,0,0,2,0,0,2,0,0,0,0,0,0,0,0,0,0,2,0,0,0,0,0,0,0,0,2,0,2,0,0,2,0,2,0,0,0,0,2,0,2,0,0,0,2,2,2,0,2,0,0,0,0,2,0,0,0,0,0,0,0,2,0,0,2,0,0,2,2,0,2,0,0,2,0,0,0,2,0,0,0,2,0,2,0,0,0,0,0,2,2,0,0,0,0,0,0,0,0,0,2,0,0,0,2,2,2,0,0,0,0,2,2,0,0,0,0,0,0,2,0,0,0,0,0,0,2,2,0,0,0,0,2,2,0,0,0,0,2,0,0,0,0,0,0,0,0,0,2,0,2,0,0,2,2,0,0,2,0,0,0,0,0,0,0,0,2,0,0,0,2,2,0,2,0,0,0,0,0,0,0,0,0,0,0,0,2,0,0,2,2,0,0,0,0,2,0,0,0,0,0,0,2,2,0,2,0,0,0,0,2,0,0,0,0,2,0,0,0,0,0,2,0,2,0,0,0,0,0,0,0,0,2,0,0,0,0,2,0,0,0,2,0,0,0,0,0,0,0,0,0,2,NA,0,0,0,0,0,0,0,0,2,0,0,0,0,0,0,0,2,0,0,0,0,0,0,0,0,0,0,0,0,2,0,0,0,0,0,0,0,0,0,0,0,0,0,0,0,0,0,0,0,0,0,0,0,0,2,0,0,0,2,2,2,0,0,0,0,2,0,0,0,0,2,0,0,0,2,0,0,0,0,0,2,0,0,0,0,2,2,0,0,0,0,2,0,0,0,0,2,0,0,0,0,0,0,0,0,0,0,0,2,0,0,0,0,2,0,0,0,2,0,0,0,0,0,0,0,0,0,0,0,0,2,2,NA,0,0,0,2,2,0,0,2,0,0,0,2,0,0,0,2,2,0,0,0,0,2,0,0,0,0,2,0,2,0,0,0,2,0,0,0,0,0,0,2,0,0,0,0,2,0,0,0,0,2,0,0,0,0,0,0,0,0,0,2,0,0,2,0,0,0,0,0,0,0,2,0,2,0,2,2,2,0,0,0,2,0,0,0,0,0,2,0,0,2,0,0,0,0,0,0,0,0,0,0,0,2,0,2,0,2,0,0,0,0,2,0,0,0,0,0,0,0,0,2,2,0,0,0,0,NA,0,0,0,0,2,0,0,0,0,2,0,0,0,0,0,0,2,0,0,0,0,0,0,0,0,2,0,0,0,0,2,2,0,0,0,0,0,0,0,0,0,0,0,0,0,2,2,0,0,0,0,2,2,0,2,0,2,0,0,0,0,0,0,0,0,0,0,0,0,0,0,2,0,2,0,2,0,0,0,0,0,2,0,2,0,0,0,0,0,0,0,0,2,0,0,0,0,0,0,0,0,0,0,0,0,0,2,0,0,0,0,0,0,0,0,2,0,0,0,2,0,0,0,0,0,0,2,0,0,2,0,0,0,0,0,0,0,0,0,0,2,2,0,2,NA,0,0,0,0,0,0,0,0,0,0,0,0,2,2,0,0,0,0,0,0,0,2,2,2,0,0,0,0,0,2,2,2,0,2,0,2,2,0,0,0,0,0,0,2,0,0,2,2,0,0,2,0,2,2,0,0,0,0,0,0,2,0,2,0,2,2,2,0,2,0,0,2,0,2,0,0,0,0,2,2,2,0,0,0,0,0,0,0,2,0,2,0,0,0,0,2,0,0,0,0,2,0,0,0,0,0,0,0,2,2,2,2,0,0,0,0,0,2,0,0,0,0,0,2,0,0,2,0,0,0,0,0,0,0,2,0,0,0,0,0,0,0,0,2,0,0,0,0,0,0,0,0,0,0,0,2,0,0,0,0,0,0,0,0,0,0,2,2,2,0,2,2,0,0,0,0,2,0,0,0,2,0,0,0,0,0,0,0,0,0,0,0,0,0,0,0,0,0,0,0,0,0,2,0,0,0,0,2,0,0,2,2,0,0,0,0,0,0,0,0,0,0,0,0,2,0,0,0,0,0,0,0,0,2,0,0,0,0,0,0,0,0,0,0,0,0,0,0,0,0,0,0,0,0,2,0,0,0,0,0,0,0,2,0,0,0,0,0,0,0,0,0,0,0,0,0,0,0,0,0,0,0,2,0,0,0,0,0,0,0,0,0,0,0,0,0,2,0,0,0,0,0,0,0,0,0,0,0,0,0,2,0,2,0,0,0,0,0,0,0,0,0,2,0,2,0,0,0,0,0,0,0,0,2,NA,0,0,0,2,0,0,2,0,0,2,0,0,0,0,0,0,0,0,0,0,0,2,2,0,0,0,0,0,2,0,0,0,0,0,0,0,0,0,0,2,0,0,0,2,0,0,2,0,0,0,0,0,0,0,0,0,0,0,0,0,NA,2,0,0,0,2,2,0,2,0,2,0,0,0,0,0,0,0,0,2,0,0,0,0,0,2,0,0,0,0,0,0,2,0,0,2,2,2,0,0,0,0,0,0,0,0,0,0,2,0,2,0,0,0,0,0,2,0,0,0,0,0,0,2,0,0,0,2,0,0,0,0,0,0,0,0,2,0,0,0,0,2,2,0,0,0,0,0,0,0,0,0,2,0,0,0,0,0,0,0,0,0,0,0,0,2,0,0,0,0,0,0,0,0,0,0,0,0,0,0,2,0,0,0,0,0,0,0,0,2,0,0,0,0,0,0,0,0,2,0,0,0,0,0,0,0,0,0,2,0,2,0,0,0,2,0,0,0,0,0,2,0,0,2,0,0,0,0,0,0,0,0,0,0,0,0,2,0,2,0,0,0,0,0,0,0,0,2,0,0,0,0,0,0,0,0,0,0,0,0,0,2,0,0,0,0,0,0,0,0,0,0,0,2,0,0,0,0,2,0,0,0,0,0,0,0,0,0,0,0,0,0,0,0,0,0,0,0,0,2,2,0,0,0,0,0,2,0,0,0,0,0,0,2,2,0,0,0,0,0,0,0,2,0,2,0,2,2,0,0,0,0,2,0,2,0,0,2,0,0,2,0,2,0,0,0,0,2,0,0,0,2,0,0,0,0,2,0,0,0,2,0,0,0,0,0,0,0,0,0,2,0,0,0,0,0,0,0,2,2,0,2,0,2,0,0,0,2,0,2,2,0,0,0,0,0,0,0,0,2,0,0,0,2,2,2,0,0,2,0,0,2,0,0,0,0,0,2,0,0,0,0,0,2,0,0,0,2,0,0,0,0,0,0,0,0,0,0,0,2,0,0,0,0,0,0,2,0,2,0,0,0,0,0,0,0,0,NA,2,0,0,0,0,0,0,0,0,0,0,0,0,0,0,0,0,0,0,0,0,0,2,0,0,0,0,0,0,0,0,0,2,0,0,2,0,0,2,0,0,0,2,0,0,0,0,2,0,2,0,0,2,0,0,0,2,0,0,2,0,0,0,0,0,0,2,0,0,0,0,0,0,0,0,2,2,2,0,0,2,0,2,0,2,0,0,0,0,0,2,0,0,0,2,0,2,2,0,0,0,2,0,0,0,2,2,0,0,0,2,0,0,0,0,0,0,0,0,0,0,0,0,0,2,0,0,2,0,0,0,0,0,0,0,2,0,0,0,0,0,2,0,2,0,0,0,0,2,0,2,0,0,0,0,0,0,2,0,0,0,0,0,0,0,0,2,0,0,0,0,0,2,0,0,0,0,0,0,2,2,2,0,0,0,0,0,0,0,0,0,0,0,0,0,0,0,0,0,0,0,2,0,0,0,0,0,0,0,0,0,0,0,0,0,0,0,0,0,0,0,2,0,0,0,0,0,0,2,0,0,0,0,0,0,0,0,0,0,0,2,0,0,0,0,0,0,0,0,2,0,0,0,0,0,0,0,0,0,0,0,0,0,0,0,0,0,0,0,0,0,0,0,0,2,0,0,0,0,0,0,0,0,0,0,0,0,0,2,0,0,0,0,0,0,2,0,0,0,0,0,0,0,0,0,0,0,0,0,0,2,0,0,0,2,0,0,0,0,0,0,0,0,0,0,0,0,0,0,0,0,2,0,2,0,0,0,0,0,0,0,0,0,0,2,0,0,0,0,0,0,0,0,0,0,2,0,0,0,0,0,0,0,0,2,2,0,0,0,0,0,2,0,0,0,0,0,0,0,0,0,0,0,0,0,0,0,0,0,0,0,0,0,0,0,0,0,0,0,0,0,0,0,2,0,0,0,0,0,0,0,0,0,0,0,0,0,0,0,0,0,2,0,2,2,0,0,0,0,0,2,0,0,0,0,0,0,0,2,0,0,0,0,0,0,0,0,2,0,0,0,0,0,2,0,0,0,2,0,0,0,0,2,0,0,0,0,0,0,0,0,0,0,0,0,0,2,0,0,0,0,0,0,2,0,0,2,0,0,2,0,0,0,0,0,0,0,0,0,0,0,0,0,0,0,0,0,0,0,2,0,0,2,2,0,0,2,0,0,0,0,2,0,0,0,0,0,2,0,0,0,0,0,0,0,0,0,0,0,0,2,2,0,0,0,0,0,0,2,0,0,0,0,0,0,0,0,0,2,2,0,0,0,0,0,0,2,2,2,0,2,2,0,0,0,0,2,2,0,0,0,2,2,0,2,0,0,2,0,0,0,0,0,2,0,0,0,0,0,2,0,0,0,0,0,0,0,0,0,0,0,0,0,0,0,2,0,0,0,0,0,0,0,2,0,0,0,0,0,0,0,2,0,2,0,0,2,0,0,2,0,0,0,2,0,0,0,0,2,0,2,0,0,0,0,0,0,0,0,0,0,0,2,0,0,0,0,0,2,0,0,0,0,0,0,0,0,0,2,0,0,0,0,0,0,0,0,0,0,0,0,0,0,0,0,0,0,0,0,2,0,0,0,0,0,0,0,0,0,0,0,0,0,0,0,0,0,0,0,0,0,0,0,0,0,0,0,0,0,0,0,0,0,0,0,0,0,2,0,0,0,0,0,0,0,0,0,0,0,0,0,0,0,0,0,0,2,0,0,0,0,0,0,0,0,2,0,2,0,2,0,0,0,0,0,0,0,0,0,0,0,0,0,0,0,0,0,0,0,0,0,0,0,0,0,2,2,2,2,0,2,0,0,2,0,2,0,0,0,0,0,0,0,0,0,0,2,0,0,0,0,0,0,0,0,0,2,0,0,0,0,0,2,0,0,0,0,0,0,2,2,0,0,2,0,0,2,0,0,2,0,0,0,0,0,0,0,0,2,0,0,0,0,0,0,2,0,0,0,0,0,0,2,0,0,0,0,0,2,0,0,0,0,0,0,0,0,0,0,0,0,0,0,0,0,0,0,0,0,0,0,0,0,0,2,0,0,0,0,0,0,0,0,0,0,0,0,0,0,0,0,0,0,2,2,2,0,0,0,0,2,0,0,0,0,0,0,0,0,0,0,0,2,0,0,0,0,0,0,0,0,2,0,0,2,0,0,0,2,2,2,2,0,0,0,0,0,0,0,0,0,0,0,0,0,0,0,2,0,2,0,0,0,0,0,0,0,0,0,0,0,2,0,0,0,0,0,0,0,2,0,0,0,0,0,0,0,0,0,0,0,0,0,0,2,0,0,0,2,0,0,2,0,0,0,2,0,0,0,0,0,2,0,0,2,0,0,0,0,0,0,0,0,0,0,0,2,0,0,0,0,0,0,0,0,0,0,0,2,0,0,0,0,0,0,2,2,0,0,0,0,0,0,2,0,0,0,0,0,0,0,0,2,2,0,2,0,0,0,0,0,0,0,0,2,0,0,0,0,0,0,0,2,2,2,2,0,0,0,0,0,2,0,0,0,0,0,2,0,0,0,0,0,0,2,0,0,2,0,0,0,0,0,0,2,2,0,0,2,0,2,0,0,0,0,0,0,0,0,2,0,0,2,0,0,2,2,2,0,2,0,0,0,0,0,0,0,0,0,2,0,0,0,0,0,0,0,0,0,0,0,0,0,2,0,0,0,0,0,0,0,0,0,0,0,2,0,2,0,2,2,0,2,0,0,2,0,0,0,0,0,0,0,0,2,0,0,2,0,0,2,0,0,0,0,0,0,0,0,0,0,0,0,0,0,0,0,0,0,2,0,0,0,0,0,0,0,0,0,2,0,2,0,0,0,0,0,0,0,0,0,0,2,0,0,0,0,0,0,0,0,0,0,0,0,0,0,0,0,0,0,2,0,0,0,0,0,0,0,0,0,0,0,0,2,0,0,0,0,0,0,0,0,0,0,0,0,0,0,0,2,0,0,0,0,0,0,0,2,0,0,0,0,0,0,2,0,0,0,0,0,2,2,0,0,2,0,0,0,0,0,0,2,0,0,2,2,2,0,0,0,0,0,0,0,0,0,0,0,0,0,0,2,0,2,0,0,2,0,2,0,0,0,0,0,0,0,2,2,0,2,0,2,0,0,0,2,2,0,0,2,2,0,2,0,2,0,0,2,0,0,0,0,0,0,2,0,0,0,0,0,0,0,0,0,0,0,0,0,0,0,0,0,2,0,0,2,0,0,0,0,2,2,0,0,0,0,0,0,2,0,0,0,2,0,0,0,0,0,0,0,0,2,0,0,2,0,0,2,0,0,0,2,0,0,0,0,2,0,0,0,0,0,0,0,0,0,0,2,0,0,0,2,0,0,2,0,0,0,0,0,0,0,0,0,0,0,2,0,0,0,0,0,2,0,2,0,0,2,0,0,0,2,0,2,0,2,2,0,0,0,2,0,0,0,0,0,0,2,0,0,0,2,0,0,2,2,0,0,2,0,0,0,0,2,0,0,2,0,2,2,0,0,0,0,0,0,0,0,0,2,0,0,0,0,0,0,0,2,2,0,2,0,0,0,0,2,0,0,0,0,2,0,0,0,0,0,0,2,2,0,0,0,0,0,2,0,0,0,2,0,0,0,0,2,0,0,0,0,0,0,0,0,0,0,0,0,0,0,0,0,0,0,0,2,2,0,0,2,0,2,0,0,0,0,0,0,0,2,0,0,2,0,0,0,2,0,0,0,0,0,0,0,0,0,0,0,0,2,2,2,0,0,0,0,2,0,0,0,2,0,0,0,0,0,0,0,0,0,0,0,0,0,0,0,0,0,2,0,0,0,2,0,0,0,0,0,2,0,0,0,0,0,0,0,2,2,0,0,0,0,2,0,0,0,2,0,0,0,0,0,0,2,2,0,0,0,2,0,2,0,0,0,0,2,2,2,0,0,2,0,2,0,0,0,0,0,0,0,0,0,2,2,0,0,0,0,2,0,2,0,0,2,0,0,0,2,0,0,0,0,0,0,0,2,0,2,0,0,2,0,0,0,2,0,0,0,2,2,0,0,0,0,0,0,0,0,0,0,0,0,0,0,0,0,0,0,0,0,0,0,0,0,0,0,0,0,2,0,0,0,0,0,0,0,0,0,0,0,0,0,0,0,0,2,0,2,0,0,0,0,0,0,0,0,0,0,0,0,0,0,0,0,0,0,0,0,0,0,0,0,0,0,0,0,0,2,0,0,0,0,2,0,0,0,0,0,0,0,0,0,0,0,0,0,0,0,0,0,0,0,0,0,0,0,0,0,0,0,0,0,0,0,0,0,0,0,0,0,0,0,0,0,0,0,2,2,0,0,0,0,0,2,0,0,2,0,2,2,2,0,0,0,0,2,0,0,0,0,0,0,2,2,2,0,2,0,0,0,0,0,0,0,2,0,0,0,2,0,0,0,0,0,0,0,0,0,0,0,0,0,0,0,0,0,2,0,0,2,0,0,0,0,0,0,0,0,2,0,0,0,0,0,0,2,0,0,0,0,2,2,0,0,0,2,0,2,0,2,0,0,0,2,0,2,2,2,0,0,2,0,2,0,2,2,0,0,2,2,0,2,0,2,NA,0,0,0,2,0,0,2,2,2,0,0,0,0,0,0,0,0,2,0,0,0,0,0,0,2,2,0,2,0,0,0,0,0,2,2,0,0,0,2,0,0,0,0,0,0,2,0,0,0,0,0,2,2,2,0,2,0,0,0,0,0,0,0,0,2,0,0,0,0,0,0,2,2,0,0,0,0,0,0,0,0,0,0,0,0,0,0,0,0,NA,0,0,0,0,0,0,0,0,2,0,0,2,0,0,0,2,0,0,0,0,2,0,0,0,0,0,0,0,0,0,2,0,0,0,0,0,2,0,2,0,0,2,0,2,2,0,0,0,2,0,2,0,0,0,2,0,0,0,0,0,0,0,0,0,2,2,0,0,2,0,0,0,0,0,0,0,0,0,2,0,0,0,0,0,0,0,0,0,0,0,0,0,0,0,2,0,0,0,0,0,0,0
"CC150",0,0,0,2,0,0,0,2,0,0,0,0,0,0,0,0,0,0,0,0,0,0,2,2,0,0,0,0,0,0,0,0,0,0,0,0,0,0,0,0,0,0,0,0,0,0,0,0,0,0,0,0,0,0,0,0,0,0,0,0,0,0,0,0,2,0,0,0,0,0,0,0,2,0,0,0,2,0,0,2,0,0,0,0,0,0,0,0,0,0,0,0,0,0,0,2,0,0,0,0,0,0,0,2,0,0,2,0,0,2,0,0,2,0,0,0,0,0,0,0,0,0,0,2,2,2,2,0,0,0,0,0,0,2,0,0,0,0,2,2,0,0,0,0,0,0,0,2,0,2,0,0,0,0,0,0,0,0,0,0,0,0,0,0,0,0,0,2,2,2,2,0,2,0,0,0,0,2,0,0,0,0,2,0,0,0,2,0,0,2,0,0,0,0,0,0,0,0,0,0,0,0,0,0,0,0,0,0,0,0,0,0,2,0,0,2,0,0,2,0,2,0,0,0,0,0,0,2,0,0,2,0,0,0,0,2,0,NA,0,0,2,0,0,0,0,0,0,0,0,0,0,0,0,0,0,0,0,2,0,0,0,0,0,0,2,0,2,0,0,0,0,0,0,2,2,2,0,0,0,0,0,0,0,0,0,0,0,0,0,0,0,0,0,0,0,2,0,0,2,2,0,2,0,0,2,0,2,0,2,0,0,0,0,0,0,0,0,0,0,0,0,0,0,0,0,0,0,0,2,0,0,0,0,0,0,2,2,0,0,0,0,0,0,0,0,0,0,0,2,0,0,0,0,2,0,0,0,0,0,0,0,0,0,0,0,0,0,0,0,0,0,2,0,0,0,0,0,0,2,0,0,0,0,0,0,0,0,2,0,0,0,2,0,2,2,2,2,0,0,0,0,0,0,2,2,2,2,0,0,2,0,0,0,0,0,0,2,2,0,2,0,0,0,0,0,0,0,0,0,2,2,0,0,0,0,2,2,2,0,2,0,0,2,0,0,0,0,2,2,0,0,2,0,0,0,0,0,0,0,2,0,0,0,0,0,0,0,0,0,2,2,0,0,0,0,0,0,2,0,0,0,0,0,0,0,2,0,0,2,0,0,2,0,2,0,0,0,0,0,2,0,0,2,0,0,0,0,0,0,2,0,0,0,0,0,0,0,0,0,2,2,0,0,0,2,2,2,0,0,2,0,0,0,2,0,0,2,0,0,0,0,0,0,2,2,0,2,2,0,0,0,0,0,0,0,0,0,0,2,2,0,2,0,2,2,0,0,0,2,0,0,0,0,0,0,0,0,0,0,2,2,2,0,0,0,0,0,0,0,2,0,0,0,0,0,0,2,0,0,2,2,0,0,2,2,2,2,2,0,0,2,0,0,0,0,2,0,0,2,0,0,0,0,0,2,0,0,0,2,0,0,0,0,0,0,0,0,0,0,2,0,0,2,0,0,0,0,2,0,0,0,0,0,0,0,0,2,0,2,0,0,2,0,0,0,0,2,0,0,0,0,0,0,0,0,0,0,2,0,2,0,0,0,0,0,0,0,0,0,0,0,0,0,0,0,0,0,2,2,2,2,0,2,0,0,0,0,2,2,0,0,0,0,0,0,2,0,0,0,0,0,0,0,0,0,0,0,0,0,0,0,0,0,2,0,0,0,0,0,0,0,0,0,0,2,0,0,2,2,0,0,0,0,2,0,0,2,0,2,0,0,0,0,0,0,2,0,0,0,0,0,0,0,2,0,0,0,0,0,0,0,0,2,0,0,0,0,0,0,0,0,0,2,0,0,0,2,0,0,0,0,0,0,0,0,2,0,0,2,2,0,0,0,0,0,0,0,0,0,0,0,0,0,0,0,0,0,0,0,0,2,2,0,0,0,0,0,0,0,0,0,0,0,0,0,0,0,2,0,0,0,2,0,0,0,0,0,0,0,0,0,0,0,0,2,0,0,0,0,2,2,0,0,0,2,0,0,0,2,0,0,2,0,0,0,0,0,0,0,2,2,0,0,0,0,0,0,0,2,0,0,0,0,0,2,2,2,0,0,0,0,0,NA,0,0,0,0,0,0,2,0,2,NA,2,0,0,0,0,0,0,0,2,0,2,2,0,0,0,2,0,2,2,NA,0,2,0,0,0,0,0,0,0,0,0,0,0,0,0,0,0,0,0,2,0,0,0,0,0,0,2,0,0,0,0,0,0,0,2,0,0,0,0,0,0,0,0,0,0,0,2,2,2,2,0,0,0,0,2,0,0,2,2,2,0,0,0,0,0,2,0,2,0,0,0,0,0,0,0,0,2,0,0,0,0,0,2,0,0,0,0,0,0,0,0,0,2,0,2,0,0,0,0,0,0,0,0,0,0,2,0,0,0,0,0,0,0,0,0,0,0,0,0,0,0,0,0,0,0,0,0,2,0,0,0,0,0,2,2,0,0,2,0,0,0,0,0,2,0,0,0,0,0,0,0,0,2,0,2,0,0,0,0,0,0,0,0,0,2,2,0,2,0,0,0,0,2,0,0,0,2,0,2,0,2,0,0,0,0,0,0,2,0,2,2,0,0,0,0,0,0,0,0,0,0,2,0,0,0,2,2,0,2,0,2,0,0,0,0,2,0,NA,0,0,2,0,0,0,0,2,0,0,0,0,0,0,0,0,0,0,0,0,0,0,0,0,0,0,0,2,2,0,0,0,NA,0,0,0,0,0,2,0,0,0,0,0,0,0,0,0,0,0,0,0,2,0,0,0,0,0,0,0,0,0,0,0,0,0,2,0,0,0,0,0,0,0,0,0,2,0,0,2,2,0,2,0,2,2,0,0,0,0,0,0,0,2,2,0,0,0,0,0,0,0,2,0,0,0,0,0,0,0,0,0,0,0,0,2,0,0,0,0,0,2,0,0,0,0,0,0,2,0,2,0,0,0,0,0,0,0,0,0,0,0,0,2,0,0,0,0,0,0,0,2,NA,0,0,2,0,0,2,0,0,2,0,0,0,0,0,0,0,0,0,0,0,0,0,0,0,0,2,0,0,0,0,0,0,0,0,0,0,NA,0,0,0,2,0,0,0,0,0,2,0,0,0,2,0,0,0,2,0,0,2,0,0,0,0,2,0,0,0,0,0,0,0,0,0,0,0,0,0,0,0,0,2,0,0,0,0,0,2,0,0,0,0,0,0,0,0,0,2,2,0,2,0,0,0,0,0,0,0,0,0,0,0,2,2,2,2,2,0,0,0,0,0,0,2,0,0,0,0,0,0,2,0,0,0,2,0,0,2,0,0,2,2,0,0,2,0,2,0,0,2,0,0,2,2,0,0,0,2,0,0,0,0,2,2,0,0,2,0,2,2,0,0,0,0,2,2,0,0,0,0,0,0,0,0,0,2,0,0,0,2,0,0,0,0,0,0,0,0,0,0,2,2,0,0,0,2,0,0,2,2,2,0,2,2,0,2,2,0,0,0,0,0,0,0,0,0,0,0,0,0,2,0,2,0,0,0,0,0,0,0,0,0,0,2,2,0,0,2,0,0,0,2,0,0,0,2,0,0,0,0,2,0,0,0,0,0,0,0,0,0,0,0,2,0,0,0,0,2,0,0,0,0,2,0,0,0,0,0,0,0,2,0,0,0,0,2,0,0,NA,0,0,0,2,0,0,2,0,2,0,0,2,0,0,0,2,0,0,0,0,0,0,0,0,0,0,0,0,0,0,0,0,0,2,2,2,0,0,0,0,0,0,0,0,2,0,2,0,0,0,0,0,0,2,0,0,0,0,0,0,0,0,2,0,0,0,0,0,2,0,0,0,0,0,2,0,0,0,2,2,0,2,0,0,0,2,0,0,0,2,0,0,0,0,0,0,2,2,0,0,0,0,0,0,0,0,0,0,2,2,0,0,0,2,0,0,0,0,2,0,0,0,0,0,2,2,0,0,0,0,0,2,0,0,0,0,0,0,0,2,0,0,0,0,0,0,0,0,0,0,0,0,0,2,2,2,0,0,0,0,0,0,0,0,0,0,0,0,2,0,0,0,2,0,0,0,0,2,0,0,0,2,2,0,2,0,0,0,2,0,0,0,0,2,0,2,0,2,0,2,0,2,0,2,0,0,0,0,0,0,0,0,0,0,2,0,0,0,0,0,0,0,2,0,0,0,0,0,0,2,0,0,0,0,0,0,0,0,0,0,0,0,2,0,0,0,0,0,0,0,0,0,0,0,0,0,0,2,0,0,0,0,0,0,0,0,0,0,0,2,2,0,0,0,0,0,0,0,0,0,0,0,2,0,0,2,0,0,0,0,0,0,0,0,0,0,0,0,0,0,0,0,0,0,0,0,0,2,0,0,0,0,2,0,0,0,0,0,0,0,0,2,0,0,0,2,0,0,0,0,0,0,0,0,0,0,0,0,0,0,0,0,2,2,0,0,0,2,0,0,0,0,0,0,0,0,0,0,0,2,0,0,0,0,0,0,0,0,0,2,0,0,0,0,0,0,0,0,0,0,0,0,0,0,0,0,0,0,0,0,0,0,0,0,0,0,0,2,0,0,0,0,0,0,0,0,0,0,2,2,0,0,0,0,0,2,2,0,0,0,0,0,0,0,0,0,0,0,0,0,2,0,2,0,2,0,0,0,0,0,0,0,0,2,0,0,0,0,0,2,0,0,0,0,2,0,0,0,0,0,0,0,0,0,0,0,0,0,0,0,0,0,0,0,0,2,0,0,0,0,0,0,0,0,0,0,2,0,2,0,0,2,0,0,0,0,0,2,0,0,2,2,2,0,0,2,0,0,0,2,0,0,2,0,0,0,0,0,0,2,0,0,0,0,0,0,2,0,2,0,0,0,0,0,0,0,0,0,0,0,2,0,0,0,0,2,0,0,0,0,0,0,2,0,2,0,0,0,0,0,0,0,0,0,0,0,2,0,0,0,0,0,0,2,0,0,0,0,2,0,0,0,0,0,0,2,0,2,0,2,0,0,2,2,0,0,0,2,0,0,2,0,0,0,2,0,0,2,2,0,0,0,0,0,2,0,2,0,2,2,2,2,0,0,0,0,0,0,0,0,0,2,0,0,0,0,0,0,0,0,0,0,0,0,0,0,2,0,0,0,0,0,0,0,0,0,0,2,2,0,0,2,0,2,0,0,0,0,2,0,0,0,2,0,0,0,0,0,0,0,0,0,0,0,0,2,0,2,0,0,2,0,0,2,0,0,2,0,0,0,0,0,0,2,0,0,0,2,0,2,0,0,0,0,0,0,0,0,0,0,0,2,2,0,0,0,0,0,0,0,0,0,0,0,0,0,0,0,0,0,0,0,0,0,0,0,0,2,0,0,0,0,0,0,0,0,0,0,0,0,0,2,2,NA,0,0,0,0,0,2,0,2,0,0,0,0,0,0,0,0,0,0,0,0,2,0,2,0,0,2,0,2,2,2,2,2,0,0,0,0,0,0,2,0,2,0,0,2,0,0,0,0,0,0,0,2,2,0,0,0,2,0,0,0,2,0,0,0,0,0,2,0,2,0,2,0,0,0,0,2,2,0,0,0,2,0,0,0,0,0,0,0,2,2,0,0,2,0,2,0,2,0,0,0,0,2,0,0,2,0,2,0,0,0,0,0,0,0,2,0,0,0,0,0,0,0,0,2,0,0,0,2,0,0,2,0,0,0,0,0,0,0,2,0,0,0,0,0,0,0,0,0,0,0,0,2,2,0,0,0,0,2,0,0,0,0,2,0,0,0,0,0,0,0,0,0,0,0,0,0,0,0,0,0,2,0,2,0,0,0,2,0,0,0,0,2,0,0,0,0,0,0,0,2,0,2,0,0,0,0,0,0,0,2,2,0,0,2,0,0,0,0,0,0,0,0,0,0,0,0,2,2,0,2,2,0,0,0,0,2,2,0,0,2,0,0,2,0,0,0,0,0,0,2,2,0,2,2,0,0,2,2,0,0,2,0,2,0,0,2,0,2,0,0,2,2,2,0,2,0,2,0,2,0,2,2,2,0,0,0,0,0,0,0,2,0,2,0,0,2,0,2,0,0,0,0,0,0,0,0,0,2,0,0,0,0,0,0,2,2,2,2,0,0,0,0,0,0,0,2,0,0,0,0,0,0,2,0,2,0,0,2,0,0,0,0,0,0,0,0,2,2,0,0,2,0,0,0,0,0,0,0,0,0,0,0,0,0,0,0,0,2,2,0,0,0,0,0,0,0,0,2,0,0,0,0,0,0,0,0,0,0,0,0,0,0,2,2,0,0,0,0,0,0,0,0,0,0,0,0,0,0,0,2,0,0,0,0,0,0,0,0,0,0,0,2,2,0,0,0,0,0,0,0,2,0,0,0,0,0,2,2,2,0,0,0,0,0,0,0,0,0,0,0,0,0,0,0,2,0,0,0,2,0,0,0,0,0,2,0,0,0,0,0,0,0,0,0,0,0,0,0,0,2,0,0,0,0,2,0,0,2,0,0,0,0,0,0,0,0,2,2,0,0,0,0,2,0,0,0,2,0,0,0,2,0,0,0,0,2,0,0,0,0,0,0,0,0,0,0,0,0,2,0,0,0,0,0,0,0,0,0,2,2,2,0,0,0,0,2,0,0,0,2,0,0,2,0,2,0,2,0,0,0,2,0,0,0,2,0,0,0,2,0,0,0,2,0,0,0,0,2,0,0,0,0,2,2,0,0,0,2,0,0,0,2,0,0,0,0,0,0,0,0,0,2,0,2,0,0,0,0,0,0,0,0,0,0,0,0,0,0,0,0,2,0,0,2,0,0,0,0,0,0,2,0,2,0,0,0,NA,2,0,2,0,0,0,0,2,0,0,0,0,0,0,0,0,0,0,0,0,0,0,0,0,0,0,0,2,0,0,0,0,0,2,2,0,0,0,0,2,0,0,0,0,0,2,0,0,0,0,2,0,0,0,0,0,0,0,0,0,0,2,0,0,0,2,2,0,0,0,2,0,0,0,0,0,0,0,2,0,0,0,0,0,2,0,0,0,0,0,0,0,2,0,0,0,0,0,0,0,0,0,0,0,0,0,2,0,0,2,0,2,0,0,0,0,0,0,0,0,0,0,0,2,0,0,0,0,0,0,0,2,0,0,0,0,2,0,2,2,0,0,0,0,0,0,0,2,NA,0,0,2,0,0,0,0,2,0,0,0,0,0,2,0,0,0,0,0,0,2,0,0,0,0,0,0,2,0,2,0,0,0,0,2,0,0,2,0,0,2,0,0,0,2,0,0,0,0,0,2,2,0,0,0,0,0,0,2,2,0,0,0,0,0,0,0,0,0,0,0,0,0,0,0,0,0,0,0,0,0,0,0,0,0,0,0,0,0,0,0,0,0,2,0,0,0,0,2,0,0,0,0,2,0,0,0,0,0,0,0,0,0,0,0,0,0,2,0,2,0,0,2,2,0,0,0,0,0,0,0,0,0,0,0,2,0,0,0,0,0,2,0,0,0,0,0,2,2,0,2,0,0,0,2,0,0,0,0,0,0,0,0,0,0,0,0,0,0,0,0,0,2,0,0,0,0,2,0,0,0,0,0,0,0,0,0,0,2,0,0,0,0,0,0,0,2,0,2,0,0,2,0,0,0,0,0,0,0,0,0,0,0,0,0,0,0,0,0,0,0,0,0,0,0,0,0,0,0,0,0,0,0,2,0,0,0,0,2,0,2,0,0,2,2,0,0,0,0,2,2,0,0,0,0,0,0,2,0,0,0,0,0,0,0,2,0,0,0,0,0,0,0,2,2,0,0,2,0,0,0,0,0,0,0,0,0,0,0,0,0,0,0,0,0,0,2,0,0,0,0,0,0,2,0,0,0,0,0,0,0,0,0,0,0,0,0,0,2,0,2,2,2,0,2,2,0,0,0,0,0,0,0,0,0,0,0,0,2,2,2,0,0,0,0,2,0,2,2,NA,0,0,0,0,0,0,0,0,0,0,0,0,0,0,0,0,0,0,0,2,0,0,0,0,0,0,0,0,2,0,0,0,0,0,0,0,0,2,0,0,0,0,0,0,0,0,0,0,0,0,0,0,0,0,2,0,0,2,0,0,0,0,0,0,0,2,2,0,0,0,0,2,0,0,0,0,0,0,0,0,0,0,0,0,0,0,0,0,0,0,0,0,0,0,0,0,0,0,0,0,0,0,0,0,0,0,0,0,0,0,0,0,0,2,0,2,0,0,0,0,2,2,2,0,2,0,0,0,0,0,0,0,0,0,0,0,0,0,0,2,2,0,0,0,0,0,0,0,0,2,0,0,0,2,2,0,0,0,0,0,0,0,0,0,0,0,0,0,0,0,0,0,0,0,0,0,0,0,0,0,2,0,0,2,0,2,0,0,0,0,0,0,0,0,0,0,0,0,0,2,2,0,0,0,0,0,0,0,0,0,0,2,0,0,0,0,2,0,0,0,0,0,2,2,0,2,0,2,0,0,2,0,0,0,2,0,0,0,0,0,2,2,0,0,0,0,0,0,0,0,0,2,0,2,0,0,0,2,0,2,0,0,0,0,2,0,0,0,2,2,2,0,0,2,0,0,0,0,2,2,2,2,0,0,0,2,0,0,0,2,0,0,2,2,0,0,0,0,0,2,0,0,0,2,0,0,0,2,2,2,0,2,0,0,0,2,0,0,2,2,0,0,0,0,0,0,0,0,0,0,0,0,0,0,2,2,2,0,0,0,0,0,0,0,0,0,0,2,0,0,0,0,0,0,0,0,0,2,0,0,0,0,0,2,2,2,0,0,0,0,0,0,0,0,2,0,0,0,0,2,0,0,0,0,0,0,0,0,0,0,0,0,0,0,0,0,0,2,0,0,0,0,2,2,0,0,0,0,0,0,0,2,0,0,2,2,2,0,0,0,2,0,0,2,2,0,0,0,0,NA,0,2,0,0,0,0,0,0,0,2,0,0,0,2,2,2,0,0,2,0,2,2,2,0,0,2,0,0,0,0,0,2,2,0,0,0,0,0,2,0,2,0,0,0,2,2,0,2,2,0,0,0,0,0,0,0,0,0,0,0,0,0,0,2,2,0,0,2,0,0,0,0,2,0,2,0,0,0,0,0,0,0,0,0,0,2,0,0,0,0,0,0,0,0,0,0,0,0,0,0,0,0,2,2,0,0,0,2,0,0,0,0,0,0,0,2,0,0,0,0,0,2,0,0,0,0,2,0,0,0,0,0,0,0,0,0,0,0,2,2,0,2,0,0,0,2,0,2,0,0,0,0,0,0,0,0,0,0,0,0,2,0,0,0,0,0,0,0,0,2,0,2,2,0,0,0,2,0,0,0,0,2,0,0,0,0,0,0,2,0,2,2,0,0,2,0,0,2,0,0,0,0,2,0,0,0,0,0,0,2,2,2,0,0,0,2,0,0,0,0,0,2,0,2,0,2,2,2,0,0,2,0,0,0,0,0,2,2,0,0,0,0,2,0,2,0,0,0,0,0,0,0,0,0,0,2,0,0,0,2,0,0,0,2,2,2,0,0,0,2,2,0,0,0,0,0,0,0,0,2,2,2,0,2,0,0,2,0,0,2,0,0,0,0,2,0,2,0,0,0,0,0,0,0,0,0,0,0,0,2,2,0,0,0,0,0,0,2,0,0,0,2,0,0,0,2,2,0,0,0,0,0,0,2,0,0,0,0,0,2,0,0,0,0,0,2,2,0,0,2,0,0,0,0,0,0,0,2,0,2,2,0,2,2,0,0,0,0,0,0,0,0,0,2,2,2,0,0,0,0,2,0,0,0,0,0,0,0,2,0,0,2,0,0,0,2,0,2,0,2,0,0,0,0,0,0,2,0,2,0,2,2,0,2,0,2,2,0,0,0,0,0,0,0,0,0,2,0,2,2,2,2,0,0,NA,2,0,2,2,2,0,2,0,0,0,0,0,0,2,0,2,2,0,0,0,2,0,0,2,0,0,0,0,0,0,0,0,2,0,0,0,0,0,0,0,0,0,0,0,0,0,0,0,0,0,2,0,0,2,2,0,2,0,2,2,0,2,0,0,2,0,0,2,2,0,0,0,2,2,2,0,2,0,0,0,2,2,2,0,2,0,2,0,0,2,0,0,2,0,0,0,0,0,0,2,0,0,2,2,0,0,2,0,2,0,0,0,0,0,0,0,0,0,0,0,0,0,0,0,0,0,2,0,0,2,0,2,0,0,0,2,2,0,2,2,2,0,0,0,2,0,2,0,2,NA,2,2,0,0,0,0,2,0,0,0,0,0,0,0,0,2,0,0,0,0,0,2,2,0,2,0,2,2,0,0,2,0,0,0,0,2,0,0,0,0,0,2,0,2,0,0,2,0,0,0,0,2,0,0,0,0,0,0,0,0,0,0,0,0,0,2,2,2,0,2,2,0,2,NA,0,0,0,2,0,0,2,0,0,0,0,0,0,2,0,2,2,0,0,2,2,2,0,0,0,2,0,2,0,2,2,0,2,0,0,2,0,2,0,0,0,2,2,0,0,0,0,0,0,0,0,0,0,0,0,0,0,0,0,0,0,2,0,0,0,0,0,2,2,0,2,0,2,0,0,0,0,2,0,2,2,0,0,0,0,2,2,0,0,2,0,0,0,0,2,0,0,0,2,0,2,0,NA,0,0,0,0,0,0,0,0,0,0,0,0,2,0,0,0,2,0,0,0,0,0,2,2,2,0,0,0,2,2,0,2,NA,0,2,0,0,2,2,0,0,2,2,2,2,2,0,0,0,2,2,0,0,0,0,2,0,0,2,0,0,0,2,0,0,2,0,2,0,0,2,0,2,0,2,0,2,2,0,0,2,0,0,2,0,0,2,2,2,0,0,2,2,2,0,2,0,2,0,0,2,0,0,0,0,0,0,2,0,0,0,0,0,2,0,2,NA,0,0,0,0,0,0,0,0,0,0,2,0,0,0,0,2,0,2,2,0,0,2,0,2,0,0,0,0,2,0,0,0,0,0,0,0,0,0,0,0,0,0,2,0,0,0,0,0,0,2,2,2,2,0,2,0,0,0,2,0,0,0,0,2,0,0,2,0,2,0,0,0,2,2,0,0,0,0,2,2,2,0,0,0,0,2,2,0,2,NA,2,0,2,0,2,2,0,0,2,0,0,0,2,0,0,0,0,0,0,2,2,0,0,0,0,0,0,0,0,2,0,0,0,0,2,0,0,0,2,0,0,0,2,0,0,0,0,0,0,0,0,0,0,2,0,2,2,0,0,0,2,2,0,2,2,2,0,0,0,0,0,0,0,0,2,0,0,0,2,0,0,0,0,0,0,0,0,0,0,0,0,0,0,0,0,2,0,2,0,0,2,0,2,0,0,2,2,0,0,0,2,0,0,0,0,0,0,0,0,2,0,2,2,2,0,0,0,0,0,0,0,2,0,0,0,0,2,0,0,0,2,0,0,0,0,0,0,0,0,0,2,0,0,0,0,0,0,0,2,0,0,0,0,2,0,2,0,0,0,0,0,2,0,0,0,2,0,0,0,0,0,0,0,0,0,0,0,2,0,2,0,0,0,0,0,2,0,0,0,0,0,0,0,0,0,0,0,2,0,0,0,0,0,0,0,0,2,0,0,0,2,0,0,0,0,0,0,0,0,0,2,0,0,0,0,0,0,0,0,2,0,2,2,0,0,0,0,0,0,0,0,0,0,0,0,0,2,2,0,0,0,0,0,0,2,0,0,2,2,0,0,2,0,2,2,0,0,0,0,0,0,0,0,2,2
"CC151",0,0,0,0,NA,0,2,0,0,0,0,0,0,0,0,2,0,0,0,2,2,2,0,0,2,0,2,2,0,2,0,0,0,0,2,0,0,0,2,0,2,0,2,0,0,0,0,0,0,0,0,0,2,0,0,2,2,0,0,0,0,0,0,0,2,2,0,0,0,0,0,0,0,0,0,0,NA,0,0,0,0,0,0,0,0,0,2,0,0,0,0,0,2,0,0,2,0,2,0,0,2,2,0,0,0,2,0,0,0,2,0,0,2,0,0,2,0,0,0,2,0,0,0,2,0,2,2,0,2,0,0,0,0,0,0,2,0,0,2,2,0,0,0,0,0,0,2,0,0,2,0,0,2,0,0,2,2,0,0,0,0,0,0,2,2,0,2,2,0,0,0,2,2,0,0,2,0,2,0,2,2,0,0,0,2,0,0,0,0,2,0,2,2,0,0,2,0,2,0,0,0,0,0,0,0,0,0,2,0,0,0,0,0,0,0,0,2,0,2,0,2,0,0,0,0,2,0,2,0,0,2,0,2,2,0,0,0,0,0,0,2,0,0,0,0,0,2,0,0,0,0,0,0,2,0,0,0,0,0,NA,0,2,0,0,0,0,0,0,0,2,0,0,0,0,0,0,0,0,0,0,0,0,0,2,0,0,0,2,2,0,0,0,0,0,0,0,2,2,0,0,0,0,0,0,0,0,2,0,2,0,0,0,0,0,2,2,0,2,0,0,2,0,0,2,0,0,0,2,2,0,0,0,2,0,0,0,2,0,2,0,2,0,2,0,0,2,0,2,2,2,0,2,0,0,0,0,2,2,2,NA,2,2,2,0,0,2,0,2,0,0,2,0,0,2,2,0,2,0,2,0,0,0,0,0,2,0,0,2,2,0,0,0,0,2,2,2,2,0,0,0,0,0,2,0,2,2,2,0,0,2,0,0,0,0,0,0,2,2,0,2,2,2,0,2,2,0,0,2,0,0,0,0,2,0,0,0,0,0,0,2,0,0,0,0,0,0,0,0,0,0,0,2,0,0,0,0,2,0,0,2,0,2,2,0,0,0,0,2,0,0,0,2,0,0,0,0,0,0,0,0,0,0,0,0,0,2,0,0,2,2,0,0,0,2,0,0,2,2,0,2,0,0,2,0,0,0,0,0,2,NA,0,2,0,0,0,0,0,0,0,0,0,2,0,0,0,0,2,0,0,2,0,0,0,0,0,0,0,0,0,0,2,0,0,2,0,0,0,2,0,0,2,0,0,0,0,0,2,0,0,2,0,0,0,0,2,0,0,0,0,0,0,0,0,0,2,0,2,0,2,0,0,2,0,0,0,0,0,0,2,2,0,2,0,2,2,0,0,0,2,0,0,2,0,0,0,0,2,2,2,0,0,0,0,0,0,0,0,0,0,0,2,0,0,2,0,0,0,0,0,0,0,0,2,2,2,2,0,0,0,2,0,0,0,2,0,0,0,0,0,0,0,0,0,0,0,0,2,0,0,0,0,0,0,2,2,0,0,0,0,2,0,0,0,2,0,0,0,0,0,0,0,0,0,0,0,0,0,2,0,2,0,0,0,2,0,0,0,2,2,2,0,0,2,2,2,2,2,0,2,0,0,0,0,0,0,0,0,0,0,0,0,2,0,0,0,2,0,0,2,0,0,0,0,0,2,0,0,0,0,0,0,0,0,0,0,0,0,0,2,0,0,0,0,0,0,0,0,0,2,0,0,0,0,2,NA,0,0,0,0,0,2,0,0,2,0,0,2,0,0,0,0,0,2,0,0,0,0,0,0,0,0,0,0,2,0,0,0,0,0,0,2,0,2,2,0,NA,0,0,0,0,0,0,0,0,0,0,0,0,NA,0,0,0,0,2,0,0,0,0,2,0,2,0,0,0,0,0,2,0,0,NA,2,2,0,2,0,2,0,2,0,0,2,2,2,0,2,2,0,0,0,2,2,0,0,0,0,0,0,2,0,0,0,0,0,2,0,0,0,0,0,2,2,2,0,0,0,2,0,0,0,0,2,0,0,0,0,0,2,0,0,0,2,0,0,0,0,0,0,2,0,0,0,0,0,0,0,2,0,2,0,0,2,2,2,2,0,0,0,2,0,0,0,2,0,0,0,0,0,0,0,0,0,0,0,0,0,0,0,0,0,0,0,0,2,0,0,0,2,0,0,0,2,0,2,0,0,0,2,0,0,0,2,0,2,2,2,0,0,2,0,0,2,0,0,0,2,0,0,0,0,0,2,2,2,0,2,0,0,0,0,0,2,0,0,2,0,0,0,0,2,0,0,0,0,0,0,0,0,2,0,0,0,0,0,0,0,0,0,0,0,0,0,0,0,0,0,0,0,0,0,2,0,0,2,0,0,0,0,0,2,0,0,2,0,2,0,0,0,2,0,2,0,0,2,2,0,0,0,0,0,0,0,2,2,0,0,0,0,0,0,0,0,0,0,0,0,0,2,2,0,0,0,2,0,0,0,0,0,0,2,2,0,0,2,0,0,0,0,0,0,0,0,0,0,0,0,0,2,0,0,2,0,0,2,0,2,0,0,0,0,0,0,0,0,0,0,0,0,0,0,0,0,2,0,2,0,0,0,0,0,0,0,0,0,0,2,0,0,0,0,0,0,2,0,0,0,0,0,2,0,0,0,0,0,0,0,0,0,0,0,0,2,0,2,0,0,0,2,0,0,2,0,2,0,0,2,0,0,0,2,0,0,0,2,0,2,0,0,0,0,0,0,0,0,2,0,0,0,0,0,NA,2,0,0,0,2,2,0,2,2,2,0,0,2,0,0,0,0,2,0,2,0,0,0,2,0,2,2,0,0,0,0,0,0,0,0,0,0,0,0,0,0,0,0,0,0,0,0,2,0,2,0,0,2,0,0,0,2,0,0,2,0,2,2,2,0,2,0,2,0,2,0,0,0,0,0,0,2,0,0,0,0,0,0,0,2,0,0,0,0,0,0,0,0,0,0,0,0,0,0,0,0,0,2,0,0,0,2,0,0,0,2,0,0,0,0,2,0,0,0,2,0,0,0,0,0,0,0,0,2,2,0,0,0,0,0,0,0,0,2,0,0,0,0,0,2,0,0,0,0,0,0,2,0,0,2,0,0,2,0,0,0,0,0,0,0,0,0,0,0,0,0,0,0,0,0,0,0,0,2,0,0,0,0,0,0,0,0,0,2,2,0,0,0,0,0,0,0,0,0,0,0,0,0,0,0,0,0,0,0,0,0,0,2,2,0,0,2,0,NA,0,0,0,0,0,0,0,0,0,2,2,0,0,0,0,2,0,0,0,0,2,0,0,0,0,0,2,0,0,0,0,0,0,0,0,0,0,0,0,2,0,0,0,0,0,0,0,0,2,0,0,0,0,2,0,2,2,0,0,0,0,0,0,2,0,0,2,0,0,0,0,0,2,2,0,0,0,2,0,0,2,2,0,0,2,0,0,0,0,0,2,0,2,2,0,0,0,0,0,0,2,0,0,2,0,0,0,2,0,0,0,0,0,0,0,0,0,0,0,0,0,0,0,2,2,0,0,2,2,0,0,0,0,2,0,0,0,0,0,0,0,0,0,0,2,0,0,0,0,0,2,0,0,0,2,0,0,0,0,0,0,0,2,2,2,0,0,0,0,0,0,0,0,0,2,0,0,0,0,0,2,0,0,0,2,0,0,0,0,0,0,2,2,0,0,0,0,0,0,2,0,0,0,0,0,0,0,0,0,0,0,2,2,2,0,0,0,0,0,0,0,0,0,0,0,0,2,0,0,0,0,2,0,0,0,0,2,0,0,0,0,0,0,0,2,0,0,0,2,0,0,0,0,2,0,0,0,2,0,0,0,0,0,0,0,0,2,0,0,0,0,0,0,0,2,2,2,0,0,2,2,0,2,2,0,0,0,0,0,0,0,0,2,2,2,0,0,0,0,0,0,0,0,2,2,2,2,0,0,0,0,0,2,0,2,2,2,2,0,0,0,0,0,2,2,0,0,2,0,0,0,0,0,0,2,2,0,0,0,0,0,0,0,0,0,0,0,0,0,2,0,0,0,0,2,0,0,0,2,NA,0,0,0,0,0,0,0,0,0,2,0,0,0,2,2,0,0,0,0,0,0,0,0,0,0,0,0,0,0,0,0,2,0,0,2,2,0,0,0,0,0,0,0,2,0,2,0,0,0,0,0,2,0,0,0,0,0,0,0,2,0,0,0,0,0,0,0,0,0,0,0,0,0,0,0,0,0,2,0,0,2,2,2,0,0,0,0,0,0,0,0,0,2,2,2,2,0,2,0,0,0,0,0,0,0,0,2,0,0,0,0,0,0,2,0,2,0,0,0,0,0,0,0,0,2,2,2,0,0,2,0,0,0,2,0,2,2,2,0,0,0,0,0,0,0,0,0,2,0,2,0,0,2,0,0,0,2,0,0,0,0,0,2,0,0,0,0,2,0,0,0,0,0,0,0,0,0,0,0,0,0,0,0,0,0,0,0,0,0,0,0,0,0,0,0,0,0,0,0,2,0,0,2,0,0,0,0,2,0,0,0,0,0,0,0,0,0,0,2,0,0,2,0,0,0,0,0,0,0,0,0,0,2,0,0,0,0,2,0,0,0,0,0,0,0,2,0,0,0,0,0,0,0,2,0,0,0,0,0,0,0,0,0,0,0,0,0,0,0,0,0,2,0,0,0,0,0,0,0,0,0,0,0,0,0,0,0,2,0,0,0,0,0,0,0,0,0,0,0,0,2,0,0,0,2,2,0,2,0,2,0,0,2,2,2,0,0,0,0,0,0,0,2,0,0,0,0,0,0,0,0,0,0,0,0,2,2,2,2,2,2,0,2,0,2,2,2,0,0,0,0,0,0,0,0,0,2,0,0,0,0,0,0,2,2,0,0,0,0,0,0,0,0,0,0,0,2,2,0,0,2,0,2,0,0,0,0,0,2,0,0,0,2,0,0,2,2,0,0,0,0,2,2,0,0,0,0,0,0,2,2,0,0,0,0,2,0,0,0,0,0,0,2,0,2,0,2,0,0,0,0,0,0,0,0,0,2,0,0,0,0,0,0,0,2,0,2,0,0,0,0,0,0,0,0,0,0,0,0,0,2,0,0,0,0,0,0,2,0,0,0,0,2,0,0,0,0,0,0,0,0,2,0,0,0,0,0,0,0,0,2,0,0,0,0,0,0,0,0,0,0,2,0,0,0,2,0,0,2,0,2,0,0,0,2,0,0,0,0,0,0,0,2,0,0,0,0,0,0,0,0,0,0,2,0,2,0,0,0,0,2,0,0,2,0,0,0,0,0,0,0,0,0,0,0,0,0,2,0,0,0,0,0,0,0,0,0,0,2,0,0,0,0,0,NA,2,0,0,2,2,0,0,0,0,0,0,0,0,0,0,0,2,0,0,0,0,0,0,0,0,2,2,0,0,0,0,0,0,0,0,0,2,0,0,0,2,0,0,0,0,0,0,0,0,2,NA,0,0,0,2,0,0,0,0,0,0,0,0,0,0,2,2,0,0,0,0,0,0,0,0,0,0,0,0,0,0,0,0,0,2,0,2,0,0,0,0,2,0,0,0,0,2,0,2,0,2,0,0,0,0,0,0,0,2,0,0,0,2,0,2,0,0,0,2,0,0,0,0,0,2,0,0,0,0,0,0,0,0,0,0,2,0,0,0,0,0,0,0,2,0,0,2,0,0,0,0,0,0,0,2,0,0,0,0,2,0,0,0,2,0,2,0,0,0,0,0,0,0,0,0,0,0,0,0,0,2,0,0,2,0,0,2,0,0,0,0,0,2,0,2,0,0,0,0,0,0,0,0,0,0,2,2,0,0,2,0,0,0,0,0,0,0,0,2,2,0,0,0,2,0,0,0,2,2,2,2,2,0,2,0,0,0,0,0,2,0,0,0,0,0,0,0,0,0,0,0,0,2,0,2,0,2,2,0,0,0,0,0,0,0,0,0,0,2,2,0,0,0,0,0,2,0,2,0,2,0,2,0,2,0,0,2,0,2,0,0,0,0,0,0,2,2,0,0,0,0,2,2,0,0,0,0,0,0,2,0,0,0,0,0,0,0,0,0,0,0,0,0,0,0,0,0,0,0,0,0,0,0,0,0,0,0,0,2,0,0,2,0,0,0,2,0,2,0,0,0,2,0,0,0,0,0,0,0,0,0,0,2,0,0,0,2,0,0,0,0,2,0,0,2,0,0,2,0,2,0,2,2,0,0,0,2,0,0,0,0,0,0,2,0,2,2,0,2,0,0,0,2,0,0,0,0,0,0,0,0,0,2,0,0,0,2,2,0,2,2,0,0,2,2,2,2,2,0,0,0,0,0,2,0,0,0,0,0,0,0,2,2,0,0,0,0,0,2,2,0,0,0,0,0,0,0,0,0,0,0,0,0,0,0,2,0,0,0,0,0,0,0,0,2,0,2,2,2,2,0,0,2,2,2,0,0,2,2,2,2,0,0,2,0,2,0,0,0,2,2,0,0,0,0,0,0,0,0,0,0,0,0,0,0,2,0,0,2,0,2,0,0,0,2,0,2,0,0,2,0,0,0,0,0,0,2,0,0,0,0,0,0,0,2,0,0,0,2,2,0,2,2,2,0,0,0,0,0,0,0,0,0,0,0,0,0,0,0,0,0,0,0,0,0,0,0,0,2,0,2,0,0,0,0,0,2,0,2,0,0,2,2,0,2,0,0,0,0,0,2,0,0,0,0,0,0,0,0,0,0,2,0,0,0,0,0,0,0,0,0,0,0,0,0,0,0,0,0,0,2,0,2,0,0,0,0,0,0,0,0,2,0,0,0,0,0,0,2,0,0,2,0,0,0,2,2,0,0,0,0,0,0,2,0,2,0,0,0,0,2,2,2,0,0,0,2,0,0,0,0,0,0,2,0,2,0,0,2,0,0,0,0,0,2,2,0,0,0,2,0,0,2,0,0,2,2,0,0,0,0,0,0,0,0,0,2,0,0,2,0,0,0,0,0,0,0,0,0,2,0,0,0,0,0,0,2,0,2,2,0,0,2,2,0,2,0,0,0,0,0,0,2,2,2,0,0,2,0,0,2,2,0,0,0,0,0,2,0,0,0,0,0,2,2,0,2,0,2,2,0,2,2,2,0,2,0,2,0,0,2,2,0,0,0,0,2,0,2,2,2,2,0,0,0,0,0,0,0,2,0,0,2,0,2,0,2,0,0,0,0,0,0,0,2,0,0,2,0,0,0,0,0,2,0,0,0,2,2,0,0,0,0,0,0,2,2,2,0,0,0,0,0,0,0,0,0,0,0,0,0,0,0,0,0,0,0,0,0,0,0,0,0,0,0,0,0,0,0,0,2,0,0,2,0,2,0,0,0,0,0,0,0,0,0,0,2,0,2,0,2,0,0,0,2,2,0,0,0,2,0,2,0,0,0,0,2,0,0,2,0,0,0,2,0,2,0,2,2,2,0,2,0,0,2,0,2,2,0,2,0,2,0,0,0,0,0,0,0,0,2,0,0,2,2,0,2,0,0,2,0,0,2,0,NA,2,0,0,0,0,0,2,0,0,2,2,0,NA,2,2,0,2,0,2,0,2,2,0,0,0,0,0,0,0,0,2,0,0,0,0,0,0,2,0,0,0,0,2,0,0,0,0,2,0,0,0,0,0,0,2,0,0,2,0,2,0,0,0,0,0,0,0,0,0,0,0,0,2,0,0,0,0,0,0,0,0,0,2,0,0,2,0,2,2,0,0,0,0,0,0,0,2,0,0,0,0,2,2,2,0,0,2,0,0,2,0,0,0,0,0,2,2,0,2,2,2,0,0,0,2,0,2,0,0,2,2,2,0,0,0,2,2,0,2,2,0,0,2,2,2,0,2,0,2,2,0,2,0,0,0,0,0,2,0,2,0,2,2,0,0,2,2,2,2,0,2,2,2,2,2,0,2,0,2,0,0,0,0,0,0,2,0,2,0,2,0,2,2,0,0,2,2,2,0,0,2,0,0,0,2,0,2,0,0,2,0,2,2,0,2,0,0,2,0,0,0,2,0,2,0,0,0,0,0,0,2,0,2,2,0,2,0,0,0,0,0,0,2,2,0,0,0,0,0,2,0,0,0,2,2,0,0,2,0,0,0,0,2,2,2,2,2,2,2,2,0,0,0,2,0,0,0,0,0,0,2,0,0,0,0,2,2,0,0,0,2,0,0,0,0,NA,0,2,2,0,0,0,0,0,0,0,0,0,0,0,0,0,2,2,0,0,2,0,0,0,0,2,0,0,0,2,2,0,2,2,0,2,0,0,0,0,0,0,0,0,2,2,0,0,0,0,2,0,0,0,0,0,0,2,0,0,2,0,0,2,0,2,0,2,2,2,0,2,0,0,0,0,0,0,2,2,0,2,0,2,0,0,2,0,2,0,2,0,0,2,0,0,2,0,0,0,2,0,2,0,2,0,0,2,0,2,0,2,0,0,0,0,0,0,0,0,2,2,0,0,0,2,2,0,0,0,0,0,0,2,0,0,2,0,0,2,0,0,0,0,0,0,2,0,0,0,2,0,0,0,0,0,0,0,0,2,0,0,0,0,0,2,0,0,0,0,0,0,0,2,0,2,0,2,0,0,0,0,2,0,0,2,0,0,0,2,0,0,0,0,0,0,2,0,2,0,0,2,0,2,0,2,0,0,0,0,0,0,2,2,2,0,0,0,0,0,0,2,0,0,0,0,0,0,0,0,0,0,0,0,0,0,0,0,0,0,2,0,0,0,0,2,NA,0,0,0,2,0,0,0,0,0,0,0,0,2,2,0,0,0,0,0,0,0,2,0,0,0,0,0,0,0,0,0,0,0,0,2,0,0,2,0,2,0,2,0,0,0,0,0,0,0,0,2,0,0,0,0,0,0,0,0,2,0,2,0,0,0,0,0,0,0,0,0,0,0,0,0,0,0,0,2,0,0,0,0,2,2,0,2,0,0,0,0,0,0,0,0,2,2,0,0,0,0,0,0,0,0,0,0,0,0,0,0,0,0,0,0,0,0,0,0,2,0,0,0,0,0,0,0,0,0,2,0,0,2,2,2,0,0,0,2,2,0,2,0,0,0,0,0,0,2,0,0,0,2,0,0,0,0,0,2,2,0,0,0,0,0,0,2,0,0,0,0,0,2,0,2,0,0,0,2,0,0,0,2,0,0,0,0,0,0,0,0,0,0,0,0,0,0,0,0,2,0,0,0,2,0,0,0,0,0,0,0,0,0,0,2,0,0,0,0,0,0,0,0,0,0,0,0,0,0,0,2,2,0,0,0,2,0,0,0,0,0,2,2,0,2,0,2,0,0,0,2,0,0,0,0,0,0,0,0,0,0,0,0,0,0,0,0,0,0,0,0,2,0,0,0,0,2,0,2,2,0,0,0,2,0,2,2,2,2,0,0,2,2,0,0,0,0,0,2,NA,0,2,0,2,2,0,0,0,0,2,0,0,0,0,0,0,0,0,0,2,0,0,0,0,0,0,2,2,0,0,0,0,0,0,0,0,2,0,0,0,0,0,0,0,0,0,2,0,2,2,0,0,0,0,0,2,2,2,0,0,0,0,0,0,0,0,0,0,0,0,2,2,2,2,0,0,0,0,0,0,0,0,0,2,0,2,0,2,0,0,0,0,0,0,0,0,2,2,0,0,0,0,0,2,0,0,0,0,0,0,0,0,0,0,0,0,0,2,0,2,0,0,0,0,0,0,0,0,0,0,0,0,0,2,0,0,0,0,0,0,2,2,0,2,2,2,0,0,0,0,2,0,0,0,0,0,2,0,0,0,0,0,0,2,0,0,2,2,0,0,0,0,0,0,2,0,0,2,2,0,0,2,0,2,0,2,0,0,0,0,0,0,0,2,2,0,0,0,2,2,2,0,0,0,0,0,0,0,0,0,0,0,0,0,0,0,2,2,0,0,0,0,0,0,2,0,0,2,0,0,0,0,0,2,0,0,2,0,0,0,0,0,0,0,2,2,2,2,2,0,2,0,0,0,0,0,0,0,0,0,2,0,0,0,0,0,2,2,0,0,2,0,0,0,2,2,0,0,0,0,0,0,0,0,0,2,2,0,0,2,0,0,2,0,2,2,0,0,2,0,0,2,0,0,2,0,0,0,2,0,0,2,0,0,0,0,0,0,2,2,0,0,2,0,0,0,0,0,0,0,0,0,0,0,0,0,0,0,0,0,0,2,0,0,0,0,0,0,0,0,0,2,0,0,2,0,0,0,0,0,0,0,0,2,0,2,0,0,2,0,0,2,0,0,2,0,0,0,0,0,0,0,0,2,0,0,0,0,2,2,0,0,0,0,0,2,0,0,0,0,2,0,0,0,0,0,0,0,0,2,2,0,0,0,0,0,0,2,0,0,0,2,2,0,2,0,0,0,0,0,0,2,0,2,0,0,0,0,2,0,0,0,2,0,0,0,0,2,2,0,2,0,0,0,0,0,0,NA,0,0,0,0,2,0,0,2,0,0,0,2,0,0,0,0,0,0,2,2,0,2,2,2,0,0,0,0,0,0,2,2,0,0,0,0,0,0,0,0,0,2,0,2,0,0,0,0,0,0,0,0,0,2,2,0,0,0,2,2,0,0,0,0,2,0,0,0,0,0,2,0,0,0,0,0,2,0,0,0,0,0,0,2,0,2,0,0,0,0,0,2,0,0,2,0,0,2,0,0,2,2,0,0,2,2,0,2,2,0,0,2,0,2,0,2,0,0,0,0,0,0,0,0,0,0,2,0,2,0,0,2,0,2,2,0,0,0,2,0,0,0,0,2,2,0,2,0,0,2,2,0,0,0,2,0,0,0,0,0,0,2,2,0,2,2,0,0,2,0,2,2,0,0,0,2,0,0,2,0,0,2,0,0,0,NA,0,0,0,0,2,0,0,2,0,2,0,0,2,0,0,2,2,0,0,0,0,0,0,0,0,0,0,0,0,0,0,0,0,0,0,0,2,0,0,0,0,0,0,0,0,2,2,2,2,2,0,2,0,0,0,0,0,2,0,0,0,0,0,0,2,2,0,0,0,0,0,2,0,2,0,0,2,0,0,0,0,0,0,0,0,0,0,0,0,0,0,0,0,0,0,0,2,2,0,0,0,0,0,0,2,0,0,0,0,0,0,2,0,0,0,2,2,0,NA,0,2,0,2,0,2,0,0,0,0,0,0,2,0,0,0,2,0,0,0,0,0,0,0,0,0,2,0,2,0,2,2,0,2,0,0,2,0,0,2,0,2,0,0,0,2,0,0,0,0,2,2,0,2,0,0,0,2,0,0,0,0,0,2,0,0,0,0,0,0,2,0,0,0,0,2,0,0,0,0,2,0,0,0,2,2,0,0,0,0,0,0,2,0,0,0,0,0,0,0,0,2,0,2,0,0,0,0,0,0,0,2,2,0,0,2,0,0,0,0,0,0,0,0,0,0,0,2,2,0,0,NA,0,0,0,0,0,0,0,0,2,2,0,0,0,0,0,0,0,0,2,0,2,0,2,0,0,0,0,0,2,0,0,0,0,0,0,0,2,0,0,0,0,0,2,0,0,0,2,0,0,2,0,0,0,2,0,2,0,2,0,2,0,2,0,0,2,0,0,0,0,0,0,2,0,0,0,0,0,2,0,0,2,0,0,0,0,0,0,0,0,2,0,0,0,0,0,0,0,0,0,0,0,2,0,0,0,0,0,0,2,2,2,0,2,0,0,0,0,0
"CC153",0,0,0,0,0,0,0,2,0,0,0,0,0,0,0,0,0,0,0,0,2,0,2,0,0,0,0,0,0,2,0,0,0,0,0,0,2,0,0,0,0,2,0,2,NA,2,0,0,0,0,2,0,0,0,0,0,0,0,2,2,0,0,2,2,0,0,2,0,0,0,2,0,2,0,0,0,0,0,0,2,0,2,0,0,0,0,2,2,0,0,0,0,0,0,0,0,0,0,0,0,2,0,0,2,2,2,2,0,0,0,0,0,0,0,0,0,0,0,0,2,0,0,0,0,0,0,0,0,0,0,0,0,0,0,0,0,0,0,2,0,0,0,0,0,0,0,2,0,0,0,0,0,0,0,0,0,2,0,0,0,0,0,2,0,0,2,2,0,0,0,0,0,2,0,0,2,0,0,0,2,0,0,0,2,0,2,0,0,0,0,2,2,0,0,0,0,0,2,0,0,0,0,0,0,0,0,0,0,0,0,0,2,0,0,0,0,2,0,2,0,2,2,2,0,0,0,0,2,0,2,0,0,0,2,0,0,0,0,0,0,2,0,0,0,0,0,0,2,0,0,0,0,0,0,0,0,0,0,0,0,0,0,2,0,2,0,2,0,0,0,NA,2,2,2,0,0,0,0,0,0,0,0,0,0,0,0,2,0,0,0,0,0,0,0,0,0,0,0,0,0,2,0,0,2,0,0,0,2,0,0,0,2,0,0,0,2,0,2,0,0,2,0,0,0,0,0,0,0,0,0,0,2,0,0,0,0,0,0,2,0,0,2,0,0,2,2,2,0,0,2,0,0,0,0,0,0,0,2,2,NA,2,2,0,0,0,0,0,2,0,2,2,0,NA,0,2,0,0,0,0,2,0,0,0,0,0,0,2,2,2,0,0,0,2,0,0,0,0,0,0,0,0,0,2,2,0,2,0,2,0,0,2,0,0,0,2,0,0,0,0,0,0,0,0,2,0,0,0,0,0,2,0,2,0,0,0,0,0,0,0,0,0,0,0,0,0,2,0,2,0,0,0,0,0,0,2,0,0,2,0,0,0,0,0,0,2,2,0,0,0,0,2,0,0,2,0,2,0,0,2,0,0,0,0,0,0,2,0,0,2,2,0,0,0,0,0,0,2,0,0,0,0,0,2,0,0,0,0,0,0,0,0,0,0,0,0,0,0,0,0,2,2,0,0,0,2,2,2,0,0,0,0,0,0,0,0,0,0,0,0,0,0,0,0,0,0,0,0,0,0,0,0,0,0,2,0,0,0,0,2,0,0,0,0,2,0,0,2,0,0,0,0,0,0,0,0,0,2,0,2,0,2,0,2,0,0,0,0,0,0,2,0,0,0,0,0,0,2,2,0,0,0,2,0,2,2,2,2,2,2,0,2,0,0,0,0,0,2,2,0,0,0,0,0,0,0,0,0,0,2,0,0,0,0,0,0,0,0,0,0,0,0,0,0,0,0,0,0,0,2,0,0,2,0,0,0,0,0,2,2,2,2,0,0,0,0,0,0,0,0,2,0,0,0,0,0,0,0,0,0,0,0,0,0,0,0,0,0,0,0,0,2,0,0,0,0,0,0,0,0,0,0,0,0,0,0,0,0,0,0,2,0,0,0,0,0,2,0,2,0,0,0,0,0,0,0,0,0,0,0,0,0,0,0,0,0,0,0,0,0,2,0,0,0,0,0,0,0,2,0,0,0,0,0,2,2,0,0,0,2,0,0,0,0,0,0,2,0,0,2,0,2,0,0,0,2,0,2,0,2,0,0,2,2,0,0,0,0,2,2,0,0,0,0,0,0,0,0,0,0,0,0,0,0,0,0,0,0,2,0,0,0,0,0,0,0,0,0,0,0,0,0,0,2,2,0,0,0,0,0,2,2,0,0,2,0,0,0,0,0,2,0,0,0,2,2,0,0,0,0,0,2,2,0,0,0,0,0,0,0,2,0,0,0,0,2,0,0,2,0,0,0,0,0,0,0,0,0,0,0,0,0,0,0,0,2,2,0,0,0,0,0,0,0,0,0,0,0,0,2,0,0,0,2,0,0,0,0,0,0,0,2,0,0,0,0,0,0,0,2,0,0,0,0,0,0,0,0,0,0,0,0,0,0,0,2,0,0,0,0,0,2,0,0,0,0,0,0,0,2,0,2,2,0,0,0,0,2,0,2,0,0,0,2,0,0,0,0,0,0,2,0,0,0,0,0,0,0,0,2,2,0,0,0,0,2,2,0,0,0,2,0,0,0,0,0,0,0,0,0,0,0,0,0,0,0,0,0,0,0,2,0,0,0,0,0,0,0,2,0,0,0,0,0,0,2,0,0,0,2,0,0,0,2,0,0,0,0,0,0,0,0,0,0,0,0,0,0,0,0,0,0,0,0,0,2,2,0,0,2,0,0,0,0,0,0,0,0,2,0,0,2,0,0,0,0,2,0,0,2,0,2,0,0,0,0,2,2,0,0,0,0,0,2,0,0,2,0,0,0,0,0,0,0,0,0,0,0,2,2,2,2,2,0,0,0,0,2,2,0,2,0,0,0,0,0,0,0,0,0,0,2,0,0,0,0,2,0,0,0,0,0,2,2,2,2,0,0,0,2,2,0,0,0,0,0,0,0,0,0,2,2,2,0,0,0,2,0,0,0,0,0,0,0,0,2,0,2,2,0,0,2,2,0,0,0,0,0,0,0,0,0,2,0,0,0,0,0,0,0,0,0,0,0,0,2,0,0,0,2,0,0,0,0,0,0,0,0,0,0,0,0,0,0,0,0,0,0,2,0,2,0,0,0,0,0,0,0,0,0,0,0,0,0,0,0,0,0,0,0,0,0,0,0,0,0,0,0,0,0,0,0,0,0,0,0,0,2,0,0,0,2,0,0,0,0,0,0,0,2,2,0,2,2,0,0,0,0,0,0,0,0,0,0,0,0,2,0,0,0,0,0,0,0,0,2,0,0,0,0,0,0,0,2,0,0,0,0,0,0,2,0,0,0,2,2,0,0,0,0,2,0,0,0,0,2,0,0,0,0,2,2,2,0,0,0,0,0,0,0,0,2,2,0,0,0,0,0,0,0,2,2,2,2,2,0,0,0,0,2,0,0,0,0,0,0,0,2,0,0,0,0,0,0,0,0,0,0,0,0,0,0,0,0,0,2,0,0,0,0,0,0,0,0,0,0,0,0,0,0,0,0,0,2,0,2,0,0,0,0,0,0,0,0,0,0,2,0,0,2,0,2,0,0,0,2,0,0,0,0,0,0,0,0,0,0,0,0,0,2,2,0,0,0,0,2,0,0,0,0,0,0,2,0,0,2,2,0,0,0,0,0,0,0,0,0,2,2,0,0,0,0,2,0,0,0,0,0,0,0,0,0,0,0,0,0,0,0,2,2,0,0,0,0,0,2,0,0,0,0,2,0,0,0,0,0,2,2,2,0,0,2,0,0,0,0,0,2,0,0,2,0,0,0,0,0,0,0,2,2,0,0,0,0,0,0,0,0,0,0,2,2,2,0,0,0,0,0,0,0,2,0,0,0,2,0,2,0,2,0,0,0,0,2,0,0,2,0,0,0,0,0,0,2,2,0,0,0,0,0,2,0,0,0,2,0,2,2,2,2,0,0,2,2,0,0,0,0,2,0,2,0,0,0,0,0,0,0,2,0,2,0,0,0,0,0,0,2,0,0,0,0,0,0,0,0,0,0,2,0,0,0,2,0,0,0,0,0,0,0,0,0,0,0,0,0,2,0,2,0,0,0,2,0,0,0,2,0,0,0,0,2,0,0,0,0,0,0,0,0,2,0,0,0,0,0,NA,0,0,2,0,0,0,2,0,0,0,2,0,0,0,2,0,2,2,0,0,0,2,0,0,0,0,0,2,0,2,0,0,0,2,2,0,0,0,0,0,2,0,0,0,0,2,2,NA,0,2,0,0,0,0,0,0,2,0,0,2,0,0,0,0,0,0,0,0,0,0,0,0,0,0,0,0,0,2,0,0,2,0,0,0,0,0,0,0,2,0,0,0,0,0,0,0,2,2,0,0,0,0,0,0,0,0,0,2,2,0,0,0,0,2,0,0,0,0,0,0,0,0,0,0,0,0,0,2,0,0,0,2,0,0,0,0,0,2,0,2,0,0,0,0,0,0,0,2,0,0,0,0,0,0,0,0,0,0,0,0,0,0,0,0,0,0,0,2,0,0,0,0,2,0,0,0,0,0,0,0,0,0,2,0,0,0,0,0,0,0,2,0,0,0,0,2,0,0,0,0,0,0,0,0,0,0,0,2,0,0,2,2,0,0,2,0,0,2,0,0,0,0,0,0,0,2,0,0,0,0,0,0,2,2,0,0,0,2,0,0,0,0,2,0,0,0,0,0,0,0,2,0,0,0,0,0,0,0,0,0,0,0,0,0,0,0,0,0,0,0,0,0,2,0,0,0,0,0,0,2,2,0,0,0,0,0,0,0,0,2,0,0,0,2,2,0,0,0,2,0,0,0,0,0,0,0,0,0,0,0,0,0,2,0,0,2,0,2,0,0,2,2,0,0,0,2,0,0,0,0,0,0,0,2,2,0,0,0,0,0,0,0,0,0,0,0,0,2,0,0,2,0,0,0,0,0,2,0,0,2,0,0,0,0,0,0,0,2,0,0,0,0,0,0,2,0,0,0,0,0,2,0,2,0,0,0,0,2,0,0,2,0,2,2,0,2,2,2,0,2,0,2,0,2,0,0,2,0,0,2,0,0,0,0,0,0,0,0,0,0,0,0,2,0,0,0,2,2,0,0,0,0,0,0,0,2,0,0,0,0,2,2,0,0,2,0,0,0,2,0,2,2,2,0,2,0,0,2,2,0,0,0,0,0,0,0,0,0,0,2,0,0,0,0,0,2,2,0,0,2,0,0,0,0,0,0,0,0,0,0,0,0,0,2,0,2,2,0,0,2,0,2,0,0,0,0,2,0,0,2,0,0,0,0,0,0,0,0,0,0,0,0,0,2,0,0,0,0,0,0,0,0,0,0,0,0,0,2,0,2,0,0,0,0,0,2,0,0,0,2,0,0,0,0,0,0,0,2,0,2,0,0,0,0,0,0,0,0,0,0,0,0,0,0,0,0,0,0,2,0,2,0,0,0,0,2,0,0,0,0,0,2,0,2,0,0,0,2,0,0,0,0,2,2,0,0,0,0,0,0,2,0,0,0,0,0,0,0,0,0,0,2,0,0,0,0,0,0,0,0,0,2,0,0,0,0,0,0,0,0,0,0,0,0,0,0,0,0,2,2,0,0,0,0,0,0,0,0,0,0,0,0,0,0,0,0,0,2,2,2,0,0,0,0,2,0,0,2,2,0,0,0,0,2,0,0,0,2,0,0,0,0,2,0,0,0,0,2,2,0,0,0,0,0,0,2,0,2,0,0,2,2,0,2,0,0,0,0,0,0,0,2,0,0,2,2,0,0,0,0,0,2,0,2,2,0,0,0,2,2,0,0,2,2,0,0,0,2,0,0,0,0,2,0,0,0,0,0,0,2,0,0,0,0,0,2,0,0,2,0,0,2,0,0,0,0,0,0,0,0,2,0,0,0,2,0,0,0,0,0,0,0,0,0,0,0,2,0,0,0,0,0,0,2,0,0,2,0,0,0,0,0,2,0,0,0,0,0,2,0,0,0,0,0,0,0,0,0,0,2,0,0,0,0,2,0,0,2,2,NA,0,0,2,0,0,0,0,0,0,2,0,0,0,0,0,2,0,0,0,2,0,0,0,0,0,2,0,0,2,0,0,2,0,2,0,0,2,0,2,NA,0,0,0,2,0,0,0,0,2,2,0,0,0,2,2,2,0,0,2,0,0,0,2,0,0,0,0,2,0,0,0,0,0,0,2,0,0,0,0,2,2,0,0,0,2,0,0,2,0,2,0,0,0,2,0,0,0,0,0,0,2,2,2,0,2,0,0,0,0,0,0,2,0,0,2,2,2,0,0,0,0,2,0,0,0,0,0,0,2,NA,0,0,0,0,0,2,2,0,0,0,2,2,0,2,0,0,0,0,2,2,2,0,0,0,0,0,0,0,0,0,0,0,0,2,0,0,2,0,0,0,0,0,0,0,0,2,0,0,0,0,2,0,0,0,0,0,2,0,0,0,0,0,0,0,0,2,2,0,0,2,0,0,0,0,2,0,2,0,0,0,0,2,0,0,2,0,2,2,0,2,0,0,0,2,2,2,2,2,0,0,2,0,0,0,2,0,0,0,0,0,0,0,0,2,0,2,0,0,0,2,0,0,0,0,0,0,0,0,0,0,2,0,0,0,2,0,0,2,2,0,2,0,2,2,2,2,0,0,0,2,0,2,0,2,2,0,0,2,0,0,0,0,0,0,0,2,2,2,0,0,0,0,0,2,0,0,0,0,0,0,0,2,0,2,0,0,0,0,0,0,0,0,0,0,2,0,2,2,0,0,0,0,0,0,0,2,0,2,0,0,NA,0,0,0,0,0,0,2,0,2,0,0,0,0,0,0,0,0,0,0,0,0,0,0,0,0,0,0,2,0,2,0,0,2,0,0,2,2,2,0,2,2,0,0,0,0,0,0,0,0,0,2,0,0,0,0,0,0,0,0,0,2,0,0,2,2,0,0,0,2,0,0,0,0,0,0,0,2,0,0,0,2,0,0,0,0,2,0,2,0,0,2,0,0,0,0,2,0,0,0,2,0,0,0,0,0,0,0,0,2,0,0,0,0,0,2,2,0,0,0,0,2,0,0,0,0,0,0,0,0,0,2,2,0,2,0,0,0,2,0,2,0,0,0,0,0,0,0,0,2,0,0,0,0,0,0,2,2,0,0,2,2,2,0,0,0,0,2,2,2,0,0,2,2,2,0,0,2,0,0,0,0,0,0,0,0,0,2,0,0,0,2,0,0,0,0,0,0,2,0,0,0,0,0,0,0,0,0,0,0,2,0,2,2,0,0,2,0,0,2,0,0,0,0,0,0,2,2,2,0,0,0,0,0,0,0,2,0,0,0,0,0,2,0,2,2,0,0,2,2,0,0,0,0,0,2,0,0,0,0,0,0,0,0,0,0,0,0,0,0,0,0,0,0,2,0,0,2,2,0,0,0,0,0,2,2,0,0,0,2,0,0,0,2,0,0,0,2,0,0,0,0,2,0,0,0,0,0,0,0,0,2,2,0,0,2,0,0,0,2,0,0,0,2,0,0,0,0,0,0,0,2,0,0,0,0,0,0,0,0,0,0,0,0,0,0,0,0,0,0,0,0,2,0,0,2,0,0,0,2,2,0,0,2,0,0,0,0,0,2,2,0,0,0,0,0,0,0,0,0,0,0,2,2,0,0,0,0,0,0,2,0,0,0,0,0,0,0,0,0,2,0,0,0,2,0,0,0,0,2,0,0,2,0,0,0,0,2,2,0,0,0,2,2,0,2,0,0,2,2,2,0,0,0,0,0,0,0,0,0,0,0,0,0,2,0,2,0,0,0,2,0,0,0,0,2,2,0,0,2,0,2,0,2,0,2,0,0,0,0,0,0,2,0,0,0,0,0,2,0,0,0,0,0,0,2,2,2,0,2,2,0,0,2,2,0,2,2,2,0,0,0,2,2,0,0,0,0,0,2,0,2,0,0,0,2,0,0,2,0,2,0,0,2,0,2,0,2,0,0,2,0,2,0,0,0,0,0,0,0,0,0,0,0,2,0,0,0,0,0,0,0,0,0,0,2,0,0,2,0,2,2,0,0,0,0,0,0,0,2,0,0,0,0,2,2,2,0,0,2,0,0,2,0,0,0,0,0,0,0,2,2,2,2,2,0,0,2,2,0,0,0,2,0,0,0,0,0,0,0,0,0,2,0,2,2,2,2,0,2,0,0,0,0,2,2,0,2,0,0,0,2,0,0,2,0,0,2,0,0,2,0,0,0,0,0,0,2,0,0,2,0,2,2,0,0,0,0,0,0,0,0,0,0,0,0,0,0,0,0,0,0,2,0,0,0,0,0,0,0,0,2,2,0,0,0,0,0,0,0,0,2,0,0,0,0,0,0,0,0,2,0,0,0,0,0,0,0,2,0,0,0,0,0,0,2,0,0,0,0,2,0,0,2,2,0,0,0,0,0,0,0,0,0,0,2,0,0,0,0,0,0,0,0,0,0,0,0,0,0,0,0,0,0,0,0,0,0,0,0,0,0,0,0,0,0,0,0,0,2,0,0,0,0,0,0,0,0,0,0,0,0,0,0,2,0,0,0,0,0,0,0,0,0,0,2,0,0,0,0,0,0,0,0,0,0,0,0,0,0,0,0,0,0,0,0,0,0,0,0,0,0,0,0,0,2,0,0,2,0,0,0,0,0,0,0,0,0,0,0,0,2,0,0,0,0,0,2,0,0,0,0,0,2,2,0,0,0,2,0,0,2,0,0,0,0,0,2,0,0,0,0,0,0,2,2,0,0,0,0,0,0,0,2,0,0,0,0,2,2,0,0,0,0,0,0,0,0,0,0,0,0,0,0,0,2,2,0,0,2,0,0,0,0,0,0,0,0,0,0,0,0,0,0,2,0,0,0,0,2,0,0,0,0,0,0,2,0,0,2,2,0,2,0,0,0,0,0,2,2,0,2,0,0,0,0,0,0,0,0,0,0,0,0,2,0,0,0,0,0,0,0,0,0,0,0,0,0,0,0,2,0,0,0,0,2,0,0,0,0,0,0,2,0,0,0,0,0,0,2,0,0,2,0,0,0,0,0,2,0,0,0,2,0,0,0,0,0,0,2,0,2,0,2,0,0,0,0,0,2,2,0,0,2,0,0,0,0,0,0,0,0,0,0,0,0,0,2,2,0,0,0,0,0,0,0,2,0,0,2,0,0,0,0,0,0,2,0,2,2,0,0,0,0,0,2,0,2,0,0,0,0,0,2,0,0,0,0,0,0,0,0,0,0,0,0,0,0,0,0,0,0,0,0,0,0,2,2,0,0,0,2,2,0,0,0,0,2,0,2,0,0,0,0,0,0,0,0,0,0,0,0,0,0,2,0,0,0,2,0,0,0,0,0,2,0,0,2,0,0,0,2,0,0,0,0,0,0,2,0,0,0,0,0,0,0,0,0,0,0,0,0,0,2,0,0,0,0,0,0,0,0,0,2,2,2,0,0,0,0,0,0,2,0,0,0,2,2,0,2,0,0,0,0,0,0,0,0,0,0,0,0,0,0,0,2,2,0,0,2,0,0,0,0,2,0,0,0,0,2,0,0,0,0,0,0,0,0,NA,0,0,0,2,0,0,0,2,2,0,0,0,2,0,0,2,2,0,0,2,0,2,0,0,2,0,0,2,0,0,0,0,2,0,0,0,0,0,0,0,0,0,0,0,0,2,2,2,0,0,0,0,0,2,0,0,0,0,0,0,0,0,0,0,0,2,0,0,0,0,0,0,0,2,0,0,0,0,0,0,0,0,0,0,0,0,0,0,0,0,0,2,2,0,0,2,0,0,0,0,0,2,0,0,0,0,0,0,0,0,0,2,0,0,0,0,0,2,0,0,0,0,2,0,0,0,0,0,0,0,0,2,0,0,0,0,0,0,0,0,0,0,0,0,0,2,0,0,0,0,0,0,0,2,0,2,0,0,2,0,0,0,0,0,2,0,0,0,2,0,0,0,0,0,0,0,0,0,0,0,0,0,2,0,0,0,0,0,0,0,0,0,0,2,0,2,0,0,2,0,0,0,0,0,0,0,0,0,0,0,0,2,0,0,0,2,2,0,0,0,2,2,2,0,0,0,2,0,0,0,2,0,2,0,0,0,0,0,0,0,2,0,2,0,2,0,0,0,0,0,2,0,0,0,0,0,0,2,0,0,0,0,0,0,0,2,0,0,0,0,2,2,0,0,0,2,0,0,0,0,0,0,0,0,0,0,0,0,0,0,0,0,0,2,2,0,0,0,0,0,0,0,0,2,0,0,0,0,0,2,0,0,0,0,0,0,0,0,0,2,0,0,0,2,0,0,0,0,0,0,0,0,0,0,0,0,0,2,0,0,0,0,0,0,0,0,0,0,0,2,0,0,0,0,0,0,0,0,0,2,2,0,0,0,2,0,0,0,0,0,0,0,2,0,2,0,0,0,0,0,0,2,0,0,2,0,0,0,2,2,0,0,0,0,0,2,2,0,2,0,2,0,0,2,0,0,0,0,0,0,0,0,0,0,2,0,0,2,0,0,0,0,2,0,0,0,0,2,0,0,0,0,0,0,2,2,0,0,0,0,0,0,0,0,0,0,0,0,0,0,0,0,2,0,0,0,0,2,0,0,0,0,0,0,0,0,0,0,0,0,0,0,2,0,0,0,0,0,0,0,0,0,0,2,0,0,0,0,0,0,0,0,0,0,2,0,0,0,0,0,0,0,0,0,0,0,0,0,2,0,0,0,2,0,0,0,0,0,0,0,0,0,2,0,0,0,0,0,0,2,0,0,0,2,0,0,0,0,0,0,0,0,2,0,0,0,0,0,0,0,0,0,0,2,2,0,0,0,0,0,2,0,0,0,0,2,2,0,0,0,0,0,0,0,0,0,0,0,0,2,0,2,0,0,0,0,0,0,0,0,0,0,0,2,0,2,2,2,0,0,0,0,0,0,0,2,0,0,0,0,0,0,2,0,0,2,0,2,0,2,0,0,0,0,0,2,0,0,0,0,0,0,0,2,0,0,0,2,0,0,0,0,0,2,0,2,0,0,0,2,0,0,0,0,0,0,0,0,0,0,0,2,0,0,2,0,0,2,2,2,0,0,0,0,0,0,0,0,0,0,0,0,2,2,0,0,0,0,0,0,0,0,0,0,0,0,0,0,2,0,0,0,2,0,2,0,0,2,0,0,0,0,0,0,0,0,0,0,0,0,0,0,0,0,0,0,0,0,2,0,2,0,0,0,0,0,0,0,0,2,0,0,0,0,0,0,0,2,0,0,0,0,0,0,0,0,0,0,0,0,0,0,0,0,2,0,2,2,0,0,0,0,0,0,0,0,0,0,0,2,2,0,2,2,0,2,2,2,0,0,0,0,2,0,0,2,0,2,0,0,2,2,0,0,0,2,0,0,2,0,2,0,0,0,0,0,0,0,0,0,0,0,0,0,2,2,0,0,0,0,0,0,0,0,0,0,0,2,0,2,0,0,0,0,0,0,0,0,0,0,0,0,2,0,0,0,0,0,0,0,2,2,0,0,0,2,0,0,0,0,0,0,0,0,0,0,0,0,0,0,0,0,0,2,0,0,0,2,2,2,NA,0,2,2,0,2,0,NA,0,0,0,0,0,0,2,2,2,0,0,0,2,0,0,0,0,2,0,0,0,0,0,0,2,0,0,0,2,0,0,0,0,0,0,0,2,0,2,0,0,2,0,0,0,0,0,0,0,0,0,2,0,0,0,0,0,0,0,0,0,0,0,0,0,2,2,0,0,0,2,0,2,0,0,0,0,0,0,0,0,0,0,0,0,0,0,0,0,0,0,0,0,0,0,0,0,2,0,2,0,2,2,0,0,0,0,0,0,2,0,0,0,0,0,0,0,0,2,0,0,0,0,0,2,0,0,0,0,0,0,0,0,0,2,0,0,0,0,0,2,0,2,0,0,0,0,0,0,0,0,0,0,0,0,0,0,0,0,0,0,0,0,0,0,0,0,0,2,0,2,0,0,0,0,0,0,0,2,2,2,2,0,0,0,0,0,0,0,0,0,0
"CC154",0,0,0,2,0,2,0,0,0,0,0,0,0,0,0,0,0,0,0,0,0,0,0,0,0,0,2,0,0,0,0,0,0,0,0,0,2,0,0,0,0,2,0,0,0,0,0,0,0,2,2,0,0,0,0,0,0,0,0,2,0,0,0,0,2,0,0,0,0,0,0,0,0,0,0,0,2,2,0,2,0,0,2,0,0,0,0,2,0,0,0,0,0,0,0,2,2,0,0,0,2,0,0,2,2,0,0,0,0,2,0,0,2,0,0,0,0,0,2,2,0,0,0,2,0,2,0,0,2,0,0,2,0,2,0,0,0,0,2,0,2,0,0,0,0,0,0,2,0,0,2,0,0,0,0,0,2,0,0,0,0,0,0,0,0,0,0,0,2,0,0,0,2,0,0,2,2,2,0,0,0,0,2,0,0,0,0,0,0,0,0,0,0,2,0,0,0,0,0,0,0,0,0,0,0,NA,0,0,0,0,0,0,0,0,0,0,0,0,2,0,0,0,0,0,0,0,0,0,0,0,0,0,0,0,0,2,0,2,0,0,0,0,0,0,0,0,0,0,NA,0,0,2,0,2,0,0,2,2,0,0,2,0,0,0,0,0,0,0,0,0,2,0,0,0,0,2,2,2,2,0,2,0,0,0,0,0,0,0,0,0,0,2,2,0,0,0,0,0,2,2,0,0,0,2,2,0,2,0,2,0,0,0,0,0,0,0,0,2,2,0,0,0,0,0,0,0,2,0,2,0,0,0,0,0,0,0,2,0,2,0,2,0,0,0,0,0,0,0,2,0,0,0,0,0,0,0,0,0,2,NA,0,2,0,0,0,0,0,0,0,0,0,0,0,0,0,0,0,0,2,0,0,0,0,0,0,0,2,0,0,0,0,2,2,0,0,0,0,0,0,0,0,0,2,0,2,0,2,0,0,0,0,0,0,0,0,2,0,2,0,0,0,0,0,0,0,0,0,0,0,0,0,2,2,0,0,0,0,2,0,2,2,0,0,0,0,2,0,0,0,0,0,2,0,0,0,0,2,2,0,2,0,2,0,0,0,0,0,0,0,0,0,2,0,0,0,0,0,2,2,0,0,0,0,0,0,2,0,0,2,0,2,NA,0,2,0,0,2,2,0,2,0,0,2,0,0,2,0,0,0,2,0,0,0,0,0,0,0,0,0,0,2,0,0,0,2,2,2,0,0,0,0,0,0,0,0,2,0,0,0,0,0,0,0,2,2,0,2,2,0,0,0,0,0,0,0,0,0,2,0,2,0,2,0,2,2,0,0,0,2,0,0,2,0,0,0,0,0,0,0,2,0,0,0,0,0,0,2,0,0,2,0,0,0,0,0,0,0,0,0,0,0,2,0,2,2,2,2,2,0,0,2,0,0,2,0,0,0,2,0,0,0,0,0,2,2,0,0,0,2,0,0,0,0,2,0,2,0,0,0,0,0,0,0,0,0,0,0,0,0,0,0,0,0,0,0,2,0,0,2,0,2,0,0,0,0,0,0,0,0,2,0,0,0,NA,0,0,0,0,0,0,2,0,0,0,0,0,2,0,0,0,2,0,0,0,2,0,0,2,2,2,0,0,0,0,0,0,0,0,2,0,0,0,0,0,0,0,0,2,0,0,0,0,0,0,0,0,2,0,0,0,0,0,0,0,0,0,0,0,0,0,0,0,0,0,0,0,0,2,0,0,0,0,0,2,2,0,2,0,2,0,0,0,0,0,0,2,0,0,2,0,0,0,0,2,0,0,2,0,0,0,0,2,2,0,0,0,0,2,0,0,0,NA,2,0,0,0,0,0,0,0,0,0,0,0,2,0,2,0,0,0,0,0,0,0,0,0,0,0,0,0,0,0,0,2,0,2,0,0,0,2,0,0,0,0,0,0,0,0,0,NA,0,2,0,2,2,0,2,0,0,0,2,2,2,0,0,0,0,2,0,2,0,0,0,0,0,0,0,2,0,0,0,0,0,2,0,2,2,0,0,0,0,0,0,0,2,2,0,0,0,0,0,0,0,2,0,0,0,0,0,0,0,2,0,0,0,0,0,0,0,0,2,0,0,0,2,0,2,0,2,2,0,0,0,0,0,0,2,0,0,0,0,0,0,0,2,2,0,0,0,0,0,0,0,0,2,0,0,0,0,0,0,0,0,0,0,0,0,0,0,0,0,0,0,0,2,0,0,0,0,0,0,0,0,2,0,0,0,2,0,0,0,0,0,0,0,0,0,0,0,2,2,2,2,0,0,0,0,0,0,0,2,0,0,0,0,0,0,0,0,0,0,0,0,0,0,0,0,2,0,0,0,0,0,0,0,0,2,0,0,0,0,0,0,0,0,0,0,0,2,0,0,0,0,0,0,2,0,0,2,0,0,0,0,0,0,2,0,0,2,0,0,0,0,0,0,0,0,2,0,0,2,0,0,0,0,2,0,0,2,0,2,0,0,0,0,0,2,2,0,0,0,0,2,0,0,0,0,0,0,0,0,0,0,0,0,0,0,0,0,0,2,2,0,0,0,0,0,0,2,0,0,0,0,2,2,0,2,0,0,0,2,0,2,0,2,0,0,0,0,0,0,2,0,0,2,0,2,2,2,2,2,0,0,0,0,0,0,0,0,2,2,2,0,0,0,0,0,0,2,0,0,0,0,2,0,0,0,0,0,0,2,0,0,0,0,0,0,0,0,0,0,0,0,0,0,2,0,0,2,0,0,0,0,0,0,2,0,0,0,0,0,0,0,0,2,0,0,0,0,0,0,0,0,0,2,0,0,0,0,0,0,0,2,0,0,0,0,0,0,0,0,2,0,0,0,0,2,0,0,0,0,0,0,2,2,0,0,0,0,0,0,0,0,2,2,0,0,0,0,0,2,0,0,0,0,0,0,0,0,0,0,0,0,0,NA,2,0,0,0,0,0,0,2,0,0,0,0,0,0,0,0,0,0,0,2,0,0,0,0,0,0,0,0,0,0,0,2,0,0,0,0,0,2,0,0,0,2,0,0,0,0,0,0,0,0,0,0,0,0,2,0,0,0,0,0,0,0,0,0,0,0,0,0,0,2,0,0,2,0,0,0,0,0,2,0,0,0,0,0,0,2,2,0,0,0,0,0,0,0,0,0,0,2,0,0,0,2,0,0,0,0,0,0,0,0,0,0,0,0,2,0,0,0,0,0,0,0,0,0,0,2,0,0,0,2,0,0,0,0,0,2,0,0,0,0,2,2,2,2,0,0,0,0,2,2,2,2,0,2,2,0,2,NA,0,0,0,0,0,2,2,2,0,2,2,0,0,0,0,0,0,0,0,0,0,2,0,0,0,2,2,0,0,0,0,0,0,2,0,0,0,0,2,0,0,0,0,0,0,0,0,0,0,0,0,0,0,0,0,0,0,2,0,0,0,0,2,0,0,0,0,0,0,0,2,0,2,2,0,0,0,2,0,0,0,2,2,0,0,0,2,0,0,0,0,0,0,0,0,2,0,0,2,0,2,0,0,2,0,0,0,0,2,0,0,0,0,0,0,0,2,0,2,0,0,2,0,0,2,0,0,0,0,0,0,0,0,0,0,2,0,0,2,0,0,2,0,0,0,0,0,0,0,0,0,0,0,0,2,0,2,0,0,0,0,0,2,0,2,0,2,0,0,0,0,0,2,NA,0,0,0,2,0,0,0,0,0,2,0,0,2,0,0,0,0,2,0,0,0,2,2,0,2,0,2,0,0,NA,2,2,0,2,0,0,0,0,0,0,2,0,0,0,0,0,0,0,2,0,0,0,0,2,2,0,0,0,0,0,0,0,0,0,0,0,0,0,NA,2,0,2,0,0,0,0,0,0,0,2,0,0,0,0,0,2,0,0,0,0,0,0,0,0,2,0,2,2,2,0,2,0,2,0,0,2,2,2,2,0,2,0,2,0,0,0,0,0,NA,0,0,0,0,0,0,2,0,0,0,0,0,0,0,0,0,0,0,0,0,2,0,0,0,0,0,0,0,0,0,2,0,0,2,0,0,0,0,0,0,2,2,0,0,0,0,0,0,0,0,0,0,2,2,0,0,0,2,2,0,0,2,0,0,0,0,0,0,0,0,0,0,2,0,2,2,0,2,0,0,0,0,0,0,2,0,0,0,2,0,0,0,0,0,0,0,0,0,0,0,0,0,2,0,0,0,0,2,0,0,0,2,2,0,0,2,0,0,0,0,0,0,2,0,2,0,0,0,0,0,0,0,2,0,0,0,2,0,0,0,2,0,0,0,0,0,0,0,0,0,2,0,0,0,0,2,2,2,0,0,2,0,0,0,0,0,0,0,0,2,0,2,0,0,0,0,0,0,0,0,0,0,0,0,0,0,0,2,2,0,0,0,2,0,0,2,2,0,2,0,2,0,0,0,2,0,0,0,0,0,0,2,0,2,0,0,0,0,2,0,0,0,0,0,0,0,0,0,0,2,0,0,0,0,0,0,0,2,2,0,2,0,2,0,0,0,0,0,0,2,0,0,0,0,0,0,0,0,0,0,0,0,0,0,0,2,0,0,0,0,2,2,2,0,2,2,0,0,0,0,0,0,0,0,2,0,0,0,0,0,0,2,0,2,2,0,0,0,0,0,0,0,0,0,0,0,2,0,0,0,0,2,0,0,0,0,0,2,2,0,0,0,0,0,2,0,0,0,0,0,2,0,2,0,2,0,2,0,0,0,0,2,2,2,0,0,0,0,0,0,0,0,0,0,2,0,2,0,0,0,0,2,0,2,2,0,2,2,0,0,2,0,2,0,0,NA,0,0,0,0,2,0,2,0,0,0,2,0,0,0,0,0,2,0,2,0,2,NA,0,0,0,0,0,0,0,2,0,0,0,0,0,0,2,0,0,0,0,0,0,0,2,0,0,0,0,0,0,0,0,0,0,0,0,0,0,0,0,0,0,0,0,2,0,NA,2,0,0,0,0,2,0,0,0,0,0,0,0,2,0,0,0,0,0,0,0,0,2,2,0,2,0,0,0,0,2,0,0,0,0,0,0,0,0,2,0,0,0,0,2,0,0,2,0,0,0,0,0,0,2,0,0,0,0,0,0,0,0,0,0,0,0,0,0,0,0,0,0,0,0,0,0,0,2,0,2,0,2,0,0,0,0,0,2,0,0,0,0,2,2,0,0,0,NA,0,2,0,0,2,0,0,2,0,0,0,0,0,0,2,0,0,0,0,0,0,0,2,0,0,2,0,0,2,0,0,2,2,0,0,2,0,0,0,0,0,2,0,0,0,0,0,0,2,NA,0,0,0,0,0,0,0,0,0,2,0,0,0,0,0,0,0,0,0,0,0,0,2,0,2,0,0,0,2,0,0,0,0,0,0,0,0,0,0,0,0,0,0,2,0,0,0,0,2,2,2,0,0,0,0,0,0,0,0,0,0,2,0,0,0,0,0,0,0,0,0,2,0,2,0,2,2,0,0,0,0,0,0,0,0,2,2,0,0,0,0,0,0,2,0,0,0,0,0,0,0,0,0,0,0,0,0,0,0,0,0,0,0,0,0,0,0,0,0,0,0,0,0,0,0,0,2,0,0,0,0,0,0,0,0,0,0,2,0,0,2,2,2,0,0,0,2,0,0,0,0,0,0,0,0,0,2,0,0,0,2,0,0,0,2,0,2,0,0,0,0,0,0,2,0,0,2,2,0,0,0,0,0,0,2,0,0,0,2,0,0,2,0,0,2,0,0,2,0,0,0,0,2,0,2,0,2,2,0,2,0,0,0,0,2,0,0,0,0,0,2,0,0,0,0,2,0,0,0,0,0,0,2,0,0,0,0,0,0,0,0,2,2,0,0,0,0,0,0,0,0,0,2,0,0,2,2,0,0,2,2,0,0,0,0,0,0,0,0,0,0,0,NA,0,0,NA,2,0,0,0,0,2,0,0,0,0,0,2,0,0,0,0,0,2,0,0,2,0,0,0,0,0,2,0,0,0,0,0,2,0,2,2,0,0,0,0,2,0,0,0,2,0,2,0,2,2,2,0,2,0,0,0,2,0,0,0,0,0,0,0,0,0,0,2,0,0,0,2,0,0,2,0,0,0,0,0,0,0,0,0,2,0,2,2,0,0,0,0,0,0,0,2,0,0,0,0,0,2,0,2,2,2,0,0,2,0,0,2,2,0,0,0,0,0,0,2,0,2,0,0,0,0,0,0,0,0,0,0,2,0,0,2,0,2,0,2,2,2,0,0,2,0,NA,2,2,0,0,NA,2,0,0,0,0,0,0,0,0,0,0,0,2,0,0,0,0,0,0,0,0,0,0,0,0,0,0,0,0,0,0,2,0,2,0,0,0,2,2,0,0,2,0,0,2,0,2,0,0,0,0,2,2,2,0,0,2,0,0,0,0,0,0,2,0,2,2,0,0,0,0,0,0,0,0,0,0,0,0,0,0,2,2,0,0,0,0,0,2,0,0,0,0,2,0,0,2,0,0,0,0,0,0,2,0,0,0,0,0,0,0,2,2,2,0,0,2,2,0,2,0,0,2,2,0,0,0,0,0,NA,0,0,2,0,0,2,2,2,0,0,2,2,2,2,0,0,0,0,2,0,0,0,0,0,2,NA,0,0,0,0,0,2,0,0,0,0,2,2,2,0,2,0,0,2,2,0,0,2,2,2,0,0,0,0,0,0,0,0,2,0,2,0,0,0,0,2,0,0,0,0,0,2,2,0,2,0,2,2,2,2,0,0,0,0,0,2,0,0,0,0,0,0,0,0,0,0,0,0,0,0,2,0,0,2,0,0,0,0,0,0,0,0,2,2,0,0,2,0,0,2,0,0,0,0,NA,2,0,2,2,0,0,0,0,0,0,2,0,0,0,0,0,0,0,0,0,0,0,0,0,2,0,2,2,0,2,2,0,0,0,0,NA,0,0,2,0,0,0,NA,0,2,2,0,0,2,0,0,0,2,0,2,2,0,0,2,0,2,0,0,0,2,0,2,2,2,2,2,0,0,0,2,2,0,0,0,2,2,0,0,0,0,0,0,0,0,2,2,2,0,2,0,0,0,0,0,0,0,2,0,0,0,0,2,0,0,0,0,2,0,2,0,0,0,0,2,0,0,2,0,0,0,2,0,2,0,0,0,0,0,0,2,0,0,0,0,2,0,0,2,0,0,2,2,2,0,2,0,0,0,2,0,0,0,0,2,2,2,0,0,0,2,0,0,2,2,2,0,0,0,2,2,0,0,0,0,2,0,0,2,0,0,0,0,0,0,0,0,0,0,2,0,2,2,2,2,0,2,0,2,0,2,2,2,0,0,2,0,0,0,2,0,0,0,0,0,0,0,0,0,0,0,0,0,0,0,0,0,0,0,0,0,0,2,2,0,0,0,0,0,0,2,0,0,0,0,0,0,0,0,0,0,0,0,0,2,0,0,0,0,0,0,0,2,0,0,0,0,2,2,0,0,0,2,0,0,2,0,0,0,2,2,0,0,0,0,0,0,0,0,0,0,2,0,0,0,0,0,0,0,0,0,2,0,0,0,0,0,0,0,0,2,2,0,0,0,0,0,2,0,0,0,0,NA,0,0,0,0,0,0,2,0,0,0,0,0,0,0,0,0,0,0,0,0,0,0,0,0,0,0,0,0,0,2,0,0,0,0,0,0,2,0,2,0,0,0,0,0,0,0,0,0,0,0,0,0,0,0,0,2,0,0,0,0,2,2,0,0,0,0,0,2,0,2,0,2,0,0,0,0,0,0,0,0,0,0,0,0,0,0,0,2,0,0,0,0,0,2,0,2,0,0,0,2,2,0,0,0,0,0,0,0,0,2,0,0,0,0,0,0,0,0,0,0,0,0,0,0,0,0,2,0,0,0,0,0,0,0,0,0,0,0,0,0,0,0,0,0,2,2,0,2,0,0,0,0,0,0,0,0,0,0,0,0,0,0,0,0,0,0,0,2,0,0,0,0,0,0,0,0,0,0,2,0,0,0,0,0,0,0,0,2,0,0,0,2,0,0,0,2,0,0,0,0,0,0,2,0,0,0,0,0,0,2,0,2,0,0,0,2,0,0,0,0,0,0,0,0,0,0,0,0,0,0,0,0,0,0,0,0,0,0,0,0,0,0,0,0,0,0,0,0,0,0,0,0,0,0,0,0,0,0,0,0,0,0,2,0,0,0,0,0,0,0,0,0,0,0,0,2,2,0,2,0,0,0,0,0,0,0,0,0,0,0,0,0,0,2,2,0,2,0,0,0,0,0,0,0,0,0,0,2,0,0,2,2,0,0,0,0,0,0,0,0,0,0,0,0,0,0,0,0,0,0,0,0,2,0,0,0,0,0,0,0,0,0,0,0,0,0,0,0,0,0,0,0,2,0,0,2,0,0,0,0,0,0,0,0,0,0,0,0,0,0,0,0,0,0,0,0,0,0,0,0,0,2,0,0,0,2,0,0,2,0,0,0,0,0,2,0,0,0,0,0,0,0,0,0,0,0,0,0,0,0,0,0,0,0,0,0,0,0,0,0,0,2,0,0,0,2,0,0,0,2,0,0,2,0,0,0,2,0,0,2,0,0,0,2,0,2,0,0,0,2,0,0,2,2,2,0,0,2,2,0,0,0,0,0,0,0,0,0,0,2,0,0,0,2,2,2,0,2,0,0,0,0,0,0,2,0,2,0,0,0,0,2,2,0,2,0,2,2,0,0,0,2,0,0,0,2,0,0,0,2,2,0,2,0,0,0,2,2,2,2,0,0,0,0,0,0,0,0,0,2,0,0,0,0,2,0,2,0,0,0,0,0,0,0,0,2,2,2,2,0,2,0,0,2,0,0,2,2,0,0,0,0,2,0,2,0,0,0,0,2,0,0,2,0,2,0,0,2,0,0,0,2,2,0,0,0,0,0,2,0,0,0,0,2,0,2,2,0,0,0,0,0,2,0,0,0,0,0,0,0,0,0,0,0,0,0,0,0,0,0,0,0,0,0,0,0,0,0,0,0,0,0,0,2,2,0,0,0,2,2,0,0,0,0,0,0,2,0,0,0,0,0,2,0,0,2,0,0,0,0,0,0,2,0,2,0,0,0,0,0,0,2,0,0,2,0,2,0,2,0,0,0,0,0,0,0,0,0,0,0,0,0,2,0,0,0,0,0,0,0,0,0,2,0,0,0,0,0,0,2,0,0,0,0,0,0,0,2,0,0,0,0,0,2,0,0,2,0,0,0,0,2,0,0,0,0,0,0,0,0,0,0,2,0,0,0,2,0,0,0,0,2,2,0,0,0,0,0,2,2,0,0,0,2,2,0,2,2,2,2,0,0,0,NA,2,0,0,0,0,0,0,0,2,2,0,2,0,0,0,0,0,0,0,2,0,0,2,0,0,2,0,0,0,0,0,0,0,0,0,0,0,2,2,2,0,0,0,0,0,2,0,0,0,0,0,0,0,2,0,2,2,2,2,0,0,2,0,0,0,2,0,0,0,0,2,0,0,0,0,0,0,0,0,0,0,0,NA,0,0,0,0,2,0,0,0,0,0,2,2,0,0,0,0,0,0,0,0,0,0,0,0,2,0,2,0,2,0,0,2,2,0,0,0,2,0,0,0,0,0,2,2,0,0,0,2,0,0,0,0,0,2,2,0,0,2,0,2,0,0,0,0,0,0,0,2,0,0,0,0,0,0,0,0,0,0,0,0,0,0,0,0,0,0,0,0,0,0,0,2,0,0,0,0,0,0,0,0,0,0,0,0,0,2,0,0,0,0,0,0,0,0,0,0,2,0,0,2,2,0,0,2,0,0,0,0,0,2,2,2,2,0,0,0,0,2,0,0,0,0,0,2,2,0,0,0,0,2,0,0,0,0,0,0,0,2,0,0,0,0,0,0,0,0,0,0,0,0,0,0,0,0,0,0,0,0,0,2,2,0,0,0,2,0,0,0,0,0,0,0,0,0,0,2,0,0,0,0,0,0,0,0,0,0,0,0,0,2,0,0,0,0,0,0,0,0,0,0,0,0,0,2,0,2,0,0,2,0,0,0,0,0,0,2,0,0,2,0,0,0,0,0,2,2,0,0,2,2,0,2,0,0,0,0,0,0,0,0,0,0,0,0,0,0,2,0,0,0,0,0,0,0,0,0,0,2,0,0,0,0,0,0,0,2,0,0,0,0,2,0,0,0,0,0,0,0,0,0,0,2,2,0,0,2,0,2,0,2,0,0,2,0,0,0,0,0,0,0,0,0,0,2,0,0,0,0,0,0,0,NA,0,0,0,0,0,0,0,0,0,0,2,0,0,0,2,0,0,0,0,0,0,0,2,0,0,0,0,0,0,0,2,0,0,0,0,0,2,0,0,0,2,0,0,0,0,2,0,0,0,0,0,0,2,0,0,0,0,0,0,0,0,0,0,0,0,0,0,0,0,0,0,2,0,0,0,0,2,2,2,0,0,0,0,0,2,2,0,0,0,0,0,2,0,0,0,0,0,0,0,2,2,0,0,0,0,2,0,2,0,2,2,0,0,0,0,0,0,0,0,0,0,0,0,0,0,0,0,0,0,0,0,0,0,0,0,2,0,0,0,0,0,0,0,2,0,0,0,0,0,0,0,0,0,0,0,0,2,0,0,0,0,0,0,2,2,2,0,0,0,0,2,2,0,0,0,2,0,0,0,0,0,0,2,0,0,2,0,0,0,0,0,2,2,0,0,0,2,2,2,0,0,0,0,2,0,0,2,0,0,2,0,0,0,2,0,0,2,0,0,0,0,0,0,0,2,0,0,2,0,0,0,0,0,0,0,0,0,2,2,0,0,2,2,0,0,0,0,0,0,0,0,2,0,0,0,0,0,0,0,0,0,0,0,0,0,0,0,0,0,0,0,0,2,0,0,0,0,2,0,0,0,0,0,0,0,0,0,0,0,0,0,0,0,0,0,0,0,0,0,0,0,0,0,0,0,0,0,0,0,0,0,2,0,0,0,0,2,2,2,0,0,0,0,0,0,0,0,0,0,0,0,2,0,0,2,0,0,0,0,0,0,0,0,2,2,0,0,0,0,0,0,0,0,0,0,2,0,0,0,2,0,0,0,2,2,2,0,0,0,0,0,0,2,0,0,0,0,0,0,0,2,0,2,0,0,2,0,2,0,0,2,0,0,0,2,0,0,0,2,0,0,2,0,0,0,0,0,0,0,0,0,0,0,0,0,0,2,0,0,2,2,0,0,0,0,0,0,0,2,0,0,0,2,0,0,2,2,0,2,0,0,0,2,0,0,2,0,2,2,0,0,0,0,0,0,0,2,0,2,2,0,0,0,0,0,0,0,0,0,0,0,0,0,0,2,0,0,0,0,2,2,0,2,2,2,0,0,2,0,0,0,0,0,0,0,0,0,0,0,2,0,2,0,2,0,0,0,0,0,0,0,0,0,0,0,0,0,0,0,0,0,0,2,0,2,0,0,0,0,0,2,0,2,0,0,0,0,0,0,0,2,0,0,0,0,2,0,2,NA,0,0,NA,0,2,0,0,0,2,0,0,0,0,0,0,0,0,0,0,0,2,2,2,0,0,0,0,0,2,0,0,0,0,0,0,0,0,0,0,0,0,2,0,0,0,0,0,0,0,0,0,0,0,2,0,0,0,0,0,0,0,0,0,2,0,0,0,0,0,0,0,0,2,0,0,0,0,0,0,0,0,0,0,0,0,0,0,0,2,0,0,0,0,0,2,0,0,0,0,0,0,0,0,0,0,0,2,0,0,0,0,0,0,0,0,0,0,0
"CC155",0,0,0,0,0,0,0,0,0,0,0,0,0,2,2,2,0,0,0,2,0,2,0,2,0,0,0,0,0,0,0,0,0,0,0,0,2,0,0,0,0,2,0,0,0,0,2,0,2,0,2,0,0,0,2,NA,0,0,0,0,0,0,0,2,0,0,0,0,0,0,2,0,0,0,0,0,0,0,0,2,0,2,0,0,0,0,2,0,0,0,0,0,0,0,0,0,0,0,0,0,0,0,0,0,0,2,2,0,0,0,0,0,0,0,0,0,0,0,0,0,0,0,0,2,0,0,2,0,2,0,0,0,0,0,0,0,0,0,0,0,0,0,0,0,0,0,2,0,0,0,2,0,0,0,0,0,0,0,0,0,0,0,0,2,2,0,2,0,0,0,0,2,0,0,0,0,2,0,0,0,0,0,0,0,0,0,0,0,0,0,0,0,0,0,0,0,0,0,2,0,0,0,0,0,0,0,0,0,0,0,0,0,NA,2,0,0,0,0,0,0,2,0,0,0,0,0,0,2,0,0,0,0,0,0,0,0,0,2,0,0,0,2,0,0,0,0,0,0,2,0,0,0,0,0,0,2,0,2,0,0,0,0,2,2,0,0,2,0,0,0,0,0,0,2,0,0,0,0,0,0,2,0,0,0,0,0,0,0,0,0,0,2,2,0,0,0,0,0,0,0,0,2,0,0,0,0,0,2,0,0,0,0,0,0,0,0,0,0,0,0,0,0,0,0,0,0,0,0,0,0,0,2,2,0,0,0,0,0,2,0,0,0,0,0,0,0,0,2,0,0,0,0,0,0,0,0,2,0,0,0,0,0,0,0,0,0,0,0,0,0,2,0,0,0,2,2,0,0,0,2,0,2,0,0,0,0,2,2,0,0,0,0,0,0,0,0,NA,0,0,0,0,0,0,0,0,0,0,0,0,2,0,0,0,2,2,0,0,2,0,0,0,0,0,0,0,0,0,2,0,2,2,0,2,0,0,2,2,0,0,0,0,0,2,2,0,0,0,2,0,0,0,0,0,0,0,0,0,0,0,2,2,0,0,2,0,0,0,0,2,2,2,0,0,2,2,0,2,2,0,0,0,0,0,0,0,2,0,2,2,0,0,2,0,2,0,0,0,0,0,2,0,0,0,0,0,0,0,2,2,2,0,2,0,2,0,0,0,0,0,2,0,0,0,0,0,0,0,0,2,0,0,0,0,0,0,0,0,0,0,0,2,0,0,2,0,0,0,0,2,0,NA,0,0,0,0,0,2,NA,0,0,0,0,0,2,0,0,2,0,0,0,2,NA,0,0,2,0,0,0,0,0,0,2,0,0,0,2,0,2,2,0,0,NA,0,2,0,0,0,0,2,0,0,0,0,2,0,0,0,0,NA,0,0,0,0,0,0,0,0,0,0,0,0,0,0,0,0,0,0,0,0,0,0,0,2,0,2,0,0,0,0,2,0,0,0,2,0,0,0,0,0,0,0,0,0,0,0,0,2,0,0,0,2,0,0,0,0,0,0,0,0,0,0,0,2,0,0,0,0,0,0,0,0,0,0,0,0,0,2,0,0,0,0,0,0,0,0,0,0,0,0,0,0,0,0,0,0,0,0,0,0,0,0,2,0,2,0,0,2,2,0,0,0,0,0,0,0,2,0,2,2,NA,0,0,0,0,2,2,0,0,0,0,0,0,2,0,0,2,0,0,2,0,0,2,0,0,0,0,0,2,0,0,2,0,0,0,0,2,0,0,0,0,0,0,0,0,2,2,2,0,2,0,0,2,0,0,0,0,2,0,0,2,0,0,0,0,0,0,0,0,0,0,0,0,0,2,2,2,2,0,2,0,0,0,0,0,0,0,2,0,2,0,0,0,0,0,0,2,0,0,0,0,0,0,2,0,2,0,0,0,2,0,2,0,0,2,0,0,0,2,0,0,0,2,0,2,0,0,2,0,0,2,2,2,2,0,2,0,0,0,0,2,2,0,2,0,2,0,0,0,0,0,0,2,0,0,2,0,2,0,0,2,0,0,0,0,2,0,2,0,0,0,0,0,0,0,2,0,0,2,2,2,0,0,0,0,0,0,0,0,0,2,2,0,0,0,0,0,0,0,0,0,0,0,0,0,0,0,0,0,0,0,0,NA,2,0,0,0,0,0,0,0,2,0,2,0,0,0,0,0,0,0,0,0,0,0,0,0,0,0,2,0,0,0,0,0,0,0,2,2,0,0,0,0,0,0,0,2,0,0,0,0,0,0,0,2,0,0,2,2,0,0,0,2,0,2,0,0,0,0,0,0,0,0,0,0,0,0,0,2,0,2,0,0,2,0,0,0,0,2,0,0,0,0,2,0,2,2,0,0,2,2,0,0,0,0,0,2,0,0,2,2,2,0,0,0,0,0,0,0,0,2,0,0,2,2,0,0,2,0,0,0,2,0,2,0,2,2,0,0,0,0,0,0,2,0,0,0,2,2,0,0,0,2,2,0,0,0,2,0,0,2,2,0,2,2,0,0,2,0,0,2,0,0,0,0,0,0,2,0,0,0,0,0,0,2,0,2,0,2,0,0,0,0,0,2,0,0,0,0,0,0,0,0,0,NA,0,0,0,0,0,0,0,0,2,0,0,0,0,0,0,0,0,0,0,0,2,0,0,2,0,0,2,0,0,0,0,2,0,0,0,0,2,0,0,0,0,0,0,0,0,0,0,2,2,0,0,2,0,0,2,0,0,0,0,0,2,0,0,0,0,0,0,0,0,0,0,0,0,0,0,0,0,0,0,0,2,0,0,0,0,2,2,0,0,0,0,0,0,0,0,2,0,0,2,0,0,0,0,0,0,0,0,0,2,2,2,0,0,0,0,0,0,0,0,0,0,2,0,2,0,0,2,2,0,0,0,0,0,0,0,0,0,0,0,0,2,0,0,0,0,2,0,2,0,0,0,0,0,0,0,0,0,0,0,0,2,0,0,0,0,0,0,0,2,0,0,0,0,2,0,0,0,0,0,0,0,0,0,0,0,0,0,0,0,0,0,0,0,0,0,0,0,0,2,0,0,0,0,0,0,0,0,2,0,2,0,0,0,0,0,0,2,2,2,0,0,0,0,0,0,0,0,0,0,0,2,0,0,0,0,0,0,0,0,0,0,0,0,0,0,0,0,0,2,2,0,2,0,0,0,0,0,0,0,0,0,0,0,0,0,2,0,2,0,0,0,0,NA,0,0,2,0,0,0,0,0,0,0,0,0,0,2,0,0,0,0,0,0,0,0,0,2,0,0,0,0,0,0,0,2,0,0,0,0,2,2,0,0,0,2,0,0,2,0,2,0,2,2,0,0,0,0,0,0,0,0,0,0,2,0,2,0,2,0,0,0,0,0,2,0,0,2,0,0,0,0,0,0,2,0,0,2,0,0,0,0,0,0,0,0,2,0,0,NA,2,0,0,0,0,0,0,0,0,2,2,0,2,0,0,0,0,2,0,0,0,0,0,2,0,2,0,0,0,0,0,0,2,0,0,2,0,0,0,2,0,0,0,2,2,2,0,0,0,0,2,0,0,NA,0,2,0,2,0,2,0,0,0,0,0,0,0,0,0,0,2,0,0,0,0,0,0,0,0,0,2,2,0,0,0,0,0,0,2,0,0,0,0,0,2,0,0,0,0,0,0,0,2,0,0,0,0,0,0,0,0,0,0,2,0,2,0,0,0,2,2,0,0,0,0,0,0,0,2,2,0,2,2,2,0,0,2,0,0,0,0,2,0,0,0,0,0,0,0,2,0,0,0,0,2,0,0,0,0,0,0,2,0,0,0,2,0,2,0,0,0,0,0,0,0,2,2,0,2,0,0,0,2,0,0,0,0,0,0,0,0,0,2,0,2,0,0,2,0,0,0,0,0,2,0,0,0,2,0,2,0,0,0,0,0,2,0,0,0,0,0,2,0,0,2,0,0,2,0,0,0,0,0,0,0,0,0,0,0,0,0,0,2,0,0,0,0,0,0,0,0,0,0,0,0,0,0,0,0,0,0,0,0,0,2,0,0,0,0,2,0,2,2,0,0,0,0,0,0,2,0,0,2,2,0,0,0,0,0,2,0,2,0,2,0,0,0,2,0,2,0,0,0,0,0,0,0,0,0,0,0,0,0,0,0,2,0,0,0,0,0,0,0,0,2,0,0,0,0,2,0,2,0,0,0,0,2,2,0,0,2,0,2,0,0,0,0,0,0,0,0,0,0,0,0,0,0,0,0,0,0,0,0,0,0,0,0,0,0,0,2,2,0,0,0,NA,0,0,2,2,0,2,0,0,0,0,2,0,2,0,2,0,2,0,0,0,0,2,0,0,0,0,0,0,2,0,0,0,0,2,0,0,0,0,2,0,0,0,0,0,0,0,0,0,2,0,0,0,0,0,0,0,0,0,0,0,2,0,2,0,0,0,0,0,0,0,0,0,0,0,0,2,0,0,2,0,0,0,0,0,0,0,0,0,0,0,0,2,2,0,0,0,0,0,0,2,0,0,2,0,0,0,0,0,0,0,2,2,0,0,2,0,0,0,0,0,2,0,0,0,0,0,0,2,0,0,0,0,0,0,0,0,0,0,0,0,0,0,2,0,0,0,0,0,0,0,0,0,2,0,0,2,0,0,0,0,0,2,0,0,0,0,0,0,0,0,0,0,0,0,0,0,0,0,0,0,0,2,0,0,0,0,2,NA,0,0,0,0,0,NA,NA,0,0,0,0,2,0,0,2,0,0,2,0,0,0,0,0,0,0,0,2,0,2,0,0,0,0,0,0,2,2,2,0,0,0,0,2,0,0,0,0,2,0,0,0,0,0,0,0,0,0,0,0,0,2,0,2,0,0,0,0,0,2,0,2,0,2,0,2,0,2,2,0,0,0,0,2,0,0,0,0,0,0,0,2,0,0,2,2,0,0,0,2,0,0,0,2,0,2,0,2,0,0,0,0,2,0,0,0,0,0,2,0,0,0,0,0,2,0,0,2,0,0,0,0,2,0,0,0,0,0,0,0,0,0,0,0,2,0,2,0,0,0,2,0,0,0,0,0,0,0,0,2,0,0,0,0,0,0,0,2,0,0,0,0,0,0,2,0,0,0,0,0,0,0,0,0,0,0,0,0,0,0,2,0,0,0,0,0,0,2,0,2,0,0,0,0,0,0,0,0,0,NA,0,0,0,2,0,0,0,2,0,0,0,0,0,2,2,NA,0,0,0,0,0,0,0,0,0,0,0,2,0,0,0,0,0,0,0,0,2,0,2,0,0,0,2,0,0,0,0,0,0,0,0,0,0,0,0,0,2,2,0,0,0,0,0,0,0,0,0,0,0,0,0,2,0,0,0,0,0,0,0,2,0,0,0,0,0,0,0,0,0,0,0,0,0,2,2,0,0,0,2,0,0,0,0,0,0,0,0,0,2,0,2,0,0,0,0,0,0,0,0,0,0,0,0,0,0,0,0,0,0,0,0,2,0,2,2,0,0,2,2,2,0,0,2,0,0,0,0,0,0,2,0,0,0,2,0,2,0,2,0,0,2,0,0,0,2,0,2,2,0,0,0,0,2,0,0,0,0,0,0,0,0,0,0,0,0,0,0,0,0,0,2,0,0,0,0,0,2,0,0,0,2,2,0,0,0,2,2,0,0,0,0,0,0,2,2,0,0,0,0,0,0,2,0,2,NA,0,0,0,2,0,0,2,0,0,2,0,0,0,0,0,0,0,0,2,0,0,0,2,0,0,0,0,0,2,0,0,0,0,2,0,0,2,0,0,0,0,0,0,0,0,0,0,0,0,0,0,2,0,0,0,0,0,0,0,0,0,2,0,0,0,2,0,0,0,0,0,2,0,0,0,0,2,0,2,0,0,0,0,0,0,0,0,2,0,0,2,2,0,0,0,0,0,0,0,2,2,0,2,2,0,0,0,2,0,2,0,0,0,0,0,2,0,2,0,2,0,0,2,0,2,0,2,0,0,2,2,2,0,0,0,2,0,0,0,0,0,0,0,2,0,0,0,0,2,0,2,0,0,0,0,0,2,0,2,2,0,0,0,0,0,0,0,0,2,0,0,0,0,2,0,0,0,0,2,0,0,2,0,0,0,0,0,0,0,0,0,0,2,0,0,0,0,2,0,2,0,0,0,0,0,0,0,0,0,0,0,0,0,0,0,0,0,0,0,0,2,0,2,0,2,0,0,0,0,0,0,0,0,0,0,0,0,0,0,0,0,0,0,0,2,0,0,0,0,0,0,2,0,0,0,0,0,0,0,2,0,2,0,2,2,0,0,2,2,2,0,0,0,0,0,2,0,0,0,0,0,0,0,0,0,2,0,0,2,2,0,0,0,0,2,0,0,0,2,0,0,0,0,0,0,0,0,0,0,0,2,0,0,0,2,0,2,0,0,0,0,2,0,2,2,0,0,2,0,0,0,2,0,2,2,2,0,0,0,2,0,0,0,2,0,2,0,0,2,0,0,0,0,2,0,0,0,0,0,0,0,0,0,2,0,0,0,0,0,0,0,0,2,0,2,0,0,0,2,0,0,NA,0,0,0,0,0,0,0,0,0,0,2,0,0,0,0,0,0,0,0,0,2,0,2,0,0,0,0,2,2,0,0,2,0,0,0,0,0,0,0,0,0,0,0,2,2,0,0,0,0,0,2,0,2,2,0,2,0,0,2,0,2,0,0,0,0,0,0,0,0,0,0,0,0,0,2,0,0,0,0,0,0,2,0,0,0,0,0,2,0,0,0,0,0,0,0,0,0,0,0,0,0,0,0,0,0,0,0,0,0,0,0,0,0,0,2,0,0,0,0,0,0,0,0,2,2,0,0,2,0,0,2,0,2,0,0,2,0,0,2,0,0,0,0,0,0,2,0,2,2,0,0,0,0,0,2,0,0,0,2,0,2,0,0,0,0,0,0,0,0,0,2,0,0,0,0,0,0,0,0,0,2,2,0,0,0,0,0,0,0,0,0,0,0,0,0,0,2,0,0,0,0,0,0,0,0,0,0,0,2,2,0,0,0,0,0,0,0,0,2,0,0,0,0,0,2,2,2,0,0,0,2,0,0,2,0,0,0,0,2,0,0,2,0,0,0,0,0,0,0,0,0,0,0,0,2,0,2,2,2,2,0,0,0,0,0,0,0,0,0,0,0,0,0,0,0,0,0,0,0,0,0,0,2,0,0,0,0,0,2,0,2,0,0,0,0,2,0,2,0,0,0,0,0,0,0,2,0,0,2,0,0,0,2,0,0,0,0,0,2,2,0,0,0,0,0,0,2,2,0,0,0,0,0,0,0,0,0,0,0,0,0,0,0,0,NA,2,0,0,2,0,2,0,0,2,0,0,0,0,0,0,0,0,0,0,0,0,0,2,2,0,0,0,2,0,2,0,NA,0,0,0,0,0,0,0,2,0,2,2,2,0,0,0,0,2,2,0,0,0,0,0,0,0,0,0,0,0,0,0,0,2,0,0,0,0,0,0,0,2,0,0,0,0,0,0,0,0,0,2,0,0,0,0,0,0,0,2,0,0,0,0,2,2,0,2,0,2,2,0,0,0,2,0,0,0,0,0,0,2,0,0,0,0,0,0,0,0,0,0,0,0,0,0,0,0,0,0,0,2,0,0,2,0,0,0,0,2,0,0,0,0,0,0,0,0,0,2,0,0,2,0,0,0,0,0,0,0,2,0,0,0,0,0,0,0,0,0,0,0,0,0,0,0,0,0,0,0,0,0,0,0,0,0,0,0,0,0,0,0,0,0,0,2,0,0,0,0,0,0,2,0,0,0,0,0,0,0,0,0,0,0,0,0,0,0,0,0,0,0,0,0,2,0,0,0,0,2,0,0,0,0,0,0,2,0,0,0,0,0,0,0,2,0,0,0,0,0,0,0,0,0,0,0,0,0,0,0,0,2,0,0,0,0,0,0,0,0,0,0,0,0,2,0,0,0,0,2,0,0,0,0,0,0,0,0,0,0,0,0,0,0,0,0,0,0,0,0,0,0,0,0,0,0,0,0,0,0,0,0,0,0,0,0,0,0,0,0,0,0,0,0,0,0,0,0,0,0,0,0,0,0,0,0,0,0,0,0,0,0,0,0,0,0,0,0,0,0,0,2,0,0,0,0,2,0,2,0,0,0,0,0,0,0,0,0,0,0,0,0,0,0,0,0,0,0,0,0,0,0,0,0,0,2,0,0,0,2,2,2,0,0,0,0,2,2,0,0,0,0,0,0,0,0,0,0,0,0,0,2,0,0,0,0,0,0,0,0,0,2,2,2,0,0,0,0,0,0,0,0,2,2,2,0,0,2,0,2,0,0,0,0,0,0,0,0,0,0,0,2,0,0,2,2,0,0,0,0,0,0,0,0,0,0,0,0,0,0,0,2,2,0,0,0,0,0,0,0,0,0,0,2,0,0,0,2,0,0,2,0,0,2,0,0,0,0,0,0,0,0,0,0,0,0,0,0,0,0,0,0,0,0,0,0,0,0,0,0,0,0,0,0,0,0,0,0,0,0,0,0,0,0,0,0,0,0,0,0,0,0,2,0,0,0,0,0,0,0,0,2,0,2,0,0,2,0,0,0,0,2,0,0,0,2,0,2,2,0,0,0,2,0,0,0,0,2,0,0,2,2,2,0,0,0,2,0,0,0,0,2,2,0,2,0,0,2,0,0,0,0,0,0,0,0,0,0,2,0,0,2,0,0,2,0,0,0,0,2,2,2,0,0,2,0,0,2,0,2,2,0,2,2,0,2,0,0,0,0,0,0,0,0,0,0,2,2,2,0,2,0,0,2,0,0,0,2,0,0,0,0,0,2,0,0,0,0,0,2,0,0,0,0,2,0,0,0,0,0,0,0,0,2,0,0,2,0,0,0,0,0,0,0,0,2,0,0,2,2,2,0,0,2,0,0,0,0,0,0,0,0,0,0,0,0,0,0,0,0,0,0,0,0,0,0,0,0,0,0,0,0,0,2,2,0,0,0,0,0,0,2,2,0,2,2,2,0,0,0,0,0,0,0,0,0,0,0,0,0,2,0,2,0,0,0,0,0,0,0,0,0,0,0,0,0,0,0,0,0,0,0,2,0,0,2,0,0,0,0,0,0,0,0,0,0,0,0,0,0,2,0,0,0,0,0,0,2,0,0,2,2,2,0,0,0,0,0,0,0,0,2,2,0,2,0,0,0,0,0,0,0,0,0,2,0,2,0,0,0,0,0,0,0,0,0,2,0,2,0,0,0,0,0,0,0,0,0,0,0,0,0,2,0,0,0,0,0,2,0,0,0,2,0,0,0,0,0,0,0,0,0,0,2,0,2,0,0,0,0,0,2,0,0,0,0,0,0,0,0,0,0,0,2,0,0,0,0,2,0,0,0,NA,0,2,0,0,0,0,0,0,2,0,0,0,0,2,0,2,0,0,0,0,0,2,0,0,0,0,2,0,0,0,0,0,0,0,0,0,2,0,0,0,0,2,0,0,0,2,0,0,0,2,2,2,0,0,0,2,0,0,0,0,0,0,0,0,0,2,0,0,0,0,2,0,0,0,0,0,0,0,2,0,0,0,0,0,0,2,0,0,0,0,0,0,0,0,0,0,2,2,0,0,0,0,0,0,2,0,2,2,0,2,0,0,0,0,2,2,0,0,0,0,0,0,0,0,0,0,2,0,0,0,0,0,0,0,2,0,0,0,0,0,2,0,0,0,0,0,2,0,0,0,0,0,2,0,2,0,2,0,2,0,0,0,2,0,0,0,0,2,0,2,2,2,0,2,2,2,0,2,0,0,2,0,0,0,2,0,0,0,0,0,0,0,0,2,2,0,2,2,2,0,0,0,0,0,0,0,0,0,0,0,0,0,0,0,0,0,0,0,0,0,0,0,2,0,0,0,0,0,0,2,2,0,0,0,0,0,0,0,0,2,0,2,0,0,0,0,2,0,0,0,2,0,0,2,0,0,0,0,0,2,2,0,0,0,0,0,0,0,0,0,2,2,0,2,2,0,2,2,2,0,2,0,0,0,0,0,0,0,0,2,2,0,0,0,0,0,2,2,0,0,2,0,0,0,2,2,0,0,0,0,0,0,0,0,0,0,0,0,0,0,0,0,0,0,0,0,0,0,0,0,0,2,0,0,2,2,2,0,0,0,0,0,0,0,0,2,0,0,2,0,0,0,0,0,0,0,0,0,0,0,0,0,0,0,0,0,0,0,2,0,0,2,0,0,0,0,0,2,0,0,0,0,2,0,0,2,0,0,2,0,0,0,0,2,0,0,0,0,0,2,2,2,0,0,0,2,2,0,0,0,2,0,2,0,0,0,0,0,0,0,0,0,0,2,0,0,0,0,0,0,0,0,0,0,0,0,0,0,0,0,0,2,2,0,0,2,0,0,0,0,0,0,0,2,2,2,2,0,0,0,0,2,0,0,0,2,0,2,2,0,0,0,0,0,0,0,0,0,2,2,2,0,0,0,0,0,0,0,0,0,0,0,0,0,0,0,0,0,0,0,0,0,0,2,2,0,0,0,0,2,2,0,0,0,0,0,0,0,0,0,0,0,0,2,0,0,0,0,0,2,0,0,2,0,0,0,0,2,0,0,0,0,2,2,2,0,0,0,2,0,0,0,0,0,0,0,2,0,2,0,0,0,0,2,0,2,0,0,2,2,2,0,0,0,0,0,0,0,0,0,2,0,0,2,0,0,0,0,2,0,0,2,0,0,0,0,0,0,0,0,0,0,2,0,2,0,0,0,0,0,0,0,0,0,2,0,0,2,0,2,0,2,0,0,0,0,0,0,0,0,0,2,0,0,0,0,0,0,0,0,0,2,2,0,0,0,0,0,0,0,0,0,0,2,2,0,0,0,0,0,0,0,0,0,0,0,0,0,0,0,0,0,0,0,0,0,0,0,2,0,0,0,0,2,0,0,0,0,0,0,0,0,0,0,2,0,0,0,0,0,0,0,0,0,0,0,0,0,0,0,2,0,0,0,0,0,0,0,0,0,0,0,2,0,0,0,0,0,0,0,0,0,0,0,0,0,2,0,0,0,0,0,2,0,0,2,2,2,0,0,2,0,0,0,0,0,0,0,2,0,0,0,2,0,0,0,0,0,0,0,0,0,0,0,0,0,2,0,2,0,0,0,2,0,0,0,0,0,0,0,0,0,2,0,0,0,0,0,0,0,0,0,0,0,2,0,0,0,0,0,0,0,0,0,0,0,2,0,2,0,0,2,0,0,2,0,0,0,0,0,0,0,0,0,0,0,2,0,2,0,0,0,0,0,2,0,2,0,0,2,0,2,0,0,2,0,0,0,0,0,0,0,0,0,0,0,2,0,2,2,0,0,2,2,2,0,2,0,2,0,2,NA,0,0,2,2,0,0,2,2,0,0,0,0,2,0,2,0,0,0,0,0,0,0,2,0,2,0,0,0,0,0,0,2,0,0,0,0,0,2,0,2,0,0,0,0,0,0,0,0,0,0,0,0,2,0,0,2,2,0,0,0,0,2,0,0,0,0,0,0,0,0,0,2,0,2,0,0,0,0,0,2,0,0,0,0,0,2,0,0,0,2,0,0,2,0,0,0,0,0,0,0,0,0,2,0,2,0,0,2,0,0,0,0,2,2,0,0,0,0,0,0,0,0,0,2,0,2,0,0,0,2,0,0,2,0,0,0,0,0,0,0,0,0,0,0,2,0,0,0,0,0,0,0,2,2,0,2,0,0,0,0,0
"CC156",0,0,0,0,0,0,2,0,0,0,0,0,0,0,0,0,0,0,0,0,2,0,0,0,2,0,0,0,0,2,0,0,0,0,0,0,2,2,2,0,0,0,2,0,0,0,0,0,0,0,0,0,0,0,0,0,2,0,0,0,0,0,2,0,2,2,0,0,0,0,0,0,0,2,0,0,0,0,0,0,2,0,0,0,0,0,0,0,0,2,2,2,0,0,0,0,0,0,0,0,2,2,2,2,0,0,2,0,0,0,0,0,0,0,0,0,0,0,0,0,0,0,0,0,0,0,2,0,0,0,2,0,0,0,0,0,0,0,2,2,0,0,0,0,0,0,0,0,0,2,0,0,0,0,0,0,0,0,0,2,0,0,2,0,0,2,2,2,0,2,0,0,0,0,0,2,0,0,0,2,0,0,0,2,0,0,0,0,0,2,2,0,0,0,0,0,0,0,0,0,0,0,0,0,0,0,0,0,0,0,0,2,0,0,2,0,0,0,2,0,2,0,0,2,0,0,0,0,0,2,0,0,0,2,0,0,0,0,0,0,0,0,0,0,2,0,2,0,0,0,0,0,0,0,0,0,0,2,0,0,0,0,0,2,0,0,0,0,0,2,0,2,0,0,0,0,2,2,2,0,0,0,0,2,0,0,0,0,2,0,0,0,0,0,0,2,2,0,2,2,0,0,0,0,2,0,0,2,0,0,0,0,0,0,0,2,0,0,0,0,2,0,0,2,2,2,0,0,0,0,0,2,2,0,0,0,0,0,2,0,0,0,0,0,0,0,0,0,0,0,0,0,0,0,0,0,0,2,0,0,0,2,0,0,0,0,0,2,0,0,0,0,0,0,0,0,0,0,0,0,0,0,0,0,0,0,0,2,0,2,0,2,0,2,2,2,2,0,0,0,0,0,2,NA,0,2,0,0,0,0,0,0,0,0,0,0,2,0,0,2,0,2,2,2,2,0,0,2,2,0,0,0,0,0,0,0,0,0,2,0,0,0,0,0,0,0,0,0,0,0,0,0,2,0,0,0,0,0,0,0,0,0,2,0,0,0,0,0,2,0,0,0,0,0,0,2,NA,0,0,2,2,0,0,0,0,2,0,0,2,2,0,2,0,0,0,0,0,0,0,2,0,0,2,0,0,0,0,0,2,0,0,0,0,0,0,0,0,0,0,0,0,0,2,0,2,2,2,0,0,2,0,0,2,0,2,0,0,0,0,0,0,0,0,2,0,2,0,0,0,0,0,0,0,0,0,2,0,2,2,0,0,0,0,0,2,0,0,2,0,0,0,0,0,0,2,0,2,0,0,2,2,2,0,0,0,0,2,0,0,2,0,0,0,0,2,0,0,0,0,2,0,0,0,0,0,0,0,0,0,0,0,0,0,2,0,NA,0,0,0,0,0,0,0,2,2,0,0,0,0,0,0,0,0,0,0,0,0,0,0,0,0,0,2,0,0,0,0,2,0,0,0,0,0,0,2,0,2,0,0,0,0,0,0,0,0,0,0,0,0,0,0,0,0,2,0,0,0,0,0,0,0,0,0,0,2,0,0,0,0,0,0,0,0,0,0,0,0,2,2,2,0,0,0,0,0,0,0,0,2,0,0,0,0,0,0,0,0,0,0,0,0,0,0,0,0,2,2,0,2,0,0,0,0,0,2,0,0,0,0,0,0,0,0,0,0,0,0,0,2,0,0,0,0,0,0,0,2,0,2,0,0,0,0,0,0,0,0,0,0,0,2,0,0,2,0,0,2,0,0,0,0,0,2,0,0,0,0,0,0,0,0,0,0,0,0,0,2,0,0,2,0,0,0,0,0,2,0,0,2,2,0,0,0,0,0,0,0,2,2,0,0,0,0,0,0,2,0,0,0,0,0,0,2,2,0,0,2,0,2,0,2,2,0,2,0,0,2,0,0,2,0,0,2,0,2,0,0,2,0,2,0,0,0,2,0,0,0,2,0,0,0,0,0,2,0,0,2,0,0,0,2,0,0,2,0,0,0,0,0,0,0,2,2,0,0,0,0,0,0,0,0,0,0,0,0,0,0,0,0,0,0,2,0,0,2,2,0,0,0,0,0,0,0,0,0,0,2,0,0,2,0,0,0,0,0,2,0,0,0,NA,2,0,0,0,0,0,0,0,0,0,0,0,0,0,2,2,2,0,0,0,0,0,0,0,0,0,0,0,0,2,0,0,0,0,0,0,0,0,2,2,0,0,0,0,2,0,0,0,0,2,0,2,2,2,0,0,2,0,0,0,2,0,0,0,0,0,0,0,2,0,0,0,0,0,0,2,0,0,0,0,0,0,0,0,2,0,2,2,0,0,0,2,2,0,2,2,0,0,0,2,0,0,0,0,0,0,2,0,0,0,0,0,0,0,2,0,0,2,2,2,0,0,NA,2,2,0,0,2,0,0,0,2,2,0,0,0,2,2,0,2,0,2,2,0,0,0,0,2,2,0,0,2,0,0,0,0,0,0,2,2,0,0,2,0,2,0,0,0,0,0,2,0,0,0,0,0,2,2,2,0,0,0,2,0,0,0,0,0,0,0,0,0,0,0,0,2,0,0,0,0,0,2,0,2,0,0,0,2,2,2,0,0,0,0,0,0,0,2,0,0,0,0,0,0,0,0,0,0,0,0,0,0,0,0,0,0,0,0,0,0,2,0,0,0,0,0,0,0,2,0,0,2,0,0,0,0,0,0,2,0,0,0,0,0,2,0,0,0,0,0,0,0,2,2,0,0,0,0,0,0,2,0,0,2,0,0,2,2,0,2,0,2,0,0,0,0,2,2,0,0,0,0,0,2,0,2,0,0,0,0,0,0,0,0,0,0,0,0,0,0,0,0,0,0,0,0,0,0,0,0,0,0,0,0,0,0,2,0,0,0,0,0,0,0,0,2,0,0,0,0,2,0,0,0,0,0,2,0,0,0,0,0,0,2,2,0,0,0,0,0,0,0,2,0,0,0,0,2,0,0,0,0,0,0,0,0,0,0,0,0,2,0,0,0,0,2,0,0,0,0,0,0,0,0,0,0,0,2,0,2,0,2,0,0,0,0,0,0,0,0,2,2,2,0,0,0,0,0,2,0,0,0,0,0,2,0,2,0,0,0,0,0,0,0,0,0,0,0,0,0,0,0,0,2,2,0,0,0,0,0,0,0,0,0,0,0,0,0,0,0,0,0,0,0,2,0,0,0,0,0,0,0,0,0,2,2,0,0,0,0,0,0,0,2,0,0,2,0,2,0,0,0,0,0,0,0,0,0,2,0,0,0,0,0,2,NA,0,0,0,0,0,0,0,0,0,0,0,0,2,2,2,0,0,0,0,0,0,0,2,0,0,0,0,0,2,0,0,0,2,0,0,0,2,0,2,0,0,2,2,0,0,0,2,0,2,2,0,0,0,0,0,2,0,0,0,0,2,2,0,2,2,0,2,0,0,0,0,0,0,0,0,0,2,0,0,0,0,0,0,0,0,0,0,0,0,0,0,0,0,2,0,0,0,0,2,0,0,0,0,0,0,0,0,2,0,0,2,0,0,0,0,0,2,0,0,0,0,0,0,0,0,2,0,0,2,0,0,0,0,2,0,0,0,2,2,2,0,2,0,0,0,2,0,0,0,0,2,2,0,0,0,2,0,0,2,0,0,0,0,0,0,2,2,0,2,2,0,0,0,0,0,2,2,0,0,0,0,0,2,0,0,0,0,0,2,2,2,0,0,0,0,0,2,0,0,0,0,0,0,0,0,0,0,0,2,0,0,0,0,0,0,0,0,2,0,2,2,2,0,2,0,0,0,0,0,2,0,0,0,0,2,0,0,0,0,0,2,0,0,0,0,0,0,0,0,2,0,2,2,0,0,0,0,0,0,2,0,0,0,2,2,0,0,0,2,0,0,0,0,2,0,0,0,0,2,0,0,0,0,0,0,0,2,0,0,0,0,0,0,0,0,0,0,0,0,0,0,0,0,0,0,2,0,0,0,0,2,0,0,0,0,0,2,0,0,0,0,0,0,0,0,0,0,0,2,2,0,0,0,0,0,0,2,2,0,2,0,0,0,0,0,0,0,0,2,0,2,0,2,0,0,0,2,2,0,2,2,0,2,2,0,2,2,0,0,2,0,0,2,0,0,2,0,2,0,0,0,0,0,2,2,0,0,2,2,0,0,0,0,0,0,0,0,0,0,0,0,0,2,0,0,0,0,0,0,2,0,0,2,0,0,0,0,0,0,0,0,0,0,2,2,0,0,0,0,0,0,0,2,0,0,2,2,0,0,0,2,0,0,2,2,0,2,0,2,2,0,0,2,2,2,2,0,0,2,0,0,2,0,2,2,2,0,2,2,2,0,0,2,0,0,2,0,0,0,0,2,0,0,0,2,0,0,0,2,0,2,2,2,2,0,2,0,0,2,2,0,0,0,0,2,2,0,2,0,0,2,0,0,2,0,0,0,0,0,2,0,2,0,2,2,0,0,0,0,2,0,0,0,0,2,0,0,0,0,0,0,0,2,0,0,2,2,0,0,0,2,0,0,0,2,0,2,0,2,NA,0,2,2,0,0,0,0,2,0,2,0,0,0,2,2,2,0,0,0,0,0,0,0,0,0,0,0,0,0,0,2,0,0,0,2,0,2,0,0,0,0,0,0,0,2,0,0,0,0,0,2,0,2,0,2,0,0,0,0,0,0,2,2,2,0,0,0,0,0,0,0,0,0,0,0,0,0,0,0,0,0,0,2,2,0,NA,0,2,2,0,2,0,0,0,2,2,2,0,0,0,0,0,2,0,0,2,0,0,0,0,0,0,0,0,0,0,0,0,2,0,2,2,2,0,0,0,0,2,2,0,0,0,0,0,0,0,0,0,0,0,0,0,0,0,2,0,2,0,0,0,0,0,0,0,0,0,0,0,0,2,0,0,0,0,0,2,0,0,0,0,0,2,0,0,0,0,0,2,0,2,0,0,0,0,0,0,0,2,0,0,0,0,2,0,0,0,0,0,0,0,0,0,0,0,0,0,0,2,0,2,0,0,0,0,0,0,0,0,0,2,0,0,0,0,0,0,0,2,0,2,0,0,0,0,0,0,0,0,0,0,0,0,0,0,0,0,0,0,0,0,2,0,0,0,0,2,0,0,0,0,0,0,0,0,2,0,0,0,0,0,0,0,0,0,0,0,0,2,0,0,2,0,0,0,0,0,2,0,0,0,0,0,0,0,0,0,0,2,0,0,0,0,0,0,0,0,0,0,0,0,0,0,0,0,0,0,0,0,2,0,0,0,0,0,0,0,2,0,0,0,0,0,0,0,0,0,0,0,0,0,0,0,0,0,0,0,0,0,0,0,0,0,0,0,0,2,0,0,0,0,0,0,2,0,2,0,0,0,0,0,0,0,0,0,0,0,0,0,0,2,0,0,0,0,2,0,0,2,0,0,0,0,0,0,0,0,0,0,0,0,0,0,0,0,0,2,0,2,0,0,0,0,0,0,0,0,0,0,0,0,0,0,0,0,0,0,0,0,0,0,2,0,0,0,0,0,0,0,0,0,2,0,2,0,0,0,0,0,0,0,0,0,0,0,2,0,0,0,0,0,0,0,0,0,0,0,0,0,0,0,0,0,0,0,0,0,0,2,0,2,0,0,0,2,2,2,0,0,0,0,2,0,0,0,0,0,0,0,0,0,0,0,0,0,2,2,0,0,0,0,0,0,0,0,0,2,2,0,0,2,0,2,0,0,0,0,0,0,0,2,0,0,2,0,0,0,0,0,0,0,2,0,0,0,0,0,0,0,0,0,2,0,0,0,2,0,0,0,0,0,0,0,0,2,0,0,0,0,2,0,2,0,2,0,0,0,0,0,0,2,0,0,0,0,2,0,0,0,0,0,2,0,0,2,2,2,0,2,2,2,0,0,0,0,0,0,0,0,0,0,0,0,0,0,2,0,0,2,0,2,0,2,0,0,2,0,2,0,0,2,2,0,0,0,0,2,0,2,0,2,0,2,0,0,0,0,2,0,0,0,0,0,0,2,2,0,0,0,0,2,0,0,0,0,0,0,2,2,0,0,0,0,0,0,2,2,0,0,0,0,0,0,0,0,2,0,0,0,0,0,0,0,2,2,0,0,2,0,0,0,0,0,0,0,0,2,0,0,0,2,0,0,0,0,0,0,0,0,2,0,0,2,0,0,0,2,0,0,0,0,0,0,2,0,0,0,0,0,0,0,0,0,0,2,0,0,0,0,0,0,0,2,0,0,2,0,0,0,2,0,0,0,0,0,0,0,2,2,2,0,2,0,0,0,0,0,0,0,0,0,0,0,0,0,0,0,0,0,0,0,0,2,0,2,0,0,0,0,0,0,0,0,0,0,0,2,2,0,0,0,0,0,0,2,0,0,0,0,0,0,0,2,0,2,0,0,0,0,0,0,0,0,0,0,2,0,0,0,0,2,0,2,0,2,2,0,0,0,2,0,0,0,0,0,0,0,0,2,0,0,0,0,0,2,2,0,0,0,0,2,2,0,0,0,0,0,0,0,0,0,0,0,0,0,0,0,0,2,0,0,0,0,0,0,0,0,0,2,2,0,0,0,0,0,2,0,0,0,2,0,0,0,2,0,0,0,0,2,0,0,2,0,0,0,0,0,0,0,0,2,0,0,2,0,0,2,0,2,0,0,0,0,0,2,0,0,0,0,0,0,0,0,0,0,0,0,0,0,0,0,0,0,0,0,0,0,0,0,0,0,0,2,0,0,0,0,0,0,0,0,0,0,0,0,2,0,0,0,0,0,0,0,0,0,0,2,0,0,0,0,0,0,0,0,0,2,0,0,0,0,0,0,0,0,0,0,0,0,2,2,0,0,0,0,0,2,2,0,0,0,0,2,0,0,0,0,0,0,0,0,0,0,0,0,0,2,2,2,0,0,0,0,0,0,2,0,0,0,2,0,2,0,0,2,0,0,0,0,0,0,0,0,0,0,0,0,2,0,0,0,0,0,0,0,0,0,0,0,0,0,0,0,0,0,2,2,2,0,0,0,0,0,0,0,0,0,0,0,2,0,0,0,0,0,0,0,2,0,0,0,0,0,0,0,2,0,0,0,2,0,0,0,0,0,0,2,0,0,0,0,0,2,0,2,0,2,0,0,0,0,0,0,0,2,0,0,0,0,0,0,0,2,0,0,0,2,0,0,0,2,0,0,2,0,0,0,0,0,0,0,0,0,2,0,0,2,0,0,0,2,0,0,0,0,0,2,2,0,0,0,0,0,0,2,2,0,0,0,0,2,0,0,0,0,0,0,0,0,0,0,0,NA,2,0,0,2,0,0,0,0,2,0,2,2,0,2,0,0,0,0,0,2,NA,2,2,2,0,0,0,0,0,2,0,0,0,0,2,0,0,0,0,2,2,2,0,2,0,0,0,2,2,0,0,0,2,0,0,0,0,0,2,0,0,0,0,0,0,0,0,0,0,0,0,0,2,0,0,0,0,0,0,0,0,0,0,0,0,0,0,0,0,2,0,0,0,0,0,2,0,0,2,0,2,0,0,0,0,0,0,2,0,0,0,0,0,0,0,0,0,0,0,0,0,0,0,0,2,0,0,0,0,0,0,0,0,0,0,0,0,0,0,0,0,0,0,0,0,0,0,0,0,2,0,0,0,0,0,2,0,2,0,0,0,0,0,0,0,0,0,0,0,0,0,0,0,0,0,0,2,0,0,0,0,0,0,2,0,2,0,0,2,0,0,0,0,0,0,0,0,2,2,0,0,0,0,2,2,0,2,0,2,0,2,0,0,0,0,0,0,0,0,0,0,0,0,2,2,2,0,0,0,2,2,0,0,0,2,0,0,0,0,0,0,0,0,0,0,2,0,0,0,0,0,0,0,0,0,0,0,0,0,0,0,0,2,0,0,0,0,0,0,0,0,0,0,0,0,2,0,0,0,0,2,0,0,0,0,0,0,0,0,0,0,0,0,0,0,0,0,0,0,0,0,0,0,0,0,0,0,0,0,0,0,0,0,0,0,0,0,2,0,0,0,0,0,0,0,0,0,0,2,0,2,0,0,0,0,0,0,0,0,0,0,0,0,0,0,2,0,2,0,0,0,0,0,0,2,0,0,0,0,0,0,0,0,0,0,0,0,2,0,0,0,0,0,0,2,0,0,0,0,0,0,0,2,0,0,0,0,0,0,0,0,0,0,0,0,2,0,0,2,0,0,0,0,0,0,0,0,0,0,0,0,0,0,0,0,2,2,0,0,0,0,0,0,0,0,0,0,0,0,0,0,0,0,0,0,0,2,0,2,0,0,NA,2,0,0,0,0,0,0,2,2,0,0,0,0,0,2,0,0,0,0,0,0,0,0,0,0,2,2,0,0,0,0,2,0,0,0,0,0,0,0,0,2,0,0,0,2,0,0,2,0,0,0,0,2,0,0,0,0,0,0,0,0,0,0,0,0,2,0,0,0,0,0,0,0,0,0,0,0,0,0,0,2,0,0,0,2,0,0,0,0,2,0,0,0,0,0,0,0,0,0,2,0,0,0,0,2,0,0,0,0,0,0,0,0,0,0,0,2,0,0,0,0,0,2,0,0,2,0,0,0,0,0,0,0,0,2,0,2,0,0,0,0,0,0,0,0,2,0,0,0,0,2,2,0,2,0,0,2,0,0,2,2,2,2,0,2,2,0,0,0,0,2,2,0,0,0,0,0,0,2,0,0,0,0,0,0,0,2,0,2,2,0,0,2,2,2,2,2,0,0,2,0,0,2,0,0,2,0,0,0,0,0,0,2,0,2,2,0,0,0,0,0,0,0,2,0,0,0,0,0,0,0,0,0,0,0,0,0,0,2,0,0,0,0,0,0,2,0,2,0,0,0,0,2,0,0,0,0,2,2,2,0,2,2,2,0,0,0,0,0,0,0,0,2,0,0,0,0,0,0,0,2,0,0,0,0,2,0,0,0,0,2,0,0,0,0,0,0,2,0,0,0,0,0,0,0,0,0,0,0,0,0,0,0,0,0,0,0,0,0,2,0,2,0,0,0,0,0,0,0,0,2,0,0,0,0,2,0,0,0,0,0,2,0,0,0,0,0,0,0,0,0,0,0,0,2,0,0,0,0,0,0,0,0,0,2,0,2,0,0,2,2,0,0,0,2,0,0,0,0,2,0,0,2,2,0,0,0,0,0,0,0,0,0,0,0,0,0,0,0,2,NA,0,0,0,0,0,2,0,0,0,2,0,0,0,0,0,0,0,0,0,2,0,0,0,2,0,0,2,0,2,2,0,0,0,0,0,0,0,0,2,2,0,0,0,0,0,2,0,0,2,0,0,2,0,0,2,0,0,0,0,0,0,0,0,0,0,0,0,0,0,2,2,0,0,2,0,0,0,0,2,0,0,0,0,0,0,0,0,0,0,2,0,0,0,0,0,0,0,0,0,2,0,0,0,0,2,2,0,0,0,0,0,0,0,0,0,0,2,0,0,2,0,0,0,0,0,2,0,2,0,0,0,0,0,0,0,2,0,2,0,0,0,0,0,0,0,0,0,0,0,0,2,0,0,0,0,0,0,0,0,0,0,0,0,0,0,0,0,0,0,0,0,0,0,0,0,0,0,0,0,0,0,0,2,0,0,0,0,0,2,0,0,0,0,0,0,0,0,0,0,0,0,0,0,0,0,2,2,0,0,0,0,0,0,0,0,0,0,0,0,0,0,0,0,2,0,0,0,0,0,0,0,0,0,2,0,2,0,0,2,0,0,0,0,2,2,2,2,2,0,0,0,0,0,0,0,2,0,0,0,0,0,0,0,0,2,0,0,0,0,2,0,0,0,0,2,0,0,0,0,0,0,2,0,0,2,0,0,0,0,0,0,0,0,0,0,2,0,0,0,2,2,0,2,2,0,0,0,0,0,0,2,0,0,0,0,0,0,0,0,0,0,0,0,0,2,2,0,2,0,0,0,0,0,2,0,0,2,2,0,0,0,0,2,0,0,0,0,2,0,0,0,0,0,0,0,0,0,2,0,0,2,2,0,0,0,0,0,0,0,0,0,0,0,0,0,0,0,0,0,0,0,2,0,0,0,0,2,0,0,0,0,0,2,0,0,0,0,0,0,0,0,0,2,0,0,2,0,0,2,2,0,0,2,0,0,0,2,0,0,2,0,0,0,0,0,0,0,0,0,0,0,0,0,0,0,0,0,0,2,0,0,0,0,0,0,0,0,0,0,0,0,0,0,0,0,0,0,2,0,0,0,0,0,0,0,0,0,0,0,0,0,0,0,0,0,0,2,2,0,0,0,0,0,2,0,0,0,2,0,0,0,0,2,0,0,0,0,2,2,0,0,0,2,0,2,0,0,0,0,0,0,0,2,2,0,0,2,0,2,0,0,0,0,0,0,0,0,0,0,0,0,0,2,0,0,0,2,0,2,0,0,0,0,2,0,0,2,0,0,0,2,0,2,0,0,0,0,2,0,0,0,0,0,0,0,0,0,0,0,0,0,0,0,0,0,0,0,0,0,0,0,0,0,0,0,0,0,0,0,0,0,0,0,0,0,0,0,0,2,0,0,0,0,0,0,2,0,0,2,0,0,0,2,2,2,2,0,0,0,0,0,2,0,2,0,0,0,0,2,2,0,0,0,0,2,0,2,0,0,0,2,2,0,0,0,0,0,0,0,2,0,2,0,0,2,0,0,0,0,2,0,0,2,0,0,0,0,2,0,0,0,0,2,2,0,2,0,0,0,0,0,0,0,0,2,0,0,0,0,0,2,0,0,2,0,0,0,0,2,0,0,0,2,0,0,0,0,2,2,0,2,0,0,0,0,0,0,0,0,0,0,0,2,0,0,2,0,0,0,NA,0,2,0,0,2,0,0,0,0,0,0,0,0,2,0,0,2,0,0,2,0,0,0,0,2,0,0,2,0,0,0,0,0,0,0,0,0,0,0,0,0,0,0,0,0,0,0,0,0,0,0,2,0,0,2,0,0,0,0,0,0,0,2,0,2,2,0,2,0,0,0,2,2,0,0,2,0,2,0,0,0,0,0,0,0,0,2,0,2,0,0,2,0,0,0,0,0,0,0,0,0,0,0,0,0,0,2,0,0,0,0,0,0,0,0,0,0,0,0,0,0,0,0,0,0,0,0,0,0,0,0,0,2,2,0,0,0,0,2,0,0,0,0,2,0,2,0,0,0,2,0,0,0,0,0,0,0,2,0,2,0,0,0,0,0,2,0,0,0,0,0,0,0,0,0,0,0,2,0,0,0,2,2,0,0,0,2,2,0,0,0,NA,0,0,0,0,0,0,2,0,0,0,2,0,2,0,0,0,0,0,0,2,2,0,0,0,0,0,0,0,0,0,0,0,0,0,0,0,0,0,2,0,0,0,0,0,0,0,0,0,2,0,0,2,0,0,2,0,0,0,0,2,0,0,0,0,2,2,0,2,0,0,0,2,0,0,0,0,0,0,0,0,0,0,0,2,0,0,0,0,0,0,0,0,2,0,0,0,0,0,0,0,0,2,0,0,0,0,0,0,2,0,0,0,2,0,2,0,0,0,0,0,0,0,0,2,0,0,0,0,2,0,0,2,2,2,2,0,0,0,2,0,0,0,0,0,2,0,0,0,0,0,0,0,0,0,2,0,0,0,0,0,0,0,0,0,0,0,0,0,0,0,0,0,0,2,0,2,0,0,0,0,0,0,2,0,2,0,0,0,0,0,2,0
"CC157",0,0,0,2,0,0,0,0,0,0,0,0,2,0,0,0,0,0,0,0,0,0,2,0,0,0,0,0,0,2,0,0,0,0,0,0,2,0,2,0,0,2,0,2,0,0,0,0,0,0,2,0,0,0,0,0,0,0,0,2,0,0,0,2,0,0,0,0,0,0,2,0,2,0,0,0,2,0,0,2,0,2,0,0,0,0,0,2,0,0,0,0,0,2,0,0,0,0,0,0,2,2,2,2,2,2,0,0,0,0,0,0,0,0,0,0,0,0,0,0,2,0,0,2,0,0,0,0,0,0,0,0,0,2,0,0,2,0,0,0,0,0,0,0,0,0,2,0,0,0,0,0,0,0,0,0,2,2,0,0,0,0,0,2,2,2,0,0,2,0,0,2,2,2,0,0,0,0,2,2,2,2,0,0,0,0,0,0,0,2,2,2,0,0,0,NA,2,2,0,0,0,0,0,0,0,0,2,0,2,0,2,0,0,0,0,0,2,2,0,0,0,2,0,0,0,2,0,0,0,0,2,0,0,2,0,0,0,NA,0,0,0,0,0,0,0,0,0,0,0,0,0,0,0,0,0,0,0,0,0,0,0,0,0,0,0,0,0,0,0,0,0,0,0,0,0,0,2,2,2,0,0,0,2,2,0,0,0,0,0,0,2,0,0,0,0,2,0,0,2,2,0,0,0,2,2,0,0,2,0,0,0,0,0,0,0,0,0,2,0,0,0,0,0,0,0,0,0,0,0,0,0,2,0,0,0,0,0,0,0,0,0,0,0,0,0,0,0,0,0,0,0,0,0,0,0,0,0,0,0,0,0,0,0,0,0,0,0,0,0,2,0,0,NA,0,0,0,0,0,0,0,0,0,0,0,0,0,2,0,0,0,0,0,2,0,0,0,0,0,0,0,0,0,2,2,0,2,0,0,0,2,0,0,0,0,0,0,0,0,0,0,0,0,0,0,0,0,0,0,0,0,0,0,0,0,0,0,0,0,0,0,0,2,0,0,0,2,0,0,0,0,0,0,0,0,0,0,0,2,2,0,2,2,0,0,0,0,0,0,0,0,0,2,0,0,0,0,0,2,2,0,0,0,0,2,0,2,0,2,2,0,0,2,0,0,0,0,0,0,0,2,0,0,0,2,2,0,0,0,0,2,0,0,0,0,0,0,0,0,0,0,0,0,0,0,0,0,2,0,0,0,0,0,0,0,0,0,2,0,0,0,0,0,0,2,0,0,2,0,0,2,2,0,0,0,0,0,0,2,0,0,0,2,0,2,0,0,0,0,0,0,0,2,0,0,0,2,0,0,2,2,0,0,0,0,0,0,0,0,0,2,0,2,0,0,0,0,0,2,2,0,0,0,0,2,0,0,0,0,2,0,0,0,0,0,0,0,0,0,0,0,0,0,0,0,0,0,0,0,0,0,0,0,0,0,2,0,0,0,0,0,0,0,0,0,0,0,0,0,0,0,0,0,0,0,0,0,0,0,0,0,0,0,0,0,0,0,0,0,0,0,0,0,0,2,0,0,0,0,0,2,0,0,0,0,0,0,0,0,0,2,2,0,0,0,0,0,0,2,2,2,0,0,2,0,0,0,0,0,2,0,0,0,0,0,0,2,0,0,0,0,0,0,0,0,0,0,0,2,0,0,0,0,0,0,0,0,0,0,0,0,0,0,0,0,0,0,0,0,0,0,0,0,0,2,2,0,0,0,2,0,0,0,0,2,2,0,0,0,0,0,0,0,2,0,0,0,0,0,0,0,0,0,2,0,2,0,0,2,2,0,0,0,0,2,0,0,0,0,0,0,0,0,0,2,0,2,0,2,2,0,0,0,0,0,0,0,0,0,2,0,0,0,0,0,0,2,2,0,0,0,2,0,0,0,0,0,0,0,0,0,0,0,0,0,0,0,0,0,0,0,0,2,0,0,0,0,0,0,2,0,0,0,0,0,0,0,0,2,0,0,0,0,0,0,0,2,0,0,0,2,0,0,0,0,2,0,0,0,0,0,0,0,0,0,0,0,0,0,0,0,0,0,2,0,0,0,0,0,0,0,2,0,0,0,0,0,0,0,2,0,0,0,0,0,0,0,0,0,0,0,0,0,0,0,2,0,0,0,0,0,2,0,0,0,0,2,2,0,2,0,0,2,0,0,0,0,2,0,0,0,0,0,2,2,0,0,0,0,0,0,2,0,0,0,0,0,0,2,0,0,0,0,0,0,2,0,0,0,0,2,0,0,0,0,0,0,0,0,0,0,0,0,0,0,0,0,0,0,2,0,0,0,0,0,0,2,0,0,0,0,0,0,2,0,0,0,0,0,0,0,0,0,2,0,0,2,0,0,0,0,0,0,0,0,0,0,0,0,2,0,0,0,0,0,0,0,0,0,2,0,0,2,0,0,0,0,0,2,0,0,2,0,0,0,0,0,2,2,0,0,2,0,0,0,0,0,2,0,0,0,0,0,0,0,2,2,0,0,0,0,0,0,0,0,0,0,0,2,2,0,2,0,0,0,0,0,0,0,0,2,0,0,0,2,0,0,0,0,0,0,2,0,2,0,0,0,0,0,0,0,0,0,0,0,2,0,0,0,2,2,0,0,0,0,0,0,0,0,0,2,2,2,0,0,0,0,0,0,2,0,0,0,0,0,0,0,0,0,0,0,2,0,0,0,0,0,0,0,0,0,0,0,0,0,0,0,0,0,0,0,0,0,0,0,0,0,0,0,0,0,0,0,0,2,0,0,0,0,0,0,0,0,0,0,0,0,0,2,0,0,0,0,0,0,0,0,2,0,0,0,0,2,0,0,0,2,2,0,2,0,NA,0,0,0,0,0,2,2,0,0,0,2,0,0,0,0,0,0,0,0,0,0,0,0,0,0,NA,0,2,0,0,2,2,0,0,0,0,0,0,0,2,0,0,0,0,0,0,0,0,0,0,0,0,0,0,0,2,0,2,0,0,0,NA,0,0,0,0,0,0,0,0,0,2,2,0,0,2,0,0,2,0,0,0,0,2,0,0,0,0,2,0,0,0,0,0,0,0,0,2,0,0,2,0,0,0,0,0,0,2,0,2,2,2,0,0,0,0,0,2,2,2,2,0,0,0,0,0,2,0,0,0,0,2,0,0,0,2,0,0,0,0,2,0,0,2,2,0,0,2,0,0,0,0,0,0,0,0,0,0,0,0,0,0,0,2,0,0,0,0,0,0,0,0,0,2,2,2,0,2,2,0,0,0,2,0,2,2,0,0,0,0,0,2,0,0,0,0,0,2,2,0,0,0,0,0,0,0,0,0,0,0,0,0,2,0,0,0,0,2,0,0,0,0,0,0,2,0,0,0,0,0,0,0,0,0,0,0,0,0,0,0,0,0,2,0,0,0,2,0,0,0,2,0,0,0,0,0,0,0,0,0,0,0,0,0,2,0,0,0,0,2,2,0,0,0,0,0,0,2,2,0,0,0,0,2,2,0,0,2,0,0,2,0,0,2,0,2,0,0,2,2,0,0,0,2,2,2,0,0,2,0,2,0,2,0,2,0,2,0,0,0,2,2,2,0,0,2,2,2,0,0,0,2,0,0,2,0,0,0,2,0,0,0,0,0,0,0,2,0,0,0,0,2,0,0,0,0,2,0,0,NA,0,0,2,0,2,2,2,0,0,0,0,0,0,2,2,0,0,0,0,0,2,2,0,0,0,0,2,0,0,0,2,0,0,0,0,0,0,0,0,0,0,0,0,0,2,0,0,0,0,0,2,0,0,0,2,0,0,0,0,2,0,0,0,0,2,0,0,0,2,0,0,0,2,0,0,0,2,0,0,0,0,2,0,0,2,0,0,0,0,2,0,0,0,0,2,0,0,0,0,0,0,0,2,0,0,0,0,2,0,2,0,0,0,2,0,0,0,0,2,0,2,2,2,0,2,0,0,0,0,0,0,0,0,0,0,0,0,0,0,0,0,0,2,2,0,0,0,0,0,0,0,2,2,0,0,2,0,0,0,0,0,2,2,2,0,0,0,0,0,0,0,0,0,2,2,0,0,2,0,0,0,0,2,0,0,0,0,0,0,0,0,0,0,0,2,0,0,0,0,0,0,0,2,0,2,0,2,0,0,2,0,0,2,0,0,2,0,2,0,0,2,0,2,0,0,0,0,0,2,2,0,0,0,0,0,0,0,0,0,0,0,0,0,2,0,0,0,2,0,0,0,0,0,0,2,0,0,2,0,0,0,0,0,0,2,2,0,0,0,0,0,0,0,0,0,0,0,0,0,0,0,0,0,2,0,0,0,0,0,2,0,2,0,0,0,0,0,2,0,2,0,0,0,0,0,0,2,0,0,2,0,2,2,0,0,0,0,0,0,0,2,2,0,0,0,2,0,0,0,0,0,0,0,2,0,0,0,0,2,0,0,0,0,2,0,0,0,0,0,0,0,0,0,0,0,0,0,0,0,0,0,0,0,2,0,0,0,2,0,0,0,0,0,0,2,0,0,0,0,0,0,0,0,0,0,0,0,0,0,0,2,0,0,0,0,0,0,2,0,0,0,0,2,0,0,0,0,0,2,2,0,0,0,0,0,2,2,0,0,0,0,0,2,0,0,0,0,2,0,0,0,0,0,0,0,0,2,2,0,0,2,0,0,2,0,0,2,0,0,2,0,2,0,0,2,2,0,2,0,2,2,0,0,0,0,0,0,2,2,0,0,0,0,0,0,0,0,0,0,0,0,0,2,0,0,0,0,2,0,0,0,2,2,0,0,0,0,0,0,0,0,0,0,0,0,2,0,0,0,0,2,0,0,0,2,0,0,0,0,0,0,0,0,0,0,0,0,0,0,0,0,0,2,0,0,0,2,0,0,0,2,0,0,0,2,0,0,0,2,0,0,2,0,0,2,0,0,0,2,2,0,2,2,0,0,0,2,0,0,2,0,0,0,2,2,0,0,0,0,0,0,0,0,0,0,2,0,0,0,2,0,0,2,0,2,0,0,2,0,2,0,0,0,0,2,0,0,0,2,0,0,2,0,2,2,0,2,0,0,0,2,2,0,2,0,0,0,0,2,0,0,0,0,0,0,0,0,0,0,0,0,0,0,0,0,0,0,2,0,2,0,2,0,0,0,0,0,2,0,0,2,0,0,2,0,0,2,0,2,0,0,0,2,0,0,0,0,2,0,0,0,0,0,0,0,0,0,0,0,0,0,2,0,2,0,0,2,0,0,0,2,0,2,0,0,0,0,0,0,2,0,0,0,0,0,0,0,NA,0,0,0,0,0,0,0,0,0,0,2,0,0,0,0,0,0,0,0,0,0,2,0,0,2,2,0,2,2,0,0,0,0,0,0,0,2,0,2,0,0,0,0,2,0,0,0,0,2,0,2,0,0,0,0,0,0,0,0,0,0,2,0,0,0,0,0,0,0,0,2,0,0,0,0,0,0,0,0,0,0,2,0,0,0,2,0,0,0,0,0,0,0,0,2,NA,0,0,0,2,0,0,0,0,0,2,0,0,2,0,2,2,0,0,0,0,0,0,0,0,0,0,0,0,0,0,0,0,2,0,0,0,0,0,0,2,0,0,0,0,0,0,0,0,0,0,2,0,0,0,0,0,0,0,0,0,0,0,0,0,0,0,0,0,0,0,0,0,0,0,0,0,0,2,0,0,0,0,0,0,0,0,0,0,0,0,0,0,0,0,0,0,0,0,2,0,0,0,0,2,0,0,2,0,0,0,2,2,0,0,0,0,0,0,0,2,0,0,0,0,0,0,2,2,0,2,0,0,0,0,0,0,0,2,0,0,0,0,0,0,0,0,0,2,0,0,0,0,0,0,2,0,2,0,0,2,2,0,0,2,2,0,0,0,0,0,0,0,0,0,0,2,0,0,0,NA,2,2,0,0,0,2,0,0,0,0,2,2,0,0,0,0,0,0,0,0,2,0,0,0,2,2,0,0,0,0,0,0,2,0,2,2,0,2,0,0,2,0,2,0,0,0,2,0,2,2,2,0,2,0,0,0,2,2,0,0,0,0,2,0,2,2,0,2,0,0,2,0,0,0,0,0,0,2,0,0,0,0,0,0,2,2,2,2,0,0,0,0,0,0,0,2,2,0,0,0,0,2,0,2,0,0,0,0,0,0,0,0,0,0,0,0,0,0,0,0,0,2,0,0,0,0,0,0,0,0,0,0,2,2,0,0,0,0,2,0,0,2,0,0,0,0,0,2,0,0,0,0,0,0,0,0,0,0,2,0,2,0,0,0,2,2,0,0,0,0,0,2,0,0,0,0,0,0,0,0,0,0,0,0,2,0,2,0,0,0,2,2,2,0,0,0,0,0,0,0,2,0,2,0,0,0,0,0,0,0,2,0,0,0,0,2,0,2,0,0,0,0,0,2,2,0,0,0,0,0,2,0,0,0,0,0,0,0,0,0,0,0,2,0,0,0,0,0,0,2,0,0,0,0,2,0,0,2,0,2,0,0,2,2,0,2,0,0,0,0,0,2,2,0,0,0,0,0,0,2,0,0,0,0,2,0,2,0,2,0,0,0,2,0,0,0,0,0,0,0,2,0,0,0,0,0,2,0,0,0,0,0,0,0,0,0,0,0,2,0,2,0,0,0,0,0,2,2,0,2,0,2,0,2,0,0,0,0,0,0,2,0,2,0,0,0,0,0,0,0,0,0,2,2,0,0,0,2,0,0,2,2,0,0,0,0,0,0,2,0,0,0,0,0,0,0,0,0,0,2,0,0,2,0,2,2,0,2,0,0,0,0,0,2,0,2,0,0,2,0,0,2,0,2,0,0,0,2,0,2,2,0,0,0,0,0,0,2,2,0,0,0,0,0,0,0,0,0,2,0,0,2,0,2,2,0,0,NA,2,0,0,0,0,0,0,0,0,0,2,0,2,0,2,0,0,2,2,0,0,0,0,0,0,0,0,2,0,0,0,0,0,0,0,0,0,0,0,2,0,0,2,0,0,0,2,0,0,0,2,2,0,0,0,2,0,0,2,0,0,0,0,0,2,2,0,0,2,0,0,2,2,0,0,2,0,0,2,0,2,0,0,0,0,0,0,2,0,0,0,0,0,0,0,0,0,2,0,0,0,2,0,0,0,0,0,0,0,0,0,0,2,0,2,0,2,0,2,0,0,0,0,2,0,0,0,0,0,0,0,0,0,0,2,2,0,2,2,0,2,0,2,0,2,0,2,0,0,0,2,2,0,2,2,0,0,2,0,2,2,2,0,2,0,0,0,0,0,0,0,0,2,0,0,2,0,0,2,2,0,0,2,0,2,0,0,0,0,0,2,2,2,0,2,2,0,2,0,0,0,0,2,0,0,2,2,2,2,0,0,0,0,0,2,0,0,0,0,0,2,0,0,0,0,0,0,2,0,0,0,2,0,0,0,2,2,2,0,0,2,0,0,0,0,0,0,0,0,0,0,0,0,NA,2,2,0,0,0,0,0,0,0,0,0,0,0,2,0,0,0,0,0,2,0,0,0,0,2,2,0,0,2,0,2,0,0,0,2,0,0,0,0,0,0,2,0,0,0,0,0,0,0,0,0,0,2,0,0,0,0,0,0,0,0,2,0,0,0,2,0,0,0,0,0,0,0,0,0,0,0,0,0,0,0,0,0,0,0,0,0,0,0,0,0,0,0,0,0,0,0,2,0,0,0,0,2,0,0,0,0,0,0,0,0,0,0,0,2,0,0,0,2,0,0,0,0,2,0,0,0,0,2,0,2,0,0,0,0,0,0,0,2,0,0,0,0,0,0,0,0,0,0,0,0,2,0,0,0,0,0,0,2,2,0,0,0,2,2,0,0,0,0,2,0,0,0,0,0,0,0,0,0,0,0,2,0,2,0,0,2,0,0,2,2,0,0,0,0,2,2,0,0,0,0,0,0,2,0,0,0,0,0,2,0,0,0,0,0,0,2,2,0,0,2,2,0,0,0,0,0,0,0,0,0,0,2,0,0,0,0,0,0,0,0,0,0,0,0,0,0,0,0,0,0,2,0,2,2,0,0,0,0,0,0,0,0,0,0,0,0,0,0,0,0,0,0,0,0,0,0,0,0,0,0,0,0,0,0,2,0,0,0,0,0,0,0,2,0,0,0,0,0,0,0,0,0,0,2,0,0,0,0,0,0,0,0,0,0,0,0,0,0,0,0,0,0,0,0,0,0,0,0,0,0,2,2,2,0,0,0,0,2,0,2,0,2,0,2,2,2,0,0,0,0,0,0,2,2,2,0,0,2,0,0,0,0,2,2,0,0,2,2,0,2,0,2,2,2,0,0,2,2,0,0,0,0,0,0,0,2,0,0,0,0,0,0,0,2,0,0,2,2,0,0,2,0,0,0,2,0,2,0,0,0,0,2,0,0,0,0,0,0,0,0,0,2,2,0,0,0,2,0,0,2,0,0,0,0,0,2,0,0,2,0,0,0,2,0,0,0,0,0,0,0,0,0,0,0,0,0,0,0,0,0,0,0,2,2,0,0,0,0,2,2,2,0,0,0,0,0,0,0,0,0,0,0,0,0,0,0,2,0,0,0,0,0,0,0,2,0,0,0,2,0,0,0,0,0,0,0,0,0,2,0,0,0,0,0,2,0,0,0,2,0,0,0,0,0,0,0,2,2,0,0,0,0,0,2,0,2,0,0,2,0,0,0,0,0,0,0,0,0,0,0,0,0,0,2,0,0,0,0,0,0,0,0,0,0,0,0,0,0,0,0,2,0,0,0,0,0,2,2,0,0,0,0,0,0,0,0,0,2,2,2,0,2,0,0,0,0,0,2,2,0,0,0,0,0,0,2,0,0,0,0,0,0,0,0,0,2,2,0,0,0,0,0,0,2,2,0,0,2,2,0,0,2,0,0,2,0,2,2,0,0,0,0,0,2,0,2,0,0,0,0,0,0,0,0,0,0,0,0,0,0,0,0,0,0,0,0,0,0,0,0,0,0,0,0,2,2,0,0,0,2,0,0,0,0,0,0,0,2,0,2,0,0,0,0,0,0,0,0,0,0,0,0,0,2,0,0,0,0,0,0,0,0,2,0,2,2,0,0,0,2,0,0,0,0,0,0,2,0,0,0,0,0,0,0,0,0,0,2,0,0,0,2,0,0,0,0,2,0,2,0,0,2,2,0,0,0,0,0,0,0,0,2,2,2,0,0,0,0,0,0,0,0,0,0,0,0,0,0,0,0,0,2,0,0,0,0,0,2,0,0,0,0,0,0,0,0,0,0,0,0,0,0,0,0,0,0,2,0,0,0,0,0,2,0,2,2,0,0,0,2,0,0,2,0,2,0,0,0,0,0,0,2,0,0,0,0,0,2,0,0,0,0,0,0,0,0,0,0,0,2,0,0,2,2,0,0,0,0,0,0,0,0,0,0,0,0,2,0,0,0,0,2,0,0,0,0,2,0,0,2,2,2,2,0,0,0,0,2,0,0,0,0,0,0,0,0,0,NA,0,2,0,0,2,0,0,0,0,0,2,0,0,0,0,0,0,0,0,0,2,0,0,0,0,0,2,0,0,0,0,2,0,0,2,0,0,0,0,0,0,2,2,NA,0,0,2,0,0,0,NA,0,0,2,2,0,0,0,0,0,0,2,2,0,2,0,0,2,0,0,0,0,0,2,2,0,0,0,0,0,0,0,0,0,0,0,0,0,0,0,0,2,0,0,0,0,0,0,0,0,0,0,2,0,2,0,0,2,2,0,0,0,0,0,2,0,0,0,2,0,0,0,0,0,0,2,0,2,0,2,2,2,0,2,0,0,0,0,0,0,0,0,0,0,0,0,0,0,0,2,0,0,0,0,0,0,0,0,0,2,0,0,0,0,0,0,2,0,0,0,0,0,0,0,2,0,0,0,0,2,2,0,0,0,2,0,0,0,0,0,0,0,0,0,0,0,0,0,0,0,0,0,0,2,0,0,0,0,0,0,2,0,2,0,0,0,2,0,0,0,0,0,2,0,0,2,0,0,2,0,0,0,0,0,0,2,0,0,2,0,0,0,0,0,0,2,0,0,0,0,0,2,0,0,0,0,0,0,0,0,0,0,0,2,0,0,0,0,0,0,0,0,2,2,0,2,0,0,0,0,0,2,0,2,0,0,0,0,2,0,0,0,0,0,2,2,0,0,2,0,0,0,0,2,0,2,0,0,0,0,0,0,0,0,0,0,0,0,0,0,0,0,0,0,0,0,0,0,0,0,0,NA,0,0,0,0,2,0,0,0,0,0,0,0,0,0,0,0,0,2,0,0,2,0,0,0,0,0,0,0,0,0,0,0,0,2,0,0,0,0,0,0,0,0,0,0,0,0,2,0,0,2,0,0,2,0,0,0,0,0,0,0,2,0,0,2,2,0,0,0,0,0,0,0,0,0,0,2,0,0,2,2,0,0,0,0,0,2,0,2,2,2,0,0,0,0,0,0,0,0,0,0,0,2,0,0,0,0,2,0,0,2,0,0,0,2,0,0,2,0,0,0,2,2,0,0,0,0,0,0,0,0,0,0,0,2,0,2,0,2,2,0,0,0,2,0,0,0,0,2,0,2,0,0,0,0,2,0,0,0,0,2,2,0,2,0,0,0,0,2,2,0,2,0,2,0,0,0,0,0,0,0,0,0,2,0,0,2,0,0,2,0,0,0,0,0,0,2,0,2,0,0,0,0,0,2,0,0,2,0,0,2,2,0,0,2,2,0,2,0,0,0,2,0,0,2,0,0,0,2,0,0,2,0,0,0,0,0,0,0,2,0,2,2,0,0,0,0,0,0,0,0,0,0,0,2,2,0,2,0,0,2,0,0,0,0,0,0,0,0,0,0,0,0,0,0,2,0,2,2,0,2,0,2,0,0,0,0,2,0,0,0,0,0,0,0,0,0,0,0,0,0,0,0,0,0,2,0,2,2,0,0,0,0,0,0,2,0,0,0,0,0,0,0,0,0,0,0,0,0,0,2,0,2,2,0,0,2,0,0,0,0,2,0,2,2,2,0,0,0,0,0,0,0,0,0,0,0,2,2,2,2,2,0,2,2,2,2,0,0,2,0,0,0,2,0,0,2,0,2,2,0,0,0,2,0,0,0,2,2,0,0,0,0,0,0,2,0,0,0,0,0,2,2,2,0,0,0,2,0,0,0,0,0,0,2,0,0,2,0,0,0,2,0,0,0,0,0,0,0,2,2,0,0,2,0,0,2,2,2,2,0,0,0,0,0,0,2,0,2,0,0,0,0,0,0,0,2,2,0,0,0,2,0,0,0,2,2,2,0,0,2,0,2,0,0,NA,0,0,0,0,0,0,2,2,0,0,0,0,2,2,0,0,0,0,0,0,0,0,0,0,0,0,0,0,2,2,0,0,2,0,0,0,0,0,2,0,0,2,0,0,0,0,0,2,0,0,2,0,0,0,0,NA,0,0,0,0,0,0,0,0,0,2,0,0,0,2,2,2,2,2,0,0,0,0,0,0,0,0,0,0,0,0,0,0,0,0,0,0,0,0,0,0,0,0,0,2,0,0,2,0,0,0,0,0,0,2,0,0,0,0,0,0,0,0,0,2,0,0,2,0,2,0,0,0,0,0,0,0,0,0,0,0,0,0,0,2,2,0,0,0,0,0,0,0,0,0,0,2,0,0,0,0,0,0,0,0,0,0,0,0,0,0,2,0,2,0,0,0,0,0,0,0,0,0,0,0,2,0,0,0,0,0,0,0,0,0,0,0
"CC158",0,0,0,2,0,0,0,2,0,0,0,0,0,0,0,0,0,0,0,0,0,0,2,0,0,0,0,0,0,0,0,0,0,0,0,0,0,0,0,0,0,0,0,0,0,2,0,0,0,0,0,0,0,0,0,0,0,0,0,0,0,0,0,0,2,0,0,0,0,0,0,0,2,0,0,0,2,0,0,2,0,0,0,0,0,0,0,0,0,0,0,0,0,0,0,2,0,0,0,0,0,0,0,2,0,0,2,0,0,2,0,0,2,0,0,0,0,0,0,0,0,0,0,2,0,2,2,0,0,0,0,0,0,2,0,0,0,0,2,2,0,0,0,0,0,0,0,2,0,2,2,0,0,0,0,0,0,0,0,0,0,0,0,0,0,0,0,2,2,2,0,0,2,0,0,0,0,2,0,0,0,0,2,0,0,0,2,0,0,2,0,0,0,0,0,0,0,0,0,0,0,0,0,0,0,0,0,0,0,0,0,0,2,0,0,2,0,0,2,0,2,0,0,0,0,0,0,2,0,0,2,0,0,0,0,2,0,0,0,0,2,0,0,0,0,0,0,0,0,0,0,0,0,0,0,0,0,2,0,0,0,0,0,0,2,0,2,0,0,0,0,0,0,2,0,2,0,0,0,0,0,0,0,0,0,0,0,0,0,0,0,0,0,0,0,2,0,0,2,2,0,2,0,0,2,0,2,0,2,0,0,0,0,0,0,0,0,0,0,0,0,0,0,0,0,0,0,0,2,0,0,0,0,0,0,2,2,0,0,0,0,0,0,0,0,0,0,0,2,0,0,0,0,2,0,0,0,0,0,0,0,0,0,0,0,0,0,0,0,0,0,2,0,0,0,0,0,0,2,0,0,0,0,0,0,0,0,2,0,0,0,2,0,2,2,2,2,0,0,0,0,0,0,2,2,2,2,0,0,2,0,0,0,0,0,0,2,2,0,2,0,0,0,0,0,0,0,0,0,2,2,0,0,0,0,2,2,2,0,2,0,0,2,0,0,0,0,2,2,0,0,2,0,0,0,0,0,0,0,2,0,0,0,0,0,0,0,0,0,2,0,0,0,0,0,0,0,2,0,0,0,0,0,0,0,2,0,0,2,0,0,2,0,2,0,0,0,0,0,2,0,0,2,0,0,0,0,0,0,2,0,0,0,0,0,0,0,0,0,2,2,0,0,0,2,2,2,0,0,0,0,NA,0,2,0,0,2,0,0,0,0,0,0,2,2,0,2,2,0,0,0,0,0,0,0,0,0,0,2,2,0,2,0,2,2,0,0,0,2,0,0,0,0,0,0,0,0,0,0,2,2,2,0,0,0,0,0,0,0,2,0,0,0,0,0,0,2,0,0,2,2,0,0,2,2,2,2,2,0,0,2,0,0,0,0,2,0,0,2,0,0,0,0,0,2,0,0,0,2,0,0,0,0,0,0,0,0,0,0,2,0,2,2,0,0,0,0,2,0,0,0,0,0,0,0,0,2,0,2,0,0,2,0,0,0,0,2,0,0,0,0,0,0,NA,0,0,0,2,0,0,0,0,0,0,0,0,0,0,0,0,0,0,0,0,0,0,0,2,2,2,2,0,2,0,0,0,0,2,2,0,0,0,0,0,0,2,0,0,0,0,0,0,0,0,0,0,0,0,0,0,0,0,0,2,0,0,0,0,0,0,0,0,0,0,2,0,0,2,2,0,0,0,0,2,0,0,2,0,2,0,0,0,0,0,0,2,0,0,0,0,0,0,0,2,0,0,0,0,0,0,0,0,2,0,0,0,0,0,0,0,0,0,2,0,0,0,2,0,0,0,0,0,0,0,0,2,0,0,2,2,0,0,0,0,0,0,0,0,0,0,0,0,0,0,0,0,0,0,0,0,2,2,0,0,0,0,0,0,0,0,0,0,0,0,0,0,0,2,0,0,0,2,0,0,0,0,0,0,0,0,0,0,0,0,2,0,0,0,0,0,2,0,0,0,2,0,0,0,2,0,0,2,0,0,0,0,0,0,0,2,2,0,0,0,0,0,0,0,2,0,0,0,2,0,2,0,2,0,0,0,0,0,NA,0,0,NA,0,0,0,0,0,2,NA,2,0,0,0,0,0,0,0,2,0,2,2,0,0,0,2,0,2,2,NA,0,2,0,0,0,0,0,0,0,0,0,0,0,0,0,0,0,0,0,2,0,0,0,0,0,0,2,0,0,0,0,0,0,0,2,0,0,0,0,0,0,0,0,0,0,0,2,2,2,2,0,0,0,0,2,0,0,2,2,2,0,0,0,0,0,2,0,2,0,0,0,0,0,0,0,0,2,0,0,0,0,0,2,0,0,0,0,0,0,0,0,0,2,0,0,0,0,0,0,0,0,0,0,0,0,2,0,0,0,0,0,0,0,0,0,0,0,0,0,0,0,0,0,0,0,0,0,2,0,0,0,0,0,2,2,0,0,2,0,0,0,0,0,2,0,0,0,0,0,0,0,0,2,0,2,0,0,0,0,0,0,0,0,0,2,2,0,2,0,0,0,0,2,0,0,0,2,0,2,0,2,0,0,0,0,0,0,2,0,2,2,0,0,0,0,0,0,0,0,0,0,2,0,0,0,2,2,0,0,0,2,0,0,0,0,2,0,0,0,0,2,0,0,0,0,2,0,0,0,0,0,0,0,0,0,0,0,0,0,0,0,0,0,0,0,2,2,0,0,0,NA,0,0,0,0,0,2,0,0,0,0,0,0,0,0,0,0,0,0,0,2,0,0,0,0,0,0,0,0,0,0,0,0,0,2,0,0,0,0,0,0,0,0,0,2,0,0,2,2,0,2,0,2,2,0,0,0,0,0,0,0,2,2,0,0,0,0,0,0,0,0,0,0,0,0,0,0,0,0,0,0,0,0,2,0,0,0,0,0,2,0,0,0,0,0,0,2,0,2,0,0,0,0,0,0,0,0,0,0,0,0,2,0,0,0,0,0,0,0,2,0,0,0,2,0,0,2,0,0,2,0,0,0,0,0,0,0,0,0,0,0,0,0,0,0,0,2,0,0,0,0,0,0,0,0,0,0,0,0,0,0,2,0,0,0,0,0,0,0,0,0,2,0,0,0,2,0,0,2,0,0,0,0,2,0,0,0,0,0,0,0,0,0,0,0,0,0,0,0,0,2,0,0,0,0,0,2,0,0,0,0,0,0,0,0,0,2,2,0,2,0,0,0,0,0,0,0,0,0,0,0,2,2,2,2,2,0,0,0,0,0,0,2,0,0,0,0,0,0,2,0,0,0,2,0,0,2,0,0,2,2,0,0,2,0,0,0,0,2,0,0,2,2,0,0,0,2,0,0,0,0,2,2,0,0,2,0,2,2,0,0,0,0,2,2,0,0,0,0,0,0,0,0,0,2,0,0,0,2,0,0,0,0,0,0,0,0,0,0,2,2,0,0,0,2,0,0,2,2,2,2,2,2,0,2,2,0,0,2,0,0,0,0,0,0,0,0,0,0,2,0,0,0,0,0,0,0,0,0,0,0,0,2,2,0,0,2,0,0,0,2,0,0,0,2,0,0,0,0,2,0,0,0,0,0,0,0,0,0,0,0,2,0,0,0,0,2,0,0,0,0,2,0,0,0,0,0,0,0,2,0,0,0,0,2,0,0,NA,0,0,0,2,0,0,2,0,2,0,0,2,0,0,0,2,0,0,0,0,0,0,0,0,0,0,0,0,0,0,0,0,0,2,2,2,0,0,0,0,0,0,0,0,2,0,2,0,0,0,0,0,0,2,0,0,0,0,0,0,0,0,2,0,0,0,0,0,2,0,0,0,0,0,2,0,0,0,2,2,0,2,0,0,0,2,0,0,0,2,0,0,0,0,0,0,2,2,0,0,0,0,0,0,0,0,0,0,2,2,0,0,0,2,0,0,0,0,2,0,0,0,0,0,2,0,0,0,0,0,0,2,0,0,0,0,0,0,0,2,0,0,0,0,0,0,0,0,0,0,0,0,0,2,2,2,0,0,0,0,0,0,0,0,0,0,0,0,2,0,0,0,2,0,0,0,0,2,0,0,0,2,2,0,2,0,0,0,2,0,0,0,0,2,0,2,0,2,0,2,0,2,0,0,0,0,0,0,0,0,0,0,0,0,2,0,0,0,0,0,0,0,2,0,0,0,0,0,0,2,0,0,0,0,0,0,0,0,0,0,0,0,2,0,0,0,0,0,0,0,0,0,0,0,0,0,0,2,0,0,0,2,0,0,0,0,0,0,0,2,2,0,0,0,0,0,0,0,0,0,0,0,2,0,0,2,0,0,0,0,0,0,0,0,0,0,0,0,0,0,0,0,0,0,0,0,0,2,0,0,0,0,2,0,0,0,0,0,0,0,0,2,0,0,0,2,0,0,0,0,0,0,0,0,0,0,0,0,0,0,0,0,2,2,0,0,0,2,0,0,0,0,0,0,0,0,0,0,0,2,0,0,0,0,0,0,0,0,0,0,0,0,0,0,0,0,0,0,2,0,0,0,0,0,0,0,0,0,0,0,0,0,0,0,0,0,0,2,0,0,0,0,0,0,0,0,0,0,2,2,0,0,0,0,0,2,2,0,0,0,0,0,0,0,0,0,0,0,0,2,2,0,2,0,2,0,0,0,0,0,0,0,0,2,0,0,0,0,0,2,0,0,0,0,2,0,0,0,0,0,0,0,0,0,0,0,0,0,0,0,0,0,0,0,0,2,0,0,0,0,0,2,0,0,0,0,2,0,2,0,0,2,0,0,0,0,0,2,0,0,2,2,2,0,0,2,0,0,0,2,0,0,2,0,0,0,0,0,0,2,0,0,0,0,0,0,2,0,2,0,0,0,0,0,0,0,0,0,0,0,2,0,0,0,0,2,0,0,0,0,0,0,2,0,2,0,0,0,0,0,0,0,0,0,0,0,2,0,0,0,0,0,0,2,0,0,0,0,2,0,0,0,0,0,0,2,0,2,0,2,0,0,2,2,0,0,0,2,0,0,2,0,0,0,2,0,0,2,2,0,0,0,0,0,2,0,2,0,2,2,2,2,0,0,2,0,0,0,0,0,0,2,0,0,0,0,0,0,0,0,0,0,0,0,2,0,2,0,0,0,0,0,0,0,0,0,0,2,2,0,0,2,0,2,0,0,0,0,2,0,0,0,2,0,0,0,0,0,0,0,0,0,0,0,0,2,0,2,0,0,2,0,0,2,0,0,2,0,0,0,0,0,0,2,0,0,0,2,0,0,0,0,0,0,0,0,0,0,0,0,0,2,2,0,0,0,0,0,0,0,0,0,0,0,0,0,0,0,0,0,0,0,0,0,0,0,0,2,0,0,0,0,0,0,0,0,0,0,0,0,0,2,2,0,2,0,0,0,0,2,0,2,0,0,0,0,0,0,0,0,0,0,0,0,2,0,2,0,0,2,0,2,2,2,2,2,0,0,0,0,0,0,2,0,2,0,0,2,0,0,0,0,0,0,0,2,2,0,0,0,2,0,0,0,2,0,0,0,0,0,2,0,2,0,2,0,0,0,0,2,2,0,2,0,2,0,0,0,0,0,0,0,2,2,0,0,2,0,2,0,2,0,0,0,0,2,0,0,2,0,2,0,0,0,2,0,0,0,2,0,0,0,0,0,0,0,0,2,0,0,0,2,0,0,2,0,0,0,0,0,0,0,2,0,0,0,0,0,0,0,0,0,0,0,0,2,2,0,0,0,0,2,0,0,0,0,2,0,0,0,0,0,0,0,0,0,0,0,0,0,0,0,0,0,2,0,2,0,0,0,2,0,0,0,0,2,0,0,0,0,0,0,0,0,0,2,0,0,0,0,0,0,0,2,2,0,0,2,0,0,0,0,0,0,0,0,0,0,0,0,2,2,0,2,2,0,0,0,0,2,2,0,0,2,0,0,2,0,0,0,0,0,0,2,2,0,2,0,0,0,2,2,0,0,2,2,2,0,0,2,0,2,0,0,2,2,0,0,2,0,2,0,2,0,2,2,2,0,0,0,0,0,0,0,2,0,2,0,0,2,0,2,0,0,0,0,0,0,0,0,0,2,0,0,0,0,0,0,2,2,2,2,0,0,0,0,0,0,0,2,0,0,0,0,0,0,2,0,2,0,0,2,0,0,0,0,0,0,0,0,2,2,0,0,2,0,0,0,0,0,0,0,0,0,0,0,0,0,0,0,0,2,2,0,0,0,0,0,0,0,0,2,0,0,0,0,0,0,0,0,0,0,0,0,0,0,2,2,0,0,0,0,0,0,0,0,0,0,0,0,0,0,0,2,0,0,0,0,0,0,0,0,0,0,0,2,2,0,0,0,0,0,0,0,2,0,0,0,0,0,2,2,2,0,0,0,0,0,0,0,0,0,0,0,0,0,0,0,2,0,0,0,2,0,0,0,0,0,2,0,0,0,0,0,0,0,0,0,0,0,0,0,0,2,0,0,0,0,2,0,0,2,0,0,0,0,NA,0,0,0,2,2,0,0,0,0,2,0,0,0,2,0,0,0,2,0,0,0,0,2,0,0,0,0,0,0,0,0,0,0,0,0,2,0,0,0,0,0,0,0,0,0,2,2,2,0,0,0,0,2,0,0,0,2,0,0,2,0,2,0,2,NA,0,0,2,0,0,0,2,0,0,0,2,0,0,0,2,0,0,0,0,2,0,0,0,0,2,2,0,0,0,2,0,0,0,2,0,0,0,0,0,0,0,0,0,2,0,2,0,0,0,0,0,0,0,0,0,0,0,0,0,0,0,0,2,0,0,2,0,0,0,0,0,0,2,0,2,0,0,0,0,2,0,2,0,0,0,0,2,0,0,0,0,0,0,0,0,0,0,0,0,0,0,0,0,0,0,0,2,0,0,0,0,0,2,2,0,0,0,0,0,0,0,0,0,0,2,0,0,0,0,2,0,0,0,0,0,0,0,0,0,0,2,0,0,0,2,2,0,0,0,2,0,0,0,0,0,0,0,2,0,0,0,0,0,2,0,0,0,0,0,0,0,2,0,0,0,0,0,0,0,0,0,0,0,0,0,2,0,0,0,0,2,0,0,0,0,0,0,0,0,0,0,0,2,0,0,0,0,0,0,0,2,0,0,0,0,2,0,2,2,0,0,0,0,0,0,0,2,NA,0,0,2,0,0,0,0,2,0,0,0,0,0,0,0,0,0,0,0,0,2,0,0,0,0,0,0,2,0,2,0,0,0,0,2,0,0,2,0,0,2,0,0,0,2,0,0,0,0,0,2,2,0,0,0,0,0,0,2,2,0,0,0,0,0,0,0,0,0,0,0,0,0,0,0,0,0,0,0,0,0,0,0,0,0,0,0,0,0,0,0,0,0,2,0,0,0,0,2,0,0,0,0,2,0,0,0,0,0,0,0,0,0,0,0,0,0,2,0,2,0,0,2,2,0,0,0,0,0,0,0,0,0,0,0,2,0,0,0,0,0,2,0,0,0,0,0,2,2,0,2,0,0,0,2,0,0,0,0,0,0,0,0,0,0,0,0,0,0,0,0,0,2,0,0,0,0,2,0,0,0,0,0,0,0,0,0,0,2,0,0,0,0,0,0,0,2,0,2,0,0,2,0,0,0,0,0,0,0,0,0,0,0,0,0,0,0,0,0,0,0,0,0,0,0,0,0,0,0,0,2,0,0,2,0,0,0,0,2,0,2,0,0,2,0,0,0,0,0,2,2,0,0,0,0,0,0,0,0,0,0,0,0,0,0,2,0,0,0,0,0,0,0,2,0,0,0,2,0,0,0,0,0,0,0,0,0,0,0,0,0,0,0,0,0,0,0,0,0,0,0,0,0,2,0,0,0,0,0,0,0,0,0,0,0,0,0,0,2,0,2,2,2,0,2,2,0,0,0,0,0,0,0,0,0,0,0,0,2,2,2,0,0,0,0,2,0,2,2,0,0,0,0,0,0,0,0,0,0,0,0,0,0,0,0,0,0,0,0,2,0,0,0,0,0,0,0,0,0,0,0,0,0,0,0,0,0,2,0,0,0,0,0,0,0,0,0,0,0,0,0,0,0,0,2,0,0,2,0,0,0,0,0,0,0,2,2,0,0,0,0,2,0,0,0,0,0,0,0,0,0,0,0,0,0,0,0,0,0,0,0,0,0,0,0,0,0,0,0,0,0,0,0,0,0,0,0,0,0,0,0,0,0,2,0,2,0,0,0,0,2,2,2,0,2,0,0,0,0,0,0,0,0,0,0,0,0,0,0,2,2,0,0,0,0,0,0,0,0,2,0,0,0,2,2,0,0,0,0,2,0,0,0,0,0,0,0,0,0,0,0,0,0,0,0,0,0,2,0,0,2,0,0,2,0,2,0,0,0,0,0,0,0,0,0,0,0,0,0,2,2,0,0,0,0,0,0,0,0,0,0,2,0,0,0,0,2,0,0,0,0,0,2,2,0,2,0,2,0,0,2,0,0,0,2,0,0,0,0,0,2,2,0,0,0,0,0,0,2,0,0,2,0,2,0,0,0,2,0,2,0,0,0,0,2,0,0,0,2,2,2,0,0,2,0,0,0,0,2,2,2,2,0,0,0,2,0,0,0,2,0,0,2,2,0,0,0,0,0,2,0,0,0,2,0,0,0,2,2,2,0,2,0,0,0,2,0,0,2,2,0,0,0,0,0,0,0,0,0,0,0,0,0,0,0,2,2,0,0,0,0,0,0,0,0,0,0,2,0,0,0,0,0,0,0,0,0,2,0,0,0,0,0,2,2,2,0,0,0,0,0,0,0,0,2,0,0,0,0,0,0,0,0,0,0,0,0,0,0,0,0,0,0,0,0,0,0,2,0,0,0,0,2,2,0,0,0,0,0,0,0,2,0,0,2,2,2,0,0,0,2,0,0,2,2,2,0,0,0,0,0,2,0,0,0,0,0,0,0,2,0,0,0,2,2,2,0,0,2,0,2,2,2,0,0,2,0,0,0,0,0,2,2,0,0,0,0,0,2,0,2,0,0,0,2,2,0,2,2,0,0,0,0,0,0,NA,0,0,0,0,0,0,0,2,2,0,0,2,0,0,0,0,2,0,2,0,0,0,0,0,0,0,0,0,0,2,0,0,0,0,0,0,0,0,0,0,0,0,0,0,0,0,2,2,0,0,0,2,0,0,0,0,0,0,0,2,0,0,0,0,0,2,0,0,0,0,2,0,0,0,0,0,0,0,0,0,0,0,2,2,0,2,0,0,0,2,0,2,0,0,0,0,0,0,0,0,0,0,0,0,2,0,0,0,0,0,0,0,0,2,0,2,2,0,0,0,2,0,0,0,0,2,0,0,0,0,0,0,2,0,2,2,0,0,2,0,2,NA,0,0,0,0,2,0,0,0,0,0,0,2,2,2,0,0,0,2,0,0,0,0,0,2,0,2,0,2,2,2,0,0,2,0,0,0,0,0,2,2,0,0,0,0,2,0,0,0,0,0,0,0,0,0,0,0,NA,2,0,0,0,2,0,0,0,2,2,2,0,0,0,2,2,0,0,0,0,0,0,0,0,2,2,2,0,2,0,0,2,0,0,2,0,0,0,0,2,0,0,0,0,0,0,0,0,0,0,0,0,2,0,2,2,0,0,0,0,0,0,2,0,0,0,2,0,0,0,2,2,0,0,0,0,0,0,2,0,0,0,0,0,2,0,0,0,0,0,2,2,0,0,2,0,0,0,0,0,0,0,2,0,2,2,0,2,2,0,0,0,0,0,0,0,0,0,2,2,2,0,0,0,0,2,0,0,0,0,0,0,0,2,0,0,2,0,0,0,2,0,2,0,2,0,0,0,0,0,0,2,0,2,0,2,2,0,2,0,2,2,0,0,0,0,0,0,0,0,0,2,0,2,2,2,2,0,0,0,2,0,2,2,2,0,2,0,0,0,0,0,0,2,0,2,2,0,0,0,2,0,0,2,0,0,0,0,0,0,0,0,2,0,0,0,0,0,0,0,0,0,0,0,0,0,0,0,0,0,2,0,0,2,2,0,2,0,2,2,0,2,0,0,2,0,0,2,2,0,0,0,2,2,2,0,2,0,0,0,2,2,2,0,2,0,2,0,0,2,0,0,0,0,0,0,0,0,0,2,0,0,2,2,0,0,2,0,2,0,0,0,0,0,0,0,0,0,0,0,0,0,0,0,0,0,2,0,0,2,0,2,0,0,0,2,2,0,2,2,2,0,0,0,2,0,2,0,2,0,2,2,0,0,0,0,2,0,0,0,0,0,0,0,0,2,0,0,0,0,0,2,2,0,2,0,2,2,0,0,2,0,0,0,0,2,0,0,0,0,0,2,0,2,0,0,2,0,0,0,0,2,0,0,0,0,0,0,0,0,0,0,0,0,0,2,2,2,0,2,2,0,2,NA,0,0,0,2,0,0,2,0,0,0,0,0,0,2,0,2,2,0,0,2,2,2,0,0,0,2,0,2,0,2,2,0,2,0,0,2,0,2,0,0,0,2,2,0,0,0,0,0,0,0,0,2,0,0,0,0,0,0,0,0,0,2,0,0,0,0,0,2,2,0,2,0,2,0,0,0,0,2,0,2,2,0,0,0,0,2,2,0,0,2,0,0,0,0,2,0,0,0,2,0,2,0,NA,0,0,0,0,0,0,0,0,0,0,0,0,2,0,0,0,2,0,0,0,0,0,2,2,2,0,0,0,2,2,0,2,NA,0,2,0,0,2,2,0,0,2,2,2,2,2,0,0,0,2,2,0,0,0,0,2,0,0,2,0,0,0,2,0,0,2,0,2,0,0,2,0,2,0,2,0,2,2,0,0,2,0,0,2,0,0,2,2,2,0,0,2,2,2,0,2,0,2,0,0,2,0,0,0,0,0,0,2,NA,0,0,0,0,2,0,2,0,0,0,0,0,0,NA,0,0,0,0,2,0,0,0,0,2,0,2,2,0,0,2,0,2,0,0,0,0,2,0,0,0,0,0,0,0,0,0,0,0,0,0,2,0,0,0,0,0,0,2,2,2,2,0,2,0,0,0,2,0,0,0,0,2,0,0,2,2,2,0,0,0,2,2,0,0,0,0,2,2,2,0,0,0,0,2,2,0,2,0,2,0,2,0,2,2,0,0,2,0,0,0,2,0,0,0,0,0,0,2,2,0,0,0,0,0,0,0,0,2,0,0,0,0,2,0,0,0,2,0,0,0,2,0,0,0,0,0,0,0,0,0,0,2,0,2,2,0,0,0,2,2,0,2,2,2,0,0,0,0,0,0,0,0,2,0,0,0,2,0,0,0,0,0,0,0,0,0,0,0,0,0,0,0,0,2,0,2,0,NA,2,0,2,0,0,2,2,0,0,0,2,0,0,0,0,0,0,0,0,2,0,2,2,2,0,2,0,0,0,0,0,2,0,0,0,0,2,0,0,0,0,0,0,0,0,0,0,0,0,0,2,0,0,0,0,0,0,0,2,0,0,0,0,2,0,2,0,0,0,NA,0,2,0,0,0,2,0,0,0,0,0,0,0,0,0,0,0,2,0,2,0,0,0,0,0,2,0,0,0,0,0,0,0,0,0,0,0,2,0,0,0,0,0,0,0,0,2,0,0,0,2,0,0,0,0,0,0,0,0,0,2,0,0,0,0,0,0,0,0,2,0,2,2,0,0,0,0,0,0,0,0,0,0,0,0,0,2,0,0,0,0,0,0,0,2,0,0,2,2,0,0,2,2,2,2,0,0,0,0,0,0,0,0,2,2
"CC16",0,0,0,0,0,0,0,0,0,0,0,0,0,2,2,2,0,0,0,2,0,2,0,2,0,0,0,0,0,0,0,0,0,0,0,0,0,0,0,0,0,0,0,0,0,0,2,0,2,0,0,0,2,0,2,2,0,0,0,0,0,0,0,2,0,2,0,0,0,0,2,0,0,0,0,0,0,0,0,2,0,2,0,0,0,0,2,0,0,0,0,0,0,0,0,0,0,0,0,0,0,0,0,0,0,2,2,0,0,0,0,0,0,0,0,0,0,0,0,2,0,0,0,2,0,0,2,0,2,0,0,0,0,0,0,0,2,0,0,0,0,0,0,0,0,0,2,0,0,0,2,0,0,0,0,2,0,0,0,0,0,0,0,2,2,0,2,0,0,0,0,2,0,0,0,0,2,0,0,0,0,0,0,0,0,0,0,0,0,0,0,2,0,0,2,0,0,2,2,0,0,0,0,0,0,0,0,0,0,0,0,0,0,2,0,0,2,0,0,0,0,0,0,0,2,2,0,2,0,0,2,0,0,0,0,0,0,2,0,0,0,2,0,0,0,0,2,0,2,0,0,0,0,0,0,0,0,0,0,2,0,0,2,2,0,0,2,0,0,0,0,0,0,2,2,0,0,0,0,0,2,0,0,0,0,0,0,0,0,0,0,2,2,0,0,0,0,0,0,0,0,0,0,0,0,0,0,2,0,0,0,0,0,0,0,0,0,0,0,0,0,0,0,0,0,0,0,0,0,0,0,2,2,0,0,0,0,0,0,2,0,0,0,0,0,0,0,0,0,0,0,2,0,0,0,0,0,0,0,0,0,0,0,0,0,0,0,0,0,0,0,0,NA,0,2,2,0,0,0,2,0,2,0,0,0,0,2,0,0,0,0,0,0,0,0,0,0,0,0,0,0,0,2,0,0,0,0,0,0,2,0,0,0,2,2,0,0,2,0,0,0,0,0,0,0,2,0,2,0,2,2,0,0,0,0,2,2,0,0,0,0,0,2,2,0,0,0,2,0,0,0,0,0,0,0,0,0,0,0,2,2,0,0,2,0,0,0,0,0,0,2,0,0,2,0,2,0,2,0,2,0,0,0,0,0,2,2,2,2,2,0,2,0,0,0,0,0,0,0,2,0,0,0,0,0,0,0,0,2,2,0,2,2,0,0,0,0,0,0,2,0,0,0,0,0,0,0,0,0,0,0,0,0,0,0,0,0,0,0,0,0,0,0,2,0,0,0,0,0,0,2,0,0,0,0,0,2,2,0,0,0,0,0,2,0,0,0,0,0,0,0,2,0,0,2,0,0,0,0,0,0,0,0,0,0,2,0,2,2,2,0,NA,0,2,0,0,0,0,2,0,0,0,2,2,0,0,0,0,0,0,0,0,0,0,2,0,0,0,0,0,2,0,0,0,0,0,0,0,0,0,0,0,0,0,2,0,0,0,0,0,0,0,0,2,0,0,0,0,0,0,0,0,0,0,0,0,0,0,0,0,2,0,0,0,0,0,0,0,2,0,0,0,2,0,0,0,0,0,0,0,0,0,0,0,0,0,0,0,0,0,0,0,0,0,0,2,0,2,0,0,0,0,0,0,0,0,0,0,0,0,0,2,0,0,0,2,2,0,0,0,0,0,0,0,0,0,0,2,0,NA,0,0,0,0,0,2,0,0,0,0,0,0,2,0,0,0,0,0,0,0,0,2,0,0,0,0,0,2,0,0,2,0,0,0,0,2,0,0,0,0,0,0,0,0,2,2,0,0,2,0,0,2,0,0,0,2,0,0,0,2,0,0,0,0,0,0,0,0,0,0,0,0,2,2,2,2,2,0,2,0,0,0,0,0,0,0,2,0,2,0,0,0,0,0,0,2,0,2,0,0,0,0,0,0,2,0,2,0,0,0,2,0,0,0,0,0,0,2,0,0,0,2,0,0,2,0,2,0,0,2,2,2,2,0,0,0,0,0,0,0,2,0,2,0,2,0,0,0,0,0,0,2,2,0,2,0,2,0,0,2,0,0,0,0,2,0,2,0,0,0,0,0,0,0,2,2,0,2,2,2,0,0,0,2,0,0,2,0,0,2,2,2,2,2,2,0,0,0,2,0,0,2,0,2,0,0,0,0,0,0,0,2,2,0,0,0,0,2,0,0,2,0,2,0,0,0,0,0,0,0,0,0,0,0,0,0,0,0,2,0,0,0,0,0,0,0,2,0,2,2,0,0,2,0,0,2,0,2,0,0,0,0,0,0,0,0,2,2,0,0,0,2,0,2,0,0,0,0,0,0,0,0,0,0,0,0,0,2,0,2,0,0,2,2,2,0,0,0,0,0,0,0,2,0,2,2,0,0,2,2,0,0,0,0,0,2,2,0,0,0,0,0,2,0,2,0,0,2,0,2,0,0,2,2,2,0,0,0,0,0,0,0,2,0,0,2,0,0,0,0,0,2,2,0,0,0,0,2,0,0,0,2,0,0,0,2,0,0,2,2,0,0,2,0,0,0,0,0,0,0,0,0,0,0,0,2,2,2,0,0,0,2,0,2,2,0,0,2,0,0,0,0,0,2,0,0,0,0,0,0,0,0,0,NA,0,0,0,0,0,0,0,2,0,2,0,0,0,0,0,2,2,2,0,0,2,0,0,2,0,0,0,0,0,0,0,2,0,0,0,0,2,0,0,0,0,0,2,0,0,2,0,2,2,2,0,2,0,0,0,0,0,0,0,0,2,0,0,0,0,0,0,0,0,2,NA,0,0,0,0,0,0,0,0,0,0,0,0,0,0,2,2,0,0,0,0,0,0,0,0,0,0,2,0,0,0,0,0,0,0,0,0,0,2,2,2,0,0,0,0,0,0,0,2,0,0,2,0,2,0,0,2,2,0,0,0,0,0,2,0,0,0,2,0,0,0,0,0,0,0,2,0,0,0,2,0,0,0,0,0,0,0,2,0,0,2,0,0,0,0,0,0,0,0,0,0,0,0,2,0,0,0,0,0,0,0,0,0,0,0,0,0,0,0,0,0,0,0,0,0,0,2,0,2,0,0,0,0,0,0,0,0,0,0,2,0,0,0,2,0,0,0,0,0,0,0,0,0,0,0,0,NA,0,0,0,2,0,0,0,0,0,2,0,0,0,0,0,0,0,0,0,0,0,0,2,0,0,0,0,0,2,0,0,0,0,0,0,0,0,2,2,2,0,0,0,0,0,0,0,0,2,0,0,0,0,0,0,2,2,0,0,2,0,2,0,0,2,0,0,0,0,0,0,2,0,2,0,0,0,0,0,2,0,0,2,0,0,0,0,0,2,0,0,0,0,0,0,0,0,0,0,0,0,0,0,2,0,0,2,2,2,0,0,0,0,0,0,0,2,0,2,2,0,0,2,0,0,0,0,0,0,2,0,0,0,0,0,0,0,0,0,2,0,2,2,0,0,0,0,2,0,0,0,2,2,0,0,0,0,0,0,0,0,0,0,2,0,2,0,0,0,0,0,0,0,0,2,0,0,0,2,0,0,2,2,0,0,2,2,2,0,0,0,0,0,0,0,0,0,2,2,2,0,0,0,0,0,0,0,0,0,0,0,0,2,0,0,0,0,0,0,0,0,0,2,0,0,0,0,0,0,2,2,0,2,0,0,0,0,0,0,0,0,0,0,0,0,0,0,0,0,0,0,0,0,0,0,2,0,2,0,0,0,2,0,0,0,0,0,0,0,0,2,2,0,2,2,2,0,0,0,0,0,0,2,0,0,0,0,0,0,0,0,2,0,0,0,0,2,0,0,0,0,2,0,2,0,0,0,2,0,2,0,0,0,2,0,0,0,2,2,0,2,0,0,0,2,0,0,0,0,0,0,0,0,0,NA,0,2,0,0,2,0,0,0,2,0,2,0,0,0,0,0,2,0,0,0,0,0,2,0,2,0,0,0,0,0,0,0,0,0,2,0,0,0,0,0,0,0,0,0,0,0,2,0,0,0,2,0,0,0,0,0,0,0,0,0,0,0,0,0,0,0,0,0,0,0,0,2,0,0,0,0,0,0,2,2,0,0,0,0,0,0,2,0,0,2,0,2,0,0,0,0,0,0,2,0,2,0,0,0,2,0,2,0,0,0,0,0,0,0,0,0,0,2,0,0,0,0,2,2,0,0,0,0,2,0,0,2,2,2,0,0,0,0,2,0,0,0,0,0,2,0,0,0,0,0,0,0,0,0,0,0,0,0,0,0,0,0,0,0,0,0,0,0,0,0,0,0,0,0,0,0,2,2,2,0,0,0,0,0,0,0,0,0,2,0,0,0,0,2,0,0,0,2,0,0,0,0,0,0,2,0,2,0,0,0,0,2,0,0,0,0,2,0,0,0,0,2,0,0,0,0,0,0,2,0,0,2,0,0,0,0,0,0,0,0,0,0,0,0,0,2,0,0,0,0,0,0,0,0,0,0,0,0,2,0,0,2,0,0,0,0,0,0,0,0,0,0,0,0,2,2,0,0,0,0,0,0,0,0,0,2,0,0,0,0,0,0,0,0,0,0,0,0,0,0,0,0,0,0,0,0,0,0,0,2,0,0,0,0,0,0,0,0,2,0,0,0,0,0,0,2,2,0,0,0,0,0,0,0,0,0,0,0,2,0,0,0,0,2,0,0,0,0,0,2,0,0,0,0,0,2,2,0,0,0,0,0,0,0,0,0,0,2,0,2,2,0,0,0,0,0,2,2,0,2,0,0,0,0,0,2,0,0,2,0,0,0,0,0,0,0,0,2,0,2,0,0,0,0,0,0,2,2,2,0,0,0,0,0,0,0,0,0,0,0,0,0,0,0,0,0,0,0,0,0,0,2,0,2,0,0,0,0,0,0,2,2,0,2,0,2,0,2,2,0,0,0,0,2,0,0,0,0,0,0,0,2,0,0,2,0,2,0,2,2,0,0,0,0,0,0,0,2,0,0,0,0,2,2,0,0,0,0,2,2,0,0,2,0,2,0,2,0,0,0,2,0,2,2,0,0,0,0,0,0,0,0,0,0,0,0,0,2,0,2,0,0,0,0,2,0,0,0,0,2,0,0,0,0,2,0,2,0,0,0,0,0,0,0,2,0,0,0,0,2,0,0,0,0,0,0,0,0,2,0,2,0,0,0,0,2,0,0,0,0,0,0,0,0,0,0,0,0,0,NA,0,0,0,0,0,0,0,2,0,0,0,0,0,2,2,0,0,0,0,0,0,0,0,0,0,0,0,2,0,0,0,0,0,0,0,0,2,0,0,0,0,0,0,0,0,0,0,0,0,0,0,0,0,0,0,0,2,2,0,0,0,0,0,0,0,0,0,0,0,0,0,0,0,0,0,0,0,0,0,0,0,2,0,0,0,0,0,0,0,0,0,0,2,0,2,0,0,2,2,0,0,0,0,0,0,0,0,0,0,0,2,0,0,0,2,0,0,0,0,0,0,0,0,0,0,0,0,0,0,0,0,2,0,2,2,0,0,2,0,2,0,0,0,0,0,0,0,0,0,0,0,0,0,2,0,0,0,0,0,0,2,0,0,0,0,0,0,0,0,0,0,0,2,0,0,2,0,0,0,0,0,0,0,0,0,0,0,0,0,0,2,0,0,0,0,0,2,0,0,0,2,2,2,2,0,2,2,0,0,0,0,0,2,0,2,0,0,0,0,0,0,2,0,2,0,0,0,0,2,0,0,2,0,0,2,0,0,0,0,0,0,0,0,0,0,0,0,2,0,0,0,0,0,2,0,0,0,0,2,0,0,2,0,0,0,0,0,0,0,0,0,2,0,0,0,0,2,0,0,0,0,0,0,0,0,0,2,0,0,0,2,0,2,0,0,2,0,0,0,0,2,2,0,NA,0,0,0,0,0,0,0,2,2,0,0,2,2,0,0,0,0,0,0,0,2,2,0,0,2,0,0,0,0,0,2,0,0,0,0,0,2,0,2,0,2,0,0,2,0,2,0,0,0,0,2,0,2,0,0,0,2,0,0,0,0,0,0,0,2,0,0,0,0,0,0,2,0,0,0,0,0,0,0,2,2,0,0,0,0,0,0,0,0,2,0,2,0,0,0,0,0,0,0,2,0,0,2,0,0,0,0,2,0,0,0,0,0,2,2,0,0,0,2,0,2,0,2,0,0,0,0,0,0,0,0,0,2,2,0,0,0,0,0,0,NA,2,0,2,2,2,0,0,0,0,0,0,0,2,0,0,0,0,0,0,0,0,2,0,0,0,0,0,0,0,0,0,2,0,0,0,0,0,0,0,2,0,0,0,2,2,0,0,2,2,2,0,0,0,2,NA,2,0,0,0,0,0,0,0,0,0,0,0,0,2,2,0,0,0,0,0,0,0,0,2,0,0,0,0,0,0,0,0,0,0,0,2,0,0,0,2,0,2,0,0,0,2,2,0,2,2,0,0,2,2,0,0,2,0,0,2,2,0,0,0,2,0,0,0,2,0,0,0,0,2,0,0,0,0,2,0,0,2,0,0,0,0,0,0,2,0,0,0,0,0,0,0,0,2,0,2,0,0,0,2,0,0,NA,0,0,0,0,0,0,0,0,0,0,2,0,0,0,2,0,0,0,0,0,2,0,2,0,0,0,0,2,0,0,0,2,0,0,0,0,0,0,0,0,NA,2,0,0,2,2,0,0,0,0,0,0,0,2,0,2,0,0,2,0,2,0,0,0,0,0,0,0,0,0,0,0,0,0,0,0,0,0,0,0,0,2,0,0,0,0,0,0,0,0,0,0,2,0,0,0,0,0,0,0,0,0,0,0,0,2,0,0,0,0,0,0,0,0,2,0,0,0,0,0,0,0,0,2,0,0,0,0,2,0,0,0,2,0,0,2,0,0,2,0,0,0,0,0,0,0,0,0,0,0,0,2,0,0,0,0,0,0,2,0,2,0,0,0,0,0,0,0,0,0,2,0,2,0,0,0,0,2,0,0,0,2,0,0,0,0,0,0,0,0,0,0,0,0,0,0,2,2,0,0,0,0,0,0,0,0,0,0,2,2,0,0,0,0,0,0,0,2,2,2,0,0,0,0,2,0,2,0,0,0,0,0,0,2,0,0,0,0,2,0,0,2,0,0,0,0,0,0,0,0,0,0,0,0,2,0,2,2,0,2,0,0,0,0,0,0,0,0,0,0,0,0,0,0,0,0,0,0,0,0,0,0,2,0,0,0,0,0,0,0,0,0,0,0,0,2,0,0,0,0,0,0,0,0,0,2,0,0,2,0,0,0,0,0,0,0,0,0,2,0,0,0,0,0,0,0,0,0,0,0,0,2,0,0,0,0,0,0,0,0,0,0,2,0,0,0,0,0,0,0,0,0,0,0,0,0,0,2,0,0,0,0,2,0,0,0,0,0,0,0,0,0,0,0,0,0,0,0,0,0,0,2,0,0,2,0,2,2,0,0,0,0,0,0,2,0,0,0,0,0,0,0,0,0,0,0,0,0,0,2,0,0,0,2,0,0,0,2,0,2,0,0,0,0,0,0,0,2,0,0,0,0,0,0,0,2,0,0,0,0,2,2,0,0,0,0,0,2,0,0,0,0,0,0,0,0,2,2,0,0,0,0,0,0,0,2,2,0,0,0,0,0,0,0,0,0,2,0,0,0,0,0,0,2,0,2,0,0,2,0,0,0,0,2,0,0,0,0,0,0,2,0,2,0,0,0,0,0,2,0,0,0,0,0,0,0,0,0,2,0,0,0,2,0,0,0,0,0,2,0,2,0,0,0,0,0,0,0,0,0,0,0,2,NA,0,0,0,0,2,0,0,0,0,2,0,0,0,2,0,0,0,0,0,0,0,0,0,0,0,0,0,0,0,0,0,2,0,0,0,0,0,2,2,0,0,0,0,0,0,0,0,0,0,0,0,0,0,0,0,0,0,0,0,0,0,0,0,0,0,0,0,0,0,0,0,0,0,0,0,0,2,0,0,0,0,2,0,0,0,0,0,0,0,0,0,0,0,0,0,0,0,0,2,0,0,2,0,0,0,0,0,0,0,0,0,0,0,0,0,0,2,0,0,0,0,0,0,0,0,0,0,0,0,0,0,0,0,0,0,0,0,0,0,0,0,0,0,0,0,0,0,2,0,0,0,0,0,0,0,0,0,0,0,0,0,0,0,0,0,2,0,0,2,0,0,0,0,0,0,0,0,0,0,0,0,0,2,0,0,0,0,2,0,0,0,0,0,0,0,0,0,0,2,0,0,0,0,0,0,0,0,0,0,0,0,0,0,0,0,0,0,0,0,0,0,0,0,0,2,2,0,0,0,0,0,0,0,0,2,2,2,0,0,0,0,2,2,2,0,0,0,0,0,0,2,0,0,2,0,0,2,0,0,2,0,0,0,0,0,0,0,0,0,0,0,0,0,0,2,0,0,0,0,0,0,0,0,0,0,0,0,NA,2,2,0,0,2,0,0,0,0,0,0,0,0,0,0,0,0,0,0,0,0,0,0,0,0,0,2,0,0,0,0,0,0,0,0,0,0,2,0,0,2,2,2,0,0,0,0,0,0,0,0,0,0,0,0,0,2,0,0,0,2,0,0,0,2,0,0,2,0,0,2,0,0,0,0,2,2,2,0,2,2,0,0,0,0,0,2,0,0,0,2,0,0,2,2,2,2,0,0,2,0,0,0,0,0,0,0,0,0,0,0,0,0,0,0,0,0,0,0,0,0,0,2,0,0,0,0,0,2,0,0,0,0,0,2,2,0,0,2,0,0,0,0,0,0,0,2,0,0,0,0,0,0,0,0,0,NA,0,0,0,0,2,0,0,2,0,2,2,0,2,0,2,0,0,0,0,0,0,0,0,2,2,0,0,0,0,0,0,2,0,0,0,0,0,0,0,0,2,0,0,2,0,0,0,2,0,2,0,0,0,0,0,2,2,2,0,0,2,0,0,0,0,0,0,0,0,0,0,0,0,0,0,0,0,0,2,2,2,0,0,0,0,0,2,0,0,0,0,0,0,0,0,0,0,0,0,0,0,2,0,0,0,0,0,0,0,0,0,0,0,0,0,0,0,0,0,2,0,0,0,0,0,0,0,0,0,0,2,0,0,0,0,0,0,0,0,0,0,0,2,0,2,NA,0,0,0,0,0,0,0,0,0,0,0,2,0,0,0,0,0,0,2,0,0,2,2,2,0,0,0,0,0,0,0,2,2,2,0,0,0,0,0,0,0,0,0,0,0,0,0,0,0,0,0,0,0,0,0,0,0,2,0,2,0,0,NA,0,0,0,0,0,0,2,0,0,0,0,0,0,NA,0,0,0,0,0,0,0,2,2,0,0,0,2,0,0,0,0,2,0,0,0,0,0,0,0,0,0,0,0,0,0,0,2,0,2,0,0,2,0,0,0,2,0,0,0,2,2,0,2,2,0,0,0,0,0,0,0,0,0,0,0,0,0,0,2,0,0,0,0,2,0,0,0,2,0,0,0,0,0,0,0,0,0,0,0,0,0,0,0,0,0,0,2,0,0,0,0,0,0,0,0,2,0,2,0,0,0,0,0,0,0,0,0,0,0,0,0,0,0,0,0,0,0,0,0,2,0,0,0,2,0,0,2,0,0,0,0,0,0,0,0,0,0,2,2,0,2,0,0,2,0,0,0,2,0,0,0,0,0,0,0,0,0,0,0,0,0,0,0,0,0,0,0,0,0,2,0,0,0,0,0,2,2,2,0,0,0,2,0,0,0,0,0,2,0,0,0,0,0,2,0,0,0,2,0,0,0,0,0,2,0,2,0,0,0,2,2,0,0,2,2,2,2,0,2,0,0,2,0,0,0,2,0,0,0,0,0,0,0,0,2,0,2,2,2,2,0,0,0,0,0,0,2,0,0,0,0,0,0,0,0,0,0,0,0,0,2,0,2,2,0,0,0,2,0,0,2,0,0,0,0,0,0,0,0,0,0,0,2,0,0,0,0,2,0,0,0,2,0,0,0,0,0,0,0,0,2,2,0,0,0,2,0,0,0,0,0,2,0,0,0,0,0,2,2,2,0,2,0,0,0,0,0,0,0,0,0,2,0,NA,0,0,0,NA,0,0,0,2,0,0,0,2,2,0,0,0,0,2,0,0,2,0,0,0,0,0,0,0,0,0,0,0,0,0,0,0,0,0,2,0,0,2,2,0,0,0,0,0,0,0,0,0,2,0,0,2,0,0,2,0,0,0,0,0,0,0,0,0,0,0,0,0,0,0,0,2,0,0,2,0,2,0,0,0,0,0,0,0,0,2,0,0,2,2,0,2,0,0,0,2,2,0,0,0,2,0,2,2,2,2,0,0,2,2,2,0,0,2,2,2,0,0,0,0,0,0,0,0,2,0,2,0,2,0,0,0,0,0,0,0,2,2,2,0,0,2,0,0,0,2,0,0,2,2,0,2,0,0,0,0,2,0,2,0,0,0,0,0,2,0,0,0,0,0,2,2,0,0,0,0,0,0,2,2,0,2,0,2,0,0,0,0,0,2,0,0,0,0,0,0,0,0,0,0,0,0,0,0,0,2,0,0,0,0,0,0,0,0,0,0,0,0,0,0,0,2,0,0,0,0,2,0,0,0,0,0,2,0,2,2,0,0,0,0,2,0,0,0,0,2,2,2,0,0,0,2,0,2,0,0,0,0,0,2,0,2,0,0,0,0,2,0,0,0,0,2,2,0,2,0,0,0,0,0,0,0,2,2,0,0,0,0,0,0,0,2,0,0,2,0,0,0,0,0,0,0,2,0,0,0,0,2,0,0,0,0,0,0,0,0,0,0,0,0,2,0,2,0,2,0,0,0,0,0,0,0,0,0,2,0,0,0,0,0,0,0,0,2,2,2,0,0,0,0,0,0,0,0,0,0,2,2,0,0,0,0,0,2,0,0,0,0,0,0,0,0,0,0,0,0,0,0,0,0,0,2,0,0,0,0,2,0,0,0,0,0,0,0,0,0,0,2,0,0,0,0,0,0,0,0,0,0,0,0,0,0,0,0,0,0,0,0,0,0,0,2,0,0,0,2,0,0,0,0,0,0,0,0,0,0,0,0,0,2,0,2,0,0,0,2,0,0,2,2,2,0,0,2,0,0,0,0,0,0,0,2,0,0,0,2,0,0,0,0,0,0,0,0,0,0,0,0,0,2,0,2,0,0,0,2,0,0,0,0,0,0,0,0,0,2,0,0,0,0,0,0,0,0,0,0,NA,2,0,0,0,0,0,0,0,0,0,0,0,2,0,0,0,0,2,0,0,2,0,0,0,0,0,0,0,0,0,0,0,2,0,2,0,0,0,0,0,2,0,2,0,0,2,0,2,0,0,0,0,0,0,0,0,0,0,0,0,0,0,2,0,2,2,0,0,2,2,2,2,2,0,2,0,0,NA,0,0,2,2,0,0,2,2,0,0,0,0,2,0,2,0,0,0,0,0,2,0,2,0,2,0,0,0,0,0,0,2,0,0,0,0,0,2,0,0,2,0,0,0,0,0,0,0,0,0,0,0,2,0,0,0,2,0,0,0,0,2,0,0,0,0,0,0,0,0,2,2,0,0,0,0,0,0,0,2,0,0,0,0,0,2,0,0,0,2,0,2,2,0,0,0,0,0,0,0,0,0,2,2,2,0,0,2,0,2,0,0,0,2,0,0,0,0,0,0,0,2,0,2,0,2,0,0,0,0,0,0,2,0,0,0,0,0,0,0,0,0,0,0,2,0,0,0,0,0,0,0,2,2,0,2,0,0,0,0,0
"CC161",0,0,2,0,0,0,2,0,0,0,0,0,0,2,2,0,0,0,0,0,2,2,0,0,2,0,0,0,0,2,0,0,0,0,0,0,0,2,2,0,0,2,2,2,NA,0,0,0,0,0,2,0,0,0,0,2,0,0,0,0,0,0,0,0,0,2,0,0,0,0,0,0,0,0,0,0,0,2,0,0,0,0,0,0,0,0,0,0,0,2,0,2,2,0,0,0,0,0,2,0,2,2,2,2,0,0,0,0,0,0,2,0,0,0,0,0,0,0,0,0,0,0,0,0,0,0,0,0,0,0,0,0,0,0,0,0,0,0,0,0,0,0,0,0,0,2,2,0,0,0,0,2,0,0,2,2,0,0,NA,2,0,0,0,2,2,2,0,0,0,0,0,2,0,0,0,0,0,0,0,2,0,0,0,0,0,0,0,2,0,2,0,2,0,0,0,0,0,2,0,0,0,0,2,0,0,2,0,0,0,0,0,0,0,0,2,0,2,0,0,0,2,2,0,0,0,2,0,0,2,0,0,0,0,2,0,0,0,2,0,0,2,0,0,0,0,0,0,0,2,0,0,0,0,0,0,0,2,0,0,0,0,0,0,2,0,0,0,2,0,2,2,0,0,0,0,0,0,0,0,0,0,0,0,0,2,0,0,0,2,0,0,0,0,0,0,0,2,0,0,0,2,0,0,0,0,2,2,0,2,0,0,0,0,0,0,2,0,NA,0,0,2,0,0,2,2,2,0,2,2,0,0,0,2,0,0,0,0,0,2,0,2,0,0,0,2,0,0,0,0,0,2,0,0,0,0,0,0,0,0,0,0,2,0,0,0,0,0,2,0,0,2,0,0,0,0,0,0,0,0,0,0,0,0,0,2,0,0,2,2,0,0,0,0,0,0,0,0,0,0,2,0,2,2,0,0,2,0,0,0,0,0,0,0,0,0,0,0,2,0,0,0,2,2,0,0,2,0,0,0,2,0,0,2,2,0,0,0,0,2,0,0,0,0,0,0,0,0,0,0,0,0,0,2,0,2,0,2,0,0,0,0,2,2,0,2,2,0,0,2,0,2,2,0,2,0,0,NA,0,0,0,2,0,0,0,0,0,0,0,2,0,0,0,0,2,0,0,0,0,0,2,0,0,2,0,0,0,0,0,2,0,0,0,0,2,0,0,0,0,0,2,2,0,2,2,2,0,2,0,0,0,0,0,2,0,0,2,0,0,0,0,2,0,0,0,2,0,0,0,0,0,2,0,0,2,0,0,0,0,0,0,0,0,0,0,2,0,2,2,NA,0,0,2,2,0,0,2,0,0,0,0,2,2,2,2,2,0,0,0,0,0,0,2,0,0,2,0,0,0,0,0,0,0,0,0,0,0,2,2,2,0,0,0,0,0,0,0,0,0,0,2,0,0,0,0,0,2,0,0,2,0,0,0,0,0,0,0,0,2,0,2,0,0,0,0,0,0,0,0,0,0,0,0,0,0,2,0,2,0,2,0,0,0,0,0,0,0,2,0,0,0,0,0,0,2,0,0,0,0,0,2,0,0,2,0,0,0,2,0,0,2,0,0,2,0,0,0,0,0,0,2,0,0,2,0,0,0,0,0,0,2,0,0,0,0,0,0,0,2,0,0,0,0,0,0,0,2,0,2,2,0,0,0,0,0,2,0,0,0,0,0,0,0,0,0,0,0,0,0,2,0,0,0,0,0,0,0,0,0,2,0,2,0,0,0,0,0,0,0,0,0,2,0,0,0,0,0,2,0,0,0,0,2,0,0,0,0,0,0,0,0,0,0,2,2,0,2,0,0,0,0,0,0,0,2,0,2,0,0,2,0,0,0,0,0,0,0,0,0,2,0,0,0,0,0,0,2,0,0,0,0,2,0,0,0,0,0,0,0,0,0,2,0,0,2,0,0,0,2,0,0,0,0,2,0,0,0,0,0,0,0,2,0,0,0,2,0,0,2,0,0,0,0,0,2,0,0,0,0,0,0,2,2,0,0,2,0,0,0,0,0,2,0,0,0,0,0,2,0,0,0,0,0,0,0,0,0,0,0,0,0,0,0,0,0,2,0,0,0,0,2,2,0,0,0,0,0,0,0,0,0,0,0,0,0,0,0,0,0,0,0,0,0,0,0,2,0,0,0,0,0,0,0,2,0,0,0,0,0,0,0,0,0,0,0,0,0,0,0,0,0,2,0,0,0,0,0,0,0,2,2,0,0,0,0,0,0,0,0,0,0,0,2,2,0,0,0,0,0,0,0,2,0,0,0,0,0,0,0,0,0,0,0,0,0,0,2,0,0,0,0,0,0,0,0,2,0,0,NA,0,0,0,0,0,0,2,0,0,2,2,0,0,0,0,0,0,2,2,0,0,0,0,0,0,0,2,2,0,0,2,0,0,0,0,2,0,0,0,2,0,0,0,0,0,0,0,2,0,0,0,2,0,0,0,0,0,0,2,0,0,0,0,2,0,0,0,0,0,0,2,2,0,2,2,0,0,0,0,0,0,0,2,0,0,0,0,0,2,2,0,0,0,0,0,0,2,0,0,2,0,0,0,0,0,0,0,0,0,0,0,0,0,0,0,NA,0,0,0,2,0,0,0,0,0,0,2,0,0,0,0,0,0,2,0,2,2,0,0,0,0,0,2,0,0,0,0,2,0,0,0,0,2,0,0,2,0,0,0,0,0,0,0,2,0,0,0,2,0,0,0,0,2,0,0,0,2,0,0,0,0,0,0,0,0,2,0,0,0,0,0,2,2,0,2,0,0,0,0,2,0,2,0,0,0,0,0,0,0,2,0,2,0,2,2,0,2,0,0,0,0,0,0,0,0,0,0,0,0,0,0,2,0,0,2,0,0,0,0,2,0,2,0,0,2,0,0,0,0,2,0,0,0,2,2,0,2,2,0,0,0,0,0,0,0,0,0,0,0,0,0,0,0,0,0,0,2,0,0,0,0,0,0,0,0,0,2,2,0,2,0,0,0,0,0,0,0,0,2,0,0,0,0,0,0,0,0,0,0,0,0,0,0,0,0,0,0,0,0,0,2,2,0,0,0,0,2,0,0,0,2,0,0,0,0,0,0,0,0,0,0,0,0,2,0,0,0,0,0,0,0,0,0,0,0,0,0,0,0,0,0,0,0,0,0,0,0,0,0,0,0,0,0,0,0,0,0,0,0,0,2,0,0,0,0,0,2,2,0,0,0,0,0,0,0,0,2,0,0,0,0,0,0,0,0,0,0,0,0,0,0,0,0,0,0,0,0,0,0,0,2,0,0,0,0,0,2,0,0,0,0,2,0,0,0,0,0,2,0,0,2,0,0,0,0,0,0,0,0,0,0,0,0,0,0,0,0,0,0,0,2,0,0,0,0,0,0,0,0,0,0,0,0,0,0,0,0,0,0,0,0,0,0,0,0,0,0,2,0,0,0,0,2,0,2,0,0,0,0,0,0,0,0,0,2,0,0,0,0,0,0,0,0,0,0,0,0,0,0,0,0,2,0,0,2,0,2,2,0,2,0,0,0,0,0,NA,0,0,0,0,0,0,0,0,2,0,0,0,0,0,0,0,0,0,0,2,0,0,0,0,0,2,0,0,0,2,0,0,0,0,0,0,2,2,0,0,0,0,0,0,0,0,0,0,0,2,0,2,2,0,0,0,0,2,2,0,2,2,0,2,0,0,0,2,2,0,0,0,0,0,0,2,0,0,0,0,0,2,2,0,0,0,0,2,2,0,0,0,0,2,0,0,0,0,0,0,0,0,2,2,0,0,0,0,0,0,0,0,2,0,2,2,0,2,2,0,0,0,0,0,2,2,0,0,2,0,0,2,0,0,0,0,0,0,0,0,0,0,0,0,0,0,2,0,0,0,0,0,2,0,2,0,0,0,0,0,0,0,0,0,2,0,0,2,2,2,0,0,0,0,0,0,0,0,0,0,0,0,0,0,0,0,0,0,0,0,2,0,0,0,0,0,0,0,2,2,0,0,2,0,0,2,0,0,0,0,0,0,0,0,0,0,0,0,0,0,0,0,0,0,0,0,0,0,0,2,2,0,2,0,0,2,0,0,0,0,0,0,0,0,2,0,0,0,2,2,0,0,2,0,0,0,0,0,0,0,0,0,0,2,0,0,0,0,0,2,0,2,0,0,2,0,0,0,0,0,0,0,2,0,0,0,0,0,0,0,0,0,0,2,2,2,0,0,0,2,0,0,0,0,2,2,0,0,0,0,0,0,2,2,2,2,2,2,0,0,0,0,0,0,0,2,0,0,0,2,0,0,2,0,0,0,0,0,0,0,2,0,0,2,0,0,0,2,2,0,0,0,0,0,0,2,0,2,0,2,0,2,0,0,0,0,0,0,0,0,2,2,2,0,0,0,0,0,0,0,0,0,2,0,2,0,0,2,0,0,0,2,0,0,0,0,0,2,0,2,0,0,0,0,0,0,0,0,0,0,0,0,0,2,0,0,2,0,0,0,0,0,2,2,0,0,0,0,0,0,0,0,0,0,0,0,0,2,0,0,0,0,2,0,0,0,0,0,0,0,2,0,0,0,2,0,0,0,0,2,0,2,0,0,0,0,0,2,0,0,0,0,0,0,0,0,0,0,0,0,2,0,2,0,0,0,0,0,0,0,0,0,0,0,0,0,0,0,0,0,2,0,0,0,0,0,0,0,0,0,0,0,0,0,0,0,0,0,0,0,0,0,2,0,2,0,2,0,0,0,0,0,0,0,0,2,0,0,0,0,0,0,0,0,0,0,0,2,2,2,0,0,0,0,0,0,0,2,0,2,0,0,0,0,0,0,0,0,0,0,2,0,2,0,2,0,0,0,0,2,2,0,0,0,0,0,0,0,0,0,0,0,0,0,0,0,0,0,2,2,0,0,0,0,0,0,0,0,0,0,0,0,0,2,0,2,0,0,2,0,0,0,0,0,0,2,0,0,2,2,0,2,0,0,2,0,2,0,0,2,0,0,0,0,2,0,0,0,0,0,0,0,0,0,0,0,0,0,0,0,2,2,0,0,0,2,0,0,0,0,0,0,0,0,0,0,0,0,0,0,0,0,0,0,0,0,0,0,0,0,0,0,0,0,0,0,0,0,0,0,0,0,0,2,0,0,0,0,0,0,0,0,0,2,0,2,0,0,0,0,0,0,0,0,2,2,0,0,0,0,0,0,0,0,0,0,2,0,0,0,2,2,0,0,2,2,0,0,0,2,0,2,0,0,0,0,0,2,0,2,0,0,0,0,0,0,0,0,0,0,0,0,0,2,0,0,0,0,2,0,0,2,0,0,0,0,0,0,0,0,0,2,2,0,0,0,0,2,0,0,0,0,0,0,0,2,0,2,0,2,2,2,0,0,2,0,0,0,0,0,2,0,0,0,0,0,0,0,0,2,0,0,0,0,0,0,0,0,0,0,0,0,0,0,0,0,0,0,0,0,0,0,0,0,0,0,0,0,0,2,0,0,2,0,0,0,0,2,0,0,0,0,0,0,0,2,0,0,0,0,0,0,0,2,0,0,0,0,0,0,0,0,0,0,2,0,2,0,0,0,0,0,0,0,0,0,0,0,0,0,2,0,0,0,0,0,0,0,0,0,0,2,0,0,0,0,0,0,0,0,0,0,0,0,2,0,0,0,0,0,0,0,0,0,0,2,0,0,0,0,2,0,0,2,0,0,2,0,0,0,0,0,0,0,0,0,0,0,2,2,0,0,0,0,0,2,0,0,0,0,2,0,0,0,0,0,0,0,0,0,0,0,0,0,0,0,0,0,0,0,0,0,0,0,0,0,0,0,0,0,0,0,0,0,2,0,0,0,0,0,0,0,2,0,0,NA,0,0,0,0,0,0,2,2,0,0,0,0,0,2,0,0,2,2,2,0,0,0,0,0,0,0,0,0,0,2,0,2,0,0,0,0,2,2,2,0,2,2,0,0,2,0,0,2,2,0,2,0,2,0,0,0,0,0,0,2,0,0,2,0,2,0,0,0,0,0,0,0,2,2,0,0,2,2,0,2,0,0,0,0,0,2,2,0,0,0,0,0,0,2,0,0,0,0,0,0,0,0,0,0,0,0,0,2,0,0,0,0,0,0,0,0,0,0,0,0,0,0,2,0,0,0,0,0,0,2,0,2,0,0,0,2,0,0,0,0,0,2,0,0,2,0,0,0,0,0,2,0,0,2,0,2,0,0,2,2,2,2,2,2,0,0,2,0,2,0,2,0,0,0,0,0,2,2,0,2,0,0,0,0,0,2,0,0,0,0,0,0,2,2,2,0,0,2,0,0,2,0,0,2,2,0,0,0,2,0,0,2,0,2,0,2,0,0,0,2,2,0,0,0,0,0,2,2,0,0,0,2,0,0,2,2,0,0,0,0,0,0,0,0,0,0,0,0,2,2,2,0,0,0,0,0,0,0,0,2,2,0,0,2,0,0,2,2,0,0,2,0,2,0,2,0,0,0,0,0,0,0,0,0,0,0,0,0,0,2,2,0,0,0,0,0,0,2,0,0,0,0,0,0,2,2,0,0,0,0,0,0,0,2,0,0,NA,0,2,2,0,0,0,2,2,NA,0,2,2,0,2,0,2,2,2,2,0,0,0,2,0,2,0,0,0,2,2,0,0,0,0,0,2,0,0,2,0,0,0,0,0,0,2,0,0,0,0,0,0,2,0,0,0,0,0,0,0,0,0,0,0,0,0,0,0,0,2,0,2,0,0,0,0,0,0,0,0,0,0,0,0,0,0,0,0,2,0,0,0,2,0,0,0,2,0,0,0,2,0,0,0,0,0,0,0,0,0,0,2,0,0,0,0,0,0,0,0,0,0,2,2,0,0,0,0,0,0,2,0,0,0,2,0,0,0,2,2,2,2,0,0,0,0,0,2,0,0,2,0,2,0,0,0,0,0,0,2,0,2,2,2,0,0,0,0,0,2,2,2,2,2,NA,2,0,2,0,0,0,0,0,0,0,0,0,0,0,0,0,0,0,0,0,0,2,2,0,0,0,0,0,0,0,0,2,0,0,0,0,0,0,0,0,0,0,0,0,0,2,2,0,0,2,0,0,2,2,0,0,0,0,0,2,0,0,0,0,0,2,2,0,2,2,2,0,0,2,2,0,0,2,0,0,0,0,2,0,0,0,0,0,0,0,0,2,0,2,0,0,0,0,2,2,0,0,0,0,2,0,2,0,0,0,0,2,2,2,0,0,2,0,NA,2,NA,0,0,0,0,0,0,0,2,2,0,0,0,2,0,2,0,2,2,0,2,0,0,0,0,0,0,0,0,0,0,0,2,0,0,0,2,0,0,0,2,0,0,0,0,0,2,2,0,2,2,0,2,0,0,2,2,2,2,0,0,0,0,0,0,0,0,2,0,0,0,0,0,0,0,0,0,2,2,0,0,0,0,0,2,0,0,0,0,2,0,2,0,0,0,0,0,0,2,0,0,0,0,0,0,0,0,0,2,2,0,0,2,2,0,0,0,0,0,0,0,0,0,0,0,0,0,0,2,0,0,2,0,0,0,0,0,0,0,2,2,0,0,0,0,2,2,2,2,2,0,0,0,0,0,2,0,2,2,2,0,0,0,0,0,0,0,0,2,2,2,0,2,0,0,0,2,2,0,0,0,0,0,0,0,0,0,2,2,2,0,0,2,2,0,2,2,0,0,0,2,0,0,0,2,0,2,0,0,2,0,0,0,2,0,0,0,0,0,0,0,0,0,0,0,0,0,0,0,2,0,0,0,0,0,0,0,0,0,0,0,2,0,2,0,0,2,0,0,0,0,0,0,0,0,0,0,2,0,0,0,0,2,0,0,0,0,0,0,0,0,0,0,0,0,0,2,0,0,2,2,2,0,2,0,0,0,0,2,0,0,0,0,0,0,0,0,0,2,0,0,0,2,2,0,2,0,2,2,2,2,0,0,0,0,2,0,0,0,0,0,0,0,0,0,0,2,0,2,0,0,0,0,2,2,0,0,2,0,0,0,2,0,0,0,0,0,2,0,0,2,2,0,0,2,0,2,0,0,2,2,0,2,0,0,0,0,0,2,2,0,0,2,0,2,0,2,0,2,0,2,0,0,0,0,0,2,0,0,0,0,2,0,2,2,2,0,0,0,0,2,2,2,2,0,2,2,0,0,0,2,0,2,0,2,0,0,2,0,0,0,0,2,0,0,0,2,2,2,2,0,2,0,0,0,2,0,2,0,2,0,0,0,0,0,0,0,0,0,2,0,2,NA,0,0,0,0,0,2,0,0,0,2,2,0,0,2,0,0,0,0,0,0,0,0,0,0,0,0,0,0,0,2,0,2,0,0,0,0,0,0,0,0,NA,0,2,0,0,0,0,2,0,2,0,2,0,0,0,0,0,0,0,2,0,0,0,2,0,0,2,0,2,0,2,0,2,2,0,0,2,0,0,0,2,0,2,0,0,0,0,2,0,2,0,0,2,0,0,0,0,0,0,0,0,0,0,0,0,0,2,0,0,0,0,0,2,0,0,0,0,0,0,0,0,0,0,0,0,0,2,0,0,0,2,0,0,0,0,0,0,0,0,0,0,2,0,0,0,2,0,0,0,0,0,2,0,0,0,0,0,2,0,0,0,2,0,0,0,0,0,0,0,0,0,0,0,0,0,2,0,0,0,0,0,0,0,0,2,0,0,2,0,0,2,0,2,0,0,0,0,0,0,0,0,0,0,2,0,0,0,0,0,0,0,0,0,2,0,0,0,0,0,2,0,2,0,0,2,0,0,2,0,0,2,0,2,0,0,0,0,2,0,2,0,0,0,0,0,0,0,0,0,0,0,0,0,0,0,0,0,0,0,0,0,0,0,0,0,0,0,0,2,0,0,0,2,2,2,0,0,0,0,2,2,0,0,0,0,0,0,0,2,0,0,0,0,0,0,0,2,0,0,2,2,0,0,0,2,2,0,0,0,0,0,0,2,2,0,NA,0,0,0,0,0,0,0,0,0,0,0,0,0,0,0,0,2,0,0,0,0,0,0,0,0,0,0,0,0,0,2,0,0,0,0,0,2,2,0,2,2,0,0,2,0,2,0,0,0,2,0,0,2,2,0,0,0,0,0,0,0,0,0,0,0,0,0,0,2,0,0,0,0,0,2,2,0,0,2,2,0,0,0,0,0,0,0,0,0,2,0,0,2,2,0,0,0,0,0,0,0,0,0,0,0,2,2,0,0,0,2,0,0,0,2,0,0,0,0,0,0,0,0,0,0,2,0,0,0,0,0,0,0,2,0,0,0,0,0,0,0,2,2,0,0,0,2,2,0,0,2,0,0,2,2,2,0,2,0,0,2,2,0,0,0,0,0,0,0,0,0,2,0,0,0,0,0,0,0,0,0,0,2,2,0,0,0,0,2,2,2,0,0,0,2,2,0,2,0,2,0,0,2,0,0,0,0,2,0,0,0,0,2,0,0,2,0,2,0,0,2,0,0,0,0,0,0,0,0,0,2,0,0,0,0,0,0,2,2,0,0,0,0,0,0,0,0,0,0,2,0,0,0,0,0,0,0,0,0,0,0,0,0,0,0,0,0,0,0,0,0,0,0,0,0,0,0,0,0,0,0,0,0,2,2,0,0,2,0,0,0,0,0,0,0,0,0,0,0,0,0,0,0,0,0,0,0,0,2,0,0,0,0,0,0,0,2,0,0,0,0,0,0,0,0,0,0,2,2,2,2,0,0,0,0,0,0,0,0,0,0,0,0,0,2,2,0,0,0,2,0,0,0,0,2,2,2,0,0,0,0,2,0,0,0,0,0,2,0,0,0,0,0,0,2,0,2,0,0,0,2,0,0,2,0,2,0,0,0,0,0,0,0,0,0,0,0,0,0,2,0,0,0,0,2,0,0,2,0,0,0,2,0,0,2,2,0,0,0,0,0,2,0,0,0,0,0,0,2,0,0,2,0,0,0,2,2,2,0,0,0,0,0,0,0,0,0,2,0,0,2,0,0,2,0,0,0,2,2,2,2,2,0,0,0,0,0,0,0,0,0,2,0,0,0,0,2,2,2,0,2,2,2,2,0,2,NA,2,0,0,0,0,0,0,0,2,0,0,0,0,0,0,0,2,0,2,2,0,0,2,0,0,2,0,0,0,0,0,2,2,0,0,2,0,2,0,0,0,2,2,0,0,0,2,0,0,2,0,0,0,0,0,0,0,0,0,0,0,0,2,0,2,0,2,0,0,0,0,0,0,0,NA,2,2,0,2,0,0,0,2,0,0,0,0,0,0,0,0,0,0,0,0,2,0,0,0,2,0,0,0,0,2,0,0,2,0,0,0,0,0,2,0,0,0,0,2,2,0,0,0,2,2,0,0,2,0,0,0,0,0,2,2,0,0,0,0,2,0,0,0,0,0,2,0,0,0,0,0,0,0,0,0,0,0,2,0,0,0,2,2,0,0,0,0,0,0,2,0,2,2,2,2,0,0,0,2,0,2,0,0,0,0,2,2,2,0,NA,0,0,0,0,2,0,0,0,0,0,0,0,0,0,2,0,0,0,0,0,0,0,2,0,0,0,0,0,0,0,0,0,0,2,0,2,2,0,2,0,0,0,0,0,0,2,0,0,0,2,0,0,0,2,2,2,2,0,0,0,0,0,2,0,0,0,2,0,2,0,0,0,0,0,0,2,0,2,2,0,0,2,0,2,2,0,2,0,0,2,0,2,0,2,0,0,2,0,0,0,2,0,0,2,2,2,0,2,0,0,0,0,0,0,0,0,0,0,0,0,2,0,0,0,0,0,2,0,0,0,0,0,0,0,0,0,0,2,0,0,0,2,0,0,2,0,0,0,0,0,0,0,0,0,2,2,2,0,2,0,0,0,2,0,2,0,0,0,0,0,0,0,2,0,0,0,0,0,0,0,0,0,0,0,0,2,0,0,0,0,2,0,0,0,2,0,0,2,0,0,0,2,0,0,2,0,0,2,2,0,0,2,0,0,0,0,0,0,0,0,0,0,0,0,0,2,0,0,0,0,0,0,0,0,0,0,0,2,0,0,0,0,2,0,0,0,0,0,0,2,0,0,0,0,2,0,0,0,0,0,0,0,2,0,0,0,0,0,2,0,0,0,0,0,0,0,0,0,0,0,2,0,0,0,0,0,2,0,0,0,0,0,0,0,2,0,2,0,0,2,0,0,0,0,0,0,0,0,0,0,0,0,0,0,0,0,0,0,0,0,2,0,0,0,0,0,0,0,2,2,0,0,0,0,0,0,0,0,0,0,2,0,0,0,0,0,2,0,0,0,2,0,0,0,0,2,0,0,0,0,0,0,0,0,0,0,0,0,0,0,0,0,0,0,0,0,0,0,0,2,0,0,0,0,0,0,0,0,0,0,0,0,0,0,0,0,0,0,0,0,0,0,0,0,0,0,0,0,0,0,0,0,0,0,2,0,0,0,0,0,0,0,2,0,2,0,2,0,0,0,0,0,0,0,0,0,0,0,2,0,0,0,0,0,0,0,0,2,0,2,2,0,0,2,0,0,2,0,0,0,0,0,0,2,0,2,0,2,0,0,0,0,0,0,0,0,2,0,0,0,0,0,0,2,0,0,2,2,0,NA,2,2,0,0,0,0,0,0,0,0,0,0,0,0,0,2,2,0,0,0,0,2,0,2,0,0,0,0,0,0,0,0,0,2,2,0,0,0,0,0,0,0,0,0,0,0,0,2,2,0,0,0,0,0,0,0,0
"CC162",0,0,0,0,2,2,0,2,0,0,0,0,0,0,0,0,0,0,0,0,0,0,0,0,0,2,0,0,0,0,0,0,0,0,0,0,2,0,0,0,0,2,0,0,0,2,0,0,0,2,2,0,0,0,0,0,2,0,2,2,0,0,0,0,2,0,2,0,0,0,0,0,0,0,0,2,2,2,0,0,2,0,2,2,2,0,0,2,0,0,2,0,0,2,0,2,2,0,0,0,0,0,0,0,0,0,0,0,0,2,0,0,2,0,0,0,0,0,2,0,2,0,0,2,2,2,2,0,0,0,0,2,0,0,0,0,0,2,2,2,0,2,0,0,2,0,0,2,0,0,0,0,0,0,0,2,2,0,0,0,0,0,0,0,0,2,0,0,2,0,0,0,2,2,0,2,0,2,0,0,2,2,2,0,0,0,0,0,0,0,2,2,0,0,0,2,0,2,0,2,0,2,2,0,0,0,0,2,2,0,2,0,2,0,0,0,2,0,2,2,0,2,2,0,0,2,0,0,0,2,2,2,0,0,0,2,0,NA,0,0,0,0,0,0,0,2,0,0,0,0,0,2,0,0,2,0,0,0,0,0,0,0,2,0,0,0,0,0,2,0,2,0,2,2,0,0,0,2,2,0,0,0,0,2,0,2,0,2,0,0,0,0,0,0,0,0,0,2,2,0,0,0,0,0,2,0,0,2,0,0,0,0,2,0,0,0,2,0,2,0,0,0,0,0,0,0,2,0,2,0,2,0,2,0,0,0,2,0,0,0,0,2,0,0,2,0,0,0,2,0,0,0,0,0,0,0,0,2,0,2,0,2,0,0,0,0,0,2,0,0,0,0,2,0,0,0,0,2,2,0,0,0,0,0,0,0,0,2,0,0,0,0,0,2,2,2,2,0,2,0,0,0,0,2,2,2,2,2,0,0,2,0,0,0,0,0,2,0,0,2,0,0,0,0,2,0,0,0,2,2,0,2,0,0,0,0,0,0,0,0,0,0,0,0,0,0,0,0,2,0,2,0,0,0,2,0,0,0,0,2,2,0,2,0,0,0,0,0,0,0,2,0,0,2,0,0,0,0,0,0,0,0,0,0,0,0,2,2,0,0,2,0,0,0,0,0,2,0,0,0,0,0,0,0,0,0,2,0,0,2,0,2,0,0,0,0,0,0,2,0,2,0,0,0,2,2,2,2,0,0,0,0,0,0,0,2,0,0,0,0,0,0,0,0,0,0,0,0,0,2,0,0,0,2,0,0,0,0,0,0,0,0,0,2,0,0,0,0,0,2,0,0,0,2,0,0,0,2,2,0,0,0,0,0,0,0,2,0,0,0,0,0,0,0,0,0,0,2,0,0,0,0,2,2,2,0,0,0,0,0,2,0,0,2,0,0,0,0,0,0,0,2,2,2,2,0,0,0,0,2,0,2,0,0,0,0,0,0,0,0,0,2,0,0,0,0,2,0,0,0,0,0,2,0,2,0,0,0,0,0,0,2,0,0,0,0,0,0,0,2,0,0,0,NA,0,0,0,2,2,0,0,0,0,0,0,0,0,0,0,0,2,0,0,0,0,0,2,0,0,0,0,2,0,0,0,0,0,0,0,0,0,2,0,0,2,0,0,0,2,2,2,0,0,0,0,0,0,0,0,2,2,2,0,0,0,0,0,0,0,2,0,0,0,2,0,0,0,0,0,0,0,2,0,0,2,0,0,2,0,0,2,0,0,0,0,0,0,2,0,0,2,2,0,0,2,0,2,2,2,0,0,2,0,0,0,0,0,0,0,0,0,0,0,0,0,0,0,0,0,0,0,0,0,0,2,0,2,0,0,0,0,2,0,0,0,0,2,0,0,NA,0,0,2,0,0,0,2,0,0,0,0,0,2,0,NA,0,0,0,0,0,0,2,0,0,0,0,0,2,0,0,0,2,0,2,0,0,0,0,2,2,0,0,2,0,0,0,0,0,0,0,2,0,0,0,2,0,0,0,0,0,0,2,0,0,2,2,0,0,2,2,2,2,0,0,2,0,0,0,2,0,0,0,0,0,2,0,0,0,0,0,2,0,0,0,0,0,0,0,0,0,0,0,0,0,0,0,0,0,0,0,2,0,2,0,2,0,0,2,0,0,0,0,0,0,0,0,0,0,0,0,0,0,0,0,0,0,2,0,0,0,0,2,0,0,0,0,0,2,0,0,2,0,0,0,0,0,0,0,0,0,2,0,0,0,2,0,0,0,0,0,0,0,0,0,0,0,2,0,0,0,0,0,0,0,0,0,0,0,2,0,0,0,0,0,0,0,0,0,0,0,0,0,0,0,0,2,0,0,0,0,0,0,0,0,0,0,0,0,2,2,2,2,0,2,2,2,0,2,0,0,2,0,0,0,0,2,0,2,0,2,2,0,2,0,0,0,0,0,0,0,2,0,0,2,2,0,2,2,2,0,0,2,0,2,0,0,0,2,0,0,0,0,0,0,0,0,0,0,0,0,0,0,0,0,0,0,0,0,0,0,0,0,0,2,0,2,0,0,0,0,0,2,NA,2,0,0,0,0,0,2,2,0,2,0,0,0,2,0,0,0,0,2,0,0,0,0,0,2,2,2,0,2,2,2,0,0,0,0,0,2,2,2,0,0,0,0,2,0,2,0,0,0,0,0,0,0,0,0,0,2,0,0,2,0,0,0,2,2,2,0,0,0,0,2,0,0,0,0,0,0,0,0,0,0,0,0,0,0,0,0,0,0,0,0,0,0,0,0,0,2,2,0,0,0,0,0,0,0,0,0,0,NA,0,0,0,0,0,0,0,0,0,2,0,0,0,0,2,0,0,2,0,0,0,2,2,0,0,0,0,0,2,0,0,2,0,2,0,0,0,2,0,0,2,0,0,0,0,0,0,0,0,2,2,0,0,2,0,0,0,2,0,2,0,0,0,0,0,0,0,0,0,2,0,2,0,0,2,2,0,0,0,0,0,0,0,0,0,0,0,0,0,0,2,0,0,0,2,0,0,2,2,0,0,2,2,0,0,0,0,2,2,2,0,0,2,0,2,0,0,0,0,0,2,0,2,0,0,0,0,0,0,0,0,2,2,0,2,0,2,2,2,2,0,0,0,0,2,2,0,0,0,0,0,0,0,2,0,2,0,0,0,2,2,0,2,0,0,0,0,0,0,0,0,0,0,0,0,0,0,0,0,0,0,0,2,0,0,0,0,0,0,0,0,0,0,0,2,0,0,2,2,0,0,NA,0,2,2,2,0,0,0,0,2,0,0,2,0,0,2,2,0,0,0,2,0,2,0,0,0,2,0,0,0,0,2,0,2,2,0,0,0,0,0,0,0,0,0,0,0,2,0,0,0,0,0,0,0,0,0,0,0,0,2,0,0,0,2,0,0,0,2,0,0,0,0,0,0,0,0,2,0,0,0,0,0,0,0,0,0,0,0,0,0,0,0,NA,0,0,0,2,0,2,0,2,0,0,0,2,2,2,2,2,0,0,0,0,2,0,0,0,0,0,0,0,0,0,0,0,0,0,0,2,2,2,0,0,2,NA,0,0,0,0,2,0,0,0,0,0,0,0,0,0,0,0,2,0,0,0,0,2,0,0,0,0,2,0,0,0,0,2,0,2,0,0,2,2,0,2,0,0,0,0,0,0,2,2,NA,2,2,NA,2,0,2,0,0,0,0,0,0,0,0,0,0,0,0,0,0,0,0,2,0,0,NA,0,0,2,2,2,2,2,0,2,0,0,0,0,2,0,0,0,2,0,0,0,2,0,0,0,2,0,0,0,0,0,2,0,0,0,0,2,0,0,0,0,0,2,0,0,0,0,0,0,NA,2,2,0,0,0,0,0,0,2,0,0,0,0,2,0,2,0,0,0,0,2,2,0,0,2,2,0,2,2,0,0,0,0,2,0,0,0,0,2,2,2,0,0,0,0,2,0,2,2,2,0,0,2,2,0,0,2,0,0,0,2,2,0,0,0,2,2,0,0,2,2,0,0,0,2,0,0,0,0,0,2,2,2,0,2,2,0,0,0,0,0,0,0,2,2,2,2,0,0,2,0,0,0,0,0,0,0,0,2,2,0,0,0,0,0,0,2,0,0,2,2,0,2,0,2,0,0,0,0,0,2,0,0,0,0,0,0,2,0,0,2,2,0,2,2,2,0,0,0,0,0,0,0,2,0,0,0,0,0,0,2,0,0,0,2,0,2,2,2,2,2,0,0,2,0,0,2,0,2,0,2,2,0,2,0,0,0,0,0,0,0,0,0,0,0,0,2,0,0,0,2,0,2,2,0,2,0,0,0,0,NA,2,0,0,0,0,0,2,2,0,0,0,2,0,2,0,0,0,2,2,2,2,0,0,0,0,0,2,0,2,0,2,0,2,0,0,2,0,2,0,2,0,2,2,0,0,2,0,0,0,0,2,0,0,0,0,0,0,0,0,2,0,2,0,0,0,0,2,0,0,0,0,0,0,0,2,0,0,0,0,0,0,0,0,2,0,2,0,0,0,2,0,0,0,0,0,0,0,0,0,2,2,0,0,2,2,0,0,2,2,0,0,0,0,2,0,0,0,0,0,0,0,0,2,0,0,0,0,0,2,2,2,0,0,0,0,0,0,0,2,0,0,0,0,2,0,2,0,0,0,2,0,0,0,0,0,0,2,0,2,0,0,2,2,0,0,2,2,0,0,0,0,0,2,0,0,0,2,2,2,2,0,2,2,0,0,2,0,0,2,2,0,0,2,0,0,2,2,0,2,0,0,2,NA,0,0,0,0,0,2,2,0,0,0,0,0,2,0,0,2,0,0,0,2,2,0,2,0,0,0,0,0,0,2,0,2,0,2,0,0,NA,2,0,0,0,0,0,0,0,0,2,0,2,0,2,0,0,0,2,2,2,0,2,0,0,0,0,0,0,0,0,0,0,2,0,0,0,0,0,0,0,0,2,0,0,2,2,0,0,0,0,0,0,0,0,2,0,2,0,0,2,2,0,0,2,2,0,0,0,0,0,0,0,0,0,2,2,0,0,0,0,0,0,0,0,0,0,2,2,2,0,0,2,2,0,0,2,0,0,2,0,0,0,2,2,0,2,0,0,0,0,0,0,2,0,0,0,0,2,0,0,0,2,0,2,2,0,0,0,0,0,0,0,0,0,0,0,0,0,0,0,2,0,0,2,0,0,0,2,0,0,0,0,0,0,0,0,0,0,0,0,0,2,2,0,0,0,0,0,0,0,2,0,0,0,0,0,0,0,2,0,0,0,0,0,0,0,0,0,2,0,0,0,0,0,0,0,0,0,0,2,2,0,0,0,0,0,0,0,2,2,0,2,2,0,2,0,2,0,2,0,2,0,0,0,0,2,0,0,0,0,0,2,0,2,0,0,0,0,0,0,0,0,0,2,0,0,2,0,0,0,0,0,0,2,0,0,2,0,0,0,2,2,0,0,2,0,0,0,0,0,0,0,0,0,0,0,0,0,0,0,2,0,0,0,2,0,0,0,0,0,2,2,2,0,0,0,0,0,0,0,2,0,0,0,0,0,NA,0,2,0,0,0,0,2,0,0,0,0,2,0,2,0,0,NA,0,0,0,0,0,0,0,0,0,2,0,2,0,0,0,2,2,0,0,0,0,2,0,0,0,0,0,0,0,0,0,0,0,0,2,2,0,0,0,0,0,0,0,2,2,0,0,0,0,0,0,0,0,0,0,2,0,2,0,2,0,2,0,0,0,0,0,2,0,0,0,0,0,0,0,0,2,NA,0,0,0,0,0,2,2,0,0,2,0,0,0,0,0,2,0,0,0,0,0,0,0,0,2,2,0,0,0,0,2,0,0,0,0,2,0,0,0,0,0,0,0,2,0,0,0,0,0,0,0,0,0,0,0,2,2,0,0,0,0,2,0,0,0,0,0,0,0,0,0,0,0,0,0,0,0,0,0,0,0,0,0,0,2,0,0,2,0,0,0,0,0,0,0,0,2,0,2,0,2,2,0,0,0,0,0,0,0,0,0,0,0,0,0,0,0,0,0,0,0,0,0,2,0,0,0,2,0,0,2,0,0,2,0,0,0,0,2,0,0,0,0,0,0,0,0,0,0,0,0,0,0,0,0,0,0,0,0,0,0,0,2,2,2,0,0,0,0,2,0,0,0,0,0,0,0,0,0,0,0,0,2,0,2,0,2,0,0,0,0,0,0,0,2,0,2,0,2,2,2,0,0,0,0,2,2,2,0,0,0,2,0,0,0,0,0,0,0,0,2,0,0,2,0,0,0,2,0,0,2,0,0,0,0,0,0,0,2,0,2,0,0,0,0,2,0,0,0,0,0,2,0,2,2,0,0,0,0,0,2,0,0,0,0,0,2,2,0,2,0,0,0,0,0,0,0,0,0,0,0,0,2,2,2,0,0,0,0,0,0,0,0,2,0,2,0,0,0,0,2,2,0,2,0,0,0,0,2,0,0,0,0,2,0,0,2,0,2,0,0,0,0,0,0,NA,2,0,0,0,0,2,2,0,0,0,0,0,2,0,0,0,0,0,0,2,0,2,2,0,0,2,0,0,0,0,0,0,0,2,0,0,2,0,0,2,0,0,2,0,0,0,2,0,0,0,2,2,0,2,2,2,0,0,0,0,0,0,0,0,0,0,0,0,0,0,0,0,2,0,0,2,0,0,0,2,0,2,0,0,0,2,0,2,0,0,2,0,0,0,2,0,0,0,0,0,0,0,0,0,0,2,0,2,0,2,2,2,0,0,0,0,0,2,2,0,2,0,0,0,0,0,2,2,0,0,0,2,0,2,2,2,2,2,0,0,0,0,0,2,0,0,0,2,0,2,2,0,0,0,0,0,2,2,0,0,2,0,0,2,2,0,2,2,2,0,0,0,0,0,0,0,2,0,2,0,0,0,2,0,2,0,2,0,0,0,0,0,0,0,2,2,0,0,2,2,0,0,0,0,0,0,2,0,2,2,0,0,0,0,2,2,0,2,2,2,2,0,0,0,0,0,0,2,2,2,2,0,0,0,0,0,0,2,2,2,0,2,0,0,0,0,0,0,2,0,0,0,0,2,2,0,0,0,0,2,0,0,0,0,0,2,0,0,2,0,0,0,2,0,2,2,0,0,0,0,2,0,2,0,0,0,2,2,0,2,0,0,0,0,0,0,0,0,0,0,2,0,0,NA,2,2,0,0,2,2,0,2,0,2,2,2,0,0,0,2,0,0,2,0,2,0,0,0,0,0,0,2,0,2,0,2,2,0,2,0,2,0,2,0,2,2,0,0,2,2,2,0,0,2,2,0,2,2,0,2,2,0,0,2,2,0,2,0,0,0,2,0,2,0,0,0,2,2,2,0,0,2,0,0,2,0,2,2,2,0,2,2,0,0,2,2,2,2,2,0,0,0,2,2,0,0,2,0,2,0,0,2,2,2,0,0,2,0,2,2,0,0,0,2,2,2,2,0,0,2,0,0,0,0,0,0,0,0,0,2,2,0,0,0,0,0,0,0,0,0,0,0,0,0,0,0,0,2,0,0,2,0,0,2,0,0,2,0,0,0,0,0,2,0,0,NA,0,2,0,0,0,0,0,0,2,2,0,0,2,0,0,2,2,0,0,2,2,2,0,0,0,0,0,0,0,0,0,0,0,2,2,0,2,0,2,0,0,0,0,0,0,0,2,0,2,0,0,2,0,0,0,0,0,0,0,0,0,0,2,0,0,0,0,0,0,0,2,0,2,0,0,0,2,0,2,0,0,2,0,0,0,0,2,0,0,0,2,0,2,2,2,0,0,0,0,0,2,0,0,0,0,0,0,0,2,0,0,0,2,0,0,2,0,2,0,0,2,0,0,0,0,0,2,2,0,0,0,0,2,0,0,2,0,0,2,2,0,2,0,2,0,2,0,0,0,2,2,0,2,0,0,2,0,0,2,0,0,0,0,0,0,0,2,0,2,0,0,2,0,0,0,0,0,2,0,0,0,2,2,0,0,0,0,2,0,0,0,0,0,0,0,0,0,0,0,0,2,0,0,0,0,2,0,0,0,0,0,0,2,0,0,2,0,0,0,0,0,2,NA,2,2,0,2,0,0,0,0,0,0,0,0,0,0,0,0,0,0,0,0,0,0,0,0,0,0,0,0,0,0,2,2,0,0,2,0,2,0,0,0,0,0,0,0,0,0,0,0,2,0,0,0,0,0,0,0,0,0,0,0,0,2,2,0,2,0,0,0,0,0,0,2,0,0,0,0,0,0,0,0,0,0,0,0,0,0,0,0,0,0,0,0,0,0,0,0,0,0,2,2,0,0,0,0,0,2,0,0,2,2,0,0,0,0,0,0,2,0,0,0,2,0,0,0,0,0,0,0,0,0,0,0,0,0,0,0,0,0,0,0,0,0,0,0,0,0,0,0,2,2,0,0,0,2,0,0,2,0,0,0,0,0,2,0,0,0,0,0,2,2,2,0,0,0,0,0,0,0,2,0,2,0,0,2,2,0,0,0,0,0,0,2,0,0,0,0,0,2,0,2,2,0,0,2,2,0,0,2,0,2,0,2,0,0,0,0,2,2,2,2,0,2,2,0,0,0,2,0,0,0,0,0,0,0,0,0,0,2,0,0,0,2,2,2,0,0,0,2,0,0,0,2,0,2,0,0,0,0,0,0,0,0,0,0,2,0,0,0,0,0,0,0,2,0,0,0,0,0,0,0,2,0,2,0,2,0,2,0,0,2,0,0,2,0,0,0,0,0,0,0,2,0,0,0,2,0,0,0,0,0,0,0,0,2,2,0,0,0,2,0,0,0,0,0,2,2,0,0,0,0,0,0,2,0,0,0,0,0,0,0,0,0,2,2,0,0,0,0,0,2,2,0,0,0,0,2,0,0,2,0,0,2,0,2,2,0,0,0,0,0,2,0,2,0,2,0,0,0,2,2,2,0,0,2,2,2,0,0,2,0,0,0,0,2,0,0,2,2,2,0,2,0,0,2,2,2,2,0,0,0,0,0,0,0,0,0,2,0,0,0,0,0,0,0,0,0,2,0,0,0,2,0,0,2,2,0,0,2,0,0,0,0,0,0,0,0,2,0,0,0,0,0,0,0,0,0,0,0,0,0,0,0,0,0,0,0,0,0,0,0,0,0,0,0,0,0,0,0,2,2,0,0,2,0,0,0,2,2,0,0,0,2,0,0,2,2,0,0,0,2,0,0,0,0,0,0,2,0,0,0,2,0,0,0,2,0,0,0,0,0,2,0,2,2,0,0,0,0,0,0,0,0,0,NA,0,0,0,2,0,0,0,2,2,0,0,0,2,0,0,0,2,2,0,2,0,0,0,2,0,0,0,2,0,0,0,0,0,0,0,0,0,0,0,0,0,0,0,0,0,2,2,0,0,0,0,0,0,2,0,0,0,2,0,2,0,0,2,2,0,2,0,0,0,0,0,0,2,2,0,2,0,0,2,0,0,0,0,0,0,0,0,2,0,0,0,2,0,2,0,2,0,0,0,2,2,2,0,0,0,2,2,0,0,0,0,0,0,2,0,0,2,2,0,2,0,0,2,0,0,2,2,0,0,0,0,0,0,2,2,0,2,0,0,2,0,0,0,0,0,2,0,0,2,0,0,0,0,2,0,0,0,2,0,0,2,0,0,0,0,0,0,0,0,0,0,0,NA,0,0,2,0,0,0,0,2,0,0,2,2,0,2,0,0,0,0,0,0,2,0,0,2,0,0,0,0,0,0,0,2,0,2,0,0,0,2,2,0,0,0,2,2,0,0,0,2,2,2,0,0,0,0,0,0,0,0,2,0,0,0,0,0,0,2,2,0,0,2,0,0,0,2,0,0,0,0,2,0,0,0,0,0,0,0,0,0,0,NA,0,0,0,0,0,0,0,2,2,0,0,2,2,2,0,0,0,0,0,0,0,0,0,0,0,0,0,2,0,2,0,2,0,0,0,2,0,0,0,0,0,0,2,0,0,0,0,0,0,0,0,0,0,2,0,0,2,0,0,0,2,2,0,2,0,0,0,0,0,0,0,0,0,0,2,0,0,0,0,2,2,0,2,0,2,0,0,0,2,2,2,0,0,0,0,0,NA,0,0,0,0,0,0,0,0,2,2,2,2,2,0,2,0,0,0,2,2,0,0,0,0,0,0,0,0,0,0,0,2,0,0,2,0,2,2,2,0,2,0,0,0,0,0,0,0,0,0,0,0,0,2,0,2,0,2,0,0,0,0,0,0,0,0,0,2,0,0,2,0,0,0,2,0,0,0,0,0,0,0,2,0,0,0,0,0,2,0,0,2,0,0,0,0,0,0,0,0,0,0,0,0,0,0,0,0,0,0,0,0,2,0,0,0,0,0,0,0,0,0,0,0,0,0,2,2,0,0,0,0,0,0,NA,0,0,0,2,2,2,2,2,0,0,0,0,0,2,0,2,0,0,0,2,0,2,0,2,0,2,2,2,0,2,2,0,2,0,0,0,0,2,0,0,0,0,2,0,0,0,2,0,0,0,0,0,0,0,2,0,0,0,2,2,0,2,0,0,0,2,0,2,0,0,2,2,2,0,2,0,0,0,0,0,0,2,0,2,0,2,0,0,2,0,0,2,2,NA,0,0,0,0,0,0,0,0,0,0,0,0,0,0,0,0,0,0,0,0,2,0,0,0,2,0,0,NA,0,2,2,0,0,0,0,0,0,0,0,2,0,2,2,2,0,2,0,2,0,2,2,2,2,2,0,0,0,2,2,2,0,2,2,0,0,0,0,0,0,0,0,2,0,2,0,0,2,0,0,0,0,0,0,0,0,2,2,0,0,0,0,0,0,0,0,2,2,0,0,0,0,2,0,0,0,0,2,0,2,2,2,0,0,0,0,0,0,0,0,0,0,0,2,0,2,0,0,0,0,0,0,0,0,0,2,2,0,0,0,0,0,0,0,0,0,0,0,0,2,0,2,0,0,0,0,0,2,2,0,2,0,0,0,0,0,2,0,0,0,0,2,0,2,2,0,2,0,2,2,0,0,0,0,0,2,2,2,0,NA,2,0,0,2,2,2,2,2,2,2,2,0,0,0,0,0,0,2,0,0,0,0,2,0,0,0,0,0,0,0,2,0,2,0,0,0,2,2,2,2,0,0,2,0,0,0,2,0,0,0,0,0,0,0,0,0,0,0,0,0,0,0,0,0,2,2,2,0,0,0,0,0,0,0,0,0,0,0,0,2,2,0,0,2,0,0,0,0,0,2,0,0,2,0,0,0,0,0,0,0,0,2,0,2,2,0,2,0,0,0,0,0,0,0,0,0,0,0,0,0,0,0,0,0,2,0,0,2,2,2,0,0,2,0,0,0,0,0,0,0,0,0,0,0,2,0,2,2,2,0,0,0,2,NA,0,0,0,0,0,0,0,0,0,0,0,0,2,0,0,2,0,0,0,0,0,0,0,2,0,0,0,0,0,2,0,0,0,0,2,0,2,2,0,0,2,0,2,0,2,0,0,0,2,0,0,0,0,0,0,0,0,0,2,0,2,0,2,0,0,0,0,0,0,0,0,0,0,0,0,0,0,0,0,0,0,0,2,0,0,0,0,0,2,0,0,2,0,2,0,0,2,0,0,0,0,0,0,0,2,0,2,0,2,0,0,0,2,0,0,2,0,0,0,0,0,0,0,2,0,0,0,0,2,0,0,0,0,2,2,0,2,0,2,0,0,0,0,0,2,2,0,2,2,0,0,0,0,0,0,0,0,0
"CC163",2,2,0,0,0,0,2,0,0,0,0,0,0,0,0,2,0,0,0,0,2,0,0,0,2,0,0,2,0,2,0,2,0,0,0,2,0,2,0,0,0,2,0,2,2,0,0,2,0,0,2,2,0,2,0,0,2,0,0,0,2,0,0,2,0,0,0,2,0,2,2,0,0,0,0,0,0,0,0,2,0,0,0,0,0,2,2,2,0,2,0,2,0,0,0,2,0,0,2,2,2,2,0,2,2,0,2,0,0,0,0,2,0,2,2,0,0,0,0,2,0,0,2,2,0,0,0,0,0,0,2,0,0,2,0,0,0,0,0,0,0,0,0,0,0,2,0,2,2,0,2,2,0,2,2,2,0,0,NA,0,0,2,0,0,NA,0,0,0,0,0,0,NA,0,0,0,0,2,0,2,0,0,0,0,0,0,0,0,0,0,2,0,2,0,0,0,0,0,2,2,0,0,0,0,0,0,0,0,0,0,0,0,0,0,2,0,0,2,0,2,0,0,0,0,0,0,2,0,0,2,0,0,0,0,0,0,0,0,0,0,0,2,0,0,0,0,0,0,0,2,0,0,0,0,0,0,0,2,0,0,0,0,0,0,2,0,0,0,0,0,0,0,0,0,0,0,0,0,0,0,0,0,0,0,0,0,0,0,0,0,0,0,0,0,0,0,2,0,0,2,2,0,2,0,2,2,0,0,2,0,2,0,0,0,0,2,0,0,2,0,0,0,2,0,0,2,0,2,0,0,0,0,2,0,0,0,0,0,0,0,0,0,0,0,2,0,0,0,0,0,0,0,0,0,0,0,0,0,0,0,0,0,0,0,2,0,0,0,0,0,0,0,0,0,0,0,0,0,0,0,0,2,0,0,0,0,0,2,0,0,2,0,0,0,0,0,0,0,0,0,0,0,0,2,0,0,0,0,0,0,0,0,0,0,0,0,2,0,2,0,0,0,0,0,0,0,0,0,0,0,0,2,0,0,0,0,2,2,0,2,0,0,0,2,0,2,2,0,2,0,0,0,0,2,0,0,0,0,0,0,0,0,0,0,0,0,0,0,0,0,2,0,0,0,0,0,0,0,2,0,0,0,0,0,2,0,2,0,0,2,2,0,0,0,2,0,0,0,0,0,2,0,0,0,0,0,0,0,0,2,0,0,2,0,2,0,2,0,0,0,2,2,0,0,0,0,0,0,0,0,0,0,2,2,2,0,0,2,0,0,0,0,0,0,2,2,0,0,0,0,0,2,0,0,0,0,0,0,0,0,0,0,0,0,0,0,0,2,0,0,0,0,2,0,0,2,0,0,0,0,0,2,2,0,0,0,0,0,2,2,0,0,2,0,2,2,0,0,2,0,0,0,0,0,0,0,0,0,0,0,0,0,0,0,0,0,0,0,0,2,0,0,0,0,0,2,0,0,2,2,NA,2,2,0,2,0,2,2,0,2,2,0,2,2,0,0,0,0,0,0,0,0,0,0,0,0,0,2,0,0,0,0,0,0,0,0,0,0,0,0,0,0,0,0,2,0,0,0,0,0,2,0,0,0,0,2,0,0,0,0,0,0,0,0,0,0,2,2,2,0,0,0,2,0,0,0,2,2,0,0,0,2,0,0,0,2,2,2,0,2,0,0,0,0,0,0,2,0,0,2,0,2,2,2,0,0,0,0,2,0,0,0,0,0,0,0,2,0,0,2,2,2,0,0,0,0,2,0,0,2,0,0,2,0,0,0,0,0,NA,0,2,2,2,0,0,0,0,0,2,0,0,0,2,0,0,2,2,0,0,0,2,0,0,0,2,0,0,2,0,0,0,0,0,0,2,0,2,0,2,2,0,0,0,2,0,0,0,2,0,2,2,0,0,0,0,0,2,0,0,0,0,0,2,2,0,0,2,2,0,0,0,2,0,2,0,0,0,2,0,2,2,0,2,0,2,2,0,0,0,0,0,2,0,2,0,0,0,0,0,0,0,0,0,0,0,2,0,2,0,0,0,0,0,0,2,0,0,0,0,0,2,0,0,0,2,2,0,2,0,0,0,0,0,0,2,2,2,0,0,0,0,0,0,0,0,0,2,0,0,0,2,2,0,0,0,2,0,0,0,2,0,0,0,0,0,0,0,0,0,0,0,0,2,NA,0,0,0,0,0,0,0,0,0,2,0,0,0,2,0,0,0,0,0,0,0,0,0,0,0,0,2,0,0,2,0,2,0,0,0,2,2,0,0,2,0,0,0,0,2,0,0,0,0,0,0,2,0,2,2,0,0,0,0,0,0,0,0,0,0,2,0,0,0,0,0,0,2,0,0,0,2,0,2,0,2,2,0,0,0,0,0,2,2,0,0,2,0,0,0,0,0,0,0,0,2,0,0,2,0,0,0,0,0,2,0,2,0,0,2,0,0,0,2,0,2,2,0,2,0,0,2,0,2,0,0,2,0,2,2,0,0,0,2,0,0,0,0,0,2,2,0,0,2,0,0,2,2,0,0,0,0,2,2,2,2,0,0,0,0,0,0,0,0,0,0,0,0,0,2,0,2,0,0,0,0,0,0,0,0,0,0,0,0,0,2,0,0,0,0,0,0,0,0,0,2,0,0,0,2,2,2,0,0,0,0,0,0,0,0,0,0,0,0,0,0,0,0,0,0,0,0,2,0,0,0,0,2,0,0,0,0,2,0,0,0,0,0,0,0,0,0,0,0,0,0,0,0,0,0,2,0,0,0,0,0,0,0,0,0,0,0,0,0,0,2,0,0,0,0,0,0,0,0,0,0,2,0,2,2,0,0,0,0,0,0,0,0,0,2,0,0,0,0,0,2,0,2,0,0,0,0,0,0,0,2,2,0,0,0,0,0,0,0,0,0,0,2,0,0,0,0,2,0,0,0,0,0,2,0,0,0,0,2,0,0,2,0,2,0,0,2,2,2,0,0,0,0,0,0,0,0,0,0,0,0,0,0,0,0,2,2,0,0,NA,0,0,0,0,2,0,0,0,0,2,0,0,0,2,0,0,2,0,0,0,0,2,0,0,0,0,2,0,0,0,0,0,0,0,0,0,0,0,2,0,0,0,0,0,0,0,0,2,2,2,2,0,0,0,0,0,0,0,2,0,0,0,0,0,0,0,0,0,0,0,0,0,0,0,0,0,0,0,0,0,0,0,0,0,0,0,2,0,0,0,0,0,0,0,0,0,2,2,0,0,0,0,0,2,0,0,0,0,0,0,0,0,0,2,2,0,0,0,2,0,0,0,2,0,0,0,2,0,2,0,0,0,0,2,0,0,0,0,0,0,0,0,0,2,0,0,0,0,0,2,0,0,2,0,0,2,0,0,0,0,0,0,2,0,0,0,0,2,0,0,0,0,0,2,0,0,0,0,0,0,0,0,0,0,2,0,0,0,0,2,0,0,0,0,0,0,0,2,0,0,0,0,0,0,0,0,0,2,0,0,2,0,0,0,0,0,0,0,0,0,0,2,0,0,0,0,0,0,0,0,0,0,0,0,0,0,2,0,0,2,0,0,2,0,2,0,0,0,0,0,0,0,0,0,0,0,0,0,0,2,0,0,0,0,0,0,0,0,0,0,2,0,0,0,0,0,2,0,0,0,2,0,0,0,0,0,0,2,2,0,0,0,0,0,0,0,0,0,0,0,2,0,0,0,0,0,0,0,0,0,0,0,0,0,0,0,0,0,2,2,0,0,0,0,0,0,0,0,2,0,0,0,2,2,0,0,0,0,0,2,0,0,2,0,2,0,2,0,0,0,0,0,0,0,2,0,0,0,2,0,0,0,0,2,0,2,2,0,0,0,0,0,2,2,0,0,2,0,0,2,0,0,2,0,2,0,0,0,0,0,2,0,0,0,2,0,0,2,0,0,0,0,0,2,0,0,0,0,0,0,0,0,0,2,0,0,0,0,0,0,0,0,0,0,0,0,0,2,0,0,0,0,2,0,0,0,0,0,0,0,0,0,0,0,0,0,0,0,0,0,0,0,0,2,0,0,0,0,0,0,0,2,0,0,0,0,0,0,0,2,0,0,0,0,0,2,0,2,0,2,2,0,2,0,0,0,2,0,0,0,0,2,0,2,0,2,0,0,0,2,2,0,0,2,0,0,0,0,0,0,0,0,0,0,0,0,0,0,0,0,0,2,0,0,0,2,0,0,0,0,0,2,0,0,0,0,0,0,0,0,0,0,2,0,0,0,0,0,0,0,0,0,0,0,0,0,0,0,0,0,0,2,0,0,0,0,0,2,0,0,0,0,0,0,0,0,0,0,0,0,2,2,0,2,2,0,0,0,0,0,2,0,2,0,0,0,0,2,2,0,0,2,0,0,2,0,2,0,0,0,2,0,0,0,0,2,2,0,0,2,0,2,0,2,0,0,0,2,0,0,0,0,0,0,0,0,2,0,0,0,0,0,0,2,0,0,0,0,0,0,2,2,0,0,0,0,2,0,0,0,0,0,0,0,0,0,0,2,2,0,0,0,0,0,0,2,0,0,0,0,0,2,0,2,0,0,NA,0,2,0,0,0,0,2,0,0,0,2,0,0,0,2,0,0,0,2,2,0,0,0,2,0,0,0,0,0,2,2,2,0,0,0,0,0,0,0,0,0,2,0,0,2,0,2,2,0,0,0,0,0,0,0,0,0,0,0,0,0,0,0,0,2,0,0,0,0,0,2,0,0,0,0,0,0,2,0,0,0,0,0,0,0,0,2,0,0,0,0,0,0,0,0,0,0,0,2,2,2,0,2,0,0,0,2,0,0,0,0,2,0,0,0,0,0,0,0,0,0,2,2,0,0,0,0,2,0,0,0,0,0,0,2,0,2,0,2,0,2,0,0,2,2,0,2,0,0,0,0,0,0,0,0,2,0,0,0,0,0,0,2,0,0,0,0,0,0,0,0,0,0,0,2,2,0,2,0,0,0,0,2,0,0,0,0,0,2,2,0,0,2,0,0,0,0,0,2,0,0,0,0,2,0,0,2,2,0,0,0,0,2,0,0,2,0,0,0,2,0,0,0,0,2,2,0,0,0,2,0,0,0,0,0,2,2,0,0,0,0,0,0,2,0,0,0,0,2,2,NA,0,0,0,0,0,2,0,0,0,0,0,0,0,0,0,2,0,0,0,0,2,0,0,0,2,0,0,2,0,2,0,0,0,0,0,0,2,0,2,0,0,0,0,0,2,0,0,0,2,0,0,0,0,2,0,0,0,0,2,0,0,0,0,2,0,0,0,2,2,0,2,0,0,0,0,2,0,0,0,0,2,0,0,0,0,0,0,0,0,0,2,0,2,2,0,0,2,0,0,0,0,2,0,0,0,2,0,0,0,0,0,0,0,0,0,0,0,0,0,0,0,0,0,0,0,0,2,2,0,2,2,0,0,2,0,2,2,2,0,0,0,0,0,0,2,0,0,0,0,0,0,0,0,2,2,0,0,0,0,0,0,2,0,0,2,2,0,0,0,0,0,0,0,2,0,0,0,2,0,0,0,0,0,0,0,0,0,0,0,2,0,0,2,0,0,2,0,0,0,0,0,0,0,0,2,0,2,2,0,0,0,0,0,2,0,0,0,0,0,0,0,0,0,0,0,2,0,0,0,0,0,0,0,0,0,0,0,0,2,0,0,0,0,0,0,0,0,2,0,0,0,2,0,0,0,2,0,0,0,0,0,0,0,0,0,0,0,0,0,0,0,0,0,0,0,0,0,0,2,0,0,2,0,0,0,0,2,0,0,0,2,0,0,2,0,0,0,0,0,0,0,0,0,0,0,0,0,0,2,0,0,2,0,2,0,2,0,0,0,0,0,0,0,0,0,2,0,0,2,0,2,0,0,2,0,0,0,2,2,0,0,2,0,0,0,0,2,0,0,2,2,2,0,0,0,2,0,0,0,2,2,0,0,2,2,0,0,0,2,0,0,0,0,0,0,0,0,0,2,2,0,0,2,0,2,0,0,0,0,0,0,2,0,0,0,2,0,0,0,0,0,0,0,2,0,0,0,0,0,0,2,0,0,0,0,0,0,0,2,2,0,0,2,0,0,0,0,0,2,0,0,2,0,2,0,0,0,0,2,2,2,0,0,0,0,0,0,0,0,0,0,0,0,0,0,0,0,0,2,0,0,0,0,0,0,0,0,0,2,0,2,0,0,0,0,0,0,0,0,0,0,0,0,0,0,2,0,0,0,0,0,0,0,0,0,0,0,0,0,0,0,0,0,0,2,0,2,2,0,0,0,2,0,0,0,0,2,0,0,0,2,2,0,0,2,2,0,2,2,2,0,2,0,0,2,2,2,0,0,0,2,0,0,0,0,0,2,2,2,2,0,0,0,2,0,0,2,0,0,0,0,0,0,0,2,0,0,0,0,0,2,0,0,2,0,0,0,0,0,0,2,2,0,2,2,0,2,0,NA,0,0,0,0,0,2,0,0,0,0,2,0,0,2,0,0,0,0,0,0,0,0,0,0,0,0,0,0,0,0,0,0,2,0,0,0,0,2,0,0,0,0,2,0,0,0,0,2,2,0,0,0,0,0,2,2,2,0,0,0,0,0,0,2,0,0,2,0,0,0,0,0,0,0,0,NA,0,2,0,0,2,0,0,0,2,0,0,0,2,2,0,2,NA,2,2,2,0,0,2,0,0,0,2,0,0,0,0,0,0,0,0,0,2,0,0,0,0,0,0,2,0,0,2,0,0,2,0,0,0,0,0,0,2,0,2,0,2,0,0,0,2,0,0,0,0,0,0,0,0,0,0,0,0,2,0,0,0,0,0,0,2,0,2,0,0,0,0,0,0,0,2,0,0,0,0,0,0,0,0,0,0,0,0,2,0,2,0,0,0,0,0,0,0,2,0,2,0,0,2,0,0,0,0,0,2,0,0,0,0,0,0,2,2,0,0,2,0,0,0,0,0,0,2,0,0,0,0,0,0,0,0,0,0,2,0,0,0,0,0,0,0,0,0,0,0,0,0,0,0,0,0,0,0,0,0,0,0,0,0,0,0,0,0,2,2,0,0,0,0,0,0,0,0,0,0,0,0,2,2,2,0,0,0,2,0,0,2,0,0,2,0,0,0,2,0,0,0,0,0,0,0,0,0,0,0,0,0,0,2,2,2,0,0,0,0,2,2,2,0,0,0,2,0,0,2,0,0,0,0,2,0,0,0,0,0,0,0,0,0,0,0,0,0,0,2,0,0,0,2,0,2,0,0,0,0,2,0,0,2,0,0,2,0,2,2,0,2,0,0,0,0,2,0,0,0,2,0,0,0,0,0,0,2,0,0,0,0,2,0,0,0,0,0,2,0,2,0,0,0,0,0,0,0,2,0,2,0,0,0,0,0,0,0,0,0,0,0,NA,0,0,0,0,0,0,0,2,0,0,0,0,0,0,2,0,2,0,2,2,0,0,2,0,0,0,2,2,0,2,0,0,2,0,0,0,0,0,0,0,0,0,0,0,2,0,0,0,2,0,0,0,2,0,2,0,2,0,0,0,0,2,2,0,0,0,0,2,2,2,2,0,2,0,0,2,0,0,0,0,0,2,0,2,0,2,0,0,0,2,2,0,2,NA,2,2,0,2,0,0,0,0,2,0,0,0,0,0,0,0,0,0,0,0,0,0,2,0,0,0,2,2,0,0,0,0,0,0,0,2,0,0,0,2,2,2,0,0,0,0,0,0,0,0,0,0,0,0,0,0,0,0,0,0,0,0,0,0,0,0,2,2,0,0,2,0,0,2,0,0,0,2,0,2,0,0,0,2,0,0,0,0,0,2,2,0,2,2,0,0,0,0,0,0,0,0,0,0,0,2,2,2,2,0,2,2,0,0,0,2,2,0,0,0,2,0,0,0,0,0,2,0,0,2,2,0,0,2,0,0,0,0,2,0,0,0,0,0,0,0,0,0,0,0,0,0,0,0,0,0,0,2,2,0,0,2,0,2,0,0,0,0,0,0,0,0,0,0,0,0,0,0,0,2,0,0,0,0,0,0,0,0,0,0,0,0,0,2,0,0,0,0,2,2,0,0,0,0,0,0,0,2,2,0,0,2,0,0,0,0,0,0,0,0,0,0,0,0,0,0,0,0,0,2,0,2,0,2,2,0,0,2,2,0,0,0,0,2,0,0,0,0,0,0,0,0,0,2,0,0,2,0,0,0,2,0,2,0,2,2,2,0,2,0,0,0,2,0,0,0,2,2,2,0,0,2,2,0,0,0,2,2,0,0,0,0,0,0,2,0,2,0,0,2,0,0,0,2,0,2,0,2,2,2,0,2,NA,2,0,0,0,0,0,2,0,0,0,0,2,2,0,0,2,0,0,2,0,0,0,2,2,2,0,0,0,0,2,2,0,0,2,2,0,0,2,0,2,2,2,0,0,0,0,2,2,0,2,0,2,0,2,2,0,2,0,2,2,2,0,2,2,0,0,2,0,0,2,2,0,2,0,0,0,0,0,0,2,2,2,0,0,0,0,0,2,0,0,0,2,0,0,0,0,0,0,0,2,0,2,2,0,0,0,2,0,0,0,2,0,0,2,0,0,2,0,0,0,0,0,0,0,0,2,0,0,0,0,2,0,0,0,0,2,0,0,0,0,0,0,2,0,0,0,0,2,0,0,2,0,2,0,0,2,0,0,0,0,0,0,0,0,0,2,0,0,0,0,0,0,2,0,2,0,0,2,0,0,2,0,2,2,2,0,0,0,0,0,2,0,0,2,2,0,0,0,0,0,0,0,0,2,0,0,0,0,0,2,0,2,0,0,2,0,0,2,0,0,2,2,2,0,0,0,0,0,0,0,0,0,0,0,0,0,0,0,0,0,0,0,0,0,0,0,0,0,0,2,0,0,0,2,0,0,0,2,0,0,2,0,0,0,2,0,2,0,0,0,0,0,2,0,0,NA,0,0,2,0,0,0,0,2,0,0,2,2,0,0,2,0,0,0,0,0,2,2,0,0,0,0,0,2,0,2,0,0,0,0,0,0,2,0,0,0,0,0,0,0,0,0,0,0,0,0,0,2,2,0,0,0,0,0,0,2,0,0,0,2,0,0,0,0,0,2,2,0,0,2,0,2,2,0,0,0,0,0,0,0,0,2,0,0,0,0,2,0,0,2,0,0,0,0,0,0,0,0,0,0,0,2,0,0,2,2,0,0,0,2,0,0,0,0,2,2,2,0,2,0,0,0,0,0,0,0,0,0,2,0,2,0,0,0,0,0,0,2,0,0,2,0,0,2,0,0,2,0,0,0,NA,2,0,0,2,2,2,0,0,0,0,0,0,0,0,2,0,2,2,0,0,0,2,0,2,2,2,0,0,2,2,0,0,0,2,0,0,2,2,0,2,0,0,0,0,0,0,2,0,2,2,2,0,0,0,2,2,0,2,0,0,0,0,0,0,0,2,0,0,2,0,0,0,0,0,0,0,0,0,0,0,2,0,2,2,0,0,0,0,2,0,0,0,2,0,0,2,0,0,0,0,0,2,0,0,0,0,0,0,0,0,2,0,2,0,0,0,2,0,0,0,2,2,0,0,0,0,0,0,0,0,0,0,2,0,0,0,2,0,0,0,0,0,2,2,0,0,0,2,0,0,0,0,2,2,0,0,0,0,2,2,0,0,0,0,0,0,0,0,0,0,0,0,2,2,0,0,0,0,0,0,0,0,0,0,0,0,0,0,0,0,2,2,0,0,0,0,0,0,0,0,0,0,0,0,2,0,0,2,0,0,0,0,0,0,0,0,0,0,0,0,2,0,0,2,0,0,0,0,2,0,0,0,2,0,0,2,2,2,0,0,0,0,2,0,0,0,0,0,0,0,0,2,2,2,2,2,0,0,2,0,2,2,0,0,0,0,0,0,0,0,0,0,0,0,0,0,0,0,0,0,2,0,0,0,2,2,2,0,0,0,0,0,0,0,0,2,0,0,0,2,0,0,0,0,0,0,0,0,0,0,0,0,0,0,0,0,2,0,0,0,2,0,0,0,0,2,0,0,2,0,0,0,0,2,2,2,2,0,0,0,2,0,0,0,0,0,0,0,NA,0,0,2,2,2,0,0,2,0,0,0,2,2,0,0,2,0,2,0,0,2,0,0,0,0,0,0,0,2,2,0,2,0,0,0,2,0,2,2,0,0,2,0,0,0,0,0,0,0,0,0,0,2,0,0,0,2,0,0,0,0,0,0,0,0,0,2,0,0,2,0,0,0,0,0,0,2,0,2,0,2,0,0,0,2,0,0,0,0,0,0,0,2,2,0,0,0,0,0,2,2,0,0,2,2,0,0,2,2,2,0,0,2,2,2,0,2,0,2,2,0,0,0,0,0,0,0,0,2,0,0,0,0,0,0,0,0,0,0,0,2,2,2,0,0,2,2,0,0,2,0,0,2,2,0,2,0,0,0,0,2,0,2,0,0,0,0,0,2,0,2,2,0,0,2,2,0,0,0,0,0,0,2,0,0,2,2,2,0,0,0,2,0,2,0,2,0,0,0,2,0,0,0,2,0,2,2,2,2,0,2,0,0,0,0,0,0,2,0,0,0,0,0,0,0,0,0,0,0,0,2,0,2,0,0,0,2,0,0,2,0,0,0,0,2,0,0,0,0,0,2,0,0,0,0,2,0,2,0,0,0,0,0,0,2,0,0,0,0,0,2,2,2,0,0,2,0,2,0,2,2,2,0,0,0,2,0,2,0,2,2,0,2,0,0,0,2,0,2,2,0,0,0,0,0,0,2,0,2,2,2,2,0,0,0,0,0,2,2,0,0,0,2,0,0,0,2,0,0,0,2,2,2,0,0,0,0,0,0,0,2,0,0,0,2,0,0,0,0,0,0,0,0,0,0,0,0,2,0,2,2,2,0,0,0,NA,0,2,0,0,0,2,0,0,0,0,0,0,0,0,0,0,0,0,2,0,0,0,0,0,2,0,0,2,0,0,0,2,0,0,0,2,0,0,0,0,0,2,0,0,0,0,0,0,2,0,2,0,0,0,0,0,0,0,0,0,0,0,2,0,0,0,0,0,0,0,0,0,2,0,0,0,0,0,0,2,0,0,0,0,0,0,2,0,0,0,0,0,0,0,0,0,NA,0,0,2,0,0,0,0,0,0,2,0,0,0,0,0,0,0,0,0,0,0,0,0,0,0,0,0,0,0,2,0,0,0,2,0,0,2,0,0,0,0,2,0,0,0,0,0,0,2,0,2,0,0,2,0,0,0,0,0,0,2,0,0,0,0,2,0,2,2,0,0,0,0,0,0,0,2,0,0,0,2,0,0,2,2,2,0,0,0,2,0,0,0,0,0,0,0,0,0,0,0,0,0,0,2,0,0,0,0,0,0,0,2,2,0,0,2,0,0,0,2,2,0,0,0,2,0,0,0,0,0,0,2,2,0,0,0,0,0,2,0,0,0,2,0,0,0,0,0,0,2,0,0,2,2,0,2,2,0,0,2,0,0,0,0,0,2,0,0,0,2,0,0,0,0,0,2,0,2,0,0,0,0,0,0,0,0,2,0,0,0,0,0,0,0,2,2,0,0,0,0,2,0,0,0,0,0,2,2,0,0,0,0,0,0,2,0,2,0,0,0,0,0,2,0,0,2,2,2,2,0,0,2,2,0,2,0,0,0,0,0,0,2,0,0,0,0,0,0,0,0,0,0,0,0,0,0,0,0,0,0,0,0,2,2,0,0,0,2,0,0,0,0,0,0,0,0,2,0,2,0,0,0,2,0,2,2
"CC164",2,0,0,0,0,2,0,0,0,0,0,0,0,0,0,0,0,0,0,2,2,0,0,2,2,0,2,0,0,2,2,0,0,0,0,0,0,0,0,0,0,2,2,0,0,0,0,0,0,0,2,0,2,0,2,NA,2,0,0,0,0,2,0,0,2,2,0,0,0,0,0,0,0,0,0,0,0,0,0,2,0,0,0,0,0,0,2,0,0,0,0,0,2,0,0,2,0,0,0,0,2,2,0,0,0,2,0,0,0,2,0,0,2,0,0,0,0,0,0,0,0,0,0,2,0,2,2,0,2,0,0,0,0,0,0,0,0,0,2,0,0,0,0,0,0,0,2,0,0,0,0,0,2,0,0,2,0,0,0,0,0,0,0,2,2,0,0,0,2,0,0,2,2,0,0,2,0,2,0,2,2,0,0,0,2,0,0,0,0,2,0,2,2,0,0,2,0,2,0,0,0,0,0,0,0,0,0,2,0,0,0,0,0,0,2,2,2,0,2,0,2,0,0,0,0,2,0,2,0,0,0,0,0,2,0,0,0,0,0,0,2,0,0,0,0,0,0,0,0,0,0,0,0,0,0,0,0,0,0,0,0,2,0,0,2,0,0,0,0,2,0,0,0,2,0,0,0,0,0,0,0,0,0,2,0,0,0,2,2,0,0,0,0,0,0,0,2,2,0,0,0,0,0,0,0,0,2,0,2,0,0,0,0,0,0,2,0,0,NA,0,2,0,0,2,0,0,0,2,2,0,0,0,2,0,0,0,0,0,2,2,2,0,2,2,0,0,0,2,2,0,NA,0,0,0,0,0,2,2,2,NA,0,2,2,0,0,0,0,2,2,0,2,0,0,0,0,0,2,0,2,0,0,0,0,0,0,0,2,2,2,0,0,0,0,0,0,0,NA,0,0,0,0,0,2,NA,2,2,2,0,0,0,0,0,0,0,2,0,0,2,0,0,0,2,0,2,2,0,0,2,0,0,2,0,2,0,0,2,2,0,0,2,0,0,2,2,2,0,0,2,0,0,0,2,0,0,0,0,0,0,0,2,0,0,2,0,0,0,0,0,0,0,0,2,0,0,0,0,0,0,0,0,0,0,0,0,0,2,0,0,2,2,0,2,0,2,0,0,2,2,0,2,0,0,2,0,0,0,0,0,2,NA,0,2,0,0,0,0,0,0,0,2,0,2,0,0,0,0,0,0,0,2,0,0,0,0,2,0,0,0,0,0,2,0,0,2,0,0,0,2,0,0,NA,0,0,0,0,2,0,0,0,2,0,0,0,2,2,0,0,0,0,2,0,0,0,0,2,0,2,0,2,0,0,2,0,0,0,0,0,0,0,0,0,NA,0,0,2,0,0,0,2,0,0,2,0,0,0,0,2,2,0,0,0,0,0,0,0,0,0,0,0,0,2,0,0,0,0,0,0,0,0,0,0,0,0,0,2,0,0,0,0,2,0,0,0,0,0,0,0,0,0,0,0,0,0,0,2,0,2,0,0,0,2,0,0,2,2,0,0,0,0,2,0,0,2,0,0,0,0,0,0,0,0,0,0,0,0,0,0,0,0,0,0,0,0,0,0,0,0,2,2,2,0,0,0,2,0,0,0,0,2,0,0,0,0,0,0,0,2,0,0,0,0,2,0,0,0,0,0,0,0,0,0,0,0,0,0,0,0,0,0,0,0,0,0,0,0,0,0,0,2,0,0,0,0,0,0,0,0,0,2,0,0,0,0,2,0,0,0,0,0,0,2,0,0,2,0,0,2,0,0,0,0,2,0,0,0,0,0,0,0,0,0,0,0,2,0,2,0,0,0,0,2,0,0,2,2,NA,2,0,0,0,0,0,0,0,0,0,0,0,0,0,0,0,0,2,0,0,0,0,2,0,0,0,0,0,0,0,0,2,0,0,2,2,0,2,NA,0,0,2,0,0,2,2,2,0,0,2,0,0,0,2,2,2,2,0,2,0,0,2,2,2,2,0,0,2,0,0,0,0,0,0,2,2,0,0,0,2,2,0,0,2,2,0,0,0,2,0,2,2,0,0,2,0,0,0,2,0,0,2,0,0,0,2,0,0,0,2,0,2,0,2,2,0,0,0,0,0,0,0,0,0,0,0,0,0,0,0,0,0,0,0,0,0,0,0,0,0,0,0,0,0,2,0,2,0,0,0,0,0,2,0,2,0,0,0,0,0,2,0,0,0,0,2,2,0,0,0,0,0,2,2,0,0,0,0,0,2,0,0,0,0,2,2,2,0,2,0,0,0,0,0,2,0,0,2,0,0,0,0,0,0,0,0,0,0,0,NA,2,2,0,0,0,0,0,0,2,0,0,0,0,0,0,2,0,0,2,0,0,2,0,2,0,0,0,0,0,0,2,0,0,0,0,2,0,2,2,0,0,0,2,2,0,0,0,2,0,0,0,2,0,0,0,2,0,0,0,2,0,0,0,0,0,0,0,0,0,0,2,0,0,0,0,2,0,0,0,0,0,0,0,0,0,0,2,0,0,0,0,0,0,0,2,0,0,0,0,0,2,2,0,0,0,0,2,0,2,0,0,2,0,0,2,0,0,0,0,0,0,2,0,0,0,2,0,NA,0,0,0,0,0,0,0,0,0,0,0,0,0,0,0,0,0,0,0,0,0,0,0,0,0,0,2,0,0,0,0,2,2,0,0,0,2,0,2,0,0,0,0,0,0,0,0,2,0,0,2,0,0,0,2,0,0,0,2,0,2,0,0,0,2,0,0,0,0,2,0,0,0,0,0,2,2,0,0,0,2,2,0,2,0,2,0,2,2,0,0,0,0,2,0,2,0,0,0,0,0,0,0,0,0,0,0,0,0,0,0,0,0,0,0,2,0,0,0,0,0,0,0,2,0,2,0,0,2,0,0,0,0,0,0,2,0,2,2,2,0,2,0,2,0,2,0,0,0,0,0,0,2,0,0,0,0,0,0,2,2,0,0,0,0,0,0,0,2,0,0,0,0,0,0,0,0,0,0,0,0,0,2,0,0,0,2,0,0,0,0,2,0,0,0,0,0,0,0,0,0,0,0,0,2,0,0,0,0,0,0,0,0,0,2,0,0,0,0,0,0,0,0,0,0,0,0,2,0,0,2,0,0,0,0,0,0,0,0,0,0,0,0,0,0,0,0,0,0,0,0,0,0,0,2,0,0,0,0,0,0,0,0,0,2,2,0,0,0,0,0,2,0,0,0,0,0,0,0,0,0,0,0,0,0,0,0,0,0,2,0,0,2,0,2,0,0,0,0,0,0,0,0,0,2,2,0,0,0,0,2,0,0,0,0,0,0,0,0,0,0,2,0,0,2,0,2,0,0,0,0,0,0,0,2,0,0,0,2,0,0,0,0,2,0,0,0,0,2,0,2,0,0,2,0,0,0,0,2,0,0,0,0,0,0,0,0,2,2,0,0,0,0,0,0,0,2,0,0,2,0,0,0,0,0,2,0,2,2,0,0,0,0,0,0,2,0,2,2,0,0,0,2,0,0,0,0,0,0,0,0,0,0,0,0,0,0,2,0,0,0,0,2,0,0,0,0,0,0,0,0,0,0,0,0,0,0,0,0,2,0,0,0,0,0,0,0,0,0,2,0,0,0,0,2,0,0,2,0,2,0,0,0,0,0,0,0,0,0,2,0,0,0,2,0,2,0,0,0,0,0,0,0,2,0,0,0,2,0,0,0,0,0,0,2,0,2,0,0,0,0,0,0,0,0,0,0,2,2,0,0,0,0,0,2,0,2,0,0,0,0,0,2,2,0,0,0,0,0,0,0,0,0,2,2,0,0,0,0,0,0,0,0,0,0,0,0,0,2,0,0,0,2,0,0,0,0,0,0,2,0,2,0,0,0,0,2,0,0,2,2,2,2,0,2,2,0,2,0,0,0,0,0,0,0,0,0,2,2,2,0,2,0,0,2,0,NA,0,0,0,2,2,0,0,0,0,0,0,0,2,2,2,0,0,0,0,0,2,2,2,0,0,2,0,0,0,0,0,0,2,2,0,0,0,0,0,0,0,0,0,0,0,0,0,0,0,0,0,2,2,0,2,0,2,0,0,0,0,0,0,2,0,2,0,0,0,0,0,2,2,0,2,0,2,0,0,0,0,0,2,0,0,0,0,0,0,2,2,0,2,2,0,0,2,0,0,0,0,2,0,0,0,0,0,0,0,0,0,0,0,0,0,0,0,2,0,0,0,0,0,0,0,0,0,0,2,0,2,0,0,0,0,2,0,0,2,2,2,0,0,0,0,0,0,0,0,0,2,2,2,0,0,2,0,0,0,2,0,0,2,0,2,0,2,0,0,0,0,2,0,2,0,0,0,0,2,0,0,0,2,0,2,0,0,0,0,0,0,0,0,0,2,2,0,0,0,0,0,0,0,0,0,2,0,0,0,0,2,0,0,0,0,2,0,0,0,0,0,0,2,0,0,2,0,0,0,0,0,0,0,0,0,0,2,0,0,0,0,0,0,0,0,0,0,2,0,0,0,0,0,2,0,0,0,2,NA,0,0,0,0,0,0,2,0,0,0,0,0,0,0,2,0,0,0,2,0,2,0,0,2,0,2,0,0,0,0,0,2,0,0,0,0,0,0,0,0,0,0,0,0,2,0,2,0,0,0,0,0,2,0,0,0,0,0,0,0,0,0,2,0,0,0,0,0,0,0,2,2,0,0,0,0,0,0,0,0,0,0,0,0,0,0,2,0,0,0,0,0,0,0,0,0,0,0,2,2,0,0,0,2,2,0,2,0,0,0,0,2,0,0,0,0,0,0,0,0,0,2,0,0,0,0,0,0,0,0,0,0,0,0,2,0,2,0,2,0,0,0,0,2,2,0,2,0,0,0,0,0,0,0,0,2,0,0,0,0,0,0,2,0,0,0,0,0,0,0,0,0,0,0,0,0,0,0,0,2,0,0,0,0,0,0,0,0,0,2,0,0,0,0,0,0,0,0,2,0,0,0,0,0,0,0,0,0,0,2,0,0,2,0,0,0,0,0,0,0,0,0,0,2,0,2,0,0,0,0,0,0,0,0,0,2,0,0,0,0,0,0,0,0,0,2,0,0,2,0,0,0,2,0,0,0,0,0,0,0,0,0,0,0,0,0,2,2,0,0,0,0,0,0,0,0,0,0,0,2,0,2,0,0,0,0,0,0,2,2,0,0,0,0,0,0,2,0,0,0,2,0,0,0,2,2,0,2,2,2,0,0,0,2,0,2,0,0,0,0,0,2,0,2,0,0,0,0,0,0,0,0,2,0,2,0,0,2,0,2,0,0,0,0,0,2,0,0,0,0,0,0,0,0,0,2,2,0,0,0,0,2,0,0,0,0,0,2,2,2,0,2,0,NA,2,0,0,2,2,0,0,0,0,0,2,0,0,0,0,0,0,0,0,2,0,2,0,0,0,2,0,0,0,2,0,0,0,0,0,0,2,0,0,0,2,0,0,0,0,0,0,0,0,0,2,0,0,0,2,0,0,0,0,0,0,0,0,0,0,2,0,0,0,0,0,0,0,0,0,0,0,0,0,0,0,0,0,0,2,0,2,0,0,0,0,0,0,0,0,0,0,0,0,0,2,0,0,0,0,0,0,0,0,0,0,0,0,0,0,2,0,0,0,0,0,0,0,0,2,0,0,0,0,0,0,0,0,0,0,2,0,0,0,0,2,0,0,2,0,0,2,0,0,0,0,0,0,0,2,0,0,0,0,2,0,0,0,2,0,2,0,0,0,0,0,0,0,0,0,0,0,0,0,0,2,0,0,0,0,0,0,0,0,0,0,0,2,0,2,0,0,0,2,0,0,0,2,0,0,0,0,0,0,2,0,0,0,0,0,0,0,0,2,2,0,0,0,0,0,0,0,2,2,2,0,0,2,0,2,2,2,0,0,2,0,0,0,0,0,0,0,2,0,0,0,0,2,0,2,0,2,2,0,0,2,0,0,0,0,0,0,2,2,0,0,0,0,0,0,2,0,2,0,2,0,2,0,2,0,0,2,0,2,0,0,0,0,0,0,2,0,2,2,0,0,2,2,0,0,0,0,0,0,2,0,0,0,0,0,0,0,0,0,0,0,0,0,0,0,0,0,0,0,0,0,0,0,0,0,0,0,0,2,0,0,2,0,0,0,2,0,2,0,0,0,0,0,0,0,0,2,0,2,0,0,0,0,0,0,0,2,0,0,0,0,2,0,0,2,0,0,2,0,2,0,2,2,0,2,0,2,0,0,0,0,0,0,2,0,2,0,2,2,0,0,0,2,0,0,0,0,0,0,0,0,0,2,0,0,0,2,2,0,2,2,0,0,2,2,0,0,2,0,0,0,0,0,0,0,0,0,0,0,0,0,2,2,0,0,0,0,0,0,0,2,2,0,2,2,0,2,0,0,0,0,0,0,2,0,2,0,0,0,0,0,2,0,2,0,0,0,0,0,2,0,0,0,2,0,0,0,0,0,0,2,0,0,2,0,0,0,NA,0,2,0,0,0,0,0,0,0,0,0,0,2,0,0,0,0,0,0,2,0,2,2,0,0,2,0,0,0,0,0,0,0,0,0,0,2,2,2,0,0,0,0,NA,2,2,2,0,0,0,2,2,2,2,0,0,0,2,0,2,0,0,0,2,0,0,0,0,0,0,0,0,0,0,0,0,0,0,0,0,2,0,0,0,0,0,0,0,0,0,2,0,0,2,2,0,0,0,0,0,0,0,2,0,0,0,2,0,0,0,0,0,0,0,0,0,0,0,0,0,0,0,0,2,0,0,0,0,2,0,0,0,NA,0,0,0,0,0,0,0,0,0,0,0,0,0,2,0,0,0,0,0,0,2,0,0,0,2,2,0,0,0,0,2,2,2,0,2,0,0,0,0,2,0,0,0,0,0,0,0,0,0,0,0,0,2,0,0,0,0,2,0,0,0,0,0,2,2,0,0,0,2,0,0,2,0,0,2,2,NA,2,0,2,0,0,0,0,0,0,0,0,0,0,0,0,0,0,0,0,0,0,0,0,0,0,0,0,0,2,0,2,2,0,0,2,0,0,0,0,0,0,0,0,0,0,2,2,0,0,0,0,0,0,0,0,0,0,0,0,0,0,0,0,0,0,0,2,0,2,2,0,2,0,2,2,2,0,2,0,2,0,0,0,2,0,0,0,0,2,0,2,0,2,0,0,0,0,0,0,0,0,2,0,0,2,0,2,0,2,0,0,0,0,0,0,0,2,0,0,2,0,0,0,0,0,0,0,0,0,2,2,0,0,0,0,0,0,2,2,2,0,0,0,2,0,2,0,0,0,0,0,2,0,2,0,0,0,0,0,0,0,0,0,2,0,0,2,2,0,2,0,0,2,0,0,2,0,2,0,0,0,0,0,0,0,0,0,0,2,0,2,0,2,0,0,0,2,2,2,0,0,2,0,2,0,0,0,0,2,0,0,2,0,0,0,2,0,2,0,2,2,2,0,2,0,0,2,0,0,2,0,2,0,2,0,2,0,0,0,2,0,0,2,2,2,2,0,0,2,2,0,0,0,0,2,0,NA,0,0,0,0,0,0,2,0,0,0,2,0,0,2,2,0,2,0,2,0,2,0,0,0,0,0,0,0,0,0,0,0,0,0,0,0,0,0,0,0,0,0,0,0,0,0,0,0,0,0,0,0,0,0,2,0,0,2,0,0,0,0,0,0,0,0,0,0,0,0,0,0,2,0,0,0,0,0,0,0,0,0,2,0,0,2,0,2,2,0,0,0,0,0,0,0,2,0,0,0,0,2,2,2,0,0,2,0,0,2,0,0,0,0,0,2,2,0,2,0,2,0,2,0,2,0,2,0,0,2,2,2,0,0,0,0,0,0,0,2,0,0,2,2,2,0,2,0,2,2,0,2,0,0,0,0,0,2,0,0,0,2,2,0,0,2,2,2,2,NA,2,2,2,2,2,0,2,0,2,0,0,0,0,0,0,2,0,2,0,2,0,2,2,0,0,2,2,2,0,0,2,0,0,0,2,0,2,0,0,2,0,2,0,0,2,0,0,2,0,0,0,2,0,2,0,0,0,0,0,0,2,NA,2,2,0,2,0,0,0,2,0,0,0,2,0,0,0,0,0,2,0,0,0,2,2,0,0,2,0,0,0,0,2,2,2,2,2,2,2,2,0,0,0,2,0,0,0,0,0,0,2,0,0,0,0,2,2,0,0,0,2,0,0,0,0,0,0,2,2,0,0,0,2,0,0,0,0,0,0,0,0,0,2,2,0,0,2,0,0,0,0,2,0,0,0,2,2,0,0,2,0,0,0,0,0,0,0,0,0,0,2,0,0,0,0,0,2,0,2,0,0,0,0,2,0,0,2,0,0,2,0,2,0,2,2,2,0,2,0,0,0,0,0,0,0,2,0,2,0,2,0,0,2,0,0,0,2,0,0,0,0,0,0,0,0,0,0,0,0,0,0,0,0,2,0,0,0,0,0,0,0,0,0,0,0,0,2,2,0,0,0,2,2,0,0,0,0,0,0,2,0,0,2,0,0,2,0,0,0,0,0,0,2,2,0,0,2,2,0,0,0,0,0,0,0,2,0,0,0,0,0,2,0,0,0,0,0,0,0,2,0,2,0,2,0,0,2,0,2,0,0,2,0,0,0,2,0,0,0,0,0,0,2,0,2,0,0,2,0,2,0,2,0,0,0,0,0,0,2,2,2,2,0,0,0,0,0,2,0,0,0,0,0,0,0,0,0,2,0,0,2,0,0,2,0,0,2,0,0,0,0,2,0,0,0,0,2,0,0,0,0,0,0,0,0,2,2,0,0,0,0,0,0,0,2,0,0,0,0,2,0,0,0,0,0,0,0,2,0,0,0,0,2,0,0,0,0,0,2,0,0,0,0,2,0,0,0,0,0,0,0,0,2,0,0,0,0,0,0,0,0,0,0,0,0,0,0,0,0,0,0,2,0,0,0,0,2,2,0,0,0,0,0,2,2,0,0,0,2,0,0,0,0,0,0,0,2,0,2,0,0,0,0,0,0,0,0,0,0,0,0,0,2,0,0,0,0,0,0,0,0,0,2,0,0,2,2,2,0,0,0,2,2,0,2,0,0,0,0,0,0,2,2,0,0,2,0,0,0,0,0,2,2,0,0,0,0,0,0,2,0,0,0,0,0,2,0,2,0,0,0,2,0,0,0,0,0,0,0,0,0,0,0,0,0,0,0,0,0,0,0,0,2,2,0,0,2,0,0,0,0,0,0,0,2,2,2,0,0,0,0,0,0,0,0,NA,0,0,0,0,0,0,0,2,2,0,0,0,2,0,0,0,0,0,2,2,0,2,0,2,0,0,0,2,0,0,0,0,0,0,2,0,0,0,0,0,0,0,0,0,0,0,0,0,2,0,0,0,0,2,0,2,2,2,0,0,2,2,2,2,2,2,0,0,2,2,0,0,0,0,0,0,0,0,2,0,0,2,0,0,0,0,2,0,0,0,0,0,0,0,0,0,2,0,0,0,0,0,0,2,2,0,0,0,0,0,0,0,0,2,0,0,0,0,0,0,0,0,0,2,2,2,2,0,0,0,0,0,2,2,2,2,0,0,0,0,0,0,0,0,0,0,0,2,2,2,2,0,0,0,0,0,0,0,0,0,0,0,0,0,2,0,0,0,2,0,0,0,0,0,2,0,NA,0,2,0,0,2,2,0,0,0,0,0,0,0,0,0,0,0,0,2,2,0,0,0,0,0,0,2,0,0,0,0,0,0,2,2,0,0,0,0,0,0,0,0,2,2,2,0,0,0,0,2,0,0,0,0,0,2,0,0,0,0,0,0,2,0,2,2,2,0,0,0,0,0,0,2,0,0,0,0,0,0,0,0,0,0,2,0,0,2,0,0,0,2,2,0,0,0,0,0,0,2,0,0,0,0,0,0,0,0,0,0,0,0,0,0,0,2,2,0,0,0,0,0,0,2,0,0,0,0,2,0,0,0,0,0,0,2,0,0,0,0,0,0,0,2,0,2,0,2,0,0,0,0,0,0,0,0,0,0,0,2,0,0,0,0,0,0,2,0,0,2,0,0,2,2,2,0,0,0,0,0,0,2,0,0,0,2,0,0,2,0,0,2,0,2,2,0,0,2,0,0,2,0,0,2,0,0,2,2,0,0,2,0,0,0,0,0,0,2,0,0,2,0,0,0,0,0,0,0,2,0,0,2,0,0,0,0,0,2,0,2,2,0,0,0,2,0,0,0,0,NA,2,2,0,2,0,0,2,0,0,0,0,0,0,0,0,2,0,2,0,0,0,0,0,2,0,2,0,0,2,0,0,0,2,0,2,0,0,0,2,2,0,0,0,0,2,0,0,0,0,2,0,0,0,0,0,0,0,0,2,2,0,0,0,0,2,0,0,0,0,0,2,0,0,2,0,0,0,0,0,0,0,0,2,2,0,0,0,0,0,0,0,0,0,0,2,0,2,0,0,0,0,0,0,0,0,2,2,0,0,0,0,2,0,0,2,0,0,0,0,0,0,2,0,0,0,2,2,0,2,0,2,0,0,0,0,0,0,2,2,0,0,0,0,0,2,0,2,0,2,0,2,0,0,0,0,0,2,0,0,0,2,2,0,0,0,2,0,0,0,0,0,2,0,0,0,0,0,2,0,0,2,0,2,2,0,0,0,0,0,0,2,0,2,0,0,0,0,2,0,2,0,2,0,0,2,0,0,2,2,0,0,2,0,0,0,2,0,0,2,0,0,2,2,0,0,0,0,0,0,0,0,0,0,2,0,2,2,0,0,0,2,2,2,2,0,0,0,0,0,0,2,2,0,2,0,2,0,0,2,0,0,2,0,0,0,0,0,0,2,2,2,2,0,2,0,2,0,0,0,0,0,0,2,2,0,2,0,0,2,0,0,2,0,0,2,0,0,2,0,0,2,0,2,0,0,0,0,0,2,2,0,0,2,0,0,0,0,0,0,2,0,0,2,2,0,0,0,0,0,2,0,0,0,0,0,0,0,0,2,2,2,2,NA,0,2,2,0,0,2,2,2,2,2,2,0,0,0,2,2,2,0,0,0,0,0,0,2,2,0,2,0,0,0,0,0,0,0,0,0,0,0,0,0,2,0,0,0,0,0,2,2,0,0,0,0,0,0,2,2,0,0,0,0,0,2,0,0,0,0,2,0,0,0,0,0,2,2,0,2,0,0,0,0,0,0,0,0,0,2,0,0,0,0,0,0,0,0,0,0,0,2,0,2,2,0,2,0,0,0,0,0,2,0,2,0,0,0,0,0,0,0,0,2,0,0,2,0,0,2,2,0,0,0,0,0,2,0,0,0,0,0,0,2,0,0,0,0,2,0,0,0,0,2,0,0,0,2,2,0,0,0,0,0,2,2,0,0,0,0,0,0,0,0,2,0,0,0,0,0,0,0,0,0,2,2,0,0,2,0,0,0,0,0,0,0,0,0,0,2,2,0,0,2,0,0,0,0,0,0,0,0,0,2,0,0,2,2,0,0,0,0,0,0,0,0,0,2,0,0,0,0,2,0,0,0,0,0,0,0,0,0,0,0,2,0,0,2,2,0,0,2,0,0,2,0,0,0,2,0,0,0,0,0,2,0,0,0,0,2,2,2,0,0,0,2,0,0,0,0,0,0,2,0,0,2,0,0,0,0,0,0,0,0,2,NA,0,2,0,2,0,0,0,0,0,0,2,2,2,0,0,0,0,0,0,2,0,2,0,2,0,0,0
"CC165",0,0,0,0,2,0,0,2,0,0,0,2,2,0,0,0,0,0,0,0,0,0,2,0,0,2,0,0,0,0,0,0,0,0,2,0,0,0,0,0,0,0,0,0,0,2,0,0,0,0,0,0,0,0,0,0,0,0,2,2,0,0,0,0,2,0,2,0,0,0,0,0,2,0,0,2,0,0,0,0,2,0,0,2,2,2,0,2,0,0,2,0,0,2,0,2,0,0,0,0,0,0,0,0,0,2,0,0,0,0,0,0,0,0,0,0,0,0,0,0,2,2,0,0,0,2,2,0,0,0,0,0,0,0,0,0,2,0,2,2,0,2,2,0,0,0,0,2,0,2,0,0,2,0,0,0,0,0,0,0,0,0,0,0,0,2,0,2,2,2,0,0,2,2,0,2,0,0,2,2,2,2,2,0,0,0,0,0,0,0,2,2,0,0,0,2,0,2,0,0,0,0,0,0,0,0,2,2,2,0,2,0,2,0,2,0,2,0,2,2,0,2,2,0,0,0,0,0,0,2,2,2,0,2,0,2,2,0,0,0,0,0,0,0,0,0,0,2,0,0,0,0,0,0,0,0,0,0,0,0,0,2,2,0,0,0,0,0,2,0,2,2,2,2,0,2,0,2,2,0,0,0,0,0,0,0,2,2,0,0,0,0,0,0,0,0,0,0,2,0,2,0,0,0,2,0,0,2,0,0,0,0,0,0,0,0,2,0,0,0,0,0,0,0,0,0,0,0,0,0,0,2,0,0,0,0,0,0,2,0,0,2,0,0,2,0,0,0,0,0,0,0,0,0,0,0,0,2,0,2,2,2,0,0,0,0,0,2,0,2,0,0,NA,0,2,0,0,2,0,2,0,0,0,0,0,0,0,2,2,0,0,0,0,2,2,2,2,0,0,0,0,0,2,2,0,2,0,2,2,0,2,0,0,0,2,0,2,0,0,2,0,0,0,0,2,0,0,0,0,2,0,0,2,0,0,0,0,0,0,0,0,2,0,0,0,0,0,2,2,0,0,0,0,0,2,0,0,0,2,2,2,2,2,0,0,0,2,0,2,0,NA,2,0,2,2,0,2,0,0,0,0,2,0,0,0,0,0,2,0,0,0,2,2,0,0,0,2,0,2,0,0,2,0,0,0,2,2,0,0,NA,2,2,0,0,0,0,0,2,2,2,2,2,0,0,2,2,2,0,0,0,0,0,0,0,0,0,0,0,0,0,2,0,0,2,0,0,0,2,0,0,0,0,0,0,0,0,0,0,0,2,0,0,0,2,2,0,0,2,0,0,2,0,0,0,0,2,0,0,2,0,2,0,0,2,2,0,2,0,0,0,0,0,0,0,2,0,0,2,0,0,0,0,0,0,2,2,2,2,0,0,0,0,0,2,0,NA,0,0,0,2,0,0,0,2,2,0,0,0,2,0,0,0,2,0,0,0,0,2,0,0,0,0,0,0,0,0,0,0,0,0,0,0,0,0,2,0,0,0,2,0,0,2,0,0,0,0,2,0,0,2,0,0,2,0,0,0,0,2,0,2,0,0,0,0,0,0,0,0,0,0,2,0,2,0,0,0,2,0,0,0,0,0,0,0,2,0,0,0,0,2,0,2,0,2,0,0,0,0,2,2,2,0,0,0,0,2,0,0,2,2,2,2,0,2,2,0,2,0,0,0,0,0,0,2,0,0,0,2,0,0,0,2,0,0,2,0,0,0,0,0,2,0,0,0,0,0,0,2,0,0,2,2,0,0,2,0,2,0,2,0,0,2,0,0,0,0,0,0,0,0,0,0,0,2,0,0,0,0,0,0,0,0,0,0,0,0,2,0,0,0,2,2,0,0,0,0,2,0,0,0,0,0,2,NA,0,0,0,0,2,0,0,0,0,0,NA,0,0,0,0,NA,0,0,0,0,0,0,0,2,0,0,2,0,0,2,0,0,0,0,0,0,0,0,2,0,0,0,0,2,0,0,2,0,0,0,0,0,0,0,0,0,0,2,0,0,2,2,0,2,2,2,2,2,0,0,2,0,0,0,2,0,0,0,0,0,2,0,0,0,2,2,2,0,0,0,0,0,0,0,0,0,0,0,0,0,0,0,2,0,0,0,2,0,2,0,2,2,0,2,2,0,0,2,0,0,0,0,0,0,0,0,0,0,0,0,0,0,2,0,0,0,0,2,0,0,0,0,0,2,0,0,2,0,0,0,0,0,0,2,0,0,2,0,0,0,2,0,0,0,0,2,0,0,0,0,0,2,0,0,0,0,0,2,2,0,0,0,0,0,2,0,0,0,0,0,0,0,0,0,0,2,0,0,0,0,0,2,2,0,0,0,0,0,0,0,0,0,0,0,2,2,0,0,0,0,0,2,0,2,0,0,0,0,0,0,0,2,0,0,0,2,2,0,2,0,2,0,0,0,0,0,0,0,0,0,0,0,2,2,2,0,2,2,0,0,0,0,0,0,0,0,0,0,0,0,0,2,0,0,0,0,0,0,0,0,0,0,0,2,2,0,0,0,0,0,0,2,0,0,0,2,0,2,0,2,0,0,0,0,0,2,2,0,2,0,0,0,0,0,0,0,0,2,0,0,2,0,0,0,2,2,0,2,2,2,0,0,0,0,0,2,2,2,0,0,0,0,2,0,2,0,0,0,0,0,0,0,0,0,0,0,0,0,2,0,0,0,2,2,2,0,0,0,0,2,0,0,0,0,0,0,0,2,0,0,0,2,0,0,0,NA,0,0,0,2,0,0,0,0,0,0,0,0,0,0,0,0,0,0,2,0,0,0,0,0,0,0,0,0,0,0,0,2,0,NA,0,2,2,2,2,2,NA,0,0,2,2,0,NA,2,0,0,2,2,0,2,0,2,0,0,2,0,0,0,0,0,0,0,2,0,2,0,0,2,0,0,0,0,0,0,0,2,2,2,0,0,0,0,0,0,0,0,0,2,0,0,0,0,2,0,0,2,0,0,NA,0,0,0,0,0,0,0,2,0,2,2,0,0,2,0,0,2,0,0,0,2,2,0,0,0,0,2,0,2,0,0,2,0,2,0,2,0,0,0,2,0,0,2,2,0,2,0,0,0,0,2,2,0,2,2,2,2,2,0,0,0,0,0,0,2,2,0,0,0,2,2,0,2,2,2,2,0,0,2,2,0,2,0,2,0,0,0,2,2,2,2,0,0,0,2,0,0,0,0,0,0,2,0,0,2,0,0,0,0,0,0,0,2,2,0,2,2,0,0,0,0,0,2,2,2,0,0,0,0,2,0,0,2,0,0,0,2,0,0,0,2,2,0,0,0,0,2,0,0,0,0,2,2,2,2,0,0,0,2,0,0,0,2,0,0,0,0,2,0,2,2,0,0,2,0,0,0,0,2,2,0,0,0,2,2,2,0,0,2,2,2,0,0,2,2,0,0,0,0,0,0,0,2,2,0,0,0,2,0,0,0,2,0,0,0,0,2,0,2,0,2,0,0,0,2,2,2,2,2,0,2,0,0,2,0,0,0,0,2,0,0,0,0,0,0,0,0,0,2,2,2,0,2,2,NA,0,0,0,2,2,2,0,0,2,2,0,0,0,2,0,0,0,0,0,0,0,2,0,0,0,0,2,0,0,0,0,2,0,2,0,0,2,0,0,2,0,0,0,0,0,0,2,2,NA,2,0,NA,2,0,2,0,0,0,0,0,0,0,0,0,0,2,2,0,0,0,0,2,0,0,NA,2,0,2,2,0,2,2,0,2,0,0,0,2,2,0,0,0,0,0,0,0,2,0,0,0,2,0,0,2,0,2,2,0,0,0,0,2,0,0,0,0,0,2,0,0,0,0,2,0,2,0,0,0,0,0,0,0,0,2,0,0,0,0,0,0,2,0,0,0,0,2,0,0,0,2,2,0,2,0,2,0,2,0,0,0,0,2,0,2,2,2,0,2,0,0,2,0,2,2,2,0,0,0,0,0,0,0,0,0,0,0,2,0,0,0,0,0,0,0,0,0,0,0,NA,2,0,0,0,0,0,2,2,0,0,0,2,2,0,0,0,0,0,0,2,2,2,0,0,0,2,2,0,0,0,0,0,0,0,0,0,0,0,0,0,0,0,0,0,0,2,2,0,2,0,2,0,0,0,0,0,2,0,0,0,0,0,0,2,0,0,2,0,0,2,2,2,0,0,0,0,0,0,0,0,2,2,0,2,0,0,2,0,0,0,0,0,0,0,2,2,0,0,0,2,2,0,2,0,2,2,2,0,0,2,0,0,0,0,2,0,0,0,0,2,2,0,0,0,0,0,2,0,2,2,2,2,0,0,0,0,0,0,2,0,0,0,0,0,2,0,0,0,2,0,0,0,0,0,0,0,2,2,0,0,0,0,0,2,0,2,0,0,0,2,0,0,2,0,2,0,2,0,2,2,2,0,2,0,0,0,0,2,0,0,0,0,0,0,0,0,2,0,0,0,0,0,2,2,0,0,2,0,0,0,0,2,0,0,0,0,0,0,0,0,2,0,2,0,0,0,2,0,0,0,2,0,0,0,0,0,0,2,0,0,2,2,0,0,2,2,2,0,0,0,2,0,2,2,0,0,2,0,0,2,2,0,0,0,0,2,2,0,0,0,0,2,0,0,0,0,2,0,0,0,2,2,2,0,2,0,2,2,0,0,2,0,2,2,0,0,0,0,2,2,2,0,2,2,0,2,2,0,0,0,0,0,0,0,0,0,0,0,0,2,0,0,0,0,0,2,2,0,2,0,2,0,2,2,NA,2,0,0,2,2,0,2,0,0,0,0,0,0,0,0,0,2,2,0,0,0,0,0,0,0,2,2,0,2,0,0,2,0,0,2,0,2,0,0,0,0,0,2,0,0,0,0,0,0,0,0,2,0,0,2,0,0,0,0,0,0,2,0,0,0,2,0,0,0,0,0,0,0,0,0,0,0,0,0,0,0,0,0,0,0,2,0,0,0,0,0,2,2,0,0,0,0,0,2,2,0,0,0,0,0,0,2,2,0,2,0,0,0,2,0,0,0,2,0,0,0,2,0,2,0,2,0,2,2,2,2,0,0,2,0,0,0,0,0,0,2,0,0,2,0,0,0,0,0,0,0,0,0,0,0,0,0,0,0,0,0,0,0,0,2,2,0,0,2,0,0,0,0,0,0,2,0,2,0,0,0,2,0,0,0,0,2,0,0,0,0,0,0,0,0,2,0,0,0,2,0,0,0,0,0,0,0,0,0,0,0,0,2,0,2,0,0,2,0,0,0,0,0,2,0,0,2,2,0,0,0,0,2,0,0,0,0,0,0,0,0,0,0,0,0,0,0,0,0,0,0,2,0,0,0,0,0,0,0,0,0,0,0,0,0,0,2,0,0,0,0,0,0,2,0,2,2,0,0,0,0,0,0,0,0,0,0,0,2,0,2,0,0,0,0,2,0,0,2,0,0,0,2,2,0,0,2,0,0,0,0,0,0,0,0,0,0,0,0,0,0,0,2,0,0,0,2,0,0,0,0,2,2,2,2,0,2,0,0,2,2,0,0,0,0,0,0,0,2,0,2,2,0,0,0,2,0,0,0,0,0,2,2,0,0,2,2,0,0,0,0,0,0,0,0,2,0,2,0,0,0,2,2,0,0,0,0,2,0,0,0,0,0,0,0,0,0,0,0,0,2,0,0,0,0,0,0,0,0,0,0,0,0,0,0,0,0,0,0,0,0,2,0,2,0,2,0,2,0,0,0,0,0,2,0,0,0,0,0,0,0,0,2,0,0,0,0,0,0,2,0,0,0,2,0,2,0,0,0,2,0,0,0,0,0,0,0,0,2,2,2,0,0,0,2,2,0,0,0,2,0,0,2,0,0,0,2,2,0,2,0,2,0,0,0,0,0,0,0,2,2,0,0,0,0,2,0,0,0,0,0,0,0,0,0,0,0,0,0,0,0,0,0,0,0,0,0,0,2,0,0,2,0,0,0,0,0,0,0,0,2,0,2,0,2,0,0,0,0,0,0,0,2,0,0,0,0,0,0,2,0,0,0,0,0,2,0,2,0,0,0,0,0,0,2,2,0,2,0,0,0,0,0,0,2,0,0,2,0,2,2,0,0,0,0,0,0,0,2,0,0,0,0,0,0,0,2,2,2,0,0,2,0,0,2,2,0,0,2,0,0,0,2,0,0,0,2,0,0,0,0,0,0,0,0,0,0,0,0,0,2,0,0,0,2,0,0,0,0,0,2,0,0,0,0,0,0,0,0,0,0,0,0,0,0,0,0,2,0,0,0,2,0,0,2,0,0,0,0,0,0,0,2,0,0,0,0,0,0,2,0,0,0,0,2,2,0,2,2,0,0,0,0,2,0,0,0,0,0,0,2,2,0,2,0,0,0,0,0,0,2,0,0,0,2,0,2,2,0,0,0,0,0,2,0,0,0,2,0,0,0,0,0,0,0,2,0,0,0,0,0,2,0,0,0,0,0,0,2,0,2,0,0,0,0,0,0,0,0,0,0,2,0,0,0,2,0,0,2,0,0,0,2,2,0,0,0,0,0,2,0,2,0,0,0,2,0,2,0,0,0,0,0,0,0,0,0,0,0,0,0,0,2,0,2,0,0,0,0,0,0,0,0,0,2,2,0,0,0,0,0,0,0,0,2,0,0,2,0,0,0,0,2,2,0,2,0,0,0,0,0,0,0,0,0,2,0,0,0,0,2,0,0,2,2,0,0,0,0,0,2,0,0,0,0,2,2,2,0,2,2,2,0,0,0,0,0,2,0,0,0,0,0,2,0,0,2,2,0,0,0,0,0,2,0,2,2,0,0,0,0,0,0,0,0,0,0,0,0,0,0,2,0,0,0,2,2,0,0,0,0,2,0,0,0,0,2,2,2,0,2,0,0,0,0,0,0,0,2,0,2,0,0,0,0,0,0,0,0,0,0,0,0,0,0,2,0,2,0,0,0,2,0,0,0,0,2,0,2,2,0,0,0,2,0,0,0,2,2,0,0,0,2,0,0,0,2,0,0,2,0,0,0,0,0,2,2,0,0,2,0,2,2,2,0,0,2,0,0,2,0,2,0,0,2,0,0,0,0,0,0,0,0,0,0,2,0,0,2,0,0,0,0,0,0,0,0,0,0,0,0,0,2,2,0,0,0,0,0,0,0,0,0,0,0,0,0,0,0,0,2,0,0,0,0,2,2,0,0,2,0,0,0,2,0,0,0,2,0,0,0,0,0,0,0,0,0,0,0,0,0,0,0,2,0,0,0,0,0,0,2,0,0,0,2,0,0,0,2,2,0,0,0,2,0,0,2,0,0,0,2,0,2,0,0,0,2,0,0,0,2,0,0,0,0,0,2,2,0,0,0,0,0,0,2,0,2,0,2,0,2,2,0,0,0,2,0,2,2,0,0,0,0,0,0,0,2,0,2,0,0,2,2,0,0,0,2,0,0,2,0,0,0,2,2,0,0,0,0,0,0,0,0,0,0,0,0,2,0,2,0,0,0,0,2,2,0,0,0,0,0,0,0,0,2,2,0,0,0,0,2,2,0,2,0,0,2,0,0,0,0,0,0,0,0,0,0,2,0,0,0,0,0,0,0,2,0,0,0,0,2,0,0,0,0,2,2,0,0,0,0,0,0,0,0,0,0,0,0,0,0,0,0,0,0,0,0,0,0,0,0,0,2,0,0,0,0,2,0,0,0,0,0,0,0,0,0,0,2,2,0,0,0,0,0,0,0,0,2,0,0,0,0,0,2,0,0,0,0,0,0,0,2,0,0,0,2,0,0,0,0,0,0,0,0,0,2,0,0,0,0,0,0,0,0,0,0,0,0,0,0,0,0,2,0,0,0,0,0,0,0,0,0,0,0,0,0,0,0,0,0,2,0,0,2,2,0,2,0,0,0,0,2,0,0,0,2,0,2,0,0,0,0,2,2,2,0,0,0,2,0,2,2,0,0,0,0,0,0,0,0,NA,2,0,0,0,0,2,2,0,2,2,0,0,0,0,0,0,2,0,0,0,0,0,0,2,2,0,2,2,0,0,0,0,0,0,0,0,2,0,0,0,0,2,0,NA,0,2,0,2,2,0,2,0,2,2,0,0,0,2,2,0,0,0,0,0,2,0,0,0,0,2,0,0,2,0,0,2,0,2,0,2,2,0,0,0,0,0,0,0,0,0,0,0,0,0,2,0,0,0,0,0,0,0,0,0,0,0,0,0,2,2,0,2,0,0,0,0,0,0,2,0,0,0,2,0,0,0,2,0,0,0,0,0,0,0,0,0,0,0,0,0,0,0,0,0,0,2,2,0,0,0,0,0,0,0,0,0,0,0,0,0,0,0,0,0,0,0,0,2,0,0,2,0,0,0,0,0,0,0,0,0,0,2,0,0,0,0,0,0,0,0,0,0,0,0,0,2,2,0,0,0,2,0,0,2,0,0,0,0,0,2,0,0,0,0,0,2,2,2,0,0,0,0,0,2,0,2,0,0,0,0,2,2,0,0,0,0,0,2,0,0,0,0,0,2,2,0,0,2,0,0,2,2,0,2,2,0,0,0,2,0,0,0,0,2,2,0,0,0,2,2,0,0,0,2,0,0,0,0,0,0,0,0,0,0,2,0,0,0,0,0,2,0,0,0,2,0,0,0,0,0,2,0,0,0,0,0,0,0,2,0,0,2,0,0,0,0,0,2,0,0,0,0,0,0,0,0,0,2,0,0,0,2,0,2,0,0,0,0,0,0,0,0,0,0,0,0,0,0,0,0,0,2,0,0,0,0,0,0,0,0,2,0,0,0,2,0,2,0,0,0,0,2,2,2,0,0,0,0,0,2,0,0,2,2,0,0,2,0,0,2,2,0,2,2,0,0,0,2,0,0,0,0,0,0,0,2,0,0,2,0,2,2,0,0,0,0,0,2,0,2,0,2,0,2,0,2,2,2,0,0,2,2,2,0,2,2,0,0,0,0,0,0,0,0,2,0,0,2,0,0,0,0,2,2,0,2,0,2,0,0,0,0,2,2,0,0,0,0,0,0,0,0,0,2,0,0,0,2,0,0,2,2,0,0,2,0,0,0,2,0,0,0,0,2,0,0,0,0,0,0,2,0,0,0,0,0,0,0,0,0,0,0,0,2,0,2,0,0,0,0,0,0,0,0,0,2,2,0,0,0,0,0,0,2,0,0,2,0,0,0,0,0,0,0,0,0,0,0,0,0,0,0,0,0,0,0,2,2,0,0,0,0,0,0,0,0,2,0,0,0,0,0,0,0,0,0,0,0,0,0,0,0,0,0,0,2,0,0,2,2,0,0,0,2,0,0,0,0,2,0,2,0,0,0,0,2,0,0,2,0,0,0,0,0,NA,0,0,0,0,0,0,0,0,0,0,0,2,2,2,0,0,0,0,0,0,0,0,0,0,0,2,0,2,0,2,2,0,2,0,0,2,0,0,2,2,0,0,0,0,2,0,0,0,0,0,0,0,0,0,0,0,0,0,0,0,0,2,0,0,0,0,0,2,0,2,0,0,0,0,0,0,0,0,0,0,0,2,0,0,0,0,0,0,0,0,0,2,0,0,0,2,0,0,2,2,2,0,2,0,2,0,0,0,0,0,0,2,0,2,0,0,0,0,0,0,0,0,0,2,0,2,0,0,0,0,2,0,0,0,0,0,0,0,0,0,2,0,0,0,0,0,0,0,0,0,0,0,0,0,0,0,2,0,0,0,0,2,2,0,0,0,0,0,0,0,0,0,0,0,0,0,2,0,0,0,0,0,2,0,2,0,0,0,0,0,2,0,0,0,0,0,0,2,0,2,0,2,0,0,2,0,0,0,2,0,0,0,2,0,0,2,0,2,0,0,2,2,0,0,0,0,0,0,2,0,0,NA,0,0,0,0,2,2,0,0,0,2,0,2,0,0,0,0,0,0,0,0,0,2,0,0,2,2,0,0,0,0,0,0,2,0,0,0,0,2,0,0,0,0,2,0,0,0,0,0,0,0,2,0,0,2,0,2,0,2,2,0,2,2,0,0,0,0,0,0,0,2,2,2,2,2,0,2,2,0,0,2,0,2,0,0,0,2,2,2,2,0,0,2,2,0,2,0,0,0,0,0,0,0,0,0,0,0,0,2,0,0,2,2,0,2,0,0,0,0,0,0,0,0,0,0,2,2,2,0,2,0,0,2,0,0,2,0,0,0,0,0,0,2,0,2,0,0,0,2,0,2,0,2,0,0,0,0,0,0,0,2,0,0,0,0,0,0,0,2,0,0,0,0,0,2,0,2,2,0,0,2,0,0,2,2,0,2,0,2,0,0,2,0,0,2,0,2,0,0,0,0,0,0,0,0,0,0,2,0,0,0,0,0,0,0,0,2,0,0,0,0,2,2,2,0,0,0,0,2,NA,0,0,0,2,2,2,2,0,0,0,0,0,0,2,0,2,0,0,0,2,0,2,0,2,0,2,2,2,0,0,2,0,2,0,0,0,0,2,0,0,0,0,2,0,0,0,2,0,0,0,0,0,0,0,2,0,0,2,2,2,0,2,0,0,0,2,0,2,0,0,2,2,0,0,2,0,0,2,2,0,0,2,2,0,0,2,0,0,2,0,0,2,2,0,0,0,0,0,0,0,2,0,NA,0,0,0,0,0,0,0,0,2,NA,0,2,0,0,0,2,0,0,NA,0,0,0,NA,0,2,2,0,0,0,0,2,2,NA,2,0,0,2,0,2,0,0,0,2,2,2,0,0,0,0,0,2,0,0,0,0,0,2,0,2,0,0,0,0,2,0,0,0,0,0,0,0,0,0,0,0,0,2,2,2,2,0,0,0,2,2,0,2,2,0,0,2,0,2,0,0,0,0,2,0,2,2,2,0,0,2,0,2,0,0,2,2,2,0,2,0,0,0,0,0,0,0,0,0,2,0,2,2,0,2,2,0,2,0,0,0,0,0,2,2,2,2,2,0,0,0,2,2,2,2,0,2,0,0,0,0,0,2,0,0,2,0,2,0,2,0,0,2,0,2,2,0,0,2,2,2,2,2,2,2,0,2,2,2,2,2,2,2,2,2,2,0,0,0,2,0,0,0,2,NA,0,2,0,2,2,0,2,0,0,0,0,2,0,2,0,0,2,2,2,2,2,0,0,0,0,2,2,2,2,0,0,0,2,0,0,0,0,2,2,0,0,0,NA,2,0,0,2,0,2,0,2,0,0,0,0,0,0,0,0,0,0,2,0,2,2,0,0,2,2,0,0,0,2,2,0,0,2,0,0,0,0,2,2,0,2,2,0,2,0,0,0,0,0,0,0,0,0,2,0,0,0,0,0,0,0,0,0,0,2,0,0,0,0,2,2,0,0,0,0,0,2,0,0,0,0,0,0,0,0,2,2,2,0,2,0,0,0,0,0,2,0,0,0,0,0,0,0,2,0,0,0,0,0,0,0,0,0,0,0,0,0,2,0,0,2,0,0,0,0,2,0,2,2,2,0,0,0,0,0,0,0,0,0,0,0,0,0,0,0,0,0,0,0,0,0,0,0,0,0,0,0,0,0,2,2,0,0,0,0,0,0,0,0,0,0,0,0,2,0,0,0,0,0,0,0,0,2,0,0,0,0,2,0,0,0,0,0,0,0,0,2,0,0,2,0,0,0,0,0,0,2,0,2,0,0,0,0,0,2,0,0,0,0,0,2,0,0,2,2,0,0,2,0,2,0,0,0,0,0,2,2,2,2,2,0,0,0,0,2,0,0,0,0
"CC167",0,0,0,0,0,0,0,2,0,0,0,0,0,0,0,0,0,0,0,0,0,0,2,0,0,0,2,0,0,0,0,0,0,0,0,0,2,0,0,0,0,2,0,0,0,2,0,0,0,0,0,0,0,0,0,0,0,0,2,2,0,0,0,0,2,0,2,0,0,0,0,0,2,0,0,2,2,0,0,2,0,0,2,2,2,0,0,2,0,0,0,0,0,2,0,2,2,0,0,0,2,0,0,0,2,2,0,0,0,2,0,0,2,0,0,0,0,0,2,2,2,2,0,2,0,2,0,0,0,0,0,2,0,0,0,0,0,0,2,0,2,2,0,0,0,0,0,2,0,0,0,0,2,0,0,0,2,0,0,0,0,0,0,0,0,2,0,0,2,0,0,0,2,2,0,2,2,2,0,2,2,2,2,NA,0,0,0,0,0,0,2,0,0,0,0,2,0,0,0,0,0,0,0,0,0,0,0,2,2,0,2,0,0,0,2,0,0,0,2,2,0,0,2,0,0,0,0,0,0,0,0,0,0,2,0,2,2,2,0,0,0,0,0,0,0,0,0,0,2,0,0,0,0,2,0,0,0,2,0,0,2,0,0,0,0,0,0,0,0,0,2,2,2,0,0,0,2,2,2,0,2,0,0,2,0,0,0,0,0,0,0,2,2,0,0,0,0,2,2,0,2,0,0,2,2,0,2,0,2,0,0,0,0,0,0,0,2,2,2,0,0,0,0,0,0,0,2,0,2,0,0,0,0,0,0,0,2,0,2,0,2,0,0,0,0,0,0,0,2,0,0,0,0,0,0,0,0,0,2,NA,0,2,0,0,0,0,0,0,0,0,0,0,0,0,0,0,0,0,2,0,0,0,0,0,0,0,2,0,2,0,0,2,2,0,0,0,0,0,0,0,0,0,2,2,2,0,2,0,0,0,0,0,0,0,2,0,2,2,0,0,0,0,0,0,0,0,0,0,0,0,0,0,2,0,2,0,0,2,0,2,2,0,0,0,0,2,0,2,0,0,0,2,0,0,0,0,2,2,0,2,0,2,0,0,0,0,0,0,0,0,0,2,0,0,0,0,0,2,2,0,0,0,0,0,0,2,0,0,2,0,2,NA,0,2,0,0,2,2,0,2,0,0,2,0,0,2,0,0,0,2,0,0,0,0,0,0,0,0,0,2,2,2,0,0,2,2,2,0,0,0,0,0,0,0,0,2,0,0,0,0,2,0,0,2,2,0,2,2,0,0,0,2,0,0,0,0,0,2,0,2,0,2,0,2,2,0,0,0,2,0,0,2,0,0,0,0,0,0,0,2,2,0,0,0,NA,0,2,0,0,2,0,0,0,0,2,0,0,0,0,0,0,2,0,0,0,0,2,2,0,0,0,2,0,2,0,0,0,2,0,0,0,0,0,2,2,0,0,0,0,0,0,0,0,2,0,2,0,2,0,0,0,0,0,0,0,0,0,0,0,0,0,0,0,0,2,2,0,0,2,0,2,0,0,0,0,0,2,0,0,2,0,0,2,0,0,0,0,0,0,0,0,0,0,0,0,0,2,0,0,0,2,0,0,0,2,0,2,2,2,2,0,0,0,0,0,0,0,0,2,0,0,0,0,0,0,0,0,2,2,0,0,0,0,0,0,0,2,0,0,0,2,0,0,0,0,0,0,0,0,0,0,0,0,0,0,0,0,2,0,0,0,0,0,2,2,0,2,0,2,0,2,0,0,0,0,2,0,0,0,0,0,0,0,2,0,0,2,0,0,0,0,2,0,0,0,0,0,0,0,0,0,0,2,0,0,0,0,0,0,0,0,0,0,0,2,0,2,0,0,0,0,0,0,0,0,0,0,0,0,0,0,0,0,2,0,2,0,0,0,2,0,0,2,0,0,0,0,0,0,0,0,2,0,2,2,0,0,2,0,0,2,0,2,2,0,0,0,2,0,2,0,0,0,0,0,0,0,2,0,0,0,0,0,2,0,2,2,0,0,0,0,2,2,0,2,2,0,0,0,0,0,0,0,2,0,0,0,0,0,2,0,2,0,0,0,0,0,0,0,0,2,2,0,2,2,0,0,0,2,2,0,0,0,0,0,0,2,0,0,0,0,0,0,0,2,2,0,0,0,0,0,0,0,0,2,2,2,0,0,0,0,0,0,0,0,0,0,0,0,0,0,0,0,2,0,0,0,0,0,0,0,0,0,2,0,0,0,0,0,0,0,2,0,0,0,0,0,0,0,2,2,2,2,0,0,0,0,0,0,0,2,0,2,0,0,0,0,0,0,0,0,0,0,0,0,0,0,2,0,0,0,0,0,0,0,0,2,0,0,0,0,0,0,0,0,0,0,0,2,0,0,0,0,0,0,2,0,0,2,0,0,0,0,0,0,2,0,0,2,0,0,0,0,0,0,0,2,2,0,0,2,0,0,0,0,2,0,0,2,0,2,0,0,0,0,0,2,2,0,0,2,0,2,0,0,0,0,0,0,0,0,0,0,0,0,0,0,0,0,0,2,2,0,2,0,0,0,0,2,0,0,0,0,2,2,0,2,0,0,0,2,0,2,0,2,0,0,2,2,0,0,2,0,0,2,0,2,0,2,2,2,0,0,0,0,0,0,0,0,2,2,2,0,0,0,0,0,0,2,0,0,0,0,2,0,0,0,0,0,0,2,0,0,0,0,0,0,0,2,0,0,0,0,0,0,2,0,2,2,0,0,0,0,0,0,2,0,0,0,0,0,0,0,0,2,0,0,0,0,0,0,0,0,0,2,0,0,0,2,0,0,0,2,0,0,0,0,0,0,0,0,2,0,0,0,0,2,0,0,0,0,0,0,2,2,0,0,0,0,0,0,0,0,2,2,0,0,0,0,0,2,0,0,0,0,0,0,0,2,0,0,0,0,0,NA,2,0,0,0,0,0,0,2,0,0,0,0,0,0,0,0,0,0,0,2,0,0,0,0,0,0,0,0,2,0,0,2,0,0,0,0,0,2,0,0,0,2,0,0,0,0,0,0,0,0,0,0,0,0,2,0,0,0,0,0,0,0,0,0,0,0,0,0,0,0,0,0,2,0,0,0,0,0,2,0,0,0,0,2,0,NA,2,0,0,0,0,2,0,0,0,0,0,0,0,0,0,0,0,0,0,0,0,0,0,2,0,0,0,0,2,0,0,0,0,0,0,0,0,0,0,2,0,0,0,2,0,0,0,0,0,2,0,0,0,0,0,2,2,0,0,0,0,0,2,2,2,2,0,2,2,0,2,0,0,0,0,0,0,2,2,2,0,2,0,0,0,0,0,0,2,0,0,0,0,2,0,2,0,0,2,0,0,0,0,0,0,2,0,0,0,0,0,2,0,0,0,0,0,0,0,0,0,0,0,0,0,0,0,0,0,2,0,0,0,0,2,0,0,0,0,0,0,0,2,0,0,2,0,0,0,2,0,0,0,2,2,0,0,0,2,0,0,0,0,0,0,0,0,2,0,0,0,0,2,0,0,0,0,0,0,0,2,0,0,0,0,0,0,0,2,0,0,0,0,2,0,0,2,0,0,0,2,0,0,0,0,0,0,2,0,0,2,0,0,2,0,0,0,0,0,0,0,0,0,0,0,0,2,0,0,0,0,0,0,0,0,0,2,0,0,0,0,0,0,0,0,0,0,0,0,0,0,0,0,0,0,2,0,0,0,0,0,0,0,2,0,0,0,2,0,0,2,0,0,0,0,0,0,0,0,2,0,0,0,0,0,0,2,0,0,0,0,0,0,0,2,0,0,0,0,2,2,0,0,0,0,2,0,0,2,0,0,0,0,0,NA,0,0,2,0,0,0,0,0,0,0,2,0,0,0,0,0,2,0,0,0,2,0,0,NA,0,0,0,2,2,2,0,2,0,2,0,0,2,0,2,0,0,0,0,2,0,0,0,0,0,2,0,0,2,0,0,0,2,0,0,0,0,0,0,0,0,0,0,0,0,0,2,0,0,0,0,0,0,0,0,0,2,0,0,0,0,0,0,0,0,0,0,0,0,0,0,0,0,0,0,0,0,2,2,2,0,0,0,2,2,0,0,0,0,0,0,0,0,0,0,0,0,0,2,0,0,2,0,2,0,2,0,0,0,0,2,0,0,0,2,0,0,0,0,0,0,0,0,0,2,0,2,0,2,0,0,0,0,2,0,0,0,0,0,0,0,2,0,0,NA,0,0,0,2,0,2,2,0,0,0,0,0,0,2,0,0,0,0,2,2,0,2,0,0,0,0,0,0,0,0,0,0,0,0,0,0,0,0,2,0,0,2,0,0,0,0,0,0,0,0,0,0,2,0,0,0,0,0,0,0,0,0,0,0,0,0,0,0,2,2,0,0,0,2,0,2,2,2,0,2,0,2,0,0,2,2,2,0,2,0,2,0,2,0,2,0,0,0,0,2,0,0,0,0,0,0,0,0,0,0,0,0,0,0,0,0,0,0,2,2,0,2,0,2,0,0,0,0,0,0,2,0,0,0,0,0,0,0,0,0,0,0,0,0,0,0,2,0,0,2,0,2,2,2,0,2,2,2,0,0,0,0,0,0,0,2,0,0,0,0,0,0,2,0,2,2,0,0,0,0,0,0,0,0,0,0,0,0,0,0,0,0,2,0,2,0,0,0,2,2,0,0,0,0,0,2,0,0,0,0,0,2,0,2,0,0,0,2,0,0,0,0,2,2,2,0,0,2,0,0,0,0,0,0,0,0,0,2,0,0,0,0,2,0,2,0,NA,2,0,0,0,0,0,2,0,0,2,0,0,0,0,2,0,2,0,0,0,2,0,0,0,0,0,2,0,2,0,2,NA,0,0,0,0,0,0,0,2,0,0,0,0,0,0,2,0,0,0,0,0,0,0,2,0,0,0,0,0,0,0,0,0,0,0,0,0,0,0,0,0,0,0,0,0,0,0,2,0,2,0,0,0,0,0,0,0,0,0,2,2,0,0,0,0,0,0,0,0,2,2,0,0,0,0,0,0,2,0,0,0,0,0,0,0,0,2,0,0,0,0,2,2,0,2,0,0,0,0,0,0,2,0,0,0,0,0,0,0,0,0,0,0,0,0,0,0,0,0,0,0,2,0,0,0,2,0,2,0,2,0,0,0,0,0,2,0,0,0,0,2,2,0,0,0,2,0,2,0,0,2,0,2,2,0,0,0,0,0,0,2,0,0,0,0,0,0,0,2,0,0,2,0,0,2,0,0,2,2,0,0,2,0,0,0,0,0,2,0,0,0,0,0,0,2,0,0,0,0,0,0,0,0,0,0,2,0,0,0,2,0,0,0,0,0,0,0,0,2,0,2,0,0,0,2,0,0,0,0,0,0,0,0,0,0,0,0,0,0,2,0,0,0,0,2,2,2,0,0,0,0,0,0,0,0,0,0,2,0,0,0,0,0,0,0,0,0,2,0,2,0,2,2,0,0,0,0,0,0,0,0,2,2,0,0,0,0,0,2,2,0,0,0,0,0,0,0,0,0,0,0,0,0,0,0,0,2,0,0,0,0,0,0,0,0,0,0,0,0,0,0,0,2,0,0,0,0,0,0,0,0,0,0,2,0,0,2,2,2,0,0,0,2,0,0,0,0,0,0,0,0,0,2,0,0,0,2,0,0,0,2,0,2,0,0,0,0,0,0,2,0,0,2,2,0,0,0,0,0,0,2,0,0,0,2,0,0,2,0,0,2,0,0,2,0,0,0,0,2,0,2,2,2,2,0,2,0,0,0,0,2,0,0,0,0,0,2,0,0,0,0,2,0,0,0,0,0,0,2,0,0,0,0,0,0,0,0,2,2,0,0,0,0,0,0,0,0,0,2,0,0,2,2,0,0,2,2,0,0,0,0,0,0,0,0,0,0,0,2,0,0,0,2,0,0,0,0,2,0,0,0,0,0,2,0,0,0,0,0,0,0,0,2,0,0,0,0,0,2,0,0,0,0,0,2,0,2,2,0,0,0,0,2,0,0,0,2,0,2,0,2,2,2,0,2,0,0,0,2,0,0,0,0,0,0,0,0,0,0,2,0,0,0,2,0,0,2,0,0,0,0,0,0,0,0,0,2,0,2,2,0,0,0,0,0,0,0,2,0,0,0,0,0,2,0,2,2,2,0,0,2,0,0,2,2,0,0,0,0,0,0,2,0,2,0,0,0,0,0,0,0,0,0,0,2,0,0,2,0,2,0,2,2,2,0,0,2,0,NA,2,2,0,0,NA,2,0,0,0,0,0,0,0,0,0,0,0,2,0,0,0,0,0,0,0,0,0,0,0,0,0,0,0,0,0,0,2,0,2,0,0,0,2,2,0,0,2,0,0,2,0,0,0,0,0,0,2,2,2,0,0,2,0,0,0,0,0,0,2,0,2,2,0,0,0,0,0,0,0,0,0,0,0,0,0,0,2,2,0,0,0,0,0,2,0,0,0,0,2,0,0,2,0,0,0,0,0,0,2,0,0,0,0,0,0,0,2,2,2,0,0,2,2,0,2,0,0,2,2,0,0,0,0,0,NA,0,0,2,0,0,2,2,2,0,0,2,2,2,2,0,0,0,0,2,0,0,0,0,0,2,2,0,0,0,0,0,2,0,0,0,0,2,2,2,0,2,0,0,2,2,0,0,2,2,2,0,0,0,0,0,0,0,0,2,0,2,0,0,0,0,2,0,0,0,0,0,2,0,0,2,0,2,2,2,2,0,0,0,0,0,2,0,0,0,0,0,0,0,0,0,0,0,0,0,0,2,0,0,2,0,0,0,0,0,0,0,0,2,2,0,0,2,0,0,2,0,0,0,0,NA,2,0,2,2,0,0,0,0,0,0,2,0,0,0,0,0,0,0,0,0,0,0,0,0,2,0,2,2,0,2,2,0,0,0,0,0,0,0,2,0,0,0,NA,0,2,2,0,0,2,0,0,0,0,0,0,2,0,0,2,0,2,0,0,0,2,0,2,2,2,2,2,0,0,0,2,2,0,0,0,2,2,0,0,0,0,0,0,0,0,2,2,2,0,2,0,0,0,0,0,0,0,2,0,0,0,0,2,0,0,0,0,2,0,2,0,0,0,0,2,0,2,2,0,0,0,2,0,2,0,0,0,0,NA,0,2,0,0,0,0,2,0,0,2,0,0,2,2,2,0,2,0,0,0,2,0,0,0,0,2,2,2,0,0,0,2,0,0,2,2,2,0,0,0,2,2,0,0,0,2,2,0,0,2,0,0,0,0,0,0,0,0,0,0,2,0,2,2,2,2,0,2,0,2,0,2,2,2,0,0,2,0,0,0,2,0,0,0,0,0,0,0,0,0,0,0,0,0,0,0,0,0,0,0,0,0,0,2,2,0,0,0,0,0,0,2,0,0,0,0,0,0,0,0,0,0,0,0,0,2,0,0,0,0,0,0,0,2,0,0,0,0,2,2,0,0,0,2,0,0,2,0,0,0,2,2,0,0,0,0,0,0,0,0,0,0,2,0,0,0,2,0,0,0,0,0,2,0,0,0,0,0,0,0,0,2,NA,0,0,0,0,2,2,0,2,0,0,NA,0,0,0,0,0,0,2,0,0,0,0,0,0,0,0,0,0,0,2,0,0,0,0,0,0,0,0,0,2,2,0,0,0,0,0,0,0,0,0,0,0,0,0,0,0,0,0,0,0,0,0,0,0,0,0,2,0,0,0,0,2,0,0,0,0,0,0,0,0,0,0,2,0,0,0,0,0,0,0,0,0,0,0,0,0,0,0,2,0,0,0,0,0,0,0,2,0,0,0,0,0,0,0,0,0,0,0,0,0,2,0,0,0,0,0,0,0,0,0,0,0,0,0,0,0,0,2,0,0,0,0,0,0,0,0,0,0,0,0,0,0,0,0,0,2,2,0,2,2,0,2,0,0,0,0,2,0,0,0,2,0,0,0,0,0,0,2,2,2,0,0,0,2,0,2,0,0,0,2,0,0,0,0,0,NA,2,0,2,0,0,0,2,0,0,0,2,0,0,0,0,0,0,2,0,0,0,0,0,0,2,0,0,0,0,0,2,0,0,0,0,0,2,0,0,0,0,0,0,0,0,0,0,0,0,0,0,0,0,0,0,0,0,0,0,0,0,0,0,0,0,0,0,0,0,0,0,0,0,0,0,0,0,2,0,0,0,0,0,0,0,0,0,0,0,0,2,2,0,2,0,0,0,0,0,0,0,0,0,0,0,0,0,0,2,2,0,2,0,0,0,0,0,0,0,0,0,0,2,0,0,2,2,0,0,0,0,0,0,0,0,0,0,0,0,0,0,0,0,0,0,0,0,2,0,0,0,0,0,0,0,0,0,0,0,0,0,0,0,0,0,0,0,2,0,0,2,0,0,0,0,0,0,0,0,0,0,0,0,0,0,0,0,0,0,0,0,0,0,0,0,0,2,0,0,0,2,0,0,2,0,0,0,0,0,2,0,0,0,0,0,0,0,0,0,0,0,0,0,0,0,0,0,0,0,0,0,0,0,0,0,0,2,0,0,0,2,0,0,0,2,0,0,0,0,0,0,0,0,0,0,0,0,0,0,0,2,0,0,0,0,0,0,2,2,0,0,0,2,0,0,0,0,0,0,0,0,0,0,0,2,0,0,0,2,2,2,0,2,0,0,0,0,0,0,2,0,2,0,0,0,0,2,2,0,2,0,2,2,0,0,0,2,0,0,0,2,0,0,0,2,2,0,2,0,0,0,2,2,2,2,0,0,0,0,0,0,0,0,0,2,0,0,0,0,2,0,2,0,0,0,0,0,0,0,0,2,2,2,2,0,2,0,0,2,0,0,2,2,0,0,0,0,2,0,2,0,0,0,0,2,0,0,2,0,2,0,0,2,0,0,0,2,0,0,0,0,2,0,2,0,0,0,0,2,0,2,2,0,0,0,0,0,2,0,0,0,0,0,0,0,0,0,0,0,0,0,0,0,0,0,0,0,0,0,0,0,0,0,0,0,0,0,0,2,2,0,0,0,2,2,0,0,0,0,0,0,2,0,0,0,0,0,2,0,0,2,0,0,0,0,0,0,2,0,2,0,0,0,0,0,0,2,0,0,2,0,2,0,2,0,0,0,0,0,0,0,0,0,0,0,0,0,2,0,0,0,0,0,0,0,0,0,2,0,0,0,0,0,0,2,0,0,0,0,0,0,0,2,0,0,0,0,0,2,0,0,0,2,0,0,0,2,0,0,0,0,0,0,0,0,0,0,2,0,0,0,2,0,0,0,2,2,2,0,0,0,0,0,2,2,0,0,0,2,2,0,2,2,2,2,0,0,0,NA,2,0,0,0,0,0,0,0,2,2,0,2,0,0,0,2,0,0,0,2,0,0,0,0,0,2,0,0,0,0,0,0,0,0,0,0,0,2,2,2,0,2,0,0,0,0,2,0,0,0,0,0,0,2,0,2,2,2,2,0,0,2,0,0,0,2,0,0,0,0,2,0,0,0,0,0,0,0,2,0,0,0,NA,0,0,0,0,2,0,0,0,0,0,2,2,0,0,0,0,0,0,0,0,0,0,0,0,2,0,2,0,2,0,0,2,0,0,0,0,2,0,0,0,0,0,0,0,0,0,0,2,0,0,0,0,0,2,2,0,0,0,0,0,0,0,0,0,0,0,0,2,0,0,0,0,0,2,0,0,0,0,0,0,0,0,0,0,0,0,0,0,0,0,0,2,0,0,0,0,0,0,0,0,0,0,0,0,2,2,0,0,0,0,0,0,0,0,0,0,2,0,0,2,2,0,0,2,0,0,0,0,2,2,2,2,2,0,0,0,0,2,0,0,0,2,0,2,2,0,0,0,0,2,0,0,0,0,0,0,0,0,0,0,0,0,0,0,0,0,0,0,0,0,0,0,0,0,0,0,0,0,0,2,0,0,0,0,0,0,0,0,0,0,2,0,0,0,0,2,0,0,0,0,0,0,2,0,0,0,0,0,0,2,0,0,2,0,0,0,0,0,0,0,0,0,2,2,0,2,0,NA,2,0,0,0,0,0,0,2,0,0,2,0,0,0,0,0,2,2,0,0,2,2,0,2,0,0,0,0,0,0,0,2,0,0,0,0,0,0,2,0,2,0,0,0,0,0,0,0,0,0,0,0,0,0,0,0,0,2,0,0,0,0,2,0,0,0,0,0,0,0,0,0,0,2,2,0,0,2,0,0,0,2,0,0,2,0,0,0,0,0,0,0,0,0,0,2,0,0,0,0,0,0,0,2,0,2,0,0,0,0,0,0,0,0,2,0,0,0,0,0,0,0,0,0,0,0,2,0,0,0,0,0,2,0,2,0,0,0,0,0,2,0,0,2,2,0,0,0,0,2,2,0,0,0,0,0,0,0,0,0,0,0,0,0,0,0,0,0,0,0,0,0,0,0,0,2,0,0,0,0,2,2,2,0,0,0,0,0,0,2,0,0,0,0,0,2,0,0,0,0,0,0,0,2,2,0,0,0,0,2,0,2,0,2,2,0,0,0,0,0,0,0,0,0,0,0,0,0,0,0,0,0,0,0,0,0,0,2,0,2,0,0,0,0,0,0,0,2,0,0,0,0,0,0,0,0,0,0,0,0,2,0,0,0,0,0,0,2,2,2,0,0,0,0,2,2,0,0,0,2,0,0,0,0,0,0,2,0,0,0,0,0,0,0,0,2,2,0,0,0,0,2,2,0,0,0,0,0,0,0,2,0,0,2,0,0,0,2,0,0,2,0,0,0,0,0,0,0,2,0,0,2,0,0,0,0,0,0,0,0,0,2,2,0,0,2,2,0,0,0,0,0,0,0,0,2,0,0,0,0,0,0,0,0,0,0,0,0,0,2,0,0,0,0,0,0,2,0,0,0,2,2,0,0,0,0,0,0,0,2,0,0,2,0,0,0,0,0,0,0,0,0,0,0,2,2,0,0,0,0,0,0,0,0,0,2,0,0,0,0,2,2,0,0,0,0,0,2,0,2,0,0,0,0,0,2,0,0,2,0,0,0,2,0,0,0,0,2,2,0,0,0,0,0,0,0,0,0,0,2,0,0,0,2,2,0,0,2,2,2,0,0,0,0,0,0,2,0,0,0,0,0,0,0,2,0,2,0,0,2,0,2,0,0,2,0,0,0,2,0,0,0,2,0,0,2,2,0,0,0,0,0,0,0,0,0,0,0,2,0,2,0,0,0,2,0,0,0,0,0,0,0,2,2,0,0,2,0,0,2,2,0,2,0,0,0,2,0,0,2,0,2,2,0,0,0,0,0,0,0,2,0,2,2,0,0,0,0,0,0,0,0,0,0,0,0,0,0,2,0,0,0,0,2,2,0,2,2,2,0,0,2,0,0,0,0,0,0,0,0,0,0,0,2,0,2,0,2,0,0,0,0,0,0,0,0,0,0,0,0,0,0,0,0,0,2,2,0,0,0,0,0,0,0,2,0,2,0,0,2,0,0,2,0,2,0,0,0,0,2,0,2,0,0,0,0,0,2,0,0,0,2,0,0,0,0,0,0,0,0,0,0,0,0,2,2,0,0,0,0,0,2,0,0,0,0,0,0,0,0,0,0,0,0,2,0,0,0,0,0,0,0,0,0,0,0,2,0,0,0,0,0,0,0,0,0,2,0,0,0,0,0,0,0,0,0,0,0,NA,0,0,0,0,0,0,0,0,0,0,0,0,0,0,0,0,0,2,2,0,0,2,2,0,0,0,0,0,0,0,2,0,2,0,0,0,0,0,0,0,0,0
"CC168",0,0,0,0,0,0,0,0,0,0,0,2,0,0,0,0,0,0,0,0,2,0,0,0,2,0,2,0,0,0,0,0,0,0,0,0,2,0,0,0,0,2,0,0,0,0,0,0,0,0,2,0,0,0,0,0,0,0,0,0,0,0,0,0,2,0,0,0,0,0,0,0,0,0,2,0,2,0,0,2,0,0,0,0,0,0,0,0,0,0,0,0,0,0,0,0,0,0,0,0,0,0,0,0,2,0,0,2,0,2,0,0,2,0,0,0,0,0,0,2,0,0,2,0,0,0,0,0,0,2,2,0,0,0,0,0,0,2,0,0,0,0,0,0,0,0,0,0,0,0,2,0,0,0,0,2,0,2,0,2,0,0,0,0,0,0,0,0,2,0,0,0,0,0,2,0,0,2,0,2,2,0,0,0,0,0,0,0,0,2,0,2,0,0,0,0,2,2,2,0,0,2,0,0,NA,0,0,0,0,0,0,0,2,0,0,0,2,2,0,0,0,0,0,0,0,2,0,0,0,0,0,0,0,2,0,2,0,2,0,2,0,0,2,0,0,0,2,0,0,0,2,0,0,2,0,0,0,0,0,0,2,0,0,0,0,0,0,0,0,0,0,0,0,0,0,0,2,2,2,0,2,0,0,2,0,0,0,0,0,0,0,2,2,0,0,0,0,0,0,0,0,2,0,2,0,0,0,0,NA,0,2,0,2,0,0,0,0,2,2,0,0,0,0,0,0,0,0,2,2,0,0,0,0,0,0,0,2,0,0,0,0,0,0,0,0,0,0,0,2,0,0,2,0,0,0,0,0,0,0,0,0,0,0,0,0,0,0,0,0,2,0,0,NA,0,0,0,0,0,2,0,0,0,2,0,0,0,2,0,2,0,0,2,0,0,0,0,0,0,0,0,0,0,2,0,2,0,2,0,2,0,0,0,0,0,0,2,0,2,0,0,0,0,2,0,0,0,0,0,2,0,0,0,0,0,0,0,0,2,0,2,0,0,0,0,0,2,0,0,2,2,0,2,0,0,0,0,0,2,0,2,0,0,2,0,0,0,0,0,2,0,0,2,0,0,2,0,2,2,0,0,0,0,2,2,0,2,0,0,2,0,0,0,0,0,0,0,0,2,0,2,0,0,0,0,2,2,0,2,0,2,0,0,0,0,0,0,0,0,0,2,2,0,2,0,0,0,0,0,2,0,0,0,0,2,0,0,0,0,0,0,0,2,0,2,2,0,0,0,2,0,2,0,0,0,0,0,0,0,0,0,0,2,0,2,0,0,0,0,0,0,2,0,0,0,0,0,2,0,0,2,2,0,0,0,0,0,0,0,0,2,0,2,0,0,0,0,0,2,0,0,0,2,0,2,2,2,2,2,0,0,0,2,0,0,0,2,0,2,2,0,0,2,0,0,NA,2,0,2,2,0,0,2,2,2,0,0,2,0,2,0,0,2,2,0,0,2,0,0,2,0,0,2,2,0,0,0,0,2,2,2,0,2,2,2,2,2,2,2,2,0,0,0,0,0,0,2,0,0,0,0,0,0,2,0,0,0,0,0,0,0,0,0,0,0,0,0,0,2,2,2,2,0,0,0,0,0,0,2,2,0,0,0,0,0,0,2,0,2,0,0,0,0,0,2,0,0,0,0,0,0,0,0,0,0,0,0,0,0,0,0,0,0,0,0,2,0,2,2,0,0,0,0,2,2,2,0,0,0,2,0,0,0,0,0,0,2,0,0,2,0,0,0,0,0,0,0,0,0,0,0,0,0,2,0,0,2,0,2,2,0,0,0,0,0,0,0,2,0,0,0,0,0,0,0,0,0,0,2,0,0,0,0,0,0,0,0,0,0,0,0,0,0,2,2,0,0,0,2,0,2,0,2,0,0,0,0,2,0,0,2,0,0,0,0,0,0,0,0,0,2,0,2,0,0,2,0,0,0,0,0,0,2,2,0,0,0,2,0,2,2,2,0,0,0,2,0,2,0,0,0,0,0,0,0,0,0,0,0,0,2,0,0,0,0,2,0,0,0,0,0,0,2,2,0,2,0,0,0,0,0,0,2,0,0,0,2,0,0,0,2,0,0,0,0,0,0,0,0,0,0,2,0,0,0,0,2,0,0,2,0,0,0,0,0,2,0,0,0,2,0,0,2,0,0,0,0,0,0,0,0,0,0,0,0,0,0,0,0,0,2,0,0,2,0,0,0,0,2,0,0,0,0,0,0,2,0,2,0,0,0,2,0,0,0,0,0,2,0,0,0,0,0,0,0,0,0,0,2,2,0,0,0,0,0,0,2,0,0,0,0,0,0,0,0,0,0,2,0,0,0,0,0,0,0,0,0,2,0,2,0,0,0,0,0,0,2,0,0,2,0,0,0,0,0,0,0,2,0,2,0,0,0,0,0,2,0,0,0,0,2,0,0,0,0,0,0,2,2,0,0,2,2,0,0,0,2,0,0,0,0,0,0,0,0,0,2,0,0,0,0,0,0,0,2,0,0,NA,2,2,0,0,0,2,0,0,2,0,0,0,2,0,2,0,0,0,0,0,0,0,0,2,0,0,0,0,0,0,2,2,0,0,0,2,2,2,0,0,2,2,2,0,0,0,0,0,0,0,0,0,2,2,2,0,0,0,2,0,0,0,0,0,0,0,0,0,0,2,0,0,0,2,0,0,0,0,0,0,0,0,0,0,0,0,0,0,0,0,0,0,0,0,0,0,0,0,0,0,0,0,0,0,0,2,2,0,0,0,0,0,0,0,0,0,2,0,0,2,2,0,0,0,0,0,2,0,0,0,2,0,0,2,2,0,2,0,2,2,0,0,0,0,0,0,2,2,0,0,0,0,0,0,0,0,0,0,0,0,0,0,0,2,0,0,0,0,0,2,0,2,2,0,2,0,0,2,0,0,0,0,0,2,0,0,0,0,0,0,0,0,0,0,0,0,0,2,2,0,0,0,0,0,0,2,0,0,0,0,0,0,0,0,0,2,2,0,0,0,0,0,0,0,0,0,0,0,0,0,0,0,2,0,0,0,0,0,0,0,0,2,0,0,0,0,0,0,0,0,0,2,0,0,0,0,0,0,0,0,0,2,0,0,0,0,0,0,0,0,0,0,0,0,0,0,0,0,2,0,0,0,2,2,0,2,0,0,0,0,0,0,0,0,0,0,0,0,0,0,0,0,0,0,2,0,0,2,0,NA,0,0,0,0,0,0,0,0,0,0,0,0,0,0,0,0,0,0,0,0,0,0,0,0,0,0,0,0,0,2,0,0,0,0,0,0,0,0,0,2,0,0,0,0,2,0,0,0,2,0,0,2,2,2,0,2,0,2,2,0,0,2,0,0,0,0,0,NA,0,0,0,0,0,0,0,0,0,0,0,0,0,2,0,0,0,0,0,2,0,0,0,0,0,0,0,0,2,0,2,2,2,0,0,2,0,0,0,0,2,0,0,0,2,0,0,0,0,0,0,0,0,0,0,0,0,0,0,0,0,0,0,0,0,2,0,0,0,0,0,0,0,0,0,0,0,2,2,2,2,0,2,0,0,0,2,2,0,0,2,0,0,0,0,0,2,0,0,2,0,2,2,0,2,0,0,0,0,0,0,0,2,0,0,0,0,0,0,0,0,0,0,0,2,2,0,0,0,0,0,0,0,0,2,0,0,0,0,0,0,0,0,0,0,0,2,2,0,0,0,0,2,0,0,0,2,0,0,2,0,0,0,0,0,0,0,0,0,0,2,0,2,0,0,0,2,0,0,0,0,0,2,0,0,0,0,0,0,0,0,0,0,0,0,0,0,0,0,0,2,0,0,0,0,0,0,2,0,0,0,2,2,0,0,2,0,0,0,2,0,0,0,0,0,0,0,0,2,2,2,0,0,0,2,2,0,0,0,0,0,2,0,0,2,0,0,0,0,NA,0,0,0,0,0,0,2,2,0,0,2,0,0,0,0,0,0,0,0,0,0,0,0,2,2,0,0,0,0,0,0,0,0,0,0,0,0,0,0,0,2,0,0,2,0,0,0,0,2,0,0,2,0,2,0,0,0,2,0,0,0,0,2,0,0,0,0,2,0,0,0,0,0,0,2,0,0,0,0,0,0,0,0,0,0,0,0,0,0,0,0,0,0,0,0,0,0,0,0,0,0,0,2,2,0,0,0,0,0,0,2,0,0,0,0,0,0,0,0,0,0,0,0,2,0,0,0,0,0,2,0,0,0,0,0,0,0,0,0,0,0,0,0,0,0,0,0,0,0,0,0,0,0,0,2,0,0,0,0,0,0,2,0,0,0,0,0,0,2,0,0,0,0,2,0,0,0,2,0,0,0,0,0,2,0,2,2,0,2,0,0,0,0,0,0,0,2,0,0,2,2,2,0,2,0,0,0,0,0,0,0,0,2,0,0,0,0,0,0,2,0,2,0,2,0,0,0,0,0,0,2,0,0,2,0,0,0,0,0,2,2,0,0,0,2,0,0,0,0,0,2,0,0,0,0,0,0,0,0,0,0,0,0,2,0,0,2,0,0,0,2,0,2,2,0,0,2,0,2,0,0,0,0,0,2,0,0,0,0,0,2,2,NA,0,0,0,0,0,2,2,0,0,0,0,0,0,0,2,2,0,2,0,0,0,0,0,0,0,2,0,0,2,0,0,0,0,0,2,0,0,0,0,0,0,0,0,0,0,2,0,0,0,0,2,2,2,0,0,0,0,0,0,0,0,0,0,0,0,2,0,0,0,2,0,0,0,0,2,0,0,0,0,0,2,0,0,0,0,0,0,0,0,0,0,0,0,0,0,2,0,0,0,0,0,0,2,0,0,0,0,0,0,0,0,0,0,0,0,0,2,0,0,0,2,0,0,0,0,0,0,0,2,0,0,0,0,0,0,2,0,2,0,0,0,0,0,2,0,0,0,2,0,0,2,0,0,0,2,0,2,0,0,0,0,2,0,0,2,2,0,0,0,2,2,0,2,0,0,2,2,0,0,0,2,0,0,0,0,0,0,2,0,0,0,2,2,0,0,0,0,2,0,2,0,0,0,2,2,0,2,2,0,0,0,0,0,0,0,0,0,0,0,0,0,0,0,0,0,0,0,0,0,0,0,0,0,2,0,2,0,2,0,0,2,0,0,2,0,0,0,0,0,0,0,2,2,0,2,2,0,0,0,0,2,0,0,2,0,0,0,0,0,0,0,0,0,2,0,0,0,2,0,0,2,0,0,0,0,0,2,2,0,0,0,0,0,0,0,2,0,0,0,0,0,0,0,0,0,0,0,2,0,2,0,2,2,0,2,0,0,2,2,2,0,0,0,0,0,0,0,2,0,2,0,0,0,0,0,0,0,2,2,0,0,0,0,0,0,NA,2,0,0,2,0,2,0,0,0,0,2,0,0,0,0,0,0,0,0,0,0,0,2,0,0,0,0,0,0,0,NA,NA,0,0,0,0,0,0,0,0,0,0,0,2,0,0,2,0,0,NA,0,2,0,0,0,0,0,0,0,0,0,2,0,0,0,0,0,2,2,0,0,0,2,0,0,0,2,0,0,2,2,0,0,2,0,2,0,0,0,0,0,0,0,0,0,0,0,0,0,0,0,0,2,0,0,2,0,0,2,0,0,0,0,2,0,2,0,2,2,0,0,0,0,0,2,0,NA,0,0,0,2,0,0,2,0,2,NA,0,0,0,2,0,0,2,0,0,2,0,0,0,0,0,0,2,0,0,2,0,0,2,0,0,0,0,0,2,0,0,0,0,0,0,0,0,0,0,0,0,0,0,0,0,2,2,0,0,2,0,2,0,0,2,0,0,2,0,0,0,0,0,0,0,0,0,0,2,2,0,2,0,0,0,0,0,0,0,0,2,0,2,0,0,2,0,0,0,0,2,2,0,2,0,0,0,0,0,0,2,0,2,0,0,0,0,0,2,0,0,2,0,2,0,0,2,0,0,0,2,0,0,0,2,2,0,0,2,0,0,2,0,0,0,2,0,2,2,0,2,2,2,0,2,0,2,2,0,0,2,0,2,2,0,0,0,0,2,2,2,0,2,0,0,0,0,0,2,0,2,0,0,0,0,2,0,0,0,0,0,2,0,0,0,0,0,0,0,0,2,0,0,0,0,2,2,0,0,0,0,2,0,0,0,0,0,0,0,0,0,0,0,0,0,0,0,0,2,0,NA,0,0,0,0,2,2,2,0,0,0,0,2,0,0,2,0,0,0,0,0,0,0,2,0,0,0,0,0,0,0,0,2,0,0,0,2,0,0,0,0,0,0,0,0,2,0,0,0,0,0,0,0,0,0,0,0,0,0,0,2,0,0,0,0,0,2,0,0,0,0,0,0,0,0,0,2,0,0,2,0,2,0,0,2,0,0,0,2,0,0,2,0,0,0,0,0,2,2,0,0,0,0,0,2,0,0,0,0,0,0,0,0,0,0,2,0,0,0,2,0,0,0,0,2,0,0,0,0,0,0,2,0,2,2,0,0,0,0,0,0,0,2,0,0,0,0,0,2,2,0,0,0,0,0,0,0,0,2,0,0,0,0,2,2,2,0,0,0,0,0,0,2,0,0,2,0,0,0,0,0,0,0,0,2,0,2,0,0,0,0,0,0,0,0,0,2,0,0,0,0,0,0,0,0,0,0,0,0,0,0,0,2,0,0,2,2,0,0,0,0,0,0,2,0,0,0,2,2,2,0,2,0,0,2,0,0,0,0,0,0,2,0,0,0,0,0,0,2,0,2,2,0,0,0,0,2,0,0,0,2,0,0,0,0,0,0,0,0,2,0,0,0,0,0,2,0,0,0,0,2,NA,0,0,0,0,2,2,2,2,0,0,2,0,0,0,0,0,0,0,0,0,0,0,2,0,0,2,2,2,0,0,0,2,NA,NA,0,0,0,0,0,0,0,0,2,0,0,0,2,0,0,2,0,2,0,0,0,0,0,0,0,0,0,0,0,2,0,0,0,0,0,0,2,0,2,0,0,0,0,0,0,0,0,0,0,0,0,0,0,0,0,0,0,0,0,0,0,0,0,0,0,0,2,0,0,0,0,0,0,0,0,0,0,0,0,0,0,0,0,0,0,0,2,0,0,0,2,0,2,0,0,0,0,0,0,0,0,0,0,2,2,0,0,2,0,0,0,0,2,0,0,0,0,0,0,0,0,0,0,0,0,0,0,2,0,0,2,0,0,0,0,0,0,0,2,0,0,2,0,0,0,2,0,0,0,0,0,2,0,0,2,0,0,0,0,0,0,0,0,0,2,0,0,0,0,0,0,0,2,2,2,0,0,0,2,0,0,0,0,0,0,0,2,0,0,0,0,0,0,0,0,0,0,0,0,0,0,2,2,0,0,2,0,0,0,2,0,0,0,0,0,0,2,0,0,0,0,0,0,2,0,0,0,0,0,0,0,0,0,0,0,2,0,2,0,0,2,0,0,0,0,0,2,0,0,0,0,0,0,0,0,0,2,0,0,0,0,0,0,2,0,0,0,2,0,0,0,0,0,2,0,2,0,0,2,0,2,0,0,2,0,0,2,0,0,0,0,0,0,0,2,0,0,0,0,0,0,0,0,0,2,2,2,0,2,2,0,0,0,2,0,0,2,2,2,0,0,0,0,2,2,2,0,0,0,0,0,2,2,0,0,0,0,0,0,0,0,0,2,0,2,0,0,0,0,0,2,2,0,0,0,0,0,0,0,0,0,0,0,0,0,0,0,0,0,0,0,2,2,0,0,0,0,0,0,0,2,0,2,2,0,0,0,0,2,0,0,0,0,0,0,0,0,0,0,0,0,0,0,0,0,0,0,0,0,2,0,0,0,2,2,0,0,0,0,0,0,0,0,0,0,0,0,0,0,0,0,2,0,2,2,2,0,0,2,2,0,0,0,2,2,0,2,0,2,0,2,0,0,0,0,0,0,0,0,NA,0,0,0,0,0,0,0,2,0,2,0,0,2,0,0,0,0,0,0,0,0,0,0,0,2,0,0,0,0,0,2,2,0,2,0,2,0,2,0,2,2,NA,0,0,0,0,2,0,0,2,2,0,0,0,0,2,0,0,0,0,0,0,0,0,0,0,0,0,0,0,0,0,0,0,0,2,2,0,0,0,0,2,0,0,0,0,2,0,0,2,0,0,0,0,2,2,2,0,2,2,0,0,0,0,0,2,0,0,0,2,0,0,0,2,0,2,0,0,0,0,0,0,0,0,2,0,2,0,0,0,0,0,0,2,0,0,0,0,0,0,0,0,0,0,2,2,2,2,2,0,0,2,0,2,2,0,0,2,0,2,0,0,0,0,2,0,0,0,0,2,0,0,0,2,0,0,2,0,0,0,2,0,0,0,2,0,0,0,2,0,0,2,2,0,2,2,0,2,2,0,0,0,2,0,2,0,0,2,0,2,0,2,0,0,2,0,0,0,2,0,0,0,0,0,0,0,0,2,0,2,0,2,0,0,2,2,0,0,0,0,0,0,0,2,0,0,0,0,0,0,0,0,2,0,0,0,2,0,0,0,0,0,0,0,0,2,0,0,0,0,0,0,0,0,0,0,0,0,0,0,0,0,0,0,0,0,0,2,0,0,0,0,0,0,0,2,0,2,2,0,0,0,0,0,0,0,0,2,2,0,2,0,2,0,2,0,0,2,0,0,0,0,0,0,0,0,0,0,0,0,0,0,0,0,0,0,0,0,0,0,0,0,0,0,2,0,0,0,0,0,0,0,0,0,0,0,0,0,0,0,0,0,0,0,0,0,0,2,0,2,0,0,2,0,0,2,0,0,2,2,0,0,2,0,0,0,0,0,0,2,0,0,0,0,0,0,0,0,0,0,0,2,2,2,0,0,2,2,0,0,0,2,0,0,2,0,0,0,0,0,0,0,0,0,2,0,0,0,0,0,2,2,2,0,0,2,0,0,0,0,0,0,0,0,0,0,0,0,0,0,0,0,0,0,0,NA,0,0,0,0,0,2,0,0,0,0,0,0,0,2,2,0,2,0,2,0,2,0,2,0,0,0,0,0,0,0,0,0,0,0,2,0,0,2,0,0,0,2,0,0,2,2,0,2,2,0,0,0,0,0,0,0,0,0,0,2,0,0,0,0,0,0,0,2,0,0,0,0,0,0,0,0,0,2,0,2,0,0,2,0,0,0,0,0,2,0,0,0,0,0,0,0,0,0,0,2,0,0,0,0,2,0,0,0,0,0,0,0,0,0,0,0,0,2,2,0,0,0,0,2,0,0,0,0,0,0,0,0,0,2,2,0,0,0,0,0,0,0,0,0,0,2,0,0,2,0,0,0,0,0,0,2,0,0,2,0,2,2,0,2,0,0,2,0,2,2,0,0,0,2,0,0,0,0,2,0,0,0,0,0,0,0,0,2,2,0,0,0,0,0,0,2,0,0,0,0,0,0,0,0,0,2,0,2,0,0,0,0,0,0,0,2,0,0,0,0,2,0,0,0,0,0,0,0,0,0,0,0,0,0,0,0,0,0,0,0,0,0,2,2,2,0,0,2,0,0,0,0,0,0,0,0,2,2,2,2,2,NA,0,0,2,0,0,NA,0,2,0,0,0,0,2,0,0,0,0,0,2,0,2,0,2,0,2,2,0,0,2,0,0,0,0,0,0,2,0,2,0,0,0,0,0,0,2,0,0,0,0,0,0,0,0,0,0,0,0,0,0,0,0,0,0,0,0,2,0,0,0,0,0,0,0,0,0,2,2,0,0,0,0,0,0,0,0,0,0,2,0,0,2,0,0,0,2,0,0,2,2,0,2,2,2,2,0,2,0,0,0,0,0,0,2,0,0,2,0,0,0,0,2,0,0,0,2,2,0,0,0,0,2,0,0,2,2,2,2,2,0,2,0,0,0,0,0,2,0,0,0,0,0,0,0,0,0,0,0,2,0,0,0,0,0,0,0,2,2,2,0,0,0,0,0,2,0,2,2,0,0,0,2,2,0,0,0,0,0,0,0,0,0,0,0,2,2,0,2,0,NA,2,0,2,0,2,0,0,2,0,NA,0,0,0,0,0,0,2,0,2,0,2,2,0,2,0,0,0,0,0,0,2,0,0,0,0,0,0,0,2,0,2,0,0,2,2,0,0,2,0,2,0,0,0,0,0,0,0,2,0,0,0,2,2,2,0,0,0,0,0,0,2,0,0,2,0,0,0,0,0,0,0,0,0,0,0,2,0,0,0,0,0,0,0,0,0,0,0,0,0,0,0,0,0,0,0,0,0,0,0,0,0,0,0,0,2,0,0,0,0,0,0,2,0,0,0,0,2,0,0,0,0,0,0,0,2,0,0,0,0,0,2,0,0,0,2,0,0,0,0,2,0,0,0,2,0,0,0,0,0,0,0,0,0,0,0,0,0,0,0,2,0,0,0,0,0,0,0,0,0,0,0,0,0,0,0,0,0,0,0,0,0,0,0,0,0,2,0,0,2,0,0,0,2,0,0,0,0,0,0,0,0,0,0,0,0,NA,0,0,0,0,0,0,0,2,0,0,0,0,0,0,0,0,2,0,2,2,0,2,0,0,0,2,2,2,0,0,2,0,0,0,2,0,0,0,0,0,0,0,0,2,0,0,2,0,2,0,0,2,2,0,0,0,0,0,0,0,2,2,0,0,0,0,0,0,0,0,0,0,0,0,0,0,0,0,0,0,0,0,0,2,0,0,0,0,0,0,0,0,0,0,0,2,0,0,0,0,0,0,0,2,0,0,0,0,2,0,0,2,0,0,0,0,0,0,0,0,0,0,0,0,0,0,0,0,0,2,2,2,0,2,0,0,0,0,0,0,0,0,0,0,0,0,0,0,0,0,0,2,0,0,0,0,0,2,0,0,0,0,0,0,0,0,0,0,0,0,0,0,0,0,0,0,0,0,0,0,0,0,0,0,0,0,0,0,0,0,0,0,0,2,0,0,2,0,0,0,2,0,0,0,2,2,0,2,0,0,0,0,0,2,0,0,0,2,0,0,0,0,2,0,0,0,2,0,0,2,0,0,0,0,0,0,0,0,2,0,0,2,2,0,0,0,2,0,2,0,2,0,0,0,0,2,0,0,0,0,0,0,2,0,2,0,0,0,0,0,0,0,0,2,0,2,0,0,0,0,0,0,0,0,0,0,0,0,0,2,0,0,2,0,0,0,0,0,0,0,0,0,0,0,0,0,0,0,2,0,0,0,0,0,0,0,2,0,0,0,2,0,0,2,0,0,2,0,0,0,2,0,2,2,0,2,2,0,2,0,0,0,2,0,2,2,2,2,0,0,0,0,0,0,0,0,0,0,0,0,0,0,2,0,0,0,0,2,2,0,0,0,2,0,0,2,0,0,0,0,2,0,0,2,0,0,0,0,0,2,0,2,0,0,0,0,0,0,0,2,0,0,0,0,2,0,0,0,0,2,2,0,0,0,2,0,0,0,2,0,2,0,2,0,0,0,2,0,2,0,0,0,0,0,0,0,NA,0,0,0,0,2,0,0,0,2,2,0,0,0,0,0,0,0,0,0,0,0,0,2,2,0,0,0,2,2,0,0,0,0,0,0,0,0,2,0,0,2,0,0,0,2,0,0,0,0,0,0,0,0,2,2,0,0,2,0,0,2,0,0,0,0,0,0,0,0,0,0,0,0,0,0,0,2,0,0,0,0,0,0,0,0,0,0,0,0,2,0,0,0,0,2,0,0,0,0,0,0,0,0,0,0,0,2,0,2,2,2,0,0,2,0,0,0,0
"CC169",0,2,0,0,2,0,0,0,0,0,0,0,0,0,0,2,2,2,0,2,0,0,0,0,2,0,0,0,0,0,0,2,0,0,0,2,2,0,0,0,0,2,0,2,2,0,0,0,0,0,2,2,0,2,0,2,0,0,0,0,0,2,0,2,0,2,0,0,0,0,0,0,0,0,0,0,0,2,0,0,0,0,0,0,0,2,0,0,0,0,0,0,0,0,0,2,0,2,2,2,0,0,0,2,0,0,0,0,0,2,0,2,2,0,0,0,0,0,0,0,0,0,0,0,0,2,2,0,2,0,0,0,0,2,0,0,0,0,0,2,0,0,0,0,0,0,0,2,0,2,0,2,0,0,2,0,0,0,2,2,0,0,0,0,0,2,0,2,0,0,0,0,0,2,0,0,2,0,2,2,2,0,2,0,2,0,0,0,0,2,2,0,2,2,0,2,0,0,0,0,0,0,0,0,0,2,0,0,0,2,0,0,0,2,0,2,0,0,2,0,0,0,0,0,0,0,0,2,0,0,0,0,0,2,0,2,0,0,0,0,2,0,0,2,0,0,0,0,0,2,0,0,0,2,0,0,0,2,0,0,0,0,0,0,2,2,2,0,0,0,0,0,0,2,0,0,0,0,0,0,0,0,0,0,0,0,0,0,0,0,0,0,0,0,0,0,0,2,0,0,2,0,0,0,0,2,0,2,0,2,0,0,0,2,2,0,0,0,0,0,0,0,0,0,2,0,2,0,0,0,0,0,2,0,0,2,0,0,0,0,0,0,0,0,0,0,0,0,0,0,0,0,2,0,2,0,0,2,0,0,0,0,0,2,0,0,0,0,0,2,0,0,0,0,2,2,0,0,2,2,0,0,0,0,0,0,0,0,2,0,0,0,2,2,2,2,2,0,0,0,0,0,2,2,0,2,0,0,0,0,2,0,0,0,0,0,2,2,0,2,0,2,2,0,2,0,0,2,2,0,2,0,0,0,2,2,2,0,0,0,2,0,2,0,0,0,0,0,0,0,0,0,0,0,2,0,0,0,0,2,2,0,0,0,0,0,0,0,0,2,0,0,0,0,0,0,0,0,0,0,0,0,0,0,0,2,0,0,2,0,0,0,0,2,0,0,0,0,0,2,0,0,2,0,0,0,0,2,2,NA,2,2,0,2,0,0,0,2,0,2,0,0,2,0,0,0,0,0,2,0,0,NA,0,0,0,0,0,0,0,2,0,0,0,2,2,0,0,2,2,0,0,0,0,0,0,0,2,NA,0,0,0,0,0,2,2,0,0,0,2,2,2,0,0,2,2,0,0,2,0,0,2,2,0,0,0,2,0,2,2,2,0,0,0,2,2,0,2,0,2,0,0,0,0,0,0,0,0,0,2,0,0,0,0,0,2,0,0,0,2,0,0,0,0,2,2,2,0,0,0,2,0,2,2,2,2,0,0,0,2,2,0,2,2,0,0,0,0,0,0,0,2,0,0,0,0,0,2,0,0,0,2,0,0,2,2,0,0,0,0,0,0,0,0,2,0,0,2,0,0,0,0,0,2,0,2,0,0,0,0,0,0,0,0,0,0,0,0,0,0,2,0,0,0,0,0,0,0,0,0,0,0,0,0,2,0,0,0,0,0,0,0,0,0,0,0,2,0,0,2,0,0,0,2,0,2,0,0,2,0,0,0,2,0,0,0,0,0,0,2,0,2,2,0,0,0,2,0,2,0,0,2,2,0,0,0,2,0,0,0,0,2,0,0,0,2,0,0,0,2,0,0,2,0,0,0,0,0,0,0,0,0,0,0,0,0,0,2,0,0,0,0,0,0,2,2,2,2,0,2,2,0,0,0,0,0,0,0,0,0,0,0,0,2,0,0,0,0,0,0,0,0,2,0,0,0,2,0,0,0,0,2,0,0,2,0,0,0,2,2,0,0,0,0,2,0,0,2,0,0,2,2,0,0,0,2,0,0,2,0,0,0,0,2,0,0,0,0,0,0,0,0,2,2,0,2,0,2,0,0,0,0,0,0,0,0,0,0,0,0,0,0,0,0,0,0,2,0,0,0,0,0,0,0,2,0,0,0,0,0,0,0,0,0,0,2,0,0,0,2,0,0,0,0,0,0,0,0,0,0,0,0,0,0,0,0,2,0,0,0,0,2,0,2,0,0,0,2,0,0,0,0,0,0,0,0,2,0,0,0,0,2,0,0,0,0,0,0,2,0,0,0,0,0,0,2,0,0,2,0,2,0,0,0,2,0,0,0,0,0,0,0,0,0,2,0,0,0,0,0,0,0,0,0,0,0,0,0,2,0,0,0,0,0,2,0,0,0,2,0,0,0,0,0,0,2,0,0,0,0,2,0,0,0,0,0,0,0,0,2,2,2,0,2,0,0,0,0,0,2,2,0,2,2,2,2,0,2,2,0,0,0,0,0,0,2,2,0,0,0,0,2,2,0,0,0,0,0,0,0,0,0,2,2,0,2,0,0,0,0,2,2,0,2,2,0,0,0,2,2,0,2,0,0,0,0,0,0,0,0,2,0,0,NA,2,2,0,0,0,0,0,0,2,2,2,0,0,0,0,0,0,0,0,0,0,2,0,0,2,2,2,0,0,0,0,2,0,2,0,0,0,0,2,0,2,0,0,0,0,0,0,0,0,0,2,0,0,0,0,0,0,0,0,0,0,0,0,0,0,0,0,0,0,0,0,0,0,0,0,0,0,0,0,0,0,0,2,0,0,0,0,0,0,0,0,0,0,0,0,0,0,0,0,0,0,0,2,2,2,0,0,0,2,2,0,0,0,0,0,0,2,0,2,2,NA,0,2,2,0,0,0,0,0,0,0,0,0,0,0,0,0,0,0,0,0,2,0,0,2,0,0,2,0,0,0,0,0,2,0,0,0,2,0,0,0,0,0,0,0,0,2,0,0,2,2,0,2,0,0,0,0,0,0,0,0,2,0,0,0,0,0,0,2,0,0,0,0,0,0,0,0,0,0,2,0,2,0,2,2,0,2,0,0,0,0,0,2,2,0,0,2,0,0,0,0,0,0,0,0,0,0,0,2,0,0,0,0,0,0,0,0,0,0,0,0,0,0,0,0,2,0,0,2,0,0,2,0,0,0,0,0,0,0,0,0,0,0,0,0,0,0,0,0,0,0,2,0,0,0,0,0,0,0,0,0,0,0,0,0,2,0,0,0,0,2,2,2,2,0,0,0,0,0,0,0,0,NA,0,0,0,0,2,0,0,0,0,0,0,0,0,0,0,0,0,0,2,0,2,0,0,0,0,0,0,0,2,NA,0,0,0,0,0,2,0,0,0,0,0,0,0,0,0,0,0,0,0,0,0,0,0,0,0,2,0,0,0,0,0,2,0,2,0,0,0,2,0,0,0,2,0,0,0,0,0,0,0,0,0,0,0,2,0,0,2,0,0,0,0,0,0,0,2,0,2,2,0,0,0,0,0,0,0,0,0,0,2,0,0,0,0,0,2,0,0,0,0,0,0,0,0,2,0,0,2,0,0,0,2,2,2,0,0,0,0,0,0,0,NA,0,0,0,0,0,0,0,0,0,0,0,0,0,0,0,0,2,0,0,0,0,0,0,0,0,0,2,2,0,0,0,0,0,2,2,0,2,0,0,0,2,0,0,0,0,0,0,0,0,0,0,2,0,0,0,2,0,2,2,2,0,0,0,0,0,2,2,0,0,0,0,0,0,0,0,2,0,2,2,2,0,0,2,0,0,0,0,0,0,0,0,0,0,0,0,2,0,0,0,0,2,0,NA,0,0,2,0,2,0,0,0,0,2,0,0,0,0,0,2,0,0,0,2,0,2,0,2,0,0,0,0,0,0,0,0,2,0,0,NA,0,2,0,0,0,0,0,0,0,0,0,0,0,0,0,0,2,0,0,0,2,0,0,0,0,0,0,0,0,0,0,0,0,0,0,0,2,0,0,2,0,0,0,0,0,0,0,0,0,0,0,0,0,0,0,0,0,0,0,0,2,0,0,0,0,0,0,0,0,0,0,2,0,0,0,0,0,0,2,2,0,0,2,0,0,0,2,2,0,2,0,0,0,2,0,0,2,0,2,0,2,0,2,0,2,0,2,2,0,0,0,0,0,0,0,0,0,0,0,0,0,0,2,0,0,0,0,0,0,0,0,2,2,2,0,0,0,0,2,0,0,0,0,0,2,0,0,0,0,0,0,0,0,0,0,0,0,0,0,0,0,0,2,0,0,2,0,0,0,0,0,0,0,0,0,0,0,2,2,0,0,0,0,0,2,0,0,0,2,0,0,0,0,2,0,0,2,2,0,0,0,0,2,0,2,0,2,0,0,0,0,2,0,0,2,0,2,0,0,0,0,2,2,0,0,2,0,0,2,0,0,2,0,0,2,0,0,0,2,0,0,0,0,0,0,2,2,0,2,0,0,0,0,0,0,0,0,0,2,0,0,2,0,0,0,0,0,0,0,0,0,0,0,0,2,2,0,0,0,2,2,2,2,0,0,2,0,0,2,0,0,0,0,NA,0,0,0,2,0,0,2,0,0,0,2,0,0,0,0,0,2,0,0,2,0,0,0,0,0,0,0,0,0,2,2,0,0,0,0,0,0,0,0,0,0,2,0,0,0,0,2,0,0,0,0,0,0,0,0,2,0,0,0,0,0,0,2,0,2,0,0,0,0,0,0,2,0,0,0,0,2,2,0,0,0,0,0,0,0,2,2,0,0,0,0,0,0,0,2,0,0,0,2,2,0,0,0,0,2,2,2,0,2,0,0,2,0,0,0,0,0,0,0,2,0,0,0,2,0,0,0,0,0,0,0,0,0,0,0,0,0,0,0,0,0,0,0,0,0,0,2,2,0,0,0,2,2,2,0,2,0,0,2,2,0,0,0,0,0,2,0,2,2,2,2,0,0,0,2,0,0,0,0,0,0,0,0,2,0,0,0,0,0,2,0,0,0,0,2,0,0,0,2,0,0,0,0,2,0,0,2,0,0,0,0,0,2,0,0,2,0,0,0,0,2,0,0,0,0,2,0,0,0,0,0,0,0,0,0,2,0,0,0,0,2,0,2,0,0,0,0,0,0,0,0,0,0,0,0,0,0,0,0,0,0,0,0,0,0,0,2,0,0,0,0,2,0,0,0,2,0,0,0,0,2,0,0,0,0,NA,NA,0,0,0,0,0,0,2,0,0,2,0,0,0,0,0,0,0,2,0,0,0,0,2,0,0,0,0,2,0,2,0,0,2,0,0,0,0,0,2,0,0,0,2,0,0,0,0,0,0,0,0,0,2,0,0,0,2,0,0,0,0,0,0,0,0,0,0,0,0,0,0,0,0,0,0,0,0,0,0,0,2,0,0,0,0,0,0,2,0,0,2,2,0,2,0,0,0,0,0,0,0,0,0,0,0,0,2,0,2,0,0,0,0,0,0,0,2,0,0,0,0,0,0,0,0,0,2,0,0,0,0,2,0,0,0,0,2,2,0,0,0,2,0,0,0,0,0,0,0,0,0,0,0,0,0,0,0,0,0,0,0,0,0,0,0,0,0,0,0,0,2,2,0,0,0,0,0,2,0,0,0,0,0,0,0,0,0,0,0,2,0,0,0,0,0,0,0,0,0,0,0,0,2,0,0,0,0,0,0,0,0,2,0,0,0,0,0,0,0,0,0,0,0,0,0,0,0,0,0,0,0,0,0,0,2,0,2,0,0,0,0,0,2,0,0,2,0,0,2,0,0,0,0,0,0,2,0,2,2,0,0,0,0,0,0,0,0,0,0,0,0,0,0,0,0,2,0,0,0,0,0,0,0,0,0,0,0,0,0,0,0,0,0,0,0,0,0,2,0,0,2,2,2,0,0,0,0,0,0,0,2,0,0,0,2,2,0,0,0,0,0,0,2,2,2,0,2,2,0,0,2,0,2,0,0,0,0,2,0,0,0,0,0,2,2,0,0,0,2,2,0,0,0,0,0,2,0,0,0,2,0,2,2,0,2,0,2,2,2,0,2,0,2,0,2,0,0,0,0,0,0,0,2,0,0,2,0,0,0,0,0,0,2,2,0,2,0,2,0,0,0,0,2,2,2,2,0,0,0,0,0,0,0,0,0,0,0,0,0,2,0,0,2,0,0,0,0,0,0,0,0,0,0,0,2,0,0,0,2,0,0,0,0,NA,0,0,2,0,0,0,0,2,2,0,0,0,0,0,0,0,2,2,0,0,0,2,0,0,0,0,0,2,0,0,0,0,0,0,0,0,0,0,0,0,2,0,0,0,2,2,2,0,0,0,0,2,0,0,0,0,0,0,0,0,2,0,0,0,0,0,2,0,0,0,0,0,0,0,0,0,0,0,0,2,0,0,2,0,2,0,0,0,0,0,0,0,0,0,0,0,0,2,2,0,0,0,0,0,0,0,0,0,0,0,0,0,0,2,0,0,2,0,0,0,0,0,0,0,2,0,0,0,2,0,0,0,0,0,2,0,2,0,0,0,NA,0,2,0,0,0,2,0,0,0,0,0,0,2,2,0,0,0,0,0,2,0,2,0,0,0,2,0,0,0,0,0,0,0,0,0,0,0,0,0,0,0,2,0,0,2,0,0,0,2,2,0,0,2,0,2,2,2,2,0,2,NA,0,2,2,0,0,2,0,0,0,0,2,0,0,0,0,0,0,0,0,2,0,0,0,0,2,2,2,0,0,2,0,0,2,0,0,0,0,0,0,0,0,2,0,2,0,0,2,2,2,2,0,0,0,0,0,0,0,0,0,0,0,0,0,0,0,2,0,0,0,0,0,0,0,0,2,0,0,2,2,0,0,0,0,2,2,0,0,2,0,0,2,0,2,0,0,2,0,0,2,0,0,0,2,0,0,2,0,2,0,0,0,2,0,0,0,0,0,0,2,0,2,0,0,0,0,0,0,2,0,0,0,0,0,2,0,0,0,2,0,0,0,0,0,0,0,0,0,0,0,0,0,0,0,0,0,0,0,0,0,0,0,0,0,0,0,0,0,0,0,2,2,2,0,0,0,0,0,0,2,0,0,0,0,0,2,2,2,0,0,0,2,0,0,2,0,0,0,2,0,0,0,0,2,0,0,0,0,0,0,0,0,0,0,0,0,2,2,2,0,0,0,0,0,2,2,0,0,0,2,0,0,0,0,2,0,2,0,0,0,0,0,0,0,0,0,0,0,2,0,0,0,0,0,0,0,0,0,2,0,0,2,2,0,0,2,0,0,2,0,2,0,0,0,0,0,0,2,0,0,0,0,0,0,0,0,2,0,0,0,0,0,0,0,0,0,0,0,0,0,0,0,0,0,0,0,0,0,0,0,0,2,0,0,0,0,0,0,0,0,0,0,2,0,0,2,0,0,0,0,0,0,0,0,0,0,0,0,0,0,0,0,0,0,0,0,0,0,2,0,0,0,2,0,0,2,0,0,0,0,0,0,0,0,0,0,0,0,0,0,2,0,0,0,0,0,0,0,0,0,0,0,0,0,0,0,0,0,2,0,0,0,0,0,0,0,2,0,0,0,0,2,0,0,0,0,0,2,0,0,0,2,0,0,0,0,0,0,2,0,0,0,0,0,0,0,0,0,0,2,0,0,0,0,2,0,0,0,2,0,0,2,0,0,0,0,2,0,0,0,0,0,0,0,0,0,2,0,0,2,0,0,0,0,0,0,0,0,0,0,0,0,0,0,0,0,0,0,0,0,0,0,0,0,2,0,0,0,0,0,0,0,0,0,0,0,0,0,0,2,0,0,0,2,0,0,0,0,0,0,0,0,0,0,2,0,0,0,0,0,0,0,0,0,0,2,2,0,0,0,0,0,2,0,0,0,0,0,0,0,0,0,0,0,0,0,2,0,0,2,2,0,0,0,2,0,0,0,0,0,0,0,0,2,0,0,0,0,0,0,0,0,0,0,0,0,0,0,0,0,0,0,2,0,0,0,0,0,0,0,2,0,0,0,0,0,0,0,2,0,0,0,0,0,0,0,0,0,0,0,0,0,0,0,0,0,0,0,0,0,0,0,0,0,0,0,0,0,0,0,0,0,0,0,0,0,2,0,0,0,0,0,0,0,2,0,0,2,0,0,0,0,2,0,0,0,2,0,0,0,0,2,0,0,2,0,0,0,0,0,0,0,0,0,0,0,0,0,0,0,0,0,0,0,0,0,0,0,0,0,0,0,2,0,0,0,2,2,2,0,2,2,0,2,0,0,0,2,0,0,0,0,0,0,0,0,0,0,2,0,0,2,2,0,0,0,0,0,0,2,0,0,0,0,0,0,0,0,0,2,0,0,0,0,0,0,0,0,0,0,0,2,0,0,0,0,0,2,0,0,0,0,2,2,2,2,2,0,0,0,2,0,0,0,0,0,0,0,2,2,0,0,0,0,0,0,2,0,0,0,2,0,0,0,0,0,0,0,0,0,0,2,2,0,2,0,2,0,0,2,2,0,0,0,0,2,2,0,0,0,2,0,0,0,0,0,0,0,0,2,0,0,2,2,0,2,2,0,0,0,0,0,2,0,0,0,0,0,0,2,0,0,0,0,0,0,0,0,0,0,2,0,0,0,2,0,0,0,2,0,2,0,2,2,0,2,0,2,0,0,0,0,2,0,0,0,0,2,2,0,0,0,0,2,2,0,0,2,2,2,0,0,0,0,0,0,2,2,0,2,2,0,0,2,0,0,0,0,0,2,0,0,0,0,0,0,2,2,2,0,0,2,0,0,0,0,2,0,0,2,0,0,0,0,0,0,0,0,0,0,0,0,0,0,2,2,0,2,0,0,0,0,0,2,2,0,0,0,0,0,0,0,0,0,0,0,0,0,0,0,0,2,2,0,0,0,0,0,0,0,2,0,0,2,0,0,0,0,2,2,0,0,0,0,0,2,2,2,NA,0,2,0,0,0,0,0,0,0,0,0,0,0,0,0,0,0,0,0,2,2,2,0,0,2,0,0,2,0,0,0,0,0,0,0,0,0,0,0,0,0,0,2,0,0,0,0,0,0,2,0,0,0,0,0,0,0,0,0,2,0,0,0,2,0,0,0,0,0,0,2,2,0,2,0,2,2,0,0,2,0,0,2,2,0,2,NA,0,0,0,2,2,2,0,2,2,0,0,2,0,0,0,0,0,0,2,0,0,2,2,2,0,0,0,0,0,0,0,0,2,0,0,0,2,2,0,0,0,0,0,0,0,0,0,0,0,0,2,0,0,0,0,2,0,2,0,0,0,0,0,0,0,0,0,0,2,0,0,0,2,2,0,2,0,0,0,0,0,0,0,0,0,0,0,0,0,0,0,0,0,0,2,0,0,0,0,0,0,0,2,0,2,0,0,0,0,2,2,0,2,0,2,0,0,0,2,2,0,2,0,2,2,2,0,0,0,0,2,0,2,2,0,2,0,0,0,0,2,2,2,0,0,0,2,0,0,0,2,0,0,0,0,2,0,0,0,0,0,2,0,2,0,0,0,0,0,0,0,0,0,2,2,2,0,2,0,0,2,0,0,0,0,0,0,0,0,0,2,0,0,2,0,0,0,0,0,0,0,0,2,0,0,0,0,0,0,0,2,2,0,0,0,2,0,0,2,0,2,2,0,0,0,0,0,0,2,2,0,0,0,2,0,0,0,0,0,2,0,0,0,0,0,0,0,2,0,0,2,0,0,0,0,0,0,0,0,0,0,0,0,0,0,0,2,0,0,0,0,0,0,0,0,0,2,0,0,0,0,0,2,2,0,0,2,0,0,0,0,2,2,0,2,2,0,0,0,0,2,0,0,2,2,2,0,2,0,0,0,0,0,0,0,0,0,0,0,0,0,2,0,0,0,0,0,0,0,0,0,0,0,0,2,0,0,0,0,0,2,0,0,0,0,0,0,2,0,0,0,0,0,0,2,0,0,0,0,0,0,0,2,2,0,0,0,2,0,0,2,0,0,0,0,0,0,0,2,0,2,0,0,0,0,0,0,0,2,0,2,0,0,0,0,0,0,0,2,0,0,2,2,0,2,0,0,2,2,0,0,0,0,2,0,0,0,0,0,0,2,2,0,0,2,0,0,0,2,2,0,0,2,0,2,0,0,2,0,0,0,0,0,0,0,0,0,0,0,0,0,0,0,0,2,0,0,0,0,0,0,0,0,0,0,0,0,2,0,2,0,0,0,0,0,0,0,0,0,2,0,0,0,0,0,0,0,2,2,0,0,0,2,0,0,0,2,0,2,2,0,2,0,0,0,0,2,0,0,2,0,0,2,0,0,0,0,2,0,0,0,0,0,0,2,2,0,0,2,0,2,0,0,0,2,0,0,0,0,2,0,0,0,0,0,0,0,0,0,0,0,0,0,0,0,0,0,0,0,0,0,0,0,0,0,2,2,2,0,2,2,2,2,0,0,0,0,0,0,2,2,0,0,0,0,2,0,0,0,0,0,2,0,2,0,0,0,0,0,0,0,0,2,2,2,0,0,0,0,0,0,0,2,0,0,0,0,0,0,0,2,0,0,0,0,0,0,0,2,0,0,0,0,2,0,0,0,0,0,0,2,0,0,0,0,0,0,2,0,0,0,0,0,0,0,0,0,0,0,0,0,0,0,0,0,0,2,2,0,0,0,2,2,0,0,0,0,0,0,0,0,0,0,0,0,2,0,0,0,0,0,0,0,0,0,0,0,2,0,2,0,0,0,2,2,0,2,2,0,2,0,0,2,2,0,0,2,0,0,0,2,0,0,0,0,0,0,2,0,0,0,0,0,0,0,0,0,0,0,2,0,2,0,2,0,2,0,0,0,0,0,0,0,0,0,2,0,0,0,0,0,0,0,0,0,0,2,0,0,0,0,2,0,0,0,0,0,2,2,0,0,0,2,0,0,0,0,0,2,0,0,0,0,0,0,0,2,0,0,2,0,2,2,0,0,0,0,2,0,0,2,0,0,0,0,0,0,0,2,0,0,0,0,0,0,0,0,0,0,0,0,0,0,2,0,0,0,0,2,0,0,0,0,0,0,2,0,0,0,0,0,0,0,0,0,0,0,2,0,0,2,0,0,0,0,0,2,0,0,0,0,2,0,0,0,0,0,0,0,2,0,0,0,0,0,0,0,0,0,0,0,0,0,0,2,0,0,0,0,0,0,0,0,0,0,0,0,0,0,2,2,0,0,2,2,0,0,0,0,2,0,0,0,0,0,0,0,0,0,0,0,0,0,0,0,2,0,0,0,0,2,0,0,0,0,0,0,0,2,0,0,0,0,0,0,0,0,0,0,0,0,0,2,2,NA,0,0,0,2,2,0,2,2,0,0,0,0,0,0,0,0,0,0,0,0,0,0,0,0,0,0,0,0,2,0,0,0,2,0,0,0,2,2,0,0,2,0,0,0,0,0,0,0,2,0,0,0,0,2,2,2,0,0,0,0,0,0,0,2,0,0,0,2,2,0,0,0,0,0,0,0,0,0,0,2,2,0,0,2,0,0,2,0,2,0,0,0,0,2,0,0,0,0,0,0,0,0,2,0,2,0,2,2,0,0,0,0,2,0,0,0,2,0,0,0,0,0,0,0,0,0,0,0,0,0,2,0,2,2,0,0,0,2,0,0,0,0,0,2,0,0,0,2,2,0,2,0,0,2,2,0,0,2,0,0,0,2,0,0,0,0,0,0,0,0,2,0,0,2,0,0,0,0,0,0,0,0,0,0,0,2,0,0,0,0,0,0,2,0,0,0,2,0,0,0,2,2
"CC17",0,0,0,0,0,0,0,2,0,0,0,0,0,2,2,2,0,0,0,0,0,2,0,0,2,0,0,0,0,0,0,0,0,0,0,2,2,2,0,2,0,2,2,2,2,2,0,0,0,0,2,2,0,2,0,0,0,0,0,0,0,0,2,0,2,2,0,0,0,2,0,0,0,2,0,0,0,2,0,2,0,0,0,0,0,0,0,0,0,0,0,2,0,0,0,0,0,0,2,2,0,0,0,0,2,0,0,0,0,0,0,2,0,0,0,0,2,0,0,0,0,0,0,0,0,0,0,0,0,0,0,0,0,0,0,0,0,0,0,0,0,0,2,0,0,2,2,0,0,0,2,2,0,0,2,0,0,0,2,0,2,0,0,2,2,0,0,0,0,0,0,2,0,0,NA,0,0,0,2,0,0,0,0,0,2,0,0,0,0,2,0,2,2,0,0,0,0,2,0,0,0,0,0,0,0,0,0,0,0,0,0,0,0,0,0,0,0,0,0,0,2,0,0,0,0,NA,2,NA,0,0,0,0,2,2,0,0,0,0,0,0,0,0,0,0,0,2,0,0,0,0,0,0,0,0,0,2,0,0,0,0,0,2,0,0,2,2,2,0,0,2,0,0,0,0,0,0,0,0,0,0,0,0,0,0,0,0,0,0,0,0,0,0,0,0,0,0,0,0,0,0,0,0,0,2,0,0,2,0,2,0,0,2,0,0,0,0,0,2,0,0,0,0,2,0,0,0,0,2,2,0,0,0,2,0,0,2,0,2,0,0,2,0,2,2,0,0,0,2,0,0,0,0,0,0,0,2,2,2,0,0,2,0,2,0,0,2,0,0,2,0,2,0,0,0,0,0,0,0,0,0,0,0,2,0,0,0,2,2,2,0,0,0,0,0,0,0,0,0,0,0,0,2,0,0,0,0,0,0,0,2,0,0,0,0,0,2,2,0,2,0,0,2,2,0,2,0,0,2,0,0,0,0,0,0,0,0,0,0,0,0,0,0,0,0,2,2,0,0,0,0,0,0,0,0,0,0,0,2,0,0,0,0,0,0,0,0,0,0,0,0,0,0,0,0,0,0,0,0,0,0,0,0,0,2,0,0,0,0,0,2,0,0,0,0,2,2,0,0,0,0,0,0,0,0,0,0,0,0,2,0,0,0,0,0,0,0,2,0,0,2,0,0,2,0,0,0,0,2,0,0,2,2,0,0,0,2,0,2,2,0,2,0,0,0,0,0,2,2,0,2,2,0,0,2,0,0,2,0,0,2,0,2,0,0,2,0,0,2,0,2,0,0,0,0,0,0,2,2,0,2,2,2,0,2,2,0,2,0,0,0,0,0,0,0,0,0,0,0,2,0,0,2,2,0,0,0,2,2,0,0,0,0,0,0,2,0,2,0,0,0,2,0,0,0,0,2,0,0,0,0,0,0,0,0,2,0,0,0,0,2,0,0,2,2,0,0,0,0,0,2,0,0,0,0,0,0,2,0,0,0,NA,0,0,0,0,0,0,0,0,0,0,0,0,2,0,2,0,0,0,0,0,0,2,0,0,0,0,0,2,2,0,0,0,0,0,0,0,2,2,0,0,0,0,0,0,0,0,0,2,0,0,2,2,0,0,2,2,0,0,0,0,0,0,2,0,0,0,0,0,0,0,0,0,2,0,0,0,0,0,0,0,0,0,0,0,0,2,2,2,2,0,0,2,2,0,0,0,0,0,0,0,0,0,2,2,2,0,0,2,0,2,0,2,0,0,0,0,2,0,0,0,0,0,2,0,0,0,2,2,0,0,0,0,0,2,2,0,2,0,0,0,0,0,2,0,2,0,2,2,0,0,0,0,0,0,2,0,0,2,0,0,2,0,2,0,2,2,0,0,2,2,0,0,0,0,0,0,0,0,2,2,2,0,0,0,0,0,0,0,0,2,2,2,0,0,0,0,2,0,0,2,2,2,0,2,0,0,0,2,2,2,0,0,2,2,0,0,0,0,0,0,0,0,0,0,0,0,0,0,2,0,0,0,0,2,0,2,2,0,0,0,0,2,0,2,0,0,2,0,0,0,0,0,0,0,2,0,0,0,0,0,0,0,0,0,0,0,0,0,0,0,0,0,0,2,0,2,0,0,0,0,0,0,2,2,0,0,0,2,0,0,2,2,2,0,0,0,2,0,2,0,0,2,0,0,0,0,0,0,0,0,0,2,0,0,0,0,0,2,2,0,0,0,0,0,0,2,0,0,2,0,2,2,0,0,0,0,2,0,0,0,2,0,0,0,0,0,2,0,0,0,0,0,0,0,0,0,0,0,2,0,0,0,0,2,0,0,0,0,2,2,0,0,0,0,0,2,2,2,0,0,0,0,0,0,2,0,0,0,0,0,0,0,0,2,0,2,0,0,0,0,0,0,0,0,2,0,0,0,0,0,0,0,2,0,0,0,0,0,0,0,0,0,2,0,2,0,0,0,0,0,0,0,2,0,0,0,0,0,0,0,0,0,0,0,0,0,0,0,0,0,0,0,0,0,0,0,2,0,0,2,0,0,0,0,0,0,2,0,0,0,0,2,0,0,0,0,2,2,2,0,0,0,0,0,2,0,0,0,0,0,0,0,0,0,2,0,0,0,0,0,0,0,0,2,2,0,2,0,2,2,2,2,0,0,2,0,0,0,0,2,2,0,0,0,0,0,0,0,0,0,2,0,0,0,2,0,0,0,0,2,2,0,0,0,0,0,2,0,2,2,0,0,0,0,0,0,0,2,0,0,2,0,0,0,0,0,0,0,2,0,2,2,0,2,0,2,0,0,2,0,0,0,0,0,0,0,0,2,0,2,0,NA,0,2,2,2,0,0,0,0,0,0,0,NA,0,0,2,0,0,0,0,0,2,0,0,0,0,2,2,0,2,2,0,2,2,2,0,0,2,0,0,0,0,2,0,0,0,0,0,2,0,0,0,0,0,2,0,2,2,0,0,0,0,0,0,2,2,2,0,0,0,0,0,0,0,0,0,2,0,0,2,0,0,0,0,0,0,0,0,0,0,2,2,0,0,0,0,0,0,2,0,0,2,0,0,0,0,0,0,0,0,0,2,0,0,0,0,0,0,0,2,0,0,0,0,2,0,0,0,0,0,0,0,2,0,0,0,0,2,0,2,0,0,0,0,2,2,0,0,2,0,0,2,0,0,0,0,0,0,0,0,0,0,2,0,0,0,0,0,0,0,0,0,0,0,0,0,0,0,2,0,0,2,0,0,2,0,2,0,0,0,0,2,0,0,2,0,0,2,0,0,0,0,2,0,0,0,0,0,2,0,0,0,2,0,0,2,2,0,0,0,0,0,2,0,0,2,2,2,0,0,0,0,2,2,0,0,0,0,2,0,0,2,0,0,0,2,0,0,2,0,2,0,0,0,0,0,0,0,0,0,0,2,0,0,0,0,0,2,0,0,2,0,0,0,0,0,0,0,0,0,0,0,0,0,2,0,0,0,0,2,2,0,0,2,2,0,0,0,0,0,2,0,0,0,0,2,0,2,0,2,0,0,2,0,0,2,0,2,0,0,2,0,0,0,0,0,0,0,2,0,0,0,2,2,2,2,2,2,2,2,2,0,0,0,0,0,0,0,0,0,0,0,2,0,0,0,2,0,0,0,2,0,0,0,0,0,2,2,0,0,0,2,0,0,0,0,2,0,2,2,2,0,0,2,2,0,0,0,0,2,0,0,2,0,0,0,0,0,2,2,0,0,0,0,0,0,0,0,0,0,0,2,2,0,2,0,0,0,0,0,0,0,0,0,0,0,0,2,2,0,0,0,0,0,0,0,2,2,0,0,NA,0,0,2,2,0,0,0,0,0,0,0,0,2,0,0,0,0,0,0,0,0,0,0,0,0,0,2,0,0,0,0,0,0,0,0,2,0,2,0,0,0,0,2,0,0,0,0,0,0,2,2,0,0,0,0,0,0,0,0,2,0,0,2,0,0,0,0,0,2,0,0,0,0,0,0,0,0,0,0,0,0,0,0,0,2,0,0,0,0,0,0,0,0,0,0,0,0,0,2,2,0,0,2,0,0,0,0,0,0,2,2,2,2,2,0,0,0,0,0,2,0,0,0,0,0,2,0,0,2,0,0,0,0,0,2,0,0,0,2,0,0,0,0,0,2,0,0,0,0,2,2,2,0,2,0,0,0,0,2,2,0,0,0,2,2,0,0,0,0,0,0,0,0,0,0,0,0,2,0,0,0,0,0,0,0,2,0,0,0,2,0,2,0,0,0,0,0,0,0,0,0,2,0,0,0,0,0,0,0,0,0,0,0,0,0,0,2,2,0,2,0,0,0,0,2,0,0,0,0,2,0,0,0,2,0,0,0,0,0,2,0,0,0,0,0,0,0,0,0,0,0,0,0,0,0,0,NA,0,2,2,0,0,0,0,0,0,0,0,0,0,0,2,0,0,2,2,0,0,0,0,0,0,2,0,2,0,0,2,2,0,0,2,0,0,0,2,0,0,2,0,0,0,0,0,2,0,2,0,0,0,0,0,0,0,0,0,0,0,0,0,0,0,2,0,NA,0,0,2,0,0,0,2,0,0,0,0,0,0,2,0,0,0,0,0,0,0,0,0,2,0,0,0,0,2,2,0,0,0,0,0,0,0,0,0,0,0,0,0,2,2,0,0,0,0,0,0,0,0,2,0,0,2,0,2,2,0,2,0,0,2,2,2,2,0,0,0,0,2,0,0,0,0,0,0,0,0,0,0,0,0,0,0,0,0,0,0,2,0,0,0,0,2,2,0,0,0,0,2,0,0,2,0,0,0,0,0,0,0,2,0,0,0,0,0,0,2,0,0,0,NA,0,2,0,2,0,0,0,0,0,0,0,0,0,0,0,0,0,0,0,0,0,0,0,0,0,0,0,0,2,0,0,2,0,0,0,0,0,0,0,0,0,0,0,0,0,0,2,0,0,0,0,0,0,0,0,2,0,0,0,0,0,0,0,2,0,0,2,0,0,2,0,0,0,0,0,0,0,0,0,0,2,0,0,0,0,0,0,0,0,0,0,0,2,0,0,0,0,2,0,2,0,0,0,0,0,0,0,0,0,0,0,0,2,0,0,0,0,0,0,0,0,0,0,2,0,0,0,0,2,0,0,0,0,0,0,0,0,2,0,0,0,0,0,0,0,0,0,0,0,0,0,0,0,0,0,0,0,2,0,0,0,0,0,0,0,0,0,0,2,0,2,0,0,0,0,0,2,0,0,0,0,0,0,0,0,0,0,0,0,0,0,0,0,0,0,0,0,0,0,0,0,0,0,2,2,0,0,0,0,0,0,0,0,0,2,0,0,0,0,0,0,0,2,2,2,2,0,0,0,0,0,0,0,0,0,0,2,0,0,0,2,0,0,0,0,0,0,0,0,0,0,0,0,0,2,0,0,2,0,0,0,2,2,0,0,0,0,0,0,0,0,0,0,0,0,0,0,0,0,0,0,0,0,0,0,0,0,0,0,2,0,0,0,0,0,0,0,0,0,0,0,0,0,0,2,0,2,0,0,0,0,0,0,0,0,0,0,0,0,0,0,0,0,0,0,0,0,0,0,0,0,0,0,2,0,0,0,0,0,2,0,0,0,2,2,2,2,0,2,2,0,0,0,0,0,2,0,2,0,0,0,2,0,0,0,0,2,2,0,0,2,0,0,0,0,0,0,0,0,0,0,0,0,0,0,0,0,0,0,2,2,0,0,0,0,0,2,0,0,0,0,0,0,0,0,0,0,0,0,0,0,0,0,2,2,2,2,0,0,2,0,2,0,2,0,0,2,0,0,0,2,0,0,0,0,0,2,0,2,0,0,0,0,0,0,0,0,2,0,0,2,0,2,0,0,0,0,0,0,0,0,0,0,0,2,0,0,0,0,0,0,0,2,0,0,0,0,0,0,0,0,0,0,2,0,2,2,0,0,0,0,0,0,0,0,0,0,0,0,0,0,0,0,0,2,0,0,0,0,0,0,0,0,0,0,0,0,2,0,0,2,0,0,0,2,0,0,0,0,0,2,0,0,0,0,0,0,0,0,0,0,0,0,0,0,0,0,0,0,0,2,0,0,0,0,0,0,2,0,0,0,0,2,0,0,0,0,0,0,0,0,0,0,0,0,0,0,0,2,0,0,0,2,0,0,0,0,2,0,2,0,2,0,0,0,0,0,0,0,0,0,0,0,2,0,0,2,0,0,0,0,0,2,0,0,2,0,0,0,0,0,2,0,0,0,0,2,2,NA,2,0,0,0,0,0,0,0,0,0,2,0,2,0,2,0,0,0,0,0,0,0,0,0,2,0,0,2,2,0,2,0,0,2,0,2,0,0,2,2,0,0,2,0,0,0,0,0,0,0,2,0,2,0,0,0,0,2,0,0,0,2,0,0,0,2,0,0,0,0,0,0,0,0,0,0,0,0,0,0,0,0,0,2,0,2,0,2,2,0,0,0,2,0,0,2,0,0,0,2,0,2,0,0,0,0,0,2,2,2,0,0,0,0,0,0,0,2,2,0,2,0,2,0,0,0,2,0,2,2,0,0,0,0,0,0,0,0,0,0,2,0,2,2,2,0,0,0,0,0,0,0,0,0,0,0,0,0,0,0,0,0,2,0,NA,2,2,2,0,0,0,0,0,NA,0,0,2,0,2,2,0,2,0,0,0,0,0,0,2,0,2,0,0,2,2,0,0,0,0,2,0,0,0,2,0,0,0,0,0,0,0,0,0,2,0,2,0,0,0,2,0,0,2,0,0,0,0,0,0,2,0,0,0,2,0,0,0,0,0,0,0,0,0,0,0,0,2,2,0,2,0,0,0,0,0,0,0,0,0,0,0,0,0,2,0,0,0,0,0,2,0,0,0,2,2,2,0,2,0,2,0,2,0,0,0,0,0,0,0,0,2,0,0,0,0,0,0,0,2,0,0,0,0,2,0,0,0,2,0,0,0,0,0,0,0,0,0,0,0,0,2,2,0,0,0,0,0,0,0,0,0,0,2,0,0,0,0,0,2,0,2,0,0,0,0,0,0,0,0,0,0,0,2,0,0,0,0,2,0,0,0,0,0,2,0,0,0,0,2,2,0,0,2,0,0,0,2,0,0,0,0,0,0,0,0,2,0,0,0,2,0,0,0,0,0,0,0,2,2,0,0,0,0,0,2,0,0,0,0,0,0,0,0,0,2,0,0,0,0,0,0,0,0,0,0,2,0,0,0,0,0,2,2,0,2,0,0,0,0,0,2,0,0,2,0,0,2,0,0,0,0,0,0,2,0,0,0,0,0,0,0,0,0,0,0,0,0,2,0,0,0,2,0,0,0,0,2,0,0,2,0,0,2,0,0,2,0,0,0,0,0,0,2,0,0,0,0,0,0,0,2,2,0,0,0,0,0,2,0,0,0,0,0,2,0,0,0,0,0,0,0,0,0,0,0,0,0,2,2,2,2,0,0,0,0,0,0,0,0,0,0,2,0,0,0,0,0,0,0,0,0,0,0,0,0,0,0,0,0,2,0,0,0,0,2,0,0,0,2,0,0,0,0,0,2,0,0,0,2,0,0,0,0,0,0,0,0,0,0,0,0,0,0,0,0,0,0,0,0,0,0,0,0,0,0,0,2,0,0,0,0,0,0,0,0,0,0,0,2,0,2,2,0,0,0,0,0,2,0,0,0,2,0,0,0,0,0,0,0,0,0,2,0,0,0,2,0,0,0,0,0,0,0,0,0,0,0,0,0,0,0,0,2,0,0,0,0,0,0,0,0,0,0,0,0,0,2,0,0,2,0,0,0,2,0,0,0,0,0,2,0,0,2,0,0,0,0,0,0,0,0,0,0,0,0,0,0,0,0,0,0,0,0,0,0,NA,2,0,0,0,0,0,0,0,0,0,2,0,0,0,0,0,0,2,0,2,0,0,0,2,2,2,0,0,0,2,0,0,0,0,2,0,2,0,0,0,2,0,2,2,0,0,2,2,2,0,0,2,0,0,0,0,0,2,0,0,0,0,2,2,0,2,0,0,2,0,0,0,0,0,2,0,0,0,0,0,2,0,0,0,0,0,0,0,0,0,0,0,0,0,2,0,2,0,0,0,2,0,2,0,0,2,0,0,2,0,0,2,2,0,2,2,2,2,2,2,0,0,0,0,2,0,0,0,0,2,0,2,0,0,0,0,2,2,0,0,0,2,0,2,0,0,0,0,2,2,0,0,0,0,0,0,0,0,0,0,0,0,0,2,2,0,0,2,0,0,0,0,2,2,0,0,2,2,0,2,2,NA,0,0,0,0,0,0,0,0,0,0,0,0,0,0,0,2,0,0,0,0,0,0,0,0,0,2,0,0,2,0,2,0,2,2,2,2,0,0,0,0,0,0,0,0,2,0,2,0,2,2,0,2,0,0,0,2,0,0,0,0,0,0,0,0,2,0,2,0,2,0,0,0,0,0,0,0,0,0,2,0,0,0,0,0,0,0,0,0,0,0,0,2,0,0,2,0,0,2,0,0,0,0,0,0,2,0,0,0,0,0,0,2,0,0,2,0,0,0,0,0,0,0,0,0,0,0,2,0,0,2,2,0,0,0,0,2,0,0,0,0,0,0,0,0,2,0,2,0,0,0,2,0,0,0,2,0,0,0,2,0,0,0,0,0,2,0,0,2,0,0,0,2,0,0,2,0,2,0,2,2,0,2,0,0,2,0,2,0,0,0,0,0,0,0,0,0,0,0,0,0,2,0,0,0,0,0,0,0,0,0,2,0,0,0,0,0,0,0,0,0,0,0,0,0,2,0,0,0,0,0,0,0,0,0,0,0,0,0,2,0,0,0,0,0,0,0,0,0,2,0,2,0,2,2,0,2,0,2,2,0,0,0,0,2,0,0,0,0,0,0,0,0,0,0,0,0,0,0,0,0,0,0,0,0,0,0,0,0,0,0,2,0,0,0,0,0,0,0,0,0,0,0,2,2,0,0,0,2,0,0,0,0,0,0,0,2,0,2,0,0,0,0,0,0,2,0,0,0,0,0,2,0,0,2,0,0,0,0,0,0,0,0,0,0,0,2,0,0,0,0,0,0,0,0,0,0,0,0,0,0,0,2,0,0,0,0,0,0,0,0,0,0,0,0,0,0,2,0,0,2,2,0,0,0,0,0,0,0,0,0,0,0,0,2,0,0,0,0,0,0,0,2,2,2,2,0,2,2,0,0,2,0,0,0,0,0,2,0,0,2,0,0,0,0,0,0,2,0,0,0,2,0,0,0,2,0,0,2,2,2,0,0,0,0,0,0,2,0,2,2,0,0,2,0,0,0,0,0,2,0,0,0,0,0,0,0,0,2,0,0,0,0,0,2,0,0,0,0,0,0,0,0,0,0,0,0,0,0,0,0,0,0,0,0,0,0,2,2,2,0,0,0,0,0,0,0,2,0,0,0,0,0,0,2,0,0,2,0,2,0,0,0,0,0,0,0,2,0,0,0,0,0,0,0,2,0,0,0,0,0,2,0,0,0,2,0,0,2,2,0,2,0,0,0,2,0,0,0,0,0,2,2,0,0,0,0,0,0,0,0,0,0,0,0,2,0,0,0,0,0,0,0,0,NA,2,0,0,0,0,0,0,0,0,0,0,0,2,0,2,0,0,0,0,0,2,0,0,0,0,2,0,0,0,0,2,0,2,2,0,0,0,0,0,0,0,2,0,0,0,0,0,2,0,2,2,0,0,0,0,0,0,0,0,0,2,2,2,0,0,2,0,0,0,0,2,2,2,2,2,0,2,0,0,0,0,0,2,0,2,0,0,0,0,0,0,2,2,0,2,2,2,2,0,0,2,0,2,0,0,0,0,2,0,0,0,0,0,2,0,0,0,0,0,0,0,0,2,0,0,0,2,0,0,2,2,0,0,0,0,0,0,2,0,0,0,0,2,NA,2,2,2,0,0,0,0,2,0,0,2,0,0,0,0,0,2,0,0,2,0,0,0,0,0,2,0,0,0,0,2,0,0,NA,0,2,0,0,0,0,2,0,0,0,2,0,0,0,0,0,0,0,0,0,0,0,0,0,0,0,0,0,2,0,2,0,2,0,0,2,2,0,2,2,0,0,0,2,0,0,0,2,0,0,2,0,2,0,2,0,0,0,0,0,0,0,0,0,0,0,0,0,0,0,0,0,0,0,0,0,0,0,0,0,0,0,0,0,0,0,0,0,0,2,2,2,0,0,0,2,0,0,0,0,2,0,0,0,0,0,2,0,2,0,2,0,0,0,0,0,0,0,0,2,0,0,0,0,2,0,0,0,0,0,2,0,2,0,0,2,2,0,0,2,0,2,0,0,0,NA,2,0,0,0,2,0,0,2,0,0,0,0,0,0,0,0,0,0,0,2,0,0,0,0,0,0,0,0,2,0,0,0,2,0,0,0,0,0,0,2,0,0,0,0,0,0,0,0,0,0,0,2,0,0,0,0,0,0,0,0,0,2,0,0,0,0,0,0,0,2,0,0,0,0,0,0,0,0,0,0,2,0,0,2,0,0,0,0,0,0,0,0,2,2,0,0,0,2,2,0,0,0,2,0,0,2,0,0,0,2,0,0,2,0,0,0,2,0,2,0,0,0,2,0,0,0,0,2,0,0,0,0,0,0,0,0,0,0,0,0,0,0,0,0,0,2,0,0,0,0,0,0,0,2,0,0,0,0,0,0,0,0,2,0,0,0,0,0,0,0,2,2,0,0,0,0,0,0,0,0,0,0,0,0,0,0,2,0,0,2,2,2,0,0,0,0,2,0,0,2,0,0,0,0,0,0,0,0,NA,0,0,0,0,2,0,0,0,2,0,2,0,0,0,0,0,2,0,0,0,0,0,0,0,2,0,0,0,0,0,0,0,0,0,0,0,0,0,0,0,0,0,0,2,0,0,0,0,0,2,0,0,0,2,0,0,0,0,0,0,0,0,0,0,0,0,2,2,0,0,0,2,0,0,0,0,0,0,0,2,0,0,0,0,0,0,2,0,0,0,0,0,0,0,0,0,0,0,0,0,0,0,0,2,0,0,0,0,0,0,0,0,2,0,0,2,0,0,0,0,0,0,0,0,0,0,0,0,0,0,2,0,0,0,0,0,0,0,0,0,0,0,0,0,0,0,0,0,0,0,0,2,0,0,2,2,2,0,0,0,0,0,2,2,0,0,0,0,0,0,2,2,2,0,0,0,0,0,0,0,0,2,2,0,0,0,NA,2,0,0,2,0,2,0,0,0,0,0,0,0,0,2,0,2,0,2,2,0,0,0,2,2,0,0,0,0,0,0,0,0,0,2,0,2,0,0,2,2,0,2,0,0,0,2,0,2,0,0,0,0,0,2,0,0,0,2,0,0,0,0,0,0,0,0,0,0,0,0,0,0,2,0,0,2,2,0,0,0,0,0,0,2,0,0,0,2,0,0,0,0,0,2,0,0,0,0,2,0,0,0,0,0,0,0,0,0,0,0,0,2,0,0,0,0,0,0,0,0,2,0,0,0,0,0,2,2,2,0,0,0,0,0,0,0,2,2,2,0,0,0,0,0,0,0,0,0,0,0,0,2,2,0,0,0,0,2,0,0,2,0,2,2,2,0,0,0,0,0,2,2,0,0,0,0,0,0,0,2,0,0,0,0,2,0,0,2,2,0,0,0,0,0,0,0,0,0,2,0,0,2,0,2,0,0,2,2,0,2,0,2,0,0,0,0,0,0,0,NA
"CC170",0,0,2,0,2,0,0,0,2,0,0,2,0,2,2,0,0,0,0,0,2,2,0,0,0,0,0,0,0,2,0,0,0,0,0,0,0,0,0,0,0,0,2,2,NA,0,0,0,0,0,0,0,0,0,0,0,0,0,0,0,0,0,0,0,0,2,0,2,0,0,0,0,0,0,0,0,0,2,0,0,2,0,0,0,0,0,0,0,0,0,0,2,2,0,0,0,0,0,0,2,2,2,0,2,0,0,0,0,0,2,2,0,2,0,0,0,0,0,0,0,0,0,2,2,0,0,0,2,0,0,0,0,0,0,0,0,0,0,0,0,0,0,0,0,0,0,2,0,0,2,0,0,0,0,2,0,0,2,2,2,2,0,0,2,2,2,0,0,0,0,0,2,0,0,0,0,2,0,0,2,2,0,0,0,0,0,0,2,0,2,0,0,0,0,0,2,2,0,0,0,0,0,0,0,0,2,0,2,0,0,0,0,0,2,0,0,0,0,0,0,2,0,0,0,0,0,0,2,0,0,0,0,2,2,0,0,0,2,0,0,2,0,0,0,0,0,0,0,2,0,0,0,0,0,0,0,2,2,0,0,0,0,0,2,2,0,0,2,0,2,0,0,0,0,0,0,0,0,0,0,2,0,0,0,0,0,0,2,2,0,0,2,2,0,0,0,2,0,0,0,2,0,0,0,0,2,0,2,0,0,0,0,0,0,2,2,0,NA,0,2,2,0,0,2,2,0,0,0,0,0,0,0,2,0,0,0,0,0,2,0,2,0,0,0,0,0,0,0,2,0,2,0,0,0,0,0,0,0,0,0,0,2,0,0,0,0,0,2,0,0,2,0,0,0,0,0,0,0,2,0,0,0,0,0,2,0,0,2,2,0,0,0,0,0,0,0,0,0,0,2,0,0,2,0,2,0,0,0,0,2,0,2,0,0,0,0,0,2,0,0,0,0,2,0,0,0,0,0,0,2,0,0,2,2,0,0,0,0,0,0,0,0,0,0,2,0,0,0,2,0,0,0,0,2,0,0,2,0,0,2,2,2,2,0,2,2,0,0,2,0,2,2,0,2,0,0,NA,2,0,0,2,0,0,0,2,2,0,2,2,0,0,0,0,2,0,0,0,0,0,2,0,0,2,0,0,0,0,0,2,2,0,0,0,0,0,0,0,0,0,2,2,0,2,2,0,0,0,0,0,0,0,0,0,0,0,2,2,0,0,2,2,0,0,0,2,0,0,0,0,0,0,0,0,2,0,0,0,0,0,0,0,0,0,0,0,0,2,0,0,0,0,2,0,0,0,0,2,0,0,0,2,2,0,0,0,0,2,0,0,2,0,0,2,0,2,0,2,0,2,0,0,0,0,0,0,0,0,0,2,0,0,0,0,2,0,NA,0,0,0,0,0,0,0,2,2,2,0,0,0,0,0,0,0,0,2,0,0,0,0,2,0,0,0,0,0,0,0,0,0,0,0,0,0,0,0,0,2,0,0,0,0,2,0,0,0,0,0,0,0,0,0,0,0,2,0,0,0,0,0,0,2,0,2,0,0,0,2,0,0,0,0,0,0,0,0,0,0,2,0,2,0,0,0,0,0,0,0,0,0,0,0,0,0,0,0,0,0,2,0,0,0,0,0,0,0,2,0,2,2,0,0,0,0,0,2,0,0,0,0,0,0,0,0,0,0,0,0,2,2,0,0,0,0,0,0,0,0,0,2,0,0,0,0,0,0,0,0,0,0,0,2,0,0,0,0,0,0,0,0,0,0,0,2,0,0,0,0,0,0,0,0,0,0,0,0,0,0,0,0,0,0,0,0,0,0,0,0,0,0,0,0,0,0,0,0,0,0,2,0,0,0,0,2,0,0,0,0,0,0,0,0,0,0,0,0,0,0,0,0,0,2,0,0,2,0,0,2,0,0,0,0,0,0,0,0,0,0,0,0,2,2,0,0,0,2,0,0,2,0,0,0,0,0,0,0,0,0,0,0,0,0,0,0,2,0,0,2,0,0,0,0,0,0,0,0,0,2,0,0,0,0,0,0,0,0,0,0,0,0,0,0,0,0,0,2,2,0,0,0,2,2,0,0,0,0,0,0,0,0,0,0,0,0,0,0,0,0,0,0,2,0,0,0,0,2,0,0,0,0,0,2,0,2,0,0,0,0,0,0,0,0,0,0,0,0,0,0,0,2,0,0,0,2,0,0,0,2,0,2,2,0,0,0,0,0,0,0,0,0,0,0,0,0,0,2,0,0,0,0,0,0,0,0,0,0,0,0,0,0,0,0,0,0,0,0,2,0,2,0,0,0,0,0,0,2,0,0,0,0,0,0,2,0,0,2,0,0,0,0,0,0,0,0,0,0,0,2,0,0,0,2,0,0,0,2,2,0,2,2,0,0,0,0,2,0,0,2,0,0,2,2,2,2,0,2,0,0,0,0,2,2,0,0,0,0,0,2,0,2,0,2,2,0,0,0,0,0,0,0,0,2,2,2,2,0,0,0,0,0,0,0,0,0,0,0,2,0,2,0,2,0,0,0,0,2,0,0,0,0,0,0,0,0,0,2,0,0,0,0,0,0,0,0,2,2,0,0,2,2,2,0,0,0,0,0,0,0,0,0,0,0,0,0,0,2,0,0,0,0,0,2,0,0,0,0,2,0,0,0,0,0,0,0,2,0,0,0,0,0,2,0,0,0,0,0,2,2,0,2,0,0,0,0,0,0,2,0,0,0,0,0,0,0,2,0,0,0,0,0,2,2,0,2,0,2,0,2,2,0,0,0,0,0,0,0,0,0,2,0,2,0,0,2,2,2,2,0,0,0,0,0,0,0,0,0,0,0,0,0,0,0,0,0,0,2,0,2,0,0,0,0,0,0,0,2,2,2,0,0,2,2,0,0,0,0,2,0,0,0,0,2,0,2,0,0,0,0,0,0,0,0,0,0,0,2,0,0,0,0,0,0,0,2,0,0,0,2,0,0,0,0,0,0,0,0,0,0,0,2,0,2,0,2,0,0,2,0,0,0,0,0,0,2,0,0,0,0,0,0,2,0,0,0,2,0,0,0,0,0,0,0,0,0,0,0,0,0,0,0,0,0,2,0,0,2,0,2,0,0,2,0,0,0,0,0,0,0,0,0,0,0,0,0,0,0,2,0,0,0,0,0,0,0,0,0,0,0,0,2,2,0,0,2,0,0,0,0,0,0,0,0,0,0,0,2,2,0,0,0,0,0,0,2,0,0,0,0,0,0,0,0,0,0,0,0,0,0,2,2,0,0,2,0,0,2,0,0,0,0,0,0,0,0,0,0,2,0,0,2,0,0,0,0,0,0,0,0,0,0,0,0,0,0,0,0,0,0,2,2,0,0,0,0,0,0,2,0,2,0,2,0,0,2,2,0,2,0,0,0,0,0,0,2,0,0,2,0,0,0,0,2,0,0,2,0,0,0,0,0,2,0,0,2,0,0,0,0,0,0,0,0,0,0,0,0,0,2,0,2,2,0,0,2,0,0,0,0,2,0,0,0,2,0,0,0,0,0,0,2,0,2,0,0,0,0,0,0,0,0,2,0,0,0,2,0,0,0,0,0,0,0,0,2,2,0,2,0,0,0,0,0,2,0,0,0,0,0,0,0,0,0,0,0,2,0,0,0,0,0,0,0,2,2,0,2,2,0,0,0,0,0,2,2,2,0,0,0,0,0,0,0,0,0,0,0,2,2,0,0,0,0,0,2,0,0,0,0,2,0,0,0,0,0,0,0,0,0,2,0,0,0,0,2,0,0,0,0,0,2,0,0,0,0,0,0,0,0,0,2,0,0,0,2,0,0,2,0,0,0,0,2,0,0,0,0,0,2,0,0,0,2,0,0,2,2,0,2,0,2,0,0,0,2,0,0,0,0,0,2,0,2,2,2,2,0,0,0,0,0,0,0,0,0,0,0,0,0,0,0,0,0,0,2,2,2,0,0,0,0,0,0,0,2,2,0,0,2,0,2,2,0,0,0,2,2,0,0,0,0,0,0,0,2,0,0,0,0,0,0,0,0,0,0,2,2,0,2,0,0,2,0,2,0,0,0,0,0,0,2,0,0,0,2,2,0,2,2,0,0,0,0,0,0,0,0,0,0,2,0,0,2,0,0,2,2,2,0,0,2,0,0,0,0,0,0,0,0,0,0,0,0,0,0,0,0,2,0,0,2,0,0,0,0,0,0,0,0,0,2,2,0,0,0,0,2,0,2,0,0,0,2,2,0,0,0,0,0,0,0,0,0,0,0,2,0,0,2,0,0,0,0,0,0,0,2,2,0,2,0,0,0,2,0,0,2,0,0,0,0,0,0,2,0,2,0,0,0,0,0,2,0,0,0,0,2,0,2,0,0,0,0,0,0,0,0,0,0,0,2,0,0,2,0,0,0,2,2,0,0,0,0,2,0,2,2,0,0,0,0,0,0,0,0,0,0,0,0,0,0,0,2,2,0,0,0,0,2,2,0,0,2,NA,0,0,0,0,2,0,0,0,0,2,0,0,0,0,2,0,0,0,0,0,0,0,2,NA,0,0,2,0,0,0,0,2,0,2,0,0,2,0,0,2,0,0,0,0,0,0,0,0,0,0,0,0,2,0,0,0,0,0,0,0,0,0,0,0,0,0,0,0,0,0,0,0,0,0,0,0,0,0,0,0,0,0,0,0,0,0,0,0,0,0,0,0,0,0,2,0,0,0,0,0,0,0,0,0,0,0,0,2,0,2,0,2,0,0,0,0,0,0,0,2,2,2,0,0,0,2,0,0,0,2,0,0,0,0,0,0,0,0,0,0,0,0,2,2,2,2,2,0,0,0,0,2,2,0,2,0,0,0,0,0,0,0,2,0,0,0,0,0,0,0,2,0,0,0,0,0,0,0,0,0,0,0,0,0,0,0,0,2,0,0,0,0,0,0,0,0,0,2,0,0,0,0,0,0,0,0,2,0,2,0,2,2,0,0,0,0,2,0,0,0,0,0,0,0,0,0,0,2,0,0,0,0,2,2,0,2,0,0,0,2,2,0,0,0,0,0,0,0,0,0,0,0,0,0,0,0,0,0,0,0,0,0,0,0,0,0,0,2,0,0,0,0,0,0,0,2,0,0,2,0,2,0,0,0,0,0,0,2,0,2,0,0,0,0,0,0,2,2,0,0,0,0,0,0,0,0,0,0,2,0,0,0,2,0,0,0,0,2,0,0,0,2,0,0,0,0,0,0,0,2,0,0,0,0,0,0,0,0,0,0,0,0,0,0,0,2,0,0,0,0,0,0,0,2,0,0,0,0,0,0,0,0,0,2,0,0,0,0,0,2,0,0,0,0,0,0,2,2,0,2,0,2,0,0,0,0,2,0,0,0,0,0,2,0,0,0,0,0,0,0,0,0,0,0,0,0,0,0,0,0,0,0,0,0,0,0,0,0,0,0,0,0,0,0,0,0,0,0,0,0,0,2,0,0,0,0,0,0,0,2,0,0,0,0,0,0,0,2,0,0,2,2,0,0,0,0,0,0,0,0,0,0,0,0,0,0,0,0,2,0,0,0,0,2,0,0,0,0,0,0,0,0,2,0,0,0,2,0,0,0,0,0,0,0,0,0,0,0,0,0,0,0,0,0,0,0,2,0,0,0,0,0,0,0,2,0,0,2,0,0,0,0,2,0,0,2,0,0,2,0,0,0,0,0,0,0,0,0,0,0,2,2,0,0,0,2,0,2,0,2,0,0,2,0,0,2,0,0,0,0,0,0,0,0,2,0,0,2,0,0,2,0,2,0,2,0,0,0,0,2,2,0,0,0,0,0,2,0,0,0,0,0,0,0,2,0,0,0,0,0,0,0,0,0,2,2,0,0,0,0,0,2,0,0,2,2,2,0,0,0,0,0,0,0,0,0,0,2,0,2,0,0,0,0,2,2,2,0,2,2,0,0,2,0,0,0,0,0,0,0,2,2,0,0,0,0,0,2,0,0,2,0,2,0,0,0,0,0,0,0,2,2,0,0,2,2,0,2,0,0,0,0,0,2,2,0,0,0,0,0,0,2,0,0,0,0,0,0,0,0,0,0,0,0,0,2,0,0,0,0,0,0,0,0,0,0,0,0,0,0,2,0,0,0,0,0,0,2,0,2,0,0,0,2,0,0,0,0,0,2,0,0,2,0,0,0,0,0,2,0,0,2,0,2,0,2,0,2,0,2,0,2,0,2,2,0,2,0,2,0,0,0,0,0,0,0,0,2,0,0,2,0,0,2,0,0,0,0,0,0,2,0,2,0,0,2,0,2,2,0,0,2,0,0,0,0,2,0,0,2,0,2,0,2,0,0,0,2,2,0,0,0,0,0,0,2,0,0,0,2,0,0,2,2,2,0,0,0,0,0,0,0,0,0,0,0,2,2,0,0,0,0,0,2,0,0,0,0,2,0,0,2,0,0,2,2,0,0,2,0,0,0,2,0,0,0,0,0,0,0,0,0,0,0,0,0,0,2,2,0,0,0,0,0,0,2,0,0,0,0,0,0,2,2,0,0,0,0,0,0,0,2,0,0,0,0,2,2,0,0,0,2,2,NA,0,2,2,0,2,0,2,2,2,2,0,0,0,2,0,2,0,0,2,2,2,0,2,0,0,0,0,0,0,2,0,0,0,0,0,0,2,0,0,0,0,0,0,2,0,0,0,0,0,0,0,0,0,0,0,2,0,0,2,0,2,0,0,0,0,0,0,0,0,0,0,0,0,0,0,0,0,0,0,0,2,0,0,2,2,0,0,2,2,2,0,0,0,0,0,0,0,0,0,0,0,0,2,0,0,0,0,0,0,0,0,0,0,2,2,0,0,0,0,0,0,2,0,0,0,2,0,0,0,2,2,2,2,0,0,0,0,0,2,0,0,2,0,2,0,0,2,0,0,0,2,0,2,2,2,0,0,0,0,0,2,2,0,2,2,NA,2,0,2,0,0,0,0,0,0,0,2,2,0,0,0,2,0,0,0,0,2,2,2,0,0,0,0,0,0,0,0,2,0,0,0,0,0,0,0,0,0,0,0,0,0,2,2,0,0,2,0,0,2,2,0,0,0,0,0,2,0,0,0,0,0,2,2,0,2,0,2,0,0,0,0,0,0,0,0,0,0,0,0,0,0,0,0,0,2,0,0,0,0,2,0,0,0,0,2,2,0,0,0,0,2,0,2,0,2,0,0,2,2,2,0,0,2,0,0,2,0,0,0,0,0,0,0,0,2,2,0,0,0,2,0,2,0,2,2,2,2,0,0,0,0,0,0,0,0,0,0,0,2,2,0,0,2,0,0,0,2,2,0,2,0,0,2,2,0,2,2,2,0,0,0,2,2,2,2,0,0,0,2,2,0,0,0,2,2,0,0,0,2,0,0,2,0,0,0,0,0,2,2,0,2,0,0,0,0,2,0,2,0,0,0,0,0,0,0,0,2,0,2,0,2,0,0,0,0,2,2,0,2,2,0,2,0,0,0,0,0,0,2,0,0,2,2,0,2,0,0,2,2,0,2,0,0,0,0,2,0,0,0,0,0,0,2,0,0,2,0,0,0,0,0,2,2,2,2,2,0,0,0,0,0,0,0,NA,2,2,2,0,2,0,2,0,2,2,0,2,0,0,0,0,2,0,0,2,0,2,0,0,2,2,0,0,2,0,0,0,2,0,0,0,2,0,2,0,0,0,0,0,0,0,0,0,0,0,0,0,0,0,0,0,2,0,0,0,0,2,0,0,0,0,0,0,2,0,0,2,2,0,2,2,2,0,0,2,0,2,2,0,0,2,0,2,2,0,0,0,0,2,0,0,0,0,2,0,0,0,0,2,0,0,2,0,2,0,0,0,2,2,0,0,0,2,2,2,2,0,0,0,2,0,2,0,0,0,2,0,0,0,0,0,0,0,0,0,0,0,2,2,0,0,0,2,0,0,0,0,0,0,0,0,0,0,0,0,2,0,0,2,0,0,0,0,0,0,0,0,0,0,0,0,0,0,0,0,0,0,0,0,2,0,0,0,0,0,0,0,0,0,0,0,0,0,0,0,0,0,0,0,0,0,0,0,0,0,0,0,0,0,0,0,0,0,0,0,0,0,2,0,0,0,0,0,0,0,0,2,0,0,0,2,0,0,2,0,0,0,2,0,2,0,2,0,0,0,2,0,0,0,2,0,0,0,2,2,2,2,0,2,0,0,0,0,0,2,0,2,0,0,0,0,0,0,0,0,0,2,0,2,NA,0,0,0,0,0,2,2,0,0,2,2,0,0,0,0,0,0,2,0,0,0,2,0,0,0,2,0,0,0,2,0,2,2,2,0,0,0,0,0,2,NA,0,2,0,0,0,0,2,0,2,2,2,0,0,0,0,2,0,0,2,0,0,0,2,0,0,0,0,0,0,2,0,2,0,0,0,0,2,0,0,0,0,0,0,0,0,0,0,0,0,2,0,0,0,0,0,0,0,0,0,0,0,0,0,0,0,0,0,0,0,0,0,0,2,2,0,0,0,0,0,2,2,0,2,0,0,2,2,0,0,2,0,0,0,0,0,0,0,0,0,0,2,0,0,0,2,0,0,0,2,0,2,0,0,0,2,0,2,0,0,2,0,2,0,2,0,2,0,0,0,0,0,0,0,0,2,0,0,0,0,0,0,0,0,0,0,0,0,0,0,0,0,2,2,2,0,0,0,2,0,0,0,0,2,2,2,0,0,2,0,0,0,0,2,0,0,2,0,0,2,0,0,0,0,0,0,0,0,0,0,2,0,2,0,2,0,0,2,0,0,0,2,0,0,0,0,0,0,0,0,0,0,0,0,0,0,2,2,2,0,0,0,0,0,0,2,2,0,0,0,0,0,0,0,0,0,0,0,2,0,0,0,0,0,0,0,0,0,2,0,0,0,0,2,0,0,2,2,0,2,0,0,0,0,0,0,0,0,0,0,2,0,0,2,0,0,0,0,0,0,0,0,0,2,0,2,2,0,0,2,2,0,2,0,0,0,0,0,0,2,0,0,0,0,2,0,2,0,2,0,0,0,2,2,0,0,2,0,0,2,2,2,0,0,0,2,2,0,2,0,0,0,0,0,0,0,0,0,0,2,0,0,0,0,0,2,0,0,0,2,0,2,0,0,2,2,0,0,0,2,0,0,0,0,2,2,2,0,2,0,2,0,0,2,0,2,0,2,0,0,0,0,0,0,2,0,2,0,0,2,0,0,2,0,0,0,2,2,2,2,0,0,0,0,0,0,0,0,0,NA,0,0,0,2,0,2,0,2,2,0,0,0,2,0,0,0,0,0,2,2,0,2,0,0,2,0,2,2,0,0,2,0,0,0,0,0,0,2,0,0,0,0,0,0,0,2,2,0,2,0,0,0,0,2,2,0,2,0,0,0,2,0,0,2,0,2,0,0,0,0,0,0,0,0,0,0,0,0,0,0,0,2,0,2,0,0,2,0,0,0,0,0,0,0,0,0,0,0,0,0,2,2,0,2,0,0,0,0,0,0,0,0,0,0,0,0,0,0,0,0,0,0,0,0,2,0,0,0,0,0,0,0,0,0,0,0,0,0,0,0,0,0,0,0,0,0,0,2,2,2,0,0,0,2,0,0,0,0,0,0,0,0,0,0,0,0,2,0,2,0,0,2,0,0,2,0,2,0,2,0,0,0,2,0,0,0,0,0,0,0,0,0,0,2,2,2,0,0,0,0,0,0,2,0,0,0,0,0,0,0,2,2,0,0,0,2,0,0,0,2,2,2,2,0,0,0,0,2,0,0,0,2,0,2,0,0,0,0,0,0,2,2,2,0,0,0,2,0,0,0,0,2,0,0,2,2,0,0,2,0,0,0,0,0,0,2,0,0,0,2,2,0,0,0,0,0,0,0,0,0,0,0,0,0,0,0,0,0,0,0,0,0,0,0,0,0,0,2,0,0,0,2,2,0,0,0,0,0,0,0,0,0,0,2,0,0,2,0,0,0,0,0,0,2,0,0,2,0,0,0,0,0,0,0,0,0,0,2,0,0,0,0,0,0,0,0,2,0,0,0,0,0,0,2,0,0,0,0,0,0,0,2,2,0,0,0,0,0,0,2,0,2,2,0,0,2,0,0,2,0,0,0,0,0,2,0,0,0,2,0,2,0,2,0,2,2,0,0,0,0,0,0,2,2,0,0,2,0,0,2,0,0,0,0,0,0,0,0,0,2,0,0,0,0,2,0,0,0,0,0,0,0,2,0,0,2,0,0,0,0,2,0,0,2,0,0,0,0,0,0,0,0,2,2,0,0,2,0,0,0,0,0,0,0,0,0,0,0,0,0,0,0,0,0,0,0,2,0,0,0,2,0,0,0,0,0,2,0,2,0,0,0,0,0,0,0,0,0,0,2,2,0,0,0,0,0,0,0,2,0,2,2,0,0,0,0,0,0,0,0,0,0,2,0,2,0,0,0,0,2,0,2,0,2,0,0,0,0,0,2,0,0,0,0,0,0,0,2,0,0,0,0,0,0,0,0,0,0,0,0,0,2,0,0,0,0,0,0,0,0,0,0,2,0,0,0,0,0,0,2,0,2,0,2,0,0,0,0,0,2,0,0,0,2,0,0,0,2,0,2,0,0,0,0,0,2,0,0,0,0,0,0,2,0,0,2,0,2,0,2,2,2,0,0,0,2,0,2,0,2,0,0,2,0,0,0,2,0,0,2,0,0,0,0,0,0,0,0,0,0,2,0,0,0,0,0,0,0,0,0,2,0,0,2,2,0,0,0,2,2,0,0,0,0,2,0,0,0,0,0,2,0,0,0,0,0,0,0,2,0,0,0,0,0,0,0,0,2,0,2,2,2,0,0,0,0,0,2,2,0,0,0,0,2,0,0,0,0,0,0,0,0,0,0,0,NA,0,0,0,0,2,0,0,0,0,0,2,2,0,0,0,0,2,0,0,0,0,2,0,0,0,0,0,0,2,0,0,0,0,0,0,0,0,0,0,2,0,0,0,0,0,0,0,2,0,0,0,2,2,0,2,2,0,2,0,0,0,0,0,0,0,0,2,2,NA,0,0,0,0,0,0,0,0,0,0,2,0,0,0,2,2,2,0,0,0,0,0,2,0,0,0,0,0,2,2,0,0,2,0,2,0,0,0,0,0,0,0,2,0,2,0,0,2,0,0,0,0,0,2,0,0,0,0,0,0,0,0,0,0,0,0,2,0,2,0,0,0,0,0,0,0,2,2,0,0,0,0,0,0,2,0,0,0,2,0,0,0,0,0,2,0,0,0,0,2,0,0,0,2,0,0,0,2,0,0,0,0,0,2,0,0,0,0,0,0,0,0,2,0,0,0,0,2,0,2,0,2,0,0,0,0,0,0,2,0,0,0,0,0,0,0,2,0,0,0,0,2,0,0,0,0,0,0,0,0,2,0,2,0,2,0,0,0,2,0,0,0,2,2,0,0,2,0,0,2,0,2,0,0,0,0,2,0,0,0,0,0,2,0,0,2,0,2,0,2,2,2,0,0,0,0,0,0,0,0,2,2,0,2,0,0,0,0,0,0,0,2,0,0,0,0,2,0,0,0,2,0,0,0,2,0,0,2,2,2,0,0,0,0,0,0,2,0,0,0,0,0,0,2,2,0,0,0,0,2,0,2,0,2,2,0,2,0,0,0,0,0,0,0,0,0,0,0,2,0,0,0,0,0,0,0,2,0,0,2,0,0,0,0,0
"CC171",0,0,0,0,0,0,0,0,0,0,0,0,0,0,0,0,0,0,0,0,2,0,0,0,2,0,0,0,0,0,0,0,0,0,0,0,2,0,0,0,2,2,0,0,0,0,0,0,0,0,2,0,0,0,0,0,0,0,0,0,0,0,2,0,2,2,0,0,0,0,0,0,0,2,0,0,0,0,0,0,2,0,0,0,0,2,0,0,0,0,2,2,0,0,0,0,0,0,0,0,0,0,0,2,0,2,2,2,0,0,0,0,0,0,0,2,0,0,0,2,0,0,0,0,0,0,2,0,0,0,2,0,2,2,0,0,0,0,2,NA,0,0,0,0,0,0,0,0,0,2,2,0,0,0,0,0,0,0,0,0,0,0,0,0,0,0,2,2,0,2,0,0,0,0,0,2,0,0,2,2,0,0,2,0,0,0,0,0,0,2,0,0,0,0,2,0,0,0,0,0,0,0,0,0,0,0,0,0,0,0,0,0,0,0,0,0,0,0,2,0,2,0,0,0,0,0,0,0,0,0,0,0,0,2,0,0,0,0,0,0,0,0,0,0,0,0,0,0,0,0,0,0,0,0,0,0,2,2,0,0,0,0,0,2,0,0,0,0,0,0,0,0,0,0,0,0,2,2,2,0,0,0,0,0,0,0,0,2,0,0,0,0,0,0,0,0,0,0,0,0,0,2,0,0,0,0,0,2,0,0,0,0,0,0,2,2,0,0,0,0,2,0,0,0,2,0,0,0,0,0,0,2,0,0,0,0,0,0,2,0,0,0,0,0,0,0,0,0,0,0,0,0,0,0,0,0,0,0,2,NA,0,2,0,0,0,0,0,2,0,0,0,0,0,0,0,0,0,0,0,0,0,0,0,0,0,0,0,2,2,0,0,0,0,2,2,2,2,0,0,0,0,0,2,0,0,0,0,0,0,2,0,0,0,0,0,0,2,2,0,2,0,0,0,0,0,0,0,0,0,0,0,0,0,0,0,0,0,0,0,0,0,0,0,0,0,0,0,0,0,0,0,0,0,0,2,0,2,2,0,0,0,2,2,0,0,0,0,2,2,0,0,2,0,0,0,0,0,0,2,0,2,0,0,0,0,0,0,0,2,2,0,2,2,2,0,0,0,0,0,2,0,0,2,2,0,0,0,0,0,0,0,2,0,0,0,0,0,0,0,0,0,0,0,0,2,2,2,0,0,0,0,0,0,0,2,0,0,0,0,0,0,0,0,2,0,0,0,0,0,0,0,0,0,0,0,2,0,2,2,0,0,0,0,2,0,0,2,0,0,0,0,2,0,0,0,0,2,0,2,0,0,2,0,0,0,0,2,0,0,0,0,0,0,0,2,0,0,0,2,0,0,2,2,0,0,0,2,2,0,0,0,0,0,2,0,NA,0,0,0,0,2,0,0,2,2,0,0,0,0,2,0,2,0,2,2,0,0,0,2,2,0,2,0,0,0,0,0,0,0,0,0,0,0,0,0,0,0,0,0,2,0,0,0,2,2,0,0,0,2,2,0,0,0,2,0,0,2,0,2,0,0,0,0,0,2,0,0,0,2,0,0,0,0,0,0,0,0,0,0,2,0,0,0,0,0,0,0,0,0,0,0,2,0,0,0,0,2,0,0,0,0,0,0,0,0,2,0,0,2,2,0,2,0,0,2,0,0,0,0,0,0,0,0,0,0,0,0,0,0,0,2,0,0,0,2,0,0,0,0,0,0,0,0,0,0,0,0,0,0,2,2,2,0,0,0,NA,2,0,0,0,0,0,2,0,0,2,0,0,0,2,0,0,0,0,0,0,0,0,0,0,0,0,0,0,0,0,0,0,0,0,0,0,2,0,0,0,2,2,0,2,0,0,2,0,0,0,0,0,0,0,0,0,2,0,0,0,2,0,2,0,0,0,0,0,0,0,2,0,0,2,0,0,0,0,2,0,0,0,0,0,0,0,2,0,0,0,0,2,0,0,2,0,2,0,0,0,2,0,0,0,0,0,0,2,0,2,0,0,2,2,0,2,2,0,0,0,2,0,0,0,0,0,0,0,2,0,2,2,0,0,0,0,0,0,2,2,0,0,0,0,2,0,0,0,0,0,2,0,0,0,0,0,0,0,0,2,0,0,0,0,0,2,0,0,0,0,0,0,0,0,0,0,2,0,2,2,2,0,0,0,0,0,0,0,0,0,0,0,0,0,0,0,0,0,0,0,0,0,2,2,0,0,0,0,2,0,0,0,0,0,0,2,2,0,0,0,0,0,0,0,2,0,0,0,0,0,0,2,0,0,0,0,0,0,0,NA,2,2,0,0,0,0,0,0,2,0,2,0,0,0,0,2,0,0,2,0,0,0,0,0,0,0,0,0,0,0,2,0,0,0,0,0,0,0,2,2,0,2,2,2,0,0,NA,2,0,0,0,2,0,0,2,2,2,0,0,0,2,2,2,0,0,0,2,0,0,0,0,2,2,0,0,2,0,0,0,2,0,0,2,2,0,0,2,0,0,0,0,0,0,0,2,2,0,0,0,0,2,2,2,0,2,0,2,0,0,0,0,0,0,0,0,0,0,0,0,2,0,2,2,0,0,2,0,NA,0,0,0,0,2,2,0,0,0,0,0,0,0,0,0,0,0,0,0,0,0,0,0,0,2,0,2,0,0,0,0,0,0,0,0,0,0,0,0,0,0,2,0,0,2,0,0,2,0,0,0,0,0,0,0,0,0,0,0,0,2,0,0,0,0,0,0,0,2,2,0,0,0,0,0,0,2,0,0,2,0,0,2,2,2,2,0,0,0,0,0,0,0,2,0,0,0,0,0,NA,0,2,0,0,0,0,0,0,0,0,0,0,0,0,0,0,0,0,0,0,0,0,2,0,0,0,0,0,0,0,0,0,2,0,0,2,0,0,NA,0,0,2,0,0,0,0,0,0,0,0,0,2,2,0,0,0,0,0,0,2,2,0,2,0,0,0,0,0,2,0,0,0,0,0,2,2,0,0,0,0,0,0,0,0,0,2,2,0,0,0,2,0,0,0,0,0,0,0,2,0,0,0,0,0,0,2,0,2,0,2,0,0,0,0,0,0,2,2,2,2,0,0,0,0,2,0,0,0,2,0,0,0,2,0,0,0,0,0,0,2,0,0,0,0,2,0,0,0,0,0,0,0,0,0,0,0,0,2,0,0,2,2,0,0,0,2,0,0,2,0,0,2,0,0,0,0,2,0,0,0,0,2,0,0,2,0,0,0,0,2,0,0,2,0,2,0,0,0,0,0,0,0,0,0,0,0,0,0,0,2,0,0,0,0,0,0,0,2,0,0,2,0,0,0,0,0,0,0,0,0,0,2,0,0,2,0,0,2,2,0,0,0,0,2,0,0,0,0,2,0,2,0,0,2,2,0,0,0,0,0,0,0,0,0,2,0,0,0,NA,0,0,0,2,2,0,0,2,2,0,0,0,0,0,2,2,2,0,0,0,0,0,0,0,0,2,0,0,0,0,0,2,0,0,0,0,2,0,0,0,0,0,0,0,0,0,0,0,0,0,0,0,0,2,0,0,0,0,0,0,0,0,0,0,0,0,0,0,2,2,0,0,2,0,0,0,0,0,0,0,2,0,2,0,0,0,0,0,2,0,2,0,0,2,2,0,0,0,2,0,0,0,0,0,0,0,0,0,2,0,0,0,0,0,0,0,0,0,2,2,0,0,0,0,2,0,0,0,2,0,0,2,0,0,0,0,0,0,0,2,0,0,2,0,0,0,0,0,2,0,0,2,0,0,0,0,0,0,0,0,0,0,2,0,2,0,2,0,0,0,2,0,0,0,2,0,0,0,0,2,0,0,0,0,2,0,0,0,0,0,0,0,0,0,2,0,0,0,0,0,2,0,2,0,0,2,2,0,0,0,0,0,0,2,0,0,0,0,0,2,0,2,0,0,0,0,0,0,0,2,0,0,2,0,0,0,0,0,0,0,0,0,0,0,2,0,0,0,0,0,2,0,0,0,0,0,2,0,0,0,0,0,0,0,0,0,0,0,0,0,0,0,0,0,0,0,0,0,0,2,0,2,2,0,0,0,2,0,0,0,0,2,0,2,0,0,0,0,0,2,0,0,2,0,0,2,2,0,2,2,0,0,2,0,0,0,0,2,2,0,2,0,0,0,2,0,0,2,0,0,2,2,0,0,0,0,0,0,0,0,0,0,0,0,0,2,0,0,0,0,0,0,0,0,0,2,0,0,0,0,0,0,0,2,0,0,0,2,0,0,0,0,0,0,0,0,0,0,0,0,0,0,0,0,0,0,0,2,0,2,0,2,0,0,2,2,2,2,2,0,0,0,0,0,2,0,2,2,2,0,0,0,2,2,0,2,0,0,2,0,0,0,0,0,0,0,0,2,0,0,0,2,0,2,2,2,0,0,2,0,0,2,2,0,0,0,0,2,2,0,0,0,0,0,0,0,2,0,0,0,0,0,2,0,2,0,2,0,0,0,0,2,2,0,0,0,0,2,0,0,0,0,0,0,0,0,0,0,0,2,0,0,0,2,0,0,0,2,0,0,0,0,0,0,0,0,2,0,0,0,0,0,2,0,0,0,0,2,0,0,0,0,0,0,0,0,0,0,0,0,0,0,0,2,0,0,0,0,0,0,0,0,0,0,0,0,0,2,0,0,0,2,0,2,0,2,0,2,0,0,2,0,0,0,2,2,2,0,0,0,0,0,0,0,0,0,0,0,0,0,2,0,0,0,2,0,0,0,NA,0,0,2,0,2,0,2,0,0,0,0,0,0,0,0,0,2,0,0,0,2,0,0,0,0,0,0,0,2,0,0,NA,2,0,2,0,2,0,0,0,0,0,2,0,0,0,0,0,0,0,0,0,0,0,2,0,0,0,2,0,0,0,0,0,0,0,0,0,0,2,0,2,0,0,0,0,2,0,0,2,0,0,0,0,0,2,0,0,0,0,0,2,0,0,0,0,0,0,0,0,0,0,0,0,0,0,0,2,0,0,0,0,0,2,0,0,0,0,0,0,2,2,0,0,2,0,0,0,0,0,0,0,0,2,0,0,0,0,0,0,0,2,0,0,0,0,2,0,0,0,2,0,0,2,0,0,0,0,0,0,0,0,0,0,2,0,0,0,0,2,0,0,0,0,0,0,0,0,0,0,0,0,0,2,2,0,0,0,0,0,0,2,0,0,2,0,0,0,0,0,2,0,2,0,0,0,0,2,2,0,0,2,0,0,0,0,2,0,2,0,0,0,0,0,0,0,0,0,0,0,0,0,0,0,0,0,0,2,0,0,0,0,0,0,0,0,0,0,0,0,0,0,0,0,2,0,0,0,0,0,0,0,0,0,0,0,0,0,0,0,0,0,0,0,0,0,2,0,2,0,0,0,0,0,0,0,0,0,0,0,0,0,2,2,0,0,0,0,2,0,0,2,0,0,0,0,0,0,0,0,0,0,0,0,0,0,0,2,0,0,0,2,0,0,0,0,0,0,0,0,0,0,0,0,0,0,0,0,0,0,0,2,0,0,0,0,0,0,0,0,0,0,0,0,0,0,2,0,0,2,0,0,0,0,0,0,0,0,0,0,0,0,0,0,0,0,0,0,0,0,0,0,0,0,0,0,0,2,0,0,0,0,0,0,0,0,0,2,0,2,0,0,0,0,2,0,0,0,0,0,0,0,0,0,0,0,0,0,2,2,NA,0,0,0,0,0,0,0,0,2,2,0,0,2,0,0,0,0,0,0,0,0,0,2,0,0,2,0,0,0,0,0,0,0,0,0,0,0,0,0,2,0,0,0,0,0,0,0,0,0,0,0,0,0,0,0,0,2,0,0,0,0,0,0,2,0,0,0,0,0,0,0,0,0,0,0,0,0,0,0,0,0,0,0,2,0,2,2,2,2,0,2,2,0,0,0,0,0,0,0,2,0,0,0,0,0,0,0,2,0,0,2,0,2,0,0,0,0,0,0,2,0,0,0,2,0,0,0,0,2,0,2,0,2,0,2,0,0,0,0,2,0,0,0,0,2,0,2,2,0,2,0,0,2,0,0,0,0,0,0,2,2,0,0,0,0,0,0,2,2,0,0,0,0,0,0,0,0,2,0,0,0,0,0,0,0,0,2,0,0,2,0,0,0,0,0,0,0,0,2,0,0,0,2,0,0,0,0,0,0,0,0,2,0,0,2,2,0,0,0,0,2,0,0,0,0,2,2,0,0,2,0,0,0,0,0,0,2,0,0,0,0,0,0,0,2,0,0,0,2,0,0,2,0,0,2,0,0,0,0,2,2,2,0,0,0,0,0,2,0,0,0,2,0,0,0,2,2,2,2,0,0,0,2,0,2,0,2,2,0,0,0,0,0,0,0,0,0,0,2,2,0,0,0,0,0,0,2,0,0,0,0,0,0,0,0,2,2,0,0,0,0,0,2,0,0,0,0,2,0,0,0,2,0,2,2,0,2,2,0,2,0,2,0,0,0,0,0,0,0,0,2,0,0,0,0,0,2,2,0,0,0,0,2,0,2,2,0,0,0,0,0,0,2,0,0,0,0,0,0,2,2,2,0,0,2,0,0,0,0,0,2,2,0,0,0,0,0,2,0,2,0,2,2,0,0,0,0,0,0,0,2,0,0,2,0,0,0,0,0,0,0,0,2,0,0,2,0,0,2,0,2,0,0,0,0,0,0,2,0,0,2,0,0,2,0,0,0,0,2,0,2,0,2,0,0,0,0,0,0,0,0,0,0,0,2,2,0,0,0,0,0,0,0,0,2,0,0,2,0,0,0,NA,0,0,0,0,0,0,0,0,0,0,0,0,0,0,NA,0,2,0,2,0,0,0,0,0,0,0,0,0,2,0,0,0,0,2,2,2,2,2,2,0,0,0,0,0,0,0,0,0,2,0,0,0,0,0,0,0,0,2,0,0,0,0,0,0,0,2,0,0,0,0,0,2,0,0,2,0,0,2,0,0,0,0,0,0,0,0,0,2,0,0,0,0,0,0,0,0,0,2,0,2,0,0,0,0,0,2,0,2,0,0,0,0,0,0,0,0,0,0,0,2,0,0,0,0,0,0,2,0,0,2,2,0,0,0,0,0,0,0,0,0,0,0,2,2,0,0,2,2,0,0,2,2,2,0,2,0,2,0,0,2,0,0,0,0,2,2,2,0,0,0,2,0,0,0,0,0,2,0,0,0,0,0,0,2,0,2,0,0,0,0,0,0,0,2,0,0,2,0,0,0,2,0,0,0,0,0,2,2,0,2,0,0,0,0,2,2,2,0,0,0,2,0,2,0,0,0,0,0,2,0,2,0,0,2,0,0,2,0,0,0,2,2,0,2,2,0,2,0,0,0,0,0,2,0,0,0,0,0,0,0,2,0,0,0,0,2,0,2,0,2,0,0,0,2,2,2,0,0,2,0,2,0,0,0,0,2,0,0,0,0,0,2,0,0,0,0,0,2,0,0,0,NA,0,0,0,2,0,2,0,0,0,0,0,2,0,0,0,2,0,0,2,0,2,2,0,0,0,0,2,2,0,0,0,0,0,0,0,0,0,0,2,0,0,0,2,0,0,2,2,0,2,0,0,2,0,0,2,0,0,0,0,0,0,0,0,2,2,2,0,0,0,2,0,0,0,0,2,0,0,0,0,2,2,0,0,0,0,2,2,2,0,0,0,0,2,0,0,0,0,0,0,0,0,0,2,0,2,0,2,2,2,0,0,0,0,0,0,0,0,2,0,2,0,0,0,0,2,0,0,0,0,0,0,0,0,0,2,2,0,2,2,2,0,2,2,0,0,0,0,0,0,0,0,2,2,0,2,2,2,2,0,0,2,2,0,0,0,2,2,0,0,2,0,2,0,0,0,2,2,2,0,0,0,0,0,2,0,0,0,0,0,0,0,0,2,0,0,0,0,0,0,2,0,2,2,0,0,0,2,0,2,0,0,2,0,0,0,0,0,0,0,0,0,0,0,2,0,0,0,0,0,0,0,0,0,0,0,0,0,0,2,0,0,2,0,2,2,0,0,0,2,0,0,0,0,0,0,0,0,0,0,2,0,0,0,0,0,0,0,0,0,0,0,0,0,0,0,2,2,0,2,0,0,2,0,0,0,2,2,0,0,2,0,0,0,0,2,0,2,0,2,2,0,0,0,0,0,2,0,2,0,2,0,0,0,2,0,2,0,0,0,2,0,2,2,2,0,2,2,0,0,0,0,0,2,0,2,0,0,2,0,0,0,0,2,0,0,0,2,2,0,2,2,0,0,0,0,0,0,0,0,0,0,0,0,0,0,2,0,0,0,2,0,0,NA,2,0,0,0,0,0,0,2,2,0,0,0,0,0,2,0,0,0,0,0,0,0,0,0,0,2,2,0,0,0,0,2,0,0,0,0,0,0,0,0,2,0,0,0,2,0,0,2,0,0,0,0,2,0,0,0,0,0,0,0,0,0,0,0,0,2,0,0,0,0,0,0,0,0,0,0,0,0,0,0,2,0,0,0,2,0,0,0,2,0,0,2,0,0,0,2,2,0,0,0,0,2,0,0,2,2,0,0,0,0,0,2,0,0,0,0,2,0,0,0,0,0,0,0,0,0,0,0,2,0,0,0,2,0,0,0,2,0,0,0,0,0,0,0,2,2,0,0,0,0,0,2,0,2,0,0,2,0,0,2,2,0,2,0,0,2,0,0,0,0,0,2,0,0,0,0,0,0,0,0,0,0,0,0,0,0,0,0,0,0,0,0,0,0,2,2,2,0,0,2,0,0,2,0,0,2,0,0,0,0,0,0,2,0,2,2,0,0,0,0,0,0,0,2,0,0,0,0,0,0,0,0,0,0,0,0,0,0,0,0,2,2,0,0,0,0,0,2,0,0,0,0,2,0,0,0,0,2,2,2,0,2,2,2,0,0,0,0,0,0,0,0,0,0,0,0,0,0,0,0,2,0,0,0,0,0,0,0,0,0,0,0,0,0,0,0,0,2,0,0,0,0,0,2,0,0,0,0,0,0,0,2,0,0,2,0,0,0,0,2,0,2,0,2,0,0,0,0,0,0,2,0,0,0,0,2,0,0,0,0,0,2,0,0,0,0,0,0,0,0,2,0,0,0,2,0,0,0,0,0,2,0,0,0,0,0,0,0,0,2,2,0,0,0,2,0,0,0,2,0,0,0,2,2,0,0,0,0,0,0,0,0,0,2,0,2,0,0,0,0,0,0,0,0,0,2,0,0,0,0,0,0,0,2,2,0,0,0,0,0,0,2,0,0,0,0,0,0,0,0,0,0,0,0,0,0,0,0,2,0,2,0,0,2,2,0,2,0,0,2,0,2,2,0,0,2,0,0,0,0,0,2,0,0,0,0,0,0,0,0,2,2,0,0,0,0,0,0,2,0,0,0,0,0,0,0,0,0,0,2,2,0,0,0,2,0,0,0,0,0,0,0,0,0,0,0,2,0,0,0,0,0,0,0,0,0,0,2,0,0,0,0,0,0,0,2,2,0,2,0,0,0,0,0,0,0,2,0,0,0,0,0,0,0,0,0,0,0,0,0,0,0,0,0,0,0,0,0,0,0,0,0,2,0,0,0,0,0,0,0,0,0,0,2,0,2,0,0,2,0,0,0,0,0,0,0,0,2,0,2,0,0,0,0,0,0,0,0,2,0,0,0,0,0,0,0,2,2,0,0,0,0,0,0,0,0,0,0,2,0,0,0,0,0,2,0,0,0,0,0,0,0,0,0,2,0,2,0,0,2,0,0,0,0,2,2,2,2,2,0,0,0,0,0,0,0,0,0,0,0,2,0,0,0,0,2,0,0,0,0,0,0,0,0,0,0,0,0,0,0,0,0,0,0,0,2,0,0,0,0,0,0,0,0,0,2,0,0,0,0,0,2,2,2,2,2,2,0,0,0,0,2,0,0,0,0,0,0,0,0,0,0,0,0,0,2,0,0,2,0,0,0,0,0,0,0,0,2,0,0,0,0,0,2,0,0,2,0,2,0,0,NA,0,0,0,0,0,0,2,0,2,2,2,0,0,0,0,0,0,0,0,0,0,0,0,2,0,0,0,0,0,0,2,0,NA,0,0,0,2,0,0,2,0,2,0,0,0,0,0,0,0,0,0,2,0,0,2,0,0,2,0,0,0,2,0,0,0,2,0,0,2,2,0,0,0,2,0,0,0,0,0,0,0,0,0,0,0,0,0,2,0,0,0,2,0,0,0,0,0,2,0,0,0,0,0,0,0,0,2,0,0,0,0,0,0,0,0,0,0,0,2,0,0,0,0,0,0,2,2,0,0,0,0,0,2,0,0,0,2,0,0,0,0,2,0,0,0,0,2,0,0,0,0,0,0,2,0,0,0,0,0,0,0,0,0,0,0,0,0,2,0,0,0,2,2,0,0,0,0,0,0,0,0,2,0,2,0,2,0,0,0,0,0,0,0,0,0,2,0,0,0,0,0,2,2,0,0,0,2,0,0,0,0,0,0,0,0,0,0,0,0,0,0,0,0,0,0,0,0,0,0,0,0,0,0,0,2,0,0,0,0,0,0,0,0,0,0,0,2,0,0,0,0,0,0,0,2,0,2,0,0,0,0,0,2,0,2,0,2,0,0,0,2,0,0,0,0,0,0,2,2,0,0,0,0,0,2,2,0,0,0,2,2,0,0,0,0,0,0,0,2,0,2,0,0,0,0,0,2,0,2,2,0,0,0,0,0,0,2,0,0,0,0,2,2,0,0,0,0,2,0,0,0,0,0,2,2,0,2,0,0,0,0,0,0,0,0,0,0,2,0,2,2,0,2,0,0,2,2,2,0,2,0,0,0,0,0,0,0,0,0,0,2,0,2,2,2,2,0,0,NA,0,2,0,0,0,0,0,2,0,0,0,0,0,2,0,0,2,0,0,2,0,0,0,0,2,0,0,2,2,0,2,2,0,0,2,0,0,0,0,0,0,2,0,0,0,0,0,0,2,0,0,2,0,0,0,0,0,0,0,2,0,0,2,0,0,0,0,2,0,0,0,2,2,0,0,2,0,2,0,0,2,0,0,0,0,0,0,0,2,0,0,0,0,0,0,0,0,0,0,2,0,0,0,0,2,0,2,0,0,0,0,0,0,0,0,0,0,2,2,2,0,0,0,0,0,0,2,0,0,0,2,0,2,2,0,0,0,2,2,0,0,0,0,0,0,2,0,0,0,2,2,0,0,2,0,2,0,2,0,2,0,0,2,0,2,2,0,0,0,0,0,0,0,2,0,2,0,0,0,0,0,0,0,0,0,0,2,0,0,0,0,0,0,0,0,0,0,0,0,0,0,2,2,0,2,0,0,0,0,0,0,2,0,0,0,0,0,0,2,0,2,0,0,0,0,0,0,0,0,0,0,0,0,0,0,0,0,0,0,2,0,0,0,0,0,0,0,NA,0,0,0,2,0,0,0,0,0,0,0,0,0,0,2,0,0,0,0,0,0,0,0,0,0,0,0,2,0,0,0,0,0,0,0,0,2,0,2,0,0,0,0,0,0,0,0,0,0,0,0,0,2,0,0,0,0,0,0,0,0,0,0,0,0,0,0,2,0,0,0,0,2,2,0,2,0,0,0,0,2,2,0,0,0,0,0,2,0,2,0,0,0,0,0,2,0,0,0,0,0,0,0,0,2,0,0,0,0,0,0,0,0,0,0,0,0,0,0,2,0,0,0,0,0,0,0,0,0,0,0,0,0,0,0,0
"CC172",0,0,0,0,2,0,0,0,2,0,0,2,2,0,0,0,0,0,0,0,0,0,0,0,0,2,0,0,0,0,0,0,0,0,0,0,0,0,0,0,2,0,0,0,0,0,0,0,0,0,0,0,0,0,0,0,0,0,0,2,0,0,0,0,2,0,0,0,0,0,0,0,0,0,2,0,2,0,0,0,2,0,2,0,0,2,0,0,0,0,2,0,0,0,0,2,0,0,0,0,0,0,0,0,0,2,0,0,0,2,0,0,2,0,0,0,0,0,0,0,0,2,0,0,2,2,2,0,2,0,0,0,0,0,0,0,2,0,2,2,0,0,0,0,0,0,0,2,0,2,2,0,2,0,0,0,0,0,0,0,0,0,0,0,0,0,0,2,2,2,0,0,2,0,0,2,0,2,2,2,2,0,2,0,0,0,0,0,0,0,0,2,0,0,0,2,0,2,0,0,0,0,0,0,0,0,2,2,0,0,0,0,2,0,2,0,2,0,2,0,0,2,0,0,0,0,0,0,0,0,2,2,0,2,0,2,0,NA,0,0,0,0,0,0,0,0,0,2,0,0,0,2,0,0,0,0,0,0,0,2,0,2,2,0,0,0,0,0,2,0,2,0,0,2,0,2,0,2,2,0,0,0,0,2,0,0,2,0,0,0,2,0,0,0,0,0,0,2,2,2,2,0,0,0,2,0,0,2,0,0,0,0,0,0,0,0,0,0,2,0,0,0,0,0,0,0,0,0,0,0,0,2,0,0,0,0,0,0,0,0,0,0,0,0,0,0,0,0,2,0,0,0,0,0,0,0,0,0,0,0,2,0,0,0,0,0,0,0,0,2,0,2,NA,0,2,0,0,0,2,2,0,0,0,0,0,0,0,2,2,0,0,2,0,2,2,2,2,0,0,0,0,0,2,0,2,0,2,0,2,0,0,0,0,0,2,0,2,0,0,2,0,0,0,0,0,0,0,0,0,2,0,2,0,0,0,0,0,2,0,2,0,2,0,0,0,0,0,2,2,0,0,0,0,0,0,0,0,2,2,0,0,2,0,0,0,NA,2,0,0,0,NA,2,0,2,0,0,0,2,2,0,0,2,0,0,0,2,0,0,2,0,0,2,2,0,0,0,2,0,2,2,0,2,0,0,0,0,2,0,0,0,0,0,0,0,0,0,0,0,2,2,2,0,0,0,2,2,2,2,0,0,0,0,0,0,0,2,0,0,0,0,0,0,0,0,2,0,0,0,0,2,0,0,0,2,0,0,0,0,0,0,0,2,0,2,0,0,0,0,0,2,0,0,0,2,0,0,0,2,0,2,2,0,0,0,0,0,2,0,0,0,0,0,0,0,0,0,0,2,0,0,0,0,2,2,0,0,0,0,0,0,2,0,0,2,0,NA,0,0,0,0,0,0,0,2,2,0,0,0,0,2,0,2,0,0,0,0,0,2,0,0,0,2,0,0,0,2,0,0,0,0,0,0,0,0,2,2,0,0,0,0,0,2,0,0,0,0,0,0,0,2,0,0,0,0,0,0,0,2,0,0,0,0,0,0,0,0,0,0,0,0,2,0,0,0,0,0,2,2,2,2,0,0,0,0,0,0,0,0,2,0,0,0,0,0,0,2,0,0,2,0,0,0,0,0,0,0,0,0,0,0,2,2,0,2,0,2,2,0,0,2,0,0,0,0,0,0,0,0,0,0,0,2,0,0,2,0,0,0,0,0,2,0,0,0,0,0,0,0,0,0,2,0,0,0,2,0,2,0,2,0,0,2,0,0,0,0,0,0,0,0,0,0,0,0,0,0,0,0,0,0,0,0,0,0,NA,0,2,0,0,0,0,2,0,0,0,0,0,0,0,0,0,0,2,0,0,0,0,0,0,0,0,0,0,0,0,0,0,0,0,0,0,0,0,0,0,0,0,2,0,0,0,2,0,2,0,0,0,0,0,0,0,0,2,0,0,0,0,0,0,0,2,0,0,0,2,0,0,0,0,0,0,2,0,0,2,2,0,0,0,2,2,0,0,0,2,0,0,0,2,0,0,0,0,0,2,0,0,0,0,0,2,0,0,0,0,0,0,0,0,0,0,0,0,0,0,0,0,0,0,0,2,0,0,0,2,0,0,0,0,0,0,2,0,0,0,0,0,0,0,0,0,0,0,0,0,0,2,0,0,0,0,0,0,0,0,0,0,0,0,0,2,0,0,0,0,0,0,2,0,0,2,0,0,0,2,0,0,0,0,2,2,0,0,0,0,2,0,0,0,2,0,2,0,0,0,0,0,0,2,0,0,0,0,0,0,0,0,0,0,2,0,0,0,0,0,2,0,0,0,0,0,0,0,0,0,0,0,0,2,0,2,2,0,2,2,2,0,2,0,0,2,0,0,0,0,2,0,2,0,0,0,0,0,0,0,0,0,0,0,0,2,0,0,2,NA,0,2,2,2,0,0,0,0,0,0,0,0,2,0,0,0,0,0,0,0,2,0,0,0,0,0,0,0,0,0,0,0,0,0,0,0,0,0,2,0,2,0,0,0,0,0,2,0,2,0,0,2,0,0,2,2,0,2,0,0,0,2,0,0,0,0,2,0,0,0,0,2,0,2,2,2,2,2,2,0,0,0,0,0,2,2,2,0,0,0,0,0,0,2,0,0,0,0,0,0,0,0,0,0,0,0,0,2,0,0,0,0,2,2,0,0,0,0,2,0,2,0,0,0,0,0,2,0,0,0,2,0,0,0,NA,0,0,0,2,0,0,0,0,0,2,2,0,0,0,0,0,0,0,0,0,0,2,0,0,0,0,0,0,0,0,0,2,0,NA,0,2,2,0,2,2,0,0,0,2,2,0,NA,2,0,0,2,2,0,2,0,2,0,0,0,2,0,0,0,0,0,0,NA,0,2,0,0,2,2,0,0,2,0,0,0,2,2,2,0,0,0,0,0,0,0,0,0,2,0,0,0,0,0,2,0,2,0,0,NA,0,0,0,0,0,0,0,0,0,2,2,0,0,2,0,0,2,0,0,0,0,2,0,0,0,0,2,0,0,0,0,0,0,2,0,2,0,0,2,0,0,0,0,0,0,2,0,0,0,0,2,2,0,0,0,0,2,2,0,0,0,0,0,0,2,0,0,0,0,2,0,0,2,2,2,0,0,0,2,2,0,0,0,0,0,0,0,0,0,0,0,0,0,0,0,0,0,0,0,0,2,2,0,0,0,0,0,0,0,0,0,0,2,2,0,2,2,0,0,0,2,0,2,2,0,0,0,0,0,2,0,0,2,0,0,2,2,0,0,0,2,0,0,0,0,0,2,0,0,0,0,2,0,2,2,0,0,0,0,0,0,0,2,0,0,0,0,0,0,0,0,0,0,0,0,0,0,0,0,0,0,0,0,2,2,0,0,2,0,2,2,0,0,0,0,0,0,0,0,0,0,0,2,0,0,0,0,2,0,0,0,2,NA,0,0,0,0,0,2,0,2,0,0,0,2,2,2,2,2,0,2,0,0,2,0,0,0,0,2,0,0,0,0,0,0,0,0,0,2,2,2,0,0,0,2,0,0,0,0,2,0,0,0,0,0,0,0,0,0,0,0,2,0,0,0,0,2,0,0,0,0,2,0,0,0,0,2,0,2,0,0,2,2,0,2,0,2,0,0,0,0,2,2,0,2,0,2,2,0,2,0,0,0,0,0,0,0,0,0,0,2,2,0,0,0,0,2,0,0,0,2,0,2,2,0,2,2,0,0,0,0,0,2,0,0,0,0,0,0,0,0,2,0,0,0,2,0,0,2,0,0,2,0,2,0,0,2,0,0,0,0,0,2,0,0,0,0,0,0,2,2,0,0,0,0,0,0,0,2,0,0,0,0,0,0,2,0,0,0,0,2,0,0,0,2,0,0,2,0,NA,0,0,0,2,0,0,0,0,0,0,0,0,2,0,0,2,0,2,2,2,0,0,0,0,0,0,0,0,0,0,0,0,0,0,0,0,0,0,0,0,0,0,0,2,0,0,0,0,0,0,0,0,0,0,2,0,2,0,0,0,2,0,0,0,2,2,0,0,0,0,2,0,0,0,0,0,0,0,0,0,0,0,0,0,0,2,2,0,0,0,2,0,2,0,0,0,0,0,0,0,0,0,0,0,0,0,0,0,0,0,2,0,0,2,0,2,0,0,0,0,0,0,0,0,2,2,0,0,0,0,2,0,0,0,0,0,0,0,2,2,0,0,0,2,2,2,0,0,2,2,2,2,0,0,0,0,0,0,0,0,0,0,0,2,2,0,0,0,0,0,2,0,2,2,2,2,0,0,0,0,NA,2,0,0,0,0,0,0,2,0,0,0,0,0,0,2,0,2,0,0,2,2,0,0,0,0,0,2,0,2,0,0,0,2,2,0,2,0,2,0,2,0,2,0,0,0,2,0,0,0,0,2,0,0,0,2,0,0,0,0,0,0,2,0,0,0,0,0,0,0,2,2,0,0,0,2,0,0,0,0,0,0,0,0,2,0,2,0,0,0,2,0,0,0,2,0,0,0,2,0,0,2,0,0,2,2,0,0,2,2,2,0,0,0,2,0,2,2,0,0,0,0,0,0,2,0,0,0,0,0,2,0,0,0,0,2,0,0,2,0,2,0,2,0,2,2,2,0,2,0,2,2,0,0,2,0,0,2,0,0,0,0,2,2,0,0,2,2,0,0,0,0,0,0,0,0,0,0,0,0,0,0,2,2,0,0,2,0,0,2,0,0,2,2,0,0,2,2,0,2,0,0,0,NA,0,0,0,0,0,2,2,0,0,0,0,0,0,0,0,2,0,0,0,2,0,2,0,0,0,0,2,0,0,2,0,2,0,0,0,0,NA,2,0,0,0,0,0,0,0,0,0,0,0,0,0,0,0,0,0,2,2,0,0,0,0,0,0,0,0,0,0,0,0,2,0,0,0,0,0,0,0,0,2,0,2,0,0,0,0,0,0,0,0,0,0,0,2,2,0,0,2,0,0,0,0,2,0,0,0,0,0,0,2,0,0,2,2,0,0,0,0,0,2,0,2,0,2,2,2,2,0,0,2,0,0,0,0,0,0,2,0,0,0,0,0,0,0,0,0,0,0,0,NA,0,0,0,0,0,0,0,0,0,0,0,2,2,2,2,0,0,0,0,0,0,2,0,2,0,0,0,2,0,0,0,0,2,0,0,0,0,0,0,0,0,2,0,0,0,2,0,0,0,0,2,0,0,0,0,0,0,0,2,0,0,0,0,0,0,0,0,0,0,2,0,0,0,2,0,0,0,0,2,2,0,0,0,0,0,0,NA,0,0,0,0,0,0,0,0,0,0,0,0,0,0,0,0,0,0,0,2,0,0,0,0,0,0,0,0,0,0,0,0,2,0,2,2,0,0,0,0,0,0,0,0,0,0,0,2,0,2,0,0,0,0,2,0,0,2,0,0,0,2,2,0,0,2,0,0,0,0,0,0,0,0,0,0,0,0,0,0,0,2,0,0,0,2,0,0,0,0,2,2,2,2,0,2,0,0,2,2,0,0,0,0,0,0,0,2,0,2,2,0,0,0,2,0,0,0,0,0,2,2,0,0,2,2,0,0,0,0,0,0,0,0,2,0,2,0,0,0,2,2,0,0,0,0,2,0,0,0,0,0,0,0,0,0,0,0,0,2,0,0,0,0,0,0,0,0,0,0,0,0,0,0,0,0,0,0,0,0,2,0,2,0,2,0,2,0,0,0,0,0,2,0,0,0,0,0,0,0,0,2,0,0,0,0,0,0,2,2,0,0,0,0,2,2,0,0,0,0,0,0,0,2,0,0,0,2,0,0,0,0,0,2,0,0,0,0,2,0,0,0,0,2,0,0,2,0,2,0,0,0,2,0,0,0,0,0,2,2,2,0,0,0,2,0,0,0,0,0,0,0,0,0,0,0,0,0,0,0,0,0,0,0,0,0,0,2,0,0,2,0,0,0,0,0,0,0,0,2,0,0,0,2,0,0,0,0,0,0,0,2,0,0,0,0,0,2,2,0,0,0,0,0,2,0,2,0,0,0,0,0,0,2,2,0,2,0,0,2,0,0,0,2,0,0,2,2,2,2,0,0,0,0,0,0,0,2,0,0,0,0,0,0,0,2,2,2,0,0,0,0,0,0,0,0,0,2,0,0,0,0,0,0,0,0,0,0,0,0,0,0,0,0,0,0,0,0,0,2,2,0,0,2,0,0,0,0,0,2,0,0,0,0,0,0,0,0,0,0,0,0,0,0,0,0,2,0,0,0,0,0,0,2,0,0,0,0,0,0,0,2,0,0,0,0,0,0,2,0,0,0,0,2,2,0,0,0,0,0,0,0,2,0,0,0,0,0,0,2,2,0,2,2,0,0,0,0,0,2,0,0,0,2,0,2,2,2,0,0,0,0,0,0,0,0,2,0,0,0,0,0,0,0,2,0,0,0,0,0,0,2,0,0,0,0,2,2,0,0,0,0,0,0,2,0,0,0,NA,0,0,0,0,0,2,0,0,2,0,0,0,2,2,0,0,0,0,0,2,0,2,0,0,0,2,0,0,0,0,0,0,0,0,0,0,0,0,0,0,0,0,2,0,2,0,0,0,0,0,0,0,0,0,0,2,0,0,0,0,0,0,0,0,2,0,0,2,0,0,0,0,0,2,0,0,2,0,0,2,0,2,0,0,0,2,0,0,0,2,2,2,2,0,2,0,0,0,2,0,0,0,0,0,0,2,2,NA,0,0,0,0,0,0,0,0,0,0,0,0,0,0,0,2,2,0,2,2,0,0,0,0,0,2,0,2,0,0,0,0,0,0,0,0,0,0,0,2,0,0,0,0,0,0,0,0,2,0,0,0,0,0,0,0,0,0,2,2,0,0,0,0,0,0,0,0,0,0,2,0,2,0,0,0,0,2,0,0,0,0,0,0,0,0,0,2,0,0,0,0,0,2,0,0,0,0,2,0,2,2,2,0,0,0,0,0,0,2,0,0,2,0,0,2,0,0,0,0,0,2,0,0,0,0,0,0,0,0,0,2,0,2,0,0,0,0,2,0,0,0,0,2,0,0,0,0,0,0,0,0,0,0,0,0,0,2,0,0,2,0,0,0,0,0,0,0,0,0,0,0,0,0,2,0,0,0,0,2,0,0,0,0,0,0,0,0,0,0,0,0,2,0,0,0,0,2,0,0,0,2,0,2,0,2,0,0,0,2,0,0,0,0,0,0,0,0,0,0,0,0,0,0,0,0,0,0,0,0,0,0,0,0,0,0,0,0,0,0,2,NA,0,0,0,2,0,0,2,0,0,0,2,0,NA,0,0,0,2,0,0,0,2,0,0,0,0,0,2,2,0,0,0,0,0,0,2,0,2,0,2,0,2,2,0,0,0,2,0,2,2,0,0,0,0,0,0,0,2,0,2,0,0,2,0,0,0,0,2,0,0,2,0,0,0,2,0,0,0,0,0,0,0,0,0,0,0,2,0,0,0,2,0,0,0,0,2,2,0,0,0,0,0,0,0,0,2,NA,0,0,0,0,2,2,0,2,0,0,2,0,0,0,0,0,0,0,0,0,0,2,0,0,0,0,0,0,0,2,0,0,0,0,2,0,0,0,0,2,2,0,0,0,0,0,0,0,0,0,0,0,0,0,0,0,0,0,0,0,0,0,0,0,0,0,2,0,0,0,0,2,0,0,0,0,0,0,0,0,0,0,2,2,0,0,0,2,0,0,0,0,0,0,0,0,0,0,2,0,0,0,0,0,0,0,2,0,0,0,2,0,0,0,0,0,0,0,0,0,2,0,0,0,0,0,0,0,0,0,0,0,0,0,0,0,0,2,0,0,0,0,0,0,0,0,0,0,0,0,0,0,0,0,0,2,0,0,2,0,0,0,0,0,0,0,0,2,0,0,2,0,2,0,2,0,0,2,2,2,0,0,0,2,0,0,0,0,0,0,0,0,0,0,0,0,0,0,0,0,0,2,2,0,0,0,0,0,0,0,0,0,0,0,0,0,0,0,0,0,2,0,2,2,0,0,0,0,0,0,0,0,0,0,0,0,0,0,0,0,NA,0,0,0,0,0,0,0,0,0,0,0,0,2,0,0,0,0,2,0,0,2,0,0,0,0,0,0,0,0,2,0,0,2,0,0,0,0,0,0,0,0,0,0,0,0,0,0,0,0,2,0,0,0,0,0,0,0,0,0,0,0,0,0,2,2,0,2,0,0,0,0,0,0,2,0,0,0,2,0,0,0,2,0,0,0,0,0,0,0,0,0,0,0,0,0,0,0,0,0,0,2,2,0,0,0,0,0,2,0,0,0,0,0,0,0,0,0,0,0,0,0,0,2,0,0,2,0,0,0,0,0,0,2,0,0,0,0,0,0,0,0,0,0,0,0,0,0,0,0,0,2,2,0,0,0,2,0,0,2,0,0,0,0,0,2,0,0,0,0,0,0,2,2,0,0,0,0,0,0,0,2,0,0,0,0,2,2,0,0,0,0,0,0,0,0,0,0,0,0,2,0,0,2,0,0,2,2,0,0,2,0,0,0,0,0,2,0,0,2,0,0,0,0,2,0,0,0,2,0,0,0,0,0,2,0,0,2,0,0,2,0,0,0,0,0,2,0,2,0,0,0,2,0,0,0,2,2,0,0,0,0,0,2,2,2,0,0,2,0,0,0,2,2,0,0,0,0,2,0,0,0,0,2,0,0,0,0,0,2,2,0,0,0,0,0,0,0,0,0,2,0,0,0,0,0,0,2,0,0,0,0,0,0,0,0,0,0,0,2,2,2,0,0,0,0,0,2,2,0,0,0,0,0,0,2,0,0,2,0,0,0,0,0,0,2,0,0,2,2,0,0,0,0,0,0,0,0,0,0,0,0,0,0,2,0,2,2,0,0,0,0,0,2,0,2,0,0,0,0,0,2,0,0,2,0,0,0,0,0,2,0,0,0,0,0,0,0,0,2,0,2,0,2,0,0,0,0,2,0,0,2,0,2,0,NA,0,0,2,2,0,0,0,0,2,2,0,0,0,2,0,0,0,2,0,0,2,2,0,0,2,0,0,0,2,2,0,0,0,2,0,0,0,0,0,0,2,0,0,0,0,0,0,0,0,0,0,0,0,2,0,2,0,0,0,0,0,0,0,0,0,2,2,0,0,0,0,0,0,2,0,0,2,0,0,0,0,0,0,0,0,0,2,0,0,0,0,0,0,0,0,0,0,0,0,0,0,0,0,0,0,0,2,2,0,0,0,0,0,0,0,0,2,0,0,0,0,0,0,0,2,0,0,2,0,0,0,0,0,0,0,0,0,2,2,0,2,0,0,0,0,2,0,0,2,0,0,0,0,2,2,0,0,0,0,0,0,0,0,0,0,0,2,2,2,0,0,0,0,0,0,0,0,0,0,0,0,0,0,0,2,2,0,0,0,0,2,0,0,0,2,0,0,0,0,2,0,0,0,0,0,0,0,0,0,0,0,NA,2,0,0,0,2,0,0,0,0,2,2,0,0,0,0,0,2,0,0,0,0,0,2,0,0,0,2,0,0,0,0,2,0,0,2,0,0,0,2,0,0,2,2,2,0,2,0,0,0,0,0,0,0,0,2,0,0,0,0,0,0,0,2,0,0,0,2,0,2,0,0,0,0,2,0,0,0,0,0,0,0,0,0,2,2,0,0,0,0,0,0,0,2,2,0,2,0,0,0,0,0,0,2,0,2,2,0,0,0,0,0,0,0,2,0,2,0,0,2,2,0,0,0,0,0,2,0,2,0,2,2,2,0,2,0,0,0,0,0,0,2,0,0,0,0,2,0,0,2,0,0,2,0,2,0,0,0,0,0,0,0,0,0,2,2,0,0,0,0,0,0,0,0,0,NA,0,2,0,0,2,2,2,0,2,2,0,2,0,0,0,0,0,0,0,0,0,2,0,0,2,0,0,0,2,2,0,0,2,2,0,2,0,0,0,0,0,0,2,0,0,0,0,0,0,0,2,0,0,2,0,2,0,2,2,NA,2,2,0,0,0,0,0,0,0,0,0,2,0,2,0,2,2,0,NA,2,0,2,0,0,0,2,2,2,2,0,0,2,NA,0,2,0,0,0,0,0,0,0,0,0,2,0,0,2,2,0,0,2,0,2,0,0,0,0,0,0,0,0,0,0,2,2,0,0,2,0,0,2,0,0,2,0,0,0,0,0,0,2,0,2,0,0,0,2,0,2,0,2,0,0,NA,0,0,0,0,2,0,2,0,0,0,0,0,2,0,0,0,0,0,2,0,2,2,0,0,0,0,2,2,2,0,2,0,0,0,0,2,0,0,2,0,2,0,NA,0,0,0,0,0,0,0,0,2,0,0,0,0,0,0,0,0,2,0,0,0,0,2,2,2,0,0,0,0,2,NA,0,0,0,2,2,0,2,2,0,0,0,0,0,2,0,2,0,0,0,2,0,2,0,2,0,2,2,2,0,0,2,0,2,0,0,2,0,2,0,0,0,0,2,0,0,0,2,0,0,0,0,0,0,0,2,0,0,0,2,2,0,2,0,0,0,2,0,2,0,0,2,2,0,0,2,0,0,0,0,0,0,2,2,0,0,2,0,0,2,0,0,2,2,0,0,0,0,0,0,0,2,0,2,0,0,0,0,0,0,0,0,0,0,0,2,0,0,0,0,0,0,0,2,0,2,2,0,0,2,0,0,0,0,0,2,2,2,2,0,2,0,2,0,2,2,2,2,2,0,0,0,0,0,2,0,2,2,0,0,0,0,0,0,0,0,0,2,2,0,0,2,0,0,0,0,2,0,2,0,2,2,0,0,0,0,0,2,0,0,2,2,0,0,0,0,2,0,0,2,0,2,0,0,2,0,0,0,0,0,0,0,0,2,2,0,0,2,0,0,0,0,0,0,0,0,0,2,0,2,2,0,2,0,0,0,0,0,2,0,0,0,2,0,2,2,0,0,0,2,0,2,2,0,2,0,0,0,0,0,0,2,0,0,0,0,0,2,2,0,2,2,2,2,0,0,0,0,0,2,2,2,0,0,2,2,2,2,2,2,2,2,2,2,2,0,0,0,0,0,0,2,NA,0,0,0,2,2,0,0,0,0,0,0,2,0,2,0,0,0,2,2,2,2,0,0,0,0,0,0,2,2,0,0,0,0,0,0,0,0,0,0,0,0,0,2,0,0,0,2,0,0,0,0,0,0,0,0,0,0,0,0,0,0,2,0,0,2,0,0,0,0,0,2,0,0,2,0,0,0,0,0,0,0,0,2,0,0,0,2,2,0,0,0,0,0,0,0,0,0,0,0,0,0,0,0,0,0,2,0,NA,2,2,2,0,0,2,0,0,0,0,0,0,2,0,0,0,0,2,0,2,2,2,0,0,0,2,0,0,0,0,0,0,0,0,0,0,0,0,0,2,0,0,0,0,0,0,0,0,0,0,2,0,0,0,0,0,2,0,0,0,0,2,0,2,0,2,0,0,0,NA,0,2,0,0,0,2,0,0,0,0,NA,0,0,0,0,0,0,0,0,2,0,0,0,0,0,2,0,0,0,0,0,0,0,0,0,0,0,0,0,2,0,0,0,0,0,2,0,0,2,0,2,0,0,2,0,0,0,0,0,0,0,0,0,2,0,0,0,0,0,0,0,0,2,0,0,0,0,0,0,0,2,0,0,0,0,0,2,0,0,0,2,2,0,0,0,2,0,0,0,0,0,0,0,2,0,2,0,0,0,0,2,0,0,0,0
"CC173",0,0,0,0,2,0,0,0,0,0,0,0,0,0,0,0,0,0,0,0,0,0,0,0,2,0,0,0,0,0,0,0,0,0,0,0,2,0,0,0,0,2,0,0,0,0,0,0,0,0,2,0,0,0,0,0,0,0,0,2,0,0,2,0,2,0,0,0,0,0,0,0,0,2,0,0,0,0,0,0,2,0,0,0,0,0,0,2,0,0,2,2,0,0,0,2,0,0,2,2,0,0,0,2,0,0,2,0,0,0,0,0,0,0,0,0,0,0,0,2,0,0,0,2,0,0,2,0,0,0,2,0,0,2,0,0,0,0,0,2,0,0,0,0,0,0,2,0,0,2,2,0,2,0,2,0,2,0,2,0,2,0,0,2,2,0,0,2,2,2,0,2,0,0,0,0,0,0,0,2,0,0,0,0,0,0,2,0,0,2,0,2,0,0,0,0,0,2,0,0,0,0,0,0,0,0,0,0,0,0,0,0,2,0,0,0,2,0,2,0,0,2,0,0,0,0,0,0,0,0,0,2,0,2,0,0,0,0,0,0,0,0,0,0,0,0,0,2,0,0,0,0,0,0,0,0,0,0,0,0,0,0,0,0,0,0,2,0,0,0,0,0,0,0,0,0,2,2,2,0,0,0,0,0,0,0,2,2,0,0,0,0,0,0,0,2,0,0,2,2,0,0,0,0,2,0,0,2,0,0,0,0,0,0,0,0,0,0,0,0,0,0,0,0,0,0,0,0,0,0,0,2,0,0,0,0,0,0,0,0,0,0,0,0,0,0,0,0,0,0,0,0,0,0,0,0,0,0,0,0,0,0,0,0,0,0,0,0,0,2,0,0,NA,0,0,0,0,0,0,0,2,0,0,0,2,0,0,0,0,0,0,0,0,2,2,2,2,0,0,0,0,0,2,2,0,2,0,0,0,0,0,0,0,0,0,0,2,0,NA,2,0,2,0,0,0,0,0,0,0,0,0,0,0,0,0,0,0,0,0,0,0,2,0,0,0,0,0,0,2,0,0,0,0,0,2,2,0,2,2,0,0,2,0,0,0,0,0,0,0,0,0,2,2,0,0,0,0,0,2,0,0,0,0,0,0,0,0,0,0,0,2,NA,0,0,0,0,0,0,0,0,0,0,0,0,2,0,0,0,0,0,0,0,0,0,0,0,0,0,0,0,2,0,0,0,2,2,2,0,0,0,0,0,0,0,0,0,2,0,0,0,0,0,0,0,0,0,2,0,0,0,0,0,0,2,0,0,0,0,0,0,0,2,0,0,0,0,2,0,0,0,0,0,0,0,0,0,2,0,2,2,0,0,0,0,0,0,2,0,0,2,0,0,0,0,0,2,0,2,2,0,0,0,0,2,2,2,0,0,0,0,0,2,0,2,0,0,0,0,0,0,0,2,0,2,2,0,0,0,2,0,0,0,0,0,0,0,0,0,0,0,0,0,0,0,0,0,0,0,0,0,0,0,0,0,0,2,0,0,0,0,2,2,0,0,0,2,0,0,0,0,0,0,0,0,0,0,2,0,2,0,0,0,0,0,2,0,0,0,0,0,2,0,0,0,0,0,2,2,2,2,2,2,0,0,0,0,0,2,2,0,0,2,0,0,0,2,0,0,2,2,2,0,0,2,0,2,0,2,2,2,0,0,0,0,0,2,0,0,0,0,0,0,0,2,2,0,0,0,0,0,0,0,0,0,2,0,0,0,2,0,0,0,0,0,0,0,0,2,2,0,0,2,0,0,0,0,0,0,0,0,0,0,2,0,0,0,0,2,0,0,0,0,2,0,0,2,0,0,0,0,0,0,0,0,0,0,0,0,0,0,0,0,0,0,2,0,2,0,0,0,0,0,0,0,0,2,0,2,0,0,0,0,0,0,2,0,0,0,0,0,0,0,0,0,0,0,2,0,0,0,0,2,0,0,0,0,0,2,0,0,0,2,2,0,0,0,0,2,0,0,2,0,0,0,0,2,2,0,0,0,0,0,0,0,2,0,0,0,0,2,0,0,0,0,0,0,0,0,0,0,0,0,0,0,0,0,0,0,0,0,2,0,0,0,0,0,0,0,2,0,0,0,0,0,0,0,0,0,2,0,0,0,0,0,2,0,0,0,0,0,0,2,0,0,0,0,0,0,2,0,0,2,0,0,0,0,2,0,0,0,0,0,0,0,0,0,0,0,0,0,2,0,0,0,0,0,0,2,0,0,0,0,0,0,2,0,2,0,0,0,0,0,0,0,0,2,2,0,0,0,0,2,0,0,0,0,0,2,0,0,0,0,0,0,0,0,0,0,0,2,0,0,2,0,0,0,0,0,0,0,0,0,0,0,0,2,2,0,2,0,0,0,0,0,0,2,0,0,2,0,0,0,0,0,0,0,2,0,0,0,0,0,0,0,0,0,0,0,0,0,2,0,0,0,0,2,0,0,0,0,2,0,0,0,0,2,2,0,0,2,0,0,2,0,0,2,0,0,0,0,0,0,0,0,0,2,0,2,2,2,0,0,0,0,2,0,0,0,0,2,0,0,0,0,0,0,0,0,0,0,2,0,0,0,0,0,0,2,2,0,0,2,0,2,2,0,0,0,2,2,0,0,0,0,0,0,0,0,0,2,2,2,0,0,0,0,0,0,2,0,0,0,0,0,0,0,0,0,0,0,0,0,0,0,0,2,0,0,2,2,0,0,0,0,0,2,0,0,2,0,0,0,0,0,0,2,0,0,0,0,2,0,2,2,0,0,0,0,0,0,0,0,0,2,0,0,2,0,0,0,0,0,2,2,0,0,0,0,0,2,2,2,0,NA,0,2,2,0,0,0,0,0,0,0,0,0,0,0,0,0,2,2,0,2,0,0,0,0,0,0,2,0,0,2,0,0,NA,0,2,2,0,2,2,0,2,0,0,0,0,0,2,0,0,0,2,0,0,0,0,0,2,2,0,0,0,0,2,2,2,2,0,0,NA,0,0,0,2,0,2,0,0,0,2,0,0,0,2,0,0,0,0,2,0,0,0,0,0,0,0,2,2,0,0,2,0,0,0,0,0,0,2,0,0,0,2,0,0,0,0,0,0,0,0,2,0,2,0,0,0,0,0,2,0,0,0,0,0,0,2,0,0,0,2,2,0,2,2,0,0,0,0,0,2,0,0,0,0,0,0,0,0,2,2,0,0,0,0,0,2,2,0,0,0,0,0,0,0,0,0,0,0,0,0,0,0,2,0,0,2,0,2,0,2,0,0,0,0,0,0,0,0,0,0,0,2,0,0,0,2,2,0,0,0,2,2,0,0,0,0,0,0,0,0,0,2,0,0,0,2,2,2,0,0,0,2,2,0,0,2,0,2,0,0,0,NA,0,2,2,0,2,0,2,0,0,0,0,0,2,2,0,0,2,2,2,0,0,2,2,0,0,0,0,2,0,0,2,0,2,2,0,2,0,0,0,2,0,0,0,2,2,0,0,0,0,0,0,0,0,0,0,0,0,0,0,0,0,0,0,0,0,2,0,0,0,0,0,0,0,0,0,0,0,2,2,0,2,0,0,2,0,2,0,2,2,0,0,2,2,2,0,0,0,0,0,0,0,0,0,0,2,0,0,0,0,0,0,0,0,0,0,0,0,2,0,0,0,0,2,0,0,2,0,0,0,2,0,0,2,0,2,0,0,2,0,0,0,2,0,0,0,0,0,2,0,0,0,2,0,0,0,0,0,0,0,2,2,2,0,0,0,0,2,0,0,0,2,0,2,0,2,2,0,0,0,0,2,2,0,0,0,2,0,0,0,0,0,0,0,0,2,0,0,0,0,0,0,0,0,0,0,0,0,0,0,0,0,2,0,0,0,0,0,0,0,2,0,0,2,0,0,0,2,0,2,0,2,0,0,2,2,2,0,0,2,0,2,2,2,0,0,0,2,2,2,0,0,0,0,0,0,0,2,2,0,0,2,0,0,0,0,0,0,0,2,2,0,0,0,2,2,0,0,2,2,0,0,0,0,0,0,0,0,0,2,2,2,2,0,2,0,0,0,0,2,0,0,2,0,2,0,0,0,2,0,0,0,0,0,0,0,0,0,2,0,0,0,0,0,0,0,0,2,0,0,0,0,0,0,0,0,2,0,0,0,0,0,0,0,0,0,2,0,0,2,0,0,0,2,0,0,0,0,0,2,0,0,0,2,2,0,0,2,0,0,0,0,0,0,2,0,0,0,0,0,2,0,0,2,0,2,0,0,2,0,0,0,0,0,0,0,0,2,0,0,0,0,2,2,0,0,0,0,0,0,0,0,2,0,0,0,2,0,0,0,0,0,0,0,2,0,0,0,0,0,0,0,0,0,0,0,2,0,0,2,0,0,0,0,0,0,0,2,2,0,2,0,2,0,2,0,0,2,0,2,0,2,0,0,2,2,0,0,0,0,2,0,0,0,0,0,0,0,0,0,0,0,0,0,0,2,0,0,0,2,2,0,2,0,2,0,0,0,0,0,0,2,0,2,0,2,0,0,0,2,0,0,0,0,0,0,0,2,0,0,0,0,2,0,2,0,0,0,0,0,0,0,0,0,0,2,2,0,0,0,0,0,2,2,0,0,0,0,0,2,0,0,2,0,0,0,0,0,0,0,0,0,0,0,0,0,0,0,0,0,2,0,0,0,0,0,2,0,2,0,0,0,2,0,2,0,0,0,0,2,0,0,2,0,2,2,2,2,2,2,0,2,0,0,0,2,0,0,2,2,0,2,2,0,0,2,0,0,2,0,0,0,0,0,0,0,0,2,0,0,0,0,2,0,0,0,0,0,2,0,0,0,2,0,2,0,0,0,0,0,0,0,0,0,NA,0,0,0,0,0,2,0,0,0,2,0,0,0,0,0,0,0,0,0,0,0,2,0,2,2,0,2,0,0,0,0,0,0,0,0,0,0,0,0,0,0,0,0,2,0,2,0,2,0,0,0,0,0,2,0,0,0,0,2,0,0,2,0,0,2,0,2,0,0,2,0,0,0,0,0,0,2,0,0,2,2,0,0,0,0,0,0,0,2,0,0,0,2,2,2,0,2,0,0,0,0,0,0,0,2,0,0,0,0,2,0,0,0,2,2,0,0,0,0,2,0,2,0,0,0,0,0,0,0,2,0,0,2,0,0,0,0,0,0,0,0,2,0,0,2,0,0,0,0,0,0,0,0,0,0,0,2,0,2,0,0,0,0,0,0,2,0,2,0,0,2,0,0,0,0,2,0,0,0,0,0,0,0,0,0,0,0,0,0,0,0,0,0,0,0,2,0,0,2,0,0,0,0,0,0,0,2,0,0,0,2,2,0,0,2,2,0,0,0,0,0,0,0,0,0,0,0,0,0,0,0,0,0,0,0,0,0,0,2,2,0,0,0,0,0,0,0,0,0,0,0,2,0,0,0,0,0,0,2,0,0,0,0,0,0,2,2,0,0,0,0,0,0,0,0,0,0,0,0,0,0,0,0,0,0,0,0,0,0,0,0,0,0,0,0,2,2,2,0,0,0,0,2,0,0,0,0,0,0,0,0,2,0,2,2,0,2,0,0,0,0,0,0,0,0,0,0,0,2,0,2,0,2,0,0,0,2,0,0,0,2,0,2,0,2,2,0,0,0,0,2,0,0,0,0,0,0,0,0,0,0,0,0,2,2,0,2,0,0,0,0,0,2,0,2,0,0,0,0,0,0,0,0,0,2,0,0,2,2,0,0,0,2,0,0,0,2,2,2,0,0,0,2,0,2,0,0,0,0,0,2,0,2,0,0,0,0,0,0,0,2,0,0,2,0,2,0,2,0,2,2,0,0,0,0,0,0,2,0,0,0,0,2,0,0,2,2,0,0,2,0,0,0,0,2,0,0,0,0,0,0,0,2,2,0,NA,2,0,0,0,0,2,2,0,0,2,0,2,0,0,0,0,0,0,0,0,2,0,0,0,0,2,0,2,2,0,2,0,0,0,2,0,0,2,0,2,0,2,0,0,0,0,2,0,0,0,0,2,0,0,0,0,0,2,0,0,2,2,0,0,2,2,2,2,0,0,2,0,0,0,0,0,0,0,2,0,0,0,2,0,0,0,2,0,0,2,2,0,0,0,2,2,0,2,0,0,0,0,0,2,2,2,0,2,0,0,0,0,0,0,0,0,0,2,0,0,0,2,2,2,0,0,0,0,0,0,0,0,2,0,0,0,0,2,2,0,0,0,0,0,0,0,0,2,0,2,0,0,0,2,0,0,0,0,0,0,2,0,0,0,2,2,0,0,0,0,0,0,2,0,0,0,0,2,0,0,0,0,0,0,0,0,0,0,0,0,0,0,2,0,0,0,0,0,0,0,0,0,2,0,0,2,2,0,0,0,0,0,0,0,0,0,2,2,0,0,0,0,0,0,2,0,0,0,2,0,0,0,NA,0,NA,0,0,0,0,0,0,0,0,0,0,0,0,0,0,2,0,0,2,0,2,0,0,2,0,2,2,0,2,0,0,0,2,0,0,0,0,0,2,0,0,0,2,0,0,0,0,0,0,0,0,2,0,0,0,0,0,0,0,0,0,0,0,0,0,0,0,0,0,0,0,0,0,0,0,0,0,0,0,0,0,0,0,0,0,2,0,2,0,0,0,2,2,2,2,0,2,0,0,0,2,0,0,0,0,0,0,0,0,0,0,2,0,0,0,0,0,0,2,2,0,0,0,0,0,0,2,2,0,0,0,0,0,0,0,0,0,0,0,2,0,0,0,0,0,0,0,0,2,0,0,0,0,0,0,0,2,0,0,2,0,2,0,0,0,0,0,0,0,0,0,0,NA,2,0,2,0,0,2,0,0,0,0,0,0,0,2,0,0,0,0,0,0,0,0,0,0,0,0,0,2,0,0,0,0,2,0,0,0,0,0,0,0,0,0,0,0,2,0,0,0,0,0,2,0,0,0,0,0,0,0,0,0,0,0,0,0,0,0,0,0,0,0,0,0,0,2,2,2,0,0,0,2,0,0,0,0,0,0,0,0,0,0,2,2,0,0,0,0,0,0,0,2,0,0,0,0,0,0,0,0,0,0,0,0,0,2,2,0,0,0,0,0,0,0,0,0,0,0,0,0,2,0,0,0,2,0,2,0,0,0,0,0,0,0,0,0,0,0,2,2,0,0,0,0,0,0,0,0,0,0,0,0,0,0,0,0,0,2,0,0,0,0,0,0,0,2,0,0,0,0,0,2,0,0,0,0,0,2,0,0,0,2,0,0,0,0,0,2,0,0,0,0,0,0,2,0,0,0,0,0,0,0,0,0,0,2,0,0,0,0,0,0,0,0,0,0,0,0,0,0,0,0,0,2,0,0,0,0,2,2,0,2,0,0,0,0,0,2,0,2,0,0,0,2,2,0,0,0,0,0,0,0,2,2,0,0,0,0,0,0,0,0,0,2,2,2,0,0,0,0,2,0,0,0,0,0,NA,2,0,2,0,2,0,0,0,2,0,0,0,2,0,0,0,0,0,0,2,0,0,0,0,2,0,0,0,0,0,0,0,0,0,2,0,0,0,0,0,0,2,0,0,0,0,0,0,0,0,0,0,0,0,0,0,0,0,0,0,0,0,0,0,2,2,0,0,0,0,0,0,0,2,2,2,0,0,0,0,0,0,2,0,0,0,0,0,0,0,0,0,2,0,0,2,2,0,0,0,0,0,2,0,0,0,0,0,0,0,0,0,0,2,0,0,0,0,2,0,0,0,2,0,0,0,0,0,0,0,2,0,0,0,0,0,0,0,2,0,0,0,0,0,0,0,0,0,0,0,0,2,0,0,0,0,0,0,0,0,0,0,0,0,2,0,0,0,0,0,0,0,0,0,0,0,0,0,0,0,0,0,0,0,0,0,2,2,0,2,0,0,0,0,0,2,2,0,0,0,0,0,0,2,0,0,0,0,0,2,0,0,0,0,0,0,0,0,0,0,2,0,0,0,0,0,0,0,0,0,0,0,0,0,0,0,0,0,0,0,0,0,0,0,2,0,0,0,0,0,0,2,0,2,2,0,0,0,0,0,0,0,0,0,0,0,0,0,0,2,0,0,0,0,0,0,0,0,0,0,0,0,0,0,0,0,0,0,0,0,0,0,0,0,0,0,0,0,0,0,0,0,0,0,2,0,0,0,0,0,0,0,0,0,0,0,0,0,0,0,0,0,0,0,0,0,0,0,0,0,0,0,0,0,0,0,2,0,2,0,0,0,0,0,0,2,0,0,0,0,0,0,0,2,0,0,0,0,0,0,0,0,0,0,0,0,0,0,0,0,0,0,2,2,2,0,0,0,0,0,0,0,0,0,0,0,0,0,0,0,0,0,0,0,0,0,0,2,0,0,0,0,0,0,0,0,0,0,0,2,0,0,0,0,0,0,0,0,0,0,0,0,2,2,0,0,0,2,0,0,2,0,0,0,0,0,2,2,0,2,0,2,0,0,2,0,0,0,0,0,0,0,0,0,0,0,0,0,0,0,0,2,0,2,0,0,0,0,0,0,0,2,0,0,0,2,0,2,0,0,0,0,2,2,0,0,0,0,0,0,0,0,2,0,0,2,0,0,0,2,0,0,0,0,0,2,0,2,2,0,0,0,0,0,0,0,0,2,0,2,0,0,2,0,0,0,0,0,0,0,0,0,0,0,0,2,2,0,0,2,0,0,0,2,2,0,0,0,0,2,2,0,0,0,0,0,0,0,0,0,0,2,0,0,0,0,0,0,0,0,0,2,0,0,0,0,0,0,2,0,0,0,0,0,0,0,0,0,0,2,2,0,2,2,0,2,0,0,0,2,2,0,0,0,0,0,0,0,0,0,2,2,0,2,0,0,0,2,0,2,0,0,0,0,0,0,0,0,0,0,0,0,0,0,2,0,0,0,0,0,2,2,2,NA,0,2,0,0,0,0,0,0,0,0,0,0,0,0,0,0,0,0,0,0,2,2,0,0,0,2,0,0,0,0,0,2,2,0,2,0,2,0,2,0,2,0,0,0,2,0,0,2,2,0,2,0,0,0,0,0,0,0,2,0,0,0,0,0,0,0,0,0,0,0,0,2,0,0,2,0,0,0,0,0,2,0,0,0,0,2,NA,2,0,0,2,0,0,0,0,0,0,2,0,0,2,0,0,2,2,0,0,0,0,0,0,0,0,0,0,0,0,0,0,0,0,2,0,0,2,0,2,0,0,0,0,0,0,0,0,0,0,0,2,2,0,0,0,0,0,2,2,0,0,0,0,0,2,2,0,2,0,0,0,2,2,0,2,0,0,0,0,2,0,2,0,0,0,0,0,2,0,2,0,0,2,0,0,2,0,2,0,0,2,0,0,0,0,0,2,0,0,2,0,0,2,0,0,0,2,0,0,0,0,2,2,2,0,0,0,0,0,0,0,0,0,0,0,2,0,0,0,2,0,0,0,0,0,0,0,2,2,2,0,0,0,0,2,0,0,0,0,2,0,0,0,0,0,0,0,0,0,0,0,2,0,0,0,0,2,2,2,0,0,2,0,0,0,0,0,0,2,0,2,0,2,0,2,0,0,0,0,2,0,2,2,0,0,0,0,0,NA,2,2,0,0,0,2,0,0,0,2,0,2,0,2,2,0,2,2,0,0,0,0,0,0,0,0,0,0,0,0,0,0,0,2,0,2,0,0,2,0,0,0,0,0,0,0,0,2,0,2,0,0,0,0,0,0,0,0,0,0,2,2,0,2,0,2,2,0,0,0,0,0,0,0,0,0,2,2,2,0,0,0,2,2,0,0,2,2,2,2,0,2,0,0,0,0,0,2,0,0,0,0,0,0,0,2,0,2,0,0,0,2,0,0,0,0,0,NA,0,0,0,0,0,0,2,0,2,0,0,0,2,0,0,0,0,0,0,2,2,0,0,0,2,0,2,2,2,0,0,0,0,0,0,2,0,0,0,0,0,0,0,0,0,0,0,0,0,2,0,0,2,0,0,0,0,0,0,0,0,2,0,0,0,0,0,2,0,0,2,0,0,0,0,NA,0,0,2,0,0,0,2,0,0,0,0,0,0,0,0,0,0,0,0,0,0,0,0,0,0,0,0,0,0,0,2,0,2,0,0,0,0,2,0,0,0,2,0,0,0,0,0,2,0,0,2,0,2,0,2,0,0,0,0,0,0,0,0,0,2,0,0,2,0,2,0,2,0,2,0,0,2,0,0,0,0,0,0,0,0,0,2,2,0,2,2,0,0,0,0,2,0,0,0,0,0,0,0,0,0,0,2,2,0,0,0,0,0,0,2,0,0,0,0,0,0,0,0,0,2,0,2,0,0,0,0,0,2,0,0,2,2,0,0,0,0,2,0,0,0,2,2,0,0,0,0,0,0,0,0,0,0,0,0,0,0,2,0,0,0,0,0,2,0,0,0,0,0,0,2,2,0,0,0,0,0,0,0,0,0,2,0,0,0,2,0,0,0,0,0,0,0,2,0,0,0,0,0,0,0,0,0,2,0,0,0,0,2,0,0,2,0,0,0,0,0,0,0,0,2,0,0,0,0,2,0,2,0,0,0,0,2,0,2,0,0,0,0,2,0,0,0,0,0,0,0,2,0,0,0,0,0,0,0,0,0,0,2,0,2,2,0,0,2,0,0,0,0,0,0,0,0,0,0,0,0,0,2,0,0,0,0,0,0,2,0,2,0,0,0,0,0,2,0,0,0,0,0,2,0,0,2,2,0,0,2,2,0,2,2,2,2,0,2,2,0,2,0,0,2,0,0,0,0,0,0,0,0,0,2,2,0,0,0,0,2,0,0,0,0,0,0,0,0,0,0,0,0,0,0,0,0,0,0,0,2,0,0,2,0,0,0,0,0,0,0,2,0,0,0,0,0,0,2,2,0,0,0,0,0,2,0,0,2,0,0,0,0,0,0,0,0,0,2,0,0,0,0,0,0,2,0,0,0,0,0,0,0,0,0,0,0,0,0,0,2,0,0,0,0,0,0,0,0,0,0,0,0,0,0,2,0,0,2,2,2,2,0,0,0,0,2,0,2,0,0,0,0,0,0,2,2,2,2,2,2,0,0,0,0,0,0,2,2,0,2,0,0,2,2,0,0,0,2,0,0,0,0,2,0,0,0,0,0,2,0,0,2,0,0,0,0,2,2,0,0,0,0,0,0,0,0,0,0,2,0,2,0,0,0,0,2,0,2,0,0,0,0,0,0,0,0,0,0,0,0,0,0,2,2,0,0,0,0,0,0,2,0,0,0,0,0,0,0,0,0,0,0,0,2,2,0,2,0,0,0,0,0,0,0,0,2,0,0,0,2,0,0,0,0,0,0,0,0,0,0,2,0,2,0,0,0,0,0,0,0,0,0,0,0,0,0,0,0,2,0,0,0,2,0,NA,2,0,0,0,0,2,0,0,0,0,0,0,2,0,0,0,0,0,0,0,0,2,0,0,0,0,0,0,0,0,0,0,0,2,2,0,0,2,0,0,0,0,0,0,2,2,0,0,0,0,0,0,0,0,2,0,0,0,0,0,0,0,0,0,0,0,2,2,0,0,0,0,0,0,0,0,0,0,0,0,0,0,0,0,0,0,0,2,0,0,0,0,0,0,0,0,2,2,0,2,0,0,0,0,2,2,0,0,0,0,0,0,2,0,0,0,2,0,0,0,0,0,0,2,0,0,2,0,0,0,0,2,0,2,0,0,0,0,2,0,0,0,0,0,0,2,0,0,0,0,0,0,0,0,0,0,0
"CC174",0,0,0,0,2,0,2,0,0,0,0,0,0,0,0,0,0,0,0,0,0,0,2,0,0,0,0,0,0,0,0,0,0,0,0,2,0,0,2,0,0,0,0,2,0,0,0,0,0,0,0,0,0,0,0,0,0,0,0,2,0,0,0,2,0,0,0,0,0,0,2,0,2,0,0,0,0,0,0,0,2,2,0,0,0,0,0,2,0,2,2,2,0,0,0,0,0,0,2,2,0,0,0,0,0,0,0,0,0,2,0,2,0,0,0,2,0,0,0,0,0,0,0,0,0,0,2,0,2,0,0,0,0,0,0,0,0,0,0,NA,0,0,0,0,0,0,2,0,0,2,2,0,0,0,2,0,0,0,2,0,0,0,0,2,2,0,2,2,0,2,0,2,0,0,0,0,0,0,0,2,2,0,0,0,2,2,0,0,0,0,0,0,2,0,0,2,0,0,0,0,0,0,0,0,0,2,0,2,0,0,0,0,0,0,2,0,0,0,2,0,2,2,0,0,0,0,0,0,0,0,0,2,0,2,0,0,0,0,0,0,0,0,0,0,0,0,2,0,0,2,0,0,0,0,0,0,0,2,0,0,0,0,2,0,0,0,0,0,2,0,0,2,2,2,0,0,0,2,2,0,0,0,0,0,2,0,0,2,0,0,0,0,0,0,0,2,0,0,2,2,0,0,0,0,2,0,0,2,0,0,0,0,0,0,0,2,0,0,0,0,2,0,0,0,2,0,0,0,0,0,0,2,2,0,0,2,0,0,2,0,0,0,0,0,0,0,0,0,0,0,0,2,0,0,0,0,0,0,0,0,0,0,0,0,0,0,0,0,0,0,2,0,0,0,0,0,0,0,0,0,0,0,2,0,0,0,0,2,2,0,0,0,0,2,2,2,2,0,0,0,0,0,0,0,0,0,0,0,0,0,0,2,0,0,0,0,2,0,0,2,0,0,0,0,0,0,0,0,0,0,0,0,0,0,0,0,0,0,0,0,0,2,0,0,0,0,0,0,0,0,0,0,0,0,0,0,0,2,2,2,2,2,2,0,2,2,0,0,0,0,2,2,0,2,0,0,0,2,2,0,0,0,0,0,0,2,0,2,2,0,0,2,0,0,0,0,0,0,0,2,0,0,0,0,2,0,0,0,0,2,0,0,0,0,0,0,0,0,0,0,0,2,0,0,2,2,2,0,0,0,0,NA,0,0,2,0,0,0,0,0,0,0,0,2,2,0,2,0,0,0,0,0,0,0,0,0,0,2,2,0,0,2,0,2,0,0,0,0,0,0,0,2,0,0,0,0,0,0,0,2,0,2,0,0,0,0,2,0,0,2,0,0,2,0,2,0,0,2,0,0,0,0,0,2,2,2,0,2,0,0,0,2,0,2,0,0,0,0,2,0,0,2,0,2,2,0,0,0,2,0,0,0,0,0,0,0,0,2,0,0,0,0,2,2,0,0,0,0,0,0,0,0,0,0,2,0,0,0,0,0,0,2,0,0,0,0,0,0,0,0,0,0,0,2,0,0,0,0,0,0,0,0,0,0,0,0,0,0,0,0,0,0,0,0,0,0,2,0,0,0,0,0,0,0,0,0,0,0,0,0,0,0,0,0,0,0,0,2,2,0,0,0,0,0,0,2,0,0,2,0,2,0,0,0,2,0,0,0,0,0,0,0,0,0,0,0,0,0,0,0,0,0,0,0,0,0,0,2,0,0,2,0,0,2,0,0,0,0,0,0,2,0,0,0,2,0,2,0,2,0,0,2,0,0,0,0,0,0,0,0,0,0,0,2,0,0,2,0,0,0,0,0,2,0,2,0,2,0,0,2,0,0,0,0,0,0,0,0,0,0,0,0,2,0,0,0,0,0,0,0,0,2,0,0,0,0,0,0,0,0,0,2,0,0,0,0,0,2,0,2,0,0,2,2,2,0,0,0,0,0,0,0,0,0,0,0,0,2,0,0,0,0,0,2,0,0,0,0,2,0,0,2,0,0,0,0,0,0,0,0,0,0,0,0,0,0,0,0,0,0,0,0,0,0,0,0,0,0,0,0,0,0,0,0,0,NA,0,2,0,0,0,NA,0,2,0,0,0,0,0,0,2,2,0,2,2,0,0,0,0,0,2,0,0,0,0,0,0,0,0,0,0,0,0,0,0,0,2,0,0,0,0,0,0,0,0,0,0,0,0,0,2,0,0,2,0,0,0,2,0,0,2,0,0,0,2,0,0,0,0,0,0,0,0,0,0,0,2,0,0,0,0,0,0,0,0,0,0,0,2,0,0,0,0,0,2,0,0,0,0,0,0,0,0,0,0,0,0,0,0,0,0,0,0,0,2,0,0,0,2,0,0,0,0,0,0,2,0,0,2,0,2,0,0,0,0,2,0,0,2,0,0,0,0,2,0,0,0,2,0,0,0,0,0,0,0,2,0,0,2,0,2,0,0,0,0,0,2,0,2,2,0,2,2,0,0,2,0,0,0,2,0,0,0,0,0,0,NA,2,2,2,2,2,0,0,0,0,0,0,0,2,0,0,0,0,0,0,0,0,0,0,2,0,2,2,0,0,0,0,0,0,0,2,0,0,2,0,0,2,2,2,0,0,0,0,0,0,0,0,0,2,2,2,0,0,0,0,0,0,2,0,0,0,0,0,0,0,0,0,0,0,0,0,0,0,0,2,0,0,0,0,0,0,0,0,0,0,0,0,0,0,0,0,0,0,0,0,0,0,0,0,2,0,2,0,0,0,0,0,0,0,0,0,0,2,0,0,2,2,0,0,0,2,2,2,0,0,0,0,0,2,2,2,0,0,0,0,2,0,0,0,0,0,0,0,0,0,0,0,0,0,0,0,0,0,2,0,0,0,0,0,2,0,0,0,0,0,0,0,2,0,0,0,2,0,0,0,0,0,0,0,0,0,2,0,0,0,0,0,0,0,0,0,0,2,2,2,0,0,0,0,0,0,0,0,0,0,0,0,0,0,0,0,2,2,2,0,2,0,0,2,0,0,0,0,0,0,0,2,0,2,0,0,0,0,0,0,0,0,2,0,2,0,0,0,0,0,0,0,2,0,0,0,0,0,0,0,0,0,2,0,0,0,0,0,0,0,2,0,0,0,0,0,0,0,0,0,0,0,0,0,0,0,0,0,2,0,0,0,0,0,0,0,0,0,0,0,0,0,0,0,0,0,0,0,2,0,0,0,0,0,0,0,0,0,2,0,0,0,0,0,0,2,0,0,0,0,0,0,0,0,0,0,0,0,0,0,0,0,2,0,0,0,0,0,2,0,0,0,0,2,0,0,0,0,2,0,0,0,0,0,0,0,0,0,0,2,0,0,0,0,0,0,0,0,0,0,0,0,0,0,0,0,0,2,0,0,0,0,0,0,0,0,0,0,0,0,0,0,0,0,0,2,0,0,0,0,0,0,0,0,2,0,2,0,0,0,0,0,0,0,0,0,0,0,0,0,0,0,2,0,2,0,0,0,2,0,0,0,0,2,0,0,0,0,0,0,0,2,0,2,0,0,0,2,0,0,0,2,0,0,0,0,2,0,0,0,0,0,0,0,0,0,0,2,0,2,0,0,0,2,0,0,0,0,0,0,0,2,0,0,0,0,2,0,0,2,0,0,0,0,0,0,0,2,0,0,0,2,0,2,0,0,0,2,0,0,2,0,0,0,0,0,0,0,0,0,0,0,2,0,0,0,0,0,0,0,NA,0,0,0,2,0,0,0,0,2,0,2,0,0,0,0,0,0,0,2,0,0,0,0,2,0,0,2,0,2,0,0,0,2,0,0,0,2,0,2,0,2,0,0,2,0,2,0,0,0,0,0,0,0,2,0,0,0,0,0,0,0,2,0,0,0,0,0,2,0,0,0,2,0,2,0,0,0,2,0,0,0,0,2,0,2,2,2,0,2,0,2,0,0,0,0,2,0,0,0,0,0,0,0,0,0,0,2,2,0,0,0,0,0,0,0,2,2,0,0,2,0,0,0,0,0,0,2,2,0,0,0,0,0,0,0,0,0,0,0,0,0,2,0,0,0,0,0,0,0,0,0,0,0,0,0,0,0,0,0,2,0,2,0,0,0,0,2,0,2,0,0,0,0,0,0,0,0,0,0,0,0,0,0,2,2,0,0,0,0,0,0,2,0,0,0,0,0,0,0,0,0,0,0,0,0,0,2,0,0,0,0,0,0,0,0,0,0,2,0,0,0,2,0,0,0,0,0,2,0,0,0,0,0,0,0,0,0,0,0,0,0,0,0,0,0,0,0,0,0,2,0,0,0,0,0,0,0,0,0,0,0,2,0,0,0,0,0,0,2,0,0,0,0,2,0,0,2,0,0,0,0,0,0,0,2,2,0,2,0,2,0,2,0,0,0,0,0,0,0,0,0,0,0,0,0,0,0,2,0,2,0,0,0,0,0,0,0,2,2,0,0,0,0,0,0,0,0,0,2,0,0,0,2,0,0,0,0,0,2,0,0,0,0,0,0,0,0,0,0,0,0,0,0,0,0,0,0,2,0,0,2,0,0,0,2,0,0,0,0,0,0,0,2,0,0,0,0,0,0,2,0,2,0,0,0,0,2,0,0,0,0,0,0,0,0,0,0,0,0,0,2,0,0,0,0,0,0,0,0,0,0,0,0,2,0,2,0,0,0,2,0,2,0,0,0,0,0,0,0,0,0,2,2,0,0,0,0,0,0,0,0,0,0,0,0,2,2,0,0,0,2,0,0,0,0,2,2,0,0,0,0,2,0,0,0,0,0,0,0,2,2,0,0,0,0,2,0,0,0,0,2,0,0,2,0,0,0,0,0,0,0,0,0,2,0,0,0,0,0,2,0,0,0,0,2,0,0,0,0,2,0,0,2,0,0,0,2,0,2,0,0,0,2,0,0,0,0,2,0,0,0,0,2,0,2,2,0,2,0,0,2,0,0,0,0,2,0,0,2,2,0,0,0,2,0,2,2,0,2,0,0,2,0,2,0,0,0,0,2,0,0,2,2,0,0,0,0,0,2,0,2,0,0,0,2,2,0,2,0,0,0,0,2,0,0,0,0,0,0,2,0,0,0,0,0,0,0,2,0,0,0,2,0,0,0,2,0,0,0,0,0,2,0,2,2,0,0,2,2,0,0,0,0,0,0,0,2,0,2,2,0,0,2,0,0,0,2,0,0,0,0,0,0,0,2,0,0,2,0,2,0,0,0,2,2,0,0,2,0,0,0,0,0,0,0,0,2,0,0,0,0,0,0,2,0,0,0,2,0,0,0,0,0,0,0,0,0,0,2,0,0,0,0,0,0,0,0,0,2,0,0,0,0,0,0,0,0,0,2,0,0,0,0,0,0,2,0,0,0,0,2,0,2,0,2,0,0,2,2,0,0,2,0,0,0,0,0,0,0,2,2,0,0,2,0,2,0,2,2,0,0,0,0,0,0,0,0,0,2,0,2,0,0,2,0,0,0,2,2,0,0,2,0,0,0,0,2,0,0,0,0,2,0,0,0,2,0,0,2,2,0,0,0,0,0,0,2,2,2,0,2,0,0,0,0,2,0,0,0,2,0,2,2,2,2,0,0,0,0,0,0,2,0,0,2,2,0,0,0,2,0,2,0,0,0,2,0,0,0,0,0,0,0,0,0,2,0,0,2,0,0,0,2,0,0,0,2,0,2,0,0,0,0,2,0,0,2,0,2,2,2,0,0,0,0,0,0,0,2,0,0,0,2,0,2,0,2,2,2,0,0,0,2,0,2,0,0,0,0,0,0,0,2,0,2,0,0,2,0,0,0,2,2,0,0,2,0,0,0,0,0,0,2,0,2,0,0,2,0,0,0,2,2,0,0,0,2,0,0,0,0,0,0,0,0,0,0,2,2,0,2,0,0,0,0,0,0,0,0,2,0,0,0,0,0,0,0,0,2,2,0,2,0,2,0,0,0,0,0,0,0,0,0,0,0,2,2,0,0,0,2,0,0,0,2,0,2,0,2,0,2,0,0,0,0,2,0,0,2,0,0,0,2,2,0,0,0,0,0,2,2,0,2,0,0,2,0,2,0,0,2,0,0,2,2,0,0,0,0,0,0,0,2,0,2,2,0,0,0,0,0,0,0,0,2,0,0,0,0,0,0,0,0,2,0,0,0,0,0,2,0,0,0,0,0,0,0,0,0,0,0,0,0,0,0,2,0,0,0,2,0,0,0,2,0,2,0,0,0,0,2,0,0,0,0,0,0,0,0,0,0,0,2,0,0,0,0,0,2,0,0,0,0,0,0,0,0,0,0,2,0,0,0,0,0,0,0,0,2,0,2,0,2,2,0,0,0,2,0,0,2,0,0,2,2,2,2,0,0,0,0,0,0,2,0,2,2,0,0,2,0,0,2,0,0,0,2,0,0,2,0,2,2,0,2,0,0,0,0,0,0,0,0,0,0,2,2,0,0,0,0,0,0,0,2,0,2,0,0,2,0,2,0,2,2,0,2,0,2,2,0,0,0,0,2,2,0,0,2,0,2,0,0,0,0,0,0,0,2,0,0,0,2,0,0,2,0,2,2,0,2,0,2,0,2,0,0,0,NA,2,2,2,0,0,0,0,2,2,2,0,2,0,0,0,0,0,0,0,0,2,0,0,2,0,0,0,0,0,2,0,2,0,0,0,0,0,0,0,0,0,2,2,2,0,2,2,2,2,0,2,0,0,0,0,0,0,0,0,0,0,0,0,0,0,0,0,0,0,0,0,0,0,0,0,0,0,0,0,0,2,0,2,0,0,0,0,0,0,0,2,2,0,0,0,2,0,0,0,0,0,0,0,0,0,0,0,0,0,0,0,0,2,0,0,0,0,0,0,2,0,0,0,2,0,0,2,0,0,0,0,0,0,0,0,0,0,0,0,0,0,0,0,0,0,0,0,2,0,0,2,0,0,0,0,0,0,2,2,0,0,0,2,0,0,0,0,0,0,0,0,0,0,0,0,0,2,0,2,2,0,2,2,0,0,0,0,2,0,0,0,2,2,0,0,2,0,0,2,0,0,2,2,2,0,0,0,2,0,0,2,0,0,0,0,0,0,0,0,0,0,0,0,0,2,0,0,NA,2,0,0,0,0,2,2,0,0,0,0,0,0,0,0,0,0,0,0,0,0,0,0,0,0,0,0,0,0,0,0,0,0,2,0,0,0,2,0,2,0,2,0,0,0,2,0,0,0,0,0,0,0,2,0,0,0,0,0,0,0,0,0,0,0,0,0,0,0,0,0,0,0,0,2,0,0,0,0,0,0,2,0,2,0,0,0,0,0,2,0,2,0,0,0,0,0,0,0,0,0,2,0,0,2,2,0,2,0,0,0,0,0,2,0,0,0,0,0,2,0,2,0,0,0,0,0,0,0,0,2,0,0,0,2,NA,0,0,0,2,0,2,0,0,0,0,2,0,2,0,0,0,NA,2,2,0,0,0,2,0,0,0,0,0,0,0,0,0,0,0,2,0,2,0,0,0,0,0,0,0,0,0,0,0,2,0,0,0,0,2,2,0,0,0,2,2,0,0,0,0,0,0,0,0,0,0,0,2,0,0,0,0,0,0,0,0,0,2,2,0,0,0,0,0,0,2,2,0,0,2,0,0,2,0,0,0,2,2,0,2,0,0,2,0,0,2,0,0,2,2,0,0,2,0,2,0,0,0,0,0,0,0,0,0,0,2,2,0,0,0,0,2,0,0,0,0,0,0,0,0,0,2,2,2,0,0,0,0,0,0,0,2,0,0,0,0,2,2,2,0,0,0,0,0,0,0,0,0,2,2,2,0,0,2,2,2,0,0,0,2,2,0,0,0,2,2,2,0,0,0,2,2,0,2,2,0,0,2,2,2,0,2,2,0,0,0,2,0,2,2,0,2,0,0,0,0,2,2,0,0,2,0,2,0,NA,2,2,0,0,0,2,0,0,2,2,0,0,0,0,0,0,0,0,0,2,2,2,0,0,0,0,2,2,0,0,2,0,0,0,0,0,0,0,0,2,0,2,2,0,2,0,0,2,0,0,0,0,0,2,0,0,0,0,0,2,0,0,0,0,0,0,0,0,0,2,0,0,0,0,0,0,0,0,0,0,0,2,0,0,0,0,0,0,0,2,0,0,0,2,0,0,2,0,0,0,0,0,0,2,0,0,0,0,0,0,2,0,0,0,0,0,0,0,0,0,0,0,0,0,0,0,0,0,2,0,0,0,0,2,2,0,0,0,0,0,0,0,0,0,0,0,0,0,0,0,0,0,0,0,0,0,0,0,0,2,0,0,2,0,0,0,0,0,0,0,2,2,0,0,0,0,0,0,0,0,0,0,2,0,0,0,0,2,0,0,0,0,0,0,0,0,2,0,0,0,0,0,2,0,0,0,0,0,0,0,2,2,0,0,0,2,0,0,2,0,0,0,0,0,2,0,0,0,0,0,0,2,2,0,0,0,0,0,0,0,2,0,0,0,0,2,2,0,0,0,0,0,0,0,0,0,0,0,0,0,0,0,0,0,0,2,0,0,0,0,2,0,0,0,0,2,0,0,0,0,0,0,0,0,0,0,0,2,0,0,0,0,0,2,0,0,2,0,0,0,0,0,0,0,0,2,0,2,0,0,0,0,0,0,0,0,2,0,0,0,0,2,2,0,2,0,0,2,0,0,0,2,0,0,0,0,0,2,2,0,0,0,0,0,2,0,0,0,0,0,0,2,0,0,2,0,0,0,0,0,0,0,2,0,0,0,2,0,0,0,0,0,0,0,0,0,0,2,0,0,0,0,0,0,2,0,2,0,0,0,0,0,0,0,2,0,0,0,0,0,2,0,0,0,0,0,0,0,0,0,0,0,0,0,0,0,0,0,0,0,0,0,2,2,0,2,2,0,0,0,0,NA,2,0,2,0,0,0,0,0,2,0,0,0,0,0,0,0,0,0,0,0,2,2,0,0,0,0,0,0,0,0,0,2,2,0,0,0,2,0,0,0,0,0,2,0,2,0,2,0,0,0,2,0,0,0,0,0,2,0,0,0,2,0,0,2,0,0,0,0,0,0,0,0,0,0,0,0,2,0,0,0,0,2,0,2,0,2,NA,2,0,2,0,0,0,2,0,0,2,2,2,0,0,2,0,0,2,0,0,0,0,0,2,0,0,2,0,0,0,0,0,0,0,2,0,0,0,0,2,0,0,0,0,2,2,2,0,0,0,0,0,0,0,0,0,0,2,0,0,0,0,0,2,0,2,2,0,0,0,0,2,0,0,0,0,NA,0,0,0,0,0,0,0,2,2,0,0,0,2,0,0,0,2,2,0,2,2,0,0,0,2,0,0,2,0,0,0,0,2,0,0,0,0,0,0,0,0,2,0,0,0,2,2,0,0,0,0,0,0,0,0,0,0,0,0,0,0,2,0,2,2,0,0,0,0,2,0,0,0,2,0,0,0,0,2,0,0,0,0,0,0,0,0,0,2,0,0,2,0,0,0,0,0,0,0,0,2,2,0,0,0,0,0,0,0,0,0,0,0,2,0,2,0,2,0,0,0,0,2,0,0,2,2,0,0,0,0,0,2,0,0,0,0,0,2,0,0,0,0,0,2,2,0,0,2,0,0,0,0,0,0,0,0,0,2,0,0,0,0,0,0,0,0,0,0,0,0,0,0,0,0,0,0,0,0,0,0,0,2,0,0,0,0,0,0,0,0,0,0,0,2,2,2,0,0,2,0,0,0,0,0,0,0,0,0,2,2,2,0,0,0,2,0,0,0,2,2,2,2,0,0,0,0,0,0,0,0,0,2,0,0,2,0,0,0,0,0,0,2,2,0,0,0,0,0,0,0,0,0,0,0,0,0,0,0,0,0,0,0,0,0,2,0,2,0,0,2,2,0,0,2,2,0,0,0,0,0,0,0,0,0,0,0,0,0,0,0,0,0,0,2,0,0,0,0,0,0,2,0,2,0,0,0,2,2,0,0,0,0,2,0,0,2,0,0,2,0,0,0,0,2,0,2,2,0,2,0,0,0,0,0,2,0,0,0,0,0,2,2,0,0,0,0,2,0,0,0,2,2,0,0,0,0,0,0,0,0,0,0,2,0,0,2,0,2,0,0,0,2,0,2,0,0,0,0,2,0,0,0,0,0,0,0,0,0,2,2,0,0,0,2,0,2,0,0,0,2,0,0,2,0,2,0,0,0,0,0,0,0,0,2,0,0,2,0,2,0,0,0,0,2,0,0,0,0,0,0,0,0,0,0,2,0,0,0,0,0,0,0,0,0,2,0,2,2,0,0,0,0,2,0,0,0,2,0,0,0,0,0,0,0,0,0,0,0,0,0,0,0,0,0,0,0,0,0,0,0,0,0,0,0,0,0,0,2,0,0,0,0,0,2,0,0,0,0,0,0,0,0,0,0,0,0,2,0,0,0,2,0,0,0,0,0,2,0,0,0,0,0,2,2,2,0,2,0,0,0,0,0,0,NA,0,0,0,0,2,0,0,2,0,0,0,0,0,0,2,0,2,0,2,2,0,2,0,2,0,0,0,2,0,0,0,2,0,0,0,0,0,0,0,0,0,2,0,0,0,0,0,0,0,0,0,0,0,0,0,0,0,0,2,0,2,0,0,0,0,0,0,0,0,0,2,0,0,0,0,0,0,0,2,2,0,NA,0,0,0,0,2,0,0,0,0,2,0,2,0,0,0,0,2,0,0,2,2,0,0,2,2,2,2,0,2,2,0,2,0,0,0,0,2,2,0,0,0,0,0,0,2,0,2,0,0,0,2,0,2,0,0,0,0,0,2,2,2,0,0,0,0,2,0,2,2,0,0,0,0,2,0,0,0,0,0,0,0,2,0,0,0,2,0,2,0,0,0,0,2,0,2,0,0,0,0,0,0,0,2,0,0,0,0,2,0,0,2,0,2,0,0,0,0,0,0,0,0,0,0,0,0,0,0,0,2,0,0,2,0,0,0,2,0,2,2,0,0,0,0,0,2,2,2,0,0,2,2,2,0,0,0,0,0,2,2,0,0,0,0,0,2,2,0,2,0,0,2,0,0,2,2,0,0,0,2,0,0,2,2,0,0,0,2,0,2,0,0,0,0,0,0,0,2,0,0,0,2,0,0,0,0,2,2,0,0,0,2,0,2,0,0,0,0,2,2,0,2,0,NA,2,0,2,2,0,0,0,2,0,0,0,2,0,0,0,2,0,0,2,2,0,0,0,0,0,0,0,0,2,2,2,2,0,2,0,0,0,0,2,2,0,2,2,0,2,0,0,0,0,2,0,0,0,0,2,0,0,2,0,0,0,0,0,2,0,2,2,0,0,0,0,0,0,0,0,0,0,0,0,0,0,0,2,0,0,0,0,0,0,0,2,0,0,0,2,0,0,0,0,0,0,0,0,0,0,2,0,0,0,2,0,0,0,NA,0,0,0,0,0,0,0,0,2,0,0,0,2,0,0,0,2,0,2,0,0,0,0,0,0,0,0,0,0,0,0,0,0,0,0,0,0,0,0,0,0,0,0,0,0,2,2,0,0,0,0,0,0,0,0,0,0,0,0,0,2,0,0,0,0,0,0,0,0,0,0,0,0,0,0,2,2,0,2,0,0,2,0,0,2,0,0,2,0,0,0,0,0,0,0,0,0,0,0,0,0,0,0,0,2,0,0,0,0,0,0,0,0,0,0,0,0,2,0,0,0,0,0,0,2,0,2,0,0,0,0,0,0,0,0,0
"CC175",0,0,0,0,2,0,0,0,0,0,0,0,0,0,0,0,0,0,0,2,2,0,0,0,0,0,0,0,0,0,0,2,0,0,0,2,0,0,0,0,0,0,0,2,2,0,0,2,2,0,0,2,0,2,0,0,2,0,0,0,0,0,0,2,0,0,0,0,0,0,2,0,0,0,0,0,0,0,0,2,0,2,0,0,0,2,0,2,0,0,0,0,0,0,0,0,0,0,0,0,2,2,0,0,2,2,0,0,0,0,0,2,0,0,0,0,0,0,0,0,0,0,0,0,0,0,0,0,2,0,0,0,0,0,0,0,0,0,0,0,0,0,0,0,0,0,0,2,0,0,2,0,0,0,0,0,0,0,0,0,0,0,0,0,0,0,2,0,0,0,0,0,0,0,0,0,2,0,2,0,0,0,2,0,2,2,0,0,0,0,0,0,2,0,0,0,0,0,2,0,0,0,0,2,0,0,0,0,0,0,0,0,0,2,0,2,0,0,0,0,0,0,0,0,0,0,0,2,0,0,0,0,0,0,0,0,0,0,0,0,0,2,0,0,0,0,0,0,0,2,0,0,0,0,0,0,0,2,0,0,0,0,2,0,0,0,2,0,0,0,0,0,0,2,0,0,0,0,0,0,0,0,0,0,0,0,0,0,0,0,0,0,0,0,0,0,0,0,0,0,0,0,0,2,0,0,0,2,0,0,0,0,0,0,0,0,0,2,0,0,0,0,0,0,2,0,0,0,0,0,0,0,2,0,0,2,0,0,0,0,0,0,0,0,0,0,0,0,0,0,0,0,0,0,0,0,0,0,0,0,0,0,0,0,0,0,0,0,0,0,0,0,0,0,2,2,0,0,0,2,0,2,0,0,0,0,2,0,0,0,0,0,0,0,0,0,0,0,0,0,0,0,0,0,0,0,0,0,0,0,0,0,0,0,2,0,0,2,0,0,0,0,0,0,0,0,0,2,0,2,2,0,0,0,0,2,2,0,0,0,0,0,2,0,0,2,0,2,0,0,0,0,0,0,0,0,0,0,0,2,2,0,0,2,2,2,0,2,0,0,2,0,0,2,0,0,0,2,0,0,0,0,0,0,0,0,0,2,0,2,0,2,0,2,2,2,0,0,0,0,0,0,0,0,0,0,0,0,2,2,0,2,0,2,0,2,2,0,0,0,2,0,0,0,2,2,2,2,0,0,0,2,0,0,0,2,0,2,2,0,2,0,0,0,0,0,2,0,0,2,0,0,0,2,0,0,0,2,0,0,0,2,0,2,0,0,0,0,0,2,0,2,0,0,0,0,0,2,0,2,0,2,0,0,0,2,0,0,0,0,0,0,0,0,2,0,2,2,2,0,0,0,2,0,0,0,0,0,0,0,0,0,0,0,2,0,2,0,0,0,0,0,0,2,0,0,0,0,0,0,0,0,0,0,2,0,0,0,0,2,0,0,2,2,0,0,0,0,0,2,0,0,0,0,0,0,2,0,0,0,2,0,0,0,0,0,0,0,2,0,0,0,0,2,0,0,0,0,0,0,0,0,0,0,0,0,0,0,0,0,0,0,0,0,0,0,0,2,2,0,0,0,0,0,0,0,0,0,2,0,0,2,0,0,0,0,2,0,0,0,0,2,0,0,0,2,0,0,2,0,0,0,0,0,0,0,0,0,0,0,0,0,2,0,0,0,0,0,2,0,0,0,2,0,0,0,0,0,2,0,2,0,0,0,0,0,0,0,2,0,0,0,0,2,0,0,0,0,0,0,0,0,0,2,0,0,0,2,2,0,0,0,0,2,2,0,0,0,0,0,2,0,0,2,0,0,0,2,0,0,0,0,0,0,0,0,0,0,0,0,0,0,0,0,0,2,0,0,0,0,0,0,0,0,0,0,0,0,0,0,2,0,0,0,0,0,0,2,0,0,0,0,0,2,0,0,0,0,0,2,0,2,2,0,2,2,0,0,2,2,2,0,0,0,2,0,0,0,0,0,0,0,0,0,2,0,2,0,0,2,0,0,0,0,2,0,2,2,0,0,0,0,2,0,2,0,0,2,2,2,0,0,0,0,0,0,2,0,0,2,2,0,0,0,0,0,0,0,2,0,0,0,0,0,0,0,0,0,0,0,0,0,0,2,0,0,0,2,2,0,2,2,2,2,0,0,0,0,0,0,0,0,0,0,0,0,0,0,0,0,0,2,0,0,0,2,0,2,0,0,0,0,2,2,0,2,2,0,0,0,0,0,0,0,0,0,2,2,0,0,0,2,0,2,0,0,0,2,0,0,0,0,0,0,0,0,2,2,0,0,0,0,0,0,0,0,0,0,0,0,0,0,2,0,2,2,0,0,0,2,0,0,0,0,0,0,2,0,2,0,0,0,0,0,0,0,0,2,2,2,0,0,2,2,0,0,0,2,0,0,2,0,2,0,0,2,0,0,0,0,0,0,2,0,0,0,2,2,2,0,0,2,2,0,0,2,0,0,2,2,0,0,2,0,0,0,0,0,0,0,2,0,0,0,0,0,2,0,0,0,0,0,NA,0,0,0,0,2,0,0,0,0,0,2,0,0,0,0,0,0,0,0,0,2,0,0,0,0,0,0,0,0,0,0,0,0,0,0,0,0,0,0,0,0,2,0,0,2,0,0,2,0,0,0,2,2,0,0,0,0,2,0,0,0,0,0,0,0,2,0,0,2,2,0,0,2,0,0,2,0,0,0,0,0,2,0,0,0,2,0,0,0,0,0,0,0,0,0,0,0,0,0,0,0,0,0,0,0,2,2,2,0,2,0,0,0,0,0,0,0,0,0,2,0,0,0,0,0,0,0,0,0,0,2,2,0,0,0,0,0,0,0,0,0,2,2,0,2,0,0,2,2,0,0,0,0,0,0,0,0,0,0,0,0,0,0,0,0,0,2,0,2,2,0,0,2,0,0,0,0,0,0,0,0,2,0,0,0,0,0,0,0,0,0,0,0,0,2,0,0,0,0,0,0,2,0,2,0,0,0,0,0,0,0,0,2,2,0,0,0,0,0,0,0,0,0,0,2,0,0,0,2,0,0,0,0,0,0,0,0,2,2,2,0,0,0,0,0,0,0,0,0,0,0,2,0,0,2,0,0,2,0,0,0,0,0,0,0,0,0,0,0,2,0,0,0,0,0,0,0,0,0,0,0,0,0,0,0,0,2,0,0,0,2,2,0,2,0,0,2,0,0,0,0,0,NA,0,0,0,0,0,0,0,0,0,0,0,0,0,0,0,0,0,0,0,0,0,0,2,0,0,0,0,2,2,0,0,0,0,0,0,0,0,0,0,2,0,0,0,0,0,0,0,0,2,0,0,2,0,2,0,0,2,0,0,0,0,0,0,0,2,0,0,0,0,0,0,0,0,0,2,0,0,0,0,0,0,0,0,2,0,0,0,0,0,0,0,0,0,0,0,0,0,0,0,0,0,0,0,0,2,0,0,0,0,0,2,0,0,0,0,0,0,0,0,2,0,0,2,2,0,0,2,0,0,0,NA,2,2,0,0,0,2,0,0,0,0,2,0,0,0,0,0,0,0,0,0,0,0,0,0,0,0,2,0,0,2,0,0,0,0,0,0,2,2,0,0,0,0,0,0,2,0,2,0,0,0,2,0,0,0,0,0,0,2,0,0,0,0,0,0,0,2,0,0,0,2,0,0,0,0,0,2,2,0,0,0,0,2,0,0,0,2,0,2,0,0,0,0,2,2,0,0,0,2,0,0,0,0,0,0,0,2,0,0,0,0,2,0,0,0,0,0,2,2,0,0,0,0,0,0,0,0,0,2,2,0,0,0,2,2,2,0,0,0,2,0,0,0,0,0,0,0,0,0,NA,0,0,2,0,0,0,0,0,0,0,0,0,0,0,0,0,2,0,2,0,0,0,2,2,0,0,0,0,0,2,0,0,0,0,2,0,2,0,0,0,0,0,0,0,0,0,0,0,0,0,0,0,0,0,2,0,0,0,0,0,0,0,0,2,0,0,0,0,0,0,0,2,0,0,0,0,2,0,2,2,0,0,0,0,0,0,0,0,0,0,0,0,0,0,0,0,0,0,2,0,2,0,0,0,2,0,2,0,0,0,0,0,0,0,0,0,0,0,0,0,0,0,2,2,0,0,0,0,0,0,0,2,2,2,0,0,0,0,2,0,0,0,0,2,2,0,0,0,0,2,0,0,0,0,0,0,0,0,0,0,0,0,2,0,0,2,0,0,0,0,0,0,0,0,0,2,0,2,2,0,0,0,2,0,2,2,2,0,0,0,0,0,0,2,0,2,0,2,0,2,0,0,0,0,0,0,0,0,0,0,0,0,0,0,0,0,0,0,0,0,0,2,0,0,0,0,0,0,0,0,0,2,0,0,0,0,0,0,0,0,0,0,0,2,0,0,0,0,0,0,0,0,0,0,0,0,0,0,2,0,0,2,0,0,0,0,0,0,0,0,0,0,0,0,2,2,0,0,0,0,2,2,2,0,0,2,0,0,0,0,0,0,0,2,2,0,0,2,0,0,0,0,0,2,0,0,0,0,0,0,2,0,0,0,0,0,0,0,0,2,0,0,0,0,0,2,0,2,0,0,0,0,0,0,0,0,0,0,2,0,0,0,0,0,0,0,0,0,0,0,0,0,0,0,0,0,0,0,0,0,0,0,0,0,2,0,0,0,0,2,0,0,0,0,0,0,0,0,0,2,0,0,0,0,0,2,0,0,2,0,0,0,0,0,0,2,0,2,0,2,0,0,0,0,0,0,2,2,2,0,0,0,0,2,0,0,0,0,2,0,0,0,0,0,0,0,0,0,0,0,0,2,0,2,0,0,0,0,0,2,0,0,0,2,0,2,0,0,2,0,0,0,0,2,0,0,0,0,0,0,0,0,0,0,0,0,0,0,0,0,0,0,0,2,0,2,0,0,0,0,0,0,2,0,0,0,0,0,0,2,0,0,0,0,2,0,0,2,0,0,0,0,2,0,0,0,0,NA,0,0,0,0,0,0,2,0,2,0,0,0,2,0,0,0,2,0,0,0,0,2,0,0,2,0,0,0,0,2,0,0,0,0,0,0,2,0,0,0,2,0,0,0,0,0,0,0,0,0,0,0,2,0,0,0,0,0,0,2,0,2,0,0,0,0,2,0,0,0,0,0,0,0,0,2,0,0,0,0,0,0,0,0,0,2,2,NA,0,0,0,0,0,0,0,0,0,0,0,2,0,0,0,0,0,2,0,0,0,0,2,0,0,0,0,0,0,0,0,0,0,0,0,0,0,0,0,2,2,2,0,0,0,2,0,0,0,0,0,0,0,0,0,2,0,0,0,0,0,0,0,2,0,0,0,0,0,0,0,0,0,0,0,0,0,2,0,0,0,0,2,0,0,0,0,0,0,0,0,0,0,0,2,0,0,0,0,0,0,0,0,0,0,0,0,0,0,0,0,0,0,0,0,2,0,2,2,0,0,0,0,2,0,0,0,0,2,0,0,0,0,2,0,0,0,2,0,2,0,0,0,0,2,0,0,0,2,0,0,2,0,0,0,0,2,0,0,0,0,0,0,0,0,0,0,0,0,0,0,0,0,0,2,0,0,2,0,0,2,0,0,0,2,2,0,0,0,2,2,0,0,0,0,0,0,2,2,0,0,0,0,0,0,2,0,2,NA,0,0,0,2,0,0,2,0,0,2,0,0,0,0,0,0,2,2,0,0,0,0,2,0,0,0,2,0,2,0,0,0,0,0,0,2,0,0,0,2,0,0,0,2,0,0,0,0,0,0,0,0,0,0,0,2,2,0,0,0,NA,2,0,0,0,2,0,0,0,0,0,0,0,0,0,0,2,0,0,0,0,0,0,0,2,0,0,2,0,0,2,2,2,0,0,0,2,0,2,0,0,0,2,0,0,0,0,0,0,2,0,0,0,0,0,0,0,0,0,2,0,0,2,0,0,0,0,2,0,0,0,2,0,0,0,2,0,0,0,0,0,0,0,2,0,0,0,0,2,NA,2,0,0,0,0,0,2,0,2,2,0,0,0,0,0,0,0,0,2,0,0,0,0,0,0,0,0,0,2,2,2,2,0,0,0,0,0,0,0,0,0,0,0,0,0,0,0,0,0,2,0,0,0,0,2,0,0,0,0,0,0,0,2,0,0,0,0,0,0,0,0,0,2,0,2,0,0,0,0,0,2,0,2,0,0,0,0,2,0,0,0,0,0,0,0,0,2,0,0,0,0,2,0,0,0,0,0,0,0,2,0,0,0,2,2,0,0,0,2,0,0,0,0,0,2,2,0,0,0,0,0,2,0,0,0,0,0,0,2,2,0,0,2,2,2,0,0,0,2,0,0,0,0,0,0,2,0,0,0,0,0,0,0,0,0,0,2,0,2,0,0,2,0,2,2,2,0,0,0,0,2,2,0,2,0,2,0,0,2,2,0,0,0,0,2,2,0,0,2,0,0,0,0,2,0,0,0,0,0,0,0,0,2,2,0,0,0,0,0,0,0,0,2,0,0,2,0,0,2,0,0,NA,0,2,0,0,0,0,2,0,0,0,2,0,0,0,0,2,0,0,0,0,2,0,0,0,0,2,0,2,0,0,0,2,2,2,0,0,0,0,0,0,0,0,0,0,2,0,0,2,0,0,0,0,0,2,0,2,2,0,2,2,2,0,0,0,2,0,0,0,0,2,0,0,2,0,2,0,0,2,2,0,0,2,0,0,0,2,0,0,0,0,2,0,2,2,0,0,0,0,0,0,0,0,2,0,0,0,0,0,0,0,0,0,0,0,2,0,0,2,0,0,2,0,0,2,0,0,0,0,0,0,0,0,2,0,0,2,0,0,2,0,0,0,0,0,0,0,0,0,0,0,0,2,0,0,0,0,0,0,2,2,2,0,0,0,0,0,0,0,0,0,0,0,0,0,0,0,0,0,0,0,2,0,0,0,0,0,0,0,0,0,0,0,0,2,2,2,2,0,0,0,0,0,0,0,0,0,0,0,2,2,0,2,0,2,0,0,0,0,2,0,0,0,0,0,0,2,0,0,0,0,2,0,2,2,0,0,2,0,2,0,2,2,0,2,0,0,0,2,0,0,0,2,2,2,2,2,0,0,2,2,0,0,0,0,0,0,0,0,0,0,0,0,0,0,0,0,0,0,0,0,0,0,2,0,0,0,0,0,0,0,0,0,2,0,0,2,0,2,2,0,0,0,0,0,0,2,0,0,2,0,0,0,0,0,2,0,2,0,2,0,2,0,0,0,0,0,2,2,0,0,0,2,2,0,0,0,2,0,0,0,0,0,2,0,0,2,0,0,2,0,0,0,0,2,2,2,2,2,2,0,0,2,0,0,2,0,2,2,2,0,0,2,0,2,2,0,0,0,0,0,0,2,0,0,0,0,2,2,2,0,0,0,0,2,2,0,2,0,0,0,0,0,0,0,0,0,0,0,0,2,0,0,0,NA,0,0,0,0,0,2,0,0,0,0,0,0,0,2,0,0,2,0,0,0,0,2,0,0,0,0,2,0,0,2,0,0,0,0,0,0,0,0,0,2,0,0,2,2,0,0,0,0,0,0,0,0,0,0,2,0,0,0,0,0,0,0,2,0,0,0,0,0,0,2,0,2,0,0,2,0,0,0,2,0,0,0,0,0,0,0,2,0,2,2,0,0,0,0,0,0,0,0,2,0,2,0,0,0,2,0,0,0,2,0,2,0,0,0,2,0,2,0,0,0,0,0,0,0,0,0,0,0,2,NA,0,0,0,2,2,2,0,0,0,2,0,0,0,2,2,0,0,0,0,0,0,0,0,0,0,0,2,0,2,0,0,2,2,2,0,0,0,2,2,0,2,0,0,0,0,0,0,0,0,0,0,0,0,0,0,0,0,0,0,0,0,0,0,0,0,0,0,0,0,0,0,0,0,0,0,0,2,0,0,0,0,2,0,2,2,0,0,0,2,0,0,NA,0,2,2,0,0,0,0,0,0,0,0,0,0,0,0,0,0,0,0,0,0,0,0,0,0,0,2,0,0,0,2,0,0,0,0,0,0,0,0,2,0,0,0,0,0,0,0,0,0,0,0,0,0,0,0,0,0,0,0,0,0,0,0,0,0,0,0,0,0,0,0,0,0,0,0,0,0,0,0,0,0,0,0,0,0,0,0,0,0,2,0,0,0,0,0,2,0,0,0,2,2,2,0,2,0,0,2,2,0,0,0,0,0,0,0,0,0,2,0,0,0,2,0,0,0,0,0,0,0,0,2,0,2,0,0,0,0,0,0,2,0,0,2,0,0,0,0,0,2,0,2,2,0,0,0,0,0,0,0,0,0,0,0,0,0,0,0,2,0,0,0,0,0,0,0,0,2,0,0,0,0,0,0,0,0,0,0,0,0,0,2,2,0,0,0,0,0,2,0,0,2,0,0,2,0,0,0,0,2,0,0,0,0,0,2,0,0,0,0,0,0,0,0,0,0,0,0,0,2,0,0,0,0,0,0,2,0,0,0,2,0,0,0,0,0,0,0,0,0,0,0,0,2,0,0,0,0,0,0,0,0,2,0,2,0,0,2,0,0,0,0,2,0,2,0,2,2,2,2,0,0,0,2,0,0,0,0,2,0,0,2,2,2,0,0,0,2,0,0,0,0,2,2,0,2,0,0,2,0,0,0,0,0,0,0,0,0,0,2,0,0,0,0,0,2,0,2,0,0,2,2,2,0,0,2,0,0,0,0,2,0,0,2,0,0,0,0,0,0,0,0,0,0,0,0,0,0,2,2,0,2,2,2,0,0,0,0,2,0,0,0,0,0,0,0,0,2,0,0,0,0,0,0,0,2,0,0,0,0,0,0,0,0,2,0,0,2,0,0,0,0,0,0,0,0,0,0,0,2,2,2,NA,0,2,0,0,2,0,0,0,0,2,0,0,0,0,0,0,0,0,0,0,2,2,0,0,2,2,0,2,0,0,0,0,0,0,0,0,0,0,0,0,0,0,2,0,2,0,0,0,0,0,0,0,0,0,0,0,0,0,0,0,2,0,0,0,0,0,0,0,0,0,2,2,0,2,0,2,0,0,2,2,0,0,2,2,2,2,NA,0,2,0,0,0,0,0,0,0,0,0,0,0,0,0,2,0,0,0,0,0,2,2,2,0,0,0,0,0,0,0,0,0,0,2,0,0,0,0,0,0,0,0,0,0,0,0,0,0,0,0,0,0,0,2,0,0,2,0,2,2,0,0,0,0,2,2,0,0,0,0,0,0,2,0,2,0,0,0,0,0,0,0,2,0,0,0,0,0,0,0,0,0,0,0,0,0,0,0,0,0,0,2,0,2,0,0,0,0,0,0,0,0,0,2,0,0,0,0,2,0,0,0,NA,0,2,0,0,0,0,0,0,2,2,0,0,0,2,0,0,0,0,0,2,2,2,0,0,0,0,0,0,0,0,0,0,0,0,2,0,2,0,0,0,2,0,0,0,0,2,0,0,0,2,2,2,0,2,0,0,0,0,0,0,0,0,0,0,0,2,2,0,0,0,0,0,0,0,0,0,0,0,2,2,0,0,0,0,0,2,2,2,0,0,0,0,0,0,2,0,2,2,0,0,0,0,2,0,0,2,0,2,0,2,0,0,0,0,2,0,2,0,0,0,0,0,0,0,0,0,0,0,0,0,0,0,0,0,2,2,0,0,0,0,2,0,0,0,0,0,0,0,0,0,0,0,2,0,2,0,0,0,0,0,0,0,2,0,2,0,0,0,2,0,0,0,0,0,0,0,0,0,0,2,2,2,0,0,0,0,2,0,0,0,0,0,0,0,2,2,2,2,0,2,2,0,0,0,0,2,0,0,0,0,0,0,0,0,0,0,0,0,0,2,0,2,0,2,0,2,2,0,0,2,0,0,0,0,0,0,0,0,0,0,0,0,0,2,0,0,0,0,0,0,2,0,0,0,0,0,2,0,0,0,2,0,0,2,2,0,0,0,0,0,0,0,0,0,0,0,0,2,2,0,2,0,0,0,2,0,0,2,0,0,0,0,0,0,0,0,2,2,2,0,2,0,2,0,2,2,0,0,0,0,0,0,0,0,0,0,0,0,0,0,0,0,2,0,2,0,0,0,2,0,2,2,0,0,0,0,2,0,0,0,0,0,0,2,0,0,0,0,0,2,0,0,0,0,0,2,0,0,0,0,0,0,0,2,2,0,0,0,0,0,0,2,2,0,2,2,0,2,0,0,NA,2,0,0,2,2,0,0,0,0,0,0,0,2,0,0,0,0,0,0,2,2,0,0,0,2,0,0,0,0,0,0,2,2,0,0,0,0,0,2,0,0,0,2,0,0,0,0,0,2,2,0,0,0,0,0,0,2,0,2,2,0,0,2,0,2,0,0,0,0,0,0,0,2,0,2,0,0,0,0,0,0,0,0,0,0,0,0,2,0,2,0,0,0,0,0,0,2,2,0,2,0,0,0,0,0,0,NA,0,0,0,0,0,0,0,2,0,0,0,0,0,0,0,0,0,0,2,2,0,0,2,0,0,0,0,0,0,0,0,2,0,0,0,0,0,0,0,0,0,2,0,0,0,0,2,0,0,2,0,0,0,0,2,0,2,0,2,0,2,0,0,0,0,2,0,0,0,0,0,0,0,0,0,2,0,0,0,0,0,2,2,0,0,0,0,0,0,0,0,0,0,0,0,0,0,0,0,0,2,0,0,0,0,0,0,0,0,2,0,0,0,0,2,0,0,0,0,0,0,0,0,0,0,0,0,0,0,2,0,2,0,2,0,0,0,0,2,0,0,0,0,2,0,0,0,0,2,2,0,2,0,2,2,0,0,0,0,2,0,0,0,0,0,2,0,0,0,0,NA,0,0,0,0,0,2,0,0,0,0,0,0,0,2,0,0,2,0,2,2,0,0,0,0,2,0,0,0,0,0,0,0,0,0,0,0,0,0,0,0,0,0,0,0,0,0,0,0,0,0,0,0,0,0,0,0,2,0,0,0,0,0,0,2,0,0,0,2,0,2,0,2,0,0,0,2,0,2,2,0,0,0,0,2,0,0,2,2,2,0,2,2,0,0,0,0,0,0,0,0,0,0,0,2,2,0,0,0,0,0,0,0,0,0,0,2,0,2,2,2,0,0,0,2,0,0,0,0,0,0,0,0,0,2,0,0,0,0,0,0,0,0,0,0,NA,0,0,0,0,0,0,0,0,0,0,2,0,2,0,0,0,0,0,0,0,2,0,0,0,0,0,0,0,0,0,0,0,2,2,2,0,0,0,0,0,2,0,2,0,0,0,0,2,0,0,0,0,0,0,2,2,0,0,0,0,0,0,2,0,0,2,0,0,2,2,2,0,0,0,2,2,0,0,0,2,0,0,0,0,2,2,0,0,0,0,2,2,0,0,0,0,0,0,0,0,2,0,0,0,0,2,0,0,0,2,0,0,0,0,0,2,2,0,0,0,0,0,0,0,0,0,0,0,0,0,2,0,0,0,2,0,2,0,0,2,0,0,2,2,0,0,0,0,2,2,0,0,0,0,0,0,0,0,0,2,0,0,2,0,0,0,0,2,0,2,2,0,0,0,0,0,0,0,0,0,2,0,0,0,0,2,0,2,0,0,0,2,0,0,0,0,0,0,0,0,0,2,0,0,0,2,0,2,2,0,2,0,0,0,0,0,2,0,0,0,0,0,2,0,0,0,0,0,0,0,0,2,0,2,0,0,0,0,0
"CC176",0,0,0,2,2,0,0,0,0,0,0,0,0,0,0,2,0,0,0,0,0,0,2,0,0,0,0,0,0,0,0,0,0,0,0,0,2,0,0,0,0,2,0,2,NA,0,0,0,0,0,2,0,0,0,0,0,0,0,0,2,0,0,0,2,0,0,0,0,0,0,2,0,2,0,0,0,0,0,0,0,2,2,0,0,0,0,0,2,0,0,2,0,0,0,0,0,0,0,0,0,0,0,0,2,0,0,0,0,0,0,0,0,0,0,0,0,0,0,0,0,0,0,0,0,0,0,2,0,2,0,0,0,0,2,0,0,0,0,0,2,0,0,0,0,0,0,2,0,0,2,0,0,0,0,0,0,2,0,0,0,0,0,2,2,2,2,0,2,2,2,0,2,0,0,0,0,0,0,0,2,0,0,0,0,0,0,0,0,0,2,0,0,0,0,0,0,0,0,0,0,0,0,0,0,0,0,0,0,0,0,0,0,0,0,2,0,0,0,2,0,0,2,0,0,0,0,0,0,0,0,2,2,0,2,0,0,0,2,0,0,0,0,0,0,0,0,0,0,NA,0,0,0,0,2,0,0,0,2,0,0,2,2,2,0,0,0,2,0,2,0,0,0,0,2,0,0,0,2,2,0,2,0,0,0,0,0,0,2,0,0,0,2,0,0,0,0,0,0,0,0,0,2,0,0,0,0,0,2,0,0,0,0,0,0,0,2,0,0,0,0,2,0,0,0,0,0,0,2,2,0,0,0,0,0,0,2,2,0,2,0,2,0,2,0,0,0,0,2,0,0,0,0,0,2,0,0,2,0,0,0,0,0,2,0,0,0,0,0,0,2,2,0,0,0,0,0,0,0,0,2,0,0,0,0,0,0,0,2,0,0,0,0,0,2,2,2,2,0,0,0,0,0,0,0,0,0,0,0,2,0,0,0,0,0,0,0,2,0,0,2,0,0,0,2,0,0,0,0,2,0,0,0,0,0,0,0,2,0,0,0,0,0,0,0,0,0,0,0,0,0,0,0,0,0,2,0,0,2,0,2,2,0,2,0,2,2,0,0,0,0,2,0,0,2,0,0,0,0,2,0,0,0,0,0,0,2,0,2,2,0,0,2,0,0,0,0,0,0,0,2,0,0,0,0,0,0,0,0,0,2,0,0,0,0,0,0,0,0,0,2,2,0,0,0,2,2,2,0,0,0,0,0,0,0,0,0,0,0,0,0,0,0,0,0,0,0,NA,0,0,2,0,0,0,2,0,0,0,0,2,0,0,2,2,2,0,0,2,0,0,0,0,0,0,0,0,0,0,0,2,2,2,0,0,0,0,0,2,0,0,2,0,0,2,0,0,0,0,2,0,0,2,0,0,2,2,2,0,0,0,0,0,0,0,2,0,0,0,0,0,0,0,0,0,2,2,0,0,0,2,0,0,0,0,0,0,0,0,2,0,0,0,0,0,0,0,0,0,0,0,0,0,0,0,0,2,2,0,0,0,0,0,2,0,0,0,0,0,0,0,2,0,0,2,0,0,0,0,0,0,0,0,0,0,0,0,0,0,0,0,0,2,0,0,0,0,0,2,0,0,0,0,0,0,0,0,0,0,0,0,0,0,0,0,0,0,0,0,2,2,0,0,0,0,0,0,2,0,0,2,0,2,0,0,0,2,0,0,0,0,0,0,0,0,0,0,2,0,0,0,0,0,0,0,0,2,0,0,0,2,0,2,0,0,0,0,0,0,0,2,0,2,0,0,0,0,0,2,0,0,2,0,0,0,0,2,0,0,2,2,0,0,0,0,2,0,0,0,0,0,0,0,0,0,0,0,0,0,2,0,0,0,0,0,0,0,0,0,0,0,0,0,0,2,0,0,0,0,2,0,0,0,0,0,0,0,0,2,0,0,0,0,0,0,2,0,0,0,0,0,2,0,2,0,2,2,0,0,0,0,2,0,0,0,0,0,0,2,2,0,0,0,0,0,0,0,2,2,0,0,0,0,0,0,0,2,2,0,0,0,0,0,0,0,0,0,0,0,0,0,0,0,0,2,0,0,0,0,0,0,0,2,0,0,0,0,0,0,0,2,0,0,0,0,0,0,0,0,0,0,0,0,0,0,0,0,0,0,0,0,0,0,0,0,0,0,0,0,0,2,0,0,2,0,0,0,0,2,0,0,0,0,0,2,0,0,0,0,0,0,2,0,0,0,0,0,0,0,2,0,0,0,0,2,0,2,0,2,0,0,2,0,0,0,0,0,0,0,0,0,0,0,0,0,0,0,0,0,2,2,0,0,2,0,2,0,2,0,0,0,0,0,0,0,0,0,0,0,0,0,0,0,0,0,0,2,0,2,0,2,0,0,0,0,0,0,2,0,0,2,0,0,0,0,0,0,2,2,0,2,0,2,0,0,2,0,0,0,2,0,0,2,0,0,0,0,0,2,2,2,0,2,0,0,0,0,2,2,0,0,0,0,2,0,2,0,0,0,0,0,2,0,0,0,0,0,2,2,2,2,0,2,2,0,0,2,0,0,0,0,2,0,0,0,0,0,2,0,0,0,0,2,0,2,0,0,0,0,0,0,0,0,2,0,0,2,0,0,2,2,2,0,0,0,0,0,0,0,0,0,2,2,2,2,0,0,0,0,0,0,0,0,0,0,0,0,0,0,0,0,0,0,0,0,0,0,2,0,0,0,0,0,0,0,0,0,0,2,0,0,0,0,0,0,0,0,0,0,0,0,0,0,0,0,0,0,0,0,0,0,0,0,0,0,0,0,0,2,2,0,0,0,2,0,0,0,0,0,0,0,2,0,2,0,0,0,0,2,0,0,0,0,0,0,0,0,0,0,0,2,0,0,0,0,0,0,0,2,0,0,0,2,0,0,0,0,0,0,0,2,0,0,0,0,0,0,0,0,0,0,0,0,0,0,0,0,0,0,0,0,0,0,0,0,0,0,0,2,0,0,2,0,0,0,0,0,0,0,0,0,0,0,0,2,2,0,0,2,0,0,2,0,0,0,0,2,0,0,2,0,2,0,0,0,0,0,0,0,0,2,0,2,2,0,0,0,0,0,0,2,0,2,2,2,2,0,0,0,0,2,0,0,2,0,0,0,0,2,0,0,0,0,0,0,2,0,0,0,0,0,0,0,0,0,0,2,2,0,0,0,0,0,0,0,0,0,0,0,0,0,0,0,0,0,0,2,0,0,0,0,0,0,0,0,0,0,0,0,0,0,0,2,2,0,0,0,0,0,0,0,0,0,0,0,0,0,0,0,0,0,2,0,0,0,0,0,0,0,0,0,2,0,0,0,2,2,0,0,0,0,0,0,0,0,0,0,0,0,0,0,0,0,0,0,2,0,0,2,0,0,0,0,0,0,0,0,0,0,0,2,0,0,0,0,0,0,0,2,0,0,0,0,0,0,2,0,0,0,0,0,0,2,0,0,0,0,0,0,0,0,2,0,0,0,0,0,0,0,0,2,0,0,0,2,0,0,0,2,0,0,0,0,0,2,0,0,0,0,2,0,0,2,2,2,2,2,0,0,2,0,2,0,0,2,0,0,0,0,0,2,0,0,0,0,2,0,0,0,0,0,2,0,0,0,0,0,0,0,0,0,0,0,0,2,0,0,0,0,2,0,0,NA,0,0,0,0,2,2,2,0,2,0,0,0,2,0,0,2,0,0,0,0,0,2,0,0,0,0,0,2,0,0,2,0,0,2,0,NA,0,0,0,0,0,0,0,0,0,0,2,0,2,0,2,0,0,2,0,0,0,0,0,0,0,0,0,0,0,0,0,0,2,0,0,0,0,0,0,0,0,0,2,0,0,2,0,0,0,2,0,0,0,2,0,0,0,0,0,0,0,0,0,0,0,0,2,0,0,0,0,2,2,2,0,0,2,0,2,2,2,0,0,0,2,2,2,0,2,0,2,0,0,0,0,0,0,2,2,0,2,2,0,0,0,0,2,2,0,0,0,0,0,0,2,2,2,0,0,2,0,0,0,0,0,0,2,2,0,2,0,0,0,0,0,0,0,0,0,0,0,2,0,0,0,0,2,0,0,0,0,0,0,0,0,0,0,0,2,0,0,2,0,0,0,0,2,0,2,0,0,NA,0,2,0,0,0,0,0,0,0,0,0,2,0,0,2,0,0,0,0,0,0,0,0,0,2,0,0,0,2,2,0,0,2,0,2,0,0,0,0,2,0,0,0,0,0,2,0,0,2,0,0,2,0,2,0,0,0,0,0,0,2,0,0,0,0,0,0,2,2,0,0,0,0,0,0,0,0,2,0,0,0,0,0,0,0,0,0,0,2,2,0,0,0,0,0,0,0,2,0,0,0,2,0,0,2,0,0,0,0,0,0,0,2,2,0,2,0,2,0,2,0,0,0,0,0,0,0,0,0,0,2,0,0,0,0,2,0,0,0,0,0,0,2,0,0,0,2,0,0,0,0,0,0,0,0,0,0,0,0,2,0,0,0,0,0,0,2,0,0,0,0,0,0,0,0,0,0,0,0,0,0,0,2,0,0,0,0,0,2,0,0,0,2,0,0,0,0,0,0,0,0,2,0,0,0,0,0,0,0,2,0,0,0,0,2,0,0,0,0,0,0,0,0,2,0,0,0,2,2,0,0,0,0,0,2,0,0,0,0,0,0,2,0,0,0,0,0,2,0,2,0,0,0,2,0,0,0,2,0,2,2,2,2,2,2,0,2,0,0,0,2,0,0,2,2,0,0,2,0,0,0,0,0,0,0,0,0,0,0,0,0,0,0,0,0,0,0,2,2,0,0,0,0,2,0,0,0,2,0,0,0,0,0,0,0,0,0,0,0,0,0,0,0,0,NA,0,0,0,0,0,0,0,2,0,0,0,0,0,0,0,2,0,0,2,2,0,2,0,0,0,2,0,0,0,0,0,0,2,0,0,0,0,0,2,0,2,0,0,0,0,0,0,0,2,0,0,0,2,0,0,0,2,0,2,0,0,0,0,0,2,2,0,0,0,0,0,0,0,0,0,2,0,0,0,2,0,2,0,2,0,0,0,2,2,0,0,0,0,0,0,2,2,0,2,0,0,0,2,0,0,0,0,0,0,0,0,0,0,0,0,0,0,0,2,0,0,0,0,0,2,0,0,0,0,0,2,2,0,0,0,0,0,0,0,2,0,NA,NA,0,0,0,0,0,0,2,0,2,0,0,0,0,0,0,0,0,2,0,2,0,0,0,0,2,0,2,0,0,0,0,0,0,0,0,0,0,0,0,0,0,NA,0,2,0,0,0,2,0,0,0,2,0,0,0,0,0,0,0,0,0,0,2,0,0,0,2,0,0,2,0,0,0,0,0,0,0,0,0,0,0,0,0,0,2,2,0,0,2,0,2,2,0,0,0,0,0,0,0,0,0,0,0,0,0,0,0,0,0,0,2,0,0,0,0,2,0,2,2,0,0,0,0,0,0,0,0,0,2,0,0,0,0,0,0,0,0,2,0,0,2,2,0,0,0,0,0,0,0,0,0,0,0,0,0,0,0,0,0,0,0,0,0,0,0,0,2,0,2,0,0,2,0,0,0,0,0,0,2,0,0,2,2,0,2,0,0,0,0,0,0,2,2,0,0,0,0,0,2,0,0,0,0,0,0,0,0,0,0,0,0,0,2,0,2,2,0,0,2,0,0,0,0,0,0,0,2,0,0,0,0,0,0,2,0,0,2,0,0,2,2,2,0,0,2,0,0,0,2,2,0,0,0,0,2,0,2,2,0,0,0,0,2,0,2,0,0,0,0,0,0,0,2,0,2,0,0,2,0,0,0,0,2,0,0,0,0,2,2,2,0,0,0,2,2,0,0,2,2,0,0,2,2,0,0,0,2,0,0,0,0,0,0,0,2,2,2,NA,2,0,2,0,0,0,0,0,0,0,0,2,0,0,0,2,0,0,0,0,2,0,0,0,0,2,0,0,2,0,0,0,2,0,0,2,0,2,0,0,2,2,0,0,0,0,2,0,2,0,2,0,2,0,0,0,0,0,0,0,0,0,0,0,2,2,0,0,0,0,0,2,0,0,2,0,0,2,2,0,0,0,0,0,0,2,2,2,0,0,0,0,0,0,0,0,0,0,0,0,2,0,0,2,2,2,2,2,0,0,0,0,0,2,0,0,2,0,0,0,2,2,0,0,0,0,2,0,0,0,0,0,0,0,0,0,0,2,0,0,0,2,0,0,0,2,0,2,0,0,0,0,0,0,0,0,0,0,0,0,0,0,0,0,2,0,0,0,0,0,0,0,0,0,0,0,0,0,0,0,0,2,0,0,0,0,0,0,0,0,2,0,2,0,2,2,0,0,0,0,0,0,2,0,0,0,2,2,2,0,0,0,0,0,0,0,0,2,0,0,0,0,0,0,2,0,0,0,2,0,2,0,0,0,0,0,0,0,0,0,0,0,0,0,0,0,0,0,0,0,2,0,0,0,2,0,0,0,0,0,0,0,0,0,0,0,2,0,2,0,0,0,0,0,0,2,2,0,0,0,0,0,0,0,0,0,2,0,2,2,0,0,2,0,0,0,0,0,2,0,0,0,0,2,0,0,0,0,0,0,0,2,0,2,0,0,0,0,2,0,2,0,2,0,0,0,0,0,0,0,0,2,0,0,2,0,0,0,0,0,2,0,0,0,0,0,0,0,0,0,0,0,0,2,2,0,0,2,0,0,0,2,0,0,0,2,0,0,0,0,0,0,0,2,0,0,0,0,0,0,0,0,0,0,0,0,0,0,0,0,2,0,2,2,0,0,0,0,0,0,2,0,2,0,0,0,0,0,0,0,0,0,0,0,0,0,0,0,0,0,0,0,0,2,2,2,0,0,0,0,0,0,2,0,0,0,0,0,0,0,0,0,0,0,0,0,2,0,0,0,0,0,2,0,0,2,0,0,0,0,0,2,0,2,2,2,0,0,0,0,0,0,0,0,0,2,NA,2,0,0,0,0,0,0,0,2,0,0,0,0,0,0,0,0,0,0,0,0,0,2,0,0,0,0,0,0,2,0,2,0,0,2,0,2,0,0,0,0,2,0,0,0,2,2,0,2,NA,0,0,0,0,0,0,0,2,2,0,0,0,2,0,0,2,2,0,0,0,2,2,0,0,0,2,0,0,0,2,0,0,0,2,2,0,0,0,NA,0,2,0,2,NA,0,2,0,0,2,2,0,2,0,2,0,0,2,2,2,0,0,0,0,0,0,0,2,0,0,2,0,0,0,0,2,0,0,0,0,2,0,0,0,0,0,0,0,2,2,2,0,0,0,2,0,2,0,0,0,0,0,0,0,0,0,0,0,0,0,0,0,0,0,0,0,0,2,2,0,0,0,0,0,0,2,0,0,0,0,0,0,2,0,2,0,0,0,0,2,0,0,0,0,0,0,0,2,0,2,0,0,2,2,0,0,0,2,0,0,2,0,0,0,2,2,0,0,0,0,0,2,0,0,0,0,0,0,0,0,0,0,0,2,0,2,2,0,0,0,0,0,0,0,2,2,2,0,0,0,0,0,2,2,0,0,0,2,0,0,0,0,0,0,0,0,0,0,2,0,2,0,0,0,0,0,0,0,0,0,2,2,0,0,0,0,0,2,0,2,0,0,2,0,2,0,2,0,2,2,0,0,2,0,0,0,0,0,2,0,0,2,2,0,0,0,0,2,0,0,2,0,0,0,0,0,0,0,2,2,2,0,0,0,2,0,0,0,0,2,0,0,0,0,2,2,2,0,0,0,0,0,0,0,2,0,0,0,0,0,0,0,0,0,0,0,0,2,0,0,0,2,2,0,0,0,2,2,2,0,0,0,0,2,0,0,0,0,0,0,0,0,0,0,0,0,0,2,0,0,2,2,2,0,2,2,0,0,0,2,0,0,0,0,0,0,0,2,0,2,2,0,0,2,2,2,2,0,2,2,2,0,0,2,0,0,2,0,0,0,0,0,0,0,0,0,0,0,2,2,0,0,0,0,0,0,0,0,0,0,0,0,0,0,0,0,0,2,0,2,2,0,0,0,0,0,0,0,0,2,0,0,0,0,0,0,0,2,0,0,0,0,0,0,0,0,0,0,0,0,0,0,0,0,0,0,0,0,0,0,0,0,0,0,0,0,0,0,0,0,0,0,0,0,0,0,0,0,0,0,0,0,0,2,0,2,0,0,0,0,0,0,0,0,0,2,0,2,2,2,2,0,2,0,2,0,0,0,0,0,0,2,0,0,0,0,0,0,0,2,0,0,0,0,0,0,0,0,0,0,0,0,0,0,0,0,0,0,0,0,2,2,0,0,0,0,0,0,0,0,0,0,0,0,0,0,0,0,0,0,2,0,0,2,0,2,0,0,0,0,0,0,0,0,0,0,0,0,0,0,0,0,0,0,0,0,0,0,2,2,0,0,0,2,0,0,2,0,0,0,0,0,2,0,0,0,0,0,0,2,2,0,0,0,0,0,0,0,2,0,0,0,NA,2,2,0,0,0,0,0,0,0,0,0,0,0,0,2,0,0,0,0,0,0,0,0,0,0,0,0,0,0,0,2,0,0,0,0,0,0,0,0,0,0,0,2,0,0,2,0,0,0,0,0,0,0,0,2,0,0,0,0,0,2,0,2,0,0,0,0,0,0,0,0,2,0,0,0,0,2,2,0,2,0,0,2,0,0,0,2,0,0,0,0,0,0,2,0,0,0,0,0,0,0,0,0,0,0,0,0,0,0,0,0,0,0,0,0,0,0,0,0,0,0,2,0,0,0,0,0,0,0,0,0,0,2,0,0,0,2,0,0,0,0,2,0,0,0,0,0,0,0,2,0,0,0,0,2,2,0,0,0,0,0,0,2,0,0,0,0,0,0,0,0,0,2,0,0,0,0,0,2,0,2,2,0,0,0,0,0,2,0,0,0,0,0,0,0,2,0,0,0,0,0,0,0,0,0,0,0,0,0,0,0,0,0,0,2,0,0,0,0,0,0,0,0,0,2,2,0,0,0,0,0,2,0,2,0,0,0,2,0,0,0,0,0,0,0,0,0,0,0,0,2,0,0,0,2,0,0,0,0,0,0,0,0,2,0,0,0,0,0,0,2,0,0,0,0,0,0,0,0,0,2,0,0,0,0,2,0,0,0,0,2,0,0,0,0,2,2,0,0,0,2,0,0,0,2,0,0,0,2,2,0,2,0,0,0,0,0,0,0,0,0,0,0,0,0,2,0,0,0,0,0,2,0,0,0,0,0,2,0,2,2,0,0,0,0,2,0,0,0,0,NA,0,0,0,0,0,2,0,2,2,0,0,0,2,0,0,0,2,2,0,2,2,0,0,0,2,0,0,2,0,0,2,0,0,0,0,0,0,0,0,2,0,2,0,0,0,2,2,0,0,0,0,0,0,0,0,0,0,2,0,0,0,2,0,2,2,0,0,0,0,2,0,0,0,2,0,0,0,0,2,0,2,0,0,0,0,0,0,0,2,0,NA,0,0,0,0,2,0,0,0,0,2,2,2,0,0,2,0,0,0,0,0,0,0,2,0,2,0,2,0,2,0,0,2,2,0,2,2,0,0,0,0,0,2,2,2,0,0,0,0,0,0,0,2,0,2,2,0,0,2,0,2,0,0,0,0,0,0,0,2,0,0,0,0,0,0,0,0,0,0,0,0,0,0,0,2,2,0,0,0,0,0,0,2,0,0,0,0,0,0,0,0,0,0,0,2,0,2,0,0,2,0,0,0,0,0,0,0,0,0,2,2,2,0,0,0,0,0,0,0,2,2,2,2,0,0,0,0,0,0,0,0,0,0,0,0,2,0,0,0,2,2,0,2,0,2,0,0,0,0,0,0,0,0,0,0,0,0,0,0,0,0,0,0,0,0,0,0,2,0,0,2,2,0,0,2,0,0,2,0,0,0,0,0,0,0,0,0,0,0,0,0,0,0,2,2,0,0,0,2,0,0,0,0,2,0,0,0,0,2,0,0,0,0,0,0,0,2,0,0,0,0,2,0,2,2,0,2,2,0,0,0,0,0,0,2,2,0,2,0,0,0,2,2,0,NA,0,0,2,2,0,2,2,2,2,2,0,0,0,2,2,0,0,2,2,0,2,2,0,2,0,0,0,2,0,0,0,0,0,0,0,0,0,0,0,0,0,0,0,2,2,0,2,0,0,2,0,0,0,0,0,0,0,0,0,2,2,0,0,0,0,0,0,0,0,0,2,0,0,0,2,0,0,0,0,2,0,0,NA,2,2,0,2,0,0,0,0,0,0,2,0,0,0,0,0,0,2,0,0,2,0,0,0,0,0,0,0,0,0,0,0,2,0,0,0,0,0,2,0,0,0,0,0,0,0,0,2,0,2,0,0,0,0,0,0,0,0,2,2,2,0,0,0,2,0,0,0,0,0,2,0,2,2,0,0,0,0,0,0,0,0,2,0,0,0,0,0,0,2,0,0,0,0,0,2,2,2,0,2,0,0,0,0,2,0,0,0,0,0,0,2,0,0,2,0,0,0,0,0,0,2,0,2,0,2,2,0,2,0,2,0,0,0,2,0,0,0,2,0,0,0,2,0,0,0,0,0,2,0,0,0,0,0,2,0,0,0,0,0,0,0,0,0,0,2,0,2,0,0,0,0,0,0,0,0,0,2,0,0,2,0,0,0,0,2,2,0,NA,0,0,0,0,0,0,0,0,0,2,0,2,0,0,0,0,2,0,0,2,2,0,0,2,2,2,0,0,2,0,0,2,0,0,0,0,0,2,0,0,0,0,0,0,2,0,2,0,0,0,2,0,0,0,0,0,0,0,2,2,2,0,0,0,0,2,0,2,2,0,0,2,0,0,0,0,0,0,0,0,0,0,0,2,0,2,0,2,0,0,0,2,2,0,0,0,0,0,0,0,0,0,0,0,0,0,0,0,0,0,2,2,2,2,0,2,0,0,0,0,0,0,2,0,0,0,0,0,2,0,2,0,0,0,0,0,0,0,0,0,2,0,0,0,0,2,0,2,0,2,2,0,0,0,0,2,0,2,2,2,0,0,0,0,0,2,2,2,0,2,2,0,0,0,2,0,0,0,2,0,0,2,0,2,2,0,2,0,2,0,0,2,0,2,0,0,2,0,0,0,2,0,0,0,0,2,2,2,0,0,0,0,2,0,0,0,0,2,2,0,2,0,NA,2,0,2,0,0,2,0,2,0,0,0,2,2,0,0,2,0,0,2,2,2,2,0,0,0,0,0,0,2,2,2,0,2,2,0,0,0,0,2,2,0,2,2,0,2,0,0,0,0,0,0,0,0,0,2,0,0,2,0,0,0,0,0,2,0,2,0,0,0,0,0,2,0,0,0,0,0,0,0,0,0,0,0,0,0,0,2,2,0,0,2,0,0,0,0,0,2,0,0,0,0,0,2,0,0,2,0,0,0,0,0,0,0,2,0,0,0,0,2,0,0,0,0,0,0,0,2,0,2,2,2,0,0,0,0,0,0,0,0,0,0,0,0,0,0,0,0,0,0,2,0,0,0,0,0,0,0,2,0,0,2,0,0,0,0,0,0,2,0,0,0,0,0,0,2,0,0,0,0,0,2,0,0,0,0,0,0,0,0,0,2,0,0,0,0,0,0,2,2,0,0,0,0,0,0,2,0,0,0,2,0,0,0,0,0,0,0,0,0,0,0,0,0,0,2,0,2,0,0,0,0,2,0,0,0,0,0,0,2,0,0,2,0,0,0,0,0,0,0,0
"CC177",0,0,2,0,0,0,2,0,0,0,0,0,0,2,2,0,0,0,2,0,0,2,0,0,2,0,0,0,0,2,0,0,0,0,0,0,2,0,2,0,0,2,2,2,NA,0,0,2,0,0,2,0,0,0,0,0,2,0,0,0,0,0,2,0,0,0,0,0,0,0,0,0,0,0,0,0,0,0,0,2,0,0,0,0,0,0,0,0,0,2,0,2,0,0,0,0,0,2,2,2,2,2,2,2,2,0,0,0,0,0,0,0,0,0,0,0,0,0,0,0,0,0,0,0,0,0,0,0,0,0,0,0,0,0,0,2,0,0,0,0,0,0,0,0,0,2,2,0,0,0,0,2,0,0,2,2,2,0,0,2,0,0,2,2,2,2,0,0,0,0,0,2,0,0,0,0,2,0,0,2,0,0,0,0,2,0,0,0,0,2,0,2,0,0,0,0,0,2,0,0,2,0,0,0,0,0,0,0,0,0,0,0,0,2,0,0,2,0,0,0,2,0,0,0,0,2,0,0,0,0,0,0,0,2,0,0,0,2,0,0,2,0,0,0,0,0,2,0,2,0,0,0,0,0,0,0,2,0,0,0,0,2,0,2,0,2,0,0,0,2,0,0,0,0,0,0,0,0,0,0,0,0,0,0,0,0,0,0,2,0,0,0,0,0,0,0,2,0,0,0,2,0,0,2,0,2,2,0,2,0,0,0,0,0,2,0,0,2,0,0,0,0,0,2,0,0,0,2,2,0,0,0,2,0,0,0,0,2,2,0,2,0,0,0,0,0,0,0,0,0,0,2,0,0,0,0,0,0,2,NA,0,0,0,0,0,0,0,0,0,0,2,0,0,0,0,0,0,0,0,0,0,0,0,0,2,0,2,2,2,0,0,0,0,0,0,0,0,0,0,2,0,2,2,0,0,2,0,0,0,2,0,2,0,0,0,0,2,2,0,0,0,2,2,0,0,0,0,0,0,2,0,0,0,0,0,0,0,0,0,0,0,0,0,0,0,2,0,0,0,0,0,0,0,0,2,0,2,0,0,0,0,2,2,0,2,2,0,0,2,0,2,2,0,2,0,0,0,0,0,0,2,0,0,0,0,0,0,0,2,0,0,0,0,2,0,0,2,0,0,2,0,0,2,0,0,0,0,0,2,0,0,0,0,0,0,0,0,0,0,2,2,2,2,2,0,0,0,0,0,0,0,0,0,0,0,2,0,0,0,0,2,0,0,0,2,0,0,0,0,0,2,0,0,2,0,0,0,2,0,0,0,2,0,0,2,0,2,2,0,0,0,2,0,0,0,2,2,0,0,0,2,0,0,2,2,0,0,0,0,2,0,0,0,0,2,0,0,0,2,0,0,0,0,0,0,0,2,2,0,0,0,0,0,0,0,0,2,0,0,2,0,0,0,2,0,2,0,2,0,NA,0,2,0,0,2,0,2,0,2,0,0,2,0,0,0,0,0,0,2,0,0,2,0,0,0,0,0,2,2,2,2,0,0,0,0,0,2,0,2,0,0,0,0,2,0,0,0,0,0,2,0,0,2,0,0,0,2,0,0,0,0,0,2,0,0,0,0,0,0,2,0,0,0,0,0,0,0,0,0,2,0,0,0,2,0,0,0,2,0,0,0,0,0,0,0,2,0,2,2,0,0,0,0,0,2,0,0,0,0,0,0,0,0,0,0,0,0,0,0,0,0,0,0,0,0,0,0,0,2,0,0,2,0,2,0,0,0,0,0,0,2,0,0,0,0,0,2,0,0,0,0,0,2,0,0,2,0,0,0,0,2,2,0,2,0,0,0,0,0,0,0,2,0,0,0,0,0,0,0,0,0,0,0,0,0,0,0,0,0,0,0,0,2,0,0,0,0,0,0,0,0,0,0,0,0,0,0,0,0,0,2,0,0,0,0,0,0,2,0,0,0,2,0,0,0,0,0,0,0,0,2,0,0,0,0,0,0,2,0,0,0,0,0,0,0,0,0,0,0,2,0,2,0,0,0,0,2,0,0,0,2,0,0,2,0,0,2,0,0,0,0,0,0,0,0,0,0,0,0,0,0,0,0,0,2,2,0,0,0,0,2,2,2,2,0,0,0,0,0,0,0,2,0,2,0,0,0,0,0,0,0,0,0,0,2,0,2,0,0,0,2,0,2,0,0,0,0,0,0,0,0,0,0,0,0,0,0,0,0,0,0,0,2,0,2,0,0,0,2,2,0,0,0,0,0,2,0,0,0,0,0,0,0,0,2,0,0,0,0,0,0,0,0,0,0,0,0,0,0,0,0,0,0,0,0,0,0,2,0,0,0,0,0,0,2,0,0,0,0,0,0,2,0,0,2,0,0,0,2,0,2,2,0,0,0,2,0,0,0,0,0,0,0,0,2,2,0,2,2,0,0,0,0,2,0,0,0,2,0,0,2,2,0,0,0,0,0,0,0,2,0,0,0,0,0,0,2,2,0,2,2,2,0,0,0,0,0,0,0,0,0,2,2,2,0,0,0,0,0,2,2,0,0,0,0,0,0,2,0,0,0,0,0,0,2,0,0,2,0,0,0,0,0,0,2,0,0,0,0,0,2,0,0,2,0,0,0,2,0,0,0,0,0,0,0,0,0,0,0,0,0,0,0,0,2,0,0,2,0,0,2,0,0,0,0,0,0,0,0,0,2,2,0,2,0,0,0,0,2,0,0,0,0,0,0,2,0,0,0,0,0,0,0,0,0,2,0,0,0,0,0,0,0,2,0,0,0,2,0,0,2,0,2,0,0,0,0,2,0,0,0,0,0,0,0,0,0,2,0,0,0,2,0,0,2,0,0,0,0,0,0,0,0,0,0,0,0,0,0,0,0,0,0,0,0,0,0,2,0,0,0,0,0,0,0,0,0,0,0,2,0,2,2,0,0,2,0,0,0,0,0,0,2,0,0,0,0,0,0,0,2,0,0,0,0,0,0,0,2,NA,0,0,0,0,0,0,0,2,0,0,0,0,0,0,0,0,2,0,2,2,2,0,2,0,2,2,0,0,0,0,0,0,2,0,0,0,0,0,2,2,0,0,0,2,0,0,0,0,2,0,0,0,0,0,0,0,0,0,0,0,0,2,0,0,2,0,0,0,0,0,0,0,0,0,0,0,0,0,0,0,0,0,0,0,0,0,0,0,0,0,0,0,0,0,0,2,0,0,2,2,0,0,0,2,0,0,0,0,0,0,0,0,0,0,2,0,0,0,0,0,0,0,2,0,0,0,0,0,0,0,0,0,0,0,0,0,0,0,2,2,0,0,0,2,2,0,0,0,0,2,0,0,0,0,0,2,0,0,2,0,0,0,0,2,0,0,0,0,0,0,0,0,0,0,0,0,0,2,2,0,0,0,0,0,0,2,0,0,0,0,0,0,0,0,0,0,0,0,0,0,0,0,2,0,0,2,0,0,0,0,2,0,0,2,0,0,0,0,0,2,0,0,2,0,0,0,0,0,0,0,0,0,0,0,0,0,0,0,0,2,0,0,2,0,0,0,0,2,0,0,0,0,0,0,0,0,0,0,2,0,2,0,0,0,0,0,0,0,0,0,0,0,0,2,0,0,0,0,0,0,0,0,0,2,0,2,0,0,2,0,0,2,0,0,0,0,0,0,0,0,0,0,0,2,0,2,0,2,0,2,0,2,2,0,2,2,0,0,0,2,0,2,2,2,0,0,0,0,0,2,0,0,2,0,0,2,2,0,0,0,0,2,2,0,0,0,0,2,0,0,2,0,0,0,0,0,2,2,0,0,0,2,2,0,0,0,0,0,2,0,0,2,2,0,0,0,0,0,2,2,0,0,2,0,0,0,0,0,0,0,0,0,0,0,0,0,2,2,0,0,2,0,0,2,2,0,2,0,2,0,0,2,2,0,0,0,0,0,0,0,0,2,2,2,0,0,0,0,0,0,0,0,0,0,0,2,0,0,0,0,0,0,0,0,2,0,0,0,0,0,0,0,2,2,0,0,2,0,0,0,0,0,0,0,0,0,0,0,0,0,0,0,0,0,0,0,0,0,0,0,0,0,0,2,2,0,0,0,0,2,0,0,0,0,0,0,0,0,2,0,0,0,2,2,0,0,2,0,0,0,0,0,0,0,0,0,0,2,0,0,0,0,0,2,2,2,0,0,2,0,0,0,0,0,0,0,0,0,0,0,0,0,0,0,2,0,0,0,0,0,0,0,0,0,0,0,0,0,2,2,0,0,0,0,2,0,2,0,0,0,2,2,0,0,0,0,0,0,0,0,0,0,0,2,0,0,2,0,0,0,0,2,0,0,2,2,0,2,0,0,0,2,2,0,2,0,0,0,0,2,0,2,0,2,0,0,0,0,0,2,0,0,0,0,2,2,2,0,0,0,0,0,0,0,0,0,0,0,2,0,0,2,0,0,0,2,2,0,0,0,0,2,0,2,2,0,0,0,0,0,0,0,0,0,0,2,0,2,0,2,2,2,0,0,0,0,2,2,0,0,0,0,0,0,0,0,2,0,0,0,0,2,0,0,0,0,2,0,0,0,0,0,0,0,2,NA,0,0,2,0,2,0,0,2,0,2,0,0,0,0,0,2,0,0,0,0,0,2,0,0,0,0,0,0,2,0,0,0,0,0,0,0,0,0,0,0,0,0,0,0,0,0,0,0,0,0,0,0,0,0,0,0,0,0,0,0,0,0,0,0,0,0,0,0,0,0,2,0,0,0,0,0,0,0,0,0,0,0,0,2,0,2,0,2,0,0,0,0,0,0,0,2,0,2,0,0,0,0,0,0,0,2,0,0,0,0,0,0,0,0,0,0,0,0,2,2,2,2,2,0,0,0,0,2,2,0,0,0,0,0,0,0,0,0,2,0,0,0,0,0,0,0,2,0,0,0,0,0,0,0,0,0,0,0,0,0,0,0,0,2,0,0,0,0,0,0,0,0,0,0,0,0,0,0,0,2,0,0,2,0,2,0,0,2,0,0,0,0,2,0,0,0,0,0,0,0,0,0,0,0,0,0,2,0,2,2,0,0,0,0,0,0,0,0,0,0,0,0,0,0,0,0,0,0,0,0,0,0,0,0,0,0,0,0,0,0,0,0,0,0,0,0,0,0,0,0,0,2,0,0,2,0,0,0,0,0,0,0,0,0,0,0,0,0,0,0,0,0,0,2,0,0,0,0,0,0,0,0,0,0,2,0,0,0,2,2,0,2,2,2,0,0,0,2,0,2,0,0,0,0,0,2,0,2,0,0,0,0,0,0,0,0,0,0,0,0,0,2,0,0,0,0,0,2,2,2,0,0,0,0,0,0,2,0,0,2,2,0,0,0,0,2,0,0,0,0,0,0,2,2,0,2,0,2,0,0,0,0,2,0,0,0,0,0,2,0,0,0,0,0,0,0,0,0,0,0,2,0,0,2,0,0,0,0,0,0,0,0,0,0,2,0,0,0,0,0,0,0,0,0,0,0,0,2,2,0,2,0,2,0,0,2,0,0,0,0,0,0,0,2,0,0,2,0,0,0,0,0,0,0,0,0,0,0,0,0,0,0,2,0,0,0,0,0,0,2,0,0,0,2,0,0,0,0,0,0,0,0,0,0,0,2,0,0,0,0,0,0,0,0,0,0,0,0,0,0,0,0,2,0,0,2,0,0,0,0,2,0,0,2,0,0,0,0,0,0,0,2,0,0,2,0,0,0,0,0,0,0,2,0,0,0,2,2,0,0,0,0,0,2,0,2,0,0,2,0,0,2,0,0,0,0,0,0,2,0,2,0,0,0,0,0,2,0,2,0,0,0,0,0,0,2,0,0,0,0,0,0,0,0,0,0,0,0,0,0,0,0,0,2,0,0,0,0,2,0,2,2,0,0,0,2,2,2,0,0,2,2,2,0,0,0,0,0,0,0,0,2,0,2,0,2,0,2,2,0,2,2,2,0,2,2,0,0,2,0,2,0,0,0,0,0,2,2,0,0,2,0,2,2,0,0,2,0,2,0,0,0,0,0,0,0,2,2,0,0,2,2,0,2,0,0,0,0,0,2,2,0,0,0,2,0,0,2,2,0,0,0,0,2,0,0,2,0,0,0,0,0,0,0,2,0,0,0,0,0,NA,0,0,0,0,0,2,0,0,0,0,0,0,2,0,2,0,0,0,2,0,0,0,0,0,2,0,0,2,0,0,0,0,2,2,0,0,2,0,2,0,0,2,2,0,2,0,2,0,2,2,0,2,0,2,2,0,0,0,0,2,2,0,2,0,0,2,0,0,2,0,0,0,0,0,2,2,2,2,0,0,2,0,0,2,0,0,2,2,0,0,0,2,0,0,2,2,2,0,0,0,0,0,2,2,0,0,0,0,0,2,2,0,0,0,2,0,0,2,2,2,0,0,0,0,0,0,0,0,0,0,0,2,2,2,0,0,0,0,2,0,0,2,2,2,2,0,2,0,0,2,2,2,0,2,0,0,0,2,0,0,0,0,0,0,0,0,0,0,0,0,0,0,2,2,0,0,0,0,0,0,2,0,0,0,0,0,0,2,2,0,0,0,0,0,0,0,2,0,0,NA,0,0,2,0,0,0,2,2,NA,0,2,0,0,2,0,0,2,2,2,0,0,0,2,0,2,0,0,2,2,2,0,2,0,0,0,0,0,0,2,0,0,0,0,0,0,2,0,0,0,0,0,0,2,0,0,0,0,0,0,0,0,0,0,0,0,0,0,0,0,2,0,0,0,0,0,0,0,0,0,0,0,0,0,0,0,0,0,0,0,2,0,0,2,2,0,0,2,2,2,0,0,0,0,0,0,0,0,0,0,0,0,2,0,0,0,2,0,0,0,0,0,0,0,2,0,0,0,0,0,0,2,0,0,0,2,0,0,0,2,2,2,2,0,0,0,0,0,2,0,0,2,0,2,0,0,2,0,0,0,2,0,2,2,2,0,0,0,0,0,2,0,0,2,0,NA,2,0,0,0,0,0,0,0,0,0,2,2,0,0,0,2,0,0,0,0,0,2,2,0,0,0,0,0,0,0,0,2,0,0,2,0,0,0,0,0,0,0,0,0,0,2,2,0,0,2,0,0,2,2,0,0,0,0,0,2,0,0,0,0,0,2,2,0,2,2,2,0,0,2,2,0,2,2,0,0,0,0,2,0,0,0,0,0,0,0,0,0,0,2,0,2,0,0,2,2,0,0,0,0,2,0,2,2,0,0,0,2,2,2,0,0,2,0,0,2,NA,0,0,0,0,0,0,0,2,2,0,0,0,2,0,2,0,2,2,2,2,0,0,0,0,0,0,0,0,0,0,0,2,2,0,0,2,0,0,0,2,2,0,2,0,0,2,2,0,2,2,0,2,0,0,2,2,0,2,2,0,0,0,0,0,0,0,2,2,0,0,0,2,0,0,0,0,0,0,0,0,2,2,0,2,0,0,0,0,2,0,2,0,0,0,0,0,0,0,0,2,0,2,0,2,0,0,0,2,2,2,0,2,2,0,0,0,0,0,0,0,0,2,0,0,2,2,0,2,0,0,2,0,0,2,0,0,0,0,2,0,0,0,2,0,NA,2,0,0,2,0,0,0,0,0,2,2,2,2,2,0,0,0,0,0,0,0,0,2,2,2,NA,2,0,2,0,0,2,0,2,0,0,0,0,2,0,0,2,0,2,0,0,2,2,0,NA,2,0,0,0,2,0,0,0,2,0,NA,0,2,0,0,0,0,0,2,0,0,0,0,0,0,0,0,0,2,0,0,2,0,2,0,0,0,0,0,0,2,0,0,2,2,0,2,2,2,0,2,2,0,0,2,0,0,2,0,2,2,0,0,0,0,2,0,0,0,0,2,0,0,0,0,2,0,0,2,0,2,0,0,0,2,2,0,0,0,2,2,2,2,0,0,0,2,0,2,0,0,0,2,0,0,0,0,0,0,0,0,0,0,0,2,2,0,2,0,2,2,0,0,0,0,0,0,0,0,0,2,0,0,0,0,0,0,0,0,0,0,0,0,0,0,0,0,2,0,0,0,0,2,2,0,0,0,0,0,0,0,0,0,0,0,0,0,0,0,0,0,0,0,0,2,0,0,0,2,0,0,0,2,0,2,0,0,0,0,0,2,0,0,0,2,2,0,0,2,0,0,0,0,2,0,2,2,2,0,2,2,0,0,0,2,0,2,0,2,0,0,0,2,2,0,2,2,0,0,0,2,2,2,2,2,2,0,0,0,2,0,2,0,2,0,0,0,0,0,0,0,0,0,2,0,2,2,2,0,0,0,0,2,0,0,0,2,0,0,0,0,0,0,0,0,0,0,0,2,0,2,NA,2,0,0,0,2,0,2,2,2,0,0,0,0,0,2,0,0,2,0,0,0,0,2,0,2,2,2,0,0,0,0,2,0,2,2,0,0,0,2,2,2,0,0,2,0,2,0,0,0,0,0,0,2,2,2,0,2,0,2,0,0,2,0,0,0,2,0,0,0,0,0,0,0,2,0,0,0,0,0,0,0,0,0,0,0,0,0,0,0,0,0,0,0,0,0,0,2,0,0,0,0,2,0,0,0,2,0,0,0,0,0,0,0,0,0,0,2,0,0,0,2,0,0,0,0,0,2,0,0,0,2,0,2,0,0,2,0,2,0,0,0,0,0,0,0,0,0,0,0,0,2,0,0,0,0,2,0,0,0,2,0,0,2,2,0,2,0,2,0,2,0,0,0,0,0,0,0,0,2,2,0,0,0,2,0,0,0,0,2,0,2,0,0,0,2,0,2,0,0,0,0,0,0,0,0,2,0,2,0,2,0,0,2,0,0,2,2,0,0,2,0,0,0,2,0,0,0,0,0,0,0,2,2,2,0,0,0,0,0,0,2,2,0,0,0,0,0,2,2,0,0,0,2,2,0,0,2,0,0,0,0,2,0,2,0,0,0,0,2,0,0,2,0,0,2,0,0,0,0,0,0,0,0,0,0,2,0,0,2,0,0,0,0,0,2,0,0,0,0,2,2,0,0,0,2,2,0,0,0,0,0,0,0,0,2,0,0,2,2,2,2,0,0,2,2,0,0,0,0,0,0,2,0,0,0,0,2,2,2,0,0,2,0,2,0,0,0,0,0,0,0,0,2,0,2,2,2,0,0,0,2,2,0,0,2,0,0,2,NA,0,0,0,0,0,2,0,0,0,0,0,2,0,0,0,2,2,0,0,0,0,2,0,2,0,0,2,0,0,0,2,0,2,0,0,0,0,2,2,0,0,0,2,2,0,0,0,2,0,0,0,0,2,0,0,0,0,0,0,2,0,2,0,2,2,0,0,0,2,0,0,0,0,0,2,2,0,2,0,0,2,0,2,2,0,0,2,0,0,0,0,0,0,2,0,0,0,0,0,0,0,2,2,0,2,0,0,0,0,0,0,0,0,0,0,0,2,0,2,2,0,2,0,0,2,0,0,0,0,0,2,0,0,0,0,0,0,2,0,2,0,0,2,0,2,0,0,0,0,0,0,2,0,0,0,0,0,2,0,0,0,0,0,0,0,0,0,0,0,0,0,0,0,0,0,0,0,0,0,0,2,2,0,0,0,0,0,0,2,0,0,2,0,0,0,0,0,0,0,0,0,0,0,2,2,2,0,0,0,2,0,0,0,0,0,0,0,0,2,0,0,0,2,0,2,0,0,2,0,0,2,0,2,0,2,0,0,0,2,0,0,0,0,0,0,0,2,0,0,2,2,2,0,0,0,0,0,0,2,0,0,0,0,0,0,0,2,2,0,0,0,2,0,0,0,0,2,2,2,0,0,0,0,2,0,0,0,2,0,2,0,0,0,0,0,0,2,2,2,0,0,0,2,0,0,0,0,0,0,0,2,2,0,0,0,0,0,0,0,0,0,2,0,0,0,2,2,0,0,0,0,0,0,0,0,0,0,0,0,0,0,0,0,0,0,0,0,0,0,0,2,0,0,2,0,0,0,2,2,2,0,0,0,0,0,0,0,0,0,2,0,0,0,0,0,0,0,0,0,2,0,0,2,0,0,0,0,0,0,0,0,0,0,2,0,0,0,0,0,0,0,0,2,0,0,0,0,0,0,2,0,0,0,0,0,0,0,2,2,0,0,0,0,0,0,0,0,0,2,0,0,0,0,0,0,0,0,0,0,0,2,2,0,0,2,0,0,0,0,0,0,2,0,0,0,2,0,0,2,2,0,0,0,0,0,0,0,0,0,0,0,0,0,2,0,2,0,0,0,0,0,0,0,NA,2,0,2,2,0,0,0,2,0,0,0,0,0,0,0,0,0,0,0,0,0,0,0,0,2,0,0,0,0,0,0,0,2,0,0,0,0,0,2,0,0,0,0,0,2,0,0,0,0,2,0,0,2,0,0,0,0,0,2,0,2,0,0,0,2,0,2,2,0,2,0,0,0,0,0,0,0,0,0,0,0,0,2,0,0,0,2,0,0,0,0,0,0,0,2,0,2,0,2,0,0,0,0,0,0,2,0,0,0,0,2,0,0,0,NA,0,0,0,0,0,0,0,0,0,0,0,0,0,0,0,0,0,0,0,0,0,0,2,0,0,0,0,0,0,0,0,0,0,0,0,2,2,0,2,0,0,0,0,0,0,2,2,0,0,2,0,0,0,0,2,0,2,0,0,0,0,0,2,0,0,0,2,0,0,2,0,0,0,0,2,2,0,2,2,0,0,2,2,0,2,0,2,0,0,2,0,2,0,2,0,0,2,0,0,0,2,0,0,2,0,0,0,2,0,0,0,0,0,0,0,0,0,0,0,0,2,2,0,0,0,2,2,0,0,0,0,0,0,0,0,0,0,0,0,0,0,0,0,0,2,0,0,0,0,0,0,0,0,0,0,2,0,0,2,0,0,0,0,0,2,2,0,2,0,0,0,0,2,0,0,0,0,0,0,0,0,0,2,0,0,0,0,0,0,0,0,0,0,0,0,0,0,2,0,0,0,0,0,0,2,0,0,2,2,0,0,0,0,0,2,0,0,0,0,0,0,0,2,0,0,0,0,0,0,0,2,0,0,0,2,0,0,2,2,0,0,0,2,0,0,0,0,0,0,2,2,0,0,0,2,0,0,0,0,0,0,0,2,0,0,0,2,0,2,0,0,0,0,0,0,2,0,0,0,0,2,0,0,0,0,0,2,0,0,0,0,0,0,0,2,0,2,0,0,2,0,0,0,0,0,2,0,0,0,0,0,0,0,0,0,0,0,0,0,0,2,0,0,0,0,0,0,0,0,2,0,0,0,2,0,0,0,0,0,0,2,0,2,0,0,0,2,0,2,0,2,0,0,0,0,2,0,0,0,0,0,0,0,0,0,2,0,2,0,0,0,0,0,0,2,0,0,0,0,2,0,0,2,0,0,0,0,0,0,0,0,0,0,0,0,0,0,0,2,0,2,0,0,2,0,0,0,0,2,0,0,0,0,0,0,0,0,0,0,0,2,0,2,0,0,2,0,2,0,0,0,2,0,0,0,0,0,0,0,0,2,0,0,2,0,0,2,0,0,2,2,0,2,2,0,0,0,2,0,0,0,0,2,0,0,2,0,0,0,0,0,0,0,2,0,0,2,0,2,0,0,0,0,2,0,0,2,0,0,2,2,2,0,0,0,2,0,0,2,0,0,0,0,0,0,2,0,0,0,0,0,2,0,0,0,2,0,0,2,0,0,0,0,0,0,0,0,0,0,0,2,0,0,0,0,0,0,2,2,0,0,2,0,0,0,0,0
"CC179",0,0,0,2,0,0,0,2,0,2,0,0,0,0,0,0,0,0,0,0,0,0,2,0,0,0,2,0,0,0,0,0,0,0,0,0,0,0,0,0,0,0,0,0,0,2,0,0,0,0,0,0,0,0,0,0,0,2,2,0,0,0,0,0,0,0,0,0,0,0,2,0,2,0,0,0,2,0,0,2,0,0,0,0,0,0,0,2,0,0,0,0,0,0,0,2,0,0,0,0,0,0,0,2,0,2,2,0,2,2,0,0,2,0,0,0,0,0,0,0,0,0,0,2,0,2,2,0,0,0,0,0,0,2,2,0,0,0,2,2,0,2,0,0,0,0,0,2,0,2,0,0,0,0,2,0,0,0,NA,0,0,0,0,0,0,0,0,2,0,2,0,0,2,0,0,0,0,2,0,0,0,2,2,0,0,0,2,0,0,2,0,0,0,0,0,0,0,0,0,0,0,0,0,0,0,NA,0,0,2,0,2,0,2,0,0,2,0,0,2,0,2,0,0,0,2,0,0,2,0,0,2,0,0,0,0,2,0,NA,0,0,2,0,0,0,0,0,2,0,0,0,0,0,0,0,0,0,0,2,0,0,0,0,0,0,2,0,2,0,0,0,0,0,0,2,0,2,0,0,0,0,0,0,0,0,0,0,0,0,0,0,0,0,0,0,0,2,0,0,2,2,0,2,0,0,2,0,2,0,2,0,0,0,0,0,2,0,0,0,2,0,0,0,0,0,0,0,0,0,2,0,0,0,2,0,0,2,2,0,0,0,0,0,0,0,0,0,0,0,2,0,0,2,0,2,0,0,0,0,0,0,0,0,0,0,2,0,0,0,0,0,0,2,0,0,0,0,0,0,2,0,0,0,0,0,0,2,0,2,0,0,2,2,0,2,2,2,2,0,0,0,0,0,0,2,2,2,2,0,0,2,0,0,0,0,0,0,2,0,0,2,0,0,0,0,0,0,0,0,2,0,0,0,0,0,2,0,0,2,0,2,2,0,0,0,2,0,2,2,2,0,0,2,0,0,0,0,0,0,0,2,0,0,0,0,0,0,2,0,0,0,2,0,0,2,0,2,0,2,0,2,0,2,2,0,0,2,2,0,2,0,0,2,0,0,0,0,0,2,0,2,0,0,0,0,0,2,0,0,0,2,0,0,2,0,0,0,0,0,0,2,2,0,0,0,2,2,2,2,0,0,0,NA,0,2,0,2,0,0,0,0,0,0,0,0,2,0,NA,0,0,2,0,0,0,0,0,0,0,0,2,0,0,2,2,2,0,0,0,0,0,2,0,0,0,0,0,0,0,0,0,2,2,0,0,0,0,0,0,0,0,2,0,0,0,0,0,0,2,0,0,2,0,2,0,2,2,2,2,2,0,0,2,0,0,0,0,2,0,2,2,0,0,0,0,0,2,0,0,0,2,0,0,0,0,0,0,0,0,0,0,0,0,0,2,0,2,0,0,2,0,0,0,0,0,0,0,0,2,0,2,0,0,2,0,0,0,0,2,0,0,0,0,0,0,0,0,0,0,2,0,0,0,0,0,0,0,0,0,0,0,0,2,0,0,0,2,0,0,2,2,2,2,0,2,0,0,0,0,2,2,0,0,0,0,0,0,0,0,0,0,0,0,0,0,0,0,0,0,0,0,0,0,0,0,2,0,0,0,0,0,0,0,0,0,0,2,0,0,0,0,0,0,0,0,0,2,0,0,0,2,0,0,0,0,0,0,0,0,0,0,0,0,0,0,0,0,0,0,0,0,0,0,0,2,0,2,0,0,0,0,0,0,NA,2,0,0,0,2,0,0,0,0,0,0,0,0,0,0,0,0,2,0,0,0,0,0,0,0,0,0,0,0,0,2,0,0,0,0,2,0,0,2,2,0,0,0,0,2,2,0,0,0,0,2,0,0,0,0,2,0,2,0,2,0,0,2,0,0,0,0,0,0,0,0,2,0,0,0,0,0,0,2,0,0,0,2,2,0,0,0,0,0,2,0,0,2,0,0,0,0,2,0,0,0,0,0,0,0,0,2,0,0,0,0,0,2,0,2,0,0,0,0,0,0,0,0,0,0,0,0,0,0,2,2,2,0,0,0,0,0,0,2,2,0,2,2,0,0,0,2,0,0,2,0,0,2,0,0,0,0,0,0,0,0,0,0,0,0,0,0,0,0,0,2,0,0,0,0,0,0,2,0,0,0,0,0,0,0,2,0,0,0,0,0,0,0,0,0,0,0,2,2,2,2,0,0,0,0,2,0,0,2,2,2,0,0,0,0,0,2,0,0,0,0,0,0,0,0,0,0,2,0,0,0,0,0,2,0,0,0,2,2,0,0,0,0,2,0,0,0,0,0,0,0,0,0,0,0,0,2,0,0,0,0,0,0,0,0,2,2,0,0,2,0,0,0,0,0,2,0,0,2,0,2,0,0,0,2,2,0,0,0,0,2,0,0,0,2,2,0,0,0,0,0,0,0,2,0,0,0,0,0,0,0,0,0,0,0,0,0,0,2,0,0,2,0,0,0,2,2,0,0,0,0,2,0,0,0,0,0,0,2,0,2,2,0,0,0,0,0,0,0,0,0,0,0,0,0,0,0,0,0,0,0,0,0,0,0,0,0,2,2,2,0,0,0,2,0,0,2,2,0,0,0,0,0,2,0,0,0,0,0,0,0,0,0,0,0,0,0,0,0,0,2,0,0,0,0,0,0,0,0,2,0,0,0,0,0,0,0,0,0,0,0,0,0,0,0,0,0,2,2,0,0,0,0,0,0,2,0,0,0,0,0,0,0,0,0,0,0,0,2,2,0,0,0,0,2,0,0,0,0,0,0,0,2,2,0,0,0,2,0,0,0,0,0,2,0,0,0,NA,0,0,2,0,0,0,0,0,0,0,0,0,2,0,0,2,0,0,0,2,0,2,0,0,0,0,0,0,0,0,0,0,0,0,2,0,0,0,0,0,0,0,0,0,0,0,2,0,0,0,0,0,2,0,0,0,2,0,0,0,0,0,0,0,0,0,0,0,0,0,0,0,2,0,0,2,0,0,0,0,0,0,0,2,2,0,0,0,0,0,0,0,0,0,0,2,0,0,2,0,0,2,0,0,0,0,2,0,0,0,0,0,0,0,0,0,0,0,0,0,0,0,0,0,0,0,0,0,0,2,0,0,0,0,0,0,0,2,0,0,NA,0,0,0,2,0,0,0,0,0,0,0,0,0,2,0,2,0,0,0,0,2,0,0,0,0,0,0,0,0,0,0,2,0,0,0,2,0,0,2,2,0,2,2,0,0,2,2,0,2,0,0,0,0,2,2,2,0,0,2,0,0,0,0,2,2,0,0,2,0,2,0,0,2,0,0,2,0,0,0,0,2,0,0,0,0,0,0,2,0,0,2,0,0,0,0,2,2,0,0,0,0,0,2,0,0,0,2,0,0,2,0,2,0,2,2,0,0,2,0,0,0,0,0,0,0,0,0,0,0,0,0,0,0,0,0,0,0,0,0,0,0,0,0,0,0,0,0,0,2,0,0,0,0,2,0,0,2,0,2,0,0,0,0,0,0,0,0,2,0,2,0,0,0,2,2,0,0,0,0,0,2,0,0,0,0,0,0,0,0,0,0,0,0,0,0,0,2,0,0,0,0,2,0,0,0,0,0,0,0,0,0,2,0,0,0,2,0,2,0,0,0,2,0,0,0,0,0,2,0,0,2,0,0,2,0,0,2,0,0,2,0,0,0,0,2,0,2,0,0,0,0,0,2,2,0,0,0,0,0,0,0,0,0,0,0,0,0,2,2,0,0,0,0,0,2,0,0,0,2,0,0,2,2,0,0,2,0,0,0,2,0,2,0,0,0,0,2,0,0,2,0,0,0,0,0,0,0,0,2,2,0,0,0,0,0,0,0,0,0,0,0,0,0,0,2,0,0,0,2,0,0,2,0,0,2,0,0,0,0,2,0,0,0,0,0,0,0,0,0,0,0,0,0,2,2,2,0,0,0,0,0,0,0,0,0,0,0,0,2,0,0,0,2,0,0,0,0,2,0,0,0,0,2,0,0,0,0,0,0,0,0,2,2,0,0,0,0,2,0,2,0,0,0,0,0,0,0,0,0,0,0,0,0,0,2,0,0,0,0,0,0,0,2,0,0,0,0,0,0,2,0,0,2,0,0,0,0,0,0,0,2,0,0,0,0,0,0,0,0,0,0,0,0,0,0,0,0,2,0,2,0,0,0,0,0,0,0,0,0,2,0,0,0,0,0,0,2,0,0,0,0,0,2,2,0,2,0,0,0,0,0,0,0,0,0,0,0,0,0,2,0,0,0,0,0,0,2,2,0,0,0,2,2,0,0,0,0,0,0,0,0,2,0,0,0,2,0,0,0,0,0,0,0,0,0,0,0,0,0,0,2,2,0,2,0,0,0,2,2,0,0,0,0,0,0,0,0,0,0,2,0,2,0,0,2,2,0,0,0,0,0,0,0,0,0,0,0,2,0,0,0,0,0,0,2,0,NA,0,2,0,0,0,0,0,0,0,0,2,0,0,0,0,2,0,0,0,0,0,2,2,0,0,0,0,0,2,2,0,0,0,0,0,0,0,0,0,0,2,2,0,2,0,0,0,2,0,0,0,0,0,0,0,0,2,0,0,0,0,0,2,0,0,0,2,2,0,2,0,0,0,0,2,0,2,0,0,0,0,0,2,0,0,0,0,0,2,0,0,0,0,0,2,0,0,0,0,2,0,2,0,0,2,0,0,2,2,0,2,0,0,2,2,2,0,2,2,0,2,0,2,0,0,2,0,0,0,0,0,2,2,0,0,2,0,0,0,2,0,2,0,0,2,0,0,0,0,2,0,0,0,2,2,2,0,0,2,0,0,2,0,0,0,2,2,2,0,0,0,2,0,0,0,0,0,0,0,2,0,2,2,0,0,0,0,0,0,0,0,0,2,2,2,0,2,0,0,0,0,0,2,0,0,2,0,0,0,0,2,0,2,2,0,0,0,2,0,2,2,2,0,0,0,0,0,0,NA,2,2,2,0,2,2,0,2,0,2,2,0,0,0,0,0,0,0,0,0,0,0,0,0,0,0,0,0,2,0,2,0,0,0,0,0,0,0,0,0,0,2,2,0,2,2,0,2,0,0,0,0,2,0,0,0,2,0,0,0,0,0,0,0,0,0,0,0,0,2,2,2,0,0,2,0,0,2,0,0,2,0,0,0,0,0,0,2,0,0,0,2,0,0,0,0,0,0,0,0,2,NA,0,0,0,2,0,0,0,0,0,0,0,0,0,0,0,0,0,0,0,0,0,0,0,0,0,0,0,0,0,2,0,0,0,0,0,0,0,0,0,0,0,0,0,2,0,0,0,0,0,0,0,0,0,2,0,0,0,0,0,0,0,0,0,2,0,0,2,0,2,0,0,2,0,2,2,2,2,2,0,0,0,0,0,0,2,0,2,0,0,2,0,0,0,0,0,0,0,2,2,0,0,0,2,0,0,0,2,0,0,0,0,0,2,0,0,0,0,0,0,0,0,2,0,0,2,0,2,0,2,0,0,0,0,0,2,2,0,0,2,0,2,0,2,0,0,0,0,0,0,0,2,0,2,0,0,0,0,0,0,0,2,0,0,0,0,0,0,0,0,2,0,0,0,2,0,0,2,0,0,0,0,0,0,0,2,0,0,0,0,0,0,0,0,0,0,0,0,2,2,0,0,0,0,2,0,0,0,0,2,0,0,0,0,0,0,0,0,0,0,0,0,0,0,0,0,0,2,0,0,0,0,0,2,0,0,0,0,2,0,0,0,0,0,0,0,0,0,2,2,0,0,0,2,0,0,2,0,0,0,2,0,0,0,0,2,0,0,0,0,0,0,0,2,2,0,0,0,0,2,0,0,0,0,0,0,0,0,0,2,0,0,0,0,0,0,2,0,0,0,0,0,0,2,2,0,0,0,2,2,0,0,2,0,2,0,0,2,2,0,0,2,0,0,0,0,0,0,2,0,0,0,0,0,0,2,0,2,0,2,0,0,NA,0,2,0,0,0,0,0,0,0,0,0,2,0,0,0,0,0,0,0,2,2,0,0,0,0,2,0,0,0,2,0,0,0,0,0,0,2,2,2,2,0,2,0,0,0,0,0,0,0,0,0,2,0,0,0,0,0,0,0,2,0,2,0,0,0,2,0,0,0,0,0,2,2,0,0,2,0,0,0,0,0,0,0,0,0,0,0,0,0,0,0,0,0,0,0,0,2,0,0,0,0,0,0,0,0,2,0,0,0,0,0,0,2,2,0,2,0,0,0,0,2,0,0,0,0,2,2,0,2,2,0,0,0,0,2,0,0,0,0,0,0,2,0,0,0,0,0,0,0,0,0,0,0,0,0,0,0,0,2,0,0,0,0,0,0,0,0,0,2,0,0,0,0,0,0,0,0,0,0,0,0,0,0,2,0,0,0,0,2,2,0,2,0,0,0,0,0,0,0,0,2,2,0,0,0,0,2,0,0,2,2,0,0,0,2,0,0,0,0,2,0,0,0,0,0,0,0,0,0,0,0,0,0,0,0,0,0,0,0,0,0,0,0,2,2,0,0,0,0,0,0,0,0,2,0,0,2,0,0,2,2,2,0,0,2,2,0,0,2,0,0,0,0,0,2,0,2,0,0,2,0,2,0,0,0,0,2,2,0,0,0,2,0,0,0,2,0,0,0,0,0,0,0,0,0,0,2,2,0,0,0,0,0,0,0,0,0,0,0,0,0,0,0,0,2,0,0,2,2,0,0,0,0,0,2,0,2,0,0,0,NA,2,0,2,0,0,0,0,2,0,0,0,0,0,0,0,0,0,2,0,2,0,0,0,0,0,0,0,2,0,0,0,0,0,0,0,0,0,0,2,0,0,0,0,2,0,2,0,0,0,0,0,0,0,0,0,2,0,0,0,0,0,2,0,0,0,2,2,2,2,0,2,0,2,0,0,0,0,0,2,0,0,0,0,0,2,2,0,0,0,0,0,0,2,0,0,0,0,0,0,0,0,2,0,0,2,0,2,0,0,0,0,2,0,0,0,2,2,0,0,0,0,0,0,2,0,0,0,0,0,0,0,2,0,0,0,0,2,0,2,2,0,2,0,0,0,0,0,2,0,0,0,2,2,2,0,0,2,0,0,0,2,0,0,0,0,0,0,0,0,2,0,0,0,2,0,0,0,2,2,0,0,0,0,0,0,0,0,0,0,0,0,0,0,0,0,0,0,0,0,0,0,0,0,0,0,0,2,0,0,0,0,0,2,0,0,0,0,0,0,0,0,0,0,0,0,0,0,0,0,0,0,0,0,0,0,0,0,0,0,0,0,0,2,0,0,0,0,2,0,0,0,0,2,0,0,0,0,0,0,0,0,0,0,0,2,0,2,0,2,0,0,2,2,0,0,0,0,0,0,0,0,0,0,0,2,0,0,0,0,0,2,0,0,0,0,0,2,2,0,2,0,0,0,2,2,0,0,0,0,0,0,0,0,0,0,0,0,0,0,0,0,2,0,0,0,0,2,0,0,0,0,0,0,0,2,0,0,2,0,0,0,0,0,0,0,2,0,2,0,0,2,0,0,0,0,0,0,0,0,0,0,0,0,0,0,0,0,0,0,0,0,0,0,0,0,0,0,0,0,0,0,0,0,2,0,0,0,0,0,2,0,0,2,0,0,0,0,0,0,2,0,0,0,2,0,0,0,0,0,0,0,0,0,0,2,0,0,0,0,0,0,0,2,0,0,0,2,0,0,0,0,0,0,0,0,0,0,0,0,0,0,0,0,0,0,0,0,0,0,0,0,0,2,0,0,0,0,0,0,0,0,0,0,0,0,0,0,2,0,2,2,2,0,2,2,0,0,0,0,0,0,0,0,0,0,0,0,2,2,2,0,0,0,0,2,0,2,2,NA,0,0,0,0,0,0,2,0,0,0,0,0,0,0,0,0,0,0,0,2,0,0,0,0,0,0,0,0,0,0,0,0,0,0,0,0,0,2,0,0,0,0,0,0,0,0,0,0,0,0,0,0,0,0,2,0,0,2,0,0,0,0,0,0,0,2,2,0,0,0,0,2,0,0,0,0,0,0,0,2,0,0,0,0,0,0,0,0,0,0,0,0,0,0,0,0,0,0,0,0,0,0,0,0,0,0,0,0,0,0,0,0,2,2,0,0,0,0,0,0,0,2,2,0,2,0,0,0,0,0,0,0,0,0,0,0,0,0,0,2,0,0,2,2,0,0,0,0,0,0,0,0,0,0,0,0,0,0,0,0,0,0,0,0,0,0,0,2,0,0,0,0,0,0,0,0,0,0,2,0,2,0,0,2,0,2,0,0,0,0,0,0,0,0,0,0,0,0,0,2,2,0,0,0,0,0,0,0,0,0,0,2,0,0,0,0,2,0,0,0,0,0,2,2,0,2,0,2,0,0,2,0,0,0,2,0,0,0,0,0,0,2,0,0,0,0,0,0,0,0,0,0,2,0,0,0,0,2,0,0,0,0,0,0,2,2,0,0,0,0,2,0,0,0,0,0,0,0,0,2,0,2,0,0,0,2,0,0,0,2,0,2,0,2,2,0,0,0,0,2,0,0,0,2,0,0,0,2,2,2,2,0,0,0,0,0,0,0,0,2,0,0,2,0,0,0,0,0,0,0,0,0,0,0,0,2,0,0,0,0,2,0,2,0,0,0,0,2,0,0,0,0,0,0,0,0,0,2,0,0,0,0,0,2,2,0,0,0,0,2,0,0,0,0,2,0,0,0,2,0,0,0,0,0,0,0,0,0,0,0,0,0,0,0,0,2,0,2,0,0,0,0,2,2,0,2,2,0,2,0,0,2,2,0,2,2,0,0,0,0,0,0,2,0,2,2,2,0,2,0,0,2,0,2,0,0,0,0,0,2,0,0,0,2,2,2,0,0,2,0,2,2,2,0,0,2,0,0,0,0,0,2,2,0,0,0,0,0,2,0,2,0,0,0,2,2,0,2,2,0,0,0,0,0,0,0,0,0,0,0,0,0,0,2,2,0,0,2,0,0,0,0,2,0,2,0,0,0,0,0,0,0,0,0,0,2,0,0,0,2,0,0,0,0,0,0,0,0,0,2,0,0,2,2,0,0,0,2,0,0,0,0,0,0,0,2,0,0,0,0,0,2,0,0,0,0,2,0,0,0,0,0,0,0,0,0,0,0,0,2,0,2,0,0,0,2,0,2,0,0,0,0,0,0,NA,0,0,0,0,0,2,0,0,0,0,0,0,0,0,2,0,2,2,0,0,0,2,0,0,0,0,2,0,0,0,0,0,0,2,0,2,2,0,0,0,0,2,NA,0,0,0,0,2,0,0,0,0,0,0,2,2,2,0,0,0,2,0,0,0,0,0,2,0,0,0,0,2,2,2,0,2,0,0,2,0,0,0,0,2,0,0,0,2,0,0,2,0,2,0,0,0,0,2,0,0,2,0,0,0,2,0,0,0,2,2,2,0,0,0,2,2,0,0,0,0,0,2,0,0,0,2,0,0,2,0,0,0,0,0,2,0,0,0,0,2,0,2,0,0,0,0,0,0,0,0,0,0,2,0,0,2,0,2,2,0,0,0,2,0,0,0,0,0,0,0,2,0,0,0,0,2,0,0,2,0,0,0,0,2,2,0,0,0,0,0,0,2,0,0,2,0,0,0,0,0,0,0,2,0,0,2,0,0,2,0,0,0,0,2,0,2,0,0,2,2,0,0,0,0,0,2,0,2,2,0,0,0,0,2,0,0,0,0,0,0,2,0,0,0,0,0,0,0,0,0,0,2,0,2,0,0,2,0,0,0,0,2,0,0,0,0,0,0,0,0,0,0,0,2,0,2,2,0,0,NA,2,2,2,2,2,0,2,0,0,0,0,0,0,0,0,2,0,0,0,0,0,0,0,2,0,0,0,0,0,0,0,0,2,0,0,0,0,0,0,0,0,0,2,0,0,0,0,0,0,0,2,0,0,2,2,0,2,0,2,2,0,2,0,0,0,0,0,2,2,0,0,2,2,2,0,0,2,2,0,0,2,2,0,0,2,0,2,0,0,2,0,2,0,0,0,0,0,0,0,2,0,0,2,2,0,0,2,0,2,0,0,0,0,0,0,0,0,0,0,0,0,0,0,0,0,0,0,0,0,0,0,2,0,0,0,2,2,0,2,2,2,0,0,0,2,0,2,0,2,0,2,0,0,2,0,0,2,0,0,0,0,0,0,0,2,2,0,0,0,0,0,2,2,0,0,0,2,2,0,0,2,0,0,0,0,2,2,0,0,0,0,0,0,2,2,0,2,0,0,0,0,0,0,0,0,0,0,0,0,0,0,0,0,0,0,0,0,2,0,2,2,0,2,NA,0,0,0,0,0,0,2,2,0,0,0,0,0,2,0,0,2,0,0,2,2,2,0,0,0,2,0,2,0,2,2,0,2,2,0,2,0,0,0,0,0,2,0,0,0,0,0,0,0,0,0,0,0,0,0,0,0,0,0,0,0,2,0,0,0,0,0,2,2,0,0,0,2,0,0,0,0,0,0,0,0,0,0,0,0,2,2,0,0,0,0,0,0,0,2,0,0,0,2,0,2,0,2,0,0,0,0,0,0,0,0,0,0,0,0,0,0,0,0,2,0,0,0,0,0,2,2,0,0,0,0,0,2,0,2,2,0,2,0,0,0,2,0,2,2,2,2,2,2,0,0,0,0,2,0,0,2,0,0,0,0,2,0,0,0,0,0,2,2,0,0,0,0,2,0,0,0,0,0,0,2,0,0,2,0,0,0,0,0,2,2,2,0,0,2,2,2,0,0,0,0,0,0,2,0,0,0,0,0,0,2,0,0,2,0,0,2,0,0,NA,0,0,0,0,0,0,0,2,0,0,2,0,0,0,0,2,0,2,2,0,0,0,0,0,2,0,0,0,0,0,0,2,0,0,0,0,0,0,0,0,0,0,2,0,0,0,0,0,0,2,2,2,2,0,2,0,0,0,2,0,0,0,0,0,0,0,2,2,2,0,0,0,2,0,0,0,0,0,0,2,2,0,2,0,0,2,2,0,2,0,2,0,2,2,0,2,0,0,2,0,0,2,0,0,0,0,0,0,0,2,2,0,0,0,0,0,0,0,0,2,0,0,0,0,2,0,0,0,2,0,0,0,0,0,0,0,0,0,0,0,0,0,0,0,0,2,2,0,0,0,2,0,0,2,0,0,0,0,0,0,0,0,0,0,0,0,0,0,2,0,0,0,0,0,0,0,0,0,2,0,0,0,0,0,0,2,0,2,0,0,0,0,2,0,0,2,0,0,0,0,2,0,0,0,0,0,0,0,0,2,0,2,2,2,0,0,0,0,2,0,0,2,0,2,0,0,2,0,0,0,0,0,0,0,0,0,0,0,0,2,2,0,0,0,0,0,0,0,2,0,0,0,0,0,0,2,0,0,0,0,0,2,2,0,0,2,0,0,0,0,0,0,0,0,0,0,0,2,0,2,0,0,0,0,2,2,0,0,0,0,0,0,0,0,0,0,0,2,0,0,0,0,0,0,0,0,2,0,0,0,2,0,0,0,0,0,0,0,0,0,2,0,0,0,0,0,0,0,0,2,0,2,2,0,0,0,0,0,0,0,0,0,0,0,0,0,2,0,0,0,0,0,0,0,2,0,0,0,2,0,0,2,2,2,0,0,0,0,0,0,0,0,0,2,2
"CC18",0,0,0,0,0,0,0,2,0,0,0,0,0,0,2,0,0,0,2,0,2,2,0,0,2,0,0,0,2,0,0,0,2,0,2,0,0,0,0,2,2,0,0,0,0,2,0,2,0,0,0,0,0,0,0,0,2,0,0,0,0,0,2,0,2,0,0,0,0,0,0,0,0,2,0,0,0,0,0,2,0,0,0,0,0,0,0,0,0,0,0,2,0,0,2,0,0,0,2,2,0,0,0,0,2,0,0,0,0,0,0,2,0,0,0,0,0,0,0,2,0,0,0,0,0,0,0,0,0,0,2,0,0,0,0,0,0,2,0,0,0,0,2,0,0,NA,0,0,0,0,0,2,0,0,2,0,0,0,2,2,2,0,0,0,0,2,0,0,0,0,0,0,0,2,0,0,0,0,0,2,0,2,0,0,2,0,0,0,0,2,2,0,2,0,2,0,0,NA,0,0,0,0,0,0,0,0,0,0,2,0,2,0,0,0,0,0,0,0,0,2,2,0,2,0,0,0,2,2,0,2,0,0,2,2,2,0,0,0,0,0,2,0,0,0,0,2,0,0,2,0,0,0,0,0,0,0,0,0,0,0,0,0,0,2,2,2,2,0,0,2,0,0,0,2,2,0,0,0,0,2,0,0,0,0,0,0,0,0,0,2,0,0,0,2,0,2,2,0,2,2,0,0,0,2,2,0,0,0,NA,0,0,2,0,0,0,0,0,2,0,0,0,2,2,0,0,0,0,0,0,2,0,2,2,0,0,0,0,0,0,0,0,0,0,0,0,0,0,0,0,0,0,0,2,0,0,0,0,2,0,0,2,0,0,2,0,2,2,0,2,0,0,0,2,0,0,0,0,0,0,0,0,0,2,0,0,0,2,0,2,2,0,0,2,0,0,0,0,0,0,0,0,0,NA,2,0,2,0,0,0,2,0,0,0,0,0,0,0,0,2,0,0,NA,2,0,0,0,0,2,0,0,2,0,0,0,0,0,0,0,0,0,0,0,0,0,0,2,0,0,0,0,0,0,0,0,2,2,0,2,0,0,0,NA,2,0,0,0,0,0,2,0,0,0,0,0,0,0,0,NA,2,0,2,0,0,2,0,2,0,0,0,0,0,0,0,2,2,0,0,0,0,2,0,0,0,0,0,0,0,0,2,0,0,0,0,0,0,0,0,0,0,2,0,0,2,2,0,0,0,0,0,0,0,0,0,0,0,0,0,0,0,0,0,0,0,2,0,0,2,0,0,0,2,0,0,0,0,0,0,0,2,0,0,2,0,0,2,2,0,2,0,0,0,0,0,0,2,2,2,0,2,2,2,2,0,2,2,0,2,0,0,2,0,0,0,0,0,0,0,0,2,0,0,2,0,2,0,0,2,2,0,0,0,0,0,0,0,0,2,0,0,0,2,0,0,0,0,2,0,0,0,0,0,0,0,2,2,0,0,0,0,2,0,0,0,0,0,2,0,2,0,0,0,0,0,0,0,0,2,0,0,0,NA,0,0,0,0,2,0,0,0,NA,2,0,0,0,2,2,0,0,0,0,0,2,2,0,2,0,0,0,2,2,0,0,0,0,0,2,0,2,NA,2,0,0,0,0,0,0,0,0,2,0,0,0,2,0,0,0,0,0,0,0,0,0,0,2,0,0,0,0,0,0,0,0,0,0,0,0,0,0,2,0,0,0,0,0,0,0,2,2,2,2,0,0,2,2,0,0,0,0,0,0,0,0,0,0,2,2,2,0,2,0,0,0,0,2,0,0,0,2,0,2,0,0,0,2,0,0,0,2,2,0,0,0,0,0,0,2,0,2,0,0,0,0,0,2,0,0,0,2,0,0,0,0,0,2,0,0,0,0,0,0,0,2,0,2,0,2,2,0,0,2,2,0,0,0,0,0,0,0,0,2,0,2,0,0,0,0,0,0,0,0,2,2,2,0,0,0,0,2,0,0,2,0,0,0,2,0,2,0,0,0,0,0,0,2,2,0,0,0,2,0,0,0,0,0,0,0,NA,0,0,0,0,0,0,0,0,2,2,0,2,0,0,0,2,0,0,0,0,2,0,NA,0,0,0,0,0,NA,0,2,0,0,2,NA,0,2,0,0,0,2,0,0,2,2,0,2,2,0,2,0,0,0,2,0,0,2,2,0,0,0,2,0,0,2,2,0,0,0,0,2,0,2,2,0,0,0,0,0,2,0,0,0,0,0,0,0,0,0,0,0,2,2,0,0,0,0,0,0,2,0,0,0,0,2,2,0,0,0,0,0,0,0,0,0,0,0,0,0,0,2,0,0,0,0,0,0,0,0,0,0,0,0,2,0,2,0,2,0,0,0,0,2,2,0,0,0,0,0,2,2,2,0,0,0,0,0,0,2,0,0,0,0,0,0,0,0,2,0,2,0,0,0,0,0,0,0,0,2,0,0,0,0,0,0,0,2,NA,0,0,0,0,0,0,0,0,2,0,2,0,0,0,0,0,0,0,2,0,0,0,0,0,0,0,0,0,0,0,0,0,0,0,0,0,0,0,0,0,0,0,2,0,0,0,0,0,0,0,0,2,2,0,0,2,0,2,0,0,0,0,2,2,2,0,0,0,0,0,2,0,2,0,0,0,0,0,0,0,0,0,0,0,0,0,0,0,0,0,2,0,2,0,2,2,2,0,0,0,2,0,0,0,2,2,2,0,0,0,0,0,0,2,0,0,2,0,0,0,2,2,0,0,0,2,2,0,0,0,NA,0,2,0,2,2,0,0,0,0,0,0,0,2,0,0,2,0,0,0,0,2,0,0,2,NA,2,2,0,2,0,2,0,0,0,0,0,0,0,0,0,0,0,2,0,2,0,0,0,0,0,2,0,0,0,0,0,0,0,NA,0,2,2,2,0,NA,2,0,2,0,0,0,0,2,2,2,2,2,0,2,0,2,0,0,2,0,0,0,2,2,0,0,0,2,0,2,0,0,0,0,2,0,0,2,NA,2,2,0,0,0,0,0,2,2,0,0,0,0,0,2,0,0,0,2,0,0,2,0,0,0,0,2,0,0,0,0,0,2,2,0,0,0,0,0,0,0,0,0,2,0,2,0,0,0,0,0,0,0,2,0,0,0,0,0,0,0,0,0,0,2,2,0,0,0,0,0,0,0,0,0,0,0,0,0,2,2,0,0,2,0,0,2,2,2,0,2,0,0,2,0,0,0,0,0,2,0,0,0,0,0,0,0,0,0,0,0,0,0,0,0,0,0,0,0,0,2,0,0,0,0,0,0,0,0,0,0,0,0,0,0,0,2,0,0,2,0,0,0,0,2,0,0,0,0,2,2,0,0,0,0,0,0,0,0,0,0,0,0,0,2,0,0,2,0,2,0,0,0,0,2,0,0,2,0,0,2,0,0,2,0,0,0,0,2,0,2,0,0,0,2,0,0,0,0,0,0,0,2,2,0,0,0,2,0,0,0,0,0,2,0,0,0,0,0,2,0,0,0,0,0,0,2,0,0,0,0,0,0,2,0,2,0,0,2,0,0,0,0,0,0,0,0,0,0,2,0,0,0,0,2,0,0,2,0,0,0,2,0,2,0,0,2,2,0,0,0,0,0,2,0,0,0,0,0,0,0,0,0,2,0,0,0,0,0,0,0,2,0,0,0,0,2,2,0,0,0,0,0,0,0,0,0,0,0,0,0,2,0,0,0,0,0,0,0,0,0,2,2,0,0,0,0,0,0,0,0,2,0,0,2,0,0,0,0,0,0,0,0,0,0,0,0,0,0,0,0,0,0,2,0,0,0,2,0,0,0,0,2,0,0,0,0,0,0,0,0,0,0,0,0,0,0,0,0,2,0,0,0,0,0,2,0,0,0,0,0,0,0,0,0,2,0,0,0,0,0,0,0,2,0,0,0,0,0,0,0,0,2,0,0,0,0,0,2,0,2,0,0,0,0,2,0,2,0,0,2,0,2,0,0,2,0,0,0,0,0,0,2,0,0,0,2,0,0,0,0,0,0,0,0,0,0,0,0,0,0,0,0,0,0,0,0,0,0,0,0,0,0,0,0,0,0,0,0,0,0,2,0,0,0,0,0,0,0,0,0,0,0,2,0,2,0,0,0,0,0,0,0,0,0,0,0,0,2,0,0,0,0,0,0,0,0,0,0,0,0,0,0,0,0,0,0,2,0,0,0,0,2,2,0,0,2,0,0,0,0,2,2,0,0,0,2,2,0,0,0,0,0,0,2,0,0,0,0,0,2,0,0,0,0,0,0,0,0,0,0,0,2,0,0,0,0,0,0,2,0,2,0,0,0,0,0,0,0,0,0,0,0,2,2,2,0,2,0,2,0,0,2,2,2,0,0,0,0,0,0,2,0,0,0,0,2,0,0,0,0,0,0,0,0,0,0,0,0,0,0,0,0,0,0,0,0,0,0,NA,0,0,2,0,0,0,0,0,0,0,0,0,0,0,2,2,0,2,2,0,0,0,0,0,0,2,0,2,0,0,2,2,0,0,0,0,0,0,2,0,0,2,0,0,0,0,0,2,0,2,0,0,0,0,0,2,0,0,2,0,0,0,0,2,0,2,0,NA,0,0,0,0,0,0,2,2,0,NA,0,0,0,2,0,0,2,0,0,0,0,2,0,0,0,0,2,0,0,0,0,0,0,0,0,0,0,0,2,0,2,2,0,2,2,0,0,0,0,0,0,0,0,0,0,0,2,0,2,2,0,0,0,0,2,2,2,2,0,2,0,0,0,0,0,0,0,0,0,0,0,0,0,0,0,0,0,0,0,0,0,2,0,0,0,0,2,2,0,0,0,0,0,0,0,2,0,0,0,2,0,0,0,0,0,0,0,0,0,0,0,0,2,0,NA,0,0,0,2,0,0,0,0,0,0,0,0,0,0,0,0,0,0,2,0,0,0,0,0,0,0,0,0,0,2,0,0,0,0,0,0,0,0,0,0,0,0,0,0,0,0,2,0,2,0,0,2,2,0,0,2,0,0,2,0,0,0,0,2,0,0,2,0,0,2,0,2,0,0,0,0,0,0,2,0,2,0,0,0,0,2,0,0,0,0,0,0,0,0,0,0,0,NA,2,0,2,2,0,0,0,0,0,0,0,0,0,0,2,0,0,0,0,0,0,0,0,0,0,2,0,0,0,0,2,0,0,2,0,2,0,2,0,2,0,0,0,0,0,0,0,0,0,2,0,2,0,0,0,0,0,0,0,2,0,0,0,0,0,0,0,0,0,0,0,0,2,0,0,0,0,0,0,0,0,2,0,0,0,0,0,0,0,0,0,0,0,0,0,0,0,0,0,0,0,2,0,0,0,2,2,0,0,0,0,0,0,2,0,0,2,0,0,0,0,0,0,0,2,0,2,2,0,0,0,0,0,2,0,0,2,0,2,0,0,0,0,0,0,0,0,0,0,0,0,0,0,0,0,0,2,0,0,0,0,0,0,2,2,0,0,0,0,0,0,0,0,0,0,0,0,0,0,0,0,0,0,0,0,0,0,0,0,0,0,0,0,0,0,0,0,0,0,0,0,0,0,0,0,0,2,0,2,0,0,0,0,0,0,0,0,0,0,0,0,0,0,0,0,0,0,0,0,0,0,0,0,0,0,2,0,0,0,0,0,2,0,0,0,2,2,0,2,0,2,2,0,0,0,2,0,0,2,2,0,0,0,0,0,0,0,2,2,2,0,0,0,0,0,0,0,0,0,0,2,0,0,0,0,0,0,0,0,0,0,0,2,0,0,0,0,0,2,0,0,0,0,0,0,0,0,0,0,0,0,0,0,0,0,2,0,2,0,0,0,2,0,0,0,2,0,2,0,0,0,0,2,0,0,0,0,0,2,0,0,0,0,0,2,0,0,0,0,0,0,0,0,0,2,2,0,0,0,0,0,0,2,2,2,2,2,2,0,0,0,0,0,0,0,2,0,0,2,0,2,0,0,0,2,2,0,2,0,0,0,0,0,2,0,0,0,0,0,0,0,0,0,0,0,0,2,0,0,0,2,0,0,0,0,0,0,0,0,2,0,0,0,0,0,2,2,0,0,2,0,0,2,0,0,0,0,0,0,0,0,0,0,0,2,0,0,0,0,0,0,0,0,2,2,0,0,0,0,2,0,0,0,0,0,0,0,0,0,0,0,2,0,0,0,0,0,0,0,0,2,2,0,0,2,0,0,0,0,0,0,0,0,2,0,2,0,0,0,0,0,0,2,0,0,2,2,0,2,0,0,2,0,0,0,0,0,0,0,0,0,0,0,2,0,0,2,0,2,2,0,0,0,0,0,2,0,0,0,0,0,2,2,2,0,2,0,0,0,0,2,0,0,0,0,2,2,0,2,2,0,2,0,0,2,0,2,0,0,2,0,0,0,2,2,0,0,0,0,0,0,2,0,2,2,0,0,0,2,0,0,0,0,0,0,0,2,0,0,0,0,0,0,0,0,0,0,2,0,2,2,0,0,0,2,0,0,2,2,0,0,0,0,0,0,0,2,0,0,0,0,0,2,0,0,0,0,0,0,0,0,0,0,0,0,0,0,0,0,0,0,0,0,2,0,0,0,0,0,0,0,0,2,0,0,0,0,0,0,0,0,0,0,2,2,2,0,0,0,0,0,0,0,0,0,0,2,0,0,0,0,0,0,2,0,0,0,2,0,0,0,0,0,0,0,0,0,2,0,2,2,0,2,0,0,0,0,0,2,2,0,0,0,0,2,2,0,0,0,0,2,0,0,0,2,0,0,0,0,0,0,0,0,0,0,2,2,0,0,0,0,0,0,2,0,0,0,2,0,0,0,0,0,0,2,0,0,0,0,0,0,0,2,0,0,0,0,0,2,0,0,0,0,0,0,0,0,0,0,0,0,0,0,0,2,0,0,0,0,0,0,0,0,2,0,0,0,0,0,0,0,0,0,0,0,0,0,0,0,0,0,2,0,0,0,0,0,0,0,0,0,0,0,0,0,0,0,0,0,0,0,0,0,0,0,0,0,0,2,0,0,2,2,0,0,2,0,0,0,0,0,0,0,2,0,0,0,0,0,0,0,0,0,0,0,0,0,0,0,0,0,0,0,0,0,0,0,0,0,0,0,0,0,0,2,0,0,0,0,0,0,0,0,0,0,0,0,2,0,0,0,0,0,0,0,0,0,0,0,0,0,0,0,0,0,0,0,0,0,2,0,0,0,0,0,0,0,0,0,0,0,0,0,0,0,0,0,0,0,0,0,0,0,0,0,0,0,0,0,0,0,0,2,2,0,2,0,0,2,0,2,0,0,0,0,0,0,0,2,2,2,0,2,0,0,0,0,2,0,2,0,0,0,2,0,0,2,2,0,2,0,0,2,0,0,0,0,0,0,0,0,0,0,2,0,0,0,0,0,0,0,0,2,2,0,0,0,0,0,2,0,0,2,0,0,0,0,0,2,0,0,0,2,0,0,2,0,0,0,0,2,0,2,2,2,0,0,0,0,0,0,2,2,0,0,0,0,2,0,0,2,0,2,0,2,0,0,0,0,2,0,0,0,0,0,0,0,0,0,2,0,0,0,0,0,0,0,0,0,0,0,0,0,0,0,2,2,2,0,0,2,0,0,0,0,0,2,0,0,2,2,0,0,0,0,0,2,2,0,2,2,2,0,0,0,0,0,0,2,0,0,0,0,2,0,0,0,0,0,2,2,0,0,2,2,0,0,2,0,0,0,2,2,0,0,2,0,2,0,0,0,0,0,0,2,0,0,2,0,0,0,0,0,0,0,0,0,0,2,2,2,0,0,0,0,2,0,2,0,0,0,0,0,0,2,0,0,0,0,0,0,2,0,0,2,0,2,2,0,0,2,0,0,2,0,0,0,0,0,0,0,0,2,0,0,2,0,0,0,0,0,0,0,0,0,0,0,0,0,0,0,0,0,0,0,0,0,0,0,0,0,0,0,0,0,0,0,0,0,0,0,0,0,0,0,0,0,0,0,0,0,0,0,0,0,0,2,2,0,2,2,0,0,2,2,2,2,0,2,2,0,0,0,0,0,2,0,0,0,0,0,0,2,0,2,2,0,0,0,0,0,2,0,0,0,0,0,0,0,0,0,0,0,0,0,0,0,0,0,0,0,0,2,0,2,0,0,0,0,2,0,2,0,0,2,0,2,0,2,0,2,2,0,0,2,0,0,2,0,0,0,2,0,2,0,2,0,2,2,0,0,0,0,0,0,2,0,0,0,0,2,0,0,0,0,0,2,0,0,0,0,0,0,2,2,2,0,0,0,0,0,0,2,2,0,2,2,0,0,0,2,0,0,0,0,0,0,2,0,0,2,0,0,0,0,0,0,0,0,0,0,0,0,0,0,0,0,0,0,0,0,0,0,0,0,2,0,0,0,0,0,0,0,0,0,0,2,0,0,0,0,0,0,0,0,0,0,0,0,0,0,0,0,0,2,0,0,0,0,0,0,0,0,2,0,2,0,2,0,0,0,0,0,0,0,0,0,0,0,0,0,0,0,0,0,0,0,0,0,0,0,0,0,2,0,2,2,NA,0,0,0,2,0,0,0,0,0,0,0,0,0,0,0,0,2,0,0,0,0,0,0,0,0,0,2,0,0,0,2,0,2,0,0,0,0,0,0,2,0,0,0,2,0,0,2,0,0,2,0,0,0,0,0,0,0,0,2,2,0,0,0,0,0,2,2,0,2,0,0,0,0,0,0,0,0,2,2,2,2,0,0,0,0,2,2,2,0,0,0,0,0,2,0,0,0,0,0,0,0,2,0,0,0,0,0,0,0,0,0,0,0,0,0,2,0,0,0,0,0,0,0,0,2,2,0,0,0,2,2,0,0,2,0,0,2,0,0,2,0,0,2,0,0,0,2,0,0,2,0,2,0,0,2,0,0,0,2,2,2,2,0,0,0,0,0,0,0,0,0,0,0,0,0,0,0,0,0,0,0,0,0,0,0,0,0,0,0,2,0,2,0,0,0,0,0,0,0,2,0,0,0,0,2,0,0,0,2,0,0,0,0,0,2,0,2,0,2,0,0,2,0,0,0,2,0,0,0,0,2,0,2,0,2,0,0,0,0,0,0,NA,0,2,0,0,2,0,2,0,0,0,2,0,0,0,0,0,2,0,0,0,0,0,0,0,2,0,2,0,0,0,0,2,0,0,2,0,0,0,0,0,2,2,0,0,0,0,0,0,0,0,0,0,2,0,2,0,0,0,0,0,2,2,2,2,0,0,0,0,0,2,2,0,0,0,0,2,0,0,0,0,0,0,0,0,0,2,0,0,0,0,0,0,2,2,0,0,2,0,2,0,0,0,0,0,0,0,0,0,0,0,0,2,NA,2,0,0,0,2,0,0,0,0,0,2,0,0,0,2,0,0,0,0,0,0,0,0,0,0,0,0,0,2,0,0,0,0,0,0,0,0,0,0,0,0,0,0,0,2,0,0,2,0,0,0,0,0,0,0,2,0,0,0,2,0,0,0,0,0,0,0,0,0,2,0,0,2,0,0,0,0,0,0,0,0,0,0,0,0,0,0,0,0,0,0,0,0,0,0,0,0,0,2,0,0,0,0,2,0,0,0,0,2,0,0,0,0,0,0,0,0,0,0,0,0,2,0,0,0,0,2,0,0,0,0,0,0,0,2,NA,0,0,2,0,0,0,0,0,0,2,0,0,0,0,0,2,0,0,0,2,0,0,0,0,0,0,2,0,0,0,0,0,0,0,0,0,2,0,2,0,0,2,0,NA,0,0,0,0,0,0,0,0,0,0,0,2,0,0,0,2,0,0,0,2,0,0,0,0,2,0,2,2,0,2,0,0,2,0,0,0,0,0,0,0,0,0,2,0,0,0,0,0,2,0,2,2,2,2,0,2,2,2,NA,0,0,2,0,2,2,0,0,2,0,0,2,0,0,0,2,0,0,0,0,0,0,0,0,0,0,0,0,0,0,0,0,2,2,0,0,2,2,0,0,0,0,0,0,2,0,0,0,0,0,0,2,0,0,0,0,0,0,2,0,0,2,0,0,0,0,0,0,2,0,2,0,0,2,0,0,0,0,0,0,0,2,0,0,2,0,0,0,0,0,0,2,0,0,0,0,0,2,0,2,0,0,2,0,0,0,2,2,2,0,2,0,0,0,0,0,2,0,0,2,0,0,0,2,0,0,0,0,0,2,0,0,0,0,0,0,0,0,2,0,NA,0,0,2,0,0,0,0,0,2,0,0,0,0,2,0,0,0,0,0,0,0,NA,0,0,0,0,0,2,2,0,0,2,0,0,2,0,0,0,0,0,2,0,2,0,0,0,2,2,0,0,2,0,0,2,0,0,0,0,0,0,0,0,0,0,0,0,0,0,0,0,0,0,0,2,0,0,0,0,0,0,2,0,2,2,2,0,0,0,0,2,0,0,2,0,2,2,2,2,0,0,0,0,0,0,0,0,0,0,0,0,0,2,0,2,2,0,0,0,0,0,0,0,0,0,0,0,0,0,0,0,2,0,0,0,2,0,0,2,0,0,0,0,0,0,2,2,0,0,0,0,0,0,0,0,0,0,0,0,0,0,0,0,2,0,0,0,2,0,0,0,0,2,0,0,0,0,2,0,0,2,0,0,0,2,0,0,2,0,0,2,0,0,2,0,2,0,0,0,0,2,0,0,0,2,0,0,0,0,0,0,0,0,0,0,0,0,2,0,0,2,0,0,0,0,2,0,0,2,0,0,0,0,0,0,0,0,2,0,0,0,0,0,0,0,2,0,0,0,2,0,0,0,2,0,2,0,2,0,0,0,0,2,0,2,2,2,0,0,0,0,0,0,0,0,0,2,0,0,0,0,0,0,0,0,0,0,0,0,0,0,0,0,0,0,0,0,2,0,0,0,0,2,0,0,0,0,0,0,0,0,0,0,0,0,0,0,0,0,0,0,0,0,0,0,0,0,0,0,0,2,0,2,0,0,0,0,2,0,0,0,0,2,0,0,0,0,0,0,0,0,0,0,0,0,2,0,0,0,2,0,0,0,0,0,0,0,0,0,0,2,0,0,2,0,0,0,0,0,0,2,0,2,0,0,0,0,2,0,0,0,0,2,0,0,0,0,0,2,0,0,2,0,0,2,0,0,0,0,0,0,0,0,0,2,0,2,2,0,2,0,0,0,2,0,0,0,0,0,2,0,0,2,0,2,0,0,0,2,2,0,0,0,2,0,2,2,2,0,0,0,2,0,2,2,2,2,2,0,0,2,0,0,0,0,2,2,2,0,0,0,2,0,0,0,0,2,0,0,0,0,0,0,2,2,0,0,2,2,0,0,0,0,0,0,0,2,2,0,2,0,0,0,0,0,2,0,2,0,0,0,0,0,2,2,0,0,2,0,2,0,0,2,0,0,2,2,0,0,2,0,2,0,0,0,0,0,0,0,0,0,0,0,0,2,0,0,0,2,0,0,0,0,0,0,0,0,2,0,0,0,0,0,0,0,2,2,0,0,0,2,2,0,2,0,0,2,0,2,0,0,0,0,0,0,0,0,0,2,0,0,0,0,0,2,0,2,0,2,2,0,0,0,0,0,0,0,0,0,2,2,0,0,2,0,0,0,0,0,0,2,2,0,0,2,0,0,0,0,0,0,0,0,2,0,0,0,0,2,0,0,0,2,0,2,0,0,0,0,0,0,NA,0,0,2,0,2,2,0,2,0,0,0,0,0,2,0,0,0,0,2,0,0,2,0,0,0,0,2,2,0,2,0,0,2,0,0,0,0,0,0,0
"CC180",2,2,0,0,0,0,0,0,0,0,0,0,0,0,0,2,0,0,0,2,2,0,0,0,2,0,0,0,0,0,2,2,0,0,0,2,0,0,0,0,0,0,0,2,2,0,0,2,0,0,2,2,0,2,0,0,2,0,0,0,0,0,0,2,0,0,0,0,0,2,2,0,0,0,0,0,0,0,0,2,0,0,0,0,0,0,0,2,0,0,0,2,0,0,0,2,0,0,0,0,2,2,0,0,2,2,0,0,0,0,0,0,0,0,0,0,0,0,0,0,0,0,0,2,0,2,0,0,0,0,0,0,0,0,2,0,0,0,0,0,0,0,0,2,0,0,0,2,0,0,2,0,0,0,0,0,2,0,0,0,0,0,0,0,0,0,0,0,0,0,0,0,2,0,0,0,0,0,0,2,0,0,2,0,0,0,0,0,0,2,0,0,0,0,0,0,0,0,0,0,2,0,0,0,0,0,0,0,0,0,0,0,0,2,0,0,0,0,2,0,2,0,0,0,0,0,0,0,2,0,0,0,0,2,0,0,0,NA,0,0,0,0,0,0,0,0,0,0,0,0,0,0,0,0,0,0,2,2,0,0,0,0,0,0,0,0,0,0,0,0,0,0,0,0,0,0,2,2,0,0,0,2,0,0,0,0,0,0,0,0,0,0,0,0,0,0,0,0,0,0,2,0,0,2,0,0,0,2,0,0,0,2,0,0,0,0,0,2,0,0,0,0,0,0,2,0,0,0,0,0,0,2,2,0,0,2,0,0,0,0,0,0,0,2,0,0,0,0,0,0,0,0,0,0,0,2,0,0,0,0,2,0,0,2,0,2,0,0,0,0,0,0,0,2,2,0,0,0,2,0,0,0,0,0,0,0,2,0,2,0,0,0,2,0,0,0,0,2,0,2,0,0,0,0,0,0,0,0,0,2,0,0,0,2,2,2,0,2,0,0,0,0,0,0,0,0,2,2,0,0,0,0,0,0,2,0,0,0,2,0,2,0,0,0,0,2,2,2,0,0,0,0,0,0,0,0,2,0,0,2,2,2,0,0,0,0,0,0,0,0,2,2,0,2,0,0,0,0,0,0,0,0,0,2,0,0,0,2,0,2,0,0,0,2,2,2,0,0,0,0,0,0,2,0,0,0,0,0,2,2,0,2,2,0,0,0,2,0,0,2,2,0,0,0,0,0,0,0,0,0,0,2,0,0,0,0,0,0,0,0,0,0,2,2,0,0,0,0,0,0,2,0,2,0,0,0,2,2,0,0,2,0,0,0,0,0,0,0,0,0,0,2,0,0,2,0,0,0,0,0,0,0,0,0,0,2,0,2,2,0,0,2,0,2,2,0,0,2,0,0,0,0,0,0,0,0,0,0,0,0,0,0,0,0,0,0,0,0,0,0,0,0,0,0,0,0,0,0,2,0,2,0,0,2,0,0,0,0,0,0,0,0,2,0,2,0,0,0,0,2,0,0,0,0,0,0,2,0,0,0,0,0,0,2,2,0,0,0,0,0,0,0,0,2,0,0,2,0,0,0,0,0,0,0,2,0,0,0,0,0,2,0,0,0,0,0,0,0,0,0,0,0,0,0,0,0,0,0,0,0,0,2,0,0,0,0,2,0,0,0,0,0,0,0,0,0,0,0,0,NA,0,2,2,0,0,0,0,2,0,0,0,2,2,0,0,0,0,0,0,0,2,2,2,0,2,2,0,2,0,0,2,2,2,0,0,0,0,0,2,0,2,0,0,0,2,2,0,0,2,0,0,2,0,2,0,0,0,2,2,2,0,0,0,2,2,0,0,0,0,0,0,0,0,0,2,0,2,2,0,0,2,0,0,0,0,0,0,0,0,0,0,0,2,0,0,0,0,0,0,0,0,0,2,0,0,2,0,0,2,0,2,0,0,2,0,0,0,0,2,0,0,0,0,2,0,0,0,0,0,2,2,2,2,0,2,0,NA,2,2,2,2,0,0,0,0,0,0,0,0,0,0,0,0,0,0,0,2,0,2,2,0,0,0,0,2,0,0,0,0,0,0,0,2,0,2,2,0,0,0,0,0,0,0,0,0,2,0,0,0,2,0,0,0,0,2,0,0,0,2,0,0,0,0,0,0,0,0,0,0,0,0,0,2,2,0,0,0,0,2,0,2,2,0,2,0,0,0,0,0,0,0,0,0,0,0,0,0,0,0,0,0,2,0,0,0,0,0,2,0,0,0,0,0,0,0,0,2,2,0,0,0,0,0,0,0,0,2,2,0,0,0,2,0,0,0,0,0,2,0,0,0,0,0,0,0,0,2,2,2,2,0,0,0,2,0,0,0,0,0,0,0,0,0,0,2,0,0,0,0,NA,0,0,0,0,0,0,2,0,2,0,0,0,2,0,0,0,0,0,0,2,0,0,2,2,2,0,0,0,0,0,0,0,2,0,0,2,0,0,0,0,0,2,2,0,0,0,0,2,2,0,0,2,2,0,0,0,0,0,2,2,0,0,2,0,0,0,0,0,0,0,0,0,0,0,0,0,2,0,2,0,0,0,2,0,0,0,0,0,0,2,0,0,0,0,0,0,2,0,0,0,0,2,0,NA,0,0,0,0,2,2,0,0,2,0,0,0,0,0,0,0,0,0,0,0,0,0,0,0,0,0,2,0,0,0,2,0,0,0,0,0,2,0,0,2,0,2,0,0,0,0,0,2,0,0,0,2,2,0,2,0,0,0,0,0,2,0,2,0,2,0,0,0,0,0,0,0,2,0,0,2,2,0,0,0,0,0,2,0,0,2,0,0,2,0,0,0,0,0,0,0,0,2,2,0,0,0,0,2,0,2,0,0,0,0,0,0,0,0,2,0,2,0,0,0,2,0,2,2,2,2,0,0,2,0,0,0,0,0,0,0,0,0,0,0,0,2,0,0,0,0,0,0,2,0,0,0,0,0,2,0,0,2,0,0,2,0,0,2,0,0,2,0,2,0,2,2,0,0,0,0,2,0,0,0,0,2,0,0,0,0,0,0,0,0,0,2,0,0,0,0,0,2,0,0,2,0,2,0,0,0,0,0,2,2,0,0,0,0,0,0,0,0,0,0,0,0,2,0,0,0,0,0,0,2,2,0,2,0,0,0,0,2,0,0,0,0,0,0,0,0,0,0,0,0,0,0,2,0,0,2,2,0,0,2,0,0,2,0,0,0,2,0,0,2,2,0,0,0,0,0,0,0,0,0,0,0,0,0,0,0,2,2,2,0,0,0,0,0,0,0,0,0,0,0,0,0,0,0,0,0,0,0,0,2,0,2,0,0,2,0,0,2,0,0,0,0,2,0,2,0,0,2,0,0,0,0,0,2,0,2,0,0,0,0,0,0,0,0,0,0,2,0,2,2,2,0,0,0,2,0,2,0,0,0,2,0,0,0,0,2,0,0,0,0,0,0,0,2,0,0,0,0,2,0,0,0,0,0,0,0,2,0,0,0,0,0,2,0,0,0,0,0,0,0,0,2,0,0,2,2,0,0,2,0,0,0,NA,2,2,0,0,0,0,2,0,0,2,2,0,0,0,0,2,0,0,0,0,0,0,0,0,0,2,0,0,2,0,0,0,2,2,0,0,0,2,0,0,2,0,0,0,0,2,0,0,0,0,2,0,0,0,0,0,2,0,0,0,2,0,2,0,0,2,0,0,0,0,0,0,0,0,2,0,0,0,0,0,0,2,0,0,0,0,0,2,0,NA,0,0,0,2,0,0,0,2,0,0,2,0,0,0,0,0,0,0,0,0,2,0,0,0,0,0,0,0,0,2,0,0,0,0,0,0,0,0,2,0,0,0,2,0,2,2,2,0,2,0,0,0,0,0,0,2,0,0,0,0,2,0,0,0,0,0,0,0,0,0,0,0,0,2,0,0,0,0,0,2,0,2,0,0,0,0,0,0,2,0,0,0,0,0,0,2,0,0,2,0,0,0,0,0,0,0,0,0,0,0,0,0,0,2,0,0,0,0,0,0,0,0,0,0,0,0,0,0,0,0,0,0,0,0,0,2,0,0,0,0,0,0,0,2,0,2,0,0,2,0,0,0,2,0,0,0,0,2,0,2,2,0,0,0,0,2,0,0,2,0,0,0,0,0,0,0,0,0,2,0,0,0,0,0,2,0,2,0,0,0,2,0,0,2,0,0,0,2,0,2,0,0,2,2,0,0,2,2,2,0,0,0,0,0,0,0,0,0,0,0,0,2,0,0,0,0,0,0,0,0,0,2,0,2,0,0,0,0,0,0,0,0,2,0,2,2,0,0,0,0,0,0,0,2,2,0,0,2,2,0,0,0,2,0,2,0,0,0,0,0,0,0,0,0,2,0,0,0,0,2,0,0,0,0,0,0,0,0,0,0,0,0,0,0,0,0,0,0,0,0,0,0,0,0,0,0,0,0,0,0,0,0,0,0,0,0,0,2,0,0,2,0,0,0,0,0,0,0,2,0,0,0,2,2,2,0,0,0,0,0,0,0,0,0,2,0,0,0,0,0,0,0,0,0,0,0,2,0,0,0,0,0,0,0,0,0,0,0,2,0,2,0,0,0,0,0,0,2,2,0,0,0,0,0,2,0,2,0,0,0,0,0,0,0,0,0,0,2,0,0,0,0,0,0,0,0,0,0,0,0,2,0,0,0,2,2,0,0,0,0,0,0,0,2,0,0,0,0,2,2,0,0,0,0,0,2,2,0,2,0,0,0,0,2,2,0,0,0,0,0,0,0,0,0,0,0,2,0,0,0,0,0,0,0,0,2,2,2,0,0,0,0,2,0,0,0,0,0,0,0,0,0,0,0,0,0,0,0,0,0,2,0,2,0,0,0,0,0,0,2,0,0,2,0,2,0,0,2,0,0,0,0,2,0,0,0,0,0,0,0,0,0,0,0,0,0,0,2,0,0,0,0,0,0,0,0,0,0,0,0,0,2,2,0,0,0,0,0,0,0,0,2,0,2,0,0,2,0,0,2,0,2,0,0,0,0,0,0,0,0,0,0,0,2,0,2,0,0,0,2,0,0,0,0,0,0,0,0,2,0,0,0,0,2,0,2,0,2,0,0,0,0,0,2,0,0,0,2,0,0,0,0,0,0,0,0,0,0,0,0,0,2,0,0,2,0,0,0,2,0,0,0,0,2,0,0,0,0,2,2,0,0,0,0,0,0,2,0,0,0,0,0,2,2,0,0,0,0,0,0,0,0,0,2,0,0,2,0,0,0,0,0,0,0,0,2,0,0,0,0,0,0,2,0,0,0,0,0,0,0,0,0,0,0,0,0,2,2,0,0,0,0,0,0,0,2,0,0,0,2,2,0,0,0,0,0,0,0,2,0,0,0,0,0,0,0,2,2,0,0,0,0,2,2,0,0,0,0,0,0,0,0,0,0,0,0,0,2,2,0,0,0,0,0,0,0,0,0,0,0,0,0,0,0,0,0,0,2,0,0,0,0,2,0,0,0,2,0,0,0,0,0,0,0,2,0,0,0,2,0,0,0,2,0,0,0,0,2,0,2,0,0,0,2,0,0,0,0,0,0,0,2,0,0,0,0,0,2,0,0,NA,2,0,0,0,0,0,0,0,2,0,0,2,0,0,0,0,0,0,0,0,0,2,0,0,0,0,0,0,0,0,2,0,2,0,0,0,0,0,0,0,0,0,0,0,0,2,0,0,0,0,0,2,0,0,0,0,0,0,0,2,2,0,2,0,2,0,0,0,0,0,0,0,0,0,0,0,0,0,2,2,0,0,0,0,0,0,2,0,0,0,0,0,0,0,2,0,0,0,0,2,0,0,2,0,2,0,0,0,0,0,0,2,0,0,0,0,0,0,0,0,0,0,0,2,0,0,0,0,0,0,0,2,0,0,0,0,0,0,0,0,0,0,2,2,0,2,2,0,0,0,0,0,0,0,0,0,0,0,2,0,2,0,2,0,0,2,0,2,0,2,0,0,2,2,2,0,0,0,2,0,0,0,2,0,0,0,2,0,0,0,0,0,0,2,0,2,0,0,0,2,0,2,2,0,0,0,0,0,0,0,0,2,0,0,2,0,0,0,2,0,0,2,2,2,0,0,0,0,0,0,0,0,0,0,0,0,0,0,0,0,0,0,0,0,0,0,0,0,0,0,0,2,0,2,0,0,0,0,0,0,0,0,0,0,0,0,0,0,0,0,0,0,0,0,2,2,0,0,0,0,0,0,0,0,0,0,0,2,0,2,0,0,0,0,2,0,0,0,0,0,0,0,0,2,2,0,2,2,0,0,2,2,2,2,2,0,0,0,2,2,0,0,0,0,0,0,0,0,0,0,0,2,2,0,0,0,0,2,0,0,0,2,0,0,0,0,0,0,0,0,0,0,0,0,0,0,0,0,0,2,0,2,0,0,2,0,0,0,2,0,0,0,0,2,0,0,2,0,0,0,2,0,2,2,0,2,0,0,2,0,0,0,0,0,0,0,0,0,0,0,0,0,0,0,0,0,0,0,0,0,0,0,0,0,0,0,0,2,0,0,0,0,0,0,0,0,0,0,0,0,0,0,0,2,0,2,0,0,0,0,0,0,0,0,0,2,0,0,0,0,0,0,2,0,0,0,2,0,2,2,2,0,0,0,0,0,0,0,0,0,0,0,0,0,0,0,0,0,0,0,0,0,0,0,0,0,0,0,0,2,0,0,0,0,2,0,0,0,0,0,0,0,0,0,0,0,2,0,0,0,2,0,0,0,0,0,0,0,0,0,0,0,0,0,0,0,0,2,0,0,2,0,0,0,0,0,0,0,0,2,0,0,2,0,0,0,0,0,2,0,0,0,0,0,0,0,0,2,0,0,2,0,0,0,0,0,0,0,0,0,0,0,0,0,0,0,2,0,0,0,0,0,0,0,0,0,0,0,0,0,0,0,0,0,0,2,0,0,0,0,0,0,0,0,0,2,0,0,0,0,0,0,0,0,0,0,0,0,2,2,2,0,0,0,0,0,0,0,0,0,0,0,0,2,2,0,0,0,2,0,0,0,0,2,0,0,0,0,0,2,2,0,0,0,0,2,0,2,0,0,0,0,0,2,0,0,2,0,2,0,0,0,2,0,0,0,2,2,2,2,0,0,0,2,2,0,0,0,0,0,0,0,2,0,0,0,0,0,0,2,0,0,0,0,0,2,0,2,0,0,0,0,0,0,0,0,0,2,0,0,2,0,0,2,0,2,2,0,0,0,2,0,2,2,2,0,0,0,0,2,0,2,0,2,0,2,0,0,0,0,0,2,2,0,0,0,2,2,0,0,0,2,0,0,0,0,0,2,0,0,2,0,0,2,0,0,0,0,2,2,2,2,0,2,0,0,0,0,0,2,0,0,2,2,0,0,0,0,2,2,0,NA,0,0,0,0,2,0,0,2,0,0,2,2,0,2,2,0,2,0,0,2,0,0,0,0,0,0,0,0,0,0,0,0,0,0,0,0,0,0,0,0,2,0,2,0,0,0,0,0,0,0,0,0,0,2,0,0,0,2,2,0,0,0,0,2,0,0,0,0,0,0,0,0,0,0,0,0,0,0,0,2,0,0,0,0,0,0,0,0,2,2,0,0,0,0,0,0,0,0,0,2,2,0,0,2,0,0,2,0,0,0,0,2,0,0,0,2,0,0,2,0,0,2,0,0,0,0,2,0,0,2,0,0,0,0,0,0,0,2,0,0,2,2,0,0,0,0,0,0,0,0,0,0,0,0,0,0,2,0,0,0,0,0,0,0,2,0,0,0,0,0,2,2,2,0,0,0,0,0,0,0,2,0,2,2,0,0,0,0,0,0,0,0,0,2,0,0,0,0,2,2,2,0,0,0,0,0,NA,0,2,0,0,0,0,2,0,0,2,0,0,0,0,0,2,2,0,0,0,0,0,0,0,0,0,0,0,2,0,2,0,0,0,2,0,0,0,0,0,0,0,0,0,0,0,0,0,0,0,0,0,2,0,2,0,0,0,0,0,2,0,0,2,0,0,0,0,0,2,0,0,0,0,0,0,0,0,0,0,0,0,0,0,0,0,0,0,0,0,0,2,0,0,0,0,0,0,0,0,0,0,0,0,0,0,0,0,0,0,0,0,0,0,0,0,0,0,0,0,0,0,0,0,0,0,0,0,0,0,0,0,0,0,0,0,0,0,0,0,0,0,0,0,0,0,0,2,0,0,0,0,0,0,0,0,2,0,2,0,2,0,0,0,0,2,0,0,0,0,0,0,0,2,0,0,0,0,0,0,0,0,0,0,2,0,0,0,0,0,0,0,0,2,0,0,0,0,0,0,0,0,2,2,0,0,0,0,0,0,0,0,0,0,0,0,0,0,0,0,0,0,0,0,0,0,0,0,0,0,0,0,0,0,0,0,0,0,0,0,0,0,2,2,0,0,0,0,0,2,0,0,2,0,0,2,0,0,0,0,0,0,0,0,0,0,0,0,0,0,0,0,0,0,0,0,0,0,0,0,0,0,0,0,0,0,0,0,0,0,0,0,0,0,0,0,0,0,0,0,0,0,2,0,2,0,0,2,0,0,0,0,0,0,0,0,2,0,0,2,0,0,0,2,0,0,0,2,0,0,0,0,0,0,2,0,0,0,0,2,0,0,2,2,2,0,0,0,2,0,0,0,0,2,2,0,2,0,0,2,0,0,0,2,0,0,0,0,0,0,2,0,0,0,0,0,2,0,0,0,0,2,0,0,2,0,0,0,0,0,0,2,0,0,0,0,0,2,0,0,0,0,0,0,0,0,0,0,2,0,2,0,0,0,0,0,0,0,0,0,0,0,0,0,0,0,0,0,0,0,0,2,0,2,0,0,0,2,0,0,0,0,0,2,0,0,0,0,0,0,2,0,0,0,2,0,0,0,0,0,2,2,2,0,0,2,2,0,0,0,0,0,0,0,0,0,0,0,0,0,0,0,0,0,2,2,0,0,2,0,0,0,0,0,0,2,2,0,0,0,2,0,0,2,0,0,0,2,2,0,0,0,0,0,0,0,0,2,0,0,0,0,2,0,2,0,2,0,0,0,0,0,0,0,0,2,0,0,2,0,0,0,0,0,2,0,2,0,0,2,0,0,0,0,0,2,0,0,0,0,0,0,0,0,0,0,0,2,0,2,0,0,2,2,0,0,0,0,0,0,0,0,2,2,2,0,2,0,0,0,0,0,0,0,0,0,2,0,2,0,0,2,2,0,0,0,2,0,2,0,0,0,0,0,0,0,0,0,0,0,0,0,0,0,2,0,2,0,0,0,0,0,0,2,0,0,0,0,0,0,0,0,0,2,0,2,0,0,0,0,0,0,2,0,0,0,0,0,0,0,0,2,0,0,0,0,0,0,0,2,0,0,0,0,0,2,0,0,0,2,0,0,0,0,0,2,0,2,0,0,0,0,2,0,2,0,0,2,0,0,0,2,2,0,0,2,0,2,0,0,0,0,0,0,0,0,0,0,0,0,2,0,0,0,0,0,0,0,0,0,0,2,0,0,0,0,0,0,0,2,0,0,0,0,0,0,0,0,0,0,0,0,0,2,0,0,0,0,0,0,0,2,2,0,0,0,0,0,0,0,0,2,0,0,2,0,0,0,0,2,0,2,0,0,2,0,0,0,0,2,2,0,0,0,0,0,0,0,0,0,0,2,0,2,0,0,0,0,0,2,0,0,0,0,0,0,2,0,0,0,0,2,0,0,0,0,NA,2,0,2,0,0,0,2,0,0,0,2,0,0,0,0,2,0,2,2,2,2,0,0,0,0,2,0,2,2,2,0,0,0,0,2,0,0,0,0,0,NA,0,2,0,2,2,2,2,0,0,2,0,2,0,0,0,0,0,0,0,0,2,0,2,0,0,0,0,0,0,0,0,0,0,0,0,0,2,0,0,0,2,2,0,0,0,0,2,0,0,0,2,2,0,0,0,0,0,0,0,0,2,2,0,2,0,0,0,2,0,0,0,0,0,2,0,0,0,0,2,0,2,0,0,0,2,2,0,2,0,0,0,2,0,0,0,0,2,0,2,0,0,0,0,2,2,0,0,2,0,2,0,2,2,0,0,2,0,0,0,0,0,0,2,0,0,0,0,0,0,0,0,0,0,0,0,0,0,2,2,0,0,0,0,2,0,0,0,0,0,0,0,0,2,0,0,0,2,0,0,0,0,0,0,0,0,0,2,0,0,2,2,2,0,0,0,2,2,0,2,0,0,2,0,0,2,0,0,0,0,2,0,0,2,0,0,2,0,2,0,0,2,0,2,2,0,0,0,0,2,0,0,0,0,2,0,2,2,2,0,2,0,0,0,2,0,0,0,0,2,0,0,0,0,0,0,0,0,0,0,2,0,2,2,0,2,0,0,0,0,2,2,2,2,2,0,0,0,0,0,0,0,2,2,0,2,0,2,0,2,2,0,2,0,0,2,2,0,0,0,0,0,0,0,0,0,2,2,2,2,0,0,0,0,0,0,2,0,0,0,0,0,0,0,2,2,0,0,0,0,0,0,0,0,0,0,0,0,0,0,2,0,0,2,2,2,0,0,0,0,2,2,0,2,0,2,0,0,0,0,2,0,0,0,2,2,0,2,2,0,2,0,2,0,NA,0,2,0,0,0,0,2,0,0,2,0,0,0,0,0,2,2,0,0,0,0,2,2,0,0,0,2,2,0,0,0,0,2,0,0,0,0,0,0,0,0,0,2,0,0,2,0,0,0,2,2,0,0,0,0,0,0,0,0,0,0,0,0,0,0,0,0,0,0,0,2,0,0,0,2,0,0,0,0,0,0,0,0,0,2,0,0,0,0,0,0,0,2,0,0,2,0,0,0,0,0,0,0,0,0,0,2,0,0,0,0,2,0,0,0,0,0,0,0,0,2,0,0,0,0,0,0,0,0,0,0,2,0,0,0,0,2,0,0,2,0,0,0,0,0,0,0,0,0,0,0,NA,0,0,0,0,0,0,0,0,0,0,0,2,0,0,0,0,0,0,0,0,0,0,0,2,0,0,0,0,0,0,0,0,0,2,2,0,0,0,0,0,0,0,0,0,0,0,0,2,2,0,0,2,0,0,0,0,0,0,0,2,0,0,0,2,0,0,0,0,0,0,0,0,0,0,0,2,0,0,0,2,0,2,0,0,0,0,0,2,0,0,0,0,0,0,0,0,0,2,0,0,0,0,0,0,0,2,0,0,0,0,0,0,2,0,0,0,0,2,0,2,0,0,2,0,2,2,0,0,0,0,0,0,2,2,0,0,0,0,0,2,0,0,0,0,0,2,2,0,2,0,0,0,0,0,0,2,0,0,0,0,0,0,0,0,0,0,2,2,0,2,0,2,2,2,2,0,0,2,0,2,0,0,2,0,0,0,0,0,0,2,2,0,0,2,0,2,0,2,0,0,0,0,2,0,0,2,2,2,0,0,0,0,0,0,2,0,2,2,0,0,0,2,0,0,0,0,0,0,0,0,0,0,2,0,0,2,0,0,2,0,0,0,0,0,2,0,0,0,0,0,0,0,2,2,2,2,2,0,2,0,0,0,0,0,2,0,0,0,0,NA,2,0,2,0,0,2,0,0,0,0,0,0,0,0,0,2,2,0,0,2,2,2,0,0,0,0,2,0,0,0,0,0,0,2,0,0,2,0,0,0,0,0,0,0,0,2,NA,0,2,0,2,0,0,0,0,0,0,2,0,0,0,0,0,0,0,0,2,0,2,0,0,0,2,2
"CC182",0,0,0,2,0,0,0,0,NA,0,0,0,0,0,0,0,0,0,0,0,0,0,2,2,0,0,2,0,0,0,0,0,2,0,0,0,2,0,0,0,0,2,0,0,0,0,0,0,0,0,2,0,0,0,0,0,0,0,0,2,0,0,0,0,2,0,0,0,0,0,0,0,2,0,0,0,2,0,0,2,0,0,2,0,0,0,0,2,0,0,0,0,0,0,0,0,2,0,0,0,2,0,0,2,2,2,0,0,0,2,0,0,2,0,0,0,0,0,2,2,0,2,0,2,0,0,0,0,2,0,2,2,0,2,0,0,0,0,2,0,2,0,0,0,0,0,0,0,0,0,2,0,2,0,0,0,2,0,0,0,0,0,0,0,0,0,0,0,2,0,0,0,2,0,0,2,2,2,0,2,0,0,0,0,0,0,0,0,0,0,0,2,0,0,0,0,0,2,0,0,0,0,0,0,0,0,0,0,0,0,0,0,0,0,2,0,2,0,2,0,0,0,0,0,0,0,0,0,0,0,0,0,0,2,0,2,2,2,0,0,0,0,0,0,0,0,0,2,NA,0,0,0,0,2,0,0,2,0,0,0,2,0,0,0,0,0,0,0,0,0,2,2,2,0,0,2,2,2,2,0,2,0,0,0,0,0,2,2,0,0,0,2,2,0,0,0,0,0,2,2,2,0,0,2,2,0,2,0,2,0,0,0,0,0,0,0,0,2,2,0,0,0,0,0,0,0,2,0,2,0,0,0,0,0,0,0,2,0,2,0,2,0,0,0,0,0,0,0,2,0,0,0,0,0,0,0,0,0,2,0,0,2,0,0,0,0,0,0,0,2,0,0,NA,0,0,0,0,0,2,0,0,0,0,0,0,0,2,0,2,0,0,2,0,0,0,0,0,0,0,0,0,0,2,0,2,0,2,0,0,0,0,0,0,0,2,0,0,0,0,0,0,0,0,0,0,0,0,0,0,0,0,0,2,0,0,0,0,2,2,2,2,2,0,0,0,2,0,2,0,0,0,2,2,2,0,0,0,0,2,2,0,2,2,0,0,0,0,0,0,0,0,2,0,0,0,0,0,2,0,0,0,0,0,0,0,2,0,0,2,0,2,NA,0,0,0,0,2,2,0,2,0,0,0,0,2,2,0,0,0,2,0,0,0,0,0,0,0,0,0,2,2,2,0,0,2,2,2,0,0,0,0,0,2,0,0,2,0,0,0,0,2,0,0,2,2,0,2,2,0,0,0,0,0,0,0,0,0,0,0,2,0,0,0,0,2,0,0,0,2,0,0,0,0,0,0,0,0,0,0,0,2,0,0,0,0,0,2,0,0,2,0,0,0,0,2,0,0,0,0,0,0,2,0,0,2,2,2,2,0,0,0,0,0,2,0,0,0,2,0,0,0,0,0,2,2,0,0,0,2,0,0,0,0,2,0,2,0,2,0,0,0,0,0,0,0,0,0,0,0,0,0,0,0,0,2,0,0,0,2,0,2,0,0,0,0,0,2,0,0,2,0,0,2,0,0,0,0,0,0,0,0,0,0,0,0,0,2,0,0,0,2,0,0,0,2,0,2,0,0,2,0,0,0,0,0,0,0,0,0,0,0,0,0,2,0,0,0,2,2,0,0,0,0,2,0,0,0,0,0,0,2,0,0,0,0,0,0,0,0,2,0,0,0,0,0,0,0,2,0,0,0,0,0,2,2,0,0,0,2,0,2,0,0,0,0,2,0,0,2,0,0,0,0,0,0,0,2,0,0,0,0,2,0,0,0,0,0,2,0,0,0,0,2,0,0,0,0,0,0,0,0,0,0,0,2,0,2,0,0,2,0,0,0,0,0,0,0,0,0,0,0,0,2,2,0,0,0,0,0,2,0,0,0,0,0,0,0,0,0,0,0,2,0,0,2,0,2,0,0,0,2,0,2,2,0,0,0,2,0,0,0,0,0,0,0,0,0,2,0,0,0,0,0,2,0,2,2,0,0,0,0,0,0,0,2,2,0,0,0,0,0,0,0,0,0,0,0,0,2,0,0,0,0,0,0,0,0,0,0,0,2,2,0,0,2,0,0,0,2,0,0,0,0,0,0,0,2,0,0,0,0,0,0,0,2,2,0,0,0,2,0,0,0,0,0,2,2,0,0,0,0,0,0,0,0,0,2,0,0,0,0,0,0,2,0,0,0,0,0,0,0,0,0,2,0,0,0,2,0,0,0,2,0,0,2,0,0,0,0,2,2,0,0,0,0,0,0,0,0,0,0,0,2,0,0,0,0,0,0,0,0,0,0,0,0,0,0,2,0,0,0,0,0,0,0,0,2,0,0,0,0,0,0,0,0,0,0,0,2,0,0,0,0,2,0,2,0,0,2,0,0,0,0,0,0,2,0,2,2,0,0,0,0,0,0,0,2,2,0,0,2,0,0,0,0,2,0,0,2,0,0,0,0,0,0,0,2,2,0,0,2,0,2,0,0,2,0,0,0,0,0,0,0,0,0,0,0,0,0,0,2,2,0,2,0,0,0,0,0,0,0,0,0,2,2,0,2,0,0,0,2,0,2,0,2,0,2,2,2,0,0,2,0,0,0,0,2,0,2,2,2,0,0,0,0,0,0,0,0,2,2,2,0,0,0,0,0,0,2,0,0,0,0,2,0,0,0,0,0,0,2,0,0,0,0,0,0,0,0,0,0,0,0,0,0,2,0,0,2,0,0,0,0,0,0,2,0,0,0,0,0,0,0,0,0,0,0,0,0,2,2,0,0,0,2,0,0,0,2,0,0,0,2,0,0,0,0,0,0,0,0,2,0,0,0,0,2,0,0,0,0,0,0,2,2,0,0,0,0,0,0,0,0,2,2,0,0,0,0,2,2,0,2,0,0,0,0,0,2,0,0,2,0,0,0,2,0,0,0,0,0,0,2,0,0,0,0,0,0,0,0,0,0,0,2,0,2,0,0,0,0,0,0,0,0,0,2,0,0,0,0,0,2,0,0,0,2,0,0,0,0,0,0,0,0,0,0,0,0,2,0,0,0,0,0,0,0,0,0,0,0,0,0,0,0,0,0,2,0,0,0,0,0,2,2,0,0,0,0,0,NA,2,0,0,0,0,2,2,0,0,0,0,0,2,0,0,0,2,0,0,0,2,0,0,0,0,0,0,0,2,0,0,0,0,0,0,0,0,0,0,2,0,0,0,2,0,0,2,0,0,2,0,0,0,0,0,2,2,0,0,0,0,0,NA,0,2,2,2,0,2,0,2,NA,0,0,0,0,0,2,2,2,0,2,0,0,0,0,0,0,2,0,0,0,0,2,0,2,2,0,2,0,2,0,0,0,2,0,0,0,0,0,0,2,0,0,0,0,0,0,0,0,0,0,0,0,0,2,0,0,0,2,0,0,0,0,0,0,0,0,0,0,0,0,2,0,2,2,0,0,0,2,0,0,0,2,2,0,0,0,2,0,0,0,2,0,0,0,2,2,0,0,0,0,2,0,0,0,0,0,0,0,0,0,0,0,0,0,0,0,2,0,0,0,2,2,2,0,2,0,0,0,2,2,0,0,0,0,0,2,0,0,2,0,0,2,0,0,0,0,2,0,0,0,0,0,0,0,2,0,0,0,0,0,0,2,0,0,2,0,2,0,0,0,0,0,0,0,2,0,2,0,0,0,0,0,0,2,0,0,0,0,0,0,2,0,0,0,0,2,0,0,2,0,2,0,0,0,0,0,0,2,2,0,0,0,2,0,2,0,0,0,0,0,0,0,2,0,0,0,2,2,2,0,0,0,0,0,0,0,0,0,2,2,0,2,0,0,0,2,0,0,0,2,0,0,0,2,0,0,0,0,0,0,0,0,0,0,0,0,0,0,0,2,2,2,2,0,2,0,2,0,0,NA,0,0,0,0,0,0,2,0,2,2,2,0,2,0,0,0,0,0,0,2,0,0,0,0,0,0,2,0,0,0,2,2,0,0,0,0,0,0,0,2,2,0,0,2,0,0,0,2,2,0,2,2,0,0,0,0,0,0,0,0,0,0,0,0,0,2,2,2,0,0,2,2,0,0,2,0,0,0,0,0,0,0,0,0,0,2,0,2,2,0,2,0,0,0,0,0,0,2,0,0,0,0,0,0,0,0,0,2,0,0,0,0,0,0,0,2,0,0,0,0,2,0,0,2,0,0,0,0,2,0,0,NA,0,0,2,0,2,2,0,0,2,0,0,0,0,0,0,0,0,0,0,0,0,2,0,0,0,0,0,0,0,0,0,0,0,0,2,0,2,2,2,0,0,2,0,0,0,0,0,0,0,0,2,0,0,0,0,0,0,0,0,0,0,0,0,0,0,0,0,0,2,2,0,0,0,0,0,0,0,2,0,2,0,2,0,0,0,0,0,0,0,0,0,0,2,0,2,0,0,0,0,2,0,0,0,0,0,0,0,0,0,0,0,0,0,0,0,0,0,0,0,2,0,0,0,2,0,0,0,0,0,0,0,0,0,0,0,0,0,0,0,0,0,0,0,0,0,0,2,0,0,0,0,0,2,2,0,0,2,0,0,0,0,0,0,0,2,2,0,0,0,0,0,0,2,0,0,0,0,0,0,0,0,0,0,0,0,0,0,0,0,0,0,0,2,0,0,0,0,0,2,2,0,0,0,0,0,2,0,0,0,0,2,2,0,0,2,0,0,2,0,0,0,0,0,0,0,0,0,0,0,0,0,2,0,0,0,0,0,2,2,0,2,0,2,0,2,0,NA,2,2,0,0,0,0,2,0,0,0,0,0,0,0,0,0,2,0,0,0,2,0,0,0,0,0,2,0,2,0,2,NA,0,0,0,0,0,0,0,0,0,0,0,0,0,0,2,0,0,0,0,0,0,0,2,0,0,0,0,0,0,2,0,0,0,0,0,0,0,0,0,2,0,0,0,2,0,0,2,0,2,0,0,0,0,0,0,0,0,0,2,2,0,0,0,0,0,0,2,0,2,2,0,2,0,0,2,0,2,0,0,0,0,2,0,0,0,2,0,0,0,0,2,2,0,2,0,0,0,2,2,0,2,0,0,0,0,0,0,0,0,0,0,0,0,0,0,0,0,0,0,0,2,0,0,0,2,0,2,0,2,0,0,0,0,0,2,0,2,0,0,2,2,0,0,0,NA,0,2,0,0,2,0,2,2,0,0,0,0,0,0,2,0,0,0,0,0,2,0,0,0,0,2,0,0,2,0,0,2,2,0,0,2,0,0,0,0,0,2,0,0,0,0,0,0,2,NA,0,0,0,0,0,0,0,0,0,2,0,0,0,2,0,0,0,0,0,0,0,0,2,0,2,0,0,0,2,0,0,0,0,2,0,0,0,0,0,0,0,0,2,2,0,0,0,0,2,2,2,0,0,0,0,0,0,0,0,0,0,2,0,0,0,0,0,0,2,0,0,2,0,2,0,2,2,0,0,0,0,0,0,0,0,2,2,0,0,0,0,0,2,2,0,0,0,0,0,0,0,0,0,0,0,0,0,0,0,0,0,0,0,2,0,0,0,0,0,0,0,0,0,0,0,0,2,0,0,0,0,0,0,0,0,0,0,2,0,0,2,2,2,0,0,0,2,0,0,0,0,0,0,0,0,0,2,0,0,0,2,0,0,0,0,0,0,0,0,0,0,0,0,2,0,0,2,0,0,0,0,0,0,0,2,0,0,0,2,0,0,2,0,0,2,0,0,2,0,0,0,0,2,0,2,2,2,2,0,2,0,0,0,0,2,0,0,0,0,0,2,0,0,0,0,2,0,0,0,0,0,0,2,0,0,0,0,0,0,0,0,2,2,0,0,0,0,0,0,0,0,0,2,0,0,0,2,0,0,0,2,0,2,0,0,0,0,0,0,0,0,0,2,0,0,2,2,0,0,0,0,2,0,0,0,0,0,2,0,0,0,0,0,0,0,0,2,0,0,0,0,0,2,0,0,0,0,0,2,0,2,2,0,0,0,0,2,0,0,0,2,0,2,0,2,2,2,0,2,0,0,0,2,0,0,0,0,0,0,0,0,0,0,2,0,0,0,2,2,0,2,0,0,0,0,0,0,0,0,0,2,0,0,2,0,0,0,0,0,0,0,2,0,0,0,0,0,2,0,2,2,2,0,0,2,0,0,0,0,0,0,2,0,0,0,0,0,2,0,0,0,0,0,0,0,0,0,0,2,0,0,0,0,2,0,0,0,2,0,0,2,0,0,2,0,0,0,0,2,0,0,0,0,0,0,0,0,0,0,0,2,0,0,0,0,0,0,0,0,0,0,0,0,0,0,0,0,0,0,0,0,0,0,0,0,0,2,0,0,2,0,0,0,0,0,0,0,0,0,2,2,2,0,0,2,0,0,0,0,0,0,2,0,2,0,0,0,2,0,0,2,0,0,0,0,0,0,0,0,0,2,0,0,0,0,0,0,0,0,0,0,2,0,0,2,0,0,0,0,0,0,2,0,0,0,0,0,0,0,2,0,2,0,0,2,0,0,2,0,0,2,2,0,0,0,0,0,0,0,0,0,0,0,0,2,2,0,0,2,0,2,0,0,0,0,0,2,0,0,0,0,0,2,0,0,0,0,0,0,2,0,0,0,0,2,2,2,2,2,0,0,2,2,0,0,2,2,2,0,0,0,0,0,0,0,0,2,0,2,0,0,0,0,2,0,0,0,0,0,2,0,0,2,0,2,2,2,2,0,0,0,0,0,2,0,0,0,0,0,0,0,0,0,0,0,0,0,0,2,0,0,2,0,0,0,0,0,2,0,2,2,2,0,0,2,0,0,2,0,0,0,0,NA,2,0,2,2,0,0,0,0,0,0,2,0,0,0,0,0,0,0,0,0,0,0,NA,0,2,0,2,2,0,2,2,0,0,0,0,NA,0,0,2,0,0,0,0,0,2,2,0,0,2,0,0,0,0,0,0,2,0,0,2,0,2,0,0,0,0,0,2,2,2,2,2,0,0,0,2,2,0,2,0,2,2,0,0,2,0,0,0,0,0,2,2,0,0,0,0,0,0,0,0,2,0,2,0,0,0,0,2,0,0,0,0,2,0,2,0,0,0,0,2,0,0,0,0,0,0,2,0,0,2,0,0,0,2,0,2,0,0,0,0,2,0,0,2,0,0,2,2,2,0,2,0,0,0,2,0,0,0,0,0,2,2,0,0,0,2,2,0,2,2,2,0,2,0,2,2,0,0,0,0,2,0,0,2,0,0,0,0,0,0,0,0,0,0,2,0,2,2,0,2,0,2,0,2,0,2,2,2,0,0,2,0,0,0,2,0,0,0,0,0,0,0,0,0,0,0,0,0,0,0,0,0,0,0,0,0,0,2,2,0,0,0,0,0,0,2,0,0,0,0,0,0,0,0,0,0,0,0,0,2,0,0,0,0,0,0,0,2,NA,0,0,0,2,0,0,0,0,2,0,0,2,0,0,0,2,2,0,0,0,0,0,0,0,0,0,0,2,0,0,0,2,0,0,0,0,0,2,0,0,0,0,0,0,0,0,2,NA,0,0,0,0,2,2,0,2,0,0,0,0,0,0,0,0,0,2,0,0,0,0,0,0,0,0,0,0,0,2,0,0,0,0,0,0,0,0,0,2,2,0,0,0,0,0,0,0,0,0,0,0,0,0,0,0,0,0,0,0,0,0,0,0,0,0,2,0,0,0,0,2,0,0,0,0,0,0,0,0,0,0,2,0,0,0,0,0,0,0,0,0,0,0,0,0,0,0,2,0,0,0,0,0,0,0,2,0,0,0,0,0,0,0,0,0,0,0,0,0,2,0,0,0,0,0,0,0,0,0,0,0,0,0,0,0,2,2,0,0,0,0,0,0,0,0,0,0,0,0,0,0,0,0,0,2,2,0,2,0,0,0,0,0,0,0,0,0,0,0,0,0,0,0,0,0,0,2,2,2,0,0,0,2,0,2,0,0,0,2,0,0,0,0,0,2,2,0,0,0,0,0,2,0,2,2,0,0,0,0,0,0,2,2,0,0,0,0,0,0,2,0,0,0,0,0,2,0,0,0,0,0,0,0,0,0,0,2,0,0,0,0,0,0,0,0,0,0,2,2,0,0,0,0,2,0,0,0,0,0,2,0,0,0,0,2,0,0,2,0,0,0,0,2,0,2,2,0,0,2,0,0,2,0,0,2,2,2,0,2,0,0,0,0,0,0,0,2,0,0,0,2,0,0,2,2,0,2,0,0,0,2,0,0,0,0,0,0,2,0,0,2,2,0,0,0,0,0,0,0,0,0,0,0,0,0,0,0,0,0,0,0,0,2,0,2,0,0,0,0,0,0,0,0,0,0,0,0,0,0,0,0,0,2,0,0,2,0,0,0,0,0,0,0,0,0,0,0,0,0,0,0,0,0,0,0,0,0,0,0,0,0,2,0,0,0,2,0,0,2,0,0,0,0,0,2,0,0,0,0,0,0,0,0,2,0,0,0,0,2,2,0,0,0,0,0,0,0,0,0,0,0,2,2,0,0,2,0,0,2,2,0,0,0,0,0,0,0,0,2,0,0,0,0,0,0,0,0,0,0,0,0,0,2,2,0,0,0,0,0,0,0,0,0,0,0,0,0,0,0,2,0,0,0,2,2,2,0,0,0,2,0,0,0,0,2,0,2,0,0,0,0,2,0,0,0,0,2,2,0,0,0,0,0,0,0,2,0,2,0,0,0,2,0,0,0,0,2,0,2,2,0,0,0,0,0,0,0,0,0,2,0,0,0,0,2,0,2,0,0,0,0,0,0,0,0,2,2,2,2,0,2,0,0,2,0,0,2,2,0,0,0,0,0,0,2,0,0,0,0,2,0,0,2,0,2,2,0,2,0,0,0,2,2,0,0,0,0,0,2,0,2,0,0,2,0,2,2,0,0,0,0,0,2,0,2,0,0,0,0,0,2,0,0,0,0,0,0,0,0,2,0,0,0,0,0,0,0,0,0,0,0,0,0,2,2,0,0,0,2,2,0,0,0,0,0,0,2,0,0,0,0,0,2,0,0,2,0,0,0,0,0,0,2,0,2,0,0,0,0,0,0,0,0,0,2,0,2,0,2,0,0,0,0,0,0,0,0,0,0,0,0,0,2,0,0,0,0,0,0,2,0,0,2,0,0,0,0,0,0,2,0,0,0,0,0,0,0,2,2,0,0,0,0,2,0,0,0,0,0,0,0,2,0,0,0,0,0,0,0,0,0,0,2,0,0,0,2,0,2,0,2,2,2,2,0,0,0,0,2,2,0,0,0,2,0,0,2,2,2,2,0,0,0,2,2,0,2,0,0,0,0,0,2,2,0,2,0,0,0,0,0,0,0,2,0,0,2,0,0,0,0,2,0,0,0,0,0,0,0,0,0,2,NA,0,0,2,2,0,0,0,2,0,0,0,0,0,0,2,0,2,2,2,0,0,0,2,0,0,0,2,0,0,0,0,2,0,0,0,0,0,0,2,2,0,0,0,NA,2,0,0,0,2,0,0,0,0,0,2,2,0,0,0,0,0,0,0,0,0,0,0,0,2,0,2,0,2,0,2,2,2,0,0,0,2,0,0,0,0,0,2,2,0,0,0,2,0,0,0,0,0,2,2,0,0,0,0,2,0,0,0,0,0,0,0,2,0,2,0,0,0,2,0,0,0,0,0,0,0,0,0,0,0,0,0,0,0,2,0,2,0,0,0,0,0,0,0,0,0,0,0,0,2,2,0,0,0,0,0,0,0,0,0,0,2,0,0,2,2,0,0,2,0,0,0,0,2,2,2,2,2,0,0,0,0,2,0,0,0,0,0,2,2,0,0,0,0,2,0,0,0,0,0,0,0,2,0,0,2,0,2,0,0,0,0,0,0,0,0,0,0,0,NA,0,2,0,0,2,2,0,0,0,2,2,0,0,0,0,0,0,0,0,0,2,0,0,0,0,0,0,0,0,0,0,0,0,0,2,0,0,2,0,2,0,0,0,0,0,0,0,0,2,0,2,0,NA,2,0,0,0,0,0,2,2,2,0,2,0,0,0,0,0,2,0,0,0,2,2,0,2,0,0,0,0,2,0,0,0,NA,2,0,0,0,0,0,0,0,0,0,0,0,0,0,0,0,0,0,0,0,0,0,0,0,2,0,0,0,0,2,0,0,NA,0,0,0,0,0,0,0,2,2,0,0,2,0,0,0,2,0,0,2,0,0,0,0,0,0,0,0,0,0,2,0,0,0,0,0,0,0,NA,0,2,0,0,0,0,0,0,0,0,2,0,0,0,0,0,0,0,0,0,0,0,2,0,0,NA,0,0,0,0,2,0,0,0,0,0,2,0,0,0,2,0,0,0,0,2,2,0,0,2,0,0,2,0,0,0,0,2,0,0,0,0,0,0,0,0,0,0,0,0,0,2,0,0,0,0,2,2,0,0,0,0,0,0,2,2,0,0,0,0,0,2,0,0,0,0,0,0,0,2,NA,0,2,0,0,2,0,2,0,2,2,0,0,0,0,0,0,0,0,0,0,0,0,0,0,0,2,0,0,0,0,0,0,0,0,2,0,2,0,0,NA,0,2,2,0,0,0,0,0,0,0,0,0,2,0,0,0,0,0,0,0,0,0,2,2,2,0,0,0,0,2,0,0,0,2,2,0,0,0,0,0,0,2,0,0,2,0,0,0,0,0,2,0,0,0,0,0,2,2,0,0,0,0,2,0,0,2,0,0,2,0,0,0,2,0,0,2,2,0,0,0,0,0,0,2,2,0,2,0,0,0,0,0,0,0,0,0,2,2,0,0,0,2,0,0,0,0,0,0,0,0,2,2,0,0,0,0,0,0,0,0,2,2,0,0,2,0,0,0,0,0,0,2,0,0,0,0,2,0,0,0,0,2,NA,2,0,0,0,0,0,0,0,0,0,0,0,0,0,0,0,0,0,0,0,0,0,0,2,0,0,2,2,0,0,0,0,2,2,0,0,0,0,0,0,0,0,0,0,0,0,0,2,0,0,2,0,0,0,0,0,0,0,0,2,2,0,0,0,0,0,0,0,0,0,0,2,0,0,0,2,0,0,2,2,2,2,0,0,0,0,0,0,2,0,0,0,0,0,0,0,2,0,0,0,0,2,0,2,0,0,2,0,0,0,2,0,0,0,0,0,0,2,2,0,0,0,0,0,0,0,0,0,0,0,2,0,2,0,0,0,2,0,0,0,0,0,0,0,0,0,0,0,0,2,0,2,0,0,2,0,0,0,2,0,0,0,0,2,2,0,0,0,0,0,0,0,2,0,2,2,0,0,0,0,0,0,0,0,0,0,0,0,0,2,2,0,0,2,0,2,2,0,2,2,2,0,0,2,0,0,0,0,0,0,0,0,0,0,0,2,0,2,0,2,0,0,0,0,2,2,0,0,0,0,0,0,0,0,2,0,0,0,0,0,0,0,0,0,0,0,0,0,2,0,0,2,0,0,0,0,0,0,0,2,0,2,2,2,NA,0,0,NA,0,2,0,0,0,2,0,0,0,0,0,0,0,0,0,0,0,0,2,2,0,0,0,0,0,2,0,0,0,0,0,0,0,0,0,0,0,0,2,0,0,0,0,0,0,0,0,0,0,0,2,0,0,0,0,0,0,0,0,0,2,0,0,0,0,0,0,0,0,0,0,0,0,0,0,0,0,0,0,0,0,2,0,0,0,0,2,0,0,0,0,2,0,0,0,0,0,0,0,0,0,0,0,2,0,0,0,0,0,0,0,0,0,0,0
"CC183",0,0,0,0,2,0,0,0,0,0,0,0,0,2,2,0,0,0,0,2,2,2,0,2,0,0,0,0,0,0,0,2,0,0,0,2,2,0,0,0,0,2,0,2,2,0,0,2,2,0,2,2,0,2,0,0,2,0,0,0,0,0,0,2,0,0,0,0,0,0,2,0,0,0,0,0,0,0,0,2,0,2,0,0,0,2,2,0,0,0,0,0,0,0,0,2,0,0,0,0,2,2,0,0,2,2,0,0,0,0,0,0,0,0,0,0,0,0,0,0,0,0,0,2,0,2,0,0,2,0,0,0,0,0,0,0,0,0,0,0,0,0,0,0,0,0,0,2,0,0,2,0,0,0,0,0,0,0,0,0,0,0,0,0,0,0,2,0,0,0,0,0,0,0,0,0,2,0,2,0,0,0,2,0,0,0,0,0,0,0,0,0,0,0,0,0,0,0,2,0,0,0,0,2,0,0,0,0,0,0,0,0,0,2,0,0,0,0,0,0,0,0,0,0,0,0,0,2,0,0,0,0,0,0,0,0,0,2,0,0,0,2,0,0,0,0,0,0,2,0,0,0,0,0,0,0,2,2,0,0,0,2,2,2,0,0,2,0,0,0,0,0,0,2,0,0,0,0,0,0,2,0,0,0,0,0,0,0,0,0,0,2,2,0,0,0,0,0,0,0,2,0,0,2,0,2,0,2,0,0,0,0,0,0,0,0,0,2,0,0,0,0,0,0,0,0,0,0,0,0,0,0,0,0,0,0,0,0,2,0,0,0,0,0,0,0,0,0,0,2,0,0,0,0,0,0,0,0,0,0,0,0,0,2,0,0,0,0,0,0,2,0,0,0,2,2,0,0,0,2,0,2,0,0,0,0,2,2,2,0,0,0,0,0,0,0,0,0,0,0,0,0,0,0,0,0,0,0,0,2,0,0,0,2,0,0,0,2,0,0,0,0,2,0,0,0,0,2,0,2,2,0,2,0,0,2,2,0,0,0,0,0,2,0,0,2,0,0,0,2,0,0,0,0,0,0,0,0,0,2,2,0,0,0,0,NA,0,0,0,2,2,0,0,2,0,0,0,2,0,0,0,0,0,0,0,2,0,2,2,2,0,2,0,2,0,0,0,0,0,2,0,0,0,0,0,0,0,2,2,2,0,2,0,2,0,2,0,0,0,2,0,0,2,0,2,2,2,2,0,0,0,0,0,0,0,2,0,2,2,0,2,0,0,0,0,0,0,0,0,2,0,0,0,2,0,0,2,0,0,0,0,0,0,2,0,0,0,0,0,2,0,2,0,0,2,0,2,2,0,0,2,2,2,0,0,0,0,2,2,0,0,0,0,2,0,0,2,0,2,0,0,0,2,2,0,0,0,0,0,0,0,0,0,0,2,0,2,0,0,0,2,0,0,2,0,2,0,0,0,0,0,0,0,2,2,0,0,0,0,2,0,0,0,2,0,0,0,0,0,0,0,0,0,0,0,0,2,0,0,0,2,0,0,2,2,0,0,0,2,0,0,0,2,0,0,0,2,0,0,0,0,0,0,0,2,0,0,0,0,0,0,0,0,0,0,0,0,0,0,0,0,0,0,0,0,0,0,0,0,0,0,2,0,0,0,0,2,2,0,0,0,0,0,0,0,0,0,2,0,0,0,0,2,0,0,2,0,2,0,0,0,0,2,0,0,0,0,0,2,0,0,0,0,0,0,0,0,0,2,0,2,0,0,0,0,2,0,0,0,0,0,0,0,0,0,2,2,0,0,0,0,0,0,0,0,0,2,0,0,2,2,0,0,0,0,0,0,0,0,0,0,0,0,2,0,2,0,0,2,0,0,0,0,0,0,0,2,0,2,0,0,0,0,0,0,2,0,0,0,0,0,0,2,0,2,2,0,0,0,0,2,0,0,0,0,0,0,2,2,0,0,2,0,2,0,2,0,0,0,2,2,2,2,0,2,2,NA,0,0,0,2,0,0,0,2,0,0,0,0,0,0,2,0,0,2,0,2,0,0,2,0,0,0,0,2,0,2,0,0,0,0,0,0,0,2,2,0,2,2,2,0,0,0,0,0,0,2,0,0,2,2,0,0,0,2,0,0,0,2,0,0,0,0,0,0,0,0,0,0,0,0,NA,2,0,0,0,0,2,2,0,2,2,2,0,0,0,0,0,0,0,0,2,0,0,0,0,0,2,0,0,2,0,0,0,0,0,0,0,NA,2,0,0,0,0,0,2,0,2,0,0,2,0,0,0,0,0,0,2,0,0,0,2,0,0,0,0,0,0,0,0,0,2,0,2,0,0,0,2,0,2,0,0,2,2,0,0,0,0,0,0,0,0,2,2,0,2,0,0,2,0,0,0,0,0,0,2,0,2,0,0,0,2,2,2,0,0,0,2,0,0,0,0,0,2,2,0,0,0,0,0,0,0,2,0,0,2,0,0,0,0,0,2,2,0,0,0,0,2,0,0,0,2,2,0,0,2,0,0,2,2,0,0,2,0,0,0,2,0,0,2,0,0,0,0,0,0,2,0,0,0,0,0,0,2,0,2,0,2,0,0,0,0,0,2,0,0,0,0,0,0,0,0,2,NA,0,0,0,2,0,0,0,0,2,0,0,0,0,0,0,0,0,0,0,0,2,0,0,2,0,0,2,0,0,2,0,2,0,0,0,0,2,0,0,0,2,0,0,0,2,0,2,2,2,0,2,2,0,0,2,0,0,0,0,0,2,0,0,0,0,0,0,0,0,0,0,0,0,0,0,0,0,0,0,0,2,0,0,0,0,2,2,0,0,0,0,0,0,0,0,2,0,0,2,0,0,0,0,0,0,0,0,0,2,0,0,0,0,0,0,0,0,0,0,0,0,0,0,2,0,0,0,2,0,0,0,0,0,0,0,2,0,0,0,2,2,0,0,2,0,0,0,0,0,0,0,0,0,NA,0,0,0,0,0,0,2,0,0,0,0,0,0,0,2,2,0,0,0,2,0,0,0,0,0,0,0,0,0,0,0,0,0,0,0,0,0,2,0,0,0,0,0,0,2,0,0,0,0,0,0,2,0,2,0,2,0,0,0,0,0,0,2,2,2,0,0,0,0,0,2,0,0,0,0,0,2,0,0,0,0,0,2,0,0,0,0,0,0,0,0,0,0,0,2,2,0,2,0,0,0,0,0,0,0,0,0,0,0,0,0,2,0,2,0,0,0,0,0,0,0,2,0,0,0,0,0,0,0,0,0,0,0,0,0,0,0,0,0,0,0,0,2,0,0,0,0,0,0,0,2,2,0,0,0,0,2,0,0,0,0,0,0,2,0,2,0,2,0,0,0,0,0,0,2,0,0,0,0,2,0,2,0,2,0,0,2,0,0,2,0,0,2,0,0,0,0,0,0,2,0,0,2,0,0,0,0,0,0,0,0,2,0,0,0,0,0,0,0,0,0,0,0,0,0,2,0,0,0,0,0,0,2,0,0,0,0,0,2,0,2,0,0,0,0,0,0,2,0,0,0,2,0,0,2,0,0,2,2,2,2,0,0,0,0,2,0,0,0,0,2,0,2,0,2,0,0,0,0,0,0,0,0,0,0,2,0,0,0,0,0,2,0,0,0,2,2,0,0,0,0,0,0,2,2,2,0,0,0,2,0,0,NA,0,0,0,0,2,0,2,0,2,0,0,0,0,2,2,2,0,2,0,0,0,2,2,0,0,0,0,0,0,0,2,2,0,2,2,2,0,0,2,0,0,2,0,0,0,0,0,0,0,0,0,0,0,0,0,0,2,0,0,0,0,0,0,0,0,0,0,2,0,2,0,0,0,2,0,0,0,2,0,0,2,0,0,0,2,0,0,0,2,0,0,0,0,2,2,0,2,0,0,2,0,0,0,0,0,2,0,0,0,2,0,2,0,0,0,0,0,2,0,0,0,0,0,0,0,0,0,0,0,0,0,0,0,0,0,0,0,0,0,0,0,0,0,0,2,0,0,0,0,0,0,0,2,0,0,0,0,0,0,0,0,0,0,0,0,0,2,0,0,0,0,2,0,2,2,0,0,0,0,0,0,2,0,0,2,2,0,0,0,0,0,2,0,2,0,2,0,0,0,2,0,2,0,0,0,0,0,0,0,0,0,0,0,0,0,0,0,2,2,0,0,0,0,0,0,0,2,0,2,0,0,2,0,2,0,0,0,0,0,2,0,0,2,0,2,0,0,0,0,0,0,0,0,0,0,0,0,0,0,0,2,0,0,0,0,0,0,0,0,0,0,2,2,2,0,0,0,NA,0,0,0,0,0,2,0,0,0,0,2,0,0,0,2,0,0,0,0,0,0,2,0,0,0,0,0,0,2,0,0,2,0,2,0,0,0,0,2,0,0,0,0,0,0,2,0,0,2,0,0,0,0,0,0,0,0,0,0,0,2,0,2,0,0,0,0,0,0,0,0,0,0,0,0,2,0,0,2,0,0,0,0,0,0,0,0,0,0,0,0,2,2,0,2,0,0,0,0,2,0,0,2,0,0,0,0,0,0,0,2,2,0,0,2,0,0,0,0,0,2,0,0,0,0,0,0,2,0,0,0,2,0,0,0,0,0,0,0,0,0,0,2,0,0,0,0,0,0,0,0,0,2,0,0,2,0,0,0,0,0,0,0,0,0,0,2,0,0,0,0,0,0,0,0,2,0,0,0,0,0,2,0,0,0,0,0,0,0,0,0,0,0,0,0,0,2,0,0,0,0,0,2,0,0,2,0,0,0,0,0,0,0,0,2,0,2,0,0,0,0,0,0,0,0,2,0,0,0,0,2,0,0,0,0,0,0,0,0,0,0,0,0,0,0,0,0,0,0,0,0,0,0,0,0,0,2,0,0,0,0,0,2,0,0,0,0,0,0,0,2,0,0,0,2,0,0,0,0,0,0,0,2,0,0,0,2,0,0,2,2,0,2,0,0,0,0,0,0,2,0,0,0,0,0,0,2,0,0,0,0,2,0,0,2,0,0,0,0,2,0,0,0,0,0,0,0,0,0,0,0,0,0,2,2,0,0,2,0,0,2,0,2,2,0,0,2,0,0,0,0,0,0,0,2,2,0,0,0,2,0,2,0,0,0,2,2,0,0,0,0,0,0,0,0,0,0,2,0,0,0,0,0,2,2,0,2,0,0,0,2,0,2,0,0,0,2,2,0,2,2,0,0,0,2,0,0,2,0,0,2,2,0,0,0,0,0,0,0,0,0,2,0,0,2,0,0,0,0,0,2,0,0,0,0,2,0,0,0,0,0,0,0,0,0,0,0,0,0,0,2,0,2,2,2,0,0,0,2,0,0,0,0,0,0,0,0,0,0,0,0,0,0,0,0,0,0,0,0,0,0,0,0,0,0,0,0,0,0,2,0,0,0,0,0,0,0,0,0,0,0,0,0,0,0,0,0,0,0,0,0,0,0,0,0,0,0,0,0,0,0,0,0,0,0,0,0,0,0,0,0,0,0,0,0,2,0,0,0,2,0,0,0,0,0,0,0,0,0,0,2,0,0,0,0,0,0,0,0,0,0,0,0,0,0,0,0,0,0,0,0,2,2,0,0,0,0,0,0,0,0,0,0,0,0,2,0,2,0,0,0,0,0,2,0,0,0,2,2,0,0,0,2,2,0,0,0,0,0,0,2,2,0,0,0,0,0,0,0,0,0,2,0,0,0,0,0,0,0,0,0,0,0,0,0,0,0,0,0,0,2,0,0,0,2,0,0,0,0,0,2,0,0,0,0,2,0,0,0,0,0,2,0,0,0,0,0,0,0,0,0,0,0,0,0,0,0,0,0,0,0,0,0,2,2,0,0,2,0,0,0,0,0,0,0,2,0,0,0,2,2,0,0,0,0,0,0,0,0,0,0,2,2,2,2,0,0,2,2,0,0,0,0,0,2,0,2,0,0,2,0,0,0,0,0,0,0,0,0,0,2,2,0,0,2,0,0,0,0,2,2,0,0,2,0,0,0,2,0,0,0,0,0,0,0,2,0,0,0,0,2,0,2,0,2,0,0,0,0,0,2,2,2,0,0,0,0,0,0,0,2,0,0,2,0,2,0,0,0,0,2,2,2,2,0,0,0,0,0,0,0,0,0,0,2,0,0,0,0,2,2,2,0,0,0,0,0,0,0,0,0,0,0,0,2,0,0,0,0,0,0,0,2,0,2,0,2,0,0,0,0,0,2,0,0,0,0,0,0,0,0,0,0,0,0,0,2,0,0,2,0,0,2,2,0,0,0,0,0,0,0,2,0,2,0,2,2,0,0,0,2,0,2,0,0,0,2,2,0,0,0,0,0,0,0,0,0,0,0,0,2,2,0,0,2,0,0,0,0,0,2,0,0,0,0,0,0,0,0,0,0,0,0,0,0,0,0,0,2,0,2,0,0,2,0,0,0,0,NA,0,0,0,0,0,0,2,2,0,0,0,0,2,0,0,0,2,0,2,0,0,2,2,0,0,0,2,0,0,2,0,0,0,0,0,0,2,0,0,0,0,0,0,0,2,2,0,2,0,2,2,2,0,0,NA,0,0,2,2,0,0,0,0,0,0,2,0,0,2,0,0,0,0,0,0,2,0,NA,2,2,0,0,2,0,0,0,2,0,0,0,0,0,0,0,0,0,0,0,2,2,0,0,0,0,0,2,0,2,2,0,2,0,0,2,0,2,0,0,0,0,2,2,0,0,0,0,0,0,0,2,0,0,2,0,0,0,2,0,0,0,2,0,2,0,0,0,0,0,0,0,0,0,0,0,0,0,0,0,0,0,0,0,0,0,0,0,2,0,2,2,0,0,2,2,NA,0,0,2,0,2,0,0,2,0,0,2,2,2,0,0,2,0,0,2,0,0,0,2,0,0,2,0,2,2,0,0,0,0,0,2,0,0,0,2,0,2,0,0,0,0,0,0,0,0,0,0,0,0,2,0,0,0,0,0,0,2,0,0,0,0,0,0,0,0,0,0,0,0,0,0,0,2,0,0,0,2,0,0,0,0,0,0,0,2,0,0,0,0,0,0,0,0,2,2,0,0,0,0,0,0,2,0,0,0,0,2,0,0,2,0,0,0,0,0,0,0,0,0,0,0,0,0,2,0,0,0,2,0,0,0,0,0,2,0,0,0,0,0,0,0,0,0,0,0,0,0,0,0,0,0,0,0,0,0,0,0,0,0,0,0,0,0,0,2,0,2,0,2,0,0,2,0,2,0,0,0,0,2,0,0,2,0,0,2,0,0,0,2,0,0,0,0,0,2,2,0,0,0,0,0,0,2,2,0,0,0,0,2,0,2,0,0,0,0,0,0,0,2,0,0,2,0,0,2,0,2,0,0,2,2,2,2,0,2,0,0,0,0,0,2,0,0,2,2,0,0,0,2,2,2,0,NA,0,0,0,0,2,0,0,2,0,2,2,2,0,0,0,0,2,2,0,2,0,0,0,0,0,0,0,0,0,0,0,0,2,0,0,0,0,0,0,0,2,0,2,0,2,0,0,0,0,0,2,0,0,2,0,0,0,0,2,0,0,0,0,2,2,0,2,0,2,0,0,0,0,2,0,0,0,0,0,0,2,0,0,0,0,0,0,0,0,0,0,0,0,0,0,0,0,0,0,2,0,0,0,0,0,0,2,0,2,0,0,2,0,0,0,2,NA,0,0,0,0,0,0,2,0,2,2,0,0,0,0,0,0,0,0,0,0,2,0,0,0,0,0,0,0,0,0,0,0,0,0,2,0,2,0,0,0,0,0,0,0,0,0,0,0,2,0,0,0,0,2,2,2,0,0,0,2,0,2,0,2,0,0,0,0,0,0,0,0,0,0,0,0,2,0,0,0,0,2,2,2,0,0,0,2,2,0,2,0,0,0,0,0,2,0,0,2,0,0,0,0,0,0,0,0,2,0,0,0,0,2,0,0,0,0,0,0,0,0,0,0,0,0,2,2,0,0,0,2,0,2,2,0,0,0,2,0,0,NA,0,0,0,0,0,0,0,0,2,0,0,2,0,0,0,0,0,2,0,0,0,0,0,0,0,0,0,0,0,0,0,0,0,0,0,0,0,0,0,0,0,0,0,0,0,0,0,0,0,0,0,0,0,2,0,0,0,0,0,2,0,0,0,0,2,0,0,2,0,0,0,0,0,0,2,0,0,0,2,0,0,2,0,0,0,0,0,0,0,0,0,0,2,0,0,2,2,0,2,0,2,0,0,0,0,2,2,2,0,2,2,0,0,0,0,0,0,0,0,0,0,2,2,0,0,0,0,0,0,0,0,2,2,0,0,2,2,0,0,2,0,0,2,2,2,0,0,0,0,2,2,2,0,0,2,0,0,0,0,0,0,2,0,0,2,0,2,2,0,2,0,2,0,2,2,0,0,0,0,2,0,0,0,0,0,2,2,0,0,0,0,0,0,0,0,0,0,0,0,0,0,0,0,0,2,0,0,0,2,2,0,0,2,2,2,0,0,0,2,2,0,0,0,2,0,0,0,0,0,0,0,0,2,0,0,2,0,0,2,0,0,0,0,0,2,0,0,2,0,0,0,0,2,0,0,0,0,0,0,0,0,2,0,2,0,0,2,0,0,0,0,2,0,0,0,0,0,2,2,0,0,0,2,0,0,0,0,2,0,0,0,2,0,0,0,0,2,0,0,0,0,2,2,0,2,0,0,2,0,0,0,0,0,0,0,0,0,0,2,0,0,0,0,0,0,0,0,0,0,2,2,0,0,0,0,0,0,0,0,2,0,0,0,0,0,2,0,0,0,0,0,0,0,0,0,0,2,2,2,0,2,0,0,2,0,0,0,2,0,0,0,0,0,0,0,0,0,0,0,2,0,0,0,0,2,0,0,0,0,0,0,0,0,2,0,0,2,0,0,0,0,0,0,0,0,0,0,0,2,2,2,0,0,2,0,0,0,0,0,0,0,0,0,0,0,0,0,0,0,0,0,0,0,0,0,0,2,0,0,0,0,0,0,2,2,0,0,0,0,0,0,2,2,0,2,2,2,0,0,0,0,0,0,0,0,0,0,0,0,0,2,0,2,0,0,0,0,0,0,0,0,0,0,2,0,0,0,0,0,0,0,0,2,0,2,2,0,0,0,0,0,0,0,2,0,0,0,2,0,0,2,0,0,0,0,0,0,2,0,0,2,2,2,0,0,0,0,0,0,0,2,2,2,0,2,0,0,0,0,0,0,0,0,0,2,0,2,0,0,0,0,0,0,0,0,0,2,0,2,0,0,0,0,0,0,0,0,2,0,0,0,0,2,0,0,0,0,0,0,0,0,0,0,2,2,0,0,0,2,0,0,0,0,2,0,2,0,0,0,0,0,2,0,2,0,0,0,0,0,0,0,0,0,2,0,0,0,0,2,0,0,0,2,0,2,0,0,0,0,0,0,2,2,0,0,0,2,0,0,0,0,0,0,0,2,0,0,0,0,2,0,0,0,0,0,0,0,0,0,2,0,0,0,0,2,0,0,0,2,0,0,0,2,2,2,0,0,0,0,0,0,0,0,0,0,0,0,0,2,0,0,0,0,2,0,0,0,0,0,0,0,2,0,0,0,0,0,0,2,0,0,0,0,0,0,0,0,0,0,0,2,0,0,0,0,0,0,0,0,2,2,0,2,0,0,0,0,2,2,0,2,0,0,0,0,0,0,0,0,2,0,0,0,0,0,0,0,2,0,0,0,0,0,0,0,0,0,0,0,2,0,0,0,0,0,2,0,0,0,0,0,2,0,0,0,2,0,0,0,0,0,0,2,2,2,0,2,2,2,0,2,0,0,2,0,0,0,2,0,0,0,0,0,0,0,0,2,2,2,2,2,2,0,2,0,0,0,0,2,0,0,0,0,0,0,0,0,0,0,0,0,0,2,0,2,2,0,0,0,2,0,0,0,0,0,0,0,0,0,0,0,0,0,0,2,0,0,0,0,2,0,0,0,0,0,0,0,0,2,0,0,0,2,2,0,0,0,2,0,0,0,0,0,2,0,0,0,0,0,2,2,2,0,2,0,0,2,0,0,0,0,0,0,2,0,0,0,0,0,2,2,0,0,2,0,0,0,2,2,0,0,2,0,0,0,0,0,0,0,0,0,0,0,0,2,0,0,0,0,0,0,0,0,2,2,0,0,2,2,2,0,0,0,0,0,0,0,0,2,0,0,2,0,0,0,0,0,0,0,0,0,0,0,0,0,0,0,0,0,0,0,2,0,0,2,0,0,2,0,0,2,0,0,0,0,2,0,0,2,0,0,2,0,0,0,0,2,0,0,0,0,0,0,2,2,0,0,0,2,2,0,0,0,2,0,2,0,0,0,0,0,0,0,0,0,0,0,0,0,0,0,0,0,0,0,0,0,0,0,0,0,0,0,0,2,2,2,0,2,0,0,0,0,0,0,0,2,0,2,0,0,0,0,0,2,0,0,0,2,0,2,2,0,0,0,0,0,0,2,0,0,2,2,2,0,0,0,0,0,2,0,0,0,0,0,0,0,0,0,0,0,0,0,0,0,0,2,0,0,0,0,2,0,0,0,2,0,0,0,0,0,0,0,0,0,0,0,0,0,0,0,0,2,0,0,2,0,2,0,0,2,0,0,0,0,2,2,2,0,0,0,2,0,0,0,0,0,0,0,2,2,2,0,0,0,0,2,0,2,0,0,2,2,2,0,0,0,0,0,0,0,2,0,0,0,0,2,0,0,0,0,2,0,0,2,0,2,0,2,0,0,0,0,0,2,2,0,2,0,0,0,0,0,0,0,0,0,2,0,0,0,0,2,0,2,0,0,0,0,2,0,0,0,0,2,0,0,0,0,0,2,0,0,0,2,2,0,0,0,0,2,0,2,0,0,0,2,0,0,2,0,0,0,0,0,0,0,0,0,0,0,0,0,0,0,0,0,0,0,0,0,2,0,0,0,0,2,0,0,0,0,0,0,0,0,0,0,2,0,0,0,0,0,2,0,0,0,0,0,0,0,0,0,0,0,2,0,0,2,0,0,0,2,2,0,2,0,0,0,0,0,2,0,0,0,0,2,0,2,2,2,0,0,2,0,0,0,0,0,2,2,2,0,2,0,0,2,0,0,0,0,2,0,0,0,2,2,0,0,0,0,0,0,0,0,0,0,0,0,0,2,0,0,0,0,0,2,0,0,0,0,0,0,0,0,0,0,0,2,0,0,0,0,0,0,0,NA,2,0,0,0,0,0,0,0,0,0,2,0,2,0,0,0,0,2,0,0,0,0,0,2,0,0,0,0,0,0,0,NA,2,2,2,0,0,0,0,0,0,0,2,0,0,0,0,2,0,0,2,0,0,0,0,0,0,0,0,0,0,0,2,0,2,2,0,0,2,2,2,0,2,0,0,2,0,0,0,2,0,NA,0,0,2,2,0,0,0,0,2,0,0,0,0,0,0,0,0,0,0,0,2,0,0,0,0,0,0,2,0,0,0,2,0,2,0,2,0,0,0,0,0,0,0,0,0,0,0,0,0,2,0,0,2,0,2,0,0,0,0,2,0,0,0,0,0,0,0,0,0,0,0,0,0,0,0,2,0,2,2,2,0,0,0,0,0,2,0,2,2,0,0,0,0,0,2,0,0,0,2,0,2,0,0,2,0,2,0,0,2,2,2,0,0,0,0,0,2,0,0,2,0,2,0,2,0,2,2,0,2,0,0,0,0,0,0,0,0,0,0,0,2,0,0,0,0,0,0,0,0,2,0,2,0,0,0,0,0
"CC184",0,0,0,0,0,0,0,0,0,0,0,0,0,0,2,0,0,0,0,0,0,NA,2,2,0,0,0,0,0,0,0,2,0,0,0,2,2,0,0,0,0,2,0,2,2,0,0,0,2,0,2,2,0,2,2,0,0,0,0,0,0,0,2,2,0,2,0,0,0,0,0,0,0,2,0,0,0,0,0,2,0,2,0,0,0,2,2,0,0,0,0,0,0,0,0,0,0,0,0,0,2,2,0,0,0,2,0,0,0,0,0,0,0,0,0,0,0,0,0,2,0,0,0,0,0,0,2,0,0,0,0,0,0,0,0,0,0,0,0,0,0,0,0,0,0,0,0,2,0,0,2,0,0,0,0,0,0,0,0,0,0,0,0,0,0,0,2,0,0,0,0,0,0,0,0,0,2,0,2,0,0,0,2,0,2,0,0,0,0,0,0,0,2,2,2,0,0,0,2,0,0,0,0,0,0,0,0,0,0,0,0,0,0,2,0,0,0,0,0,0,0,0,0,0,0,0,0,2,0,0,0,0,2,0,0,0,0,0,0,0,2,0,0,0,0,0,0,0,0,2,0,2,0,2,0,0,0,2,0,0,0,2,0,0,2,0,2,0,0,0,0,0,0,2,2,0,0,2,0,0,0,0,0,0,0,0,0,0,0,0,0,0,0,0,0,0,0,0,0,0,0,0,0,0,0,0,0,2,0,0,0,0,0,0,0,0,0,0,0,0,0,0,0,0,0,0,0,0,0,0,0,0,0,0,0,2,0,0,0,0,0,0,0,0,0,0,0,0,0,0,NA,0,0,0,0,0,0,0,0,0,0,0,0,2,0,0,0,0,0,0,2,0,0,0,2,2,0,0,0,2,0,2,0,0,0,0,2,2,0,0,0,0,0,0,0,0,2,0,0,0,0,0,0,0,0,0,0,0,0,2,0,0,0,0,0,0,0,2,0,0,0,0,0,0,0,0,0,2,0,2,0,0,0,0,0,0,0,0,0,0,0,0,0,2,0,0,0,0,0,0,0,0,0,0,0,0,2,0,0,2,2,2,0,0,0,NA,0,2,0,0,2,2,0,2,0,0,0,2,0,0,0,0,0,0,0,2,0,2,2,2,0,2,0,2,0,0,0,0,0,2,0,0,2,0,0,0,0,0,2,2,0,2,0,2,0,2,0,0,0,0,0,0,0,0,0,0,0,2,0,0,0,0,0,0,0,2,0,2,2,0,0,0,0,0,0,0,0,0,0,2,2,0,0,2,0,0,2,0,0,0,0,0,0,2,0,0,0,0,0,2,0,2,0,0,2,0,0,2,0,0,0,2,0,0,0,2,0,0,0,0,0,NA,0,0,0,0,0,2,2,2,0,0,2,2,0,0,0,0,0,0,0,0,0,0,2,0,0,0,0,0,0,0,0,0,0,0,0,0,0,0,0,0,0,2,2,0,0,0,0,2,0,0,0,2,0,0,0,0,0,0,0,0,0,0,0,0,2,0,0,0,2,0,0,2,2,0,0,0,2,0,0,0,2,0,0,0,2,0,0,0,0,0,0,0,0,0,0,0,0,0,0,0,0,0,0,0,0,0,0,0,0,0,0,0,0,0,0,0,0,0,0,2,0,2,0,0,2,2,0,0,0,0,0,0,0,0,0,2,0,NA,0,0,0,0,0,0,0,0,0,0,0,0,2,0,0,0,0,0,2,0,0,0,2,0,0,0,0,0,2,0,2,0,0,0,0,0,0,0,2,0,2,0,0,0,0,0,2,0,0,0,0,0,0,0,2,0,2,2,2,0,0,0,0,2,0,0,0,0,0,0,0,0,0,0,0,0,0,2,0,0,2,0,0,0,0,0,0,0,0,0,0,0,2,0,0,0,0,0,0,0,0,0,2,0,0,0,0,0,0,0,0,0,0,2,0,0,0,2,2,0,0,2,0,2,0,0,0,0,0,2,2,2,2,0,2,0,NA,2,2,2,2,0,0,0,0,0,0,0,0,0,0,0,0,0,2,0,2,0,0,2,0,0,0,0,2,0,2,2,0,0,0,0,2,0,2,2,0,2,0,0,0,0,0,0,0,0,0,0,0,2,2,0,0,0,2,0,0,0,2,0,0,0,0,0,0,0,0,0,0,0,0,0,0,0,0,0,0,0,2,0,2,2,2,2,0,0,0,0,0,0,0,0,0,0,0,0,0,0,2,0,0,0,0,0,0,2,2,0,NA,2,0,0,2,2,0,0,2,2,0,0,0,0,0,0,0,0,0,2,0,0,0,2,0,2,0,0,0,2,0,0,0,0,0,0,0,0,0,2,0,0,0,0,2,2,0,0,0,0,0,0,0,0,2,0,0,2,0,0,2,2,0,0,0,0,0,2,0,2,0,0,0,0,2,0,0,0,0,2,2,2,0,0,2,2,2,0,0,2,0,0,0,0,2,0,0,2,0,0,0,0,0,2,2,0,0,0,0,2,2,0,0,2,2,0,0,0,0,0,2,2,0,0,2,0,0,0,2,0,0,2,0,0,0,0,0,0,2,0,0,0,0,0,NA,0,0,2,0,2,0,2,0,0,0,2,0,0,0,0,0,0,0,0,0,2,0,0,0,0,0,0,0,0,2,0,0,0,0,0,0,0,0,0,0,0,2,0,0,2,0,2,2,0,0,0,0,2,0,0,0,0,2,0,0,0,0,0,0,0,2,2,0,2,2,0,0,2,0,0,2,0,0,0,0,0,2,0,0,0,0,0,0,0,0,2,0,0,0,0,0,0,0,0,0,0,2,0,0,0,0,2,2,0,0,0,0,0,0,0,0,0,0,0,2,0,0,2,0,0,0,0,0,0,2,2,2,0,0,0,0,0,0,0,0,0,0,2,0,2,0,0,2,2,0,0,0,0,2,0,0,0,0,0,0,0,2,0,0,0,0,2,0,2,0,0,0,2,0,0,0,0,0,0,0,0,2,0,0,0,0,0,0,0,0,0,0,0,0,2,0,0,0,0,0,0,0,0,2,0,0,0,0,0,0,0,0,2,2,0,0,0,0,0,2,0,0,0,0,0,0,0,0,2,0,2,0,0,0,0,0,0,2,2,2,0,0,0,0,0,0,0,0,0,0,0,2,0,0,0,0,0,0,0,0,0,0,0,0,0,0,0,0,0,2,2,0,2,0,0,0,0,0,0,0,0,0,0,0,0,0,2,0,0,0,0,0,0,2,0,0,2,0,0,0,0,0,0,0,0,0,0,2,2,0,0,0,0,0,0,0,0,2,0,0,0,0,0,0,0,2,2,0,0,0,2,2,0,0,0,0,2,0,0,0,2,0,2,0,0,2,0,0,0,0,0,0,0,0,2,0,2,0,0,0,0,0,0,0,2,0,0,2,0,0,0,0,0,0,0,0,0,2,0,0,0,0,0,0,0,0,2,0,0,NA,2,0,0,0,0,0,0,0,0,0,2,0,2,0,0,0,0,2,2,0,0,0,0,2,2,2,0,0,0,0,0,0,2,0,0,0,0,0,0,2,0,0,2,2,2,0,0,0,0,0,0,2,0,NA,0,2,0,2,0,0,0,0,0,0,0,0,0,0,0,0,2,0,0,0,0,0,0,0,0,0,2,2,0,0,0,0,0,0,2,0,0,0,0,0,2,0,0,0,0,0,0,2,0,0,0,0,0,0,0,2,0,0,0,2,0,0,0,0,0,2,2,0,0,0,0,0,0,0,0,2,0,2,2,2,0,0,2,0,0,2,0,0,0,0,0,0,0,0,0,2,0,0,0,0,2,0,0,0,0,0,2,2,0,0,0,2,0,0,0,0,0,0,2,0,0,0,2,2,2,0,0,0,2,0,0,0,2,0,0,0,0,2,NA,0,2,2,0,2,0,0,0,0,0,2,0,0,0,2,0,2,0,2,0,0,0,2,2,0,0,0,0,NA,0,0,2,0,0,2,0,0,0,0,0,0,0,0,0,0,0,0,0,0,0,0,0,0,0,0,0,0,0,0,0,0,0,0,0,0,0,0,0,0,0,0,2,0,0,0,0,0,0,2,2,0,0,0,0,0,0,2,0,0,2,2,0,0,0,0,0,0,0,2,0,2,0,0,0,2,0,2,0,0,0,0,0,0,0,0,0,0,0,0,0,0,0,2,0,0,0,0,0,0,0,0,2,2,2,0,0,0,0,2,0,0,0,0,0,2,0,0,2,0,0,0,0,0,0,0,0,0,0,0,0,0,0,0,0,0,0,0,0,0,0,0,0,0,0,0,0,2,2,2,0,0,0,NA,0,0,0,0,0,2,0,0,0,0,2,0,0,0,2,0,2,0,0,0,0,2,0,0,0,2,0,0,2,0,0,0,0,2,0,0,0,0,2,0,0,0,0,0,0,2,0,0,2,0,0,0,0,0,0,0,0,0,0,0,2,0,0,0,0,0,0,0,0,0,0,0,0,0,0,2,0,0,2,0,0,0,0,0,0,0,0,0,0,0,0,2,2,0,0,0,0,0,0,2,0,0,2,0,0,0,0,0,0,0,2,2,0,0,2,0,0,0,0,0,0,0,0,0,0,0,2,0,0,0,0,2,2,0,0,2,0,0,0,0,0,0,2,0,2,0,0,0,0,0,0,0,2,0,0,2,0,0,2,0,0,0,0,0,0,0,0,0,0,0,0,0,2,2,0,0,0,0,0,0,0,2,0,0,0,0,2,2,0,0,0,0,0,2,2,0,2,0,0,0,0,0,0,2,0,2,0,0,0,0,0,0,0,0,2,0,2,0,0,0,0,0,0,2,2,2,0,0,0,0,2,0,0,2,0,0,0,0,0,0,0,0,0,0,0,0,0,0,2,0,2,0,0,0,0,0,2,0,0,0,2,0,2,0,0,2,0,0,0,0,2,0,0,0,0,0,0,0,0,0,0,0,0,0,0,2,0,0,0,0,0,0,0,0,0,0,2,0,2,2,0,0,0,0,2,0,0,0,0,0,2,2,0,0,2,0,0,0,0,2,0,0,0,0,2,0,0,0,0,0,0,2,0,2,0,2,0,2,0,0,0,0,0,0,0,0,2,0,0,0,0,0,0,0,2,0,0,0,0,0,0,2,0,0,0,2,0,0,0,0,0,0,0,0,0,0,0,0,0,2,0,0,0,0,2,0,2,0,0,0,0,2,0,0,0,0,2,2,0,0,2,0,0,0,2,0,0,0,0,0,2,2,NA,0,0,0,0,0,0,0,0,2,0,0,2,0,0,0,0,0,2,0,0,0,0,2,0,0,0,0,0,0,0,0,0,0,0,0,0,0,0,0,2,0,2,0,0,0,2,0,0,2,0,0,0,0,0,0,2,0,0,0,0,0,0,0,2,0,0,0,0,0,0,0,0,0,0,0,0,0,2,0,0,0,0,2,0,0,0,0,0,0,0,0,0,2,0,2,0,0,0,0,0,0,0,0,0,0,0,0,0,0,0,0,0,2,0,0,2,0,0,2,0,0,2,2,2,0,0,2,0,0,0,0,0,0,2,0,0,0,0,0,0,0,2,2,0,0,0,0,0,2,0,0,0,0,0,0,0,2,0,0,2,0,0,0,0,0,0,0,0,0,0,0,0,0,0,2,0,0,2,0,0,2,0,0,0,2,2,0,0,0,2,2,0,0,0,0,0,0,2,2,0,0,0,0,0,0,2,0,2,0,0,0,0,2,0,0,2,0,0,2,0,0,0,0,0,0,2,0,2,0,0,0,2,0,0,0,0,0,2,0,0,0,0,2,0,2,0,0,0,2,0,0,0,0,0,0,0,0,0,0,0,0,0,0,0,0,2,0,0,0,0,2,0,0,0,0,0,0,2,0,0,0,0,0,0,0,2,0,2,0,0,0,0,0,0,0,0,2,0,0,2,2,2,0,0,0,2,0,0,0,0,0,2,0,0,0,0,0,0,2,0,0,0,0,0,0,0,0,0,2,0,0,2,0,0,0,0,2,2,0,0,2,0,0,0,2,0,0,0,0,0,0,0,2,0,0,0,0,2,0,2,0,0,0,0,0,0,0,2,2,2,0,0,0,0,0,0,0,2,2,2,2,0,2,0,0,0,0,2,2,2,2,0,0,0,0,0,0,0,0,0,0,0,2,0,0,0,2,0,2,0,2,0,0,0,0,0,0,0,0,0,2,2,0,0,0,0,0,0,NA,2,0,2,0,2,0,0,0,0,0,0,0,0,0,0,0,0,0,0,0,0,2,0,0,0,0,2,0,0,0,0,2,0,0,0,0,0,0,0,2,0,0,0,2,2,0,0,0,2,0,2,0,0,0,2,2,0,0,0,0,0,0,0,0,0,0,0,0,2,2,0,0,0,0,0,0,0,0,2,0,0,0,0,0,0,0,0,0,0,0,0,0,0,0,0,0,2,0,0,0,0,2,0,0,0,2,0,2,0,0,2,0,2,0,2,0,0,0,0,2,0,0,0,2,0,0,0,0,2,0,0,2,0,0,2,0,2,0,0,0,0,0,0,0,0,0,0,0,0,0,0,0,2,0,0,2,0,0,2,0,0,NA,0,2,0,0,0,0,2,0,0,0,2,0,0,0,0,2,0,2,0,0,2,0,0,2,0,2,0,2,0,0,2,2,2,2,0,0,0,0,0,0,0,0,0,2,2,0,0,2,0,0,0,0,2,2,0,2,0,0,2,0,2,0,0,0,2,2,0,0,0,2,0,0,0,0,2,0,0,0,0,0,0,2,0,0,0,2,0,2,0,0,2,0,2,2,0,0,0,0,0,0,0,0,2,0,0,0,0,2,0,0,0,0,0,0,0,0,0,0,2,0,2,0,0,0,0,0,0,0,0,0,0,0,0,0,0,0,0,0,2,0,0,0,2,0,0,0,0,0,2,0,0,0,0,0,2,0,0,0,0,2,0,0,0,0,0,0,0,0,0,0,2,0,0,0,0,0,0,0,0,0,2,2,0,0,0,0,0,0,0,0,0,0,0,2,2,2,2,0,0,0,0,0,0,0,0,0,0,0,2,2,0,0,0,2,0,0,0,0,2,0,0,0,0,0,0,2,0,0,0,0,2,0,2,0,0,0,2,0,0,0,0,0,0,2,0,0,0,2,0,0,0,2,2,2,0,0,0,0,0,0,0,0,0,0,0,0,0,0,0,0,0,0,0,0,0,0,0,0,0,0,0,0,0,0,0,0,0,0,2,0,0,0,2,0,0,2,0,0,2,0,0,0,0,0,0,2,0,0,2,0,0,0,2,0,2,0,2,0,2,2,2,0,0,0,0,0,2,2,0,0,0,2,2,0,0,0,2,0,0,0,0,0,2,0,0,2,0,0,2,0,2,0,0,2,2,2,2,2,2,0,0,0,0,0,2,0,2,2,2,0,2,0,0,2,2,0,0,0,0,0,0,2,0,0,0,0,2,2,2,0,0,0,0,2,2,0,2,0,0,0,0,0,0,0,0,0,0,0,0,2,0,0,0,0,0,0,0,0,0,2,0,0,0,0,0,0,0,2,0,0,2,0,0,0,0,2,0,0,0,0,2,2,0,2,0,2,0,0,0,0,2,0,0,2,0,0,0,2,0,0,0,0,0,0,0,0,0,0,0,0,0,0,0,0,0,0,2,2,0,0,2,0,0,2,0,2,0,0,0,0,0,0,2,0,0,2,0,0,2,0,0,0,0,2,0,0,2,0,0,0,0,0,0,0,2,0,0,0,0,0,0,0,0,0,2,0,0,0,0,0,0,0,0,0,0,0,0,0,0,0,0,2,0,0,0,0,0,2,2,2,0,0,0,0,0,2,0,2,2,2,2,0,0,0,0,0,0,0,0,0,2,0,0,0,0,2,2,2,0,0,0,2,2,0,2,2,0,0,0,0,2,0,0,2,0,0,2,0,0,0,0,0,2,0,0,0,0,2,0,0,0,0,0,0,0,0,0,0,0,0,2,2,0,0,0,2,0,2,2,0,0,0,2,0,0,0,0,0,0,0,0,0,0,0,0,0,0,0,0,0,0,0,0,0,0,0,0,0,0,0,0,0,0,0,0,0,0,0,0,0,0,0,0,0,0,0,0,0,0,0,0,0,0,0,0,0,0,0,0,2,0,0,0,0,0,0,0,0,0,0,0,0,0,0,0,0,0,0,0,0,0,0,0,0,0,0,0,0,0,0,0,0,0,0,0,0,0,0,0,0,0,2,0,0,0,2,2,2,0,0,0,0,2,2,0,0,0,0,0,0,0,0,0,0,0,0,2,2,0,0,0,0,0,0,2,0,0,0,2,0,0,0,0,0,0,2,0,0,2,0,0,0,0,0,0,0,2,2,0,0,0,0,0,0,0,0,0,0,0,0,0,0,0,2,0,0,0,0,0,0,0,0,0,0,0,0,0,0,0,0,0,0,0,0,0,0,0,0,0,0,0,0,0,0,0,0,0,0,0,2,0,0,0,0,2,2,0,0,2,0,2,0,0,0,0,0,0,0,0,2,0,0,0,0,0,0,0,0,0,0,0,2,0,0,0,0,0,0,0,0,2,0,0,0,0,0,0,0,2,0,0,0,0,0,0,0,0,2,0,2,0,0,2,0,2,0,0,2,2,0,0,0,0,0,0,0,0,0,2,0,0,0,0,2,0,0,0,2,0,0,0,0,2,0,0,0,0,2,2,0,2,0,0,2,0,0,0,2,0,0,0,0,0,0,2,0,0,0,0,0,0,0,0,0,0,2,2,0,2,0,0,0,0,0,0,2,0,0,0,0,0,0,0,0,0,0,0,0,0,0,0,0,0,2,2,0,2,0,2,0,0,2,0,2,0,0,0,0,0,0,0,0,2,0,0,0,0,0,0,0,2,0,0,0,0,0,0,0,0,2,0,0,0,0,0,0,0,0,0,0,0,0,0,0,2,2,2,0,0,2,0,0,0,0,0,0,0,0,0,0,0,0,0,0,0,0,0,2,0,0,0,0,2,0,2,2,0,0,0,0,0,0,0,0,2,2,0,0,0,2,2,0,0,0,0,0,2,0,0,0,0,0,0,0,0,0,0,2,0,0,0,2,0,0,0,0,0,0,0,2,0,0,0,0,0,0,0,0,2,0,0,2,0,0,0,0,0,0,0,0,0,0,0,0,0,0,2,0,0,0,0,2,0,2,0,0,2,2,2,0,0,0,0,0,0,0,2,2,2,0,2,0,0,0,0,0,0,0,0,0,2,0,2,0,0,0,2,0,0,0,0,0,2,0,0,0,0,0,0,0,0,0,0,2,0,0,0,0,2,0,2,0,0,0,0,0,0,2,2,0,0,0,0,0,0,0,0,0,0,2,0,2,0,0,0,0,2,0,2,2,0,0,0,0,0,2,0,0,0,0,0,0,0,0,0,0,0,0,0,2,0,0,0,0,0,0,0,0,0,2,0,0,0,0,0,2,0,0,0,0,0,0,0,0,0,2,0,0,0,0,2,0,0,0,0,2,0,0,0,0,0,0,0,0,0,0,0,0,2,0,0,0,0,0,0,0,0,0,0,0,0,0,0,0,2,0,0,0,0,2,0,0,0,0,0,0,0,2,0,0,0,0,0,0,2,2,2,0,0,0,0,0,0,2,0,2,2,0,2,0,0,0,0,0,2,2,0,0,0,0,0,0,0,0,2,0,0,0,0,0,0,0,0,0,0,2,0,0,0,0,0,0,0,2,0,0,0,0,0,2,0,0,0,0,0,2,0,2,0,0,0,2,0,0,0,2,0,2,0,0,0,2,0,0,0,0,2,0,2,2,2,2,2,2,2,2,2,0,0,2,0,0,0,0,0,0,0,0,0,0,0,0,0,2,0,2,2,2,0,0,0,0,0,0,0,0,0,0,2,0,0,0,0,0,0,0,0,2,0,0,0,0,0,0,0,0,0,0,2,0,0,0,0,2,0,0,0,0,2,0,2,0,2,0,0,2,0,0,0,2,0,0,2,0,0,0,0,0,0,2,0,0,0,0,0,0,0,0,0,2,2,0,2,0,0,0,2,2,0,2,0,0,0,2,0,0,0,0,0,0,0,0,0,0,0,2,2,0,0,2,0,0,0,2,2,0,0,0,0,0,0,0,0,0,0,0,0,0,0,0,0,0,0,0,0,0,0,0,0,2,2,0,0,2,0,2,0,0,0,0,0,0,0,0,2,0,0,0,0,0,0,0,0,0,0,0,0,0,0,0,0,0,2,2,0,0,0,2,0,0,2,0,0,2,0,0,2,0,0,0,0,2,0,0,2,0,0,2,0,0,0,0,2,0,0,0,0,0,0,2,2,0,0,0,2,2,0,0,0,2,0,2,0,0,0,0,0,0,0,0,0,0,2,0,0,0,0,0,0,0,0,0,0,0,0,0,0,0,0,0,0,2,2,0,2,0,0,0,0,0,0,0,0,2,2,0,0,0,0,0,2,0,0,0,0,0,2,2,0,0,0,0,0,0,0,2,0,2,2,2,0,0,0,0,0,0,0,0,0,0,0,0,0,0,0,0,0,0,0,0,0,0,2,0,0,0,0,2,2,2,0,0,0,0,0,0,0,0,0,0,0,2,2,0,0,0,0,0,2,0,0,2,0,0,0,0,2,0,2,2,0,2,2,2,0,0,0,2,0,0,0,0,0,0,0,0,0,0,0,0,0,0,2,0,0,0,0,2,2,2,0,0,0,0,0,0,0,0,0,0,0,0,2,0,0,0,0,2,0,0,0,0,0,0,0,2,0,0,0,0,0,0,0,0,0,0,0,0,0,0,0,0,0,2,0,0,2,0,2,0,2,0,2,0,2,0,0,0,0,0,2,0,0,0,0,0,0,0,0,0,0,2,0,0,0,0,0,0,0,0,0,0,2,0,0,2,0,0,0,0,0,0,0,0,0,0,0,0,0,0,0,0,0,0,0,0,0,2,0,0,0,0,2,0,0,0,0,0,0,0,0,0,0,2,0,0,0,0,0,0,0,0,0,0,0,0,0,0,0,0,0,0,0,0,0,0,0,0,0,0,0,2,0,0,0,0,0,0,0,0,0,0,0,0,0,2,0,0,0,0,0,2,0,2,0,2,2,0,0,0,2,0,0,0,0,0,2,2,0,0,0,2,2,0,0,0,0,0,2,2,0,0,0,0,0,2,2,2,0,0,0,0,0,0,0,0,0,0,0,0,2,0,0,0,0,2,0,0,0,0,0,0,0,2,0,0,0,0,0,0,2,0,0,2,0,2,0,0,2,0,2,0,2,2,0,0,0,0,0,0,2,2,0,0,0,0,0,2,2,0,0,0,0,2,2,0,2,0,2,0,2,0,0,0,0,2,0,0,0,0,0,0,0,0,0,2,0,2,2,0,0,2,2,2,0,2,0,2,0,0,0,0,0,2,2,0,0,2,2,0,0,0,0,2,2,2,0,0,0,0,0,0,0,2,0,2,0,0,2,0,0,0,0,0,0,0,0,0,2,0,2,0,0,0,0,0,0,0,0,0,0,2,0,2,0,0,2,0,0,0,0,0,2,0,0,0,0,0,2,0,0,0,0,0,0,2,0,0,2,0,2,0,2,0,0,0,2,0,0,0,0,2,2,2,0,0,2,0,0,0,0,0,0,0,0,0,2,0,0,0,2,0,0,2,0,0,0,0,0,0,0,0,0,0,0,0,2,0,0,0,2,0,0,2,0,0,0,0,0,0,0,0,0,0,0,2,0,0,0,0,0,0,0,0,0,0,2,0,0,0,0,0
"CC185",0,0,0,0,2,0,0,0,0,0,0,0,0,2,2,2,0,0,0,2,2,2,0,0,0,0,0,0,0,0,0,0,0,0,0,0,0,0,0,0,0,0,2,0,0,0,2,0,2,0,0,0,2,0,0,0,2,0,0,0,0,0,0,0,0,0,2,0,0,0,2,0,0,0,0,0,0,0,0,2,0,0,0,0,0,0,2,0,0,0,0,0,2,0,0,2,0,0,0,0,2,2,0,0,2,2,2,0,0,0,0,0,0,0,0,0,0,0,0,2,0,0,2,2,0,2,0,0,0,0,0,0,0,0,2,0,0,0,0,0,0,0,0,0,0,0,0,2,0,0,2,0,0,0,0,0,2,0,0,0,0,0,0,2,0,0,2,0,0,0,0,0,0,0,0,0,0,0,0,0,0,0,2,0,0,0,0,0,0,0,0,0,0,0,2,0,0,0,0,0,0,0,0,2,0,0,0,0,0,0,0,0,0,0,0,2,0,0,0,0,2,0,0,0,0,0,0,2,0,0,0,0,2,0,0,0,0,2,0,0,2,0,0,0,0,0,0,0,2,0,0,0,0,0,0,2,0,2,0,0,0,0,0,2,2,0,2,0,0,0,0,0,0,2,2,0,0,0,0,0,2,0,0,0,0,0,0,0,0,0,0,2,2,0,0,0,0,0,0,0,0,0,0,2,0,0,0,2,0,0,0,0,0,0,0,0,0,2,0,0,0,0,0,0,0,0,0,0,0,0,0,2,0,0,0,2,0,0,2,0,0,0,0,0,0,0,0,0,0,0,0,0,0,0,0,0,0,0,0,0,0,0,0,0,0,2,0,0,0,0,0,0,0,0,2,2,0,0,0,2,0,2,0,0,0,0,2,0,0,0,0,0,0,0,0,0,0,0,0,0,0,0,0,0,0,0,0,0,0,2,0,0,0,0,2,0,0,2,0,0,0,0,0,0,0,0,0,2,0,2,0,0,2,0,0,0,0,0,0,0,0,0,0,0,0,2,0,2,0,0,0,0,0,0,0,0,2,0,0,0,0,2,0,2,0,0,0,0,0,0,2,2,0,2,0,0,0,0,0,0,0,0,0,0,0,0,0,0,0,0,0,2,0,2,2,2,0,0,0,0,0,0,2,0,0,0,0,0,2,0,0,2,2,0,0,2,2,0,0,0,2,0,0,0,2,2,2,2,0,0,0,2,0,0,0,2,0,2,2,0,2,0,0,0,0,0,0,0,0,2,0,0,0,2,0,0,0,0,0,0,0,0,0,2,0,0,0,0,0,2,0,0,0,0,0,0,2,2,0,0,0,0,0,0,0,0,0,0,0,0,0,0,0,0,0,0,2,2,2,0,0,0,2,0,0,0,0,0,0,0,0,0,0,0,2,0,2,0,2,0,0,0,0,2,0,0,0,0,0,0,0,0,0,0,2,0,0,0,0,0,0,0,2,2,2,0,0,0,0,2,0,0,0,0,0,0,2,0,0,0,2,0,0,0,0,0,0,0,2,0,0,0,0,2,0,0,0,0,0,0,0,0,0,0,0,0,0,0,0,0,2,0,0,0,0,0,0,0,0,2,0,0,0,0,0,0,0,0,0,0,0,2,0,0,0,0,2,0,0,0,0,0,0,0,0,0,0,0,0,0,0,0,0,0,0,0,0,0,0,0,0,0,2,0,0,0,0,0,0,0,0,0,2,0,2,0,0,0,2,0,2,0,0,2,0,0,0,0,2,0,0,0,0,0,0,0,0,0,0,0,0,0,2,2,0,0,0,2,2,0,0,0,2,2,2,2,0,0,0,0,0,0,0,0,0,0,0,2,0,0,2,0,0,0,2,0,0,0,0,0,2,0,2,0,0,0,0,0,0,0,0,0,0,0,0,0,0,0,0,0,2,0,0,2,0,0,0,0,0,2,0,2,0,0,2,0,0,0,0,2,2,2,2,0,0,2,0,2,2,2,2,0,0,0,0,0,0,0,0,0,0,0,0,0,2,0,2,0,0,2,0,0,0,0,2,0,2,2,0,0,0,0,2,0,2,0,0,2,0,0,0,0,2,0,0,0,0,0,0,0,2,2,2,2,0,0,0,0,0,0,0,2,0,2,2,0,0,2,0,0,2,0,0,2,0,0,0,0,2,0,2,2,2,2,0,0,2,0,0,0,0,2,0,0,0,0,0,2,2,0,0,0,0,0,0,2,2,2,0,0,0,0,2,2,2,0,2,0,0,0,0,0,0,0,0,0,2,2,0,0,0,2,0,0,0,0,0,2,0,0,0,0,0,0,0,0,0,2,0,0,0,0,0,2,0,0,0,0,0,0,0,0,0,0,0,0,2,0,2,0,2,0,0,0,0,2,0,0,2,0,0,0,2,0,0,0,2,2,0,0,0,0,0,0,2,0,0,0,0,0,0,0,2,0,0,2,0,0,0,0,0,2,2,0,0,2,0,2,0,0,0,0,0,0,0,0,0,0,0,0,0,0,0,0,0,2,0,0,0,0,0,0,0,0,2,0,2,0,0,0,0,0,0,0,2,0,0,2,0,0,2,0,0,2,0,0,0,0,0,0,0,2,0,2,0,0,0,0,0,0,0,0,0,0,0,0,0,0,0,2,2,2,0,0,0,0,0,2,0,0,0,0,0,0,0,2,0,0,0,0,2,0,0,2,0,2,0,0,0,2,0,2,0,0,0,2,2,0,2,0,0,0,0,0,2,NA,2,0,0,0,0,0,0,2,0,0,0,2,0,0,2,0,0,0,0,0,0,0,0,2,0,0,0,0,0,0,0,0,0,2,0,0,0,NA,0,2,0,0,0,0,0,0,0,2,2,0,0,0,2,0,0,2,2,0,2,2,0,2,0,0,0,2,0,0,0,0,NA,2,0,2,0,0,0,0,2,0,0,0,0,2,2,2,0,0,0,2,0,0,0,0,0,0,0,0,2,0,0,0,0,0,0,0,0,0,0,0,0,2,2,0,0,0,0,0,0,0,2,0,0,0,0,0,0,0,0,0,0,0,0,0,0,0,2,0,0,0,0,0,0,0,0,0,0,2,0,0,0,0,0,0,0,0,0,0,0,0,0,0,0,0,0,0,2,0,2,0,2,0,0,0,0,0,0,0,0,0,0,0,0,2,2,0,0,2,0,0,0,0,0,0,0,0,0,0,0,0,0,0,2,2,0,0,0,2,0,2,0,0,0,0,0,0,0,0,0,2,0,0,2,0,2,2,0,0,0,0,0,0,0,0,0,0,0,0,2,0,0,0,2,0,0,0,0,0,2,0,0,0,0,0,0,0,0,0,0,2,0,0,0,0,0,0,0,0,0,0,0,2,0,2,2,0,0,0,0,0,0,2,0,2,2,0,0,0,0,0,0,0,0,0,2,0,2,2,0,0,0,0,0,2,0,0,2,0,2,0,0,0,2,0,0,0,0,2,0,0,0,0,0,0,0,0,0,0,2,2,2,0,0,0,0,2,0,0,0,2,2,0,0,2,0,0,2,0,0,0,2,2,2,0,0,2,0,0,0,0,0,0,0,0,0,0,0,0,0,0,0,0,0,0,0,0,0,2,0,0,0,0,0,0,0,2,0,2,2,0,0,0,0,0,2,2,0,2,0,0,0,2,0,0,0,0,0,0,2,0,0,0,0,0,0,0,2,0,0,0,2,0,0,0,0,0,2,0,0,0,0,2,0,0,0,0,2,0,2,0,2,0,0,2,0,0,0,2,0,0,0,0,0,0,0,0,0,0,0,0,0,2,0,0,0,0,2,2,0,0,0,0,0,0,0,0,0,0,0,2,0,0,0,0,2,0,0,0,0,0,2,0,0,0,0,0,0,0,0,2,2,0,2,0,0,0,0,0,2,0,2,0,0,0,0,0,2,0,2,0,0,0,0,2,0,0,0,0,0,0,0,2,0,0,0,0,2,0,0,0,0,0,0,0,0,0,0,0,0,0,2,0,0,0,0,0,0,0,0,0,0,0,0,0,0,0,2,0,0,0,0,2,0,0,0,0,0,0,2,2,0,0,0,0,0,0,0,0,0,0,2,0,0,0,0,0,0,0,2,2,0,0,0,0,0,0,2,0,0,2,0,0,0,0,0,0,0,0,0,0,0,2,2,0,0,2,0,0,0,0,0,2,2,2,0,0,0,0,2,0,0,0,0,0,2,0,0,0,0,0,0,0,0,0,0,0,0,0,0,2,0,0,2,0,0,2,0,0,0,0,0,0,0,0,0,0,0,0,2,0,0,0,2,0,0,0,0,0,0,0,2,0,0,2,2,2,0,0,0,0,0,0,0,2,2,0,0,0,0,0,0,2,0,0,0,0,2,0,0,0,0,0,0,0,0,0,2,0,2,0,2,0,0,0,0,0,0,0,0,0,0,0,0,0,0,0,0,0,0,0,0,0,0,0,2,0,0,0,2,0,0,2,0,0,0,0,0,0,0,0,0,0,0,0,2,2,0,0,0,0,0,0,2,0,0,2,0,0,2,0,0,0,0,NA,0,0,0,2,0,0,0,0,0,0,0,0,0,0,0,2,0,0,0,0,0,0,0,0,2,0,0,0,0,0,0,2,0,2,0,0,0,0,0,0,0,0,0,0,2,0,2,2,0,0,0,0,0,0,0,2,0,0,0,0,0,2,2,0,2,0,0,0,0,0,0,2,0,0,0,0,2,0,0,0,0,0,0,0,0,2,0,0,0,0,0,0,2,0,0,0,0,0,2,0,0,0,2,0,2,0,2,0,2,0,0,0,2,2,2,0,0,0,0,2,0,0,2,0,2,0,0,0,0,0,0,0,0,0,0,0,0,2,0,2,0,0,0,0,0,0,2,0,0,2,0,2,2,0,2,0,0,0,2,2,0,0,0,0,0,0,0,0,2,0,0,2,2,0,2,2,0,0,0,0,0,0,0,2,0,0,0,0,2,2,0,0,0,0,0,2,0,0,2,0,2,0,0,0,0,0,2,2,2,2,0,0,0,0,0,0,0,0,0,2,0,0,0,2,0,2,0,0,0,2,0,0,0,0,0,2,0,0,0,0,2,0,2,0,0,0,0,0,2,0,0,0,0,0,0,0,0,0,0,0,0,0,0,0,0,0,2,0,0,0,0,2,2,0,0,2,0,2,0,2,2,2,0,0,0,0,0,0,2,0,0,0,0,0,0,0,0,0,0,2,2,NA,0,0,2,0,0,0,0,2,0,0,0,2,0,0,0,0,0,0,0,0,2,0,0,0,0,2,0,0,0,0,0,0,0,0,0,0,0,0,0,0,0,2,2,0,0,0,2,0,0,0,2,0,0,0,2,2,0,0,0,0,0,0,0,2,0,2,0,0,0,0,0,0,0,0,0,0,0,2,2,0,0,2,0,0,2,2,0,0,0,0,0,0,0,0,0,0,0,0,2,0,0,0,2,2,0,0,0,0,0,0,0,0,2,0,0,0,0,0,0,0,0,0,2,0,0,0,2,0,0,0,0,0,NA,2,0,0,0,2,0,0,0,0,2,0,2,0,0,0,2,0,0,0,0,0,0,0,2,0,2,0,0,0,0,0,0,NA,0,0,0,0,0,0,2,0,2,0,0,2,0,0,2,0,0,0,2,2,2,2,0,2,2,0,0,0,0,0,2,0,2,0,0,0,0,0,0,0,0,2,2,0,0,0,0,0,0,0,0,0,0,0,0,2,2,0,0,2,0,2,0,0,0,2,0,2,0,0,0,2,0,0,0,0,2,2,2,2,0,0,0,0,0,0,0,0,0,0,0,0,0,0,2,0,0,0,0,2,2,0,0,0,2,0,0,0,0,0,0,2,0,0,0,0,0,0,0,0,0,2,0,2,0,0,0,0,0,0,0,0,0,0,0,0,0,0,2,0,2,2,2,2,0,2,2,0,0,0,0,0,0,2,0,0,0,0,2,0,2,2,2,0,0,2,2,2,0,0,0,0,2,0,0,0,0,0,2,0,0,0,0,2,0,2,2,2,0,2,0,2,0,2,0,2,0,0,0,2,0,2,2,0,0,0,0,0,0,0,0,2,0,2,0,0,2,0,2,0,0,2,0,0,2,0,0,0,0,0,0,0,0,0,0,2,2,0,0,0,2,0,2,0,2,0,0,0,0,0,0,0,0,0,2,0,0,0,0,0,0,0,NA,2,NA,2,0,0,0,0,0,0,0,0,2,2,0,0,0,0,0,0,0,0,0,0,0,2,0,2,0,0,0,0,2,0,0,0,0,0,0,2,2,0,2,0,2,2,0,0,0,2,0,0,0,0,0,2,2,0,0,0,0,0,2,0,0,0,0,0,0,2,2,0,0,2,0,2,0,2,0,2,0,0,0,0,0,0,0,0,0,0,0,0,2,0,0,2,0,0,0,0,0,0,0,0,0,0,2,0,2,2,0,2,0,0,0,2,0,0,0,0,2,0,0,0,2,0,2,0,0,2,0,0,0,0,0,2,0,2,0,0,0,0,0,0,0,0,0,0,0,0,0,0,0,0,0,0,0,0,0,0,0,0,0,0,2,0,0,0,0,0,0,0,0,2,0,0,0,0,2,0,0,0,0,2,0,2,2,0,2,0,2,0,0,2,2,2,0,2,0,0,0,0,0,0,0,0,0,0,0,2,2,2,0,0,0,0,0,2,0,0,0,0,0,0,0,0,0,0,0,0,0,0,0,0,0,2,2,0,0,0,0,0,0,0,0,0,0,0,2,0,2,0,0,2,0,0,0,0,0,0,0,0,0,0,0,2,0,0,2,0,0,0,2,0,2,0,0,0,0,0,0,0,0,0,0,0,2,0,0,0,0,2,0,0,0,2,0,0,0,0,0,0,0,0,0,0,2,0,0,0,0,0,0,0,2,0,0,0,0,0,0,0,2,0,0,0,2,0,0,0,0,0,0,2,0,2,0,0,0,0,2,0,0,0,2,0,0,0,2,0,0,0,0,0,0,0,0,0,0,2,0,0,0,2,0,0,0,0,0,0,0,0,2,2,0,0,0,0,0,0,2,0,2,0,0,0,0,2,0,2,0,0,0,0,0,0,2,0,0,2,0,2,0,0,2,2,0,0,0,0,0,0,0,0,0,0,0,2,0,2,2,0,2,0,0,0,0,0,0,0,0,0,0,0,0,0,0,0,0,0,0,0,0,0,0,2,0,0,0,0,0,0,0,0,2,0,0,0,2,0,2,0,0,0,0,0,0,0,2,0,0,2,0,0,0,0,0,0,0,2,0,2,0,0,0,0,0,0,0,2,2,0,0,0,0,0,0,2,0,0,0,0,0,0,0,2,0,0,2,0,0,2,0,2,0,0,2,2,0,0,2,0,0,0,0,0,0,2,0,2,2,2,0,2,2,2,2,2,0,NA,0,0,0,0,2,0,0,0,0,2,2,2,0,2,0,0,2,0,0,2,0,0,0,0,0,0,0,0,0,0,0,0,2,0,0,0,NA,0,0,0,0,0,2,0,2,0,0,0,0,2,0,0,0,2,0,0,0,0,2,0,0,0,0,2,2,0,2,0,0,0,0,0,0,2,0,0,0,0,0,0,0,0,0,0,0,0,0,0,0,0,0,0,0,0,0,0,0,0,0,2,0,0,0,0,0,0,2,0,0,0,0,2,0,0,0,2,NA,0,0,0,0,0,0,0,0,0,2,0,0,0,0,0,0,0,0,0,0,2,0,0,2,0,0,0,0,2,2,0,0,0,0,0,0,0,0,0,2,0,0,0,0,2,0,0,0,2,0,0,0,0,0,2,2,0,0,0,2,0,0,0,2,0,0,0,0,0,0,2,2,0,0,0,0,2,2,0,0,0,2,2,2,0,0,2,2,2,2,2,0,0,0,0,2,0,0,0,2,0,0,0,2,0,0,0,0,0,0,0,0,0,0,0,0,0,0,0,0,0,2,2,2,0,0,0,0,0,0,0,0,0,2,2,0,0,0,2,0,0,0,0,2,2,0,0,0,0,2,0,0,0,0,0,0,0,0,0,0,0,0,0,0,0,0,0,0,0,0,0,0,2,2,0,0,0,0,0,0,NA,0,2,NA,2,2,0,2,0,2,0,0,2,0,0,2,0,0,0,0,0,2,0,0,0,0,2,0,0,2,0,0,0,0,0,0,2,NA,0,0,2,0,0,2,0,0,2,0,0,0,0,2,0,0,0,0,0,0,2,0,0,0,2,0,0,2,0,2,2,2,0,0,0,0,0,0,0,0,0,2,0,0,0,2,2,0,0,0,0,0,0,0,2,2,0,0,0,0,0,0,0,2,2,2,0,0,0,0,0,0,2,0,2,2,0,0,0,0,0,0,0,0,0,0,2,0,0,0,0,0,0,0,0,0,0,0,0,0,0,0,0,0,0,0,0,0,0,0,0,0,0,0,2,2,0,0,0,2,0,0,2,0,0,0,0,2,0,0,0,0,2,0,0,0,0,0,2,0,0,0,0,0,0,0,0,0,0,0,0,0,0,0,0,0,0,0,0,2,0,0,0,2,0,0,0,0,0,0,0,2,0,0,0,2,0,0,0,0,0,0,0,0,0,2,0,2,0,0,2,0,0,0,0,0,2,0,0,0,0,0,0,0,0,0,2,0,0,0,0,2,0,0,0,0,0,0,0,0,2,0,0,0,0,2,2,0,2,0,0,2,0,0,0,2,0,0,0,0,2,0,2,0,0,2,0,0,0,0,2,0,0,2,0,0,2,0,0,NA,0,2,0,2,2,0,0,2,0,2,0,0,0,0,0,0,0,0,0,0,2,0,2,0,0,0,0,2,0,2,0,0,0,0,0,0,0,0,0,0,0,0,0,2,0,2,0,0,2,0,0,2,2,0,2,2,0,2,2,0,2,0,2,0,0,0,2,0,0,2,2,0,0,0,0,NA,0,0,2,0,2,2,0,0,0,2,0,0,0,0,0,0,0,0,0,2,2,2,2,0,0,2,0,0,0,2,0,2,2,0,0,0,0,0,0,0,0,0,0,0,2,0,0,0,0,0,0,0,0,2,0,0,0,0,0,0,2,0,2,0,0,0,0,0,0,0,2,0,2,2,2,2,2,0,2,2,0,0,2,0,2,2,0,0,2,0,0,0,0,0,0,0,0,0,0,0,0,0,2,NA,0,0,0,2,0,0,0,0,0,0,0,2,0,0,0,0,0,2,0,0,0,0,0,0,0,0,0,0,0,0,0,0,0,2,0,0,0,0,2,0,2,0,0,2,0,0,0,0,0,0,0,0,0,0,0,0,2,0,2,0,0,0,0,0,0,0,0,0,0,0,0,0,0,2,0,0,0,0,0,0,0,0,0,0,0,2,2,2,2,0,0,0,0,2,0,0,0,0,0,0,0,0,2,0,0,0,NA,2,0,0,0,0,0,0,0,2,0,0,0,2,0,2,0,2,2,0,2,2,0,2,0,0,0,2,0,0,0,0,2,2,0,0,0,2,0,0,0,2,0,0,0,0,0,0,0,0,2,0,0,0,2,0,0,0,0,0,0,0,0,0,0,0,2,2,0,2,0,0,0,0,0,0,0,0,0,0,2,0,0,0,0,0,0,2,NA,0,0,2,0,0,0,NA,0,2,0,0,0,0,0,0,0,0,2,0,0,0,0,0,0,0,0,0,2,0,0,2,0,0,0,0,0,0,0,2,0,0,0,0,0,0,0,2,0,0,0,0,0,2,0,0,0,0,0,0,0,0,0,0,0,2,0,0,0,0,0,2,0,0,0,2,0,0,0,0,0,0,0,2,2,2,0,0,0,0,0,0,2,2,2,0,0,0,0,0,0,0,0,0,0,0,0,2,2,2,2,2,0,2,0,0,0,0,2,0,0,0,0,0,0,0,0,0,0,0,0,0,2,0,2,0,0,0,2,2,0,0,0,0,0,0,0,0,0,0,0,0,0,0,2,0,2,0,0,0,0,0,0,2,0,0,0,0,0,0,0,0,0,2,0,0,2,2,0,0,0,0,0,2,0,0,0,0,0,0,2,2,0,2,0,0,2,2,0,0,2,0,0,0,0,0,0,0,0,2,2,0,0,2,0,2,0,2,2,0,0,0,0,0,0,0,0,0,0,0,0,0,0,0,0,0,0,0,0,0,0,0,0,2,0,0,0,0,0,2,0,0,0,0,0,0,0,0,0,0,0,0,0,0,0,0,0,0,2,0,0,0,0,0,0,0,2,2,0,0,0,2,0,0,2,2,0,2,2,0,2,0,0,0,2,0,0,2,2,0,0,2,0,0,0,0,2,0,0,0,0,2,0,2,2,0,0,0,2,0,0,0,0,2,0,2,2,0,0,0,0,0,2,0,0,0,2,0,0,0,0,0,0,2,0,0,0,0,0,0,0,0,0,0,0,0,0,0,2,0,0,0,0,0,0,0,2,0,0,0,0,0,0,0,0,0,0,0,0,0,0,2,0,2,0,2,0,0,0,2,2,2,0,2,0,0,0,0,0,0,NA,0,0,0,0,2,0,0,2,0,0,2,2,2,2,0,2,0,0,2,2,0,0,0,0,0,0,0,2,0,0,0,2,0,0,0,0,0,2,0,2,0,2,0,0,2,0,NA,0,0,2,0,0,0,0,2,0,2,0,2,0,2,0,0,0,2,0,0,0,2,2,2,0,0,0,0,2,0,2,0,0,2,2,2,0,0,0,0,0,0,0,2,0,2,0,0,2,0,0,0,0,0,0,0,2,0,2,0,2,0,0,0,0,0,2,2,0,2,0,2,0,0,0,0,0,0,0,2,0,0,0,0,2,0,2,2,0,0,0,2,0,0,0,0,2,0,0,0,0,0,2,0,0,0,2,2,0,0,0,0,2,0,2,2,0,0,2,0,0,2,0,0,0,0,0,0,2,2,0,0,2,0,0,0,0,0,0,0,0,0,2,2,0,0,0,2,2,0,0,0,0,0,0,0,0,0,0,0,0,0,0,0,0,0,0,0,0,0,0,0,2,0,0,2,0,2,0,0,2,0,0,2,2,2,0,0,0,0,0,0,0,2,0,0,0,2,0,0,2,2,2,0,0,2,0,0,0,0,0,2,2,0,0,2,0,0,0,0,0,0,0,2,0,0,0,2,2,0,0,0,0,0,0,0,2,0,0,2,0,0,2,2,0,0,0,0,2,0,0,0,0,0,0,2,0,0,0,0,0,0,0,0,0,0,0,0,NA,2,0,0,0,0,0,0,0,0,0,2,0,2,0,0,0,0,2,0,0,0,0,0,2,0,0,0,0,0,0,0,0,2,2,0,2,0,0,0,2,0,0,2,0,0,0,0,2,0,0,0,0,0,0,2,2,0,0,2,0,0,0,2,0,2,2,0,0,2,2,2,2,2,0,0,2,0,0,0,2,NA,0,0,0,2,0,0,0,0,0,2,0,0,0,0,0,0,0,0,2,0,0,2,0,0,0,2,0,0,0,0,2,0,0,0,2,0,2,0,0,0,0,0,0,0,0,0,0,0,0,2,0,0,0,2,0,2,0,0,2,0,0,2,0,0,2,0,0,0,0,0,0,0,0,0,2,0,2,0,2,0,0,2,0,0,0,0,0,0,0,2,0,0,0,0,0,0,0,0,0,0,2,2,2,0,0,0,0,2,0,2,0,0,0,0,0,0,0,0,0,0,0,0,2,0,2,0,2,2,0,2,0,0,0,0,0,0,0,0,0,0,0,2,0,0,0,0,0,0,0,2,2,0,2,0,0,0,0,0
"CC186",0,0,0,0,2,0,0,0,0,0,0,2,0,2,2,0,0,0,0,0,2,2,0,0,2,0,0,0,0,2,0,0,0,0,0,0,0,0,2,0,0,0,2,2,0,0,0,0,0,0,0,0,0,0,0,0,0,0,0,0,0,0,0,0,0,2,0,0,0,0,0,0,0,0,0,0,0,2,0,0,2,0,0,0,0,0,0,0,0,0,0,2,0,0,0,0,0,0,2,2,2,2,0,2,0,0,0,0,0,0,2,0,0,0,0,0,0,0,0,0,0,0,0,2,0,0,0,2,0,0,0,0,0,0,0,0,0,0,0,0,0,0,0,0,0,2,2,0,0,2,0,2,0,0,2,2,0,0,0,2,0,0,0,2,2,2,0,0,0,0,0,2,2,0,0,0,0,0,0,2,0,0,0,0,0,0,0,2,0,2,0,2,0,0,0,0,0,2,0,0,0,0,0,0,0,0,0,0,0,0,0,0,0,0,0,0,2,0,0,0,2,2,0,0,0,2,0,0,0,0,0,0,0,2,0,0,0,2,0,0,2,0,0,0,0,0,0,0,2,0,0,0,0,0,0,0,2,0,0,0,0,2,0,2,0,0,0,2,0,2,0,0,0,0,0,0,0,0,0,0,0,0,0,0,0,0,0,2,2,0,0,0,0,0,0,0,2,0,0,0,2,0,0,0,0,2,2,0,2,0,0,0,0,0,0,0,0,2,0,2,0,0,0,2,0,0,0,0,2,0,0,0,2,0,0,0,0,0,2,0,0,0,0,0,0,0,0,0,0,0,2,0,2,0,0,0,0,0,0,0,0,2,0,0,0,0,0,2,0,0,2,0,0,0,0,0,0,0,0,0,0,0,0,0,2,0,0,2,2,0,0,0,0,0,0,0,0,0,0,2,0,0,2,0,0,2,0,0,0,NA,0,2,0,0,0,0,0,2,0,0,0,2,2,0,0,0,0,0,0,2,2,0,0,2,0,2,2,0,0,0,0,0,2,0,2,0,0,0,0,0,0,0,0,0,2,0,0,0,0,0,0,0,2,0,2,2,0,0,2,2,2,0,0,2,0,0,0,0,0,0,2,0,0,0,2,0,0,0,2,0,0,0,0,2,0,0,2,0,0,2,0,0,2,0,0,0,0,0,2,0,0,0,0,0,0,0,0,0,0,2,2,2,2,2,0,0,0,0,0,0,0,0,0,0,0,2,0,0,0,2,0,0,0,0,2,0,0,0,0,0,0,0,0,2,0,0,0,0,0,0,0,0,0,2,2,0,2,2,0,0,0,2,0,0,0,2,2,0,0,0,2,2,0,2,2,0,2,0,0,2,0,0,0,0,2,0,2,0,2,0,0,0,0,0,0,0,2,2,2,0,0,0,0,2,0,NA,0,0,0,2,0,0,0,2,2,2,0,0,0,0,0,0,0,0,2,0,0,0,0,2,0,2,0,0,0,0,0,0,0,0,0,0,0,0,0,0,2,0,2,0,0,0,0,0,0,0,2,0,0,0,0,0,0,2,0,0,0,0,0,2,0,0,2,0,0,0,2,0,0,0,0,0,2,0,0,0,2,0,0,2,0,2,0,0,0,0,0,0,0,2,0,2,0,0,0,0,2,2,2,0,0,0,0,0,0,2,0,2,2,0,2,0,0,0,0,0,0,0,2,0,0,0,2,0,0,0,0,0,2,0,0,0,0,0,0,0,0,0,2,0,NA,0,0,2,0,0,0,0,0,0,2,0,0,0,0,0,2,0,0,0,0,0,0,0,0,0,0,0,0,0,0,0,0,2,0,2,0,0,0,0,0,0,0,0,0,0,0,0,0,0,2,0,0,0,0,0,0,0,0,0,0,0,2,0,0,0,0,0,0,0,0,0,0,0,0,0,0,0,0,0,2,0,0,2,0,0,0,2,0,0,0,2,0,0,0,0,0,0,0,2,2,2,2,0,2,0,0,2,2,2,2,0,0,0,0,0,0,0,0,0,0,2,0,0,0,0,2,0,0,2,0,0,0,0,2,0,2,2,0,0,0,0,0,0,2,0,0,0,0,0,0,0,0,0,2,2,0,0,0,2,2,0,0,0,0,0,0,0,0,0,0,0,0,0,0,2,0,0,0,0,0,2,2,0,0,0,0,0,0,0,2,0,2,0,0,0,0,0,0,0,0,0,0,0,0,0,0,0,2,0,0,0,2,0,2,0,2,0,2,2,0,0,2,0,0,0,0,0,0,0,0,0,0,0,2,0,0,2,0,0,0,0,0,0,0,0,0,0,0,0,0,0,0,0,0,2,0,0,0,0,0,0,0,0,2,0,0,0,0,0,0,2,0,0,2,0,0,0,2,0,0,0,0,0,0,2,2,0,0,0,0,0,0,0,2,2,0,2,2,0,0,0,0,2,0,0,0,0,0,2,0,2,0,0,0,0,2,2,0,2,0,0,0,0,0,0,2,2,0,0,2,2,0,0,0,0,0,0,0,0,0,2,2,0,0,0,0,0,0,0,0,0,0,0,0,2,2,2,0,0,0,0,0,0,0,0,0,2,0,0,0,0,0,0,0,0,0,0,0,0,0,0,0,2,2,0,0,2,2,2,0,0,0,0,0,0,0,0,0,0,0,0,0,0,2,0,0,0,0,0,2,0,0,0,0,2,2,0,0,0,0,0,0,2,0,0,0,0,0,2,0,2,0,0,0,2,0,0,2,0,0,2,0,0,2,0,0,0,0,0,0,0,0,2,0,0,0,0,0,2,2,0,2,0,2,0,0,2,0,2,0,0,0,0,0,0,0,2,0,2,0,0,0,2,2,2,0,0,0,0,0,0,0,0,0,0,0,0,0,0,0,0,0,0,0,0,0,0,0,2,0,0,2,0,0,0,2,0,2,2,0,2,2,0,0,2,0,0,0,0,2,0,0,0,0,0,0,0,0,0,0,0,0,2,2,0,0,0,0,0,0,0,2,0,0,0,0,2,0,0,0,0,0,0,0,0,0,0,0,2,2,0,0,0,2,2,0,0,0,0,0,0,0,0,0,0,0,0,0,2,0,2,0,0,0,0,0,0,0,0,2,2,2,0,0,0,0,0,0,0,0,0,0,0,2,0,2,0,0,2,0,0,0,0,0,0,0,0,0,0,0,0,0,0,0,2,0,0,0,0,0,0,0,0,0,0,0,0,0,2,0,0,2,0,0,0,0,0,0,0,0,0,0,0,2,2,0,0,0,0,0,0,0,0,0,0,0,0,0,0,0,0,0,0,0,0,0,2,2,2,0,2,0,0,2,0,0,0,0,0,0,0,0,0,2,2,0,0,2,0,0,0,0,0,0,0,0,0,0,0,0,0,0,0,0,0,0,2,2,0,0,0,0,0,0,2,0,2,2,2,0,0,2,2,2,0,0,0,0,0,0,0,2,0,0,2,0,2,0,0,2,0,0,2,0,0,0,0,0,2,0,0,2,0,0,0,0,0,0,0,0,0,0,0,0,0,2,0,0,2,0,0,2,0,2,0,0,2,0,0,0,2,0,0,0,0,0,0,0,0,0,0,2,0,0,0,0,0,0,2,0,0,0,2,0,0,0,0,0,2,0,0,0,2,0,2,0,0,0,0,0,2,0,0,0,0,0,0,0,0,0,0,0,2,0,0,0,0,0,0,0,2,2,0,2,2,0,0,0,0,0,2,2,0,0,0,0,0,0,0,0,0,0,0,0,2,2,0,0,0,2,2,0,0,0,0,0,2,0,0,0,0,0,0,0,0,2,2,0,0,0,0,0,0,0,0,0,0,2,2,0,2,2,0,0,0,0,0,2,2,0,0,2,0,0,2,0,0,0,0,0,0,0,0,0,0,0,0,0,0,2,0,0,2,0,0,2,0,2,2,0,0,0,0,0,0,0,0,2,0,2,2,2,2,0,0,0,0,0,0,0,0,0,0,0,0,0,0,0,0,0,0,2,0,2,0,0,0,0,0,0,0,2,2,0,0,2,0,2,2,0,0,0,2,2,0,0,0,0,0,0,0,2,0,0,0,0,0,0,0,0,0,0,2,2,0,0,0,0,2,0,0,0,0,0,0,0,0,2,0,0,0,2,2,0,0,2,0,0,0,0,0,0,0,0,0,0,2,0,0,2,0,0,2,0,2,0,0,2,0,0,0,0,0,0,0,0,0,0,2,0,0,0,0,2,2,0,0,2,0,0,0,0,0,0,0,0,0,2,2,0,0,0,0,0,0,2,0,0,0,2,2,0,0,0,0,0,2,0,0,0,2,2,2,0,0,2,0,0,0,0,0,0,0,2,2,0,0,0,0,0,2,0,0,2,0,0,0,0,2,0,2,0,2,0,0,0,0,0,2,0,0,0,0,2,0,2,0,0,0,0,0,0,0,0,0,0,0,2,0,0,2,0,0,0,2,2,0,0,0,0,2,0,2,2,0,0,0,0,0,0,0,0,0,0,0,0,2,0,0,2,2,0,0,0,0,2,2,0,0,2,0,0,0,0,0,2,0,0,0,0,2,0,0,0,0,0,0,0,0,0,0,0,0,2,NA,0,0,2,0,2,0,0,2,0,2,0,0,0,0,0,2,0,0,0,0,0,0,0,0,0,0,0,0,2,0,0,0,0,0,0,0,0,0,0,0,0,0,0,0,0,0,0,0,2,0,0,0,0,0,0,0,0,0,0,0,0,2,0,0,0,0,0,0,0,0,2,0,0,0,0,0,0,0,0,0,0,0,0,2,0,2,0,2,0,0,0,0,0,0,0,2,2,2,0,0,0,0,0,0,0,2,0,0,0,0,0,0,0,0,0,0,0,0,2,2,2,0,2,0,0,0,0,2,2,2,0,0,0,0,0,0,0,0,0,0,0,0,0,0,0,0,2,0,0,0,0,0,0,0,0,0,0,0,0,0,0,0,0,2,0,2,0,0,0,0,0,2,0,0,0,0,0,0,0,0,0,0,0,0,0,0,2,2,0,0,0,0,2,0,0,0,2,0,0,0,0,0,0,0,0,0,0,0,2,2,0,0,0,0,0,2,2,0,0,0,0,0,0,0,0,0,0,2,0,0,0,0,0,0,0,0,0,0,0,0,0,0,0,2,0,0,0,0,0,0,0,0,0,0,0,2,0,0,0,0,0,0,0,0,0,0,0,0,0,0,0,0,0,2,0,0,0,0,0,0,0,0,0,0,2,0,0,0,2,0,0,0,0,2,0,0,0,2,0,0,0,0,2,0,0,2,0,2,0,0,0,0,0,0,0,0,0,0,0,0,0,2,0,0,0,0,0,0,0,2,0,0,0,0,0,2,0,0,0,2,0,0,0,0,0,0,0,0,0,0,0,0,2,0,0,0,0,2,0,0,0,0,2,0,0,0,0,0,0,0,0,0,0,0,0,0,0,0,0,0,2,0,0,0,0,0,0,0,0,0,0,0,0,0,0,0,0,0,0,0,0,2,0,0,2,0,0,2,0,2,2,0,0,0,0,2,0,0,0,0,0,0,0,0,0,0,0,2,0,0,0,0,0,0,0,2,0,2,0,0,0,0,0,0,0,0,2,2,0,2,0,0,2,0,0,0,0,0,0,0,0,0,2,NA,0,0,0,0,0,2,0,0,0,0,0,0,0,0,0,0,0,0,2,0,0,0,0,0,0,0,2,0,0,2,NA,0,0,0,2,0,0,2,0,0,0,0,0,0,0,0,0,2,0,0,0,0,2,2,0,0,0,0,0,2,0,2,0,0,2,0,0,2,0,0,0,0,0,0,0,0,2,0,0,2,0,0,2,0,2,0,0,0,0,0,0,2,2,0,0,0,0,0,2,0,0,0,0,0,0,0,2,0,0,0,0,0,0,0,0,0,2,2,0,0,0,0,0,2,0,0,2,2,2,0,0,0,0,0,0,0,0,0,0,2,0,2,0,0,0,0,2,2,2,0,2,2,0,0,2,0,0,0,0,0,0,0,2,2,0,0,0,0,0,2,0,0,2,0,2,0,0,0,0,0,2,0,2,2,0,0,2,2,0,2,0,0,0,0,0,2,2,0,0,0,0,0,0,2,0,0,0,0,0,0,0,0,0,0,0,0,0,2,0,0,0,0,0,0,0,0,0,0,0,0,0,0,2,0,0,0,0,0,0,2,0,2,0,0,0,2,0,0,0,0,0,2,0,0,2,0,0,0,0,0,2,0,0,2,0,2,0,0,2,2,0,2,0,2,0,2,2,0,2,0,2,2,0,0,0,0,0,2,0,0,0,0,2,0,0,2,0,0,0,0,0,2,2,2,2,0,0,2,0,0,2,0,0,2,2,0,0,0,2,0,0,2,0,0,0,2,0,0,0,2,2,0,0,0,0,0,2,2,0,0,0,2,0,0,2,2,0,0,0,0,0,0,0,0,0,0,0,0,2,2,0,0,0,0,0,2,0,0,2,0,2,0,0,2,0,0,2,2,2,0,0,0,0,0,2,0,0,0,0,0,0,0,0,0,0,0,0,0,0,0,0,0,0,0,0,0,0,0,0,0,0,0,0,0,2,2,2,0,0,0,0,0,0,2,0,0,2,0,2,0,0,0,0,2,0,2,0,2,2,0,2,0,0,2,2,2,0,0,2,2,0,2,0,0,0,2,0,0,0,0,0,0,0,0,0,0,0,0,0,0,0,0,2,2,0,0,0,2,0,2,0,0,0,0,0,0,0,0,0,0,2,0,0,0,0,0,2,0,2,0,0,0,0,0,0,0,0,2,0,0,0,0,0,0,0,0,0,0,0,2,2,0,0,2,2,0,2,0,0,0,0,0,0,0,0,0,0,0,2,0,0,0,0,0,0,0,0,0,2,0,2,0,0,0,0,0,0,2,0,0,0,0,0,0,2,2,2,0,2,0,0,0,0,0,2,0,0,2,0,2,0,0,2,0,0,0,2,0,2,2,2,0,0,0,0,0,2,2,0,2,2,NA,2,0,2,0,0,0,0,0,0,0,0,2,0,0,0,0,0,0,0,0,0,2,2,0,0,0,0,0,0,0,0,2,0,0,0,0,0,0,0,0,0,0,0,0,0,2,2,0,0,2,0,0,2,2,0,0,0,0,0,2,0,0,0,0,0,2,2,0,2,0,2,0,2,2,2,0,0,0,0,0,0,0,2,0,0,0,0,0,2,0,0,0,0,2,0,0,0,0,2,0,0,0,0,0,2,0,2,0,0,0,0,2,2,2,0,0,2,0,0,2,0,0,0,0,0,0,0,0,0,2,0,0,0,2,0,0,0,2,2,2,2,0,0,0,0,0,0,0,0,0,0,0,0,0,0,0,0,0,0,0,0,0,0,0,0,0,2,2,0,2,0,0,0,0,0,2,0,2,0,0,0,0,0,0,0,0,0,0,2,0,0,0,0,0,0,0,0,2,2,0,0,2,0,0,0,0,0,0,0,2,0,0,0,0,0,0,0,0,0,0,0,0,0,0,0,0,0,0,2,0,0,0,2,0,0,0,0,0,0,0,0,0,2,0,0,2,0,0,2,2,0,0,0,0,0,0,0,0,0,2,2,0,0,2,0,0,0,2,0,0,2,2,0,2,0,0,0,0,0,0,0,0,0,0,0,0,0,0,0,0,0,0,0,0,0,0,0,0,0,0,0,0,0,0,0,2,2,0,0,2,0,0,0,0,0,0,2,0,0,0,0,0,0,0,0,0,0,2,0,2,0,0,0,0,2,0,0,0,0,0,0,0,0,0,2,0,0,0,0,2,0,0,0,0,0,0,0,0,0,2,2,0,2,2,2,0,2,0,0,0,2,0,0,0,0,2,2,0,0,0,2,2,2,0,0,2,2,0,0,0,2,2,0,0,2,0,0,0,0,0,2,0,0,0,0,0,0,0,2,0,0,0,0,0,2,0,0,0,0,0,0,0,0,0,0,0,2,2,2,0,0,2,0,0,0,2,0,0,0,0,0,0,0,0,0,0,2,0,2,2,0,0,0,2,2,0,0,2,0,0,0,2,0,0,0,0,0,2,0,0,2,2,0,0,2,0,2,0,0,2,2,0,2,0,0,2,0,0,2,2,0,2,2,0,0,0,0,0,0,2,0,0,0,0,2,0,2,0,0,0,2,2,0,0,2,0,0,0,0,2,2,2,2,2,0,2,2,0,0,0,2,0,2,0,2,0,0,2,0,0,0,0,0,2,0,0,0,2,0,2,2,2,2,0,0,2,0,2,0,0,0,0,0,0,0,0,0,0,0,2,0,0,0,0,0,0,0,0,2,0,0,0,2,2,0,2,2,0,0,0,0,0,0,0,0,0,0,0,0,0,0,2,0,0,0,0,0,0,0,0,0,0,0,2,0,0,2,0,2,0,2,2,0,0,2,0,0,0,0,0,0,0,0,0,0,0,0,2,2,0,0,0,0,2,0,0,0,0,0,0,0,0,2,0,2,0,2,0,0,2,0,0,0,0,0,0,2,0,0,0,0,0,0,0,0,0,0,0,0,2,0,0,0,0,0,2,2,0,0,0,0,0,0,0,2,0,0,0,0,2,0,0,0,2,2,0,0,0,0,0,2,0,0,0,2,0,0,0,2,0,0,0,0,0,2,0,0,0,2,0,2,0,0,2,0,2,0,0,2,0,0,0,2,0,0,0,0,0,0,0,0,0,0,0,0,0,0,0,0,0,0,2,0,0,0,0,0,0,0,0,2,2,0,0,0,0,0,2,2,0,0,2,0,0,0,0,0,0,0,2,0,0,0,0,0,0,0,0,0,0,0,0,0,0,0,0,0,0,0,0,2,0,2,0,0,0,0,0,0,0,0,0,0,0,0,0,0,0,0,2,0,0,0,0,0,0,0,0,2,2,0,2,0,0,0,2,2,0,0,0,0,0,0,0,0,0,0,0,0,0,0,0,0,0,0,0,0,0,0,0,0,0,0,0,0,0,0,0,2,0,0,0,0,2,0,0,2,0,2,0,0,0,0,0,0,2,0,0,2,0,0,2,2,2,0,2,0,0,0,0,0,0,2,0,0,0,0,2,0,2,0,2,0,0,0,2,2,0,0,2,0,0,2,2,2,0,0,0,2,2,0,2,0,0,0,0,0,0,0,0,0,0,2,0,0,0,0,0,2,0,0,0,2,0,2,0,0,2,2,0,0,0,2,0,0,0,0,2,2,2,0,2,0,2,0,0,2,0,2,0,2,0,0,0,0,0,0,2,0,2,0,0,2,0,0,0,0,0,0,2,0,2,2,0,0,0,0,0,2,0,0,0,NA,0,0,0,2,0,2,0,2,2,0,0,0,2,0,2,0,0,0,2,2,0,2,0,0,2,0,2,2,0,0,2,0,0,0,0,2,0,2,0,0,0,0,0,0,0,2,0,0,2,0,0,0,0,0,0,0,2,0,0,0,2,0,0,2,0,2,0,0,2,0,0,0,0,0,0,0,0,0,2,0,0,2,0,2,0,0,2,0,0,0,0,0,0,0,0,0,0,0,0,0,0,2,0,0,0,0,0,0,0,0,0,0,0,0,0,0,0,0,0,0,0,0,0,0,0,0,0,0,0,0,0,0,0,0,0,0,0,0,0,0,0,0,0,0,0,0,0,0,2,2,0,0,0,2,0,0,0,0,0,0,0,0,2,0,0,0,0,0,0,0,0,0,0,0,2,0,0,0,0,0,0,0,2,0,0,0,0,0,0,0,0,0,0,2,2,2,2,0,0,0,0,0,0,0,0,0,0,0,0,0,2,2,0,0,2,2,0,0,0,0,2,2,2,2,0,0,0,2,2,0,0,2,0,2,2,0,0,0,0,0,2,2,0,0,0,0,2,0,0,0,0,0,0,0,0,0,0,0,0,0,0,0,0,0,0,2,0,0,0,2,2,0,0,0,0,0,0,2,0,0,0,0,0,0,0,0,2,2,0,0,2,0,0,2,2,0,0,2,0,0,0,0,2,0,0,0,2,0,0,0,0,0,0,0,0,0,2,0,0,2,0,0,0,0,0,0,2,0,0,0,0,2,0,0,0,0,0,0,0,0,0,0,2,0,0,0,0,0,2,0,0,0,0,2,0,0,0,0,0,2,0,0,0,0,0,0,0,0,0,2,0,2,2,0,0,2,0,0,2,0,0,2,0,0,0,2,0,0,0,0,0,0,0,2,2,2,0,0,0,2,0,0,0,0,0,0,0,0,0,2,0,0,0,0,0,2,0,0,0,0,0,0,0,0,0,2,0,0,2,2,2,2,0,0,0,2,0,0,2,0,0,0,0,0,0,0,0,0,0,0,0,0,0,0,0,2,2,2,0,0,2,0,0,0,0,0,2,0,0,0,0,2,2,0,0,0,2,0,0,0,2,0,0,0,0,0,2,2,0,0,0,0,0,0,0,0,0,0,2,2,0,2,0,0,0,0,0,0,2,0,2,2,2,0,0,0,0,0,0,0,0,0,2,0,2,0,0,0,0,0,0,2,0,2,0,0,0,0,0,2,2,0,0,0,0,0,0,2,0,0,0,0,0,0,0,0,0,0,0,0,0,0,0,0,0,2,0,0,0,0,0,0,0,0,2,0,0,0,2,2,0,2,0,0,2,0,0,0,2,0,2,0,0,0,0,0,0,2,2,2,0,0,0,0,0,2,0,0,0,0,0,2,0,0,0,0,0,0,2,0,2,2,0,0,0,0,2,2,0,0,0,0,0,0,0,2,2,0,0,0,0,0,0,2,0,0,2,2,0,0,0,0,0,0,0,0,0,0,0,0,0,0,0,2,2,0,0,0,0,2,0,0,0,0,0,0,0,0,0,0,2,0,0,0,0,0,NA,0,0,0,0,0,0,0,0,0,0,2,2,2,0,2,0,2,0,0,0,2,0,0,2,0,0,0,0,0,0,0,0,0,0,0,0,0,0,0,0,0,2,0,2,0,0,0,0,0,0,2,0,0,2,0,0,0,2,0,0,2,0,0,2,2,0,0,2,0,0,2,0,0,0,0,0,0,0,2,0,0,2,0,0,0,0,0,0,0,0,2,0,0,2,2,0,2,0,2,0,0,0,0,0,0,2,0,0,0,0,2,0,0,0,2,0,0,0,2,0,0,0,0,0,2,0,0,0,2,0,0,2,0,0,0,0,2,0,0,0,0,0,2,0,0,0,0,0,0,2,2,0,2,0,0,2,0,0,0,0,0,0,0,0,0,0,0,0,0,0,0,0,0,0,0,0,2,0,0,0,0,0,0,0,2,2,0,0,0,0,0,0,0,0,0,NA,2,0,0,0,0,0,2,0,0,0,2,0,0,0,0,2,0,0,0,0,0,0,0,0,0,0,0,0,0,0,0,0,0,0,0,2,0,0,0,2,0,0,0,2,0,0,0,0,0,0,0,0,0,2,0,0,0,0,0,0,0,2,2,2,0,0,0,0,0,0,0,0,0,0,2,0,0,0,2,0,2,0,2,0,2,0,0,0,0,0,0,0,0,0,0,0,0,0,2,0,0,0,0,0,2,0,0,2,0,2,2,0,0,2,0,0,2,0,0,0,0,0,2,2,0,2,0,0,0,0,0,0,0,2,0,0,0,0,0,0,0,0,0,0,0,0,0,0,0,0,2,2,0,0,0,2,0,0,0,0,0,0,0,0,0,2,2,0,0,0,0,2,0,2,0,0,2,0,0,0,0,0,0,2,0,0,0,0,0,0,0,0,0,0,0,0,0,0,2,0,0,0,0,0,0,0,0
"CC187",0,0,0,0,0,0,0,0,0,0,0,0,0,0,0,0,0,0,0,0,0,0,2,0,0,0,2,0,0,0,0,0,0,0,0,0,2,2,0,0,0,2,0,0,0,0,0,0,0,0,2,0,0,0,0,2,0,0,0,2,0,0,0,2,0,0,0,0,0,0,2,2,2,0,0,0,2,0,0,0,0,2,2,0,0,0,2,2,0,0,0,0,0,0,0,0,2,0,0,0,0,0,0,0,0,0,0,0,0,2,2,0,2,0,0,0,0,0,2,2,0,2,0,0,0,0,0,2,2,0,0,2,0,0,0,0,0,0,2,0,2,0,0,0,0,0,2,0,0,0,2,0,0,0,0,2,2,0,0,0,0,0,0,2,2,0,0,0,2,0,0,2,2,0,0,2,2,2,0,2,0,0,0,0,2,0,0,0,0,0,0,2,2,0,0,0,2,2,0,0,0,0,0,0,0,0,0,0,0,0,0,0,0,0,0,0,2,0,2,0,0,0,0,0,0,2,0,0,0,0,0,0,0,2,0,2,2,0,0,0,0,2,0,0,0,0,0,0,0,2,0,0,0,2,0,0,0,0,0,0,0,0,0,0,0,0,0,0,0,0,2,2,2,0,0,0,2,2,2,0,0,0,0,2,0,0,0,0,0,0,0,0,0,0,0,0,0,0,0,0,2,0,0,2,0,0,0,2,0,0,0,0,0,0,0,0,0,2,2,0,0,0,0,0,0,0,2,2,0,0,0,2,0,0,0,0,0,0,2,0,0,0,0,0,0,2,2,2,2,2,0,0,0,0,0,0,0,0,2,NA,0,2,2,0,0,0,0,0,0,2,2,0,NA,0,0,0,0,0,2,0,0,0,0,0,0,0,2,2,2,0,2,2,0,0,0,0,0,0,0,0,0,0,2,0,2,0,2,0,0,0,0,0,0,0,2,0,0,2,0,0,0,0,0,0,0,0,0,0,0,0,0,0,2,0,0,0,0,2,0,2,0,0,0,0,0,2,0,2,0,0,0,2,0,0,2,0,2,0,0,2,0,2,2,0,0,0,0,0,0,0,0,2,0,0,0,0,0,0,0,0,0,0,2,0,0,0,0,0,2,0,0,0,0,2,0,0,2,2,0,2,0,0,2,0,0,2,0,0,0,2,0,2,0,0,0,0,0,0,0,2,2,2,0,0,0,2,2,0,0,0,0,0,0,0,0,0,0,0,0,0,2,0,0,2,0,0,0,0,0,0,0,0,0,0,0,0,0,2,0,0,0,0,0,2,0,0,0,0,0,0,0,2,0,0,0,0,0,0,0,2,2,0,0,0,0,0,2,0,0,2,0,0,0,0,2,0,0,0,2,0,0,2,0,0,0,0,2,2,0,0,0,0,0,2,0,0,0,2,0,0,0,0,0,2,2,0,0,0,0,0,0,0,0,2,2,2,0,0,0,0,0,0,0,0,0,0,0,0,0,2,0,0,0,0,0,0,0,0,2,0,0,0,0,2,2,0,2,0,0,0,0,0,2,0,0,0,2,0,0,0,0,0,0,0,2,0,2,0,0,0,2,0,0,0,2,0,0,2,2,0,0,0,0,0,2,0,0,0,2,0,2,0,0,0,0,0,0,2,0,0,0,0,0,0,0,0,2,0,0,0,0,0,2,0,0,0,0,0,0,0,2,0,0,0,0,0,0,2,0,0,0,0,0,2,2,0,2,2,0,2,0,0,0,0,0,2,0,0,NA,0,0,0,0,2,2,0,2,0,2,0,0,2,2,2,0,0,0,2,2,0,0,0,0,0,2,0,0,0,0,2,0,0,0,0,2,2,2,0,2,0,0,0,0,0,0,0,0,2,2,0,0,0,0,2,0,2,0,0,0,0,0,0,2,0,0,0,0,0,0,2,0,2,0,2,0,0,2,0,0,0,0,0,2,0,0,0,0,0,0,2,0,0,0,0,2,0,0,2,0,0,0,0,0,2,0,0,2,0,0,0,0,0,2,2,2,0,0,0,2,0,0,0,0,0,0,0,0,0,0,2,0,0,0,0,0,0,0,0,0,0,2,2,0,2,2,0,0,0,0,0,0,0,0,0,0,0,2,0,0,0,0,0,0,0,2,2,0,0,0,0,0,0,0,2,0,2,2,0,0,0,0,0,0,2,2,2,2,0,0,0,0,0,0,2,0,0,0,0,0,0,0,0,0,0,0,0,0,0,2,2,0,2,0,0,2,0,0,0,2,2,2,0,0,0,0,0,0,0,0,0,0,0,0,0,0,0,0,0,0,0,0,0,0,0,0,0,0,2,0,0,0,0,0,0,2,0,2,0,0,0,0,0,0,0,0,0,0,0,0,0,0,0,0,0,0,0,0,0,0,0,0,0,0,0,2,0,0,0,2,0,0,0,0,0,2,0,0,2,0,0,0,0,0,0,0,2,0,0,0,0,2,2,0,0,0,0,0,0,0,0,0,0,2,0,0,0,0,0,0,0,0,0,0,0,0,0,0,2,2,0,2,0,0,0,0,0,0,2,0,2,0,0,0,0,2,0,0,0,0,0,2,0,2,0,2,0,0,2,2,0,0,2,0,0,2,0,0,0,2,2,0,0,0,0,0,0,0,0,0,2,2,2,0,0,0,2,2,0,2,0,0,0,0,2,0,0,2,0,0,0,0,0,0,0,0,0,0,0,0,0,0,0,0,0,0,2,0,0,2,0,0,0,0,0,0,2,0,0,0,0,0,0,0,0,2,0,0,2,0,0,0,0,0,0,0,0,0,0,0,0,0,2,2,0,0,0,0,0,0,0,0,0,0,0,0,0,2,0,0,0,0,0,0,2,2,0,0,0,0,0,0,0,0,0,2,0,2,0,0,2,2,0,2,0,0,0,0,0,2,0,0,2,0,0,2,2,0,0,0,0,0,0,2,0,0,2,0,0,0,0,0,0,0,0,2,0,0,0,0,0,0,0,2,0,0,0,0,0,0,2,0,0,2,0,2,0,0,2,0,0,0,0,0,0,0,0,0,2,0,2,0,0,0,0,0,0,0,0,0,0,2,0,0,0,2,0,0,0,0,0,0,0,0,2,0,0,0,0,0,0,0,2,0,0,0,0,2,0,0,0,0,0,0,0,0,0,0,0,0,0,0,0,0,0,0,0,0,0,2,0,0,0,0,0,0,0,0,0,0,0,0,0,0,0,2,0,0,0,0,0,2,0,0,0,0,0,0,0,0,0,0,2,0,0,0,0,0,0,0,0,0,0,0,0,0,0,0,0,0,2,0,0,0,0,0,0,0,0,0,0,0,2,0,0,0,2,0,0,0,2,0,0,0,0,2,0,0,0,2,0,0,2,0,0,0,0,0,0,0,0,0,0,0,0,0,0,0,2,2,0,0,2,0,0,2,0,0,0,0,0,0,0,0,2,0,2,2,2,0,0,2,2,0,0,0,2,0,2,2,2,0,0,0,0,0,0,0,0,2,0,0,0,0,0,2,0,0,0,2,0,2,0,0,0,0,0,0,0,0,2,0,0,0,0,2,2,0,2,0,0,0,0,0,2,0,0,0,0,0,0,0,2,0,0,2,2,0,0,0,0,0,2,0,0,0,2,0,2,0,0,0,0,0,2,0,0,2,0,0,2,0,2,2,0,0,0,0,0,0,0,0,2,0,0,0,0,0,0,0,0,0,2,0,0,0,0,0,2,0,0,0,2,0,0,2,0,0,0,0,0,0,0,0,0,0,0,0,2,0,0,0,2,0,0,0,2,0,0,0,0,2,0,0,0,0,0,0,0,0,0,0,0,0,0,0,2,0,0,0,0,0,0,0,0,0,0,2,2,0,0,0,0,0,0,0,0,0,2,0,0,0,0,2,2,2,2,0,2,0,2,0,0,2,0,0,0,0,0,0,0,0,0,0,0,0,2,0,0,0,0,0,0,2,0,0,2,0,0,0,0,2,0,0,0,0,0,2,0,0,0,0,2,0,0,0,0,0,0,0,0,0,0,0,0,0,0,0,0,0,0,0,0,0,0,0,0,0,0,2,0,0,0,2,0,2,2,0,2,NA,2,0,0,0,0,2,0,2,2,0,0,0,0,2,2,0,2,0,0,0,0,0,0,0,0,2,0,0,0,0,0,0,2,0,2,NA,0,0,0,0,2,0,0,2,0,2,0,0,0,0,0,0,0,2,0,0,0,0,0,2,0,0,0,0,0,2,0,0,0,0,2,0,0,0,0,0,2,2,0,0,0,0,2,0,0,0,0,0,0,0,0,0,2,2,2,0,0,2,0,0,0,2,0,0,0,0,2,0,0,0,0,0,0,0,0,0,0,0,0,0,2,0,0,0,0,0,0,2,0,2,0,0,0,2,0,2,0,0,0,0,0,0,0,0,0,0,0,0,2,0,0,0,0,0,0,0,0,0,0,0,0,0,0,0,0,0,2,0,0,0,2,0,0,0,2,2,2,0,0,0,2,0,0,0,0,2,0,0,0,0,0,0,0,2,0,0,0,0,2,0,0,0,2,0,0,0,0,2,0,2,0,2,0,0,2,0,0,0,0,0,0,2,2,0,0,0,0,0,2,0,2,2,2,0,0,0,0,0,0,0,0,0,0,2,0,2,0,0,0,0,0,0,0,0,2,2,0,0,0,0,0,0,0,0,0,0,0,0,0,0,0,0,0,2,0,0,0,0,2,0,0,0,0,0,0,0,0,2,0,0,2,0,0,2,0,0,2,0,2,0,2,0,NA,2,0,0,0,0,0,2,0,0,2,0,0,0,0,0,0,2,0,0,2,0,0,0,2,0,0,2,0,2,0,2,0,2,0,2,0,2,0,0,2,0,0,2,0,0,0,0,0,0,0,0,0,0,0,2,0,0,0,2,0,0,0,0,0,0,0,0,0,0,0,0,0,0,0,0,0,0,0,2,0,2,0,0,2,0,0,0,0,0,2,2,2,2,2,0,0,0,0,0,0,0,2,0,0,0,0,0,0,2,0,0,0,0,0,0,0,0,2,0,0,0,0,2,2,0,2,0,0,0,0,0,0,2,2,0,0,0,2,0,0,0,0,0,0,2,0,0,0,0,0,0,0,2,0,0,0,2,0,2,0,0,0,0,0,0,0,2,0,0,0,0,2,0,0,0,2,0,2,2,0,0,2,0,2,2,0,2,0,0,0,0,2,0,0,2,0,0,0,0,2,0,0,0,0,0,0,0,0,2,0,0,0,2,0,0,0,0,0,2,0,0,2,0,0,0,2,0,0,0,0,0,0,0,0,0,2,0,0,0,2,2,0,0,2,0,2,0,0,0,2,0,2,0,2,0,2,0,0,0,0,0,0,0,2,0,0,0,0,0,0,0,0,0,0,0,2,0,2,0,0,0,0,0,0,0,0,0,0,2,0,0,2,0,0,2,0,0,0,2,0,0,0,0,0,0,0,0,0,0,0,0,0,2,0,0,2,0,0,2,2,2,0,0,2,0,0,0,0,0,0,0,0,0,0,0,0,0,0,0,0,0,0,0,0,0,0,0,0,0,0,0,0,0,0,0,0,0,0,0,0,0,0,0,0,0,0,0,0,0,0,0,0,0,2,2,0,0,0,0,0,0,0,0,0,0,0,0,0,0,0,0,0,0,0,0,0,0,0,0,0,2,0,0,0,0,0,0,0,0,0,0,0,0,0,0,0,0,0,0,0,0,2,0,0,0,0,0,0,0,2,0,0,0,2,2,0,0,0,0,0,0,0,0,0,0,0,0,0,0,2,0,0,0,0,0,0,0,0,0,2,0,0,0,0,0,0,0,0,2,2,0,0,0,0,0,0,0,2,0,2,0,0,2,2,0,2,2,0,0,0,2,0,0,0,0,0,0,0,0,2,2,0,NA,2,0,0,0,0,2,0,0,0,0,0,2,0,0,2,0,0,0,0,2,2,0,0,0,0,2,2,0,0,0,0,2,2,0,0,2,0,2,0,0,2,2,0,2,2,0,2,0,2,2,2,0,2,2,0,0,2,2,0,0,0,0,0,0,2,0,0,2,0,0,2,2,0,0,0,0,0,2,0,0,0,0,0,0,2,2,2,2,0,0,0,0,0,0,2,0,2,0,2,0,0,2,2,2,2,2,0,2,2,0,0,2,2,0,0,0,0,0,0,2,0,2,0,0,0,NA,0,0,2,0,0,0,2,0,0,0,0,0,0,0,0,0,0,0,2,0,0,2,0,0,0,0,0,0,0,0,0,0,0,0,0,0,2,2,2,0,0,0,0,0,0,0,0,0,0,0,0,0,2,0,0,0,0,0,0,0,0,0,0,0,2,0,0,0,0,0,0,0,0,0,0,0,0,0,2,0,0,0,0,0,0,0,0,0,0,2,2,0,0,0,0,0,2,0,2,0,0,0,0,0,0,0,0,0,2,0,0,0,0,0,0,0,0,0,0,2,0,0,0,2,0,0,2,0,2,2,0,0,0,2,0,0,0,2,0,2,0,0,0,0,0,2,0,2,2,2,0,0,0,0,0,0,0,0,0,2,0,0,0,2,0,0,0,0,0,0,0,0,2,0,2,0,0,2,0,0,2,0,0,0,0,0,0,2,0,0,0,0,2,0,2,2,0,0,0,0,0,0,2,0,0,2,0,0,0,0,0,0,2,0,2,0,0,2,0,0,2,0,2,0,0,0,2,0,0,0,2,0,2,2,0,2,0,0,0,2,2,0,0,0,0,0,0,2,0,0,0,0,0,2,0,0,2,0,0,2,0,2,0,0,2,0,0,2,0,0,0,0,2,0,0,0,0,0,2,0,0,0,0,0,0,0,0,0,0,0,2,0,0,0,0,0,0,0,0,0,0,2,0,2,0,0,0,2,2,0,2,0,0,0,0,0,0,2,0,0,0,0,0,2,0,0,0,2,0,0,0,0,0,0,0,0,0,0,0,2,2,0,0,0,0,0,0,2,0,0,0,2,0,0,0,0,0,0,0,0,0,2,0,0,0,0,0,0,2,0,0,0,2,0,0,0,0,0,2,2,2,0,0,0,0,0,0,2,0,0,0,0,2,0,0,0,0,0,0,2,NA,0,0,0,0,0,0,0,0,2,0,0,0,2,0,0,2,0,0,0,2,2,0,0,0,0,2,0,2,0,2,0,0,0,0,2,0,0,0,0,0,0,0,0,0,0,2,0,0,2,0,0,0,0,2,0,0,2,0,0,0,0,0,0,2,0,0,0,2,0,2,0,0,0,0,0,0,0,2,0,2,0,0,0,0,0,0,0,0,0,2,0,0,0,0,0,0,2,0,0,0,2,0,NA,0,0,0,2,0,0,2,0,0,0,0,0,0,0,0,0,0,0,2,0,0,0,0,0,0,0,0,0,0,0,0,0,0,0,0,2,0,0,0,0,0,0,0,0,0,0,0,0,2,2,2,0,0,0,0,2,2,2,0,0,0,0,2,2,0,0,2,0,0,0,0,0,0,0,0,2,0,0,2,0,0,0,0,0,0,0,2,0,0,0,0,0,0,0,0,0,2,0,0,0,0,0,0,0,0,0,0,0,0,0,0,0,0,0,0,0,0,0,0,0,0,0,0,0,0,0,0,2,0,0,2,0,0,2,0,0,0,2,0,0,2,0,2,0,0,0,2,0,2,0,0,2,0,0,2,0,0,0,0,2,0,2,2,0,0,2,0,0,0,0,0,2,0,2,0,2,0,0,0,0,0,0,0,0,0,2,0,0,0,0,0,2,2,0,0,0,2,2,0,0,2,0,0,2,2,2,2,2,2,0,2,0,0,2,0,0,0,0,0,2,2,0,0,0,0,0,0,0,2,0,2,2,0,2,2,2,0,0,0,2,2,0,2,2,0,0,2,2,2,0,2,2,0,0,0,2,0,2,2,0,0,0,0,0,2,2,2,0,0,2,2,2,2,2,2,2,2,0,0,2,0,0,2,0,0,0,0,0,0,0,0,2,0,0,2,2,0,0,0,2,0,0,0,0,0,0,0,2,0,0,0,0,0,2,0,0,0,2,0,0,0,0,0,2,0,0,0,0,0,0,0,0,0,0,0,0,0,0,0,0,0,0,0,2,0,0,0,0,0,0,0,0,0,0,0,2,0,0,0,0,0,0,0,0,2,0,2,0,0,0,0,0,0,0,0,0,0,0,0,2,0,2,2,0,0,0,0,2,0,0,0,0,0,0,0,0,0,0,2,0,2,0,0,0,2,2,0,0,0,0,0,0,0,0,0,2,2,0,2,2,0,0,0,2,0,2,0,0,2,0,2,0,0,0,2,2,2,0,0,2,2,0,0,NA,0,0,2,NA,0,2,0,2,0,0,0,0,0,2,0,2,NA,0,0,0,2,0,2,2,0,0,0,2,0,0,0,0,0,0,0,2,0,0,0,2,0,0,0,0,0,0,2,0,0,0,0,0,0,0,0,2,0,2,0,2,0,0,2,0,0,0,0,0,0,0,0,0,0,2,0,0,0,0,0,0,0,0,2,0,0,2,0,0,2,2,2,0,0,0,0,2,0,0,2,0,0,0,0,0,0,0,0,0,0,0,0,0,2,0,0,0,0,0,0,0,0,0,0,0,0,0,0,0,0,0,0,2,2,0,0,0,0,0,0,2,0,0,0,0,2,0,0,0,0,0,0,2,0,0,0,0,0,0,0,0,0,0,0,0,0,2,0,0,0,2,2,2,2,0,0,0,0,2,0,2,0,0,0,0,0,0,2,2,0,2,2,0,0,2,2,0,0,0,0,2,0,0,0,0,0,0,2,2,2,0,2,0,0,2,0,0,2,2,0,0,0,0,2,0,0,0,0,0,0,2,0,0,0,0,2,0,2,2,0,0,0,0,2,0,0,0,0,0,0,0,0,0,0,2,0,2,2,0,0,0,0,0,2,0,2,0,0,0,0,0,0,0,0,0,0,0,0,0,0,2,0,0,0,0,0,0,0,0,0,0,0,0,0,2,2,2,0,0,0,0,2,2,2,0,2,0,0,2,0,2,2,0,2,0,0,0,0,0,0,0,0,2,0,0,0,2,0,0,2,2,0,0,0,0,0,0,0,0,0,0,0,0,0,0,0,0,0,0,0,2,0,2,0,0,0,0,0,0,0,0,2,2,0,2,0,0,2,0,0,0,0,0,2,0,0,0,0,0,0,0,0,0,0,2,0,0,0,2,2,0,0,0,0,2,2,2,0,0,0,0,0,2,2,0,0,0,0,0,0,0,0,0,0,0,0,0,0,0,0,0,0,0,0,0,2,2,0,0,2,0,2,0,0,0,0,0,0,0,0,0,0,0,0,0,0,0,0,2,0,2,0,0,0,0,0,0,0,0,0,2,0,2,0,0,0,0,0,0,0,2,0,0,0,2,0,0,0,0,0,0,0,2,0,0,0,0,0,2,0,2,0,0,0,0,0,0,0,2,0,2,0,0,0,0,2,0,0,0,0,0,0,0,0,2,2,0,0,0,0,0,0,0,2,0,0,0,0,0,2,2,2,0,0,0,0,0,0,0,0,0,0,2,0,0,0,2,0,0,0,0,0,0,0,2,0,0,0,0,0,2,NA,0,0,2,0,0,0,NA,0,0,2,0,0,0,2,0,0,0,2,2,0,0,0,0,2,0,0,0,0,0,0,2,2,0,2,0,0,2,0,0,0,0,2,0,2,0,0,0,2,0,0,0,0,2,0,0,0,0,0,2,2,0,2,0,0,0,0,0,0,0,0,0,0,0,0,0,2,2,0,0,2,0,2,0,0,2,2,2,2,2,2,0,0,0,0,0,0,0,0,0,0,2,0,0,0,0,2,0,0,2,0,2,0,0,0,0,0,0,0,0,0,0,0,0,0,0,0,0,0,0,0,2,0,0,0,0,0,0,0,0,0,0,0,0,0,0,2,2,0,0,0,0,2,0,0,0,0,0,0,2,0,0,0,2,0,0,2,2,0,2,0,0,0,0,0,0,0,0,0,2,2,0,2,0,NA,2,0,0,0,2,0,0,2,0,0,0,0,0,0,0,0,2,2,2,0,2,2,0,2,0,0,0,0,0,0,0,2,0,0,0,0,0,0,2,0,2,0,0,0,0,0,0,0,0,0,0,0,0,0,0,0,0,2,0,0,2,0,2,0,0,0,2,0,0,0,0,0,0,2,0,0,0,2,0,2,0,0,0,0,0,0,0,0,0,0,0,0,0,0,0,0,0,0,2,0,0,0,0,0,0,0,0,0,0,0,0,0,0,0,2,2,0,0,0,0,0,0,0,0,0,0,2,0,0,0,0,0,0,0,2,0,0,0,0,0,2,0,0,0,2,0,0,0,0,2,0,2,0,2,0,0,0,0,0,0,0,0,0,0,0,0,0,0,0,2,0,0,0,0,0,0,0,0,0,0,2,2,0,0,0,0,0,0,0,2,0,0,0,0,0,2,0,0,0,0,2,0,0,0,0,0,0,0,0,2,0,0,0,2,0,NA,0,0,0,0,0,0,0,2,0,0,0,0,0,0,0,2,0,0,2,2,0,0,0,0,0,0,0,0,0,0,2,2,0,0,0,0,0,0,0,0,0,0,0,2,2,0,2,0,0,0,0,0,0,2,0,0,2,0,2,0,0,0,0,2,0,0,0,0,0,0,0,0,0,2,0,0,0,0,0,2,2,2,2,2,0,0,2,0,0,0,0,0,0,0,0,2,0,0,0,0,0,0,0,2,0,0,0,0,0,0,0,2,2,0,0,0,0,0,0,0,0,0,2,2,0,2,2,0,0,2,2,0,0,0,0,2,0,2,0,2,0,0,0,0,0,0,2,0,0,0,0,0,0,2,0,2,0,0,0,0,2,0,0,2,0,0,0,0,0,0,0,0,0,0,0,0,0,0,2,0,0,0,0,0,0,2,0,0,0,0,0,0,0,0,0,2,0,0,0,0,0,2,0,0,0,0,0,0,0,0,0,2,0,0,0,0,0,0,0,0,0,0,2,0,0,0,0,0,0,0,0,0,0,0,0,0,0,0,2,0,0,0,2,0,0,0,2,0,2,0,2,0,0,2,0,0,0,2,2,0,0,0,0,0,0,0,0,0,0,0,2,0,0,0,2,2,2,0,0,0,0,2,2,0,0,0,0,0,0,2,2,0,0,0,0,0,0,0,0,0,0,2,0,0,0,0,0,0,2,2,0,0,0,0,0,0,0,0,0,0,0,0,0,2,0,0,2,0,0,0,2,0,0,0,0,2,2,0,2,0,0,0,0,0,2,0,2,2,0,0,0,0,0,0,0,0,0,0,0,0,0,0,2,0,0,0,0,2,2,0,0,0,2,0,0,2,0,0,0,0,0,0,0,0,0,0,0,0,0,2,0,2,0,0,0,0,0,0,0,0,0,0,0,2,2,0,0,0,0,0,0,0,0,0,0,0,0,0,0,0,0,0,2,2,0,0,0,0,2,0,0,0,0,2,0,2,2,0,0,2,0,2,0,0,0,0,0,0,0,0,0,0,0,0,0,0,0,0,0,0,2,0,0,0,0,2,0,0,0,0,2,0,0,0,0,0,0,0,0,0,0,2,0,0,0,0,0,0,0,0,2,0,0,0,0,2,0,0,0,0,0,0,0,0,0,0,0,0,0,0,2,0,0,0,0,0,0,0,0,0,0,0,0,0,0,0,0,0,0,0,0,2,0,0,0,0,2,NA,0,0,0,0,0,2,0,0,2,0,0,0,0,0,0,0,0
"CC188",0,0,0,0,2,0,0,0,0,0,0,0,0,2,2,0,0,0,0,2,0,2,0,0,2,2,0,0,0,0,0,2,0,0,0,2,2,0,0,0,0,2,0,2,2,0,2,0,0,0,2,2,0,2,0,0,0,0,0,0,0,0,0,2,0,2,0,0,0,0,2,0,0,0,0,0,0,0,0,2,0,2,0,0,0,0,0,0,0,0,0,0,0,0,0,0,0,0,2,2,2,2,0,2,2,2,0,0,0,0,0,2,0,0,0,0,0,0,0,0,0,0,0,0,0,0,0,0,2,0,0,0,0,0,0,2,0,0,0,0,0,0,0,0,0,0,0,2,0,0,0,0,0,0,0,0,2,0,0,0,0,0,2,0,0,2,2,0,0,0,0,0,0,0,0,0,2,0,2,0,0,0,2,2,2,0,0,0,0,0,2,0,2,0,0,0,0,0,0,0,0,0,0,2,0,0,0,0,0,0,0,2,0,2,0,2,0,0,0,0,0,0,0,0,0,0,0,2,0,0,0,0,0,0,0,0,0,0,0,0,0,2,0,0,0,0,2,0,0,2,0,2,0,0,0,0,2,2,0,0,0,0,2,0,0,0,0,0,0,0,0,0,0,2,0,0,0,0,0,0,0,0,0,0,0,0,0,0,0,0,0,0,0,0,0,0,0,0,0,0,0,2,0,2,0,0,0,2,0,0,0,0,0,0,2,0,0,2,0,0,0,0,0,0,0,0,0,0,0,0,0,0,0,0,0,2,0,0,0,0,0,0,0,0,0,0,0,0,0,0,0,2,0,0,0,0,0,2,0,0,0,0,0,2,0,0,0,0,0,2,0,0,0,0,2,2,0,0,0,2,0,2,0,0,0,0,2,0,0,0,0,0,0,0,0,0,0,0,0,0,0,0,0,0,0,0,0,0,0,0,0,0,0,0,0,0,0,NA,0,0,0,2,0,0,2,0,0,2,0,2,2,0,0,0,0,2,2,0,0,0,0,0,2,0,0,2,0,0,0,0,0,0,0,0,0,0,0,0,0,2,2,0,0,2,0,0,0,2,0,0,2,0,0,2,0,0,0,0,0,0,0,0,0,0,0,0,0,2,0,0,0,2,0,2,2,2,0,0,0,0,0,0,0,0,0,0,0,0,2,2,0,2,0,0,0,0,2,0,0,0,2,0,0,0,2,2,2,2,0,0,0,2,0,0,0,2,0,2,2,0,0,0,0,0,0,0,2,0,0,2,0,0,0,2,0,0,0,2,0,0,0,2,0,2,0,0,0,0,0,2,0,2,0,0,0,0,0,2,0,2,0,0,0,0,0,0,0,0,0,0,0,0,0,0,0,0,2,2,2,0,0,0,2,2,0,0,0,0,0,0,0,0,0,0,2,0,2,0,0,0,0,0,0,2,0,0,0,0,0,0,0,0,0,0,2,0,0,0,0,0,0,0,2,0,0,0,0,0,0,2,0,0,0,0,0,0,2,0,0,0,2,0,0,0,0,0,0,0,2,0,0,0,2,0,0,0,0,0,0,0,0,0,0,0,0,0,0,0,0,0,2,0,0,0,0,0,0,2,2,0,0,0,0,0,0,0,0,0,2,0,0,2,0,0,0,0,2,0,0,0,0,2,0,0,0,2,0,0,2,NA,0,0,2,0,0,0,0,2,0,0,2,2,2,0,0,0,0,2,0,0,2,0,2,0,2,2,0,0,2,0,2,2,0,0,0,0,0,0,2,0,2,0,0,2,0,0,0,0,0,0,0,0,0,2,0,0,0,2,2,0,0,0,0,0,2,0,0,0,0,0,2,0,0,2,0,0,0,2,0,0,0,0,0,0,0,0,0,0,0,0,0,0,0,2,0,2,0,2,0,0,0,0,0,0,0,2,0,0,0,2,2,0,0,0,0,0,0,0,2,0,0,2,0,2,2,0,0,2,0,2,2,2,2,0,0,2,2,0,2,2,2,0,0,0,0,0,0,0,0,0,0,0,0,0,2,0,2,0,0,2,0,0,0,0,2,0,0,2,0,0,0,0,2,0,2,2,0,0,0,0,0,0,2,0,0,0,2,0,0,2,0,2,2,2,2,0,0,0,2,0,0,2,0,2,2,0,0,0,0,0,2,0,0,2,0,0,0,2,2,0,0,2,0,2,0,0,0,0,0,0,0,2,0,0,0,0,0,2,0,0,2,0,0,0,0,2,0,2,0,0,2,0,2,2,0,2,2,2,0,0,0,0,0,0,0,0,2,2,0,0,0,2,0,0,0,0,0,2,2,0,0,0,0,0,0,0,0,0,0,0,0,0,0,2,0,2,0,0,0,0,0,0,2,0,2,0,0,0,2,0,0,0,0,0,0,2,2,0,2,0,0,0,2,0,0,0,0,2,2,0,0,0,0,2,2,0,0,2,0,0,0,0,2,0,0,0,2,2,0,0,0,2,2,0,0,0,0,2,2,0,0,2,0,0,0,2,0,0,2,2,0,0,2,2,0,0,0,0,0,0,2,0,0,0,0,0,0,0,0,0,0,0,0,0,0,0,0,2,0,0,0,0,0,0,0,0,0,0,0,0,0,2,0,2,0,0,0,0,0,0,0,0,0,0,0,0,0,0,0,0,0,0,0,0,0,0,0,2,0,0,2,0,0,0,0,2,0,0,0,0,2,0,0,2,0,0,0,0,2,0,0,0,0,0,0,2,0,0,2,0,0,0,0,0,0,0,2,0,0,0,0,0,0,0,0,0,0,0,0,0,0,0,0,0,0,0,0,0,2,0,0,0,2,0,0,0,0,0,0,0,0,0,2,0,0,0,0,0,0,0,0,0,0,2,2,0,0,0,2,0,0,0,0,0,2,2,0,2,0,0,0,2,0,0,0,0,0,0,0,0,0,0,0,0,0,0,0,0,0,2,0,2,2,0,0,0,0,0,0,0,0,0,0,0,2,0,0,0,0,0,0,0,0,0,0,0,0,0,2,0,0,0,0,0,2,0,0,0,0,0,0,0,0,0,0,2,2,0,0,0,0,0,0,0,0,0,0,0,0,0,0,2,0,0,0,2,0,0,0,0,2,2,2,0,0,0,0,0,0,0,0,0,0,0,2,0,0,0,0,0,2,0,0,0,0,0,0,0,0,0,0,0,2,0,0,0,0,0,0,0,0,0,0,0,0,0,0,0,0,0,0,0,0,2,2,0,0,0,0,0,0,0,0,0,0,0,0,0,0,0,2,0,0,0,0,0,0,0,0,0,0,0,0,0,0,0,2,0,0,0,0,0,0,0,0,0,2,0,2,2,0,0,0,0,0,2,0,0,0,0,0,2,0,0,2,0,0,2,0,2,2,0,2,0,0,0,2,0,0,0,2,0,0,0,0,0,0,0,0,0,2,0,2,0,0,0,0,0,0,2,0,0,0,0,0,0,0,0,0,0,0,0,2,0,0,0,0,0,0,0,2,0,0,0,0,0,2,0,0,0,0,0,0,0,0,2,0,0,2,2,0,0,0,0,0,0,NA,0,2,0,0,0,2,0,0,0,0,2,0,0,0,0,0,0,0,0,0,0,0,0,0,0,0,0,2,0,0,0,0,0,0,0,0,2,2,0,0,0,0,0,0,2,0,2,0,0,2,2,0,0,0,0,0,0,2,0,0,0,0,0,0,2,2,0,0,0,2,0,0,0,0,0,2,2,0,0,0,0,2,0,0,0,2,0,2,0,NA,0,0,2,2,0,0,0,2,0,0,0,0,0,0,0,0,0,0,0,0,2,0,2,0,0,0,2,0,0,0,0,0,0,0,0,0,0,2,2,0,0,0,2,2,0,0,0,0,0,2,0,0,0,0,0,0,0,0,2,0,0,2,0,0,0,0,0,0,0,0,0,0,2,0,0,2,0,2,0,0,0,0,2,0,0,0,0,0,0,0,2,0,0,2,0,2,0,0,0,0,0,0,0,0,0,0,0,0,0,0,0,0,0,2,0,0,0,2,0,0,0,0,0,0,0,2,0,0,0,0,2,0,0,0,0,0,0,2,2,0,0,0,0,0,0,0,0,0,0,0,0,0,0,0,0,0,0,2,0,NA,0,0,0,0,0,2,0,0,0,0,0,0,0,0,0,0,0,0,0,0,0,2,2,0,0,0,0,0,0,0,2,2,2,2,0,0,0,2,2,0,0,2,2,2,0,0,0,0,0,0,0,0,0,0,0,0,0,0,2,0,0,2,0,0,2,2,0,0,0,0,0,0,0,0,2,0,0,2,0,0,0,2,0,0,2,2,0,0,0,NA,0,0,2,0,2,0,0,0,2,0,0,0,2,0,2,0,0,0,0,0,0,0,0,0,0,0,0,0,0,0,0,0,0,0,0,0,0,2,0,2,0,0,0,0,0,0,0,0,0,0,0,0,2,0,0,0,0,0,0,0,0,0,0,0,0,0,0,2,0,0,2,0,0,0,0,0,0,0,0,0,0,0,0,2,2,0,0,0,0,0,0,2,0,0,0,0,0,0,0,0,0,0,2,2,2,0,2,0,0,0,0,0,0,0,0,0,0,0,0,0,0,0,0,0,0,0,0,0,2,0,0,0,0,0,2,0,2,0,0,0,0,0,0,0,0,0,0,2,0,0,0,0,0,0,0,0,0,0,2,0,0,0,0,0,0,2,0,0,0,0,0,0,0,0,0,0,0,0,2,2,0,0,0,0,0,2,2,0,2,0,0,0,0,0,2,2,0,0,0,0,0,0,0,0,0,0,2,0,0,0,0,0,0,0,0,2,2,2,0,0,0,0,2,0,0,0,0,0,0,0,0,0,0,0,0,0,0,0,0,0,2,0,2,0,0,0,0,0,2,0,0,0,2,0,0,2,0,2,0,0,0,2,2,0,0,0,0,0,0,0,0,2,0,0,0,0,0,2,0,0,0,0,0,0,0,0,0,0,0,0,2,2,0,0,0,0,0,0,2,0,0,0,0,2,0,0,2,0,0,0,0,2,0,0,0,0,0,0,0,2,0,0,0,2,0,2,0,0,0,2,0,0,0,0,0,0,0,0,2,0,0,0,0,0,0,0,2,2,0,0,0,0,0,2,0,0,0,2,0,0,0,0,0,0,0,0,0,0,0,2,0,0,0,0,0,0,0,0,2,0,0,0,0,2,0,0,0,0,2,2,0,0,2,0,0,0,2,0,0,0,0,0,2,2,0,0,0,0,0,0,0,0,0,2,0,0,2,0,0,0,0,0,0,0,0,2,0,0,0,0,0,0,0,0,0,0,0,0,0,0,0,0,0,0,0,2,2,0,0,0,0,0,0,0,0,0,0,0,0,0,2,0,0,0,0,0,0,0,2,0,0,0,0,0,0,0,0,0,0,0,0,0,2,0,0,0,0,0,0,0,0,0,0,0,0,0,0,2,0,0,0,0,0,0,0,0,0,0,0,0,0,0,0,0,0,0,0,0,0,0,0,0,0,0,0,0,0,0,0,0,0,0,0,0,0,0,0,0,2,0,0,0,2,0,2,0,0,0,0,2,0,0,0,2,0,0,2,0,0,0,0,2,0,0,0,0,2,0,0,0,0,0,0,2,0,0,0,0,0,0,0,0,2,0,0,0,0,0,0,0,0,0,2,0,0,0,0,0,0,0,0,0,2,2,0,0,0,0,0,0,0,0,0,0,0,0,0,0,0,2,0,0,0,0,0,0,0,0,0,0,2,2,0,0,0,0,2,0,2,0,0,0,2,0,0,0,0,0,2,2,2,0,0,0,0,0,0,2,0,0,0,0,0,0,0,2,0,0,0,0,2,0,0,0,0,2,0,0,0,2,0,0,0,0,NA,0,0,2,0,0,0,2,0,0,0,0,0,2,0,0,2,0,0,2,2,2,2,0,2,2,2,0,0,0,0,0,0,0,2,0,0,0,0,0,0,0,0,0,0,2,0,2,2,2,0,0,2,0,0,0,2,0,0,2,2,2,0,0,0,2,0,0,0,0,0,0,0,2,0,0,0,0,2,0,2,0,2,0,0,2,0,0,2,2,0,0,0,2,0,0,0,0,2,0,0,2,0,0,0,0,0,0,2,2,2,2,0,0,2,0,0,0,0,0,0,0,2,0,0,0,0,2,0,2,0,0,0,0,2,0,0,0,0,0,0,0,2,0,0,2,2,0,0,0,2,0,0,0,2,0,0,0,0,0,0,2,2,0,0,0,0,0,0,0,0,2,0,0,0,0,2,0,0,0,0,0,0,0,0,0,0,0,0,2,0,0,0,2,2,0,0,0,0,0,0,0,0,0,0,0,0,0,0,0,0,0,0,0,0,0,0,0,2,2,0,0,2,0,0,0,2,0,2,0,0,0,0,0,0,0,0,0,0,0,0,0,0,0,0,0,2,0,0,0,2,2,0,0,0,2,0,2,0,0,2,0,0,2,2,0,0,0,2,2,0,0,0,0,0,0,0,0,0,0,0,0,0,0,0,0,0,0,0,0,0,0,0,0,0,0,0,0,0,0,0,0,0,0,0,0,0,0,0,0,0,0,0,2,0,0,0,0,0,0,0,0,2,0,0,0,2,2,0,0,0,0,2,0,0,0,0,2,0,2,2,2,2,2,2,2,2,0,0,0,0,0,0,0,0,0,0,0,0,2,2,0,0,0,0,0,0,0,2,0,0,0,0,0,0,0,2,0,0,0,0,2,0,0,2,0,0,0,0,2,2,0,0,2,0,0,0,2,0,0,0,0,2,0,0,0,0,0,0,0,0,0,0,0,2,0,0,2,0,0,0,0,0,0,0,0,2,0,0,0,0,0,0,0,0,2,2,0,0,2,0,0,2,0,2,0,0,2,0,0,0,0,0,0,0,0,0,2,0,2,0,0,0,2,0,0,0,0,0,0,2,2,0,0,0,0,0,0,0,0,0,0,2,0,0,0,0,0,0,0,0,0,2,2,0,0,0,0,0,0,0,0,0,0,0,2,2,2,0,0,0,0,0,0,0,0,0,0,0,0,0,2,2,0,0,2,0,0,0,0,0,0,0,0,0,0,2,2,2,0,0,0,2,0,2,2,0,0,2,0,2,0,2,2,0,2,0,0,0,0,0,0,0,0,2,2,2,0,2,2,0,2,0,0,0,0,0,0,0,0,0,0,0,0,0,0,0,0,0,0,0,0,0,0,2,0,2,0,0,0,0,0,0,2,0,0,2,2,0,2,2,0,0,0,0,2,0,2,0,0,2,0,2,2,0,2,2,0,2,0,2,0,2,NA,2,0,0,0,2,2,0,2,0,2,0,0,0,0,2,0,0,0,0,0,2,0,0,2,0,0,2,0,0,0,0,2,2,0,0,0,0,0,0,0,0,0,0,NA,2,2,2,0,0,0,2,2,2,0,0,0,0,0,0,2,0,2,0,0,2,2,2,0,0,0,0,2,0,0,2,0,0,0,0,0,0,0,0,0,0,0,0,2,0,0,0,0,0,0,0,0,0,2,0,0,0,0,0,0,2,0,0,0,2,0,0,0,0,2,0,0,0,0,2,2,0,2,0,0,0,0,0,0,0,0,0,0,0,0,2,2,0,0,0,0,0,0,2,0,2,0,2,0,0,0,0,0,0,0,2,0,0,0,0,0,0,2,2,2,0,0,2,0,0,0,2,0,0,0,0,0,0,0,2,0,2,2,0,0,0,0,0,0,0,0,0,0,2,0,0,0,2,0,0,0,2,0,0,0,0,0,2,0,2,0,0,0,0,0,0,0,0,0,0,0,2,NA,0,0,0,2,2,2,0,0,0,2,0,0,0,2,0,0,0,0,0,0,0,0,0,0,0,0,2,0,2,0,0,2,2,2,0,0,0,2,2,0,2,0,0,0,0,0,0,0,0,0,0,0,0,0,0,0,0,0,0,0,0,0,0,0,0,0,0,0,0,0,0,0,0,0,0,0,2,0,0,0,0,2,0,2,2,0,0,0,2,0,0,0,0,2,2,0,0,0,0,0,0,0,0,0,0,0,0,0,0,0,0,0,0,0,0,0,0,0,0,0,0,0,2,0,0,0,0,0,0,0,0,2,0,0,0,0,0,0,0,0,0,0,0,0,0,0,0,0,0,0,0,0,0,0,0,0,0,0,0,0,0,0,0,0,0,0,0,0,0,0,0,0,0,0,0,0,0,0,0,0,0,2,0,0,0,0,0,2,0,0,0,2,2,2,0,2,0,0,2,2,0,0,0,0,0,0,0,0,0,2,0,0,0,2,0,0,0,0,0,0,0,0,2,0,0,0,0,0,0,0,0,2,0,0,0,0,0,0,0,0,2,0,2,2,0,0,2,0,0,0,0,0,0,0,0,0,0,0,0,2,0,0,0,0,0,0,0,0,0,2,0,0,0,0,0,0,0,0,0,0,0,0,2,2,0,0,0,0,0,2,0,0,2,0,0,2,0,0,0,0,2,0,0,0,0,0,2,0,0,0,0,0,0,0,0,0,0,0,0,0,0,0,0,0,0,0,0,2,0,0,0,2,2,0,0,0,0,0,0,0,0,0,0,0,2,0,0,0,0,0,0,0,0,2,0,2,0,0,2,0,0,2,0,2,0,2,0,2,2,2,2,0,0,0,2,0,0,0,0,2,0,0,2,2,2,0,0,0,2,0,0,0,0,2,2,0,2,0,0,2,0,0,0,0,0,0,0,0,0,0,2,0,0,0,0,0,2,0,2,0,0,2,0,2,0,0,2,2,0,0,0,2,0,0,2,0,0,0,0,0,0,0,0,0,0,0,0,0,0,0,2,0,2,0,2,0,0,0,0,2,0,0,0,0,0,0,0,0,2,0,0,0,0,0,0,0,2,0,0,0,0,0,0,0,0,0,0,0,0,0,0,0,0,0,2,0,0,0,0,0,0,2,2,NA,0,2,0,0,2,0,0,0,0,2,0,0,0,0,0,0,0,0,0,0,2,2,0,0,2,2,0,2,0,0,0,0,0,0,0,0,2,0,0,0,0,0,0,0,2,0,0,0,0,0,0,0,0,0,0,0,0,0,0,0,2,0,0,0,0,0,0,0,0,0,2,2,0,2,0,2,0,0,0,2,0,0,2,2,0,2,NA,0,0,0,0,0,0,0,0,0,0,0,0,0,0,0,0,2,0,0,0,0,2,2,0,0,0,0,0,0,0,0,0,0,0,2,0,0,0,0,0,0,0,0,0,0,0,0,0,0,0,0,2,0,0,0,0,0,2,0,2,0,0,0,0,0,2,0,0,0,0,0,0,0,2,0,2,0,0,0,0,0,0,2,2,0,0,0,0,0,0,0,0,0,0,0,0,0,0,2,0,0,2,0,0,2,0,0,2,0,0,0,0,0,0,2,0,0,0,0,0,0,0,2,2,0,2,0,0,0,0,0,0,0,2,0,0,2,2,0,0,0,0,0,2,0,0,0,0,2,0,0,0,0,0,0,0,2,0,2,0,2,0,0,0,0,2,0,0,0,2,0,0,0,0,2,2,0,0,2,0,0,0,0,0,0,0,0,0,0,2,2,0,0,0,0,0,0,0,0,0,0,0,2,2,0,0,0,0,0,2,0,0,0,0,0,0,0,0,0,0,2,0,0,0,0,0,2,0,0,0,0,2,0,2,0,0,0,0,2,0,2,0,0,0,0,0,0,0,0,0,0,0,0,0,0,0,0,0,2,2,0,0,0,0,2,0,0,0,0,0,0,0,0,0,0,0,2,0,2,0,0,0,0,0,0,0,2,0,2,0,0,0,2,0,0,0,0,0,0,0,0,0,0,2,2,2,0,0,2,0,2,0,0,0,0,0,0,0,2,2,0,2,0,0,2,0,0,0,0,2,0,0,0,0,0,0,0,0,0,0,0,0,0,2,0,2,2,2,0,0,2,0,0,2,0,0,0,0,0,0,0,0,0,0,0,0,0,2,0,0,2,0,0,0,2,0,0,0,0,0,2,0,0,2,2,0,0,2,2,0,0,0,0,0,0,0,0,0,0,0,0,2,2,0,2,0,0,0,2,0,0,2,0,0,0,0,0,0,0,0,2,2,0,0,2,0,0,0,2,NA,0,0,2,0,0,0,0,0,0,0,0,0,0,0,0,0,0,0,0,0,0,0,0,0,2,0,0,0,0,0,2,0,0,0,0,0,0,2,0,0,0,0,0,2,0,0,0,0,0,2,0,0,0,0,0,0,0,2,2,0,0,0,0,0,0,0,2,0,2,0,0,2,0,0,NA,2,0,0,2,2,0,0,2,0,0,0,0,2,0,0,0,0,0,0,0,2,0,0,0,2,0,0,0,0,2,0,2,2,0,0,0,0,0,2,0,0,0,2,0,0,0,0,0,0,2,0,0,0,0,0,0,2,0,0,0,0,0,2,0,2,0,0,0,0,0,0,0,2,0,2,0,0,0,0,0,0,0,0,0,0,0,0,2,0,2,0,0,0,0,0,0,0,2,0,2,2,0,0,0,0,0,NA,0,0,0,0,0,0,0,2,0,0,0,0,0,0,0,0,0,0,2,2,0,0,2,0,2,0,0,0,0,0,0,2,0,0,0,2,0,0,0,0,0,2,0,0,2,0,0,0,2,0,0,0,0,0,2,0,2,0,0,0,2,0,0,0,0,2,0,0,0,0,0,2,0,0,2,2,0,2,0,0,2,2,2,0,0,0,0,0,0,0,2,0,0,0,0,0,0,0,0,2,2,0,0,0,0,0,0,0,0,2,0,0,0,0,2,0,0,0,0,0,0,0,0,0,0,0,0,0,0,2,0,2,0,2,0,0,0,0,2,0,0,0,0,2,2,0,0,0,0,2,0,2,0,2,2,0,0,0,0,2,0,0,2,0,2,2,0,0,0,0,0,0,0,0,0,0,0,0,0,0,2,0,0,0,0,0,0,0,0,0,2,0,0,0,0,0,0,0,0,0,0,0,2,0,0,0,0,0,0,0,0,0,0,0,0,0,0,0,0,2,0,0,0,0,0,0,0,2,0,0,0,0,0,0,2,0,0,0,0,0,2,0,0,0,0,0,0,2,0,2,0,0,2,0,2,0,2,2,2,2,0,0,0,2,0,0,0,0,0,0,2,0,0,0,2,0,0,0,0,0,2,0,2,0,0,0,2,0,2,0,2,0,0,0,2,0,0,0,0,0,0,0,2,0,2,0,0,0,0,0,0,0,0,0,0,0,2,0,0,0,0,0,0,2,0,0,0,0,2,0,0,0,0,2,0,2,2,0,0,0,0,0,0,2,2,0,0,NA,2,2,0,2,0,0,0,0,0,0,0,2,0,0,0,2,0,0,0,0,0,0,2,2,0,0,0,0,0,0,2,0,2,2,0,0,2,2,2,0,2,0,0,0,0,NA,0,2,0,0,0,0,2,2,0,0,0,0,2,0,0,0,0,0,0,0,0,0,0,0,2,0,0,0,2,0,0,2,0,0,0,0,0,2,2,2,0,0,0,0,0,0,0,0,0,0,0,0,2,0,0,0,2,0,2,2,0,2,0,0,2,0,0,0,0,0,0,0,0,0,0,0,0,2,0,2,0,2,0,0,2,0,0,0,0,0,0,2,2,0,2,0,0,0,0,0,2,0,0,0,2,2,0,0,0,2,0,0,2,0,0,0,0,0,0,0,0,0,0,0,0,2,2,2,0,2,2,0,2,0,0,0,NA,0,0,0,0,0,0,0,2,0,0,0,0,0,0,2,0,0,0,2,0,0,0,0,0
"CC189",0,0,0,2,NA,0,0,0,0,0,0,0,0,0,0,0,0,0,0,0,0,0,0,0,2,0,0,0,0,2,0,0,0,0,0,0,0,0,0,0,0,0,2,0,0,0,0,0,0,0,0,0,0,0,0,2,0,0,0,0,0,0,2,0,2,2,0,0,0,0,0,0,0,2,0,0,0,2,0,0,0,0,0,0,0,2,0,0,0,2,0,2,0,0,0,0,0,2,0,0,0,0,0,2,0,2,0,0,0,0,0,0,0,0,0,0,0,0,0,2,0,0,0,0,0,0,2,0,0,0,2,0,0,0,NA,2,0,0,2,2,0,0,0,0,0,0,0,0,0,2,0,0,0,0,0,2,2,2,0,0,0,0,2,0,0,2,2,2,0,2,0,0,0,0,0,2,0,2,2,0,2,0,2,2,0,0,0,0,0,2,2,2,0,0,2,0,2,2,0,0,0,0,0,0,0,0,0,2,0,0,0,2,0,0,2,0,2,0,2,0,2,0,0,2,0,2,0,0,0,2,0,0,0,0,0,0,0,0,0,0,0,0,0,0,2,0,0,0,0,0,0,0,0,0,0,2,2,0,0,0,0,0,0,2,0,0,0,0,0,0,0,0,0,0,0,0,2,2,2,0,0,0,0,2,0,0,0,0,0,0,0,0,0,0,0,2,0,2,2,2,0,0,0,0,2,0,0,2,0,0,0,0,0,0,2,0,0,0,0,0,0,0,0,0,2,2,0,0,0,0,0,2,0,0,0,0,0,0,2,0,0,NA,0,0,0,0,0,0,0,0,0,0,0,0,0,0,0,2,2,0,0,2,0,0,0,0,0,2,0,0,0,0,0,0,0,0,0,0,0,0,2,0,0,0,0,0,0,2,0,0,0,2,0,2,2,2,2,0,0,0,0,0,2,0,0,2,0,0,0,2,0,0,0,0,0,0,2,2,0,2,0,0,0,2,2,0,0,2,0,0,0,0,0,0,0,0,0,0,2,0,0,0,0,0,0,0,0,0,0,0,0,0,2,0,0,0,2,0,0,0,0,2,2,0,0,0,0,0,2,0,0,2,0,0,0,0,NA,0,0,0,2,0,0,0,0,2,0,0,2,2,0,0,2,0,0,0,0,0,2,2,0,0,0,0,0,0,0,0,0,0,0,0,0,0,0,0,0,0,0,2,0,0,0,0,0,0,0,0,0,2,0,0,2,0,2,0,0,0,0,2,0,0,0,2,0,2,0,0,0,0,0,0,0,0,0,2,0,2,2,0,0,0,0,0,0,0,2,0,0,0,0,2,0,NA,2,0,0,2,0,2,2,0,0,0,0,0,0,0,0,0,0,0,0,0,2,0,2,0,0,2,0,0,2,0,0,0,0,0,2,0,0,0,0,0,2,0,2,0,0,0,0,0,0,2,2,0,0,0,0,2,0,2,0,0,0,0,0,0,2,0,0,2,2,0,0,0,0,2,0,0,0,2,0,0,2,0,0,0,0,2,0,0,0,0,0,0,0,0,0,0,0,0,0,2,0,0,0,0,0,0,0,0,0,0,2,0,0,2,0,0,2,0,0,2,0,0,0,2,2,0,0,0,0,0,2,0,0,0,2,0,0,0,0,0,0,0,0,2,0,0,0,NA,0,0,0,2,2,0,2,0,0,0,0,0,2,0,0,0,0,0,0,0,0,0,0,0,0,0,0,0,0,0,0,0,2,0,2,0,2,0,0,0,0,0,0,0,0,0,0,0,0,0,0,2,0,0,2,0,0,0,0,2,2,0,0,0,0,0,0,0,2,0,0,2,0,0,2,0,0,2,0,0,0,0,0,2,0,0,2,0,0,0,0,0,0,0,0,2,2,0,0,0,0,2,0,2,0,0,2,0,0,0,0,0,0,0,0,0,0,NA,0,0,0,0,0,2,2,0,0,0,2,0,0,0,2,2,0,0,0,0,0,0,2,0,2,0,0,2,0,0,0,0,0,0,0,0,2,0,0,0,0,0,0,2,2,0,0,0,0,2,0,2,0,0,2,0,0,0,0,0,2,0,0,2,2,0,0,0,0,0,2,2,0,0,2,0,0,2,2,0,0,0,0,0,0,0,2,0,0,0,0,0,0,0,0,2,0,0,0,0,0,2,2,0,0,0,0,0,0,0,0,0,0,0,2,2,0,0,0,0,2,0,2,0,0,2,2,0,0,0,0,0,0,2,2,NA,0,0,2,2,0,0,2,0,2,0,0,0,0,0,0,2,2,0,0,0,0,2,0,0,2,0,0,2,0,0,0,0,0,0,0,0,0,0,0,0,2,2,0,NA,0,0,0,0,2,0,2,0,0,0,0,0,0,0,0,2,0,2,0,2,0,0,2,0,0,0,0,0,0,0,2,2,0,0,2,0,0,2,0,2,0,0,NA,0,0,0,2,0,0,2,2,0,2,0,2,0,2,2,0,2,0,0,2,0,0,0,2,2,0,0,0,2,0,0,0,2,2,0,0,0,2,0,2,2,0,0,0,0,0,0,0,0,0,0,0,0,2,2,2,0,0,0,2,0,0,0,0,0,0,0,0,0,0,0,0,2,0,2,2,0,0,2,0,NA,0,0,0,0,2,2,0,0,0,0,0,0,0,0,0,0,0,0,0,0,0,0,0,0,0,0,0,0,0,0,0,0,0,0,0,0,2,0,0,0,0,0,0,0,2,2,0,2,0,0,0,0,0,0,2,0,0,0,0,0,2,0,0,0,0,0,0,0,2,2,0,0,0,0,0,0,2,0,0,2,0,0,2,2,2,2,0,0,0,0,0,0,0,2,0,0,0,0,0,2,0,2,0,0,0,0,0,2,0,0,0,0,0,0,0,0,0,0,0,0,0,0,0,0,0,0,2,0,0,0,0,0,2,0,0,0,0,2,2,2,0,2,0,2,0,0,2,0,0,0,0,0,2,2,0,2,0,0,0,2,2,0,0,0,0,0,0,0,2,0,0,0,0,2,2,0,0,0,0,0,0,0,0,0,0,2,2,0,0,0,2,0,0,0,0,0,0,0,NA,0,0,0,0,0,0,2,0,2,0,0,0,0,0,0,0,0,2,2,2,2,0,0,0,0,2,0,0,2,0,0,0,0,0,0,2,0,0,0,0,2,0,0,0,0,2,0,2,0,0,0,2,0,0,0,0,0,0,2,0,0,2,2,0,0,0,0,0,2,0,0,2,0,0,0,0,0,2,0,0,0,0,2,0,0,2,0,0,0,0,2,0,0,2,0,2,0,0,0,0,0,0,0,0,0,2,0,0,0,0,2,2,NA,0,0,0,0,0,0,0,0,2,0,0,0,0,2,2,0,0,0,0,2,0,0,2,0,0,0,2,0,2,0,0,0,0,0,0,0,2,0,2,2,0,0,2,0,0,0,2,2,0,0,0,0,2,0,0,0,0,0,2,0,2,2,0,0,2,2,0,0,0,0,0,2,2,2,0,0,2,0,0,2,0,0,2,0,0,0,2,0,2,0,2,0,0,2,0,0,0,0,0,0,0,0,0,0,0,0,0,0,0,0,2,0,0,0,0,0,0,0,0,0,0,0,0,0,0,2,2,0,0,2,0,0,0,0,0,0,0,2,2,0,0,0,0,0,0,2,0,2,0,0,2,2,0,0,0,0,0,0,2,0,0,0,0,0,0,2,2,0,2,2,0,0,0,0,0,2,2,0,0,0,0,2,0,0,0,0,0,0,2,0,0,0,0,0,0,0,0,0,0,2,0,0,0,2,0,2,0,0,2,0,0,0,0,0,0,0,0,2,0,2,2,2,0,2,0,0,0,2,0,2,0,2,0,0,2,0,2,0,0,0,0,0,0,0,0,0,0,0,0,0,0,2,2,0,0,0,0,2,0,2,0,0,0,2,0,0,0,0,2,0,0,0,0,2,0,0,0,0,2,0,0,0,0,0,0,0,2,0,0,0,0,0,0,0,0,0,0,0,0,0,0,0,0,0,0,0,0,2,0,0,2,0,0,0,0,0,0,0,0,0,0,0,0,0,0,0,0,0,0,0,0,0,0,0,0,0,2,2,2,2,0,0,0,0,0,0,0,0,2,0,2,0,2,0,0,0,2,2,0,2,0,0,2,2,0,2,2,0,0,2,0,0,0,0,0,2,0,2,0,0,0,0,0,0,2,0,0,2,0,0,0,0,0,0,0,0,0,0,0,0,0,0,2,0,0,0,0,0,0,0,0,0,0,0,0,0,0,0,0,0,2,0,0,2,2,2,0,0,0,0,0,0,0,0,0,2,2,2,0,0,2,0,0,0,2,0,0,0,2,2,0,2,0,0,0,2,0,0,2,0,0,0,0,2,0,2,0,0,0,2,2,0,2,0,0,0,0,0,0,0,0,0,0,0,2,0,0,0,0,0,2,2,0,0,0,0,0,0,0,0,0,0,0,0,2,0,0,0,0,0,2,0,0,0,0,0,0,0,0,2,0,0,0,2,0,0,0,0,2,0,0,0,0,0,2,0,0,0,0,0,2,0,2,0,0,2,2,0,0,0,2,0,0,0,2,0,0,0,0,0,0,0,0,2,0,0,0,0,0,2,0,0,0,2,2,2,0,0,0,0,0,0,0,0,0,0,0,0,2,0,2,0,0,0,0,0,2,0,0,0,0,0,0,0,0,0,0,0,0,0,0,0,0,0,2,0,0,2,0,0,0,2,0,0,0,0,0,0,0,0,2,0,0,0,0,0,0,0,0,0,0,0,0,2,0,NA,0,2,2,0,2,0,2,0,0,2,0,0,0,0,0,0,2,0,0,0,0,0,0,0,0,0,0,0,0,0,0,0,2,0,2,0,2,0,0,0,0,2,2,0,0,0,0,0,0,0,0,0,0,0,0,0,0,0,2,0,2,0,0,0,0,0,0,0,0,2,0,0,0,2,0,0,2,0,0,2,0,0,0,0,0,2,0,0,0,2,0,2,2,0,0,0,0,0,0,0,0,NA,2,0,0,0,0,0,0,0,2,0,0,2,0,0,0,0,0,0,0,2,0,2,0,0,0,0,0,0,0,0,0,2,0,0,0,0,0,0,0,2,0,0,0,0,0,0,0,0,0,0,0,2,0,0,0,0,0,0,0,0,0,0,2,0,0,0,0,2,0,0,0,0,0,0,0,0,0,0,0,0,0,0,NA,0,0,0,0,0,0,2,0,0,2,0,0,0,0,0,2,0,2,0,0,0,0,2,0,0,0,0,2,0,2,0,2,2,0,0,0,0,0,2,0,0,2,2,0,0,0,0,0,0,0,0,0,0,0,0,0,0,0,0,0,0,0,0,0,0,0,0,0,0,0,2,0,0,0,0,0,0,0,2,0,0,0,2,0,2,0,0,0,0,0,0,0,0,2,0,0,0,2,2,0,0,0,0,0,0,0,0,0,2,2,0,0,0,2,0,0,0,0,0,0,0,0,0,0,0,0,0,0,0,0,NA,0,0,2,0,0,2,0,2,0,0,0,0,0,0,0,0,0,0,0,0,0,0,0,0,0,0,0,2,0,0,0,0,0,0,0,2,0,0,2,0,2,0,0,0,2,0,0,0,0,0,2,0,0,0,0,0,0,0,0,0,2,0,0,0,0,0,0,0,0,0,0,0,0,0,0,2,0,2,0,0,0,2,2,2,0,0,0,0,2,0,0,0,0,0,0,0,0,0,0,0,0,0,2,2,NA,0,0,0,0,2,0,0,0,2,2,0,0,2,0,0,0,0,0,0,0,0,0,2,0,0,2,0,0,0,0,0,2,0,2,0,0,0,0,0,0,0,0,0,0,0,0,0,2,0,0,0,0,0,0,0,0,0,0,0,0,0,0,0,0,0,0,0,0,0,0,0,0,0,0,0,0,0,0,0,0,0,0,0,2,0,2,2,2,0,0,2,0,0,0,0,0,0,0,0,0,0,0,0,0,0,0,0,0,2,0,0,0,2,0,2,0,0,2,0,0,0,0,2,0,0,0,2,0,2,0,2,0,2,0,2,0,0,0,0,0,0,0,0,0,0,0,0,0,0,0,0,0,0,0,0,0,0,0,0,2,0,0,0,0,0,0,0,2,2,0,0,0,0,0,0,0,0,0,0,0,0,0,0,0,0,0,2,0,0,2,0,0,0,0,0,0,0,0,2,2,0,0,2,0,0,0,0,2,0,2,0,0,0,0,0,0,0,0,0,0,2,0,0,0,0,2,2,0,0,0,0,0,0,0,0,0,2,0,0,0,0,0,0,0,2,0,0,0,2,0,0,0,2,0,0,0,0,0,0,2,0,0,0,0,0,0,0,2,0,0,2,2,0,0,0,2,2,2,2,0,0,0,0,0,2,0,2,2,0,0,0,0,0,0,0,0,0,0,0,2,2,2,0,0,0,0,0,0,0,0,0,0,0,0,0,2,2,0,0,0,0,0,0,0,0,0,0,2,0,0,2,0,0,2,0,0,0,2,0,0,0,2,0,0,0,0,0,0,0,0,0,2,0,0,0,0,2,2,0,0,0,2,2,0,0,0,2,0,2,0,2,0,0,0,2,0,2,0,0,2,0,0,0,0,0,0,0,0,0,0,0,0,2,0,0,0,0,0,0,0,0,0,0,0,0,0,0,0,0,0,0,0,0,2,0,0,0,0,0,0,0,0,2,0,0,0,0,0,0,0,0,0,0,0,0,0,0,0,0,2,2,0,2,2,0,0,0,2,0,2,2,0,0,0,0,2,0,0,0,0,0,0,0,0,2,0,0,0,2,0,0,0,0,0,2,0,0,2,0,0,0,0,0,2,0,0,0,0,0,0,0,0,0,0,0,2,0,0,2,0,2,0,0,2,2,0,2,2,0,0,2,2,2,0,2,2,2,2,2,2,2,0,0,0,0,0,0,0,0,0,2,0,0,0,0,0,0,0,2,2,2,0,0,0,0,2,2,2,0,0,0,2,0,2,0,0,2,2,NA,0,0,2,0,0,0,0,0,0,0,2,0,0,0,0,0,0,0,0,0,0,0,2,0,0,0,0,0,2,0,2,2,0,0,2,0,0,0,0,0,0,0,2,0,0,2,2,0,0,0,0,0,0,2,0,2,0,0,0,2,0,0,0,0,0,0,2,0,0,2,0,2,0,2,2,2,0,2,0,2,0,0,2,2,0,0,0,2,2,2,2,0,2,0,0,0,0,0,0,2,0,0,0,0,0,0,2,0,2,0,0,0,0,0,0,0,2,0,0,2,0,0,0,2,0,0,0,0,0,2,2,0,0,0,0,0,0,2,2,2,0,0,0,2,0,0,0,0,0,0,0,0,0,0,0,0,0,0,0,0,0,0,0,0,0,0,2,0,0,2,0,0,0,0,0,2,0,2,0,0,0,0,0,2,0,0,0,0,2,0,2,0,2,0,0,2,2,2,0,2,0,0,0,2,2,0,0,0,2,0,0,0,0,0,2,0,0,0,0,0,2,0,0,0,2,0,0,0,0,0,2,2,0,0,0,2,2,0,0,0,0,0,0,2,2,2,2,0,0,0,0,2,2,0,0,0,NA,0,0,0,2,0,0,2,0,0,0,0,0,0,0,0,0,0,0,0,2,0,0,0,0,0,0,0,0,0,0,0,0,0,0,0,0,0,2,0,0,0,0,2,0,0,0,0,2,2,0,0,0,0,0,2,0,2,0,0,0,0,0,0,0,0,0,0,0,0,0,0,0,0,0,0,2,0,0,0,0,0,0,2,0,2,0,0,2,0,0,0,0,0,0,0,0,2,NA,0,0,0,0,2,2,0,2,0,2,0,2,0,0,0,0,0,0,0,0,0,0,0,0,2,2,2,2,0,0,2,2,0,0,0,2,0,0,0,0,0,0,0,0,0,0,2,0,0,2,0,0,0,0,0,0,0,0,2,0,0,2,0,0,0,0,0,0,0,2,0,0,0,0,0,0,2,2,0,0,0,2,0,0,0,0,0,0,0,0,0,0,2,2,0,0,0,0,0,0,0,0,0,0,0,0,0,0,2,0,0,2,0,2,2,0,0,0,2,0,0,0,0,0,0,0,0,0,0,2,0,0,0,0,0,0,0,0,0,0,0,0,0,0,0,0,2,0,2,0,0,0,0,0,0,2,0,0,0,0,0,2,0,0,2,2,0,0,2,0,0,0,0,0,0,0,0,2,0,2,0,0,0,0,0,2,2,0,2,2,0,2,2,2,0,2,2,0,2,0,0,0,0,0,0,0,0,2,0,0,0,0,2,0,0,0,2,2,0,2,2,0,0,0,2,0,0,0,0,0,0,2,0,0,0,0,0,0,0,0,0,0,2,2,0,0,0,0,0,0,0,0,0,0,0,0,0,0,0,0,0,0,0,0,0,0,0,0,0,0,0,0,0,0,2,0,0,0,0,0,0,0,0,2,0,0,0,2,0,0,2,0,0,0,0,2,0,0,0,0,0,0,0,0,0,0,0,0,2,0,0,0,0,0,0,0,0,0,0,0,2,0,0,2,0,0,0,2,0,0,0,2,0,0,0,0,0,0,0,2,0,0,0,0,2,0,0,2,2,0,0,0,0,0,0,0,0,0,0,2,0,0,0,0,0,0,0,0,0,0,0,0,0,0,0,2,0,0,0,2,0,0,0,0,0,0,0,2,2,0,0,0,0,0,2,0,2,0,0,2,0,0,2,2,0,2,0,0,2,0,0,0,0,0,2,0,0,0,0,0,2,0,2,0,0,0,0,0,0,0,0,0,0,0,0,0,0,2,0,2,0,0,2,0,0,2,0,0,2,0,0,0,0,0,0,0,2,2,0,0,0,0,0,0,0,0,0,0,0,0,0,2,0,0,0,0,0,0,0,2,0,0,0,2,2,0,0,0,2,0,0,0,0,0,0,0,0,0,0,0,2,2,2,0,0,2,2,0,0,0,0,0,0,0,0,0,0,0,0,0,0,0,0,2,0,0,0,0,0,0,0,0,0,0,0,0,2,0,0,0,2,0,0,0,0,0,2,0,0,0,0,0,0,0,2,0,0,2,0,0,0,0,0,0,2,0,0,0,0,0,0,0,0,2,0,0,0,0,2,0,0,0,0,0,0,0,0,0,0,0,0,0,0,2,0,0,0,0,0,0,0,0,0,2,0,0,0,2,0,0,0,0,2,2,0,0,0,0,0,0,0,2,0,0,0,2,2,0,0,0,0,0,0,0,0,0,2,0,2,2,2,0,2,0,0,0,0,0,2,0,0,0,0,0,0,0,2,2,0,0,0,0,0,0,2,0,0,0,0,0,0,2,0,2,0,0,0,0,0,0,0,0,0,2,2,0,2,2,0,2,0,0,2,0,0,2,0,0,2,0,0,0,0,0,0,0,0,0,0,0,0,0,0,2,2,0,0,0,0,0,0,2,0,0,0,0,0,0,0,0,0,0,0,2,0,0,0,0,0,0,0,0,0,0,0,0,0,0,0,2,0,0,0,0,0,0,0,0,0,0,2,0,0,0,0,0,0,0,2,2,0,0,0,0,0,0,0,0,0,2,0,0,0,0,2,2,0,0,0,0,2,2,0,0,0,2,0,0,0,0,0,2,2,0,0,0,2,0,2,0,0,0,0,2,0,0,2,0,0,0,0,0,0,0,0,2,0,0,0,0,0,0,2,0,0,0,0,0,0,0,0,0,0,0,0,0,0,0,0,2,0,0,0,0,0,0,0,0,0,0,0,0,0,0,0,0,0,2,0,0,0,0,0,0,0,0,0,2,0,0,0,0,2,2,0,0,0,2,2,2,2,2,0,0,0,0,0,0,0,0,0,0,0,0,0,0,0,0,0,0,0,0,0,0,0,0,0,0,2,0,0,0,0,0,0,2,0,0,2,0,0,0,0,0,0,0,0,0,2,0,2,0,0,0,0,0,2,2,0,0,0,0,0,0,2,0,0,0,2,0,0,0,2,0,0,0,0,0,2,2,0,2,0,0,0,0,0,2,0,0,0,2,2,0,0,0,0,0,0,0,0,0,2,2,0,2,0,0,2,2,0,2,0,0,2,0,0,0,0,0,0,2,2,0,0,2,0,2,0,2,2,0,0,0,0,2,0,2,0,0,0,0,0,0,0,0,0,0,2,0,0,0,2,0,0,0,2,0,0,2,0,0,2,2,0,0,2,0,0,0,0,0,0,2,2,0,0,2,2,0,0,0,0,0,0,0,0,0,0,0,0,0,2,0,0,0,2,0,0,0,0,0,0,0,0,2,0,0,0,0,0,2,0,0,0,0,0,0,0,0,0,0,0,0,0,0,2,0,0,0,0,0,0,2,0,0,0,2,0,0,0,2,0,0,2,0,2,2,0,0,0,2,0,0,0,2,0,0,2,0,0,0,2,0,0,0,2,0,0,0,2,0,2,0,0,0,0,0,0,2,0,0,0,0,0,0,0,0,0,0,2,0,0,2,0,0,0,2,0,0,2,2,0,0,0,0,2,0,0,0,0,2,2,0,0,0,0,0,0,0,2,0,0,0,0,0,0,0,0,0,0,2,0,0,0,0,0,0,0,0,0,0,0,2,2,0,0,0,0,2,0,0,0,0,2,0,2,0,0,2,0,0,0,0,0,0,0,2,0,2,0,0,0,0,0,2,2,2,0,0,0,0,2,2,0,2,0,0,2,0,0,0,0,0,2,0,2,0,0,0,0,0,2,0,2,2,0,0,2,0,0,0,2,2,0,0,2,0,0,0,0,2,0,0,2,2,2,0,0,2,0,0,0,0,0,0,0,0,0,0,0,2,0,0,2,0,0,2,0,0,0,0,0,0,0,0,0,2,0,2,0,0,2,0,0,0,0,0,0,0,0,0,0,0,0,2,0,2,2,2,0,0,0,2,0,2,0,0,2,2,0,0,0,0,0,0,0,0,0,0,0,0,2,2,0,0,0,0,0,0,0,2,2,0,0,2,0,0,2,2,0,0,0,0,0,0,0,0,0,0,0,0,2,0,0,2,0,0,2,0,0,0,0,0,0,0,0,0,0,0,0,0,0,0,0,2,0,2,2,2,0,0,0,2,0,0,0,0,0,0,2,2,2,0,0,2,0,0,0,0,0,0,0,0,0,0,0,2,0,0,2,0,0,0,0,0,0,0,0,0,0,0,2,2,0,0,0,0,0,0,0,0,0,0,0,2,2,2,0,0,0,0,2,2,0,0,0,0,0,0,0,0,0,0,0,0,0,0,0,2,0,2,0,2,0,0,2,0,0,2,2,0,0,0,0,0,0,0,0,2,0,0,0,0,0,0,0,0,0,0,2,2,0,0,0,0,0,0,0,0,0,0,0,0,0,0,2,0,0,0,0,0,0,2,0,2,2,0,0,0,0,0,0,0,0,0,0,0,0,0,0,0,0,0,0,0,0,0,0,0,0,0,0,0,0,0,0,2,0,0,2,0,0,0,0,2,0,0,0,0,0,0,0,0,0,2,0,0,0,0,0,0,0,0,0,0,2,0,0,2,0,0,0,0,0,0,0,0,2,0,0,0,0,0,2,0,2,2,0,0,0,0,0,0,2,0,2,0,0,0,0,0,0,0,0,0,0,0,0,2,0,0,0,0,0,0,0,0,0,0,0,0,2,2,0,2,2,0,0,0,0,2,0,2,0,0,0,2,0,0,0,0,0,0,0,0,0,0,0,0,0,0,0,0,2,0,0,0,0,0,0,2,0,0,0,0,0,0,0,0,0,0,0,0,0,0,0,0
"CC19",0,0,0,0,0,0,0,0,0,0,0,0,0,0,0,0,0,0,0,2,0,0,0,2,0,0,0,0,0,0,0,0,0,0,0,0,0,0,0,0,0,0,0,0,0,0,2,0,2,0,0,0,0,0,2,NA,0,0,0,0,0,0,0,0,0,0,0,0,0,0,0,0,0,0,0,0,0,0,0,2,0,2,0,0,0,0,2,2,0,0,0,0,0,0,0,0,0,0,0,0,0,0,0,0,0,2,2,0,0,0,0,0,0,0,0,0,0,2,0,0,0,0,0,2,0,0,2,0,2,0,0,0,0,0,0,0,0,0,0,0,0,0,0,0,0,0,2,0,0,0,2,0,0,0,0,0,0,0,0,0,0,0,0,2,2,0,2,0,0,0,0,2,0,0,0,0,2,0,0,0,0,0,0,0,0,0,0,0,0,0,0,0,0,0,0,0,0,0,2,0,0,0,0,0,0,0,0,0,0,0,0,0,0,2,0,0,0,0,0,0,0,0,0,0,0,0,0,2,2,0,0,0,0,0,0,0,0,2,0,0,0,2,0,0,0,0,0,0,2,0,0,0,0,0,0,0,0,2,0,0,0,0,2,2,0,0,2,0,0,0,0,0,0,2,0,0,0,0,0,0,2,0,0,0,0,0,0,0,0,0,0,2,2,0,0,0,0,0,0,0,0,2,0,0,0,0,0,2,0,0,0,0,0,0,0,0,0,0,0,0,0,0,0,0,0,0,0,0,0,0,0,2,2,0,0,0,0,0,0,0,0,0,0,0,0,0,0,0,0,0,0,0,0,0,0,0,0,0,0,0,2,0,0,0,0,2,0,0,0,0,0,0,0,2,2,0,0,0,0,0,0,0,0,0,0,0,2,0,0,0,0,0,0,0,0,0,NA,0,0,0,0,0,0,0,0,0,0,0,0,2,0,0,0,2,0,0,0,2,0,0,0,0,0,0,0,0,0,2,0,2,2,0,0,0,2,2,2,0,0,0,2,0,2,2,0,0,0,0,0,0,0,0,0,0,0,0,0,0,0,2,2,0,0,2,0,0,0,2,0,2,2,0,0,2,0,0,0,2,0,0,0,0,0,0,0,2,0,2,2,2,0,2,0,2,0,0,0,0,0,2,0,0,0,0,0,0,0,0,2,2,0,2,0,2,0,0,0,0,0,0,0,0,0,0,0,0,0,0,0,0,0,0,0,0,0,0,0,0,0,0,0,0,0,2,0,0,0,0,0,0,NA,0,0,0,0,0,2,2,0,0,0,0,0,2,0,0,2,0,0,0,0,2,0,0,2,0,0,0,0,0,0,2,0,0,0,0,0,2,2,0,0,NA,0,2,0,0,0,0,2,0,0,0,0,2,0,0,0,0,0,0,0,0,0,0,0,0,0,0,0,0,0,0,0,0,0,0,0,0,0,0,0,0,0,0,2,0,0,0,0,2,0,0,0,2,0,0,0,0,0,0,0,0,0,0,0,0,2,0,0,0,2,0,0,0,0,0,0,0,0,0,0,0,2,0,0,0,0,0,0,0,0,0,2,0,0,0,0,0,0,0,0,0,0,0,0,0,0,0,0,0,0,0,0,0,0,0,0,0,0,0,0,2,0,0,0,0,2,0,2,0,0,0,0,0,0,0,0,2,0,2,2,0,0,0,0,0,0,0,0,0,0,0,0,0,0,0,0,0,2,0,0,2,0,0,0,0,0,2,0,0,2,0,0,0,0,0,0,0,0,2,0,2,0,0,2,0,0,0,2,0,0,2,0,0,0,0,0,0,0,2,0,0,0,2,0,2,0,0,0,0,0,0,0,2,2,2,2,2,2,0,0,0,2,0,0,0,2,0,2,2,0,0,0,0,0,2,0,0,0,0,0,0,0,0,0,0,0,0,0,0,2,0,0,2,0,0,2,0,0,0,0,2,0,0,0,0,2,0,0,2,2,0,2,0,2,0,0,2,0,0,0,0,2,0,0,0,0,0,0,0,0,0,2,2,2,0,2,0,0,2,0,0,0,0,2,0,2,0,0,0,0,0,0,2,2,0,0,2,2,2,0,0,0,2,0,0,0,0,0,0,2,0,0,0,0,0,0,0,0,0,0,0,0,0,0,0,0,0,0,0,0,2,NA,0,0,0,0,0,0,2,2,NA,2,0,0,0,2,0,0,0,0,0,0,0,0,0,0,0,2,0,0,0,0,0,2,0,2,2,0,0,0,0,2,0,2,2,0,0,0,0,0,0,0,2,0,0,2,2,0,0,0,0,0,2,0,0,0,0,0,0,0,0,0,0,0,0,0,2,0,NA,0,0,2,0,0,0,0,2,0,0,0,0,0,0,2,2,0,0,2,2,0,0,0,0,0,2,0,0,2,2,2,0,0,0,0,0,0,2,2,2,0,0,2,2,0,0,2,2,0,0,0,0,2,0,2,2,0,0,0,0,0,0,2,0,0,0,2,2,0,0,0,2,2,0,0,0,0,0,0,2,2,0,2,2,0,0,0,0,0,2,2,0,0,0,0,0,2,0,0,0,0,0,0,2,0,0,0,2,0,0,0,0,0,2,0,0,0,0,0,0,0,0,0,2,0,0,0,0,0,0,0,0,2,0,0,0,0,0,0,0,0,0,0,0,2,0,0,2,0,0,2,0,0,0,0,2,0,0,0,0,2,0,0,0,0,0,0,0,0,0,0,2,2,0,0,2,0,0,2,0,0,0,0,0,2,0,0,0,0,0,0,0,0,2,0,0,0,0,0,0,0,0,0,0,2,0,0,0,0,2,0,0,0,0,0,0,0,2,0,0,0,0,2,0,0,0,0,0,0,0,0,0,2,0,0,0,0,0,2,0,0,0,0,0,0,0,0,2,0,0,2,2,0,0,0,0,0,0,0,0,0,0,0,0,2,0,0,0,0,2,0,0,0,2,0,0,0,0,0,0,0,0,0,0,2,0,0,0,0,0,0,2,0,0,0,0,0,2,0,0,0,0,0,0,2,0,2,0,0,0,0,0,0,0,0,0,2,0,0,0,0,0,2,0,0,0,0,0,0,0,0,2,0,2,0,0,0,0,0,0,2,2,2,0,0,0,0,0,0,0,0,0,0,0,2,0,0,0,0,0,0,0,0,0,0,0,0,0,0,0,0,0,2,2,0,0,0,0,0,0,0,0,0,0,0,0,0,0,0,2,0,2,0,0,0,0,NA,0,0,0,0,0,0,0,0,0,0,0,0,0,2,0,0,0,0,0,0,0,0,0,2,0,0,0,0,0,0,0,2,0,0,0,0,0,2,NA,0,0,2,0,0,2,0,0,0,2,0,0,0,0,0,0,0,0,2,0,0,2,0,2,0,2,0,0,0,0,0,2,0,0,2,0,0,0,0,0,0,0,0,0,2,0,0,0,0,0,0,0,0,0,0,0,NA,0,0,0,0,0,0,0,0,0,2,2,0,0,0,0,0,0,2,0,0,0,0,0,2,0,0,0,0,0,0,0,0,2,0,0,2,2,0,0,2,0,0,0,2,2,2,0,0,0,0,0,0,0,0,0,2,0,2,0,0,0,0,0,0,0,0,0,0,0,0,2,0,0,0,0,0,0,0,0,0,2,2,0,0,0,0,0,0,2,0,0,0,0,0,2,0,0,0,0,0,0,0,2,0,0,0,0,0,2,0,0,0,0,2,0,2,0,0,0,2,2,0,0,0,0,0,0,0,2,2,0,2,2,2,0,0,2,0,0,NA,0,2,0,0,0,0,0,0,0,2,0,0,0,0,2,0,0,0,0,0,0,2,0,0,0,2,0,2,0,0,0,0,0,0,0,2,2,0,2,0,0,0,2,0,0,0,0,0,0,0,0,0,NA,0,2,0,0,2,0,0,0,0,0,2,0,0,0,0,0,2,0,0,0,0,0,2,0,0,0,0,0,2,0,0,2,0,0,2,0,0,0,2,0,0,0,0,0,0,0,0,0,0,2,0,0,0,0,0,0,0,0,0,0,0,0,0,0,0,0,0,0,0,0,0,2,0,0,0,0,2,0,2,2,0,0,0,0,0,0,2,0,0,2,2,0,0,0,0,0,2,0,2,0,2,0,0,0,0,0,2,0,0,2,0,0,0,0,0,0,0,0,0,0,0,0,2,0,0,2,0,0,0,0,0,2,0,2,0,0,2,0,2,0,0,0,0,2,2,0,0,0,0,2,0,0,0,0,0,0,0,0,0,0,0,0,0,0,0,0,0,0,0,0,0,0,0,0,0,0,2,2,2,0,0,0,NA,0,0,2,2,0,2,0,0,0,0,2,0,0,0,2,0,2,0,0,0,0,2,0,0,0,0,0,0,2,0,0,0,0,2,0,0,0,0,2,0,0,0,0,0,0,0,0,0,2,0,0,0,0,0,0,0,0,0,0,0,2,0,2,0,0,0,0,0,0,0,0,0,0,0,0,2,0,0,2,0,0,0,0,0,0,0,0,0,0,0,0,2,2,0,0,0,0,0,0,2,0,0,2,0,0,0,0,0,0,0,2,2,0,0,0,0,0,0,0,0,2,0,0,0,0,0,2,0,0,0,0,0,0,0,0,2,0,0,0,0,0,0,0,0,0,0,0,0,0,0,0,0,2,0,0,2,0,0,2,0,0,0,0,0,0,0,0,0,0,0,0,0,2,2,0,2,0,0,0,0,0,2,0,0,0,0,0,2,0,0,0,0,0,2,2,0,2,0,0,0,0,0,0,0,0,2,0,0,0,0,0,0,2,0,0,0,2,0,0,0,0,0,0,2,2,2,0,0,0,0,0,0,0,0,2,2,0,0,0,0,0,0,0,0,0,0,0,0,2,0,2,0,0,0,0,0,0,2,2,0,2,0,2,0,2,2,0,0,0,0,2,2,0,0,0,0,0,0,2,0,0,2,2,0,0,2,2,0,2,0,0,0,0,0,2,0,0,0,0,2,2,0,0,0,0,2,0,0,0,2,0,2,0,2,0,0,0,2,0,2,2,0,0,0,0,0,0,0,0,0,0,0,0,0,2,0,2,0,0,0,0,0,0,0,0,0,2,0,0,2,0,2,0,2,0,0,0,0,0,0,0,2,0,0,2,0,2,0,0,0,0,0,0,0,0,0,0,2,0,0,0,0,2,0,0,0,0,0,0,0,0,0,0,0,0,0,NA,NA,0,0,0,0,0,0,2,0,0,0,0,0,2,2,0,0,0,0,2,0,0,2,0,0,0,0,2,0,2,0,0,2,0,0,0,2,2,0,0,0,0,0,0,0,0,0,0,0,0,0,2,0,0,0,0,0,2,0,2,0,0,0,0,0,0,0,0,0,2,0,0,0,0,0,2,0,0,NA,0,0,0,0,2,0,2,0,0,0,0,0,0,2,0,2,0,0,2,2,0,0,0,0,0,0,0,0,0,0,0,0,0,0,0,2,0,0,0,0,0,0,0,0,0,0,0,0,0,0,0,0,0,0,2,0,0,0,0,0,0,0,2,0,0,2,0,0,0,0,0,0,0,0,2,0,0,0,0,0,0,2,0,0,0,0,0,0,0,0,0,0,0,2,0,0,2,0,0,0,0,0,0,0,0,0,0,0,0,0,0,2,0,0,0,0,0,0,0,0,0,2,0,2,2,0,0,0,0,0,0,0,0,2,0,2,0,0,0,0,0,0,0,0,0,0,0,0,0,0,0,0,0,0,0,0,0,0,0,0,0,0,0,0,0,0,0,0,0,0,0,0,0,0,0,0,0,0,0,2,0,0,0,0,0,2,0,0,0,0,0,0,2,0,0,0,0,0,0,0,0,0,0,0,0,0,0,2,0,0,0,2,0,2,0,0,2,0,0,0,0,2,2,0,0,0,0,0,0,0,0,0,0,2,0,0,2,2,0,0,0,0,0,0,0,2,2,0,0,2,0,0,0,0,0,0,0,0,0,0,0,0,0,0,0,2,0,0,2,0,2,0,0,2,0,0,0,2,0,0,0,2,0,0,0,0,0,0,0,2,0,0,0,0,2,0,2,0,0,0,0,0,2,0,2,2,0,0,0,0,0,0,0,0,2,0,2,0,0,0,0,0,0,0,2,0,0,2,0,0,0,0,2,0,0,0,0,0,0,2,0,0,0,2,0,0,0,2,0,0,0,0,0,0,2,0,2,2,0,0,2,0,0,0,0,0,2,NA,2,2,2,0,0,0,0,0,0,0,2,0,0,0,0,0,0,0,0,2,0,0,0,0,0,0,0,0,0,2,0,0,0,0,0,0,0,0,0,0,0,2,2,0,0,2,2,2,0,2,0,2,NA,2,2,0,0,0,0,0,0,0,0,2,0,0,2,2,0,0,0,0,2,0,0,0,2,2,0,0,0,0,0,0,2,0,0,0,0,0,0,2,2,0,2,0,0,0,0,2,0,2,2,0,0,2,0,0,0,2,0,2,2,2,0,0,0,2,0,0,2,0,0,2,0,0,0,0,0,0,0,2,0,0,2,0,0,0,0,0,0,2,0,0,0,0,0,0,0,0,2,0,2,0,0,0,0,0,0,NA,0,0,0,0,0,0,0,0,0,0,2,0,0,0,0,0,0,0,0,0,2,0,2,2,0,0,0,2,0,2,0,2,0,0,0,0,0,0,0,0,NA,2,0,0,2,2,0,2,0,0,2,0,0,2,0,0,0,0,0,0,0,0,0,0,0,0,0,0,0,0,0,0,0,0,0,0,0,0,0,0,0,0,0,0,0,0,0,0,0,0,2,0,0,2,0,0,0,0,0,0,0,0,0,0,0,2,0,0,0,0,0,0,0,0,2,0,0,0,0,0,2,0,0,2,2,0,0,2,2,0,2,0,2,0,0,2,0,0,2,0,0,0,0,0,0,2,0,2,0,0,0,2,0,0,0,0,0,0,2,2,2,0,0,0,0,0,0,0,0,0,2,0,2,0,0,0,0,2,0,0,0,2,0,0,0,0,0,0,0,0,0,0,0,0,0,0,2,0,0,0,0,0,0,0,0,0,0,0,2,2,0,0,0,0,0,0,0,2,2,2,0,0,0,0,0,0,0,0,0,0,0,0,0,0,0,0,2,0,2,0,0,2,0,0,0,0,0,0,0,0,0,0,0,0,2,0,0,0,0,2,0,0,0,0,0,0,0,0,0,0,0,0,0,0,0,0,0,0,0,0,0,0,2,0,0,0,0,0,0,0,2,0,0,0,0,2,0,2,0,0,0,0,0,0,0,2,0,0,2,0,0,0,0,0,0,0,0,0,2,0,0,0,0,0,0,0,2,2,0,0,0,0,0,0,0,0,0,0,0,0,0,0,0,0,NA,2,0,0,2,0,0,0,0,2,0,0,0,0,0,0,0,0,0,0,0,0,0,2,2,0,0,0,2,0,2,0,2,0,0,0,0,0,0,0,2,0,2,2,2,0,0,0,0,2,2,0,0,0,0,0,0,0,0,0,0,0,0,0,0,2,0,0,0,0,0,0,0,2,0,0,0,0,0,0,0,0,0,2,0,0,2,0,0,0,0,0,0,0,0,0,2,2,0,2,0,0,0,0,0,0,0,0,0,2,0,0,2,2,0,0,0,0,0,0,0,0,0,0,0,0,0,0,0,0,0,0,0,0,0,0,0,0,0,0,0,2,0,0,0,0,0,0,0,0,0,0,0,2,0,0,2,0,2,0,0,0,0,0,0,0,0,0,0,0,0,0,0,0,2,0,0,0,0,0,2,0,0,0,2,0,2,0,0,0,0,0,0,0,0,0,0,0,2,0,0,0,0,0,0,0,0,0,0,2,0,0,0,0,2,0,0,0,0,0,0,0,0,0,0,0,0,0,0,0,0,0,0,0,0,0,0,0,0,0,0,0,0,0,0,0,0,0,0,0,0,0,0,0,0,0,0,0,0,0,0,0,0,0,0,0,0,0,0,0,0,0,0,0,0,0,2,0,0,0,0,2,0,0,0,0,0,0,0,0,0,2,0,0,2,0,0,0,2,2,0,0,2,0,0,0,0,0,0,0,0,0,0,0,0,0,2,0,0,2,0,0,2,0,0,2,0,0,0,0,0,0,0,0,0,0,0,0,0,0,0,0,0,0,0,0,0,0,0,0,0,0,0,0,0,0,0,0,0,0,0,0,0,0,0,2,0,0,2,0,0,2,0,0,0,2,0,0,0,0,0,2,2,0,0,0,0,2,0,0,0,2,2,2,0,0,0,0,0,2,2,0,0,0,0,0,0,0,0,2,0,0,0,0,0,0,0,0,0,0,0,0,2,2,2,2,0,0,0,0,0,2,0,0,2,2,2,0,0,0,2,2,0,0,0,0,0,0,0,0,0,0,0,2,0,0,2,0,0,0,0,0,0,0,0,0,0,0,0,0,0,0,0,0,0,0,0,0,0,0,0,0,0,0,0,0,0,0,0,2,0,0,2,0,0,2,0,0,0,0,0,0,0,0,0,0,0,0,0,0,0,0,0,0,0,0,0,0,0,0,0,0,0,0,0,0,0,0,0,0,0,0,0,0,0,0,0,0,0,0,0,0,0,0,2,0,0,0,0,0,0,0,0,2,0,2,0,0,2,0,0,0,0,2,0,0,0,0,0,2,2,0,0,0,2,0,0,0,0,2,0,0,0,2,0,0,0,2,2,0,0,0,0,0,2,0,2,2,0,2,0,0,0,0,0,0,0,0,0,0,2,0,0,2,0,0,0,0,2,0,0,0,0,0,2,0,0,0,0,2,0,0,2,0,0,2,0,2,0,0,0,0,0,0,0,0,0,0,2,2,0,0,0,0,0,2,0,0,0,0,0,0,0,0,0,2,0,0,0,0,0,2,0,0,0,0,0,0,0,0,0,0,0,0,0,2,2,0,2,0,2,2,0,0,2,0,0,0,0,0,0,0,0,NA,0,0,0,0,2,0,0,0,0,2,0,0,0,0,0,0,0,0,0,0,2,2,0,0,0,2,0,0,0,0,0,2,2,0,0,0,0,2,0,2,0,2,2,2,2,0,0,0,0,0,0,0,0,0,0,0,2,2,2,2,0,0,0,2,0,0,0,0,0,0,2,0,0,0,0,2,0,2,0,0,2,0,2,2,2,2,0,0,0,0,0,2,0,0,2,2,0,0,2,0,2,0,2,0,0,0,2,NA,0,NA,2,0,0,0,0,0,0,0,0,2,0,0,NA,2,0,0,0,0,0,0,0,0,0,0,0,0,0,0,0,0,0,2,0,0,0,2,2,2,0,0,0,0,0,0,0,2,0,0,0,0,2,0,0,0,0,0,0,0,0,0,2,0,0,0,0,0,0,0,0,0,0,0,0,2,0,0,0,0,0,0,2,2,0,0,0,0,2,0,0,0,0,0,0,0,0,0,0,0,0,2,2,0,0,0,0,0,0,0,0,0,0,0,0,0,0,0,2,0,0,0,0,2,0,0,0,0,0,2,0,0,0,0,0,0,0,0,0,2,0,0,0,2,2,0,0,0,2,0,0,0,0,2,2,0,2,2,2,0,0,0,0,0,0,0,0,0,2,2,0,0,0,2,0,0,0,0,0,0,0,2,2,0,0,0,0,0,2,0,0,0,0,0,0,0,0,0,0,2,2,0,0,0,0,0,0,0,0,0,2,0,0,0,0,0,0,0,2,0,0,0,0,0,0,0,0,0,0,2,0,0,0,0,0,0,0,2,0,0,0,0,0,2,0,0,0,0,0,0,0,0,0,0,0,2,0,0,0,2,0,2,0,0,0,2,0,0,0,0,0,2,0,2,2,0,2,2,2,0,0,0,0,2,0,0,0,2,0,0,0,0,0,0,0,0,2,0,2,0,2,0,0,0,0,0,0,0,0,0,0,0,0,0,0,0,0,0,0,0,0,0,0,0,0,2,2,0,0,0,0,0,2,0,0,0,0,0,0,0,0,0,2,0,2,0,2,0,0,2,0,0,0,2,0,0,2,0,0,0,0,0,2,2,0,0,2,0,0,0,0,0,0,2,2,0,2,0,0,0,2,2,0,2,0,0,0,2,0,0,2,0,0,0,0,0,0,0,0,2,2,0,0,2,0,0,0,2,NA,0,0,0,0,0,0,0,0,0,0,0,0,0,0,0,0,0,0,0,0,0,0,0,0,0,2,0,0,2,0,2,2,0,0,0,2,0,0,0,0,0,0,2,0,0,0,0,0,0,0,0,0,0,0,0,0,0,0,0,0,0,0,2,0,2,2,0,0,0,0,0,2,0,0,2,2,2,0,2,0,0,0,2,0,0,0,0,0,0,0,0,0,0,2,2,2,0,0,0,2,0,0,0,0,2,0,2,2,0,0,0,0,0,2,0,0,0,2,0,0,0,0,0,0,2,0,0,0,0,0,0,0,0,0,0,0,0,0,0,2,0,0,0,0,0,0,0,2,0,2,0,0,0,0,0,0,0,0,0,2,0,0,2,0,2,0,0,0,0,2,0,0,2,0,2,0,0,0,0,0,2,NA,0,0,0,0,0,0,0,2,0,0,0,0,0,0,0,0,0,0,2,2,0,0,2,0,0,0,0,0,0,0,0,2,0,0,0,2,0,0,0,0,0,2,0,0,2,0,0,0,0,2,0,0,0,0,2,0,2,0,2,0,2,0,0,0,0,0,0,0,2,0,2,0,0,0,0,2,0,2,0,0,2,2,2,0,0,0,0,0,0,0,2,0,2,0,0,2,0,0,0,0,2,0,0,2,0,0,0,0,0,0,0,0,0,0,2,0,2,0,0,0,0,0,0,0,0,0,0,0,0,2,0,2,0,2,0,0,0,0,0,0,0,0,0,2,0,0,0,0,0,0,0,2,0,2,2,0,0,0,0,0,0,0,0,2,0,0,2,0,0,0,0,0,0,0,0,0,2,0,0,0,0,0,0,0,0,0,0,0,0,2,2,0,0,2,0,2,0,0,0,0,0,0,0,0,0,2,2,0,0,0,0,0,0,0,0,2,2,0,0,0,0,0,0,0,0,0,0,0,0,0,0,0,0,0,0,0,0,0,0,0,0,0,0,0,0,0,0,0,2,0,0,0,0,0,2,0,0,0,2,2,0,0,2,0,0,0,0,0,0,0,2,0,0,0,2,2,0,0,0,0,0,0,0,0,0,0,0,0,0,2,2,0,2,0,0,0,0,0,0,2,0,0,2,0,0,0,0,0,2,0,0,0,0,0,0,0,2,0,0,0,0,0,0,0,0,0,2,0,2,0,0,0,0,2,0,0,2,0,0,0,0,0,0,0,0,0,0,0,0,0,2,0,0,0,0,0,2,2,2,0,0,2,0,0,0,0,2,0,0,0,0,0,0,0,0,2,0,0,2,0,2,0,0,2,2,2,2,0,2,0,2,2,0,0,0,0,2,2,0,0,2,0,0,0,0,0,2,0,2,0,0,0,0,0,0,0,2,2,2,0,0,0,0,0,0,2,0,0,0,0,0,2,0,0,0,0,0,0,0,0,0,0,0,0,0,0,2,0,0,2,2,0,0,0,0,2,0,0,2,0,0,0,0,2,2,2,0,0,0,0,0,0,0,0,0,0,0,0,2,2,0,0,0,2,0,2,2,0,0,0,0,0,0,0,0,0,2,0,0,0,0,2,0,2,0,0,0,2,0,0,0,0,0,0,0,0,0,2,0,0,0,0,0,0,0,0,2,0,0,0,0,0,0,0,0,0,0,0,2,0,0,0,0,0,0,0,2,2,0,2,0,0,0,0,0
"CC190",0,0,0,0,0,0,0,0,0,0,0,0,0,0,0,0,0,0,0,2,0,0,0,0,2,0,0,0,0,0,0,0,0,0,0,0,0,0,0,0,0,0,0,0,0,0,0,0,0,0,0,0,0,0,0,0,0,0,0,0,0,0,0,0,2,2,0,0,0,0,0,0,0,0,0,0,0,0,0,2,0,0,0,0,0,2,2,0,0,0,0,0,0,0,0,2,0,0,0,0,0,0,0,2,2,0,0,0,0,0,0,0,0,0,0,0,0,0,0,0,0,0,0,2,0,2,0,0,0,0,0,0,0,0,0,0,0,0,2,0,0,0,0,2,0,0,0,2,0,0,2,0,0,0,0,0,0,0,0,0,0,0,0,0,0,0,2,0,0,0,0,0,2,0,0,0,0,0,2,0,0,0,2,0,0,0,0,0,0,2,0,0,0,0,0,0,0,0,0,0,0,0,0,2,0,0,0,0,0,0,0,0,2,0,0,0,0,0,2,0,2,0,0,2,0,0,0,2,0,2,0,0,0,0,0,0,0,0,0,0,2,0,0,0,2,0,0,0,0,0,0,0,2,2,2,0,2,2,0,0,0,2,0,0,2,0,0,0,0,0,0,0,0,2,2,0,0,0,0,0,0,0,2,0,0,0,0,0,0,2,0,NA,2,0,0,2,0,0,0,0,0,2,0,2,0,0,2,0,2,0,0,0,0,0,0,2,0,2,0,0,2,0,0,0,0,0,0,2,2,0,0,0,2,0,0,0,2,2,2,0,2,2,0,0,2,0,0,2,0,0,0,0,0,0,0,0,2,2,0,0,0,0,2,0,0,0,0,0,0,0,0,0,2,0,0,0,0,0,0,0,0,0,0,0,0,0,2,2,0,0,0,2,0,0,0,0,0,0,2,0,0,0,0,2,0,2,0,2,0,0,2,0,0,0,0,0,0,2,0,0,0,0,0,0,2,0,0,0,0,2,2,0,2,0,0,2,2,0,0,0,0,0,2,0,0,2,0,0,2,0,0,0,2,0,2,0,0,2,0,0,0,0,0,0,0,0,0,2,0,0,0,2,0,0,0,0,0,0,2,0,0,0,0,0,0,0,0,0,0,0,0,2,0,2,0,0,2,0,0,0,0,0,2,0,0,0,0,0,0,0,0,0,0,0,0,0,0,0,0,0,0,2,0,0,2,2,2,0,0,0,0,0,2,0,0,0,0,0,0,0,2,0,0,2,0,2,0,0,0,0,0,0,0,0,0,0,2,0,0,0,0,0,0,0,0,0,0,0,0,0,0,0,0,0,0,0,2,0,0,0,0,2,0,0,2,0,0,0,0,0,0,0,0,2,2,0,2,2,0,2,0,2,2,0,0,0,2,2,0,0,0,0,0,0,2,0,2,0,0,0,0,0,0,2,0,0,0,0,0,2,0,2,0,0,0,0,0,2,2,2,0,2,2,2,0,0,0,2,0,0,2,2,0,2,2,0,2,0,0,2,0,2,0,0,0,0,0,0,0,0,0,0,0,2,0,0,0,0,0,0,0,0,0,0,2,0,0,0,2,0,0,0,0,0,0,0,2,0,0,0,2,2,0,0,0,0,0,2,0,0,0,0,2,0,0,0,0,0,0,0,0,0,0,2,0,0,0,0,0,0,0,0,0,0,0,0,0,0,0,0,0,0,0,0,2,0,2,2,2,2,0,0,2,0,0,0,0,0,2,0,0,0,0,2,0,0,0,0,2,2,0,2,0,0,0,0,2,2,0,0,0,0,0,0,0,0,2,2,2,2,0,0,2,0,0,2,2,0,0,0,2,0,0,0,0,0,0,2,0,0,0,0,2,0,2,0,2,0,0,2,0,0,2,0,0,0,2,0,0,0,0,0,2,0,0,0,2,0,0,0,0,0,0,0,0,0,0,0,0,0,0,2,0,0,2,0,0,0,0,0,0,0,2,2,0,0,0,0,0,0,0,0,0,0,2,0,0,0,0,0,0,0,0,0,0,0,2,0,0,2,0,0,0,0,2,0,0,0,0,0,0,0,2,2,2,0,0,0,0,0,0,2,2,0,2,0,0,0,0,0,0,2,2,2,0,0,0,2,0,0,0,2,0,2,2,2,0,0,0,0,0,2,2,0,0,0,0,0,2,0,2,2,2,0,0,0,2,0,0,0,0,0,0,0,0,0,0,2,0,0,0,2,2,0,2,0,0,2,0,0,0,0,2,0,2,2,2,0,0,0,2,0,0,0,0,0,0,2,0,0,0,0,0,0,0,0,0,2,0,0,0,0,0,0,0,NA,2,2,0,NA,0,0,0,0,0,0,2,0,0,0,0,0,0,0,0,0,2,0,0,0,0,0,0,0,0,0,0,0,2,0,0,0,0,0,0,2,2,0,0,0,0,0,0,0,2,0,2,0,0,2,0,0,0,0,2,2,0,0,0,2,2,2,0,0,0,2,0,0,0,0,0,0,2,0,0,2,0,0,0,0,2,0,0,2,0,2,0,2,2,0,0,0,2,0,2,2,0,0,0,2,0,2,0,0,2,0,0,0,0,0,2,0,0,0,2,0,0,0,0,0,0,0,0,2,2,0,0,0,2,2,0,2,2,2,0,0,0,0,0,2,2,2,0,0,2,0,0,0,0,0,0,0,0,2,0,0,0,0,0,0,2,0,0,0,0,0,0,0,2,2,0,0,2,0,0,2,0,0,2,2,0,0,0,0,0,0,0,0,0,0,0,0,0,2,0,0,0,0,0,0,0,0,0,0,2,2,0,0,0,0,2,0,2,0,0,0,2,2,0,0,0,0,0,2,0,2,2,0,0,0,0,0,0,2,2,0,0,0,0,0,0,0,0,2,0,2,0,0,0,0,0,0,0,2,0,0,2,0,2,2,0,0,0,0,0,0,0,0,0,2,2,2,0,0,2,0,0,0,0,0,2,0,0,0,0,0,0,0,2,2,0,0,0,0,0,0,0,0,2,0,0,2,2,2,0,0,2,0,0,0,0,2,0,0,0,0,0,0,0,2,0,2,0,2,2,0,0,0,0,0,0,0,2,0,0,0,0,2,0,0,0,0,0,0,0,0,2,0,2,0,0,0,0,2,0,0,0,0,0,0,0,2,2,0,2,2,2,0,0,2,0,0,0,2,0,0,2,0,2,2,2,0,0,2,0,0,0,2,0,2,2,0,0,0,0,0,0,0,0,0,0,0,0,0,2,2,2,2,2,0,2,0,0,0,0,2,0,0,0,2,0,2,NA,0,2,0,2,0,0,2,2,0,2,0,0,0,0,0,0,0,0,0,0,0,0,0,0,0,2,0,0,0,0,0,2,2,0,0,2,0,0,0,0,0,0,0,0,2,2,2,0,0,0,0,0,0,0,2,0,0,0,0,0,0,0,0,0,0,0,2,0,0,2,2,0,2,2,0,0,0,2,2,0,2,0,2,0,2,2,2,0,0,0,0,2,0,0,0,2,0,0,0,0,0,0,0,0,0,0,0,2,0,0,0,0,0,2,0,0,0,0,0,0,0,2,2,0,0,0,2,0,0,0,0,0,0,0,0,2,0,0,2,0,0,2,0,0,0,0,0,0,0,0,0,0,0,0,0,0,0,2,0,0,0,0,0,2,0,0,2,0,0,0,0,0,0,0,0,0,0,0,2,0,0,0,0,0,0,0,0,0,2,0,0,0,0,0,0,0,0,0,0,0,0,0,2,2,0,0,0,0,0,0,0,0,0,0,2,0,0,0,0,0,0,0,0,0,2,0,0,0,0,NA,2,0,0,2,0,0,2,0,0,0,0,0,2,0,0,0,0,2,0,2,0,0,0,0,0,0,0,2,0,0,0,0,0,0,0,2,0,0,0,0,2,0,0,0,0,0,0,2,0,2,0,2,0,0,0,0,2,0,0,0,0,0,2,0,0,0,2,0,0,2,0,0,0,0,0,0,0,0,0,0,0,0,0,2,0,0,0,0,0,0,0,0,0,2,0,0,0,0,0,0,0,0,0,0,0,0,0,0,0,0,2,0,0,0,0,2,0,0,0,0,2,0,0,0,0,0,0,0,0,0,0,0,0,0,0,2,0,0,0,0,2,0,0,2,0,0,0,0,0,0,0,0,0,0,0,0,0,0,0,0,0,2,0,0,0,2,0,0,0,0,0,0,0,0,0,0,0,0,0,0,2,0,0,0,0,0,0,0,0,0,0,0,0,0,0,2,0,0,0,0,0,0,0,0,0,0,2,2,0,0,0,0,0,0,0,0,0,0,0,0,0,0,0,2,0,0,0,0,2,0,0,0,0,0,0,0,2,0,2,2,0,0,0,0,0,2,0,0,2,0,0,0,2,2,0,0,0,0,0,0,0,0,2,0,0,0,0,0,0,2,0,0,0,2,2,0,2,0,0,0,0,0,0,0,0,2,0,0,0,0,2,0,0,0,0,0,0,0,0,0,0,0,0,0,0,0,0,0,0,0,0,0,0,0,0,0,0,0,0,0,2,0,0,0,0,0,0,0,0,0,2,0,0,0,0,2,0,0,0,0,0,0,0,0,0,0,0,2,0,0,2,0,2,0,2,0,0,0,2,0,2,0,0,0,0,0,0,0,0,0,0,2,2,0,2,0,0,0,0,0,0,2,0,0,0,0,0,0,0,0,0,0,0,0,0,0,0,0,2,0,0,0,0,2,0,0,0,0,0,0,0,0,2,2,0,0,0,0,0,2,2,0,0,0,0,2,2,0,NA,2,0,0,0,0,0,2,0,0,2,0,0,0,0,0,0,0,2,0,0,0,2,2,2,0,0,0,0,0,0,0,0,0,0,0,0,2,0,0,0,0,0,2,0,2,0,0,0,0,0,0,0,0,0,0,0,0,0,0,0,0,2,0,0,0,0,0,0,0,0,0,0,2,0,0,0,0,0,0,0,2,0,0,0,0,0,0,0,0,0,2,2,0,0,0,0,0,0,2,0,0,2,0,0,0,0,2,0,0,0,0,0,0,0,0,0,0,2,0,0,0,0,2,2,0,2,0,0,0,2,2,0,0,2,0,0,0,0,0,0,2,0,0,0,0,0,0,0,0,0,0,0,2,0,0,0,0,0,0,0,0,0,0,0,0,0,2,0,0,0,0,0,0,2,0,0,0,0,2,0,0,0,0,2,2,0,0,0,0,0,0,2,0,0,0,0,0,0,0,0,0,0,2,0,0,0,0,2,2,0,0,0,2,0,0,0,2,0,0,0,0,0,0,0,0,0,0,0,0,0,0,0,0,2,0,0,0,0,0,0,0,0,0,2,2,2,0,0,0,0,0,0,2,2,0,0,2,0,0,0,0,0,0,0,2,0,0,0,0,0,0,0,0,0,0,0,0,0,0,0,2,0,2,0,0,0,0,0,0,0,0,0,0,0,0,0,0,0,0,0,0,0,2,2,0,0,0,0,0,0,0,0,0,0,0,0,0,0,0,0,0,0,2,0,0,0,2,0,0,0,0,0,0,2,0,0,0,2,2,0,0,0,2,0,0,0,0,0,2,0,0,0,0,0,2,0,2,0,0,0,0,2,0,0,0,0,0,0,0,0,0,0,0,0,2,0,0,2,0,0,2,0,0,0,0,2,0,0,0,2,2,0,0,0,0,0,0,2,0,0,2,0,0,0,0,0,0,2,2,0,0,0,0,0,0,0,0,0,0,0,0,0,0,0,0,2,0,2,0,0,0,2,0,0,0,0,0,2,0,2,0,0,2,0,2,0,0,0,0,0,0,0,0,0,0,0,0,0,0,2,0,0,0,0,0,2,0,0,0,0,2,0,0,0,0,0,0,0,0,0,0,0,0,0,0,0,0,2,0,0,0,0,0,0,0,0,0,0,0,0,0,2,0,0,0,2,0,2,0,0,0,2,0,0,0,0,0,0,0,0,0,0,0,0,2,0,2,0,2,2,0,0,0,0,0,0,0,0,0,0,2,2,0,0,0,0,0,2,0,0,0,0,0,0,0,0,0,0,0,0,0,0,0,0,0,2,0,2,2,0,0,0,0,0,0,0,0,2,0,2,2,0,2,2,0,0,0,0,2,2,0,0,0,0,0,0,0,0,0,0,0,0,0,0,0,0,0,0,0,0,0,0,0,0,0,0,0,0,0,2,0,0,0,2,0,0,0,0,0,0,0,0,0,0,2,0,0,0,2,2,2,0,0,2,0,0,0,0,2,2,0,2,0,0,2,0,0,0,2,0,0,0,0,0,0,0,0,2,2,0,0,0,0,0,2,0,0,0,0,0,0,0,0,0,2,0,0,0,2,0,0,2,2,0,0,0,2,0,0,2,0,0,0,0,0,2,0,2,0,0,0,2,0,0,0,0,0,0,0,0,2,2,0,0,0,0,0,0,0,0,0,0,0,0,0,0,0,0,0,0,0,0,0,2,0,0,0,0,2,0,0,0,2,0,0,0,0,2,2,0,2,0,0,2,0,2,0,0,0,0,0,0,0,0,0,0,0,0,2,0,0,0,0,2,0,0,0,0,0,2,0,2,0,0,0,2,0,0,0,0,0,0,0,0,0,0,0,0,0,0,0,2,0,0,0,0,0,0,2,0,0,0,0,2,2,2,0,0,0,0,0,0,0,0,2,0,0,0,0,0,0,2,0,2,0,0,2,0,0,2,0,2,0,0,0,0,2,0,0,0,0,0,0,0,2,0,0,0,2,0,0,0,0,0,0,0,2,0,2,0,0,0,0,0,0,0,0,0,0,0,0,0,0,2,0,0,2,0,0,0,0,0,NA,0,0,0,0,0,0,2,0,0,0,0,0,0,0,0,0,0,0,0,0,2,0,0,0,0,0,0,0,0,0,2,0,0,0,2,0,2,0,0,0,0,0,2,0,0,0,0,0,0,0,0,0,0,0,0,0,0,0,0,2,0,0,0,0,0,0,0,0,2,0,0,2,0,0,0,0,0,0,2,0,0,0,0,0,0,0,0,2,0,0,0,0,2,0,0,0,0,2,0,0,0,0,0,0,0,0,0,0,0,0,0,0,0,2,0,0,0,0,2,0,0,0,0,0,0,0,0,0,2,0,0,0,0,0,2,0,0,0,0,0,0,0,0,0,2,2,0,0,0,0,0,0,2,0,2,0,2,0,2,0,0,2,0,2,0,0,2,0,0,0,0,0,2,0,0,0,0,0,2,0,2,0,0,2,0,0,0,0,0,0,2,0,0,0,2,0,2,0,0,0,2,0,0,0,0,0,2,2,0,0,0,0,0,0,0,0,2,0,0,0,2,0,0,0,0,0,0,0,0,0,0,0,0,0,0,0,0,0,2,0,0,0,0,2,2,0,2,0,0,0,0,0,2,0,2,0,0,0,2,2,0,0,0,0,0,2,0,0,2,0,0,0,0,2,0,2,0,0,0,2,0,0,0,0,0,0,0,0,0,0,0,2,0,0,0,0,0,0,0,0,0,0,0,0,0,2,0,0,0,2,0,0,0,0,0,0,0,0,0,0,0,0,0,0,0,2,0,0,2,0,0,0,0,2,0,0,2,2,2,0,0,0,0,0,0,0,0,2,2,0,2,0,0,0,0,0,0,2,0,0,0,0,0,0,0,0,0,0,0,0,0,0,0,2,0,0,0,0,2,0,2,0,0,0,2,0,0,0,0,2,0,2,0,0,2,0,0,0,0,0,0,0,0,0,0,0,0,0,0,0,2,0,0,0,0,0,0,0,0,0,0,0,0,0,0,0,0,0,0,2,0,0,0,0,0,2,2,2,0,0,0,0,0,2,0,2,0,0,0,0,0,0,0,0,0,0,2,0,2,2,0,0,0,2,2,2,0,0,0,2,2,0,2,0,0,0,0,0,2,0,0,2,0,0,0,0,0,0,0,0,2,0,0,0,0,2,0,0,0,0,0,0,0,0,0,0,0,0,0,2,0,0,0,0,0,2,2,0,0,0,2,0,0,0,0,2,0,0,0,0,0,0,0,0,0,0,0,2,0,0,0,0,0,0,0,0,0,0,0,0,0,0,2,0,0,0,0,0,0,0,0,0,0,0,0,0,0,0,0,0,0,0,0,0,0,0,0,0,2,0,0,0,0,0,0,0,0,0,0,0,0,0,0,0,2,0,2,0,0,0,0,0,0,0,0,0,0,0,0,0,0,0,0,0,0,0,0,0,2,2,0,0,0,2,2,2,0,2,2,0,2,0,0,0,0,0,0,0,0,0,0,0,0,0,0,0,0,0,2,2,0,0,0,2,0,0,0,0,0,0,0,0,0,2,2,2,0,0,0,2,0,0,0,0,0,0,0,0,0,0,0,0,0,0,2,0,0,0,0,2,0,0,0,0,0,0,0,0,0,0,0,2,0,0,0,2,2,0,0,0,0,0,0,0,0,0,0,2,0,0,0,0,0,0,0,2,2,0,2,2,0,0,2,0,2,0,0,0,2,0,0,2,0,0,0,0,0,0,0,0,2,0,0,0,0,2,0,0,0,0,0,0,0,2,0,0,2,0,0,0,2,2,0,2,0,0,2,2,0,0,0,0,0,0,0,2,0,2,0,0,2,0,0,0,0,2,2,0,0,0,0,2,0,0,0,0,2,0,0,0,0,0,2,0,0,2,0,0,0,0,2,0,0,0,0,2,0,0,0,0,0,0,0,0,0,0,0,0,0,0,0,0,0,0,0,0,2,0,0,0,0,0,0,2,0,0,2,2,0,2,0,0,2,2,0,0,0,2,0,0,0,0,0,0,0,2,0,0,0,0,0,0,2,0,0,0,0,2,0,2,0,0,0,0,0,0,0,0,0,0,0,0,0,2,2,0,0,0,0,0,0,2,2,0,2,0,2,0,2,0,2,2,2,0,0,0,0,0,0,0,2,0,2,0,2,0,0,2,0,0,0,0,0,0,0,0,0,0,0,0,0,0,0,0,0,0,0,0,0,0,0,0,0,0,0,0,0,0,0,0,0,0,2,0,0,0,0,0,2,0,0,0,0,0,0,0,0,0,0,0,0,0,2,0,0,2,0,0,0,0,0,0,2,2,0,0,2,2,0,0,0,2,0,0,0,2,0,0,2,0,0,0,0,0,0,0,NA,0,0,0,0,2,0,0,0,0,0,0,2,0,2,0,0,0,0,0,2,0,2,0,0,0,0,0,0,2,0,0,0,0,0,0,0,0,0,0,0,0,0,0,0,0,0,2,0,2,2,2,2,0,0,2,0,2,0,0,0,0,0,0,0,2,0,0,0,0,2,0,0,0,0,0,0,0,0,0,0,2,2,0,0,0,2,0,0,2,0,2,0,2,0,0,0,0,0,0,0,2,2,0,0,0,0,0,0,0,0,0,0,2,2,0,0,0,0,0,0,0,0,0,0,0,2,0,0,0,0,0,0,0,0,2,0,0,2,0,0,2,0,2,0,0,0,2,0,0,0,0,0,0,0,0,0,0,0,0,0,2,0,0,0,0,2,0,0,2,0,0,0,0,2,0,2,2,0,0,0,0,0,0,0,2,0,2,0,2,0,0,0,2,0,0,0,0,0,0,2,2,0,0,0,0,0,2,2,0,0,0,0,0,0,0,0,2,0,0,0,0,0,2,0,2,0,0,0,0,2,0,0,0,0,2,0,0,2,0,0,0,0,0,0,0,0,0,0,0,0,0,0,0,0,2,0,0,0,0,0,0,2,0,0,0,0,0,0,0,0,0,2,0,0,2,0,0,0,0,0,0,0,0,0,2,0,0,2,0,0,0,0,2,2,2,2,0,0,0,0,0,0,0,0,0,0,0,0,2,0,0,0,0,2,0,0,2,2,2,0,0,0,0,0,0,0,0,2,2,0,0,0,0,0,0,0,0,0,0,0,0,0,0,0,0,0,0,0,0,0,2,0,0,0,0,0,0,0,2,2,2,0,0,2,0,0,2,0,0,0,0,0,0,0,2,0,0,0,0,0,2,0,0,2,0,2,2,0,2,0,0,2,0,0,2,0,2,2,2,0,2,0,0,0,0,0,0,2,2,0,2,0,0,0,0,0,0,0,0,0,0,0,0,2,0,0,0,0,0,0,2,2,2,0,0,0,0,0,0,0,0,2,0,0,0,0,0,0,0,0,0,0,2,0,0,2,0,0,2,0,0,0,0,0,0,0,0,0,0,2,0,0,0,2,0,2,2,0,0,0,0,0,0,0,0,0,0,2,0,0,0,0,2,0,0,0,0,2,0,0,NA,2,0,0,2,2,2,0,2,0,0,0,0,2,0,0,0,0,2,0,0,0,0,0,0,0,0,0,0,0,2,0,2,2,0,0,2,0,0,2,0,2,0,0,0,0,0,0,2,0,2,0,0,0,0,0,0,0,0,0,0,2,0,0,0,2,0,0,0,0,0,0,0,0,2,0,0,0,0,0,0,0,0,0,0,0,0,0,0,0,2,0,2,0,0,0,0,2,0,0,0,0,0,0,0,0,0,2,0,0,0,0,0,0,0,2,0,0,0,0,0,0,2,0,2,0,2,2,0,2,0,0,0,0,0,0,0,0,0,2,0,0,0,0,0,0,0,0,0,2,0,0,2,0,2,0,0,0,0,0,0,0,2,0,0,0,2,0,2,0,0,0,0,0,0,0,0,0,0,0,0,2,0,0,0,0,0,0,2,2,0,0,0,0,0,0,0,0,0,2,0,0,0,2,0,0,0,0,0,0,0,2,0,2,0,2,2,0,0,0,0,2,0,0,2,0,0,0,0,0,0,0,0,0,0,2,0,0,0,0,0,2,0,0,0,0,2,0,0,0,0,2,0,0,0,0,0,2,0,2,0,0,2,0,0,2,0,2,0,0,0,0,0,2,0,0,0,0,0,0,0,0,0,0,0,0,0,0,0,0,0,0,0,0,0,0,0,0,2,0,0,0,0,0,2,0,2,0,0,0,0,0,0,0,0,0,0,0,2,0,0,2,2,0,0,0,0,0,2,2,2,0,0,0,0,2,2,0,0,0,0,0,2,0,0,0,0,2,2,2,0,0,0,0,0,0,0,2,0,0,0,0,0,0,0,0,2,2,0,0,2,0,0,0,0,0,0,0,2,0,0,0,2,2,0,0,0,0,0,0,0,0,0,0,0,0,0,0,2,0,0,0,0,0,0,0,0,0,0,0,0,0,0,0,0,0,2,0,0,0,0,0,0,0,0,2,0,0,0,0,0,2,0,0,0,0,0,0,2,0,0,0,0,2,2,0,0,0,0,0,0,2,2,0,0,0,2,0,0,0,0,0,0,0,0,0,0,2,0,0,0,2,0,0,0,0,0,0,0,0,0,0,0,2,0,0,2,0,0,0,2,0,0,2,0,0,0,0,0,0,0,0,0,0,0,0,0,0,0,0,0,0,0,0,2,0,0,0,2,2,0,0,0,0,0,0,2,0,0,0,2,0,0,0,0,0,2,0,0,0,0,2,0,0,0,0,0,0,0,0,0,0,0,0,2,0,0,0,0,0,0,2,0,2,0,0,0,0,2,0,0,0,0,0,0,0,0,0,2,2,0,0,0,0,0,0,0,0,0,2,0,0,0,0,2,0,0,0,0,0,0,0,2,0,0,2,0,2,0,0,0,0,0,0,2,0,0,0,0,0,0,0,0,0,0,0,0,0,0,0,0,2,0,0,2,0,0,0,0,0,0,0,0,0,0,0,2,0,0,0,0,0,0,2,0,0,0,2,0,0,0,0,0
"CC191",0,2,0,0,0,0,0,0,0,0,0,0,0,2,2,2,0,0,2,0,0,2,0,0,0,0,0,0,0,0,0,2,0,0,0,2,0,0,0,0,0,2,0,2,2,0,2,0,2,0,2,2,0,2,0,2,0,0,0,0,0,0,2,2,0,2,0,0,0,2,2,0,0,2,0,0,0,0,0,0,0,0,0,0,0,2,0,0,0,2,0,0,0,0,0,2,0,2,0,0,0,0,0,2,0,0,0,0,0,0,0,0,0,2,0,0,0,0,0,0,0,0,2,0,0,0,2,0,2,0,2,0,0,0,0,0,0,0,0,2,0,0,0,0,0,0,0,2,2,2,0,0,0,2,0,0,0,0,0,2,0,2,0,0,NA,2,2,2,0,2,0,NA,0,2,0,0,2,0,2,0,0,0,0,0,0,0,0,0,0,0,2,0,0,2,0,0,2,0,0,0,0,0,0,0,0,0,0,0,0,2,0,0,0,2,0,2,0,0,0,0,0,0,0,0,0,0,0,2,0,0,0,0,2,0,0,0,0,0,0,0,2,0,0,0,0,0,0,0,2,0,0,0,0,2,0,0,2,2,0,0,0,0,0,0,2,0,0,0,0,0,0,0,0,2,0,0,0,0,0,0,0,0,0,0,0,0,0,0,0,0,0,0,0,0,0,0,0,0,0,0,2,0,0,0,0,0,0,2,0,2,0,0,0,0,0,0,0,0,0,0,0,0,0,0,0,0,2,0,0,0,0,0,0,0,0,2,0,0,2,0,0,0,0,0,0,2,0,0,0,0,0,0,0,0,0,0,0,2,0,0,0,0,0,0,0,0,0,0,0,0,0,0,0,0,2,2,0,0,0,2,0,0,0,0,0,0,0,0,2,0,0,2,2,2,2,2,2,0,0,0,0,0,0,0,0,0,0,0,2,0,0,0,0,0,2,0,2,2,0,2,0,2,0,0,2,0,0,2,0,2,0,0,0,0,2,0,0,0,0,0,2,0,0,0,0,0,0,2,0,0,0,0,0,0,0,0,2,0,0,0,0,2,0,0,0,0,0,0,0,0,0,2,0,0,0,0,0,0,0,0,0,0,0,0,0,0,0,0,0,0,0,2,0,2,2,2,0,0,0,0,0,0,2,0,0,0,0,0,0,0,0,0,0,2,0,0,2,0,0,2,0,0,0,0,2,2,2,0,0,0,2,2,0,0,0,2,2,0,0,0,0,0,0,0,0,0,0,0,0,0,0,0,0,2,0,0,2,2,2,0,0,0,0,2,0,0,2,0,0,0,0,2,0,0,2,0,0,0,0,0,0,2,0,0,0,0,0,0,2,0,0,0,0,2,0,0,2,2,2,0,0,0,0,2,0,0,0,0,0,0,0,0,0,0,0,0,2,0,0,0,0,0,0,2,0,0,0,0,0,0,0,0,0,2,2,2,0,2,0,2,0,0,2,0,0,0,0,0,0,2,0,0,0,0,0,0,0,0,0,0,2,0,0,2,2,0,0,0,2,0,0,0,2,0,0,0,0,0,0,0,0,0,0,0,0,0,0,0,0,0,0,0,0,0,0,0,2,0,0,0,0,2,0,0,0,0,0,0,0,0,0,0,0,0,0,0,0,0,2,0,0,0,0,0,0,2,0,0,2,0,2,0,0,0,2,0,0,0,0,0,0,0,0,0,0,0,0,0,0,0,2,0,0,0,0,2,0,0,2,0,2,2,0,0,0,0,0,0,0,0,2,0,0,0,0,0,0,0,0,0,0,0,0,2,0,0,0,0,0,0,0,0,0,0,2,0,0,0,0,0,0,0,0,0,0,0,0,2,0,0,2,0,0,0,0,0,0,0,0,0,2,0,2,0,0,0,0,0,0,0,0,0,2,0,0,0,0,0,2,0,0,0,0,2,0,2,2,0,0,0,0,2,0,0,0,2,0,0,0,2,0,2,2,0,2,2,0,0,2,2,2,0,0,0,2,0,0,0,0,0,0,0,0,2,2,0,2,0,0,2,0,0,0,0,2,0,0,2,0,0,2,0,0,0,2,0,0,0,2,2,0,0,0,0,0,0,0,2,0,0,0,0,0,0,0,0,0,0,0,2,0,0,0,0,0,0,0,0,0,0,0,0,0,2,0,0,0,0,0,2,2,NA,0,2,0,0,2,0,0,0,2,0,0,0,0,0,2,2,0,0,0,0,2,0,0,2,0,0,2,2,0,0,2,0,0,0,0,0,0,0,2,2,2,0,0,0,2,2,0,0,2,2,0,2,0,0,0,0,0,0,0,2,0,2,0,NA,2,2,0,0,0,2,0,0,2,0,0,0,0,0,0,0,0,2,2,0,0,0,2,2,0,0,0,0,0,2,2,0,0,0,0,2,0,2,2,0,0,2,2,2,0,2,0,2,0,0,0,2,0,0,2,0,2,0,0,2,0,0,0,0,0,0,2,0,0,0,2,2,0,0,0,2,2,0,2,0,0,0,2,2,0,0,2,2,0,0,0,0,0,2,2,0,2,0,0,0,0,2,2,0,0,0,2,2,0,0,0,0,0,0,0,0,0,2,0,0,0,0,0,0,0,2,0,2,0,0,0,2,2,2,0,2,0,2,2,0,0,0,0,0,0,2,0,2,0,0,0,0,0,0,2,0,0,0,0,0,2,0,0,0,0,0,0,2,2,0,0,0,0,0,2,0,0,NA,2,2,0,0,2,2,0,0,0,0,0,0,2,0,0,0,0,0,0,0,0,2,0,0,0,0,0,0,0,0,2,0,0,0,2,0,0,0,0,0,0,NA,2,0,0,0,0,0,2,0,0,0,0,0,0,0,2,0,0,2,2,0,0,0,2,0,0,0,2,0,0,2,2,2,0,0,2,0,0,0,0,0,0,2,0,0,0,0,0,2,2,0,0,2,0,2,0,2,0,0,0,0,2,NA,2,0,0,0,0,0,0,0,0,0,2,2,2,0,0,0,0,0,0,2,2,0,0,0,0,0,2,0,0,0,0,2,0,0,0,0,2,0,0,2,0,0,0,0,NA,0,0,0,2,0,0,0,2,0,0,0,0,0,0,0,2,0,0,2,2,0,0,0,0,0,2,0,0,0,0,0,0,0,0,0,0,0,0,0,0,0,0,0,0,0,0,2,2,0,2,0,0,0,2,0,0,0,2,0,0,2,0,0,0,0,2,2,0,0,0,2,0,0,0,0,0,0,0,0,0,0,0,0,0,0,0,0,2,2,2,0,0,0,0,0,0,0,0,0,0,0,0,0,0,0,0,0,0,0,0,0,0,0,2,0,0,2,0,0,0,0,0,2,0,0,0,0,0,0,2,2,2,0,0,2,2,2,2,0,2,0,NA,0,2,0,0,0,2,0,2,0,2,0,0,0,2,0,2,0,0,0,2,2,0,0,0,2,0,0,0,0,0,0,0,2,0,0,0,0,2,2,0,0,0,0,0,0,0,0,0,0,2,0,2,0,0,0,0,0,0,2,0,2,0,0,0,2,0,2,0,0,2,2,0,0,0,0,0,0,0,2,0,0,2,0,2,0,2,0,2,2,0,0,2,2,0,0,0,0,2,0,0,2,0,0,0,0,0,0,2,0,0,0,0,2,0,0,2,0,0,0,0,0,0,0,0,0,0,0,0,0,0,0,0,0,0,0,0,0,0,0,2,2,0,0,0,0,0,2,0,0,0,0,0,0,2,0,0,0,0,0,0,0,0,0,0,0,2,0,2,0,0,0,0,2,0,0,0,0,0,0,0,2,0,0,0,0,0,0,2,2,0,0,0,0,0,2,0,0,0,2,0,2,0,2,0,0,2,0,0,0,0,0,0,0,0,0,0,0,0,0,2,0,0,0,2,2,0,0,0,0,0,0,0,0,0,0,2,0,2,0,2,0,2,0,0,0,0,0,0,0,NA,0,0,0,0,0,0,0,2,0,0,2,0,0,0,0,0,0,0,0,0,0,2,0,0,0,2,0,0,0,0,0,0,0,0,0,2,2,0,0,0,0,0,2,0,0,0,0,2,0,0,0,0,0,0,0,0,0,0,0,0,0,0,0,0,2,0,0,0,0,2,0,2,0,0,0,0,0,2,0,0,0,0,0,0,0,0,0,0,0,0,0,0,0,0,0,0,0,0,0,0,0,0,2,2,0,0,0,0,0,2,0,0,0,0,0,2,0,0,2,2,2,0,0,0,0,0,0,0,0,0,0,0,0,0,2,0,0,0,0,0,0,0,0,0,0,0,2,2,0,2,0,0,0,0,0,0,0,0,0,0,0,2,0,0,0,0,0,0,0,0,0,0,0,0,2,0,0,0,0,0,0,0,0,0,0,2,0,0,0,0,0,2,0,0,0,0,2,2,0,2,0,0,0,0,0,0,0,0,0,2,0,0,0,0,0,0,0,0,0,2,0,0,0,0,0,0,0,0,0,2,0,0,2,0,0,0,0,0,2,0,2,0,0,0,2,2,2,0,0,0,2,0,0,0,0,0,2,0,0,0,0,0,0,0,0,0,0,0,2,0,0,0,0,0,0,0,0,0,0,0,0,2,2,0,0,0,0,0,0,0,2,0,0,0,0,0,0,0,2,0,0,0,0,0,0,0,0,0,2,0,0,0,2,0,0,0,0,0,0,0,0,0,0,0,0,0,0,2,0,0,0,0,0,0,0,2,2,0,0,0,0,2,0,0,0,0,0,0,0,0,2,2,0,0,0,0,0,0,0,0,0,0,0,2,2,2,0,0,0,0,0,0,0,2,0,0,2,2,2,2,0,0,0,0,2,0,0,0,0,0,2,0,0,0,0,0,0,0,0,2,0,2,2,2,2,0,0,0,0,2,2,0,0,0,2,0,0,0,0,2,0,0,0,0,0,0,0,0,0,0,2,2,0,0,0,0,0,0,0,0,0,0,0,0,0,0,0,2,0,0,0,0,0,2,2,0,2,2,0,2,0,0,0,2,0,2,2,0,2,0,0,0,0,2,0,0,0,0,0,0,0,2,0,0,0,2,0,0,0,0,2,0,0,0,2,0,0,0,0,0,2,0,0,0,0,0,0,0,2,2,0,0,0,0,0,0,0,0,2,0,0,0,0,0,0,0,0,0,0,0,0,2,0,0,0,0,2,0,0,0,2,0,0,2,2,0,0,0,0,0,0,0,0,2,0,0,0,0,0,0,0,2,0,0,0,2,0,0,0,2,0,0,0,0,2,0,0,0,2,0,0,0,0,0,2,0,0,0,0,0,0,0,0,0,0,0,0,0,0,0,0,0,0,0,0,0,2,2,2,2,0,0,2,0,0,0,0,0,0,2,0,0,2,0,0,0,0,0,0,0,2,0,0,0,0,0,0,0,0,0,0,0,0,0,2,2,0,0,0,0,0,0,0,0,0,0,0,0,0,0,2,2,0,0,0,2,0,0,0,2,2,2,0,0,0,0,0,0,2,2,0,0,2,0,2,2,0,0,0,2,2,0,0,2,0,0,2,0,0,0,2,0,0,0,2,2,0,0,0,2,2,2,0,0,0,2,2,0,0,0,0,2,0,0,0,0,0,0,2,0,0,2,NA,0,0,2,0,0,0,2,0,0,0,0,2,0,0,2,0,0,0,0,0,0,2,0,0,2,0,0,0,0,0,2,0,2,0,0,0,0,0,0,0,0,0,0,0,0,0,0,2,0,0,0,0,2,0,0,0,0,0,0,2,0,2,0,0,0,0,0,0,0,0,0,2,0,0,0,0,0,0,2,0,0,0,0,0,0,0,0,0,0,0,0,0,0,0,0,0,0,0,0,2,0,0,0,0,2,0,0,0,0,0,0,0,0,0,0,0,0,0,0,0,0,0,0,0,0,0,0,0,0,0,0,0,0,2,2,2,2,2,2,2,0,0,0,0,0,2,0,2,0,0,0,2,0,0,0,0,0,2,2,0,2,2,2,2,0,0,0,0,0,0,0,2,0,0,2,0,0,0,0,0,0,2,0,2,0,2,2,2,0,2,0,0,0,0,0,0,0,0,0,0,0,2,2,2,0,0,0,2,0,0,0,0,0,0,2,2,0,0,0,0,0,0,2,2,0,0,0,0,0,0,0,0,2,0,0,2,0,0,0,0,2,2,2,0,0,0,0,2,0,0,0,2,0,2,0,0,0,0,0,0,0,0,0,0,0,0,2,0,2,0,0,0,0,0,0,2,0,0,0,0,0,0,2,0,0,0,0,2,0,0,0,0,0,0,0,0,0,0,0,0,0,2,0,0,2,0,0,0,2,0,0,0,0,0,0,0,2,0,0,2,0,0,0,2,0,0,0,0,0,2,0,0,0,0,0,2,0,0,0,2,0,0,0,0,0,0,0,2,0,0,0,0,0,2,2,0,0,0,0,0,0,2,0,0,0,0,0,0,0,0,0,0,0,0,0,0,0,2,0,0,0,0,2,0,0,2,0,0,0,0,0,0,0,0,2,0,0,2,0,0,0,0,0,0,0,0,0,0,0,0,0,0,0,0,2,0,0,2,2,2,2,0,0,0,0,0,2,2,2,0,0,2,0,0,2,2,0,0,2,2,2,0,0,0,0,0,2,0,2,2,2,0,2,0,0,2,2,2,0,2,0,2,0,2,NA,0,0,2,0,0,0,0,0,0,0,0,0,0,0,2,0,0,0,0,2,0,0,0,0,0,2,2,0,0,2,0,0,2,2,0,0,0,0,2,0,0,0,0,2,0,2,0,0,0,0,0,0,0,0,0,0,0,0,0,0,2,0,2,0,0,0,0,2,0,0,0,0,0,0,0,0,0,2,2,NA,0,0,0,0,0,0,0,0,0,0,0,0,0,0,0,0,0,0,0,0,0,NA,2,2,0,0,2,0,0,2,0,2,0,0,0,0,0,0,0,0,0,0,0,2,0,0,0,0,0,2,0,0,0,2,0,0,0,0,0,0,2,0,0,0,2,0,0,0,0,0,0,0,0,0,0,0,0,0,0,2,0,0,0,0,2,0,0,0,0,0,2,0,0,0,0,0,0,2,0,2,0,0,0,0,2,0,2,0,2,0,0,2,0,2,0,0,0,0,0,0,2,0,0,0,0,0,0,0,0,0,0,0,0,0,0,0,2,2,2,0,0,0,2,0,2,0,2,0,2,0,0,0,0,0,0,0,2,0,0,0,0,0,0,0,0,0,0,0,0,0,0,0,0,0,0,2,0,0,0,0,0,0,2,0,0,2,0,0,2,0,0,0,0,0,0,0,2,0,2,0,0,0,0,0,0,0,0,0,0,0,0,0,0,0,2,0,0,0,0,0,2,0,2,0,0,0,0,0,0,0,0,0,2,0,0,0,0,0,0,0,0,2,0,0,0,0,0,0,0,0,0,0,0,0,0,0,0,0,0,2,0,2,0,0,0,0,0,0,0,0,2,2,2,0,2,0,0,2,0,0,0,0,0,0,0,0,0,0,0,0,0,0,0,0,0,0,0,2,0,0,0,0,0,0,0,0,0,2,0,0,0,0,0,0,0,2,0,0,0,0,2,0,0,0,0,0,0,0,2,0,0,0,0,0,0,0,0,0,0,0,0,0,0,0,0,0,0,0,0,0,0,0,0,0,0,0,2,0,0,0,0,0,0,2,0,0,0,0,2,0,0,0,2,NA,2,0,0,0,0,0,2,0,0,2,0,0,0,0,0,0,0,0,0,0,2,0,0,2,0,2,0,0,0,0,0,0,0,0,0,0,0,0,0,2,0,0,0,0,2,0,0,0,0,0,0,0,0,2,2,2,0,0,2,2,0,0,2,2,0,2,0,0,0,0,0,0,0,0,0,0,2,2,0,0,0,2,2,2,0,0,0,0,0,0,0,0,0,0,0,0,0,0,0,2,0,0,0,0,0,0,0,0,2,0,0,0,0,0,0,0,0,0,2,0,2,0,0,0,2,2,0,2,2,0,0,0,0,0,0,0,0,0,0,0,0,0,0,2,2,0,0,0,0,0,0,0,0,0,0,0,0,0,2,0,0,0,0,2,2,0,0,2,0,0,2,0,0,0,0,0,0,0,0,0,0,0,0,0,0,0,0,0,0,0,0,0,0,0,0,0,2,0,2,0,0,0,0,0,0,0,0,0,0,0,0,0,0,0,0,0,0,0,0,0,0,2,0,0,0,0,0,0,0,0,2,0,0,0,0,0,0,0,0,0,0,0,0,0,2,0,2,0,2,0,0,0,0,0,0,0,0,0,0,0,0,0,0,2,0,0,0,0,0,0,2,0,0,0,2,0,0,0,0,0,0,0,0,0,2,0,0,0,0,0,0,0,0,0,0,0,0,0,0,0,0,0,0,2,0,0,0,2,0,0,0,0,0,0,0,0,0,0,0,0,0,0,0,2,2,0,0,0,0,0,0,0,0,2,0,2,0,2,0,0,2,0,0,0,0,0,2,0,0,0,0,2,0,0,0,0,0,0,0,0,0,0,0,0,0,0,0,0,0,0,0,0,0,2,0,0,0,2,0,2,2,2,0,0,0,0,0,0,0,0,0,0,0,0,2,0,0,0,2,0,0,0,0,0,0,0,0,0,0,2,0,0,0,2,0,0,0,0,0,2,0,0,0,0,0,2,0,0,0,2,0,0,0,2,0,0,0,0,0,0,0,0,0,2,0,0,0,0,0,0,0,0,2,0,0,2,2,0,2,0,2,2,2,0,0,0,0,0,0,0,0,2,0,0,2,0,0,2,0,0,0,2,0,0,0,0,0,2,0,2,0,0,2,0,0,2,0,0,2,2,2,0,0,0,0,0,0,0,0,0,0,2,0,0,0,0,0,0,0,0,0,0,0,0,0,0,0,2,0,0,0,0,0,2,0,2,0,0,2,0,0,0,2,0,2,0,0,0,0,0,2,2,2,0,0,2,2,0,0,2,0,0,0,0,0,0,0,0,0,0,0,2,0,0,2,2,0,0,0,0,0,2,0,2,0,0,0,2,0,0,0,0,0,0,0,0,0,0,2,0,0,0,0,0,0,0,0,2,0,0,2,0,0,2,0,0,2,2,0,0,0,0,0,0,2,0,2,2,2,2,2,0,2,2,2,0,2,0,0,2,0,0,2,0,0,0,0,2,0,0,0,0,0,0,0,0,0,NA,0,0,0,2,0,0,0,0,0,0,0,2,2,0,0,0,0,2,0,0,0,0,2,0,0,0,0,0,0,0,0,0,0,2,0,0,0,0,2,0,2,0,0,0,0,2,2,0,0,0,0,2,0,0,2,0,2,0,2,0,0,0,0,0,0,0,0,2,2,0,0,0,2,2,0,0,2,0,0,2,2,2,0,0,0,2,2,2,0,0,0,0,0,2,0,0,0,0,0,2,2,2,2,0,0,0,NA,2,0,0,0,0,0,0,0,2,0,0,0,0,0,2,0,2,0,0,2,0,0,0,0,2,0,2,0,0,0,0,2,0,0,0,0,2,0,0,0,0,0,0,0,0,0,0,0,0,2,0,0,0,0,0,0,2,0,0,0,0,0,0,0,0,2,0,0,2,0,0,0,0,0,2,0,0,0,0,0,0,0,0,0,0,0,2,2,0,0,0,0,0,0,2,0,2,2,0,0,0,0,2,0,0,2,2,0,0,2,0,0,0,2,2,0,2,0,0,0,0,0,0,0,0,0,0,0,0,0,0,0,0,0,2,2,0,0,0,0,0,0,0,0,0,0,2,0,2,2,0,0,2,0,2,0,0,0,0,0,0,0,2,2,2,0,0,2,0,2,0,0,0,0,0,0,0,2,0,2,2,2,0,0,0,0,0,0,0,0,0,0,0,0,0,0,2,2,2,0,0,0,0,0,0,0,0,2,2,0,0,2,0,0,0,0,0,0,2,2,0,2,0,0,0,0,2,0,0,2,0,0,0,0,0,2,0,0,2,0,0,2,0,0,0,0,2,0,0,2,0,0,0,0,0,0,0,2,0,0,2,0,0,2,0,2,0,0,0,0,2,2,0,0,0,0,2,2,2,0,2,0,0,0,0,0,0,2,0,2,2,0,0,0,0,0,0,0,0,0,2,0,0,0,2,2,0,0,2,0,0,0,0,0,0,0,0,0,0,0,0,0,0,0,0,0,0,0,0,0,2,2,0,0,0,0,2,0,0,0,0,2,0,0,0,0,0,0,0,2,0,0,0,2,0,2,2,2,0,0,0,0,0,0,0,0,0,2,0,0,0,2,2,0,0,2,0,0,0,0,2,0,0,0,0,0,0,0,2,0,0,2,0,0,0,0,0,0,0,0,2,2,0,0,0,2,0,0,0,0,2,0,2,0,0,0,2,0,0,2,0,2,0,0,0,2,0,0,0,0,2,0,2,0,2,2,0,0,0,0,0,2,0,0,2,2,2,0,0,0,0,0,0,2,0,2,0,0,0,0,0,0,0,0,0,0,0,0,2,0,0,0,0,0,0,0,0,0,2,0,2,0,0,0,2,0,0,2,2,0,0,0,2,0,0,2,2,2,2,2,2,2,2,2,0,0,2,0,0,0,0,0,2,0,0,0,0,2,0,2,0,0,0,2,2,0,0,0,0,2,0,0,0,0,0,0,0,0,0,0,0,0,2,0,2,0,0,0,2,0,0,0,0,0,0,0,0,2,0,0,0,2,0,0,0,0,0,0,0,2,0,0,0,2,2,0,0,0,0,0,2,0,0,0,0,0,0,0,0,0,0,0,0,2,0,0,0,0,0,0,0,2,0,0,0,0,0,0,0,0,0,2,0,0,2,0,0,0,0,2,0,2,0,2,2,2,0,0,0,0,0,2,0,2,0,0,0,2,2,0,0,2,2,0,0,2,0,0,0,0,2,2,2,0,2,0,0,0,2,2,0,0,0,0,0,0,0,0,0,0,0,0,0,0,0,0,0,0,2,0,0,0,0,0,2,0,2,0,0,0,2,0,0,0,2,0,0,0,0,0,2,2,2,0,0,0,0,2,0,0,0,0,0,0,2,0,0,2,0,0,0,0,2,0,0,0,2,0,0,0,2,0,0,2,2,0,0,0,0,0,0,0,0,0,0,0,2,2,0,0,2,0,0,0,0,0,0,0,2,0,0,0,2,0,0,0,0,0,0,0,0,0,0,0,2,0,2,0,0,0,0,0,0,0,0,0,0,0,0,0,2,0,NA,0,0,2,0,0,0,0,0,0,0,NA,0,0,0,0,0,0,0,0,0,0,0,0,2,0,0,2,0,2,0,0,2,0,2,0,0,0,0,0,0,0,0,0,2,0,0,2,2,2,0,0,0,2,2,0,0,0,0,0,0,0,0,0,0,0,0,0,0,0,2,0,0,0,0,0,2,2,0,0,0,2,0,0,0,0,0,0,0,2,0,0,0,0,0,0,0,2,0,0,0,0,2,2,0,0,0,0,0,0,0,0,0,0,0,0,0,2,2,0,0,0,0,0,2,0,0,0,0,0,2,0,0,0,0,0,0,0,0,0,2,0,2,0,0,0,2,2,0,2,0,2,0,2,2,0,2,NA,0,0,2,0,0,0,0,2,2,2,0,2,0,0,0,0,2,0,0,2,NA,0,2,2,0,0,0,2,0,0,0,0,2,0,0,0,0,2,2,0,0,2,2,0,0,0,0,0,0,0,0,0,NA,0,0,0,0,2,0,0,0,0,0,0,0,0,0,0,0,2,2,0,0,0,0,2,0,0,0,0,0,0,0,2,0,0,0,0,0,0,0,2,2
"CC192",0,0,0,2,0,0,0,0,0,0,0,0,0,0,0,0,0,0,0,0,0,0,0,2,0,0,2,0,0,0,0,0,0,0,0,0,2,0,0,0,0,2,0,0,0,0,0,0,0,2,0,0,0,0,0,0,0,0,0,2,2,0,0,0,2,0,0,0,0,0,0,0,0,0,0,0,2,0,0,2,0,0,2,0,0,0,0,2,0,0,0,0,0,0,0,0,2,0,0,0,2,0,0,2,2,0,0,0,0,2,0,0,2,0,0,0,0,0,2,2,0,0,0,0,0,0,0,0,2,0,2,2,0,2,2,0,0,0,2,0,2,0,0,0,0,0,0,0,0,0,2,0,0,0,0,2,2,0,0,0,0,0,0,0,0,0,0,0,2,0,2,0,2,0,0,2,2,2,0,2,0,0,0,0,0,0,0,0,0,0,0,2,0,0,0,0,0,2,0,0,0,0,0,0,0,0,0,0,0,0,0,0,0,0,0,2,2,0,2,0,0,0,0,0,0,2,0,0,0,0,2,0,0,2,0,2,0,0,0,0,0,0,0,0,0,0,0,0,2,0,0,2,0,2,0,0,2,0,0,0,0,0,0,2,0,0,0,0,0,0,2,0,0,0,0,0,2,2,2,0,0,0,0,0,0,0,0,0,0,0,0,0,0,0,0,0,0,0,2,2,2,0,0,2,2,0,0,2,0,0,0,0,0,0,0,0,0,2,2,0,0,0,0,0,0,0,2,0,0,0,0,2,0,0,0,0,0,0,2,0,0,0,0,0,0,0,0,0,2,0,0,0,0,2,0,0,0,0,2,NA,0,2,0,0,0,0,0,0,0,0,0,0,2,0,0,0,0,0,2,0,0,0,0,0,2,0,2,0,2,0,0,2,2,0,0,0,0,0,2,0,0,0,0,0,2,0,2,0,0,0,0,0,0,0,2,2,0,0,0,0,0,0,0,0,0,0,0,0,2,0,0,2,2,0,2,0,0,2,0,2,2,0,0,0,0,2,0,2,0,0,0,2,0,0,0,0,0,0,0,2,0,0,0,0,0,0,0,0,0,0,0,0,0,0,0,0,0,2,0,0,0,0,0,0,0,2,0,0,2,0,2,0,0,0,0,0,2,2,0,2,0,0,0,0,0,2,0,0,0,2,0,0,0,0,0,0,0,0,0,2,2,0,0,0,2,2,2,0,0,0,0,0,0,0,0,2,0,0,0,0,2,0,0,2,2,0,0,2,0,0,0,0,0,0,0,0,0,2,0,2,0,2,0,2,2,0,0,0,2,0,0,2,0,0,0,0,0,0,0,0,2,0,0,0,0,0,2,0,0,2,0,0,0,0,0,0,0,0,0,2,0,2,0,2,2,2,2,2,0,0,2,0,0,2,0,0,0,2,0,0,0,0,0,2,2,0,0,0,2,0,0,0,0,0,0,0,0,0,0,0,0,0,0,0,0,0,0,2,0,0,0,0,0,0,0,0,0,0,2,0,2,0,0,0,0,0,2,0,0,2,0,0,0,NA,0,0,0,0,0,0,0,0,0,0,0,0,2,0,0,0,2,0,0,0,2,0,0,0,0,2,0,0,0,0,0,0,0,0,0,0,0,0,0,0,0,0,0,2,0,0,0,0,0,2,0,0,0,0,0,0,0,0,0,0,0,0,0,0,0,0,0,0,0,0,0,0,0,2,0,0,0,0,0,2,2,0,0,0,2,0,0,0,0,0,0,2,0,0,2,0,2,0,0,0,0,0,2,0,0,0,0,2,2,0,0,0,2,2,0,0,0,0,0,0,0,0,0,0,0,0,0,0,0,0,2,0,2,0,0,2,0,0,0,0,0,0,0,0,0,0,0,0,0,2,0,2,0,0,0,2,0,0,2,0,0,0,0,0,0,0,0,2,0,2,2,0,2,0,0,0,2,2,2,0,0,0,0,2,0,2,0,0,0,0,2,0,0,0,0,0,0,0,0,2,2,0,2,0,0,0,0,0,0,0,2,2,0,0,0,0,0,0,0,2,0,0,0,0,0,2,0,2,0,0,0,0,0,0,0,0,2,0,0,2,2,0,0,0,2,2,0,0,0,0,0,0,2,0,0,0,2,0,0,0,2,2,0,0,0,0,0,0,0,0,2,2,2,0,0,0,0,0,0,0,0,0,0,0,0,0,0,0,0,2,0,0,0,0,0,0,0,0,0,0,0,0,0,2,0,0,0,2,0,0,0,0,0,0,0,0,2,2,2,0,0,0,0,0,0,2,2,0,2,0,0,0,0,0,0,0,0,0,0,0,0,0,0,2,0,0,0,0,0,0,0,0,2,0,0,0,0,0,0,0,0,0,0,0,2,0,0,0,0,0,0,2,0,0,2,0,0,0,0,0,0,2,0,0,2,0,0,0,0,0,0,0,0,2,0,0,2,0,0,0,0,2,0,0,2,0,2,0,0,0,0,0,0,2,0,0,0,0,2,0,0,0,0,0,0,0,0,0,0,0,0,0,0,0,0,0,2,2,0,0,0,0,0,0,2,0,0,0,0,2,2,0,2,0,0,0,2,0,2,0,2,0,0,2,2,0,0,2,0,0,2,0,2,0,2,2,2,0,0,0,0,0,0,0,0,2,2,2,0,0,0,0,0,0,2,0,0,0,0,2,0,0,0,0,0,0,2,0,0,0,0,0,0,0,0,0,0,0,0,0,0,2,0,0,2,0,0,0,0,2,0,2,0,0,0,0,0,0,0,0,2,0,0,0,0,0,0,0,0,0,2,0,0,0,0,0,0,0,2,0,0,0,0,0,0,0,0,2,2,0,0,0,2,0,0,0,0,0,0,2,2,0,0,0,0,0,0,0,0,2,0,2,0,0,0,0,2,0,0,0,2,0,0,0,0,0,0,2,0,0,0,2,0,0,0,2,0,2,0,0,0,0,0,0,0,0,0,0,0,0,0,0,0,0,0,2,0,0,0,0,0,0,0,0,0,0,0,0,2,0,2,0,2,0,0,2,0,0,0,0,2,0,0,0,0,2,0,2,0,0,0,0,2,0,0,0,0,0,0,0,2,0,0,2,0,2,0,0,0,0,0,0,0,0,0,0,0,2,0,0,NA,0,2,0,0,0,0,0,0,0,0,2,0,0,0,0,0,0,2,NA,0,0,0,2,0,2,0,0,0,0,0,0,0,0,0,0,2,0,0,0,2,0,0,0,0,0,2,0,0,0,0,0,2,2,0,0,0,0,0,2,2,2,2,0,2,0,0,0,2,0,0,0,0,0,2,2,2,0,2,2,0,0,0,0,0,2,0,0,0,0,0,0,0,0,0,0,0,0,0,0,0,0,2,0,0,0,0,0,0,0,0,0,0,2,0,0,0,0,0,0,0,0,0,0,0,0,2,0,0,0,0,2,0,0,0,0,0,0,2,0,0,2,2,0,0,0,2,0,0,2,0,NA,0,0,0,0,2,2,0,0,0,0,0,0,2,2,0,0,0,0,0,0,0,0,0,0,0,2,0,0,0,2,2,0,0,0,0,0,2,0,2,0,0,NA,0,0,0,0,0,0,0,0,0,0,2,0,0,2,0,0,2,0,0,0,0,0,0,0,0,0,0,0,0,0,0,0,0,2,0,0,0,2,0,2,0,2,0,0,0,0,0,0,0,0,0,0,0,0,0,0,0,0,2,0,0,0,0,0,0,0,0,0,0,0,0,0,0,2,0,0,0,2,2,0,0,0,0,0,2,0,0,0,0,2,0,0,0,0,0,0,2,0,0,0,0,0,0,2,0,0,0,0,0,0,0,0,0,0,0,0,0,NA,0,0,2,0,0,0,0,0,0,0,0,0,0,2,0,2,2,0,0,0,0,0,0,NA,0,2,0,2,0,2,0,0,0,0,0,0,2,0,2,0,0,0,0,2,0,0,0,0,0,2,0,0,0,0,2,0,2,0,0,0,0,0,0,0,0,0,0,0,0,0,2,0,0,0,0,0,0,0,0,0,2,0,0,0,0,0,0,0,0,0,0,2,0,0,0,0,0,0,0,0,0,0,2,2,0,0,0,2,2,0,0,2,0,0,0,0,0,0,0,0,0,0,2,0,2,0,0,2,0,0,0,0,0,0,0,0,0,0,0,0,0,0,0,0,0,0,0,0,2,0,0,0,2,0,0,0,0,0,0,0,0,0,0,0,0,0,0,0,0,0,0,0,2,0,2,0,0,0,0,0,0,0,2,0,0,0,0,0,2,0,2,0,0,0,0,0,0,0,0,0,0,0,0,0,0,0,0,2,0,0,2,0,0,0,0,0,0,0,0,0,0,2,0,0,0,0,0,0,0,0,0,0,0,0,0,0,0,2,2,0,0,0,2,0,0,2,2,0,2,0,2,0,0,0,2,0,0,0,0,0,0,2,0,2,0,0,0,0,2,0,0,0,0,0,0,0,0,0,0,2,0,0,0,0,0,0,0,2,2,0,2,0,2,0,0,0,0,0,0,2,0,0,0,0,0,0,0,0,0,0,0,0,0,0,0,2,0,0,0,0,2,2,2,0,2,2,0,0,0,0,0,2,0,0,2,0,0,0,0,0,0,2,0,2,2,0,0,0,0,0,0,0,0,0,0,0,2,0,0,0,0,2,0,0,0,0,0,2,2,0,0,0,0,0,2,0,0,0,0,0,2,0,2,0,2,0,0,0,0,0,0,2,2,2,0,0,0,0,0,0,0,0,0,0,2,0,2,0,0,0,0,2,0,2,2,NA,2,0,0,0,NA,0,2,0,0,2,0,0,0,0,2,0,2,0,0,0,2,0,0,0,0,0,0,0,2,0,2,0,0,0,0,0,0,0,0,2,0,0,0,2,0,0,2,0,0,0,0,0,0,0,2,0,0,0,0,0,0,0,0,0,0,0,0,0,0,0,0,0,0,0,0,0,0,0,0,0,0,0,0,2,0,2,0,0,0,0,0,2,0,0,0,0,0,0,0,0,2,2,0,0,0,0,0,0,2,0,0,0,0,0,0,0,0,2,0,0,0,0,2,2,0,2,0,0,0,0,0,0,2,0,0,0,0,0,0,0,0,0,0,0,0,0,0,0,0,0,0,0,0,0,0,0,2,0,2,0,2,0,0,0,0,0,2,0,0,0,0,2,2,0,0,0,NA,0,2,0,0,2,0,0,0,0,0,0,0,0,0,0,0,0,0,0,0,0,0,2,0,0,2,0,0,2,0,0,0,2,0,0,2,0,0,0,0,0,2,0,0,0,0,0,0,2,0,0,0,0,0,0,0,0,0,0,2,0,0,0,0,0,0,0,0,0,0,0,0,2,0,2,0,0,0,2,0,0,0,0,2,0,0,0,0,0,0,0,0,0,2,0,0,0,0,2,2,2,0,0,0,0,0,0,0,0,0,0,2,0,0,0,0,0,0,0,0,0,2,0,2,0,2,2,0,0,0,0,0,0,0,0,2,2,0,0,0,0,0,0,2,2,0,0,0,2,0,0,0,0,0,0,0,0,0,0,0,0,0,0,0,0,0,0,0,0,0,0,0,0,0,0,0,2,0,0,0,0,0,0,0,0,0,0,2,0,0,2,2,2,0,0,0,2,0,0,0,0,0,0,0,0,0,2,0,0,0,2,0,0,0,0,0,0,0,0,0,0,0,0,0,0,0,2,0,0,0,0,0,0,0,2,0,0,0,2,0,0,2,0,0,2,0,0,2,0,0,0,0,2,0,2,0,2,2,0,2,0,0,0,0,2,0,0,0,0,0,2,0,0,0,0,2,2,0,0,0,0,0,2,0,0,0,0,0,0,0,0,2,2,0,0,0,0,0,0,0,0,0,2,0,0,2,2,0,0,2,2,0,0,0,0,0,0,0,0,0,0,0,2,0,0,0,2,0,0,0,0,2,0,0,0,0,0,2,0,0,0,0,0,0,0,0,2,0,0,0,0,0,2,0,0,0,0,0,0,0,2,0,0,0,0,2,0,0,0,0,2,0,2,0,2,2,2,0,2,0,0,0,2,0,0,0,0,0,0,0,0,0,0,0,0,0,0,2,0,0,2,0,0,0,0,0,0,0,0,0,2,0,2,2,0,0,0,0,0,0,0,2,0,0,0,0,0,2,0,2,2,2,0,0,2,0,0,2,2,0,0,0,0,0,0,2,0,2,0,2,0,0,0,0,0,0,0,0,2,0,0,2,0,2,2,2,2,2,0,0,2,0,NA,2,2,0,0,NA,2,0,0,0,0,0,2,0,0,0,0,0,2,0,0,0,0,0,0,0,0,0,0,0,0,0,0,0,0,0,0,2,0,2,0,0,0,2,2,0,2,2,0,0,2,0,0,0,0,0,0,2,0,2,0,0,2,0,2,0,0,0,0,2,0,2,2,0,0,0,0,2,2,0,0,0,0,0,0,0,0,0,2,0,0,0,0,0,0,0,2,0,0,0,0,0,2,0,0,0,0,0,0,2,0,2,0,0,0,0,0,2,2,2,NA,0,2,2,0,2,0,0,2,2,0,0,0,2,0,NA,0,0,2,0,2,2,2,2,0,0,2,2,2,2,0,0,0,0,2,0,0,0,0,0,2,NA,0,0,0,2,0,2,0,0,0,0,2,0,2,0,2,0,0,0,0,0,0,2,0,2,0,0,0,0,0,0,0,2,2,0,2,0,0,0,0,0,0,0,0,0,0,2,0,0,2,2,2,2,2,2,0,0,0,0,0,2,0,0,0,0,2,0,0,0,0,0,2,0,0,0,2,0,0,2,0,0,0,0,0,0,0,0,2,2,0,0,2,0,0,2,0,0,0,0,NA,2,0,2,2,0,0,0,0,0,0,2,0,0,0,0,0,0,NA,0,0,0,0,0,0,2,0,2,2,0,2,0,0,0,0,0,0,NA,0,2,0,0,0,0,0,2,2,0,0,2,0,0,0,0,0,0,2,0,0,2,0,2,0,0,0,2,0,2,2,2,2,2,0,0,0,2,2,0,0,2,2,2,0,0,0,0,0,0,0,0,2,2,2,0,2,0,0,0,0,0,0,0,2,0,0,0,0,2,0,0,0,0,2,0,2,0,0,0,0,2,0,0,2,0,0,0,2,0,2,0,0,0,0,0,0,2,0,0,0,0,2,0,0,2,0,0,2,2,2,0,2,0,0,0,0,0,0,0,0,2,2,2,0,0,0,2,0,0,2,2,2,0,0,0,2,2,0,0,0,0,2,0,0,2,0,0,0,0,0,0,0,0,0,0,2,0,2,2,2,2,0,2,0,2,0,2,2,0,0,2,0,0,0,0,2,0,0,2,0,0,0,2,0,NA,0,0,0,2,0,0,0,2,0,0,0,0,0,2,2,2,0,0,0,0,0,2,0,0,0,0,0,0,0,0,0,0,0,0,0,NA,0,0,0,0,0,0,0,2,0,0,0,0,2,2,0,0,0,2,2,0,2,0,0,0,2,2,0,0,0,0,0,0,0,0,0,0,2,0,0,0,0,0,0,0,0,0,2,0,0,0,0,0,0,0,0,2,0,0,0,0,0,0,2,2,0,0,0,NA,0,0,0,0,0,0,2,0,0,0,0,0,0,0,0,0,0,0,0,0,0,0,0,0,0,0,0,0,0,2,0,0,0,0,0,0,2,0,2,0,0,0,0,0,0,0,0,0,NA,0,0,0,0,0,0,2,0,0,0,0,2,2,2,0,0,0,0,2,0,2,0,2,0,0,0,0,0,0,0,0,0,0,0,0,0,0,0,2,0,0,0,0,0,2,0,2,0,0,0,2,2,0,0,0,0,0,0,0,0,2,0,0,0,0,0,0,0,0,0,0,0,0,0,0,0,0,2,0,0,0,0,0,0,0,0,0,0,0,0,0,0,0,0,0,2,2,0,2,0,0,0,0,0,0,0,0,0,0,0,2,0,0,0,0,0,0,2,2,2,0,0,0,2,0,0,0,0,0,2,0,0,0,0,0,0,0,0,2,0,0,0,2,0,0,0,2,0,0,0,0,0,0,2,0,0,0,0,0,0,2,0,0,0,0,0,0,0,0,0,0,0,0,2,0,0,0,0,0,0,0,0,0,0,0,0,0,0,0,0,0,0,0,0,0,0,0,0,0,0,0,0,0,0,0,0,0,0,0,0,0,0,0,2,0,0,0,0,0,0,0,0,0,0,0,0,2,2,0,2,2,0,0,2,0,0,0,0,0,0,0,0,0,0,2,2,0,2,0,0,0,0,0,0,0,0,0,0,2,0,0,2,2,0,0,0,0,0,0,0,0,0,0,0,0,0,0,0,0,0,0,0,0,2,0,0,0,0,0,0,0,0,0,0,0,0,0,0,0,0,0,0,0,2,0,0,2,0,0,0,0,0,0,0,0,0,0,0,0,0,0,0,0,0,0,0,0,0,0,0,0,0,2,0,0,0,2,0,0,2,0,0,0,0,0,2,0,0,0,0,0,0,0,0,0,0,0,0,0,0,0,0,0,0,0,0,0,0,0,0,0,0,2,2,0,0,2,0,0,0,2,0,0,0,0,0,0,0,0,0,0,0,0,0,0,0,2,0,0,0,0,0,0,2,2,0,0,0,2,0,0,0,0,0,0,0,0,0,0,0,2,0,0,0,2,2,2,0,2,0,0,0,0,0,0,2,0,2,0,0,0,0,2,2,0,2,0,2,2,0,0,0,2,0,0,0,2,0,0,0,2,2,0,2,0,0,0,2,2,2,2,0,0,0,0,0,0,0,0,0,2,0,0,0,0,2,0,2,0,0,0,0,0,0,0,0,2,2,2,2,0,2,0,0,0,0,0,2,2,0,0,0,0,2,0,2,0,0,0,0,2,0,0,2,0,2,0,0,2,0,0,0,2,0,0,0,0,0,0,2,0,0,0,0,2,0,2,2,0,0,0,0,0,2,0,0,0,0,0,0,0,0,0,0,0,0,0,0,0,0,0,0,0,0,0,0,0,0,0,0,0,0,0,0,2,2,0,0,0,0,2,0,0,0,0,0,0,2,0,0,0,0,0,2,0,0,2,0,0,0,0,0,0,2,0,2,0,0,0,0,0,0,2,0,0,2,0,2,0,2,0,0,0,0,0,0,0,0,0,0,0,0,0,2,0,0,0,0,0,0,0,0,0,2,0,0,0,0,0,0,2,0,0,0,0,0,0,0,2,0,0,0,0,0,2,0,0,2,2,0,0,0,2,0,0,0,0,0,0,0,0,0,0,0,0,0,0,2,0,0,0,0,2,2,0,0,0,0,0,2,2,0,0,0,2,2,0,2,2,2,2,0,0,0,NA,2,0,0,0,0,0,0,0,2,2,0,2,0,0,2,0,0,0,0,2,0,0,2,0,0,2,0,0,0,0,0,0,0,0,0,0,0,2,2,2,0,0,0,0,0,2,0,0,0,0,0,0,0,2,0,2,2,2,2,0,0,2,0,0,0,2,0,0,0,0,2,0,0,0,0,0,0,0,2,0,0,0,NA,0,0,0,0,2,0,2,2,0,0,2,2,0,0,0,2,2,0,0,0,0,0,0,0,2,0,2,0,2,0,0,2,2,0,0,0,2,0,0,0,0,0,2,2,0,0,0,2,0,0,0,0,0,2,2,0,0,0,0,2,0,0,0,0,0,0,0,2,0,0,0,0,0,2,0,0,0,0,0,2,0,0,0,0,2,0,0,0,0,0,0,2,2,2,0,2,0,0,0,0,0,0,0,0,2,2,0,0,0,0,0,0,0,0,0,0,2,0,2,2,2,0,0,2,0,0,2,0,0,2,2,2,2,0,0,0,0,2,0,2,0,0,2,2,2,0,0,0,2,2,0,0,0,0,0,0,0,0,0,NA,0,0,0,0,0,0,2,0,0,0,0,0,2,0,2,0,0,0,0,2,0,0,0,0,0,0,0,0,0,0,2,0,0,0,0,2,0,0,0,0,0,0,2,0,0,0,0,0,2,2,0,0,0,0,0,0,0,0,0,0,0,0,0,2,0,2,0,NA,2,0,0,0,0,0,0,2,0,0,2,0,0,0,2,0,2,0,0,0,2,2,0,2,0,0,0,0,0,0,0,2,0,0,0,0,0,0,2,0,2,0,0,0,0,0,0,0,0,0,0,0,0,0,0,0,0,2,0,0,0,0,0,0,0,0,0,0,0,0,0,2,0,2,2,0,0,2,0,2,0,2,0,0,2,0,0,0,0,0,0,0,0,0,2,2,0,0,0,0,0,0,0,2,0,0,0,0,0,0,0,0,0,0,2,2,0,0,0,0,0,0,0,0,0,0,2,0,2,0,0,0,2,0,2,0,0,0,0,0,2,0,0,2,2,0,0,0,0,2,2,0,0,2,0,0,0,0,0,0,0,0,0,0,0,0,0,0,0,0,0,0,0,0,0,2,0,0,0,0,2,2,2,0,0,0,0,0,0,2,0,0,0,2,0,2,0,0,0,0,0,0,0,2,0,0,0,0,0,2,0,2,0,2,2,0,0,0,0,0,0,0,0,0,0,0,0,0,0,0,0,0,0,0,0,0,0,2,0,2,0,0,0,0,0,0,2,2,2,0,0,0,0,0,0,0,0,0,0,2,0,0,0,0,0,0,0,0,0,2,0,0,0,0,2,2,0,0,0,2,0,0,0,0,0,0,2,0,0,0,0,0,0,0,0,0,0,0,0,2,0,2,0,0,0,0,0,0,0,0,2,0,0,2,0,0,0,2,0,0,2,0,0,0,0,0,0,2,2,0,0,2,0,0,0,0,0,0,0,0,0,2,2,0,0,2,2,0,0,0,0,0,0,0,0,2,0,0,0,0,0,0,0,0,0,0,0,0,0,0,0,0,0,0,0,0,2,0,0,0,0,2,0,0,0,0,0,0,0,0,0,0,0,0,0,0,0,0,0,0,0,0,0,0,0,0,0,0,0,0,0,2,0,0,0,2,0,0,0,0,2,2,0,0,0,0,0,0,0,0,0,0,0,0,0,2,0,0,2,0,0,0,0,0,0,0,2,2,2,0,0,0,0,0,0,0,0,0,0,2,0,0,0,2,0,0,2,2,2,2,0,0,0,0,0,0,2,0,0,0,0,0,0,0,2,0,0,0,0,2,0,2,0,0,2,0,0,0,2,0,0,0,2,0,0,2,2,0,0,0,0,0,0,0,0,0,0,0,2,0,2,0,0,0,2,0,0,0,0,0,0,0,0,2,0,0,0,0,0,2,0,0,2,0,0,0,2,0,0,0,0,2,2,0,0,0,0,0,0,0,2,0,2,2,0,0,0,0,0,0,0,0,0,0,0,0,0,0,2,0,0,0,0,2,2,0,2,2,2,0,0,2,0,0,0,0,0,0,0,0,0,0,0,2,0,2,0,2,0,0,0,0,0,0,0,0,0,0,0,0,0,0,0,0,0,0,0,0,0,0,0,0,0,0,0,0,2,0,0,0,0,0,0,0,2,0,0,0,0,2,0,2,0,0,0,0,0,2,0,0,0,2,0,0,0,0,0,0,0,0,0,0,0,0,2,2,0,0,0,0,0,2,0,0,0,0,0,0,0,0,0,0,0,0,2,0,0,0,0,0,0,0,0,0,0,0,2,0,0,0,0,0,0,0,0,0,2,0,0,0,0,0,0,0,0,0,0,0,NA,0,0,0,0,0,0,0,0,0,0,0,0,0,0,0,0,0,0,2,0,0,2,0,0,0,0,0,0,0,0,2,0,0,0,0,0,0,0,0,0,0,0
"CC193",0,2,2,0,2,0,0,0,0,0,0,0,0,0,2,2,2,2,0,0,0,NA,0,0,2,0,0,0,2,2,0,2,0,0,2,2,2,0,0,0,2,2,2,2,2,0,0,0,0,0,2,2,0,2,0,0,0,0,0,0,0,0,2,2,0,0,0,2,0,2,2,0,0,2,0,0,0,2,0,0,2,0,0,0,0,2,0,0,0,0,0,2,2,0,0,2,0,0,0,0,2,2,0,2,0,2,0,NA,0,0,2,2,0,2,0,0,0,0,0,0,0,0,0,0,0,0,0,2,0,0,2,0,2,0,0,0,0,0,2,0,0,0,0,0,0,0,0,2,2,2,0,0,2,2,0,2,0,0,0,2,0,2,0,0,2,2,2,0,0,0,2,2,2,0,0,2,2,0,2,2,0,0,0,0,2,0,0,2,2,2,0,2,2,0,0,0,0,2,2,0,0,2,0,0,2,0,0,0,0,0,0,0,0,2,0,0,2,0,2,0,2,0,0,0,0,2,0,2,2,0,0,0,2,2,0,0,0,0,0,0,2,0,0,0,0,0,0,0,0,2,0,0,0,0,0,0,2,0,2,0,0,0,0,0,2,0,0,2,0,0,0,0,0,0,0,0,0,0,0,0,0,0,0,0,2,0,0,2,0,0,0,0,0,0,2,0,0,2,0,0,2,2,0,0,0,2,0,2,0,0,0,0,0,0,0,2,0,2,0,2,2,0,0,0,2,0,0,0,0,0,0,0,2,0,0,0,0,0,2,0,0,0,0,0,0,0,0,0,0,0,2,0,0,0,0,0,0,0,2,0,0,0,0,0,0,0,0,0,0,0,0,0,0,0,0,0,0,0,0,0,2,0,0,0,0,0,0,0,2,0,0,0,2,0,0,0,0,0,0,2,0,0,2,0,0,2,0,0,0,0,0,0,2,0,0,0,0,2,0,0,0,2,2,0,0,0,0,0,0,0,0,0,2,2,0,0,0,0,0,0,0,0,0,0,0,0,0,0,0,0,0,0,0,0,2,0,2,0,0,0,0,2,2,0,0,0,0,0,2,0,0,2,0,0,0,0,NA,0,0,0,2,0,0,0,2,0,0,0,2,0,0,0,0,2,0,0,0,0,0,2,0,0,2,0,0,0,0,0,0,0,0,0,0,0,2,0,0,0,0,2,0,0,2,2,0,0,0,0,0,0,0,0,0,0,0,0,0,0,0,2,2,0,0,2,2,0,0,0,0,0,0,0,0,0,0,0,0,0,0,0,0,0,0,2,0,0,0,0,0,0,0,2,0,0,0,0,2,0,0,0,2,0,0,0,0,0,2,0,0,2,0,0,0,0,2,0,2,0,2,0,0,0,0,0,0,0,0,0,2,0,0,0,2,2,0,NA,0,0,0,0,0,0,2,2,2,2,2,2,0,0,0,2,0,0,2,0,2,0,2,0,2,2,0,0,0,0,0,0,2,0,0,2,2,0,0,0,0,2,0,2,0,0,0,0,0,0,0,2,2,0,0,2,0,2,0,0,0,0,2,0,0,0,2,0,0,0,0,0,0,0,0,0,0,0,0,0,2,0,0,2,0,2,0,0,0,0,0,0,0,0,0,2,0,0,0,0,2,0,2,0,0,0,0,0,0,2,0,2,2,2,2,0,0,0,2,0,0,0,0,0,0,0,0,0,0,0,0,0,0,0,0,0,0,0,0,0,0,0,0,0,2,0,0,0,0,0,0,0,0,2,2,2,0,0,0,0,0,2,0,0,0,0,0,0,0,2,0,0,0,2,0,0,0,0,0,2,0,0,0,0,0,0,0,2,0,2,0,0,2,0,0,0,2,0,0,0,2,2,2,2,0,0,0,0,0,2,0,0,0,0,0,0,0,0,0,0,2,0,0,0,0,0,0,0,0,0,2,0,0,2,0,0,0,0,2,0,0,0,0,0,0,0,2,0,2,0,0,2,0,0,0,0,0,0,0,0,0,0,0,0,0,0,0,2,2,0,2,0,0,2,2,0,0,0,2,2,0,0,0,0,0,0,0,2,2,0,0,0,0,0,0,2,0,0,0,0,0,0,0,0,0,0,0,0,0,0,0,0,0,0,0,2,0,0,2,0,0,0,0,0,0,2,2,0,0,0,0,0,0,0,2,0,0,0,2,2,0,0,0,0,0,0,0,0,0,0,0,0,2,0,0,0,0,0,2,0,2,2,0,0,0,0,2,0,0,0,0,0,0,0,0,0,0,2,0,0,0,2,0,0,0,0,0,0,0,0,0,0,0,0,0,0,0,0,0,2,0,0,0,NA,0,0,0,0,0,0,0,0,0,0,0,0,0,0,2,0,0,0,0,0,0,0,0,0,0,0,0,0,2,2,0,0,0,0,0,2,0,2,0,0,0,0,0,2,0,0,0,0,0,2,2,0,0,0,0,0,2,2,0,2,0,0,0,0,0,0,2,2,2,0,2,2,0,0,0,2,0,0,0,2,0,0,2,0,0,0,0,0,0,0,0,0,0,0,0,2,2,0,0,0,0,0,0,0,0,0,0,2,0,0,0,0,0,0,0,0,0,0,0,0,0,0,0,NA,0,0,0,0,0,0,0,0,0,0,2,0,0,0,0,0,0,2,0,2,2,0,0,2,0,0,2,0,0,0,0,0,0,0,0,0,0,0,0,2,0,0,0,0,0,2,0,2,0,0,0,2,2,0,2,0,0,0,0,0,2,2,0,0,0,0,0,0,0,2,0,0,0,0,0,NA,2,0,2,0,2,0,2,2,2,2,0,0,0,0,0,0,0,2,0,2,0,0,0,2,2,2,0,0,0,0,0,0,0,0,0,0,0,0,0,0,0,0,0,0,0,0,0,2,0,0,2,0,0,0,0,0,2,2,0,2,2,2,2,2,0,2,0,2,0,0,2,0,0,0,0,0,0,0,0,2,0,0,0,2,2,0,0,0,0,0,0,0,2,0,0,0,0,2,0,0,0,0,0,0,0,0,0,0,0,2,0,0,0,0,2,2,0,0,0,0,0,0,NA,2,0,0,0,0,2,2,0,2,0,0,0,0,0,0,2,2,2,2,2,0,0,0,0,0,0,0,0,2,0,0,2,0,2,0,0,2,0,0,0,0,0,0,0,0,0,0,0,2,0,0,0,0,0,0,0,0,0,0,0,0,0,0,0,0,0,2,0,0,2,0,0,0,0,0,0,0,0,0,0,0,2,2,0,0,0,0,0,0,0,2,0,0,2,0,2,0,0,0,0,0,0,0,0,2,2,0,0,2,0,0,2,0,0,0,0,0,0,0,0,0,0,2,0,0,2,0,0,0,0,0,0,0,0,0,0,0,0,0,2,0,0,2,0,2,2,0,0,0,0,0,0,0,0,2,0,2,0,0,2,2,0,0,0,0,0,0,0,2,2,0,0,0,0,0,0,0,2,0,0,2,0,0,0,0,0,2,0,0,0,0,0,0,0,0,0,0,0,0,0,0,0,0,2,0,0,2,0,0,0,2,2,0,0,0,0,0,0,2,0,0,0,0,0,0,0,0,0,0,2,0,0,0,0,0,0,0,0,0,0,2,0,0,0,0,0,2,0,0,0,2,0,0,0,0,0,0,0,2,0,0,0,0,0,0,0,0,0,0,0,2,0,0,0,0,0,0,0,0,2,0,2,2,2,0,0,0,0,0,2,2,0,0,0,0,0,0,0,0,0,0,0,2,2,0,0,0,0,2,2,0,0,0,0,2,0,2,0,0,0,0,0,0,2,2,0,0,0,0,2,0,0,0,0,0,2,0,0,0,0,0,0,0,0,0,2,2,0,0,2,0,0,2,0,0,0,0,0,0,0,0,0,0,2,2,0,0,2,0,0,2,2,0,2,0,2,0,0,0,2,0,0,0,0,0,2,0,2,2,2,2,0,0,0,0,0,0,0,0,0,0,0,0,0,0,0,0,0,0,2,2,2,0,0,0,0,0,0,0,2,2,0,0,2,0,2,2,0,0,0,2,2,0,0,0,0,0,0,0,2,0,0,0,0,0,0,0,0,0,2,2,2,2,2,0,0,2,0,0,0,0,2,0,2,0,2,0,0,0,2,2,0,0,2,0,0,0,0,0,0,0,0,0,0,2,0,0,2,0,0,2,2,0,0,0,2,0,0,0,0,0,2,0,0,0,0,0,2,0,0,0,0,2,0,0,2,0,0,0,0,0,0,0,0,0,2,0,0,0,0,0,2,0,2,0,0,0,0,0,0,0,0,0,0,0,0,0,0,0,0,2,2,0,0,0,0,0,0,0,0,0,2,2,0,0,0,2,2,2,0,0,2,0,0,2,0,2,0,2,2,0,0,0,2,0,0,2,0,0,0,0,2,0,0,0,0,0,0,0,0,0,0,0,0,0,0,0,0,2,0,0,0,0,2,0,0,0,0,0,0,2,2,0,0,0,0,0,0,0,0,0,0,0,0,0,0,0,2,2,0,0,0,0,2,2,0,0,2,0,0,2,0,0,2,0,0,0,0,2,0,0,2,0,0,0,0,0,0,0,0,0,2,NA,0,0,2,0,0,0,2,2,0,0,0,0,0,0,0,2,0,0,0,0,0,0,0,0,0,0,0,0,2,0,0,0,0,0,0,0,0,0,0,0,0,0,0,0,0,0,0,0,0,0,0,0,0,0,0,0,0,0,0,0,0,2,0,0,2,0,0,0,0,0,2,0,0,0,0,0,0,0,0,2,0,0,0,2,0,2,0,2,0,0,0,0,0,0,0,2,2,2,0,0,0,0,2,0,0,2,0,0,0,0,0,0,0,0,0,0,0,2,2,2,2,0,2,0,0,0,0,2,2,2,0,0,0,0,0,0,0,2,0,0,0,0,0,0,0,0,2,0,0,0,0,0,0,0,0,0,0,0,2,0,0,0,0,0,0,0,0,0,0,0,0,2,0,2,0,0,0,0,0,2,0,0,2,0,2,0,0,2,2,0,0,0,2,0,0,0,0,0,0,0,0,0,0,0,0,0,0,0,2,2,0,0,0,0,2,0,0,0,0,0,0,0,0,0,0,0,0,2,0,0,0,0,0,0,0,0,0,0,0,0,0,0,0,0,0,0,0,0,2,0,0,0,0,0,0,0,0,0,0,0,0,0,2,0,0,0,0,2,0,0,0,0,0,0,0,0,0,0,0,2,0,0,0,0,2,0,0,2,2,0,0,0,0,2,0,0,0,2,0,0,0,0,2,0,0,0,0,0,0,0,0,0,0,0,0,0,0,0,0,0,0,0,0,0,0,0,2,0,0,0,0,0,0,0,0,0,0,0,0,0,2,2,0,0,0,0,0,0,0,2,2,0,0,0,0,0,0,NA,2,0,0,2,0,2,0,0,0,0,0,0,0,0,0,0,0,0,0,2,0,0,0,0,0,0,0,0,0,0,0,0,0,0,0,0,0,0,0,0,2,0,0,0,0,0,0,2,0,2,0,0,0,0,0,0,0,0,0,0,0,0,0,0,0,2,0,0,0,0,0,0,0,0,0,0,0,0,0,0,0,0,0,2,0,0,2,2,0,2,2,0,2,0,0,0,2,0,0,0,2,0,0,0,0,0,0,0,2,0,0,0,0,0,0,2,0,0,2,0,0,0,0,0,2,0,0,0,0,0,0,0,0,0,0,0,0,0,0,0,0,2,0,0,0,0,2,0,0,0,0,0,0,0,0,0,0,0,2,2,0,0,0,2,0,2,0,2,0,0,2,0,0,0,0,0,0,0,0,0,0,0,0,2,0,2,2,0,0,0,2,0,2,0,0,0,2,0,0,0,0,0,0,0,2,0,0,0,0,0,0,0,2,0,0,NA,0,0,0,0,0,0,0,2,0,0,0,0,0,0,0,0,2,0,2,0,2,0,0,0,0,0,0,0,0,0,0,2,2,0,0,2,2,0,2,0,2,2,0,0,2,0,0,0,0,0,0,0,0,2,0,0,0,0,0,2,0,2,0,2,2,0,0,2,0,0,0,2,0,0,0,0,0,2,0,0,0,0,0,0,0,0,0,0,0,0,0,0,0,0,0,0,0,0,0,2,0,0,2,0,0,0,0,2,0,0,0,0,0,0,0,0,0,0,0,0,0,0,0,0,0,0,0,0,0,0,0,2,0,0,0,2,0,0,0,0,0,0,0,0,2,0,0,0,0,0,2,0,0,0,0,2,0,0,2,2,2,2,0,2,0,2,2,0,2,0,2,2,0,0,0,0,0,2,0,2,0,0,2,0,0,0,0,0,0,0,0,2,2,2,NA,0,2,2,0,0,2,0,0,2,2,0,0,0,2,2,2,2,0,0,0,2,0,2,0,2,2,0,0,0,0,0,2,2,0,0,0,0,2,0,2,2,0,0,0,0,0,0,0,0,0,0,0,0,2,2,0,0,0,0,0,2,0,0,0,0,2,0,0,2,0,0,2,2,0,0,NA,0,2,0,2,0,0,0,0,0,0,0,0,0,0,0,0,0,0,0,2,0,0,0,0,0,2,2,0,0,0,0,0,0,2,2,0,0,0,2,0,0,2,2,0,0,0,0,2,2,2,0,0,2,2,NA,0,2,2,0,2,0,2,2,2,2,0,0,0,2,0,2,0,0,0,2,2,0,0,0,0,0,0,0,0,2,0,0,0,0,0,0,2,0,0,0,0,2,0,0,0,0,2,0,0,0,0,0,0,0,2,0,0,2,0,0,2,0,2,0,0,0,0,0,0,0,0,2,0,0,0,0,0,0,0,0,2,0,0,2,2,0,0,0,2,2,2,0,0,0,0,0,0,0,0,0,0,0,2,0,0,0,0,0,0,0,0,0,0,2,2,0,0,0,0,0,0,2,0,0,0,0,0,0,0,2,2,0,0,0,0,0,0,0,0,0,0,0,0,2,0,0,2,0,0,0,0,0,2,2,0,0,0,2,0,0,2,0,0,2,2,NA,0,0,2,0,0,0,0,0,0,0,0,2,0,0,0,0,0,0,0,0,2,2,2,0,0,0,0,0,0,0,0,2,0,0,0,0,2,0,0,0,0,2,0,0,0,2,2,0,0,0,0,0,2,2,0,0,0,0,0,0,0,0,0,0,0,2,2,0,2,0,2,0,0,0,0,0,0,0,0,0,0,0,0,0,0,0,0,0,0,0,0,0,0,2,0,0,0,0,0,2,0,0,0,0,0,0,2,0,2,0,0,0,0,2,0,0,2,0,0,2,0,0,0,2,0,0,0,0,0,2,2,0,0,0,0,0,0,2,2,2,0,0,0,0,0,0,0,0,0,0,0,0,2,0,0,0,2,0,0,0,2,2,0,0,0,0,0,0,0,0,0,0,2,0,0,0,2,0,2,0,0,0,0,2,0,0,0,2,2,0,0,0,0,0,2,0,2,2,0,0,0,2,0,0,2,2,0,0,0,0,0,2,0,0,2,0,0,0,2,0,2,0,0,0,0,0,0,0,0,0,0,0,2,0,0,2,0,0,2,0,0,0,2,2,2,2,0,0,2,2,0,0,2,0,2,0,2,0,0,2,0,0,0,0,0,0,0,0,0,2,0,0,0,0,0,0,0,0,0,2,0,0,0,0,0,0,0,0,0,0,0,0,0,0,0,0,0,0,0,0,0,0,0,0,0,0,2,0,0,2,0,0,2,0,0,0,0,2,0,0,0,0,0,0,0,0,0,0,0,0,0,0,0,0,0,0,0,0,0,0,0,0,0,0,2,0,0,0,0,2,0,0,0,0,0,0,0,0,0,2,2,0,2,2,2,0,2,2,0,0,2,0,0,0,0,2,2,0,0,0,2,2,0,0,0,2,2,0,0,0,2,0,0,0,0,0,2,0,0,2,2,2,0,2,0,0,0,0,0,0,0,0,0,0,2,0,0,2,2,0,0,0,0,2,0,2,0,0,0,2,0,0,0,0,0,0,0,0,0,0,0,0,0,0,0,0,0,0,2,0,0,0,0,0,0,0,0,0,0,0,0,0,0,0,0,0,0,0,0,0,0,0,0,0,0,0,0,0,0,0,0,0,0,0,0,0,0,0,0,0,0,0,0,0,2,0,0,0,2,0,2,0,0,0,0,0,2,0,0,0,2,2,0,0,2,0,0,0,0,2,0,2,2,2,2,2,0,0,0,0,2,0,0,0,0,0,0,0,2,0,0,0,2,0,0,0,2,2,2,0,0,2,0,0,2,0,0,2,0,2,0,0,0,0,0,0,0,0,0,2,0,2,2,0,0,0,0,0,2,2,0,0,2,2,0,0,0,0,2,2,0,0,0,0,0,0,0,2,2,0,0,0,0,0,0,0,0,0,0,0,2,0,0,0,0,0,0,0,NA,0,2,0,0,0,0,0,0,0,0,0,0,0,2,0,0,0,2,0,0,2,0,0,0,2,0,2,0,0,0,0,2,0,0,0,0,0,0,0,0,0,0,0,0,0,0,0,0,0,0,0,0,0,0,0,0,0,0,0,0,2,0,0,0,0,0,2,2,0,0,0,0,0,0,2,0,0,2,0,0,2,2,0,0,2,0,0,0,0,0,0,0,0,0,0,2,0,0,0,2,0,0,0,0,0,2,0,0,0,2,0,2,0,0,2,0,2,0,0,0,0,0,0,0,0,0,0,0,0,2,0,0,0,0,0,0,0,0,0,0,0,0,2,0,0,0,0,2,2,0,0,2,0,0,0,2,0,2,0,0,0,0,0,0,0,0,0,2,0,0,0,0,0,0,0,0,0,0,0,0,0,0,0,0,0,2,2,0,0,0,0,2,0,2,0,0,0,0,0,0,0,0,0,0,0,0,2,0,0,0,2,2,2,0,0,0,0,0,0,2,2,0,0,0,0,0,0,0,0,0,0,0,2,0,0,0,0,0,0,0,0,0,2,0,0,0,0,2,0,0,2,0,0,2,0,0,0,0,0,2,0,0,0,0,2,0,0,2,0,0,0,0,0,0,0,0,2,2,0,0,0,0,0,0,0,0,0,0,0,0,0,0,0,2,0,0,2,2,0,2,0,0,2,2,0,0,0,2,2,0,2,0,0,0,2,2,0,2,0,0,0,0,2,0,0,0,0,0,0,0,0,0,0,0,0,0,0,0,0,0,0,0,0,2,0,2,0,0,2,2,0,0,0,0,0,0,0,0,2,2,2,0,2,0,0,0,0,0,0,0,0,2,0,0,0,0,0,0,2,0,2,0,0,2,NA,0,2,0,2,0,0,0,2,2,0,0,2,2,0,0,0,2,0,0,2,2,2,0,0,2,0,NA,2,0,0,0,0,0,0,0,2,0,0,2,2,2,0,0,2,0,0,0,0,0,2,0,0,0,0,2,0,2,0,0,0,0,0,0,0,2,2,0,2,2,0,0,0,0,2,0,2,0,0,0,2,0,0,2,0,2,0,0,2,0,0,0,0,2,0,0,0,0,0,0,0,0,0,2,0,0,2,0,0,0,0,2,0,0,0,0,0,0,0,0,0,2,0,2,0,0,0,0,0,0,0,2,0,0,0,0,0,0,0,0,0,0,0,0,0,0,0,0,0,0,0,0,0,0,0,0,0,0,0,0,0,0,0,0,2,0,0,0,0,2,0,0,0,2,0,0,0,0,0,0,0,0,0,0,2,0,0,0,0,0,0,0,0,0,0,0,0,0,0,0,0,0,2,0,0,0,0,0,0,0,0,0,0,2,2,2,0,0,0,0,0,0,2,0,0,0,0,0,0,0,2,2,0,0,2,0,0,0,0,2,2,2,2,2,0,0,0,2,0,0,0,2,0,2,0,0,0,0,0,0,2,2,2,2,0,2,2,0,0,0,0,0,2,0,0,0,0,0,0,0,0,0,0,0,0,0,2,0,2,2,0,0,0,2,0,0,0,0,2,2,0,0,0,0,0,0,2,2,0,0,0,0,0,2,2,2,0,0,0,0,2,0,0,0,0,0,2,0,0,0,2,0,2,0,0,0,0,0,2,2,0,0,0,2,0,0,0,0,0,0,0,0,0,0,0,0,0,2,0,0,0,0,0,0,0,0,0,0,2,0,2,0,0,2,0,0,0,0,0,2,0,0,0,0,0,0,0,0,0,2,0,2,0,0,2,2,0,0,2,0,2,0,0,0,2,2,0,0,2,0,2,0,0,0,2,2,0,0,0,2,0,0,2,0,0,0,0,0,0,2,0,0,0,0,0,2,0,2,0,2,0,0,2,0,0,2,0,2,0,2,0,0,0,2,0,2,0,0,0,0,0,0,0,0,0,0,0,0,0,0,0,0,0,0,0,2,2,2,0,2,0,0,0,2,0,0,2,0,2,0,0,2,2,0,0,0,2,0,0,0,2,0,0,0,0,0,2,2,0,0,0,0,0,0,0,0,0,0,2,2,0,2,0,0,2,0,2,2,2,2,2,2,0,0,2,0,0,0,0,0,0,0,2,0,2,0,2,0,0,0,0,2,0,2,0,0,0,0,0,2,2,0,0,0,0,0,0,2,0,0,2,0,0,0,0,0,0,0,0,0,0,0,0,0,0,0,0,0,0,0,0,0,0,0,2,0,0,0,0,2,0,2,0,0,2,0,0,0,2,0,2,0,0,0,0,0,0,2,2,2,0,0,0,0,0,2,0,0,2,0,0,0,0,0,0,0,0,0,2,0,2,0,0,0,0,0,0,2,0,0,0,0,0,0,0,2,2,0,0,0,0,0,0,2,0,0,2,2,0,0,0,0,0,0,0,0,0,0,0,0,0,2,0,2,2,0,0,0,0,2,0,0,0,0,0,0,0,0,0,0,2,0,0,0,0,0,0,0,0,0,0,0,0,0,0,0,0,2,2,2,0,2,0,0,0,0,0,2,0,0,0,0,0,0,0,0,0,0,0,0,0,0,2,0,0,0,0,0,2,0,2,0,0,0,0,0,0,2,0,0,2,2,0,0,0,0,0,0,0,0,2,2,0,0,2,0,0,0,0,0,0,0,0,0,0,0,0,0,2,0,0,0,0,0,0,0,0,0,0,0,2,0,0,2,0,2,0,0,0,0,0,0,2,0,0,0,0,2,0,0,0,0,0,0,0,2,0,0,0,0,2,0,0,0,0,0,0,0,0,0,0,0,0,2,2,2,0,0,0,2,0,0,0,0,0,0,2,2,0,2,0,0,0,0,0,0,0,0,0,0,0,0,0,0,0,0,0,0,0,0,0,2,0,2,0,0,0,0,0,0,0,2,2,0,0,0,0,0,0,0,0,0,0,2,0,0,0,0,0,2,NA,0,0,2,0,0,0,0,2,0,0,0,0,0,0,0,0,0,0,0,2,0,0,0,0,0,0,0,2,0,0,0,2,0,0,0,2,0,2,0,0,0,0,0,0,0,2,0,0,0,0,0,0,0,2,0,2,0,0,0,0,0,2,0,0,0,0,2,2,0,0,2,0,2,0,2,0,2,0,0,0,0,0,0,0,0,0,0,0,0,0,2,0,0,0,0,0,2,0,0,2,0,2,0,0,2,2,0,2,2,0,0,0,0,2,2,2,0,2,0,2,0,0,0,0,0,2,0,0,0,0,0,0,0,2,0,0,0,0,0,0,0,2,0,2,2,0,0,0,0,0,0,0,0,0,2,0,0,2,2,0,0,0,2,0,0,2,0,2,2,0,0,0,0,0,0,0,2,0,0,0,0,0,0,0,0,0,0,0,0,2,0,0,0,0,0,0,0,2,2
"CC194",0,0,0,0,2,0,0,0,0,0,0,0,0,0,0,0,0,0,0,0,2,2,2,0,0,0,2,2,0,0,0,0,0,0,2,0,2,2,0,0,2,2,0,2,NA,0,0,0,0,0,2,0,0,0,0,0,2,0,0,0,0,0,2,2,0,2,0,2,0,0,2,0,0,2,2,0,NA,0,0,0,2,2,0,0,0,0,0,0,0,0,0,2,0,0,0,2,0,0,0,0,0,0,0,2,0,0,0,2,0,2,2,0,2,0,0,0,0,0,0,2,0,2,0,2,0,0,0,2,2,2,2,0,0,0,0,0,0,2,2,0,0,0,0,0,0,0,0,2,2,2,0,0,0,0,0,2,0,0,0,0,0,0,2,2,2,2,0,0,0,0,0,2,2,0,0,2,0,2,0,2,0,0,0,2,0,0,0,2,0,0,2,2,0,0,0,0,0,2,0,0,0,2,0,0,NA,0,0,0,NA,0,0,2,0,0,0,0,2,0,2,0,2,0,0,2,0,2,0,0,0,2,0,0,0,0,0,0,2,2,0,0,0,0,0,2,2,0,2,0,2,0,0,0,0,0,0,2,2,0,0,0,2,2,0,0,0,0,0,2,0,0,2,2,2,0,0,0,2,2,0,0,0,2,0,0,0,0,0,0,0,0,0,0,0,0,0,2,0,0,2,2,0,0,0,0,2,0,0,2,0,0,0,0,0,0,0,2,0,2,2,2,0,0,0,0,2,0,0,0,0,0,0,2,0,0,0,2,0,0,2,0,0,0,0,0,0,0,0,0,2,0,2,0,0,0,0,0,0,2,0,0,0,0,0,0,0,0,0,0,0,0,0,0,0,0,0,0,0,0,2,0,2,0,0,0,2,0,0,2,0,0,0,2,0,0,0,0,0,0,0,0,0,0,2,0,NA,2,2,0,0,2,0,0,0,0,0,0,0,2,0,0,0,2,2,2,2,0,0,2,0,2,2,0,2,2,0,2,2,2,0,0,0,0,2,0,0,0,0,0,0,0,0,0,0,0,0,0,0,0,0,2,0,0,0,0,0,0,0,0,0,2,0,0,0,0,0,2,0,0,0,2,0,0,2,0,2,2,0,0,2,0,0,0,0,2,0,0,0,2,0,2,0,0,2,0,0,0,0,0,0,0,0,2,0,0,0,0,0,2,0,2,0,0,2,0,0,0,0,0,0,2,0,0,0,0,0,2,0,0,0,2,2,0,0,2,0,0,0,2,0,0,0,0,0,2,0,0,2,2,0,0,0,0,0,2,2,2,2,0,0,0,0,2,0,0,2,0,2,0,0,0,2,2,0,0,0,0,2,0,0,0,0,0,0,0,2,0,2,0,2,2,0,0,0,0,0,0,0,0,2,2,0,0,0,2,0,NA,0,0,0,2,0,0,0,2,2,2,0,0,0,2,0,0,0,0,2,0,0,0,0,0,0,0,0,0,0,0,0,2,0,0,0,0,0,0,0,2,2,0,2,0,0,0,0,0,0,0,2,0,0,0,0,0,0,2,0,2,0,0,0,2,0,0,2,0,0,0,0,0,0,0,0,0,2,0,0,0,2,0,0,2,0,2,0,2,0,0,0,0,0,2,0,0,0,0,2,0,0,0,2,0,0,0,2,0,0,2,0,2,2,0,0,0,0,0,2,0,0,0,0,0,0,0,0,0,0,0,0,0,2,0,0,0,0,0,0,0,0,0,2,0,0,0,0,0,0,0,0,0,0,0,2,0,0,0,0,0,2,0,0,0,0,0,2,0,0,0,0,0,0,0,0,0,0,0,0,0,0,0,0,0,0,0,0,0,0,0,0,0,0,0,0,0,0,0,0,2,2,0,0,0,0,0,2,2,2,0,0,0,0,0,0,0,0,0,0,0,2,0,0,0,0,0,0,2,2,2,0,2,0,2,2,0,0,0,2,2,2,0,0,2,0,0,0,2,0,0,0,2,0,0,0,0,2,0,0,0,0,0,0,0,0,2,0,0,0,0,2,0,0,0,0,0,0,0,0,0,0,0,0,0,2,0,0,0,0,0,0,0,0,0,0,0,0,0,0,2,2,2,0,0,0,0,0,0,0,0,0,0,0,0,0,0,0,0,0,2,0,0,0,0,0,0,0,0,2,0,0,0,0,0,2,0,0,0,0,0,0,0,0,0,2,0,2,0,0,0,2,0,2,0,0,0,0,2,0,0,2,0,2,2,0,0,0,0,0,0,0,0,0,0,0,0,0,0,0,0,0,0,0,0,0,0,0,0,0,0,0,0,0,0,0,0,0,0,0,0,0,2,0,0,0,0,2,0,2,0,2,0,0,0,0,0,0,0,0,2,0,0,0,2,0,0,2,0,0,0,0,0,0,0,0,0,0,0,2,0,0,2,2,2,0,0,NA,0,0,0,0,2,0,0,2,0,2,0,0,0,2,2,0,0,0,0,0,0,0,0,0,2,2,0,0,0,0,0,0,2,2,0,0,0,0,0,2,0,2,0,0,0,0,0,2,0,0,0,0,0,0,2,0,0,0,0,2,0,0,0,0,2,0,0,0,0,2,0,0,0,0,0,0,0,0,2,0,0,0,0,0,2,0,0,0,0,0,0,0,0,2,0,0,0,0,0,0,0,0,0,0,0,0,0,0,0,0,0,0,0,0,0,0,0,2,0,0,2,0,0,0,0,0,2,0,0,0,0,0,2,0,0,2,0,0,0,0,0,0,0,2,0,0,0,0,0,0,2,0,0,0,0,0,0,0,0,2,0,2,2,0,0,0,0,0,0,2,0,0,0,2,2,0,0,0,0,0,2,2,2,0,0,0,2,0,0,0,0,0,0,0,0,0,0,0,0,0,0,0,0,0,0,0,0,0,0,0,0,0,0,2,0,0,2,0,2,0,2,0,0,0,2,0,2,2,0,0,0,0,0,2,0,0,2,0,0,0,0,2,0,0,0,0,0,0,0,2,0,0,0,0,2,0,0,0,0,0,0,0,0,0,0,0,0,0,0,0,0,0,0,0,0,0,0,0,0,0,0,0,0,0,0,0,0,0,2,0,0,0,0,0,0,2,0,2,2,2,2,2,0,0,0,0,0,0,0,0,0,0,0,0,NA,0,0,0,0,0,2,0,0,0,0,0,0,2,2,0,0,0,0,0,0,0,0,0,0,0,0,0,0,0,0,0,0,0,2,0,0,2,0,0,0,0,0,0,0,0,2,0,2,0,0,2,0,0,0,0,0,2,0,0,0,0,0,0,0,0,0,0,0,2,0,0,0,0,0,0,0,0,0,0,0,0,0,0,0,0,0,2,0,0,0,0,2,2,0,0,0,0,2,0,0,2,0,0,0,0,0,0,0,0,0,0,0,0,0,2,0,2,0,0,0,0,0,0,2,2,2,0,0,0,0,0,0,0,0,0,0,2,0,2,0,0,0,2,0,0,0,2,0,0,0,0,2,0,0,2,0,0,2,0,0,2,0,0,2,0,0,2,0,2,0,0,2,0,0,0,0,0,0,0,0,0,0,0,2,0,0,0,0,2,0,0,0,0,0,0,0,2,0,0,0,0,0,0,2,2,2,0,2,0,0,0,0,0,0,0,0,0,0,2,0,2,0,0,0,0,0,NA,0,0,0,0,0,NA,0,0,0,0,0,0,2,0,2,0,0,0,NA,2,2,0,0,0,0,0,2,0,0,0,0,0,0,2,0,0,2,0,0,0,2,2,0,0,0,0,2,0,0,0,2,0,0,0,0,2,0,0,0,0,0,2,2,2,0,0,0,NA,0,0,0,0,2,2,2,0,0,0,0,0,2,0,0,0,0,0,0,2,0,0,2,2,2,0,0,0,0,0,0,0,0,0,0,0,0,2,0,0,2,0,0,2,0,0,0,0,2,2,0,0,0,0,0,2,0,0,0,0,0,2,0,0,0,0,0,0,0,0,0,0,2,0,0,0,0,0,0,0,0,0,0,2,0,0,0,0,0,0,0,0,0,2,0,0,0,0,0,0,0,0,0,0,0,0,0,0,0,2,0,0,0,0,0,0,0,0,0,2,2,2,2,0,0,0,2,0,0,0,0,2,0,2,2,2,0,0,0,2,2,0,2,0,0,0,0,0,0,0,0,0,0,0,0,0,0,0,2,0,2,0,0,0,0,2,0,0,0,0,0,0,0,2,0,0,0,2,0,0,0,0,2,0,0,2,0,0,0,0,0,0,0,0,0,2,0,0,2,0,0,0,0,2,0,0,0,2,0,0,0,0,0,0,0,0,0,0,2,2,2,2,0,2,0,0,0,2,0,0,0,2,2,0,0,0,0,2,0,0,0,2,2,0,0,0,2,0,2,0,2,0,0,0,0,0,0,0,0,2,0,0,0,2,0,0,0,0,0,0,0,0,0,2,0,0,0,0,2,0,0,0,0,0,0,0,0,0,0,0,0,0,0,2,0,0,2,0,0,0,0,2,2,0,2,0,2,0,0,0,0,0,0,0,0,0,0,2,0,0,0,0,0,0,0,2,0,0,2,2,0,0,0,0,0,0,0,0,0,0,0,2,0,0,0,2,2,2,0,2,0,0,0,0,0,0,0,0,2,0,0,0,0,0,0,0,0,0,0,0,0,2,0,2,0,0,0,0,0,2,0,0,0,0,0,0,0,0,0,0,0,0,0,0,0,0,0,2,0,0,0,0,0,0,0,0,0,0,0,0,0,0,0,2,0,0,0,0,0,2,0,0,0,0,2,0,2,0,2,0,2,2,0,2,0,2,0,0,2,2,2,0,0,0,0,2,0,0,0,0,0,0,2,0,0,0,0,2,0,2,NA,2,0,2,2,2,2,0,0,0,0,2,2,0,0,0,0,0,0,0,0,0,0,2,0,0,0,0,0,0,0,0,0,0,0,0,0,0,0,0,0,0,0,0,0,0,0,0,0,0,0,0,0,0,0,0,0,0,0,0,0,0,0,0,0,0,0,0,2,0,2,0,0,0,0,2,0,0,0,2,0,0,0,0,0,0,0,0,0,2,2,0,0,2,0,0,0,0,0,0,0,0,2,0,0,0,0,0,0,0,2,0,0,0,0,0,0,0,0,2,0,2,2,0,0,0,0,0,0,0,0,0,0,2,0,0,0,0,2,0,0,0,0,0,0,0,0,0,0,0,0,0,2,2,0,0,0,0,0,0,2,0,0,2,0,0,0,0,0,2,0,2,0,0,0,0,2,2,0,0,0,2,0,0,0,0,0,0,0,0,2,0,0,0,0,0,0,0,0,0,0,0,0,0,2,0,0,0,0,0,0,0,2,0,0,0,0,0,0,0,0,0,2,2,0,0,0,0,0,0,0,0,0,0,0,0,0,0,0,0,0,0,0,0,2,2,0,0,2,0,0,2,2,0,0,0,0,0,0,0,2,0,0,2,0,0,0,2,0,0,0,0,0,0,0,0,0,0,0,0,0,0,0,0,0,0,0,2,0,0,2,0,2,0,0,0,0,0,0,0,0,0,0,0,0,0,0,2,0,0,0,0,0,2,0,0,0,0,0,0,2,0,0,0,0,2,0,0,0,2,0,0,0,0,0,2,0,2,0,0,0,0,0,0,0,2,0,0,0,0,0,0,0,0,0,0,0,0,0,0,2,0,2,0,0,0,2,0,2,0,0,0,0,2,0,0,0,0,0,0,0,0,0,0,0,0,0,2,2,0,0,0,0,0,2,0,0,0,2,2,0,0,2,0,0,0,0,0,0,0,0,0,2,0,0,2,0,0,0,0,2,0,0,0,0,0,0,0,0,2,0,0,0,0,0,0,0,0,0,0,0,0,0,0,0,0,2,0,0,0,0,2,0,0,0,2,0,0,0,0,0,0,0,0,0,0,0,0,0,0,2,0,0,2,0,2,0,2,0,0,0,0,0,0,0,0,0,0,0,2,0,0,0,2,0,2,0,2,0,0,2,0,0,0,2,0,0,2,2,2,0,2,0,2,0,2,2,2,0,0,0,0,0,0,2,2,0,0,0,2,0,0,0,2,0,0,2,2,0,0,0,2,2,0,0,2,0,0,0,2,2,0,0,0,0,2,0,2,2,0,0,0,2,0,0,0,0,0,0,0,0,0,0,2,0,0,2,0,0,2,0,0,0,0,0,0,0,0,2,0,0,0,2,2,2,2,0,0,0,0,0,0,0,2,0,2,0,0,0,0,2,0,0,0,0,2,2,2,0,0,0,0,2,0,0,0,0,0,0,0,0,0,0,0,2,0,0,0,2,2,0,0,2,2,2,0,0,0,0,2,2,0,0,2,0,0,0,2,0,0,2,2,0,0,0,2,2,2,2,0,2,0,0,0,2,0,2,2,0,0,0,0,0,0,0,0,0,0,2,2,2,2,0,2,0,0,0,0,0,0,0,0,0,0,0,2,2,0,0,0,0,0,2,2,0,0,0,2,0,0,2,0,0,0,0,0,0,2,0,0,0,2,0,0,0,2,0,0,0,0,0,0,0,0,0,0,2,2,0,0,0,0,0,2,2,0,0,0,0,0,0,2,0,0,0,0,2,0,0,2,2,2,0,0,2,2,0,2,0,0,0,0,2,0,0,2,0,0,0,0,2,0,2,0,0,2,0,0,0,0,2,0,0,2,0,0,0,2,0,0,0,0,2,0,0,2,0,2,2,0,2,0,0,0,0,0,2,0,0,0,0,0,0,0,0,0,0,2,0,2,0,0,0,0,0,0,0,0,0,0,0,0,0,0,2,0,0,0,0,0,0,0,0,0,0,0,0,2,0,0,0,2,0,0,0,0,0,0,0,0,0,0,0,0,0,0,0,0,2,0,0,0,0,0,0,0,0,0,0,0,0,2,0,0,0,0,0,0,2,2,0,0,0,0,0,0,0,0,0,0,0,0,0,0,0,0,0,0,2,2,2,0,0,0,0,0,0,2,0,0,0,2,0,0,0,0,0,0,0,0,0,0,0,0,0,0,0,0,0,0,2,0,0,0,0,0,0,0,2,0,2,0,0,0,0,0,0,2,0,2,0,0,0,0,0,0,0,0,0,0,0,2,0,0,0,0,0,0,2,0,0,2,2,0,0,2,0,0,0,0,0,0,0,0,2,2,0,0,0,2,0,0,0,0,2,0,2,0,2,0,0,0,0,0,0,0,2,0,2,0,0,0,2,0,0,0,0,0,2,0,0,0,0,0,0,0,0,0,0,0,0,0,0,0,2,0,0,0,0,0,0,0,2,0,2,0,2,0,0,2,0,2,0,0,0,2,0,0,2,0,0,0,0,0,0,0,0,0,0,0,0,0,0,0,0,0,0,0,0,0,0,0,0,0,0,0,0,0,0,0,0,0,0,0,0,0,2,0,0,0,0,0,0,0,0,0,0,2,2,2,0,2,2,0,0,2,2,0,0,0,0,0,2,0,0,0,0,2,2,0,0,0,0,2,2,0,2,0,2,0,0,2,2,0,0,0,0,0,2,2,0,0,2,0,2,2,0,0,2,0,0,0,2,2,2,2,0,0,2,2,0,0,0,0,2,0,0,0,0,0,0,0,2,0,0,0,0,0,2,2,2,2,2,0,0,2,0,0,0,0,0,0,0,0,0,2,2,0,0,0,0,0,2,2,2,0,0,0,2,0,0,0,0,2,2,0,0,0,0,0,0,0,0,2,2,0,0,0,0,2,0,0,0,2,0,2,0,0,0,0,0,2,0,0,0,0,0,0,0,0,0,0,2,2,0,0,0,0,2,0,0,0,2,0,2,2,0,2,2,2,0,0,2,0,0,0,0,0,0,2,0,2,2,0,2,2,2,0,0,0,2,0,0,0,0,2,2,2,0,0,0,2,2,0,2,0,0,0,0,0,0,0,0,0,0,0,0,0,0,0,0,0,0,0,0,0,0,0,0,0,0,0,0,0,0,0,0,0,0,0,2,0,0,0,2,2,0,0,0,0,0,0,0,0,0,0,0,0,2,0,0,0,0,0,0,0,0,0,0,0,0,0,0,0,0,0,0,0,0,0,0,0,2,0,0,0,0,0,0,0,0,0,0,0,0,0,0,0,0,0,0,2,0,0,0,2,0,0,0,0,0,0,0,0,0,0,0,0,0,2,0,0,0,0,2,0,0,0,2,0,0,0,2,0,0,2,0,0,0,2,0,2,0,2,0,0,0,2,0,0,0,0,0,2,0,2,2,2,2,0,0,0,0,0,0,0,0,0,0,0,0,0,0,0,0,0,0,0,0,0,2,2,0,2,2,0,0,0,2,0,0,0,0,0,0,0,0,0,0,0,0,2,0,2,0,NA,NA,2,0,0,0,0,0,0,2,2,0,2,0,0,0,2,0,0,0,0,0,0,0,0,0,0,2,0,0,0,0,0,2,0,0,0,0,0,0,0,2,2,0,0,0,2,0,0,2,0,0,0,0,0,2,2,0,2,0,2,0,0,2,0,0,0,2,0,2,2,0,0,0,2,0,0,0,0,0,0,0,0,2,0,0,0,0,0,2,0,0,0,0,0,0,0,0,2,0,0,0,0,0,2,0,0,0,0,0,0,0,2,0,0,0,2,0,0,0,0,0,0,0,0,0,0,0,0,0,0,0,0,0,2,0,0,0,2,0,0,0,0,0,0,0,2,2,0,0,0,0,0,2,0,2,0,0,2,0,2,2,0,0,2,0,0,2,0,0,0,0,0,0,0,0,0,0,0,0,0,0,0,0,0,0,0,0,0,0,0,0,0,0,0,0,0,0,2,0,0,2,2,0,2,0,0,0,0,0,0,0,0,0,0,0,2,0,0,0,2,0,0,0,0,0,0,2,0,0,0,0,0,0,0,0,0,0,2,0,2,0,0,2,0,0,0,0,0,0,0,0,0,0,0,0,0,0,0,2,2,2,0,0,2,2,0,0,0,0,0,0,0,0,0,0,0,0,0,0,0,0,2,0,0,0,0,0,0,0,0,0,2,0,2,2,0,0,0,2,0,0,0,0,0,2,0,2,0,0,0,0,0,0,0,0,0,0,0,0,0,0,0,2,0,0,2,0,0,0,0,0,2,0,0,0,0,0,0,0,0,0,0,0,0,0,0,0,0,0,0,0,0,0,0,0,0,0,0,0,0,0,0,0,0,0,0,0,0,0,0,2,2,2,0,0,0,0,0,0,2,0,0,0,2,2,0,0,0,0,0,0,0,0,0,2,0,2,0,0,0,0,0,2,0,0,0,2,0,2,0,0,0,0,0,2,2,0,0,0,0,0,0,2,0,0,0,0,0,0,0,0,2,0,0,0,0,0,0,0,0,0,0,0,0,2,2,0,2,0,2,0,0,0,0,0,0,0,0,0,0,0,0,0,0,0,2,2,0,0,0,0,0,0,0,0,0,0,0,2,2,0,0,0,0,0,0,0,0,0,2,2,2,0,0,0,2,0,0,0,0,0,0,0,0,0,0,0,0,0,0,0,0,0,0,2,0,0,0,0,0,2,0,0,0,0,0,0,0,0,2,0,0,0,0,0,0,0,2,0,0,0,0,0,0,0,0,0,0,0,2,0,0,0,2,0,0,0,0,0,2,2,0,0,0,2,0,0,0,0,0,0,0,0,0,0,2,0,0,0,0,2,0,0,0,0,0,0,0,0,0,2,0,0,0,0,0,0,0,0,0,2,0,0,0,0,0,0,0,2,0,0,0,0,0,0,0,0,0,0,0,2,0,0,0,0,0,0,0,2,0,0,0,0,0,0,0,0,2,0,0,0,0,0,0,0,2,2,2,2,0,0,0,0,2,0,0,0,0,0,0,0,0,0,0,0,0,2,0,2,2,0,2,0,0,0,0,0,0,0,0,0,0,0,0,0,0,2,0,0,0,0,0,0,0,0,0,0,0,2,0,0,0,0,2,2,2,0,0,0,0,0,0,0,0,0,0,0,0,0,0,0,0,0,0,0,0,0,0,0,0,0,0,0,0,0,2,0,0,0,0,0,0,0,0,0,0,0,2,0,2,0,0,0,0,0,0,0,0,0,2,0,0,2,2,0,0,0,0,0,0,0,0,0,0,0,2,0,0,0,0,0,0,0,2,0,2,0,0,2,2,0,0,0,0,2,0,0,0,0,0,0,0,2,0,2,0,0,2,0,0,2,2,0,0,2,0,0,0,2,0,0,2,0,0,2,0,0,0,0,0,0,0,0,0,0,0,0,0,0,0,2,0,0,2,0,0,0,0,0,0,0,0,0,0,0,0,0,0,0,2,2,0,0,0,0,0,0,0,0,0,0,0,0,0,0,0,0,0,2,2,0,0,0,0,0,2,0,0,0,2,0,0,0,0,2,0,0,0,2,2,0,0,0,0,0,0,0,0,0,0,0,0,0,0,2,0,0,0,0,0,2,0,0,0,0,2,0,0,0,0,0,0,0,0,2,0,2,0,0,0,2,0,0,0,0,2,0,0,2,2,2,0,0,0,0,0,0,0,0,2,0,0,0,0,0,0,0,0,2,0,0,0,0,0,0,0,0,2,0,2,2,0,0,0,0,0,0,0,0,0,0,2,2,0,0,0,0,0,0,0,2,0,0,0,2,2,0,2,0,0,2,0,0,0,0,2,0,0,2,0,0,2,0,0,2,0,0,0,0,0,0,2,0,0,0,2,0,0,2,0,0,0,2,2,2,2,0,0,0,0,2,2,0,0,0,0,0,0,0,0,0,0,0,0,0,0,0,0,0,2,0,0,2,2,0,2,0,2,0,0,0,0,0,0,0,0,2,0,0,2,2,0,0,0,0,2,0,0,0,0,2,0,0,0,0,0,0,0,0,2,0,0,0,0,0,0,0,0,0,0,0,2,2,2,2,2,0,0,0,2,0,0,0,0,0,0,0,2,0,0,0,0,2,0,0,0,0,0,0,0,2,2,0,0,2,0,2,0,0,0,0,0,0,0,0,0,2,0,2,0,0,0,0,2,0,0,2,2,0,0,0,0,0,0,0,0,0,0,0,0,2,0,0,0,0,0,0,0,2,0,0,2,0,0,2,0,0,0,0,0,2,2,0,0,0,0,0,0,2,2,2,2,0,0,0,0,0,0,0,0,0,0,0,0,0,2,0,0,0,2,0,0,0,2,0,0,0,0,0,0,0,0,0,0,0,0,0,0,2,0,0,0,0,2,2,0,0,0,0,0,0,0,0,0,0,0,0,0,0,0,0,0,0,0,0,0,0,0,0,2,0,2,0,0,2,0,NA,2,2,2,0,0,0,0,0,2,0,2,0,0,0,0,0,0,0,0,0,0,0,0,0,0,2,2,0,0,0,0,0,2,0,0,0,0,2,0,0,0,2,0,0,2,0,2,0,0,0,0,0,0,2,0,0,0,0,0,0,2,2,0,0,0,0,0,0,2,0,0,0,0,0,0,2,0,2,2,0,0,0,0,0,2,0,2,0,0,0,0,0,0,0,0,2,2,0,0,0,0,0,0,0,0,0,0,2,0,2,2,0,0,0,0,0,2,0,0,2,0,0,0,2,0,2,0,0,0,0,0,0,0,0,0,2,0,2,0,0,0,0,0,0,0,0,0,0,0,0,2,0,0,0,2,0,0,0,0,2,0,0,2,2,0,0,0,0,0,0,2,0,0,0,2,0,0,2,0,0,0,0,0,2,0,2,0,0,2,0,0,0,0,0,0,2,0,0,0,0,2,0,2,0,0,0,0,0,0,0,2,0,0,0,0,0,0,0,0
"CC195",0,0,0,0,2,0,0,0,0,0,0,0,0,0,0,0,0,0,0,2,0,0,0,0,2,0,0,0,0,0,0,0,2,0,0,0,2,0,0,0,0,2,2,0,0,0,0,0,0,0,2,0,0,0,0,2,0,0,0,2,0,0,0,0,2,0,0,0,0,0,0,0,0,0,0,0,2,0,0,0,0,0,0,0,0,0,0,2,0,0,0,0,0,0,0,2,0,2,0,0,0,0,0,2,0,0,2,0,0,2,0,0,2,0,0,0,0,0,0,2,0,0,0,2,0,2,2,0,0,0,0,0,0,2,0,0,0,0,2,2,0,0,0,0,0,0,0,2,0,2,2,0,0,0,0,0,2,0,0,0,0,0,0,0,0,0,2,2,0,2,0,0,2,0,0,2,0,0,0,2,2,0,2,0,0,0,0,0,0,0,0,0,0,0,0,NA,2,0,0,0,0,0,0,0,0,2,0,NA,0,0,0,0,2,0,2,2,0,2,0,0,2,2,0,0,0,0,0,0,0,0,0,2,0,2,0,0,2,0,0,0,0,2,0,0,0,2,0,0,0,2,0,0,0,0,0,0,0,2,0,0,0,0,2,0,0,0,0,0,2,0,0,0,0,2,0,0,0,2,2,0,0,0,2,0,0,0,0,2,0,0,0,0,0,0,0,2,0,0,0,0,0,0,2,0,0,0,0,2,0,0,0,0,0,0,0,0,2,0,2,0,0,0,2,0,0,0,0,0,0,0,0,2,0,0,0,2,0,0,0,0,0,0,0,0,0,0,0,0,2,0,0,0,0,0,0,0,2,0,0,0,0,0,0,0,0,0,0,0,0,0,0,0,0,0,0,0,0,0,2,0,0,0,0,2,0,0,0,2,0,0,0,0,2,2,2,2,2,0,0,0,0,0,0,0,0,0,2,0,0,0,0,0,0,0,0,0,2,0,0,2,0,2,2,0,0,0,0,0,2,0,0,0,0,0,2,0,0,0,0,0,2,0,0,0,0,0,0,0,2,0,0,2,0,0,2,0,0,2,0,0,0,0,0,0,0,0,0,0,0,0,0,0,0,0,0,0,0,0,0,0,0,0,0,0,0,0,0,0,2,0,0,2,0,0,0,0,2,0,0,2,0,0,0,0,0,0,0,0,0,2,0,0,0,0,0,0,0,0,0,2,2,0,0,0,2,2,2,0,0,0,0,0,0,0,0,0,0,0,0,0,0,0,0,2,0,2,2,0,0,0,0,0,0,0,0,0,0,0,0,0,0,2,2,2,0,0,0,0,2,0,0,0,0,0,0,0,0,0,0,2,2,0,0,0,0,0,0,0,0,2,0,0,0,0,0,0,2,2,0,0,0,0,0,2,2,2,2,0,0,0,2,0,0,0,0,0,2,0,0,0,2,0,0,2,0,0,0,0,2,0,0,0,0,0,0,0,0,2,0,0,0,0,2,0,0,0,0,0,0,0,0,0,0,0,2,0,0,0,0,0,2,2,0,0,0,0,2,0,0,NA,2,0,2,0,2,2,NA,2,0,0,2,2,2,2,2,0,0,0,0,0,2,0,0,0,2,0,2,2,2,2,2,0,0,0,0,0,0,2,2,0,2,0,0,0,0,0,0,0,2,0,0,0,0,0,0,0,2,0,0,0,2,0,2,0,0,2,0,0,2,0,2,0,0,0,2,0,0,0,0,0,0,0,0,0,2,2,2,0,2,0,2,0,0,2,0,0,2,0,0,0,0,0,0,2,0,0,2,0,2,2,0,2,0,2,0,0,0,0,0,0,2,2,0,0,0,0,2,0,2,2,0,0,0,0,0,2,0,0,2,0,0,0,0,2,0,0,0,0,2,0,0,0,0,0,0,2,2,0,0,0,0,0,0,0,0,0,2,0,0,0,0,0,0,0,0,0,0,2,0,2,0,0,0,2,0,0,0,0,2,0,0,0,0,0,0,0,0,0,0,0,2,0,0,0,2,0,0,0,2,2,0,2,0,0,0,0,2,0,0,0,0,0,0,0,0,0,0,0,2,0,0,0,0,0,0,0,0,0,0,0,0,0,NA,0,2,NA,0,0,0,0,0,NA,NA,2,0,0,0,0,2,0,2,2,0,2,2,0,0,0,0,0,2,0,0,2,0,0,0,0,0,0,2,0,0,0,0,0,2,0,0,0,0,0,2,0,0,0,0,0,0,0,0,2,0,2,0,0,0,2,0,0,0,2,0,0,2,0,0,0,0,0,0,0,0,0,0,0,0,0,0,0,0,0,0,0,2,0,0,0,2,0,0,2,2,0,0,2,0,0,0,0,2,0,2,0,0,0,0,0,0,2,2,0,0,0,0,2,0,0,0,0,0,0,0,0,0,0,0,0,2,0,0,2,0,2,0,0,0,0,2,0,0,0,0,2,0,0,0,2,0,0,2,0,0,0,0,2,0,0,0,0,2,0,0,0,0,0,2,0,0,0,0,2,0,0,0,0,0,0,2,2,0,0,2,0,0,0,0,2,2,0,2,2,0,0,0,0,0,0,0,2,0,0,0,2,0,0,2,0,0,0,0,NA,2,2,0,0,0,0,0,0,0,0,0,0,2,0,0,2,2,2,NA,0,0,0,2,0,0,0,2,0,0,0,0,0,0,0,0,0,2,0,0,0,0,0,0,0,0,0,0,2,0,0,0,0,0,0,0,0,2,0,0,0,0,0,2,2,0,0,0,0,0,2,2,2,0,0,0,0,0,0,0,2,0,0,0,0,0,NA,0,0,0,0,0,2,0,0,2,0,0,0,0,2,0,0,0,2,0,0,0,0,0,2,2,0,2,0,0,0,2,0,0,2,0,0,0,0,0,0,0,0,0,0,0,0,0,0,0,0,0,0,0,0,0,0,2,0,0,0,2,0,0,0,0,2,0,0,0,2,0,0,0,0,0,0,0,0,0,2,0,0,0,0,0,0,2,0,0,0,0,0,0,0,0,0,0,0,0,2,0,0,0,0,0,2,0,0,2,0,2,0,0,0,2,2,0,0,0,0,0,0,0,2,0,0,2,0,0,0,2,0,0,0,2,2,0,0,0,0,2,0,0,0,0,2,0,0,0,2,2,2,2,0,0,0,0,0,0,0,0,0,0,0,2,0,0,0,2,0,0,0,0,0,0,0,2,2,0,2,0,0,0,0,0,0,0,0,0,0,0,0,0,0,0,2,2,0,0,2,0,0,0,0,0,0,0,2,2,0,2,2,0,0,0,0,0,2,0,0,0,0,0,0,2,0,0,0,0,0,0,2,0,0,0,0,0,0,0,0,0,0,2,0,0,0,0,0,0,0,2,0,0,2,0,0,0,0,0,2,0,0,0,0,0,2,0,0,0,2,0,0,2,2,0,0,0,0,0,0,2,0,2,2,0,0,0,0,2,0,0,0,0,0,2,0,0,2,0,2,2,0,2,2,2,2,2,0,0,0,2,0,0,0,0,0,0,0,0,0,0,0,0,0,2,0,0,0,2,0,0,2,0,0,0,2,0,0,0,0,2,2,0,2,0,0,0,2,0,2,0,0,0,0,2,2,2,0,0,2,0,0,0,0,0,0,2,0,0,0,0,2,0,0,0,0,0,0,0,2,0,0,0,0,0,0,0,0,0,0,0,2,0,0,0,0,0,0,2,0,0,2,0,0,0,0,0,0,2,0,0,0,0,0,2,0,0,0,0,0,2,0,0,2,0,0,2,0,NA,0,0,0,2,2,0,0,0,0,0,2,0,0,0,0,0,0,2,0,0,0,0,2,0,2,0,0,0,0,0,0,0,2,0,2,2,0,0,0,0,0,0,2,0,0,2,0,0,0,0,0,0,0,2,0,0,0,0,0,0,0,0,0,0,0,0,0,0,0,0,2,0,0,2,0,0,0,2,0,2,0,0,0,0,2,2,2,0,2,2,0,0,2,0,0,2,0,0,2,0,0,0,0,2,0,0,0,2,0,0,0,0,0,0,2,0,2,0,0,2,0,0,0,0,0,0,2,2,0,0,0,0,0,0,0,0,0,0,0,0,0,0,0,0,0,0,2,0,0,0,0,0,0,0,0,0,0,0,0,0,0,2,0,0,0,0,2,0,2,0,0,0,0,0,0,0,2,0,0,0,0,0,0,2,0,0,2,0,0,0,2,0,0,0,0,0,0,0,0,0,2,2,0,0,0,0,0,0,0,0,0,2,0,0,0,0,0,0,0,2,2,2,0,0,0,2,0,0,2,0,0,0,0,2,0,0,0,0,0,2,2,0,0,0,0,0,0,0,2,2,2,2,0,2,0,2,2,0,0,0,0,2,0,0,2,0,0,0,2,0,0,0,2,2,0,0,2,0,0,0,0,0,0,0,2,0,0,2,0,2,0,0,0,0,2,0,2,0,0,2,0,0,NA,2,0,0,0,2,0,0,0,0,0,0,0,0,0,0,0,2,0,0,0,2,0,2,0,0,2,0,0,0,0,0,0,0,0,0,0,0,0,2,0,0,0,0,0,0,0,0,2,2,2,0,0,0,0,0,0,0,0,2,0,0,0,0,0,0,0,0,0,0,0,2,0,0,0,0,0,2,2,0,0,0,0,0,2,0,0,2,0,0,0,0,0,0,0,0,0,0,0,0,0,0,0,0,0,2,0,0,0,0,2,2,0,0,0,0,2,2,0,0,2,0,0,0,0,2,0,0,0,0,0,2,0,0,0,0,0,2,0,0,0,0,0,0,0,0,0,0,2,0,2,0,0,0,2,0,0,2,0,2,0,0,2,2,2,0,2,2,0,0,0,2,0,2,0,0,0,2,2,0,0,0,0,0,0,0,0,2,2,2,2,2,0,2,0,2,0,0,0,0,0,0,0,2,0,0,2,2,0,0,0,0,0,2,2,2,0,0,0,0,0,0,0,0,0,0,0,0,0,0,2,2,0,0,0,0,0,0,0,0,0,0,0,2,0,0,2,0,0,0,0,2,0,2,0,0,0,0,0,2,2,2,0,0,0,0,0,0,0,0,2,0,0,0,2,0,0,0,2,0,0,0,2,2,0,2,2,0,0,0,2,0,0,0,0,0,2,2,0,0,0,0,0,0,0,0,0,0,0,0,0,0,0,0,0,2,0,2,0,0,0,0,0,0,0,0,0,0,0,0,0,0,2,0,2,0,0,0,0,2,0,0,0,0,0,0,0,0,0,0,0,2,2,0,0,2,0,0,2,0,2,0,0,0,2,0,0,0,0,0,0,0,0,0,0,0,0,0,0,0,0,0,0,0,0,2,0,0,0,0,2,2,0,0,0,0,0,0,0,0,0,0,2,0,2,0,2,0,0,0,0,2,0,2,0,2,0,2,0,0,2,0,0,0,0,0,0,0,2,2,0,0,0,0,0,2,0,0,0,0,0,2,2,0,0,0,0,2,0,0,2,0,0,0,0,2,2,0,0,0,0,2,0,0,0,0,0,0,2,0,0,2,0,0,0,NA,2,0,0,2,0,0,0,0,2,2,2,0,0,2,2,0,2,0,0,0,0,0,0,0,0,2,2,0,2,2,0,0,2,0,0,2,0,0,0,0,0,2,2,0,0,2,0,0,0,2,2,0,0,0,2,0,0,0,0,0,0,0,0,0,0,0,0,0,0,0,0,0,0,0,0,2,0,0,0,0,0,0,0,0,0,0,0,0,0,0,0,0,0,0,0,0,0,0,2,0,0,0,2,2,0,0,2,0,0,0,2,2,0,0,0,0,0,0,0,2,0,0,0,0,0,0,2,2,0,2,0,0,0,0,0,0,0,0,0,0,0,0,0,2,0,0,2,0,0,0,0,2,0,0,0,0,2,0,0,0,2,0,0,0,2,0,0,0,0,0,0,2,NA,0,0,0,2,2,0,NA,2,0,2,0,0,0,0,0,0,0,0,2,0,0,2,0,0,0,0,0,2,2,2,2,0,2,0,0,2,0,0,0,0,0,0,0,0,2,2,0,0,2,0,0,0,0,2,0,2,0,2,0,2,0,0,0,0,0,0,0,0,0,0,0,0,0,0,0,0,0,0,0,0,0,0,0,0,2,0,2,0,0,0,0,0,2,2,0,0,0,0,2,0,0,0,0,0,0,0,0,0,0,0,2,2,2,2,2,0,0,0,0,0,2,0,0,0,2,0,0,0,2,0,0,0,2,2,2,0,0,0,0,0,0,0,0,0,2,0,0,0,0,0,0,0,2,0,0,0,0,2,2,0,0,0,0,0,0,0,0,0,0,2,0,0,2,0,2,0,0,0,0,2,0,0,0,0,2,2,2,0,2,0,0,0,0,2,0,0,0,0,0,2,0,0,0,0,0,0,0,0,0,0,0,0,0,0,2,0,0,2,2,0,0,0,0,0,0,0,0,0,0,2,2,2,0,0,0,0,0,0,0,0,0,2,0,0,0,0,0,0,0,2,2,0,0,0,0,0,2,0,0,0,2,2,2,0,0,0,0,0,0,0,2,0,2,NA,0,0,0,0,2,2,2,2,2,0,0,0,2,0,0,0,0,0,0,2,0,2,0,0,0,2,0,0,0,0,0,0,0,2,0,0,0,0,0,2,0,0,2,0,0,0,0,0,0,0,0,0,0,0,0,2,2,0,0,2,2,0,0,0,2,0,0,0,0,0,2,0,0,2,0,2,0,0,2,0,0,0,0,0,0,2,0,2,0,0,2,0,0,0,0,0,0,0,2,0,0,2,0,0,0,0,2,0,0,0,0,0,0,0,0,2,0,0,0,0,0,0,0,2,0,0,2,0,2,0,0,0,0,0,0,0,0,0,0,0,0,0,0,0,0,0,0,0,0,0,2,0,0,0,2,2,0,0,0,0,0,0,2,0,0,0,0,2,0,0,0,0,0,2,2,0,0,0,0,0,0,0,0,0,0,0,0,0,0,0,2,0,0,0,2,0,0,0,0,0,0,2,0,0,0,0,0,0,0,0,0,0,0,0,0,0,0,0,0,0,0,0,0,0,2,0,0,0,0,0,0,0,0,2,0,0,0,0,0,0,0,0,0,0,0,0,2,0,0,0,0,2,0,0,2,0,0,0,0,2,0,0,0,2,0,0,0,0,0,0,0,0,0,0,0,2,0,0,0,0,2,0,0,0,0,0,0,0,0,0,0,0,0,0,0,0,0,0,0,0,0,0,0,0,0,2,0,0,0,2,0,2,0,2,0,0,0,2,0,0,2,0,0,0,0,2,0,0,0,0,0,0,0,0,0,0,0,0,0,2,0,0,0,0,0,0,0,2,2,0,0,2,0,2,0,0,2,0,0,0,0,0,0,0,0,0,0,0,0,0,0,0,0,0,0,0,2,2,0,2,0,0,2,0,0,2,0,2,0,0,0,0,0,0,0,0,0,0,0,0,0,0,0,0,0,0,2,2,2,0,0,2,0,0,0,0,0,0,0,0,0,0,0,0,NA,0,0,0,0,0,2,0,0,0,0,0,2,0,0,2,0,0,0,2,2,2,0,0,0,0,0,0,0,2,2,2,0,0,0,0,0,2,0,0,2,0,2,0,0,0,0,0,0,0,0,0,0,2,0,2,0,0,0,0,0,2,0,2,0,0,2,0,0,2,0,0,0,0,0,0,0,0,0,0,0,0,0,0,0,0,0,0,0,0,0,0,0,0,0,0,0,0,2,0,0,0,0,2,0,0,0,0,2,0,0,0,0,0,2,2,0,0,0,0,0,0,0,0,2,0,0,0,0,0,2,0,0,0,0,0,0,0,2,0,0,0,2,0,0,0,0,0,0,0,0,0,2,0,0,0,0,0,0,2,0,0,0,0,0,0,0,0,2,0,2,0,0,0,0,0,0,0,0,0,0,0,0,0,0,0,0,2,0,0,2,0,0,0,0,0,0,0,0,0,0,0,2,0,2,0,0,0,0,0,2,0,0,0,0,0,0,0,2,0,0,0,0,0,0,0,0,0,0,0,0,0,0,2,2,0,0,0,2,0,0,0,0,0,0,0,0,0,0,0,0,0,2,0,0,0,0,0,0,0,0,0,0,0,0,0,0,0,0,0,0,0,2,0,0,0,0,0,0,0,0,0,0,0,0,0,0,0,0,0,0,0,0,0,0,0,0,0,0,0,0,0,0,0,0,0,0,0,0,0,0,0,0,0,0,0,0,0,0,0,0,0,2,0,0,0,0,0,0,0,0,0,0,0,0,2,0,2,0,2,2,0,0,0,0,0,0,0,0,0,2,0,0,2,2,0,0,2,2,0,0,0,2,0,0,0,0,0,0,0,0,0,0,2,2,0,0,0,0,0,0,0,0,0,0,0,0,0,0,0,0,0,0,0,0,2,0,0,2,0,2,0,0,0,0,0,0,0,0,0,0,0,0,0,0,0,0,0,0,0,0,0,0,2,0,0,0,2,0,0,0,2,2,0,0,2,0,2,0,2,0,2,0,0,0,0,0,0,2,0,2,0,0,0,0,0,2,0,0,0,0,0,0,0,0,0,0,0,2,0,0,0,2,0,0,0,0,0,0,0,0,0,0,0,0,0,0,0,0,2,0,0,0,0,0,0,2,0,0,0,2,0,0,0,0,0,2,0,0,2,2,0,2,0,0,0,0,0,2,0,0,2,0,0,0,0,0,0,2,0,0,0,0,0,0,2,0,0,0,2,0,0,0,0,0,0,0,2,0,0,0,0,0,0,0,2,0,0,0,2,0,0,0,0,0,0,2,0,0,0,0,2,0,0,0,0,2,0,0,0,0,0,0,0,0,0,0,0,2,0,0,0,0,2,0,0,0,0,2,0,2,0,0,0,0,0,0,0,0,0,0,0,0,0,0,2,0,2,0,0,0,0,0,0,0,0,0,0,0,0,0,0,0,2,0,0,2,0,2,2,0,0,0,0,0,2,0,2,0,0,0,0,0,0,0,0,0,0,2,0,0,0,2,0,2,0,0,0,0,0,0,0,2,0,0,0,0,0,0,0,0,0,0,0,0,0,0,0,0,0,0,2,0,0,0,0,0,0,2,0,2,0,0,0,2,0,2,2,2,0,0,0,2,0,0,0,0,0,0,2,0,0,0,0,0,0,0,0,0,0,0,0,0,0,0,0,0,0,0,0,0,2,0,0,0,0,0,2,0,0,0,0,2,0,0,0,0,0,0,0,2,0,0,0,2,0,0,0,0,0,0,0,0,0,0,0,0,0,0,0,0,0,2,0,0,0,2,0,0,2,0,0,2,0,0,0,0,0,0,2,0,0,0,0,0,2,0,0,0,0,0,0,0,0,0,0,0,0,0,0,0,0,0,0,0,2,0,0,2,0,0,0,0,2,0,0,0,2,0,0,0,0,0,0,0,0,2,0,0,0,0,0,0,0,2,2,0,2,0,0,0,0,0,0,0,2,0,0,0,0,2,0,2,0,0,0,2,0,0,0,0,0,0,0,2,0,0,2,0,2,2,0,0,0,2,2,0,0,0,0,0,0,0,0,0,0,0,0,0,2,2,2,0,0,0,0,0,0,0,0,0,2,2,0,2,0,0,0,2,0,2,0,0,0,0,2,0,0,0,0,0,0,0,0,0,0,0,0,0,0,0,0,0,0,0,0,0,0,2,0,0,0,0,0,0,0,0,0,0,2,0,0,0,0,0,2,0,0,0,0,2,NA,0,0,0,2,0,2,0,2,0,2,0,0,0,0,0,0,0,0,0,0,0,2,0,2,0,2,2,0,0,0,0,0,0,0,0,0,2,2,2,0,0,0,2,0,0,0,2,2,2,2,0,0,0,0,2,0,0,0,0,0,2,0,2,0,0,0,0,2,0,2,0,2,0,2,0,0,0,0,2,0,0,0,0,2,0,0,0,0,0,0,0,0,0,0,0,0,0,2,0,0,0,0,0,2,0,0,0,0,2,0,0,0,0,0,0,0,0,0,0,0,0,0,2,0,0,0,0,0,2,0,2,NA,2,0,2,0,0,0,0,0,0,0,0,2,0,0,2,0,0,0,0,2,0,2,NA,2,2,0,0,2,0,0,2,0,0,0,0,0,0,2,2,0,0,2,2,0,0,2,2,2,0,0,2,0,0,0,2,0,2,0,0,0,0,0,0,2,2,0,2,2,0,0,2,2,2,2,2,0,0,0,0,0,2,0,0,0,0,0,0,2,0,0,0,2,0,0,0,0,0,0,0,0,0,0,0,0,0,2,2,0,0,0,2,0,2,2,0,0,2,2,0,2,0,0,0,0,2,0,0,0,0,0,0,0,0,0,0,0,0,0,2,0,2,0,2,NA,0,0,2,0,2,0,0,2,2,0,0,0,0,2,0,0,0,0,0,0,0,0,2,0,0,0,0,2,0,0,0,2,0,0,0,0,0,2,2,0,0,2,0,0,0,0,0,0,0,2,2,0,2,0,0,0,0,0,0,2,0,2,2,2,0,2,0,0,0,2,0,0,0,0,0,0,2,0,2,2,0,0,0,0,0,0,0,0,0,0,0,0,0,0,0,0,0,0,0,0,2,0,0,0,0,0,0,2,0,0,0,0,2,0,0,0,0,0,0,0,0,0,0,0,2,0,0,2,0,0,0,0,2,0,2,0,0,2,2,0,0,0,0,0,0,0,0,0,2,0,0,0,0,0,0,0,2,0,0,0,0,0,2,0,2,0,0,0,0,0,0,0,0,0,0,0,0,0,2,2,0,2,0,0,0,0,0,2,0,2,0,2,2,2,2,0,0,0,0,2,0,0,2,0,0,2,0,0,0,0,0,2,0,2,0,0,0,0,0,0,0,0,0,0,0,2,2,2,2,0,0,0,0,2,0,2,2,0,0,0,0,2,0,0,0,0,0,0,0,2,0,0,0,2,2,2,2,2,2,0,2,0,2,2,2,0,0,0,0,0,0,NA,0,0,0,2,0,0,2,0,2,2,0,2,0,0,0,2,0,0,0,0,0,0,0,0,0,0,0,0,0,0,0,0,0,0,2,0,2,0,0,0,0,2,2,0,0,2,2,0,0,0,0,0,0,0,2,0,0,2,0,0,0,2,2,2,0,0,2,0,0,0,0,0,2,0,2,2,0,0,0,2,2,NA,2,0,0,0,2,0,2,2,0,0,2,2,2,0,0,0,0,0,0,2,0,2,0,0,0,0,0,0,0,2,0,2,0,0,0,0,0,0,0,2,2,0,0,0,0,0,0,0,0,2,0,0,0,2,0,0,0,2,2,0,0,0,2,0,0,0,0,2,0,0,0,0,0,0,0,0,2,0,2,2,0,2,0,0,0,0,0,0,0,0,0,0,0,0,2,0,0,0,0,0,2,0,0,0,2,0,2,2,0,0,2,0,2,0,0,0,0,0,0,0,0,2,0,2,0,0,0,2,0,NA,0,0,0,0,0,0,0,0,0,0,0,2,0,2,0,0,0,0,0,0,2,0,0,0,0,0,0,0,2,2,0,0,0,2,0,2,2,2,0,0,0,0,0,0,0,0,0,0,0,0,0,0,0,0,2,0,0,0,0,2,0,0,0,0,0,0,0,2,0,0,0,0,0,0,0,0,2,0,0,0,0,0,0,0,0,0,0,0,0,0,0,0,2,2,0,0,2,0,0,0,0,0,0,0,0,0,0,0,0,0,0,2,0,0,0,0,0,0,0,0,0,0,0,2,0,0,2,0,2,0,0,0,0,2,0,0,0,0,2,0,0,0,0,0,0,2,0,2,0,0,0,2,0,0,0,0,0
"CC196",2,2,0,0,0,0,2,0,2,0,0,0,0,0,0,2,0,0,0,0,2,0,0,0,0,0,0,0,0,0,0,2,0,0,0,2,0,0,2,0,0,2,0,2,2,0,0,2,0,0,2,2,0,2,0,0,2,0,0,0,0,0,0,2,0,0,0,0,0,2,2,0,0,0,0,0,0,0,0,2,0,0,0,0,0,2,0,2,0,2,0,2,0,0,0,2,0,0,2,2,0,0,2,2,2,2,0,0,0,0,0,2,0,2,2,2,0,0,0,0,0,0,0,0,0,0,0,0,2,0,2,0,0,0,0,0,0,0,2,0,0,0,0,0,0,2,0,2,2,0,0,2,0,2,2,2,0,0,NA,2,0,2,2,0,2,2,0,0,0,0,0,0,2,0,0,2,2,0,2,2,0,0,0,2,0,0,0,0,0,2,2,2,0,0,0,0,0,2,2,0,0,0,0,0,0,0,0,0,0,0,0,2,0,2,0,2,2,0,0,0,0,0,0,2,0,2,0,0,0,2,0,0,0,2,0,0,0,2,0,0,0,0,0,0,2,0,2,0,2,0,0,0,0,0,0,0,2,0,0,0,0,0,0,0,0,0,0,0,0,0,0,0,0,0,0,0,2,2,0,0,0,2,0,0,0,0,0,0,0,0,0,0,0,0,0,2,0,0,2,2,2,0,0,2,2,2,0,2,0,2,0,0,0,0,0,0,0,2,0,0,0,0,0,0,2,0,2,0,0,0,0,2,0,0,0,2,0,0,0,0,0,0,0,2,0,0,0,0,0,0,0,2,0,0,0,0,0,0,0,0,0,0,0,2,0,0,0,0,0,0,0,0,2,0,0,0,0,0,0,0,0,0,0,0,0,0,2,2,2,0,0,0,0,0,0,0,0,0,2,0,0,0,0,0,0,0,0,0,0,2,0,0,0,0,0,2,0,2,0,0,0,0,0,0,0,0,0,0,0,0,2,0,0,0,0,2,2,0,2,0,0,0,2,0,0,2,0,0,0,0,0,0,2,0,0,0,0,0,0,0,0,0,0,0,0,0,0,2,0,2,2,0,0,2,0,0,0,2,0,0,0,0,0,2,0,2,2,0,2,2,0,0,0,2,0,0,0,0,0,2,0,0,0,0,0,0,0,0,2,0,0,2,0,0,0,0,0,0,0,0,0,0,0,0,0,0,0,0,0,0,0,0,2,0,0,2,0,0,0,0,0,0,0,0,0,2,0,0,0,0,2,0,0,2,0,0,2,2,0,0,2,0,0,0,0,0,2,0,0,0,0,2,0,0,2,0,2,0,0,0,0,2,0,0,0,0,0,0,2,0,0,2,0,2,2,0,0,0,0,0,2,0,0,0,0,0,2,2,0,2,0,0,0,0,0,0,0,0,0,0,2,0,0,0,NA,0,0,0,0,0,0,2,0,2,0,0,0,0,0,0,0,0,0,0,2,0,2,0,0,0,0,0,0,0,2,0,0,0,0,0,0,0,0,2,2,0,0,0,0,0,0,0,0,2,0,0,2,0,0,0,0,0,0,0,2,0,0,0,0,0,2,0,0,0,0,0,0,0,0,0,0,2,0,0,0,0,0,0,0,0,0,2,0,0,0,0,2,0,2,0,0,0,0,0,0,2,0,2,2,NA,2,0,2,0,2,0,0,2,0,0,0,2,2,0,0,0,0,2,0,2,2,0,0,0,2,2,0,0,2,0,0,2,0,0,0,2,0,0,0,0,2,0,0,0,0,0,0,2,0,0,0,0,0,0,0,0,0,0,0,0,0,0,0,0,0,0,0,0,0,0,0,0,0,0,0,0,0,0,0,0,0,0,0,0,0,0,0,0,0,0,0,0,2,0,0,0,0,0,0,0,0,0,2,0,0,2,2,0,2,0,2,0,0,0,0,0,0,2,2,0,0,0,0,2,2,0,0,2,0,0,2,2,2,0,0,0,NA,0,2,2,2,2,0,0,2,0,2,0,0,0,0,2,0,0,0,0,0,0,0,2,0,0,0,2,2,0,2,2,0,0,0,0,0,0,2,2,0,0,0,0,0,0,2,0,0,0,0,0,0,0,2,2,2,2,2,0,0,0,2,2,0,0,0,2,2,2,0,0,0,0,0,2,2,0,0,0,0,0,0,0,0,0,2,0,0,0,2,0,2,2,0,0,0,0,0,0,0,0,0,2,0,0,2,0,2,0,0,0,2,2,0,0,2,0,0,0,0,2,0,0,0,0,0,0,2,0,0,2,0,0,0,0,0,0,0,0,0,0,2,0,0,0,0,0,0,2,0,0,0,2,0,0,2,2,2,0,0,0,0,0,2,2,0,0,2,2,0,0,0,0,0,0,0,2,0,0,2,0,0,0,0,0,2,0,2,0,0,2,2,0,0,0,0,2,2,0,2,2,0,0,0,0,0,0,2,0,2,2,0,0,0,2,0,0,0,0,0,2,0,0,0,2,0,0,0,2,0,0,0,2,2,0,2,2,0,0,0,0,0,0,2,0,0,0,0,0,0,2,0,2,0,0,0,0,0,0,0,0,0,0,0,0,0,0,0,0,0,0,0,0,0,2,0,2,0,0,0,2,2,2,0,0,0,0,2,0,0,0,0,0,0,2,0,2,0,0,0,0,0,0,0,0,0,0,0,2,0,0,2,0,2,0,0,0,0,0,0,0,0,0,0,0,0,0,0,0,0,2,2,0,0,0,0,2,0,0,0,0,0,0,0,2,0,0,0,0,0,0,0,0,0,0,0,0,2,0,0,2,0,0,0,0,0,0,0,0,0,0,2,2,0,0,0,NA,0,2,0,0,0,0,0,0,0,0,0,0,0,0,0,0,0,0,0,0,0,0,0,2,0,0,2,0,0,0,2,0,2,0,0,2,0,2,0,0,0,0,0,0,0,0,0,0,0,0,0,2,0,0,0,0,0,0,0,0,2,0,0,0,0,0,0,0,0,0,0,0,0,2,0,0,0,0,2,0,2,0,2,0,0,2,0,0,0,0,2,0,2,0,0,2,0,2,0,0,0,0,0,0,0,0,0,2,0,0,0,0,0,0,0,2,2,2,2,2,0,0,0,0,0,0,0,0,0,0,0,0,0,0,0,0,0,0,0,0,0,0,0,0,0,0,0,0,0,2,0,0,0,0,0,0,0,0,0,0,0,0,0,0,0,2,0,0,0,2,0,0,2,0,0,0,0,0,0,0,0,0,0,0,0,0,2,0,0,0,0,0,0,0,0,0,0,0,0,0,0,0,0,0,0,0,0,0,0,0,2,0,0,0,0,0,0,0,0,0,0,2,0,0,2,0,0,0,2,0,0,2,0,0,0,0,0,0,0,0,2,0,0,0,0,0,0,0,0,0,0,0,0,2,0,0,0,0,2,0,0,0,0,0,0,0,0,0,0,0,0,2,0,0,0,0,2,0,0,2,0,0,2,0,0,0,0,0,0,0,2,0,0,0,0,0,0,0,0,0,0,0,2,0,0,2,2,0,0,0,0,2,0,0,0,0,0,2,0,0,0,2,0,0,0,0,0,0,2,0,0,0,0,0,0,2,0,0,2,2,0,2,0,0,0,2,0,0,0,0,0,2,0,0,0,0,2,0,0,0,0,0,0,0,0,2,0,0,0,0,0,0,0,0,0,0,0,0,0,0,0,0,0,0,0,0,0,2,0,0,0,0,0,0,0,0,2,2,0,0,0,2,2,0,0,0,0,2,2,0,0,2,0,2,2,0,0,0,0,0,0,2,0,0,0,0,0,2,0,0,0,0,2,0,2,2,0,0,0,2,0,2,0,2,0,0,0,0,2,0,0,0,0,2,0,0,0,0,0,0,2,0,0,2,0,0,2,0,0,2,0,0,2,0,2,0,0,0,0,0,0,0,0,0,0,0,0,0,0,0,NA,0,0,0,0,0,0,0,0,0,0,2,0,0,0,0,0,0,0,0,0,0,0,0,0,0,0,0,0,0,0,0,0,0,0,0,0,0,0,0,0,0,0,0,0,0,0,0,0,0,0,0,0,0,0,0,0,0,2,0,0,2,2,0,0,2,0,0,0,0,2,0,2,0,0,0,0,0,2,0,0,0,2,0,0,0,0,0,0,0,0,0,0,0,0,0,0,0,0,0,0,0,0,2,2,0,0,0,0,0,2,0,0,0,0,0,2,0,0,0,0,0,0,0,0,0,0,0,0,0,0,0,0,0,0,0,0,0,0,0,0,0,0,0,0,0,2,0,0,0,0,0,0,0,0,0,0,0,0,2,2,0,2,0,0,0,0,0,0,0,2,0,0,0,0,0,2,0,2,0,0,0,0,2,0,0,0,2,2,2,0,0,0,0,2,0,0,0,2,0,2,2,2,0,0,0,2,0,0,0,0,0,0,0,0,2,0,2,0,0,0,0,0,0,0,0,0,0,0,2,2,0,0,2,0,0,0,0,0,0,0,0,0,0,0,0,2,2,0,0,0,0,0,0,0,0,0,2,0,0,0,0,0,0,0,0,0,0,0,0,0,0,2,0,0,0,2,0,0,2,0,2,0,0,0,2,0,0,2,2,2,0,0,0,0,2,2,2,0,0,0,0,0,0,0,0,0,0,0,0,2,0,0,0,0,2,0,0,0,0,0,0,0,0,0,0,0,2,2,0,0,0,0,0,0,0,0,0,0,0,0,2,2,2,0,0,2,0,2,2,0,2,2,0,0,0,2,2,0,0,0,0,0,0,0,2,0,0,0,2,0,0,0,0,0,0,0,2,0,0,2,0,0,0,0,0,0,0,0,0,0,0,0,0,0,0,0,0,0,0,2,0,2,0,2,0,0,0,0,0,2,0,2,0,0,0,0,0,0,0,0,0,0,2,0,0,0,0,0,0,0,2,0,0,0,0,0,2,0,0,2,2,0,0,2,0,0,0,0,0,0,0,0,2,2,0,0,0,0,0,0,0,0,0,0,0,0,0,0,0,0,0,0,2,0,0,0,0,2,0,0,2,0,0,0,2,2,0,0,0,0,2,0,0,0,0,0,0,0,0,0,2,0,0,0,0,0,0,0,2,0,0,0,0,0,0,0,2,0,0,0,0,0,0,0,0,0,0,0,0,0,0,0,0,2,0,0,2,0,0,0,0,0,0,2,0,0,0,0,0,0,0,0,0,0,0,0,0,0,0,0,0,0,0,0,0,2,0,0,0,2,0,0,0,0,2,0,0,0,2,0,0,0,0,2,2,0,0,0,0,0,0,0,0,0,0,0,0,0,0,0,0,0,0,0,0,0,2,0,2,0,0,0,2,0,0,0,0,0,2,0,0,0,0,0,0,0,0,0,0,0,0,0,0,2,0,0,0,0,2,0,0,0,0,2,0,2,2,0,0,0,0,0,0,2,0,0,0,0,0,0,2,2,0,0,0,2,0,0,0,2,2,0,0,0,0,0,0,0,0,0,0,0,2,0,0,2,0,0,0,0,2,0,0,0,0,0,0,0,0,0,0,0,0,0,0,0,0,0,2,0,0,0,0,0,0,0,0,0,0,0,0,0,2,2,0,0,0,0,2,2,2,0,0,2,0,0,0,0,0,0,0,2,0,0,0,0,0,0,0,0,2,2,0,2,2,0,0,0,0,0,0,0,0,0,0,0,0,0,0,0,0,2,0,0,0,0,0,0,0,0,0,0,0,0,0,0,0,0,0,0,0,0,0,0,0,0,0,2,2,0,0,0,2,0,2,0,2,0,0,0,0,0,0,0,0,0,0,0,0,0,0,0,2,0,2,0,0,NA,0,2,0,2,0,0,0,0,0,0,0,0,0,0,0,0,0,0,0,0,0,2,0,0,0,2,0,0,0,0,0,0,0,0,0,0,0,0,0,0,2,0,0,0,2,0,0,0,0,0,0,0,0,0,0,0,0,0,0,0,0,0,0,0,0,0,0,0,0,0,2,0,0,0,0,0,2,0,0,0,0,0,0,2,0,0,0,0,2,0,0,2,0,0,0,0,0,0,0,0,2,0,0,2,0,0,0,2,2,0,2,0,0,2,0,0,2,0,2,2,0,0,0,0,0,0,0,2,2,0,0,0,0,0,0,0,0,2,2,0,0,0,0,0,0,0,2,0,0,2,0,0,0,0,0,0,2,0,2,0,0,0,2,0,0,0,0,0,2,0,0,0,0,2,0,0,2,0,0,0,2,0,0,0,0,0,2,2,0,0,0,2,2,0,2,2,0,0,0,0,0,0,0,0,2,0,2,0,0,2,0,2,2,2,0,0,0,0,0,2,0,0,0,0,2,0,0,0,2,0,0,0,0,0,2,0,2,2,0,0,2,2,0,0,2,0,2,2,0,0,0,0,0,0,2,0,0,0,2,2,0,2,0,0,0,0,0,0,0,0,0,2,2,0,0,0,2,0,2,0,0,0,0,0,0,0,0,2,0,0,2,0,0,0,0,0,0,0,0,0,0,0,2,0,2,0,0,0,0,0,0,0,0,0,0,0,0,0,0,2,0,0,2,0,2,2,0,0,0,0,0,0,2,2,0,0,0,0,0,0,2,0,0,2,0,0,0,0,0,0,0,0,NA,2,2,0,0,2,2,0,0,2,0,0,0,0,2,0,2,NA,2,0,2,0,0,0,0,0,0,0,0,0,0,0,0,0,2,0,0,2,2,2,0,0,2,2,2,0,0,0,0,0,0,2,0,0,0,2,0,0,0,0,0,2,0,0,2,0,2,2,0,0,0,0,0,0,0,0,0,0,2,0,0,0,0,0,0,0,0,0,2,NA,0,2,2,2,0,2,2,NA,0,0,2,0,0,0,0,0,0,2,0,0,0,0,0,2,0,0,0,0,0,0,2,2,0,0,2,0,0,0,0,2,0,0,0,2,0,0,2,2,2,2,2,2,2,0,0,0,0,2,0,0,0,0,0,0,0,2,0,0,0,0,0,0,0,0,0,0,0,2,0,0,0,2,2,NA,0,0,2,2,0,0,0,0,2,0,0,0,0,2,2,2,0,0,0,0,0,0,0,0,0,0,0,0,0,0,0,0,0,0,0,0,2,0,0,0,2,0,0,0,2,0,0,0,0,0,0,0,0,0,0,0,0,2,0,2,0,2,2,0,0,0,2,2,0,2,2,2,0,0,0,2,0,0,2,0,0,0,0,0,0,0,0,0,0,0,0,0,0,2,2,2,0,0,0,2,0,2,2,0,2,2,2,0,0,2,0,0,2,2,0,0,0,0,2,0,0,2,2,0,0,2,0,2,2,0,0,0,0,0,0,0,0,0,2,0,0,0,0,0,2,0,2,0,0,0,2,0,0,0,2,0,2,0,0,0,0,0,0,0,0,0,0,0,NA,0,0,0,0,0,0,0,2,0,0,2,0,0,0,0,0,2,0,2,2,0,0,0,0,0,0,2,0,0,2,0,0,2,0,0,0,0,0,0,0,0,0,0,2,2,0,0,0,2,0,0,0,2,0,2,0,0,0,0,0,0,2,2,0,0,0,0,2,0,2,2,0,0,0,0,0,0,0,0,0,0,0,0,0,0,0,0,0,0,0,2,0,0,2,0,0,0,0,0,0,2,0,2,2,0,0,0,0,0,0,0,0,2,0,0,2,0,0,2,0,2,0,2,2,0,0,0,0,2,2,0,0,0,0,0,0,2,0,0,0,0,2,0,0,0,0,0,0,0,0,0,0,0,0,0,0,0,0,0,0,2,0,0,0,0,0,0,0,0,0,0,2,0,0,0,2,2,0,0,0,0,0,0,2,2,0,2,0,0,0,2,0,0,0,0,0,0,0,0,0,0,0,2,2,2,2,0,0,0,2,2,0,0,0,2,0,0,0,0,0,0,0,0,0,0,2,0,0,2,0,0,0,0,0,0,0,0,2,0,0,0,0,2,0,0,2,0,0,0,0,0,0,0,0,0,2,2,2,0,0,0,0,0,0,0,0,0,0,0,0,0,0,0,0,0,0,0,0,0,2,0,0,2,0,2,0,0,2,0,0,0,0,2,2,0,0,0,0,0,2,0,2,0,0,0,0,0,0,0,0,0,0,0,0,0,0,0,0,0,2,0,0,0,0,2,2,0,2,0,0,2,0,0,0,0,2,0,2,2,2,0,0,0,0,0,2,2,2,0,2,0,0,2,0,2,0,0,0,0,0,2,0,2,2,0,0,2,2,0,2,0,2,0,0,0,0,0,0,0,0,0,0,0,0,0,0,0,0,2,0,0,2,0,2,0,0,0,2,0,2,0,2,2,2,0,2,0,2,0,0,0,2,0,2,0,0,0,0,2,2,0,0,2,0,0,2,0,0,0,2,2,0,2,2,0,0,2,2,0,0,2,0,0,0,0,0,0,2,0,0,0,0,0,2,0,2,0,0,0,0,0,0,2,0,0,2,2,0,0,2,0,0,0,0,0,2,0,0,0,0,0,0,0,0,0,0,0,2,0,0,2,0,0,0,0,0,0,0,0,0,2,0,2,2,0,0,2,0,0,2,0,0,0,0,0,0,0,0,0,0,0,0,0,2,0,0,0,2,0,0,0,0,2,0,0,0,0,0,2,0,0,0,2,0,0,0,0,0,2,0,0,0,0,0,2,0,0,0,2,0,0,0,2,0,0,0,0,0,0,0,0,0,2,0,0,0,0,0,0,2,0,2,0,0,2,0,0,2,0,2,2,2,0,0,0,0,0,2,2,0,2,0,0,0,0,0,0,0,0,0,2,0,2,0,0,0,0,0,2,0,0,2,0,0,2,0,0,2,2,2,0,0,0,0,2,0,0,0,0,0,0,0,0,0,0,0,0,0,0,0,0,0,0,0,0,0,2,0,0,0,2,0,0,0,0,0,0,0,0,0,0,2,0,0,0,0,2,2,0,0,0,0,0,0,0,2,0,0,0,0,0,0,0,2,0,0,2,2,0,0,0,2,0,0,0,0,0,0,0,0,2,0,0,0,0,0,0,0,0,0,2,0,0,0,2,0,0,0,0,0,0,0,0,0,2,2,0,0,0,2,2,0,2,0,0,0,2,0,0,0,0,0,0,0,2,0,0,0,0,0,0,0,0,0,0,0,0,0,0,0,0,0,0,2,0,0,2,0,0,0,0,0,2,0,0,0,2,0,2,0,0,2,2,0,0,0,2,0,0,0,0,2,2,2,0,2,0,2,0,0,0,0,0,0,0,0,0,0,0,0,0,2,0,0,0,0,0,2,0,0,0,0,0,2,0,0,0,0,2,0,0,2,2,2,0,0,0,0,0,0,0,0,2,0,2,2,0,0,0,2,0,2,2,2,0,2,2,2,2,0,0,2,0,2,2,0,0,2,0,0,0,0,0,0,0,0,2,2,0,0,0,0,2,2,0,0,0,0,0,0,0,0,0,0,0,0,2,0,0,0,0,2,2,0,0,0,2,0,0,0,2,0,0,0,0,0,0,0,0,0,0,0,0,0,0,2,0,0,0,2,0,0,2,0,0,0,0,0,0,0,0,0,0,0,0,0,0,0,2,2,0,0,0,0,0,0,0,0,0,0,0,2,0,0,2,0,0,0,0,0,2,2,2,0,0,2,0,0,0,0,2,2,0,0,2,2,2,0,0,0,0,0,0,0,0,0,0,0,0,0,2,2,0,2,0,2,0,0,2,0,0,0,0,2,0,2,0,0,2,2,0,0,0,0,0,0,0,0,0,0,0,0,0,0,0,0,0,0,2,0,0,0,0,0,0,0,0,0,2,0,0,2,2,0,0,0,0,0,0,0,0,0,0,2,2,2,0,0,0,0,2,0,0,0,0,0,0,0,0,0,2,2,0,2,0,0,2,0,2,0,0,0,0,0,0,0,0,0,0,0,0,0,0,0,0,0,0,2,2,0,0,0,2,2,0,0,0,0,0,0,0,0,0,2,0,0,0,2,0,0,0,0,0,0,0,0,0,2,2,0,0,0,0,0,0,0,0,0,2,0,2,0,0,2,0,0,2,0,0,0,0,2,2,2,2,0,0,0,2,0,0,0,0,2,0,0,NA,0,0,2,2,2,0,2,2,0,0,0,2,0,0,0,2,0,2,0,0,2,2,0,0,0,0,0,0,2,0,0,0,0,0,0,0,0,2,0,0,0,2,0,0,0,2,0,0,0,0,0,0,2,0,0,0,2,0,0,2,2,0,0,2,0,0,0,0,0,2,0,0,0,0,2,0,0,0,0,0,2,0,0,0,0,0,0,0,0,0,0,0,0,2,0,0,0,0,2,2,0,0,0,2,2,0,0,2,0,2,0,0,2,2,2,0,2,0,2,2,0,0,0,0,0,0,0,0,2,0,0,0,2,0,0,0,0,0,0,0,0,2,2,0,0,2,0,0,2,2,0,0,2,2,0,2,0,0,0,0,2,0,2,0,0,0,0,0,2,0,0,2,2,0,2,0,0,0,0,0,0,0,0,0,0,0,2,0,0,0,0,2,0,0,0,2,0,0,0,2,0,0,0,2,0,2,2,2,2,0,0,0,2,0,0,0,0,0,0,0,0,0,0,0,0,2,0,0,0,0,2,0,2,0,0,0,0,0,0,2,2,0,0,0,2,0,0,0,2,0,2,0,0,2,0,0,0,0,0,0,0,0,0,0,2,0,0,0,0,0,2,0,2,0,0,0,0,2,2,2,2,2,0,0,0,2,0,2,0,2,2,0,2,0,0,0,2,0,2,2,0,0,0,0,0,0,2,0,2,2,2,2,0,0,0,0,0,2,2,0,0,0,2,2,0,0,2,0,0,0,0,2,0,0,0,0,0,0,0,0,2,0,0,0,2,0,0,0,2,0,0,0,0,0,0,0,0,2,0,2,2,2,0,0,0,2,2,0,0,0,0,2,2,0,0,0,0,0,0,0,0,0,0,0,2,0,0,0,0,0,2,0,0,0,0,0,0,0,0,0,0,2,0,0,0,0,0,2,0,0,0,0,0,0,2,0,2,0,0,0,0,0,2,0,0,0,0,0,2,0,0,0,0,2,0,2,0,2,2,0,0,2,0,0,2,2,0,0,0,0,0,0,0,0,0,0,0,0,0,0,0,0,0,0,0,2,0,0,0,0,0,0,0,0,0,0,0,0,0,0,0,0,0,2,0,0,0,2,0,0,0,0,2,0,0,0,2,0,0,2,0,0,0,0,0,0,0,0,0,0,0,2,0,0,0,0,2,0,0,0,0,0,0,2,0,0,0,0,2,0,2,2,0,2,0,0,0,0,0,2,0,0,0,2,2,0,2,2,2,0,0,0,2,0,0,0,0,0,0,0,0,0,0,0,0,0,0,2,0,0,0,0,0,0,0,2,2,0,0,2,0,0,0,2,2,0,0,0,2,0,2,0,0,0,0,2,2,0,0,0,0,0,0,0,0,0,0,0,0,0,0,0,0,2,0,0,0,2,0,2,2,0,0,0,0,0,2,0,0,2,0,0,0,0,0,0,0,0,0,0,0,2,0,0,0,0,0,0,0,0,2,0,0,0,0,0,0,0,0,2,0,0,0,0,2,0,0,0,0,0,0,2,0,0,0,0,0,0,2,0,2,0,0,0,0,0,2,0,0,2,0,2,0,0,0,2,2,0,2,0,0,0,2,0,0,0,0,0,0,0,0,0,2,0,0,0,0,0,0,0,0,0,0,0,0,0,0,2,0,0,0,0,0,0,0,0,0,0,0,0,2,0,2,0,0,0,2,0,2,2
"CC197",0,0,0,2,2,0,0,2,0,0,0,0,0,2,2,2,0,0,0,0,0,2,2,0,0,0,0,0,0,2,0,0,0,0,0,0,2,2,0,0,0,2,0,2,0,0,0,0,0,0,0,0,0,0,0,0,0,0,2,2,0,0,2,0,2,0,2,0,0,0,0,0,2,2,0,2,0,0,0,0,2,0,0,0,0,0,0,0,0,0,2,2,0,0,0,2,0,0,2,2,0,0,0,2,0,0,0,0,0,0,0,2,0,0,0,2,0,0,0,0,0,0,0,0,0,2,2,0,2,0,0,0,0,2,0,0,0,0,2,NA,0,0,0,0,0,NA,0,2,0,2,2,0,0,0,2,0,2,0,2,0,2,0,0,0,0,0,0,2,0,2,0,0,2,0,0,2,0,0,0,2,0,0,2,0,2,2,0,0,0,0,0,2,2,0,0,0,0,2,0,0,0,0,0,0,0,0,0,0,0,0,0,0,0,0,2,0,2,0,2,0,2,0,0,0,0,0,0,0,0,0,0,2,0,2,0,0,0,0,0,0,0,0,0,0,0,0,0,2,0,0,0,0,0,0,0,0,0,0,0,0,0,2,2,0,0,0,2,0,2,0,0,2,2,2,0,0,0,2,2,0,0,0,2,0,0,2,2,0,0,0,0,0,0,2,0,0,0,0,2,0,2,0,2,0,2,0,0,2,0,0,0,0,0,0,0,2,0,0,0,0,2,0,0,0,2,0,0,0,0,0,0,2,0,0,0,0,0,0,2,0,0,0,0,0,0,0,0,0,0,0,0,0,0,0,0,0,0,0,0,0,0,0,0,0,0,0,0,0,0,2,0,2,NA,0,0,0,0,0,0,0,0,0,0,0,0,0,0,2,2,0,0,0,0,2,2,2,2,0,0,0,0,0,2,0,0,0,0,0,0,0,0,2,0,0,2,0,2,0,0,2,0,2,0,0,2,0,0,2,0,0,0,0,0,0,0,0,0,0,0,0,0,2,0,0,0,0,0,2,0,0,0,0,0,0,0,0,0,2,2,2,2,2,2,0,0,0,0,0,0,0,0,2,2,0,0,0,0,0,2,0,0,0,0,0,0,0,0,2,0,0,0,2,0,0,2,2,0,0,0,0,0,0,0,0,2,0,0,0,0,2,0,0,0,0,0,0,2,0,0,2,2,2,0,0,2,2,2,0,0,0,0,2,0,0,0,0,0,0,0,0,0,0,0,2,0,0,2,0,0,0,0,0,0,0,0,0,0,2,2,0,0,2,0,2,0,0,0,0,2,0,0,2,0,0,0,0,0,0,0,2,2,0,0,0,0,0,2,0,0,2,0,0,0,0,2,0,0,0,0,0,0,0,0,2,2,2,0,0,0,0,0,0,0,2,0,NA,0,0,0,0,0,0,0,2,2,0,0,0,2,0,0,0,0,0,0,0,0,2,0,0,0,2,2,0,0,0,0,0,0,2,0,0,0,0,2,0,2,0,0,0,2,0,0,0,0,0,0,0,0,0,0,0,0,2,0,0,0,2,0,0,0,0,0,0,0,0,0,0,0,0,0,0,0,0,0,0,2,0,0,2,0,0,0,0,2,0,0,0,0,0,0,0,0,0,0,0,0,0,2,0,0,0,0,0,0,2,0,0,2,0,2,0,0,0,0,0,0,0,0,0,0,0,0,0,0,0,0,0,2,0,0,0,0,0,0,0,0,2,0,0,2,0,0,2,0,0,0,0,0,0,0,0,2,0,2,0,0,0,2,0,0,2,0,2,0,0,0,0,0,0,0,0,2,2,2,0,0,0,0,0,0,0,0,0,2,0,2,0,0,0,0,0,0,0,0,0,0,0,0,0,0,0,2,0,0,0,0,0,0,0,0,0,0,0,0,0,2,0,0,0,0,0,0,0,0,0,0,2,0,2,0,0,0,2,0,0,0,0,0,0,0,0,0,0,0,0,0,2,0,0,0,0,0,0,0,0,2,0,2,0,0,2,0,0,0,0,0,0,0,0,0,0,0,0,0,0,0,0,0,0,0,0,0,0,0,0,0,0,0,0,0,0,NA,0,0,2,0,0,0,2,0,NA,0,2,0,0,0,0,0,0,2,2,0,2,2,0,0,0,0,0,2,0,0,2,0,0,0,0,0,0,0,0,0,2,0,0,0,0,0,0,0,0,2,0,0,0,0,0,0,0,2,0,0,0,0,0,0,2,0,0,2,0,0,2,2,0,0,0,0,0,0,0,0,0,0,0,0,0,0,0,0,0,0,0,0,0,0,0,2,0,0,0,0,0,0,0,0,0,0,0,0,0,0,0,0,2,0,0,0,0,0,0,0,0,0,0,0,0,2,0,0,0,0,0,0,2,0,0,2,0,0,0,0,0,0,0,0,0,0,0,0,0,0,0,0,0,0,0,0,0,2,0,0,2,NA,0,2,2,0,0,2,0,0,0,0,0,2,0,0,0,0,0,0,0,0,0,0,0,0,0,2,0,0,0,0,0,0,2,2,0,0,0,0,0,0,0,0,0,0,2,0,0,0,0,0,0,0,0,0,0,2,0,2,2,0,0,0,0,0,0,0,2,0,0,2,0,0,2,2,2,0,0,0,0,0,0,0,0,0,0,0,0,0,0,0,0,0,0,2,0,2,0,0,0,0,0,0,0,0,0,0,0,0,0,0,2,0,0,0,0,0,0,0,0,0,0,0,0,2,0,0,0,0,0,0,0,0,0,0,0,0,0,2,0,0,0,0,0,0,0,0,0,0,2,0,0,2,2,0,0,0,2,2,0,0,0,0,0,0,0,2,2,0,0,0,0,2,0,0,0,0,0,0,0,0,0,NA,2,0,0,0,0,0,0,2,0,0,0,0,0,0,0,0,0,0,0,0,0,2,0,0,2,2,0,2,0,0,0,0,0,0,0,2,0,0,0,0,0,0,0,0,0,0,2,2,2,0,0,0,0,0,0,0,0,0,0,0,0,0,0,0,0,2,2,0,0,2,0,0,0,0,0,0,0,0,0,0,0,0,2,2,0,0,0,0,0,0,0,2,0,2,0,0,0,0,0,0,0,2,0,0,0,0,0,0,0,0,2,2,0,0,0,0,0,0,0,2,0,0,0,0,0,0,0,0,0,0,0,0,0,0,0,0,0,2,0,0,0,0,0,0,0,0,0,0,0,0,0,0,0,0,0,0,0,2,0,0,0,0,0,0,0,0,0,0,0,0,0,0,0,2,0,0,0,2,0,0,0,0,0,0,0,0,0,0,0,0,0,2,2,0,0,0,0,0,0,0,0,0,2,0,0,0,0,0,0,0,0,0,0,0,2,0,0,0,0,2,0,0,0,2,0,0,0,0,0,2,0,0,0,0,0,0,0,0,0,0,0,0,0,0,0,0,0,0,2,0,0,0,0,0,0,0,0,0,0,0,0,0,0,2,0,2,0,0,0,0,0,0,0,0,0,0,0,0,0,0,0,0,0,0,0,0,0,0,0,0,0,0,2,0,2,0,0,2,0,0,0,0,2,0,0,0,2,0,0,0,2,0,0,0,0,2,2,0,0,2,2,0,0,0,0,2,0,0,2,0,0,0,2,0,0,0,0,2,0,0,2,0,0,0,0,2,0,0,0,0,2,0,0,2,0,0,0,0,0,0,2,0,2,0,0,2,2,0,0,2,0,0,0,0,0,0,0,0,0,0,0,2,0,0,2,0,0,0,0,NA,0,0,0,2,0,2,0,0,0,0,2,0,0,0,0,0,0,0,2,0,0,0,0,2,0,0,0,0,0,0,0,0,2,0,0,0,0,0,2,0,0,0,0,0,0,2,0,0,0,2,0,0,0,2,0,0,0,0,0,0,2,0,NA,0,0,0,0,0,2,0,0,2,2,2,0,0,0,2,0,2,0,0,0,0,2,2,2,0,2,0,0,0,0,0,0,2,0,0,2,0,0,0,0,0,0,0,2,2,0,0,0,0,0,0,0,2,2,0,0,2,0,0,0,0,0,0,2,2,0,0,0,0,0,0,0,0,2,2,2,0,0,2,0,0,0,0,2,0,0,0,0,0,0,0,0,2,0,0,0,0,0,2,0,0,2,0,2,0,0,0,0,0,0,2,0,0,2,0,0,0,0,2,0,0,0,0,2,0,0,0,2,2,2,0,0,0,2,0,0,0,0,0,0,0,0,0,2,0,0,0,0,0,0,0,0,0,0,2,2,0,0,0,0,0,0,0,0,0,2,2,0,0,0,0,0,0,0,0,0,0,0,0,0,0,0,0,2,0,0,0,0,0,0,0,0,0,0,0,0,0,0,0,2,0,0,0,0,0,0,0,0,2,0,2,0,0,0,2,0,0,2,0,0,0,2,2,0,0,0,0,0,0,0,0,0,0,0,0,0,0,0,0,2,0,0,0,0,2,0,0,0,2,0,0,0,0,0,0,2,0,2,0,0,NA,0,0,2,0,0,0,0,2,0,2,2,0,0,0,2,0,0,0,0,0,2,0,0,0,0,0,0,0,0,0,0,0,0,0,0,0,2,2,0,0,2,0,0,0,0,0,0,0,0,2,0,0,0,0,0,2,2,2,0,0,0,0,2,0,0,0,0,0,0,0,2,2,0,0,2,0,0,0,0,0,0,0,2,2,0,0,0,0,0,2,0,2,0,0,0,2,0,2,0,0,0,0,0,0,0,2,0,2,2,2,2,2,2,0,2,0,0,0,2,0,0,2,2,0,2,2,0,0,0,0,0,0,0,0,0,0,0,0,2,0,0,0,0,0,0,0,2,0,0,0,0,2,0,0,0,2,0,0,0,0,0,0,0,2,0,0,0,0,0,0,0,0,0,0,0,0,0,0,0,0,0,0,0,0,2,0,0,0,0,0,0,2,2,0,2,0,0,0,0,0,0,0,0,0,0,2,0,0,2,2,0,0,0,0,2,0,0,0,0,0,0,0,0,0,2,0,0,0,0,2,0,2,0,0,0,0,0,2,2,2,0,0,0,0,0,0,0,0,0,0,0,0,2,0,2,0,0,0,0,0,2,2,2,2,0,0,0,0,0,0,0,0,0,0,2,0,0,0,0,0,0,0,0,0,0,0,0,2,0,2,0,2,0,0,0,2,0,0,0,0,2,0,0,2,2,0,0,0,0,2,0,0,2,0,0,0,0,0,0,0,0,0,0,0,0,0,0,0,0,0,0,0,0,2,0,0,0,0,0,0,2,0,0,2,0,0,0,0,0,0,2,0,0,0,0,0,0,0,0,2,0,0,0,2,0,0,0,2,0,0,0,0,0,0,0,2,2,0,0,0,0,0,0,2,0,0,0,0,0,0,0,0,0,0,0,0,0,0,0,0,0,2,0,0,0,0,2,2,0,0,0,0,0,0,0,0,0,0,0,2,0,0,0,0,0,0,2,0,0,0,0,2,0,2,2,0,0,2,0,0,0,0,0,0,2,0,0,0,0,0,0,0,0,2,0,0,0,2,0,0,0,0,2,2,0,0,0,2,0,0,0,0,0,0,0,2,0,0,0,0,0,0,2,0,2,0,2,0,0,0,0,2,0,2,0,0,0,2,2,0,2,0,0,0,2,2,0,2,0,0,2,0,0,0,0,0,0,0,2,0,0,0,0,0,0,0,0,0,0,0,0,2,0,0,2,2,0,0,0,0,0,0,2,0,0,0,0,0,0,0,0,0,0,0,0,2,0,0,0,0,0,0,0,0,0,0,0,0,0,0,0,0,2,2,0,0,0,0,2,0,0,0,0,0,0,0,0,0,0,0,0,2,0,0,0,0,0,0,0,0,0,0,0,0,0,2,0,0,0,0,2,0,0,2,0,0,0,2,2,0,0,0,0,0,0,0,0,0,0,0,2,2,2,0,0,0,0,0,0,0,0,0,0,0,0,0,0,0,0,0,0,0,0,0,0,0,0,0,0,2,0,0,2,0,0,0,0,0,0,0,0,2,0,0,0,2,0,0,0,2,0,0,0,0,2,0,2,0,0,0,0,0,0,0,2,2,2,0,2,2,0,0,2,2,0,0,0,0,2,0,0,2,0,2,0,0,2,2,0,2,2,0,0,0,2,0,0,0,2,0,2,2,0,0,0,2,0,0,2,0,0,0,0,0,0,0,0,0,0,0,2,0,0,0,2,0,0,0,0,2,0,2,0,0,0,0,2,0,2,0,0,2,2,0,0,2,0,0,0,0,0,2,0,0,0,0,0,0,0,0,0,0,0,0,0,0,0,0,2,0,0,0,0,0,0,0,0,0,0,0,0,0,0,0,0,2,0,0,0,0,0,0,0,0,0,2,2,0,2,2,0,0,0,0,2,0,0,0,0,0,2,2,0,0,0,0,0,0,0,0,0,0,0,0,0,0,2,0,2,0,0,2,2,0,0,0,0,0,2,0,0,0,0,0,0,0,0,0,0,0,0,0,0,2,0,0,2,0,2,0,0,2,0,2,0,0,2,0,2,0,2,0,0,2,0,0,0,0,0,0,2,0,0,0,2,0,0,0,2,0,0,2,0,0,0,0,0,2,0,2,0,0,0,0,0,0,0,0,0,0,0,0,0,0,0,0,0,0,0,0,0,0,2,0,2,0,2,0,0,0,0,0,0,0,0,2,0,0,2,0,0,0,0,0,2,0,2,0,0,0,0,0,0,0,0,0,2,2,2,0,2,2,2,2,2,2,0,0,0,0,0,0,2,0,0,0,0,0,0,0,0,0,0,0,0,0,2,0,0,0,0,0,0,0,0,0,0,0,0,0,0,0,0,0,0,2,0,0,0,0,0,2,0,2,2,0,0,0,0,0,0,2,0,0,0,2,2,2,0,0,0,0,0,0,0,2,0,0,2,0,0,0,0,0,2,2,0,0,0,0,0,0,0,0,0,2,2,0,2,0,0,0,0,0,0,2,0,0,0,0,0,2,2,0,2,0,0,0,2,0,0,2,0,0,0,2,2,0,0,0,2,2,0,2,0,2,2,2,0,2,0,0,2,0,2,0,2,2,0,2,0,0,0,2,0,0,0,0,0,0,0,2,0,0,2,0,0,0,0,0,0,0,0,0,2,0,0,0,0,0,0,0,0,0,0,2,0,0,0,0,2,0,0,0,0,0,2,2,2,0,2,0,0,0,0,2,0,0,0,2,0,0,0,0,0,0,2,0,0,0,2,0,2,0,2,2,0,2,2,2,2,0,2,2,2,0,0,2,0,0,2,2,0,0,0,0,2,0,0,2,0,0,0,2,0,0,0,2,0,0,0,0,0,0,2,0,0,0,0,0,0,0,0,0,0,0,0,0,2,0,0,0,0,0,0,0,0,2,2,0,2,0,0,2,0,0,2,0,2,0,0,0,0,2,0,0,0,0,0,0,0,0,2,0,0,0,0,2,0,0,0,0,2,2,2,0,0,0,0,2,2,0,0,0,0,2,0,0,0,0,2,2,0,0,2,0,0,0,0,2,0,0,0,0,0,2,0,0,0,0,2,0,0,0,0,0,0,0,0,0,2,0,0,0,0,0,0,2,0,0,0,0,0,0,0,0,0,0,0,0,0,0,0,0,0,0,0,0,0,0,0,2,0,0,0,0,0,0,0,0,0,0,0,0,0,0,0,0,0,0,0,0,0,0,0,0,0,0,0,0,0,0,0,2,0,0,0,0,2,0,0,0,2,0,0,0,0,0,0,2,0,0,0,0,0,0,0,0,0,2,0,0,0,0,0,2,0,0,0,0,0,0,0,2,0,0,0,0,0,0,0,0,0,0,0,0,0,0,0,0,0,0,0,0,0,0,0,0,0,0,2,0,0,2,0,0,0,0,0,0,2,0,0,0,0,0,0,0,0,0,0,0,2,0,0,2,0,0,0,0,0,2,2,0,0,0,0,2,0,2,0,0,0,0,0,2,0,0,0,0,0,0,0,0,2,0,0,2,0,0,0,0,0,0,0,0,0,0,2,2,0,0,0,2,0,0,0,0,0,0,0,0,0,0,2,0,0,2,0,2,2,0,0,0,0,0,0,0,0,0,0,0,0,0,0,0,0,2,0,0,2,2,0,2,0,0,0,2,0,0,0,2,0,0,0,0,0,0,0,0,0,0,0,0,0,0,0,0,2,0,0,0,0,0,0,0,0,0,0,0,0,0,0,0,0,0,0,0,0,0,0,0,0,0,0,0,0,2,2,2,0,0,2,0,2,0,0,0,2,0,2,2,0,0,0,0,0,0,0,2,2,2,0,0,2,0,0,0,0,2,0,0,0,2,2,0,0,0,0,0,0,0,0,0,2,0,0,0,0,0,0,0,2,0,0,0,0,0,0,0,2,2,0,2,2,0,0,0,0,0,0,0,0,0,0,0,0,0,0,0,0,0,0,0,0,0,0,0,2,2,0,0,0,2,0,0,2,0,0,0,0,0,2,0,0,0,0,0,0,2,2,0,2,0,0,0,0,0,0,2,0,0,0,0,0,0,0,0,2,0,0,0,0,0,0,0,0,0,0,0,0,0,0,0,2,0,0,0,2,0,0,0,0,2,0,0,0,0,0,0,0,0,0,0,0,2,0,0,0,0,0,0,0,0,0,0,0,0,0,0,0,0,0,2,0,2,0,0,0,0,0,0,0,2,2,2,0,0,0,0,2,0,2,0,0,2,0,0,0,2,0,0,0,2,0,2,2,0,0,0,0,0,0,0,0,0,2,0,0,0,0,0,0,0,0,0,0,0,0,0,0,0,0,2,2,0,0,0,0,0,0,0,0,0,2,0,0,0,2,0,0,0,2,0,2,2,0,0,0,0,0,0,2,0,0,0,0,2,0,0,0,0,2,2,0,0,0,0,0,0,0,0,0,0,0,0,0,0,0,0,2,2,2,0,2,2,2,0,0,NA,2,2,0,0,0,0,2,0,2,0,2,0,0,2,2,2,0,0,2,0,2,2,0,0,0,0,0,2,0,0,0,0,0,0,0,0,2,0,0,0,0,2,0,0,2,0,0,0,2,0,0,0,0,0,0,0,0,0,0,0,2,0,0,0,0,0,0,0,0,2,0,2,0,0,0,0,2,0,0,0,0,0,0,2,0,2,0,0,0,0,0,0,0,2,0,0,0,0,2,0,0,0,0,0,0,0,0,0,2,2,0,0,0,2,0,0,0,0,0,0,0,2,0,0,0,0,0,0,0,0,0,0,0,0,2,0,0,0,0,0,0,0,0,0,2,0,0,0,0,0,2,0,2,2,0,2,0,0,2,0,2,0,0,0,0,0,0,0,0,0,0,2,2,0,0,0,2,0,0,0,2,2,0,2,2,0,0,0,2,0,0,2,0,0,0,0,2,0,0,0,0,0,0,0,2,2,0,0,0,2,2,0,0,0,0,0,0,0,0,0,0,0,0,0,0,0,0,2,2,0,0,0,0,2,2,0,0,2,0,0,2,0,2,0,0,0,0,0,0,2,0,2,0,0,0,2,0,2,0,0,0,0,0,0,2,2,2,0,0,2,0,0,2,0,0,0,0,2,2,0,0,2,2,0,0,2,2,0,0,NA,2,0,0,0,0,0,NA,0,0,0,0,0,0,0,0,0,2,0,0,2,0,0,0,0,0,0,0,0,0,2,0,0,2,0,2,0,0,0,0,0,0,0,0,0,0,0,0,0,0,0,0,0,0,0,2,2,2,0,0,0,0,0,0,0,0,0,0,2,0,2,2,0,2,2,0,0,0,0,0,0,0,0,0,2,2,2,0,0,0,2,2,0,0,0,2,2,2,0,2,2,0,0,0,0,0,0,2,0,0,0,0,0,2,0,2,0,2,0,0,0,0,0,0,0,2,0,0,0,0,0,0,2,0,0,0,0,0,0,0,2,0,0,0,0,2,2,0,0,2,2,2,0,2,0,0,0,0,0,0,0,0,0,0,0,0,0,0,2,2,0,0,0,0,0,0,2,0,2,0,2,0,2,0,2,0,0,0,2,0,0,2,0,0,2,0,0,0,2,2,0,2,0,0,0,0,0,0,0,0,0,0,2,0,0,0,2,2,0,NA,0,0,2,0,2,0,2,2,0,0,0,0,0,0,2,2,0,2,0,2,0,0,0,2,0,0,0,2,0,2,0,0,0,0,0,2,0,0,0,2,0,0,0,2,2,2,0,0,0,2,0,0,0,0,0,0,0,0,0,0,2,0,0,0,0,0,0,0,0,0,2,0,2,0,2,0,0,0,0,0,0,0,2,0,2,0,0,0,0,0,0,0,0,0,0,0,0,0,0,0,0,0,2,2,0,0,0,0,0,0,0,0,0,0,0,0,0,0,0,0,0,0,0,0,0,0,0,2,0,0,0,0,0,0,0,0,0,0,2,0,0,0,0,2,0,0,0,0,0,2,0,0,0,0,0,0,0,0,0,0,0,0,0,0,0,2,2,0,0,0,0,0,0,0,0,0,0,2,2,2,2,0,2,0,0,0,0,0,2,2,0,0,0,0,2,0,0,2,0,0,0,0,0,0,2,0,2,0,2,0,0,2,0,2,0,2,0,2,0,0,2,0,0,0,0,2,0,0,0,0,0,2,0,0,2,0,0,0,0,0,0,2,2,0,0,0,0,0,0,0,2,0,0,0,0,0,0,2,2,0,0,0,0,0,0,0,0,0,2,2,2,NA,0,0,0,0,2,0,0,0,0,0,0,2,0,0,0,0,0,0,0,2,0,0,0,2,2,2,2,2,0,0,0,2,0,0,0,0,2,2,0,0,0,0,0,0,0,0,2,0,0,0,0,0,2,2,0,2,0,0,2,2,2,0,0,0,2,2,0,2,2,0,0,0,0,0,0,0,0,0,0,0,0,2,0,0,0,2,2,2,0,0,0,0,2,0,0,0,0,0,0,0,0,0,2,0,0,0,0,0,0,0,2,2,2,2,0,2,0,0,2,0,0,0,0,0,0,0,0,0,2,0,0,0,0,0,0,0,0,0,2,0,0,0,0,0,0,2,0,2,0,2,2,2,0,0,0,0,0,2,2,0,0,0,0,0,0,2,2,2,2,0,2,0,0,0,2,0,0,0,2,0,0,2,0,2,2,0,2,0,NA,0,0,0,0,2,0,0,2,0,2,0,2,0,0,0,0,2,0,2,0,0,0,0,0,0,0,0,0,2,2,0,2,0,0,2,0,2,0,0,0,0,2,0,0,0,2,2,0,0,2,0,0,2,2,2,2,0,0,0,0,0,0,2,2,2,0,2,0,0,0,0,0,2,2,2,2,2,0,2,0,0,0,0,0,0,0,0,0,2,0,0,2,0,0,0,0,0,2,0,2,0,0,0,2,0,2,0,0,0,0,0,0,0,0,0,0,2,0,0,0,2,0,0,0,2,0,0,0,0,0,0,0,0,0,0,0,2,0,0,2,0,0,0,0,0,0,0,NA,0,0,0,0,0,0,0,0,2,0,0,0,2,0,2,0,2,0,0,0,0,0,0,0,0,0,0,0,0,0,0,0,0,0,0,0,0,0,0,0,0,0,2,0,0,0,2,0,0,0,0,0,0,0,2,0,0,0,0,0,2,0,0,0,0,0,0,0,0,0,0,0,0,0,0,0,2,0,0,2,0,0,0,0,2,0,2,0,0,0,0,0,0,0,0,0,0,0,0,0,2,0,0,0,0,0,0,0,0,0,0,0,2,0,2,2,0,0,0,0,0,0,0,0,2,2,0,2,0,0,0,0,0,0,0,NA
"CC198",0,2,0,2,2,2,0,2,0,0,0,0,2,0,0,0,0,0,0,0,0,0,0,0,2,0,0,0,0,0,0,0,0,0,0,0,0,0,0,0,0,0,0,0,0,2,0,2,0,2,0,2,0,0,0,0,0,0,2,0,0,0,0,0,2,0,2,0,0,0,0,0,0,0,0,2,0,0,0,2,2,0,0,2,2,0,0,2,0,0,2,0,0,2,0,2,0,0,0,0,0,0,0,2,0,0,0,0,0,0,0,0,0,2,2,0,0,0,0,2,2,0,0,2,0,2,2,0,0,0,2,0,0,0,0,0,0,0,2,2,0,2,0,0,0,2,0,2,0,2,0,0,0,0,0,2,0,0,0,0,0,0,0,0,0,2,0,2,2,2,0,0,2,2,0,2,0,0,0,2,0,2,0,0,0,0,2,0,0,0,0,2,0,0,0,0,0,2,0,0,0,0,0,0,0,0,2,0,2,0,2,0,0,0,2,0,2,0,2,2,0,2,2,0,0,2,0,0,0,0,2,2,0,2,0,0,0,NA,0,0,0,0,0,0,0,0,0,0,0,0,0,2,0,2,0,0,0,0,0,0,0,0,2,0,0,0,2,0,2,0,2,0,0,2,0,0,0,2,2,0,0,0,2,0,0,2,0,2,0,0,2,0,0,0,0,0,0,0,2,0,2,2,2,0,2,0,0,2,0,0,0,0,0,0,0,0,0,0,0,0,0,0,0,0,0,0,0,0,0,0,0,2,0,0,0,0,0,0,0,0,0,0,0,0,0,0,0,0,0,0,0,0,0,0,0,0,0,0,0,0,0,0,0,0,0,0,0,0,0,0,0,0,2,0,0,0,0,0,0,0,0,0,0,0,0,0,0,2,2,0,0,0,0,2,2,0,2,0,2,0,0,0,0,0,0,0,0,0,0,0,0,2,0,0,2,0,2,0,0,2,0,0,0,0,0,0,0,0,2,0,0,2,0,0,0,0,0,0,0,0,0,0,0,0,0,0,0,2,0,0,0,0,0,0,0,0,0,0,0,0,0,0,0,0,0,0,0,0,0,0,0,0,0,0,0,0,0,2,0,0,0,0,0,0,0,2,0,0,2,0,2,NA,0,0,0,0,2,0,0,0,0,0,0,0,2,0,0,0,0,0,0,0,0,0,0,0,0,0,0,2,2,0,0,0,2,2,0,0,0,0,0,0,0,0,0,2,0,0,0,0,0,0,0,2,0,2,0,0,0,0,0,0,0,0,0,0,0,0,0,0,0,0,0,2,0,0,0,0,0,0,0,0,2,0,0,0,2,0,2,0,2,2,0,0,0,0,2,0,0,2,0,0,2,2,0,0,0,2,0,0,0,0,0,2,2,2,0,0,0,0,2,0,0,2,0,0,0,0,0,0,2,0,0,2,2,0,0,0,2,0,0,0,0,0,0,0,0,2,0,2,0,0,0,0,0,0,0,0,0,0,0,0,0,0,2,0,2,0,0,0,2,2,0,0,0,0,0,0,0,2,0,0,0,0,0,0,0,2,0,0,0,0,0,0,0,0,0,0,0,0,0,0,0,0,0,0,2,0,0,2,0,0,0,0,0,0,0,0,0,0,0,0,0,2,0,0,0,0,2,0,0,0,0,0,0,0,0,2,0,0,2,0,0,0,0,0,0,0,0,0,0,0,0,2,0,0,0,0,2,0,0,0,0,0,0,0,0,0,2,0,2,0,0,0,0,0,0,0,0,0,2,0,0,0,0,0,2,0,0,0,0,0,0,0,0,0,0,0,0,0,0,0,0,2,0,2,0,0,0,0,0,0,0,0,0,0,0,0,0,2,0,0,0,0,0,0,0,0,0,0,0,0,2,0,0,0,0,0,0,0,2,0,0,0,0,0,0,0,0,0,0,0,0,0,0,0,0,2,0,0,0,0,0,2,0,0,0,0,0,0,0,0,0,0,2,0,0,2,0,2,0,2,0,0,0,0,2,0,0,0,0,2,0,0,2,2,0,0,0,0,2,0,0,0,0,0,0,0,0,0,0,0,0,0,2,2,0,0,0,0,0,0,0,0,0,2,0,0,0,2,0,2,2,0,2,0,0,0,2,0,0,2,0,2,0,0,0,0,0,0,0,0,0,0,0,2,0,0,0,2,0,0,0,0,0,0,0,0,0,0,0,0,0,0,0,0,0,0,0,0,2,0,2,0,2,0,0,2,0,0,2,0,0,0,2,0,0,0,0,2,0,0,0,0,0,0,0,0,0,0,0,0,0,0,0,0,0,0,2,0,0,0,0,0,0,0,0,2,0,0,0,0,0,0,0,2,0,0,0,0,0,0,0,0,0,2,0,0,0,0,0,0,2,0,0,0,0,0,2,0,2,0,0,0,0,2,0,0,2,0,0,0,0,2,0,2,2,2,0,0,2,0,0,2,2,0,2,2,2,NA,2,0,0,0,0,0,0,0,0,2,2,0,0,0,0,2,2,0,0,0,0,0,0,0,0,0,0,2,2,0,2,2,0,0,0,0,2,0,0,2,0,0,0,2,0,0,0,0,0,0,2,0,0,0,0,0,0,0,0,0,0,2,0,2,2,0,0,0,2,2,0,0,0,0,0,0,0,0,0,2,2,2,0,0,0,0,2,0,2,0,0,0,0,0,0,0,0,0,0,0,0,0,0,0,0,0,0,0,2,0,0,2,0,0,0,0,0,0,0,0,0,0,0,0,2,0,0,0,0,0,0,0,0,0,0,0,0,0,0,0,0,0,0,0,2,0,0,0,0,2,0,0,0,0,0,0,0,0,0,0,0,0,0,0,2,0,0,0,0,0,0,0,0,0,0,0,0,0,0,0,0,0,0,2,0,0,0,2,0,0,0,0,0,0,0,0,0,0,0,0,0,2,2,0,0,0,0,0,0,0,0,0,0,0,0,0,0,0,0,0,0,0,0,0,0,0,2,0,0,2,0,0,0,0,0,2,0,0,0,0,0,2,0,0,0,0,2,0,2,2,0,0,2,0,2,0,0,0,0,0,0,0,0,0,0,2,2,0,0,0,0,0,0,0,0,0,0,0,0,0,0,0,0,2,0,0,0,0,2,2,2,2,0,0,0,0,0,0,0,0,0,0,0,0,0,2,0,0,0,0,0,0,2,0,2,0,0,0,2,0,0,0,0,0,0,0,0,0,0,0,0,0,0,2,2,0,2,0,0,0,0,0,0,0,0,0,2,0,0,2,0,0,0,0,0,2,0,0,0,0,0,0,2,0,0,2,0,0,2,0,0,0,2,2,0,0,0,0,0,2,0,0,0,0,2,0,0,0,2,0,0,0,0,2,0,2,0,0,0,0,2,0,0,0,0,0,2,0,0,0,0,0,0,0,0,0,0,0,0,0,0,2,0,0,0,2,0,0,0,0,0,0,0,0,0,0,0,0,0,0,2,0,0,0,2,0,0,0,0,2,0,2,0,0,0,0,0,0,2,2,2,0,0,0,0,0,0,0,2,0,0,0,0,0,2,0,0,0,0,0,0,0,2,2,0,0,0,2,2,0,0,0,2,2,0,0,2,0,0,0,0,0,0,0,0,0,0,0,0,2,0,2,0,0,2,0,0,0,0,0,0,2,2,0,0,0,0,2,0,0,NA,2,0,0,2,0,0,2,0,2,0,2,0,2,0,0,2,0,0,0,0,0,0,0,2,0,0,0,0,0,0,0,0,2,0,2,2,0,0,0,0,0,0,0,0,2,0,2,0,0,0,0,0,0,2,0,0,0,0,0,0,0,0,2,0,0,2,0,0,2,0,0,0,0,0,2,0,0,0,0,2,0,2,0,0,2,0,0,0,0,2,2,0,0,2,0,0,0,2,0,0,0,2,2,0,0,0,2,2,0,2,0,0,0,2,0,0,0,0,2,0,2,2,2,0,2,0,0,0,2,2,0,2,0,0,0,0,0,0,0,0,0,0,2,2,0,2,0,0,0,0,0,2,2,0,0,2,0,0,2,0,0,0,2,2,0,0,0,0,0,0,0,0,0,0,0,0,0,0,0,0,0,0,0,0,0,0,0,0,2,0,0,0,0,0,0,0,0,2,0,0,0,2,2,0,0,0,2,0,0,0,0,0,2,0,0,0,0,0,0,2,0,0,0,0,0,0,2,2,0,0,0,0,0,0,0,0,0,0,0,0,0,0,2,0,0,0,0,0,0,0,0,0,0,0,0,0,0,2,0,0,2,0,0,0,0,0,0,0,0,2,0,0,0,0,0,0,2,0,0,2,0,0,0,0,0,2,0,0,0,0,0,2,2,0,0,0,0,2,0,0,0,0,0,0,2,0,0,0,0,2,0,0,2,2,0,0,0,0,2,0,2,0,0,0,0,0,0,0,0,0,0,0,0,0,0,2,0,0,2,0,0,0,0,0,2,0,0,0,0,0,0,0,0,2,0,0,0,0,0,0,0,0,0,0,0,0,0,2,0,0,2,0,0,0,0,0,0,0,0,0,0,0,0,0,0,0,0,0,0,0,2,0,0,0,0,0,0,2,0,0,0,0,0,0,0,0,2,0,2,2,0,0,0,0,0,2,2,0,0,2,2,0,2,0,0,0,0,0,0,0,0,0,0,2,0,0,0,0,0,0,0,0,0,2,2,0,0,0,0,0,0,0,0,0,0,0,0,0,0,2,0,0,0,0,0,0,0,0,0,2,0,0,0,0,0,2,0,0,0,2,0,0,2,0,0,0,2,0,2,2,2,2,0,0,0,2,0,2,0,0,2,0,0,0,0,0,2,0,0,0,0,2,0,0,0,0,0,0,0,0,0,0,0,2,0,0,0,2,0,0,0,0,0,0,0,0,0,0,0,0,2,0,0,0,0,2,0,0,2,0,0,0,2,0,0,0,0,0,2,0,0,0,0,0,0,0,0,0,0,0,0,0,0,0,0,0,2,0,2,0,0,0,0,0,2,0,2,2,0,2,0,0,0,2,0,0,0,2,2,0,0,0,0,0,2,0,2,0,0,0,0,0,2,2,2,0,0,0,0,2,0,2,0,0,2,0,0,0,0,0,0,0,0,0,2,0,0,0,0,0,0,0,0,0,0,0,0,0,0,0,0,0,0,2,0,2,2,0,0,2,0,0,0,0,0,0,0,0,0,0,0,0,2,0,0,0,0,0,2,0,0,0,0,0,0,0,2,0,0,0,2,0,0,2,0,0,2,0,0,0,0,0,0,2,0,0,0,0,0,0,0,2,0,0,0,0,0,0,0,0,0,0,0,2,0,0,0,0,0,2,0,2,0,0,0,0,0,0,0,0,0,0,0,2,0,0,0,0,0,0,2,2,0,0,0,0,0,0,2,0,0,0,0,0,0,0,0,2,0,0,0,0,0,0,0,0,0,0,0,0,0,2,0,0,0,0,2,0,0,2,0,0,0,2,2,2,0,0,0,0,0,0,0,0,0,0,0,0,0,0,0,0,0,0,0,0,0,0,0,0,2,0,2,0,2,0,0,2,0,2,2,2,0,0,0,0,0,0,0,2,0,0,0,0,0,0,2,0,0,0,0,0,0,2,2,0,2,0,0,0,0,0,0,0,0,0,0,0,2,0,0,0,0,0,0,0,0,0,2,0,0,0,0,0,0,0,0,2,0,0,0,2,0,0,2,0,0,0,0,0,0,0,0,0,0,0,0,0,0,0,0,0,0,0,0,0,2,0,0,0,0,0,0,0,0,0,0,0,0,0,0,0,0,0,0,0,0,0,0,0,2,2,0,0,0,0,2,0,0,0,2,0,0,0,0,0,0,0,0,2,2,0,0,0,0,0,0,0,0,0,0,0,0,2,0,0,2,2,0,0,0,0,0,0,0,0,0,0,0,0,2,2,2,0,0,0,2,0,0,0,0,0,0,0,0,0,0,0,0,0,0,0,0,0,0,0,0,2,0,2,0,0,2,0,0,0,0,0,0,0,0,2,0,0,0,2,0,0,0,0,0,0,0,0,0,0,0,0,0,0,2,0,0,0,0,0,2,0,2,0,0,0,0,0,0,2,2,0,2,0,0,2,0,2,0,0,0,0,2,2,2,2,0,0,0,0,0,0,0,0,0,0,0,0,0,0,0,2,2,2,0,2,0,0,0,0,0,0,0,2,0,0,0,0,0,0,0,0,0,0,0,0,0,0,0,0,0,0,0,0,0,2,0,0,0,2,0,0,0,0,0,2,0,2,2,0,0,0,0,0,0,0,0,0,0,0,0,2,2,0,2,2,0,0,0,2,0,0,0,0,0,0,0,0,0,0,0,0,0,0,2,0,0,0,0,2,2,0,0,0,0,0,0,0,0,0,2,0,0,0,0,0,2,0,2,2,0,0,0,0,0,2,0,0,0,2,0,2,2,2,0,0,0,0,0,0,0,0,2,0,0,0,0,0,0,0,0,2,0,0,0,0,2,2,0,0,0,2,2,2,0,2,0,0,0,0,0,0,0,0,NA,0,0,0,0,0,2,0,0,2,0,0,0,2,2,0,0,0,0,0,2,0,2,0,0,0,2,0,0,0,0,0,0,0,0,0,0,0,0,0,0,0,0,0,0,2,0,0,0,0,0,0,2,0,0,2,2,0,2,0,0,0,0,2,0,2,0,0,2,0,0,0,0,0,2,0,2,2,0,0,2,0,2,0,0,0,2,2,0,0,0,2,0,0,0,2,0,0,0,0,0,0,0,0,0,0,0,0,2,0,0,2,0,0,0,0,0,0,2,0,0,0,0,0,0,2,0,2,0,0,0,0,0,0,0,2,2,0,0,0,0,0,0,0,2,0,0,0,0,0,0,2,2,0,0,0,0,0,0,0,0,0,2,0,2,2,0,2,2,2,0,2,0,2,0,0,0,0,0,0,0,0,0,0,0,2,2,0,0,0,0,2,0,0,0,0,0,0,0,0,0,0,0,0,0,0,0,0,0,0,0,0,0,0,0,2,2,0,2,0,2,0,0,0,2,0,0,0,0,0,0,0,2,0,0,0,0,0,0,0,2,0,0,0,0,0,0,2,0,0,0,0,2,0,2,2,0,0,0,0,2,0,0,0,0,0,0,0,0,2,0,0,0,0,0,2,2,0,0,2,2,2,0,0,0,0,0,2,0,0,0,0,0,0,0,0,0,0,0,0,0,0,0,0,2,0,2,0,0,0,2,0,2,0,2,2,2,0,2,0,2,0,0,0,0,0,2,0,0,0,0,0,2,0,0,2,2,0,0,0,0,0,0,2,2,0,0,2,0,0,0,2,0,0,2,0,0,0,0,0,0,0,0,0,0,0,0,0,0,0,0,0,0,0,0,0,0,2,2,2,2,2,0,0,0,0,2,0,2,0,0,0,2,0,0,0,0,0,0,2,0,0,0,0,0,0,0,2,0,2,0,0,0,0,0,0,0,0,0,0,2,0,0,2,0,0,0,0,0,0,0,0,0,0,0,0,0,0,0,2,0,0,0,2,0,2,0,0,2,0,0,0,0,0,0,0,0,0,0,0,0,0,2,0,0,0,0,2,0,0,0,0,0,0,0,0,0,0,2,2,0,0,2,0,0,0,0,0,0,0,0,2,0,0,0,0,0,0,0,2,2,0,0,0,0,0,0,2,0,0,0,0,0,0,0,0,0,0,0,0,2,0,0,2,0,0,0,0,2,0,0,0,0,0,0,0,0,0,0,0,2,0,0,0,0,0,0,0,0,0,0,0,0,0,0,0,0,0,0,0,0,0,0,2,0,0,0,0,0,0,0,2,0,0,0,0,0,2,0,0,0,0,0,0,0,0,0,0,0,0,2,0,2,0,2,2,0,0,0,0,0,0,0,0,0,0,0,0,0,0,0,0,2,0,0,0,0,0,0,0,0,0,0,0,0,0,0,0,0,2,0,0,0,0,0,2,0,0,0,0,0,0,0,0,0,0,2,0,0,0,0,0,0,0,0,0,0,0,0,0,2,0,0,0,0,0,0,0,0,0,0,0,0,0,0,0,0,2,0,2,2,0,0,0,0,0,0,0,2,0,0,0,0,0,0,0,0,0,0,0,0,0,0,0,0,0,0,0,0,0,0,0,0,0,0,0,0,0,0,0,0,0,0,0,0,0,0,0,0,0,0,0,0,0,0,0,0,0,0,0,0,0,0,0,0,0,0,0,0,2,0,0,0,0,0,0,0,0,0,0,0,2,2,0,2,0,0,0,0,0,0,2,0,0,0,0,0,0,0,2,0,0,0,0,0,0,0,0,0,0,2,0,0,0,0,0,0,0,2,2,0,0,0,0,0,0,2,0,0,0,0,0,0,0,0,0,0,0,0,0,2,0,0,2,0,0,0,0,0,0,0,0,2,0,0,0,0,0,0,0,0,0,0,0,0,0,0,0,2,2,0,0,0,2,0,0,2,0,0,0,0,0,2,0,0,0,0,0,0,2,2,0,0,0,0,0,0,0,2,0,0,0,NA,2,2,0,0,0,0,0,0,0,0,0,0,0,0,0,0,0,0,0,0,2,0,0,0,0,0,0,0,0,0,0,0,0,0,0,0,2,0,2,0,0,2,0,0,0,0,0,2,0,0,0,2,0,2,0,NA,0,0,0,0,2,2,0,0,2,0,0,0,0,0,2,2,0,0,0,0,0,0,2,0,0,0,0,0,0,0,0,2,0,0,0,0,0,0,0,0,0,2,0,0,0,0,0,0,2,0,0,0,0,0,0,2,0,0,0,0,0,0,0,0,0,2,0,2,0,2,0,0,0,0,0,0,0,0,0,2,0,0,0,0,2,2,2,0,0,0,0,0,0,2,0,0,2,0,0,0,0,0,0,2,0,0,0,0,0,0,0,2,0,0,0,0,2,0,0,2,0,0,2,0,2,2,0,0,2,0,0,2,0,2,0,0,0,0,0,2,0,0,2,0,0,0,0,0,0,0,0,0,0,2,0,0,0,0,2,0,0,0,0,0,0,0,0,2,0,0,0,0,0,0,0,0,0,2,0,0,0,0,2,2,0,0,0,0,0,0,0,2,0,0,2,0,0,2,2,0,0,0,2,2,0,0,0,2,0,0,0,0,0,0,2,0,0,0,0,0,2,0,0,0,2,0,0,0,0,2,2,0,0,0,0,0,0,0,0,2,2,0,0,0,0,0,0,2,2,0,2,0,2,2,0,0,0,0,0,0,0,0,0,0,0,0,2,2,0,0,0,2,0,0,0,2,0,0,0,0,0,0,0,0,0,0,0,0,0,0,2,0,0,0,0,0,0,0,0,0,0,0,2,2,0,0,0,2,0,0,0,0,2,2,0,2,0,0,0,2,0,0,2,0,0,2,0,0,0,0,0,0,0,0,0,0,0,0,0,0,2,2,0,0,0,0,2,0,2,0,0,0,2,0,0,0,0,0,2,2,2,0,0,0,2,0,2,0,2,2,0,0,0,2,0,0,0,0,0,0,0,0,0,0,0,0,0,0,0,0,0,0,0,0,0,2,2,0,2,0,0,0,0,0,0,0,0,0,0,0,0,0,0,0,0,0,0,0,2,0,2,0,0,0,0,0,0,2,2,0,0,0,0,0,0,0,0,0,0,2,2,2,0,2,0,0,0,0,0,0,0,0,2,0,0,0,0,0,0,2,0,2,0,0,0,0,2,0,0,0,2,2,0,2,0,0,2,2,0,0,0,0,0,0,0,0,0,0,0,0,0,2,0,0,0,0,0,0,0,0,0,0,0,0,0,2,2,0,0,0,2,0,0,0,0,0,0,0,0,0,0,0,0,0,0,0,0,0,0,0,0,0,0,0,0,0,0,2,2,0,0,0,0,0,0,0,0,0,0,0,0,0,0,2,0,0,0,0,0,0,0,0,2,0,0,2,0,0,0,2,0,0,2,0,0,0,0,0,0,0,0,0,0,0,0,0,0,0,2,2,0,0,0,0,0,0,2,0,2,0,0,0,0,0,0,0,0,0,0,0,0,2,0,0,2,0,0,0,0,2,2,2,2,0,2,2,0,0,0,0,0,0,0,0,0,0,0,2,2,2,2,2,2,2,0,2,2,2,2,0,0,0,0,0,2,0,2,2,0,0,0,0,0,0,0,0,0,2,0,2,0,0,0,0,2,0,0,0,0,0,2,0,2,0,0,0,0,2,0,0,2,0,0,2,0,0,0,2,0,0,0,0,0,0,0,0,0,0,0,0,2,0,2,0,2,0,0,2,0,0,0,0,0,0,0,0,2,0,0,0,0,0,0,0,0,0,2,0,2,0,0,0,0,2,0,0,2,0,0,0,2,2,2,0,0,2,0,2,0,0,0,2,0,0,0,0,0,2,0,0,0,0,2,0,0,2,0,0,0,0,0,0,0,0,0,0,0,2,0,0,0,0,0,0,0,2,2,0,0,0,0,0,0,0,0,0,2,0,0,0,2,0,0,0,0,0,0,0,0,2,2,0,2,0,2,0,0,0,0,0,0,0,0,0,0,0,0,0,0,0,0,0,0,0,0,0,0,0,0,0,0,0,2,0,0,0,2,0,2,0,2,0,0,0,0,0,0,0,0,0,0,0,2,0,0,0,2,0,2,0,0,0,0,0,0,2,0,0,2,0,2,0,2,0,0,0,0,0,0,0,2,0,0,0,0,0,2,0,2,0,0,0,0,2,2,0,0,0,0,0,0,0,0,2,2,0,0,0,0,0,0,2,0,0,2,0,0,0,0,0,0,2,0,0,0,0,0,0,2,0,0,0,0,0,0,0,0,0,0,2,0,0,0,0,0,0,0,0,0,0,0,2,2,0,0,0,2,2,0,2,0,0,0,0,0,2,0,0,0,0,0,0,0,2,0,2,0,0,0,2,2,2,2,0,2,0,2,2,0,0,0,0,0,0,0,0,0,0,0,0,0,0,2,0,2,2,0,2,0,0,0,0,0,0,2,0,0,0,0,0,0,0,2,0,0,0,0,0,0,0,2,0,0,0,0,0,0,0,2,0,0,2,2,0,0,0,0,0,0,0,2,2,0,0,2,2,0,2,0,2,2,2,2,0,0,0,0,0,0,0,2,0,2,0,0,0,2,0,2,0,0,0,0,2,0,2,0,0,2,0,0,0,0,0,0,0,0,2,2,0,2,0,2,0,2,0,0,0,0,2,2,0,0,0,0,2,0,0,2,0,0,0,2,0,0,0,0,2,0,0,0,2,0,0,0,2,2,0,0,0,2,0,0,2,0,0,0,0,2,0,0,0,0,0,0,0,0,2,0,0,0,2,0,0,0,0,0,0,2,0,0,0,2,0,0,0,0,0,0,0,2,0,0,0,2,2,2,2,0,0,0,0,2,0,0,0,0,0,0,2,0,2,2,0,0,2,0,0,0,0,0,0,0,0,0,0,0,0,0,0,0,0,2,0,0,0,0,0,2,0,0,0,0,0,0,0,0,0,0,2,2,0,0,2,2,0,0,0,2,0,0,0,0,0,0,0,0,0,0,0,0,0,2,0,0,0,0,0,0,0,0,0,2,2,0,2,0,0,0,2,0,2,2,0,0,0,0,0,0,0,0,0,0,0,0,2,0,2,0,0,0,0,0,0,0,0,0,0,0,0,0,0,2,2,0,2,0,0,0,0,0,0,0,0,2,0,0,0,0,0,0,2,0,0,2,0,2,0,0,2,0,2,0,2,0,0,0,0,0,0,0,2,2,2,2,0,0,0,0,0,0,0,0,0,0
"CC2",0,2,0,0,0,0,0,0,0,0,2,0,0,0,0,2,0,0,0,2,2,0,0,2,0,0,0,0,0,2,0,2,0,0,0,2,0,0,0,0,0,0,2,2,2,0,0,2,0,0,0,2,0,2,0,2,2,2,0,0,0,2,0,2,0,0,0,0,0,0,2,2,0,0,0,0,0,0,0,0,0,2,0,0,0,0,0,0,2,0,0,0,0,0,0,2,0,0,0,0,0,0,0,0,0,0,0,0,0,0,2,2,0,2,0,0,0,0,0,0,0,0,2,0,0,0,0,2,2,0,0,0,0,0,0,0,0,0,0,0,0,0,0,0,0,0,2,0,0,2,2,0,0,0,0,2,0,0,0,0,0,0,0,0,2,0,2,0,0,0,0,2,0,0,2,0,0,0,0,0,0,0,0,0,2,0,0,2,0,0,0,2,2,0,0,0,0,2,0,0,0,0,0,0,0,0,0,0,0,0,0,0,0,0,0,2,2,0,0,0,0,0,0,0,2,2,0,2,0,0,0,0,2,0,0,2,2,0,0,0,0,0,0,0,0,2,2,0,0,0,0,0,0,2,0,0,0,0,0,0,2,0,0,0,0,0,2,2,0,2,0,0,0,0,0,0,0,0,0,0,2,0,0,0,0,0,0,2,0,0,0,2,0,0,0,0,0,0,0,0,0,2,0,0,0,0,2,0,2,0,0,2,0,0,0,0,0,2,0,2,0,0,2,0,0,2,0,0,2,0,0,0,0,0,0,0,0,0,2,0,0,2,0,0,0,0,0,0,0,0,2,2,0,0,0,2,0,0,0,0,0,0,0,0,0,0,0,0,0,0,0,0,0,0,0,0,0,0,0,0,0,0,0,0,0,0,0,0,0,0,0,0,2,0,0,0,0,0,0,0,0,0,2,2,0,2,0,0,0,2,0,0,0,0,0,0,0,0,0,0,0,2,0,0,0,2,0,0,2,2,0,0,2,2,0,0,0,0,0,0,2,0,0,0,0,0,0,0,0,0,0,0,0,0,2,2,0,2,0,2,2,0,2,0,0,0,0,2,0,0,0,2,2,0,0,2,0,0,0,2,0,0,0,0,2,0,2,2,0,2,0,0,0,2,0,0,2,0,0,0,0,0,2,0,0,0,0,0,0,2,0,0,2,0,0,0,0,0,0,0,0,2,0,0,0,0,0,0,0,0,2,0,0,0,0,0,0,0,0,2,0,2,0,2,0,0,0,0,0,0,0,0,0,0,0,0,0,0,2,0,0,2,0,0,0,0,0,0,0,0,0,0,0,0,0,0,2,0,2,2,0,0,0,0,0,0,0,0,0,2,0,0,0,0,2,0,2,0,2,0,0,0,0,0,0,0,0,0,2,2,0,0,0,0,0,0,2,0,0,0,0,0,0,0,0,0,0,0,0,0,0,0,0,2,2,0,0,0,0,0,0,0,0,2,2,0,0,2,0,0,0,0,0,0,0,0,0,0,0,0,0,0,0,0,0,0,0,0,0,2,0,0,2,0,0,0,0,0,0,0,0,0,0,0,2,0,0,0,2,0,0,0,0,0,0,0,0,2,2,2,0,0,0,0,0,0,0,0,2,0,0,0,2,2,0,2,0,0,0,0,0,0,0,0,0,0,0,0,0,0,0,0,0,2,0,0,0,0,0,0,0,0,0,0,0,2,0,2,0,2,0,0,0,0,0,0,0,0,0,0,0,0,2,2,0,0,0,0,0,0,0,0,0,0,0,0,0,2,0,0,0,0,0,0,0,2,0,0,0,0,0,0,0,0,0,2,0,0,0,0,0,0,2,2,0,2,0,0,2,0,0,0,0,0,0,0,0,2,2,0,0,2,0,2,0,2,2,0,0,0,0,0,0,2,0,0,2,0,0,0,0,2,0,0,0,0,2,0,0,2,2,0,2,0,2,0,0,0,0,0,2,0,0,0,0,0,2,2,0,0,0,0,0,2,0,0,0,0,0,0,0,0,0,2,0,2,0,0,0,0,0,0,0,0,0,0,2,0,0,0,0,0,0,0,0,0,0,2,0,0,0,0,0,0,0,2,0,0,2,0,2,0,0,0,0,2,0,0,0,0,0,0,0,0,0,2,0,0,0,0,0,0,0,0,2,0,0,0,0,0,2,0,2,0,2,2,0,0,0,0,0,0,0,0,0,0,0,0,0,2,0,0,0,0,0,0,0,0,2,2,0,0,0,0,0,0,0,0,0,0,0,2,2,2,0,0,2,0,2,0,0,0,0,0,0,2,0,0,2,0,0,0,0,2,0,2,0,0,0,0,0,0,0,0,0,0,0,2,0,0,0,0,0,0,0,0,0,2,0,0,0,0,0,0,0,0,0,0,0,2,0,0,0,0,0,0,0,0,0,0,0,0,0,2,0,0,2,0,2,0,0,0,0,0,0,0,2,2,0,0,0,0,0,0,0,0,0,0,0,0,0,0,0,0,0,0,0,0,2,2,0,2,2,0,0,0,0,0,0,0,0,0,0,2,0,0,0,0,0,0,0,0,0,0,0,0,0,2,0,0,2,0,0,0,0,0,0,0,0,2,0,0,0,2,0,0,0,0,0,0,0,0,0,0,0,0,0,0,0,2,2,2,0,0,0,0,0,0,2,0,0,2,0,0,0,0,0,0,0,0,0,2,0,0,0,2,0,0,0,0,0,0,0,0,0,0,0,0,2,0,0,0,0,0,0,0,0,0,0,0,0,0,2,0,0,0,0,0,0,0,0,0,2,2,0,0,2,2,0,0,0,0,0,2,0,0,0,0,0,2,0,0,0,0,0,0,2,0,0,2,0,0,0,0,0,0,0,0,0,0,0,0,2,0,2,0,0,2,0,0,0,0,0,0,0,0,0,2,0,2,0,0,2,0,2,0,0,0,0,0,0,0,2,0,0,0,0,0,0,2,0,2,2,0,0,2,0,2,0,0,0,0,0,0,0,0,0,0,0,0,0,0,2,0,0,0,0,0,0,0,0,0,0,0,0,0,0,0,0,2,0,0,0,0,0,0,0,2,0,0,0,0,0,0,0,0,0,0,0,0,0,0,2,0,0,0,0,0,0,2,2,0,0,0,2,0,0,0,0,0,0,0,0,0,0,0,0,0,0,0,0,0,0,2,0,0,0,0,0,0,0,0,0,0,0,0,0,0,2,0,0,0,0,2,0,0,0,0,0,0,0,0,0,2,2,0,0,0,0,0,0,0,2,0,2,0,0,0,0,0,0,0,0,0,0,0,2,0,0,0,0,0,0,2,2,0,0,0,2,2,0,0,0,0,0,0,0,0,0,0,0,2,0,0,0,0,0,0,0,0,0,0,0,0,0,0,0,2,0,0,2,0,0,2,0,0,0,0,2,0,0,0,0,0,2,0,0,0,0,2,0,0,2,0,0,2,2,0,0,0,0,0,2,2,0,2,0,0,0,0,2,0,0,0,0,0,2,0,0,0,0,0,0,0,0,2,0,0,0,0,2,0,2,0,0,2,2,2,0,0,0,0,0,0,2,2,0,0,0,0,0,0,0,2,0,0,0,0,0,0,0,0,0,2,0,0,2,2,0,0,0,0,2,0,0,0,2,0,0,0,0,0,0,0,0,0,0,0,2,2,0,0,0,0,0,0,0,0,2,0,0,0,NA,2,2,2,0,0,0,0,0,2,0,0,0,0,0,2,0,0,0,0,0,0,0,0,0,0,0,0,0,0,2,0,0,0,0,0,0,0,0,2,0,0,0,0,0,2,0,0,0,0,0,2,0,0,0,0,2,0,0,0,0,0,0,2,0,0,0,2,2,0,0,0,0,0,0,0,0,2,0,0,0,0,0,2,0,0,2,2,2,0,0,0,2,0,2,0,0,0,0,0,0,0,2,0,0,0,0,2,0,0,0,0,0,0,0,0,0,0,2,0,0,0,2,0,0,0,0,0,0,0,0,0,0,0,0,0,0,0,0,2,0,0,0,0,0,0,0,0,0,0,0,0,0,0,0,0,0,0,0,0,0,0,0,0,0,0,2,0,0,0,0,0,0,0,0,0,0,0,0,0,0,0,0,0,0,0,0,0,2,0,0,0,0,0,0,0,2,2,0,0,0,0,0,0,0,0,0,0,0,0,0,0,2,0,0,2,0,0,0,0,2,2,0,0,0,0,0,0,0,0,0,0,0,2,0,0,2,0,0,0,0,0,0,0,0,0,2,0,0,0,0,0,0,0,0,0,0,0,2,0,0,0,0,2,0,0,0,0,0,2,2,0,0,0,0,0,0,0,0,0,2,2,0,2,0,0,2,2,0,0,0,0,2,0,2,0,0,0,2,0,0,0,0,0,2,0,0,0,0,2,0,0,2,0,0,0,0,0,0,0,2,0,2,0,2,0,0,0,0,0,0,0,2,0,0,0,0,0,0,0,0,0,0,0,0,0,0,0,0,0,0,0,0,0,0,2,0,0,0,0,0,2,0,2,0,0,0,0,2,0,0,0,0,0,2,0,0,0,0,0,0,2,0,0,2,0,0,0,2,0,2,0,0,0,0,0,0,0,0,0,0,0,0,2,0,0,0,0,NA,0,0,0,0,2,0,0,0,0,2,0,0,0,0,0,2,0,2,0,0,0,0,2,0,0,0,0,0,0,0,0,0,0,0,0,0,0,0,0,2,0,0,0,0,0,0,2,0,0,0,0,0,0,0,0,0,2,0,0,0,0,2,0,0,0,0,2,0,0,0,0,2,0,2,0,2,2,2,0,0,0,2,0,0,0,0,0,0,2,0,2,0,2,0,0,0,0,0,0,0,0,0,0,0,0,0,2,0,0,0,0,0,2,0,0,2,0,0,0,2,0,0,0,0,0,0,2,0,0,0,0,2,0,0,2,2,0,0,0,0,0,0,0,2,0,0,0,2,0,0,0,0,0,0,0,0,0,2,2,0,0,0,0,0,0,0,0,2,0,0,0,0,0,0,0,2,2,0,2,0,0,2,0,0,0,2,0,0,2,0,0,2,0,2,0,2,0,2,2,0,0,0,0,0,0,2,0,0,0,2,2,2,0,2,0,0,2,0,2,0,2,0,2,2,0,2,0,0,0,0,0,0,0,0,0,0,0,0,0,0,2,0,0,2,2,2,0,0,2,0,0,0,0,2,2,2,2,2,0,0,0,0,2,0,0,0,0,0,2,0,0,2,0,0,0,0,0,0,0,2,0,0,0,0,0,0,2,0,2,0,0,0,0,0,0,0,0,0,2,0,2,0,0,0,0,0,0,0,0,0,0,0,0,0,0,0,2,0,0,0,0,0,0,0,2,0,2,0,0,2,2,0,2,2,2,0,0,0,2,2,2,0,0,0,0,0,0,0,2,0,0,0,2,2,0,0,0,0,0,0,0,0,0,0,0,2,0,2,0,0,2,0,0,0,0,0,2,0,2,0,2,0,0,0,0,0,2,0,0,2,0,0,2,2,2,0,0,2,2,0,0,0,0,0,0,0,0,0,0,0,0,0,0,0,0,2,0,0,0,0,0,0,0,2,0,0,2,0,2,0,0,0,0,0,0,0,0,0,0,0,0,0,0,0,0,2,0,0,0,0,0,2,0,0,0,0,2,0,0,0,2,2,0,0,0,0,0,2,0,0,0,0,0,0,0,0,0,0,2,NA,0,0,0,2,0,0,2,2,0,2,0,0,0,0,0,0,0,0,2,0,0,2,2,0,0,0,0,0,2,2,0,0,0,2,0,0,0,0,0,0,0,0,0,0,0,2,2,0,0,2,0,2,2,0,2,0,0,0,0,0,2,0,0,0,0,0,2,0,2,2,0,2,0,0,0,0,0,2,2,2,0,0,0,0,0,2,2,0,0,2,0,0,2,2,0,2,2,0,0,0,0,0,2,0,0,0,0,2,2,0,2,0,0,0,0,0,2,0,0,0,0,0,0,0,0,0,0,0,0,0,0,0,0,0,0,0,2,0,0,0,2,2,2,0,2,0,2,0,0,0,0,0,2,0,0,0,0,2,0,0,2,0,0,0,0,0,0,0,0,0,0,0,0,2,0,0,0,0,0,0,2,0,0,0,0,0,0,0,0,0,0,0,0,0,0,0,0,0,0,0,0,0,0,0,0,0,0,0,0,0,0,0,0,0,0,0,0,0,2,0,0,0,0,0,0,0,0,2,0,2,0,0,0,0,2,2,0,0,2,0,2,0,2,0,2,0,0,0,0,0,0,0,2,0,0,0,0,0,0,0,0,2,0,0,0,0,0,0,0,0,0,0,0,0,0,0,0,0,2,2,0,0,2,2,0,0,0,2,0,0,2,0,0,0,0,0,0,0,0,2,2,0,0,0,0,2,0,0,2,0,0,0,0,0,2,0,2,0,0,0,2,2,2,0,2,0,0,0,2,0,0,0,0,0,0,0,0,2,0,0,2,0,0,0,2,0,0,2,0,0,0,0,0,0,0,0,0,0,0,0,2,0,2,2,0,0,0,0,0,0,2,0,0,0,0,0,0,2,2,2,0,2,0,2,2,0,0,2,0,2,2,0,0,0,0,0,0,0,0,2,0,2,0,2,0,0,2,0,2,2,0,2,0,0,0,0,0,2,0,0,0,0,0,2,0,0,0,2,0,0,0,0,0,0,0,0,0,0,0,2,0,0,0,0,0,0,0,0,2,0,0,2,2,0,2,0,0,0,0,0,0,2,0,0,0,0,0,0,0,0,0,0,0,0,0,0,2,0,0,0,2,0,0,0,0,0,0,0,0,2,2,0,0,NA,2,0,0,0,0,0,0,0,0,0,0,0,0,2,0,0,2,0,0,0,2,0,0,0,0,0,0,0,0,0,0,0,0,0,0,0,0,0,0,2,2,2,0,0,2,0,2,2,2,0,0,0,0,0,2,0,2,2,0,0,2,2,0,0,0,2,0,0,0,0,2,0,0,0,2,0,0,0,0,0,0,0,0,0,0,0,0,0,0,0,0,2,0,0,0,0,0,0,2,2,0,0,0,0,0,2,0,2,0,0,0,0,0,0,0,0,0,0,0,0,0,0,0,0,2,0,0,0,0,2,2,0,0,0,2,0,2,0,0,0,0,0,2,2,0,0,0,2,0,0,0,0,0,0,0,0,0,0,0,0,0,0,0,0,0,2,0,0,2,0,2,0,0,0,0,0,0,0,0,0,0,0,0,0,0,2,0,0,0,0,0,0,2,0,0,0,0,0,0,2,0,0,0,0,0,0,0,0,0,0,0,0,0,2,0,0,0,0,0,0,0,0,0,0,0,0,0,0,0,0,0,0,0,0,0,0,0,0,0,0,0,0,0,0,0,0,0,0,0,0,0,0,0,0,0,0,0,0,0,0,0,0,0,0,0,0,0,0,0,0,0,0,2,0,0,2,0,0,0,2,0,0,0,0,0,0,0,0,0,0,0,0,0,0,0,2,0,2,0,2,0,0,2,0,0,0,2,0,2,0,2,0,2,0,0,0,0,0,2,0,0,0,2,0,0,0,0,2,2,2,0,0,2,0,0,0,0,0,0,0,0,2,0,0,2,2,0,0,0,2,0,0,0,0,0,0,0,0,2,0,0,0,0,2,0,0,0,0,0,2,2,0,2,2,0,0,0,2,0,0,0,0,2,0,0,2,0,2,2,0,0,0,0,0,2,0,0,2,0,0,2,2,0,0,0,0,2,0,0,0,0,0,2,0,0,0,0,0,0,0,0,0,0,0,0,0,0,0,0,2,0,0,0,2,2,0,0,0,0,0,0,0,2,0,0,0,2,0,0,0,2,0,0,0,0,0,2,0,0,0,0,0,0,0,0,0,0,0,0,0,0,0,0,0,0,0,0,0,0,0,0,0,0,0,0,0,0,0,0,0,0,0,0,0,0,0,0,0,0,0,0,0,0,0,0,0,0,0,0,0,0,2,2,0,0,0,0,2,0,0,0,0,2,2,0,0,2,0,0,0,2,2,2,0,2,2,0,0,0,0,0,2,0,0,0,0,0,0,2,0,2,2,0,0,0,0,0,2,0,0,0,0,0,2,0,0,0,0,0,0,0,0,0,0,0,0,0,0,2,0,2,0,0,0,0,0,0,2,0,0,0,0,0,0,0,2,0,2,0,0,2,0,0,0,0,0,0,2,0,0,0,0,2,0,2,0,0,0,0,0,0,0,0,0,0,0,0,0,0,0,0,0,2,0,0,0,0,0,2,0,0,0,0,0,0,0,0,0,2,2,0,2,2,0,0,0,0,0,0,0,0,0,0,2,0,0,0,0,0,0,0,0,0,0,0,0,0,0,0,0,0,0,0,0,0,0,0,0,0,0,0,0,0,0,0,0,0,0,0,0,0,2,0,0,2,0,0,0,0,0,0,0,0,0,0,0,0,0,0,0,2,0,0,0,0,2,2,0,0,2,0,2,0,2,0,0,0,0,0,0,0,0,0,0,2,0,0,0,0,0,0,0,2,0,0,0,0,0,0,2,0,2,2,0,2,0,0,0,0,0,0,0,0,0,0,0,0,0,0,0,2,0,0,0,0,0,2,0,0,0,2,0,0,0,0,0,2,0,0,0,0,0,0,2,0,0,0,2,0,0,0,0,0,2,0,0,0,0,0,2,0,0,0,0,0,0,0,0,0,2,0,0,0,0,0,0,0,0,0,0,0,0,2,0,0,2,0,0,0,0,0,0,0,0,0,0,0,0,0,0,0,2,0,0,2,0,0,2,0,0,0,0,0,0,0,0,0,0,0,0,0,0,0,0,0,0,0,0,0,0,0,0,0,0,0,0,0,2,0,0,0,0,0,0,0,0,0,0,0,2,0,0,0,2,0,0,0,2,2,0,2,0,2,2,2,0,2,0,0,0,0,2,0,0,0,0,0,0,0,0,0,0,2,0,0,0,0,0,0,0,0,0,0,0,0,2,0,0,0,0,0,0,0,2,0,0,0,0,0,0,2,0,0,0,0,0,0,0,2,0,0,0,2,0,0,0,0,0,0,0,0,0,0,0,0,2,0,0,0,0,0,0,0,0,0,0,0,0,0,0,0,0,0,0,0,0,0,0,0,0,0,0,0,0,0,0,0,0,0,0,2,2,0,0,0,0,0,2,0,0,0,0,0,0,0,0,2,2,0,0,0,0,0,0,0,0,0,0,2,0,2,0,0,0,0,0,2,2,2,2,0,0,0,0,0,2,0,0,0,0,0,2,0,0,0,0,0,0,0,0,0,2,0,0,0,0,0,0,0,2,0,0,2,0,2,0,0,0,0,0,0,0,0,0,0,0,0,2,2,0,0,0,0,2,0,0,0,0,0,0,0,2,0,0,0,0,0,0,0,0,0,2,0,0,0,0,0,0,0,0,0,0,0,0,2,0,0,0,0,2,0,0,0,2,0,0,0,0,0,0,0,2,0,0,0,0,0,0,2,0,0,2,0,2,0,0,0,0,2,0,0,0,0,0,2,0,0,2,2,0,0,0,0,0,0,0,0,0,0,2,0,0,2,2,0,0,0,0,0,0,0,0,0,0,0,2,2,2,0,0,0,0,2,0,0,0,0,0,0,0,0,0,0,2,0,0,0,0,NA,2,0,2,0,0,0,0,2,0,0,0,0,0,0,2,0,0,0,0,0,0,2,0,0,0,2,0,0,0,0,0,0,0,2,0,0,2,0,0,0,0,0,0,0,0,0,2,0,0,0,0,0,0,0,0,0,0,0,0,0,0,0,2,0,0,0,0,0,0,0,0,0,0,0,0,0,0,2,0,2,0,2,2,0,0,0,0,0,0,0,0,0,2,2,0,2,2,0,0,0,0,NA,2,0,0,0,0,0,2,0,0,0,0,0,2,0,2,0,0,0,2,0,0,0,0,0,0,0,0,0,0,0,0,0,0,0,0,0,0,0,0,2,0,0,0,2,0,0,0,0,0,0,0,0,2,0,0,0,0,0,2,0,0,0,0,0,0,0,0,0,0,0,0,0,0,0,0,0,0,0,0,0,2,0,0,0,2,0,0,0,0,0,0,0,0,0,0,0,0,0,2,0,0,0,2,0,2,0,0,0,0,0,0,0,2,0,2,2,2,0,0,2,0,2,0,2,0,0,2,0,0,0,0,0,0,2,0,0,0,2,0,0,0,0,0,0,2,2,0,0,0,0,0,0,0,0,2,0,0,0,0,0,0,0,0,0,0,0,2,0,2,0,0,0,2,0,0,0,2,0,0,0,0,0,0,2,0,0,0,0,0,0,0,0,0,0,0,0,0,0,0,0,0,2,0,0,0,0,0,0,0,0,0,0,0,0,0,2,0,0,0,0,0,0,0,0,0,0,2,0,0,2,0,0,0,0,0,0,0,0,0,0,0,2,0,2,0,0,0,0,0,0,0,0,0,0,2,0,0,0,0,2,0,0,0,0,0,2,0,0,0,0,0,0,0,2,0,0,0,0,2,0,0,2,0,2,2,0,0,0,0,0,0,2,0,0,0,0,0,0,0,0,0,0,2,0,0,0,0,0,0,0,0,0,0,0,2,2,0,0,0,0,2,0,0,0,0,0,0,2,2,0,2,0,0,0,0,0,0,0,2,0,0,0,0,0,0,0,0,2,2,0,0,0,0,0,2,0,0,0,0,0,2,2,0,0,0,2,2,0,2,0,0,0,0,0,2,0,0,0,0,0,0,0,0,0,2,0,0,0,0,2,0,0,0,0,0,0,2,0,2,0,0,2,0,0,0,0,0,0,0,0,2,0,0,0,0,0,0,2,2,0,0,0,2,0,0,0,0,2,0,0,0,0,0,0,0,0,0,2,2,0,0,2,0,0,0,2,0,2,0,0,0,0,2,0,0,0,0,0,0,2,0,0,0,0,0,2,0,0,0,0,0,0,0,0,2,0,0,2,0,0,2,0,0,0,0,0,0,0,0,0,0,2,0,0,0,0,0,2,2,0,0,0,0,0,0,0,2,0,0,0,2,0,0,0,0,0,0,2,2,0,0,0,0,0,0,0,0,0,2,2,0,0,0,0,2,2,0,2,0,0,2,0,0,2,0,0,0,2,0,0,0,0,0,0,0,0,2,0,0,0,0,2,0,0,0,0,2,2,0,0,0,0,0,0,0,0,0,0,0,0,0,0,2,0,0,2,0,0,0,0,0,0,0,2,0,0,0,0,0,2,2,0,2,0,2,2,0,2,0,0,0,0,2,0,0,0,0,2,0,2,0,0,0,2,0,0,2,2,2,0,2,2,0,0,2,2,0,0,NA,2,0,0,0,2,0,2,2,0,0,0,0,0,2,0,2,2,0,0,0,2,0,0,0,0,0,2,2,0,0,2,0,2,0,0,0,0,0,0,0,0,2,2,0,0,0,0,0,0,0,0,2,2,0,0,2,NA,NA,0,2,2,0,0,2,0,0,2,0,0,2,0,0,2,0,2,0,0,0,0,2,0,0,0,2,0,0,0,0,0,2,0,0,0,0,0,2,0,2,0,0,0,0,0,0,0,0,0,0,0,0,0,0,0,2,0,0,0,0,0,0,0,2,0,0,0,0,0,0,2,0,0,2,0,0,0,0,0,0,0,0,0,2,2,0,0,2,2,0,0,0,0,0,2,0,0,0,0,0,0,0,0,2,2,0,2,0,2,2,0,0,0,2,0,0,0,0,0,0,0,0,0,0,0,2,0,0,2,0,0,0,0,0,2,0,2,0,0,0,0,2
"CC20",0,0,0,0,0,0,0,0,0,0,0,0,0,0,2,0,2,2,0,2,0,0,0,0,2,0,0,0,2,2,0,0,0,0,2,0,0,2,0,0,2,0,2,0,0,0,2,0,0,0,0,0,0,0,0,0,0,0,0,0,0,0,0,2,0,2,0,0,0,0,2,0,0,0,0,0,0,2,0,2,0,2,0,0,0,0,0,0,0,0,0,0,0,0,2,2,0,0,0,0,0,0,0,2,2,0,0,0,0,0,0,2,0,0,0,0,0,0,0,0,0,0,0,0,0,0,0,0,0,0,2,0,0,0,0,0,0,0,0,0,0,0,2,2,0,0,0,2,2,0,2,0,0,0,0,0,0,0,0,0,0,0,0,2,2,0,2,0,0,0,0,2,0,0,2,0,0,0,0,0,2,0,0,0,2,0,0,0,0,2,0,0,2,0,0,NA,2,0,0,0,0,0,0,0,0,0,0,2,0,0,0,0,0,0,0,2,0,0,2,0,0,0,0,0,2,0,0,0,0,0,0,0,0,0,0,0,0,0,0,0,0,0,0,0,0,0,2,0,0,0,0,0,0,0,0,0,0,2,0,0,2,0,0,0,0,0,0,0,0,2,0,0,0,0,0,0,2,2,2,0,2,0,0,2,0,0,0,2,0,0,0,2,2,0,0,0,0,2,0,0,0,0,0,2,0,0,2,0,2,0,0,0,0,2,0,0,0,2,0,0,0,0,0,0,0,0,0,0,2,0,0,0,0,0,0,0,0,0,0,0,0,0,0,0,0,0,0,0,0,0,0,2,0,0,2,0,0,2,0,0,0,0,0,0,0,0,0,0,0,0,0,0,0,0,0,0,0,0,0,0,2,0,0,0,0,0,2,0,0,0,0,2,0,0,0,0,0,0,0,0,0,0,2,0,0,0,0,0,0,2,0,0,0,0,0,0,0,2,0,0,0,2,0,0,2,2,0,2,0,2,0,0,0,0,0,0,0,0,2,0,0,0,0,0,0,2,0,0,0,0,0,0,2,0,0,0,2,2,0,0,0,2,0,0,0,0,0,2,0,0,0,2,0,0,0,2,0,0,0,2,0,0,0,2,0,0,2,0,0,0,0,0,0,2,2,2,0,0,0,0,0,0,2,0,0,0,0,0,0,0,0,0,2,0,0,0,2,0,0,0,0,0,0,0,0,0,0,NA,0,0,2,2,2,0,0,2,0,2,0,0,0,2,0,0,0,0,0,0,0,2,2,0,0,2,0,0,0,0,0,0,0,0,0,0,0,0,2,0,0,0,0,0,0,0,0,0,0,0,0,0,0,0,0,2,NA,0,0,0,0,0,0,2,0,0,0,0,0,0,0,0,2,0,0,2,0,0,2,2,0,0,0,0,0,0,0,0,0,0,0,0,2,0,0,0,2,2,0,0,0,0,0,0,0,2,0,0,0,0,0,0,0,0,2,0,2,0,0,2,0,2,0,0,0,0,0,0,0,0,0,0,0,0,0,0,0,0,0,0,0,0,0,0,2,0,0,0,0,0,0,0,0,0,2,0,2,0,0,0,0,0,0,0,0,0,0,0,0,0,0,2,0,0,0,0,0,0,0,0,0,0,0,0,2,0,0,0,0,0,0,0,0,0,0,0,0,0,0,0,0,0,0,0,0,0,0,0,0,0,0,0,0,0,0,0,0,2,0,0,0,2,0,0,0,0,0,0,0,0,0,0,0,0,0,0,0,0,0,0,0,0,0,0,0,0,0,0,0,2,0,0,0,0,0,2,0,2,0,0,0,0,0,0,0,0,2,2,0,0,0,0,0,0,2,0,0,0,0,0,0,0,0,0,0,0,0,0,0,0,0,0,0,2,2,0,0,0,0,0,0,0,2,0,0,0,0,0,2,0,0,0,0,2,0,2,0,0,0,2,0,2,0,0,0,0,2,0,0,0,0,2,0,0,0,0,0,0,2,2,0,0,0,0,0,2,0,0,2,0,0,0,0,2,0,0,0,0,0,0,0,0,0,0,0,0,0,0,0,0,0,0,0,0,0,0,0,0,0,0,0,0,0,0,0,0,0,2,0,0,0,0,0,0,0,0,0,0,0,0,0,2,0,0,0,0,0,0,0,0,0,0,0,0,0,2,2,0,0,0,0,0,0,0,0,2,0,0,0,0,0,0,0,0,0,0,0,2,0,0,0,2,0,0,0,0,0,0,0,0,2,2,0,0,0,0,0,0,0,0,0,0,2,2,2,0,0,0,0,0,0,0,0,0,0,0,0,0,0,0,2,0,0,0,0,0,0,2,0,0,0,0,0,0,0,0,2,0,0,0,0,0,0,0,0,0,0,0,0,2,2,0,0,0,0,0,0,0,0,0,0,0,0,0,0,0,2,0,0,0,0,0,0,2,0,0,0,0,0,0,0,0,0,0,0,0,0,0,2,2,0,0,0,0,0,0,0,0,0,0,0,0,0,0,0,0,2,2,0,0,0,0,0,0,0,0,0,0,0,0,0,0,0,0,0,0,0,0,0,2,0,0,2,0,0,0,0,0,0,2,0,0,0,0,0,2,0,0,0,0,0,0,0,0,0,2,0,0,0,0,0,0,0,0,0,0,0,0,0,0,0,0,0,0,0,0,2,0,0,0,0,0,2,0,0,0,0,0,0,0,0,0,2,2,0,0,0,0,0,0,2,0,0,0,0,0,0,2,0,0,2,0,0,0,0,0,0,0,0,0,0,0,0,0,0,0,0,0,0,0,0,0,0,0,2,0,2,0,0,0,0,0,0,0,0,0,0,0,0,0,0,0,0,0,0,0,0,0,2,0,0,0,0,0,0,0,0,0,0,0,0,0,0,0,0,0,0,0,0,2,0,0,0,0,0,0,0,0,0,0,0,0,2,0,2,0,0,0,0,0,0,0,0,0,0,0,0,0,0,0,0,0,0,0,0,0,2,2,0,0,0,0,0,0,0,0,0,0,0,0,2,0,0,2,2,0,0,0,0,0,0,2,0,0,0,0,2,0,0,0,0,2,0,0,0,0,0,0,0,0,0,0,0,2,0,0,0,0,0,0,0,0,2,2,2,0,0,0,0,0,0,2,2,2,0,0,2,0,0,0,0,0,0,0,0,0,0,0,0,0,2,0,0,0,0,2,0,0,0,0,2,0,0,2,0,0,2,2,0,2,0,2,0,0,0,2,0,0,0,NA,0,0,2,0,0,2,2,0,0,0,0,0,0,0,0,0,2,0,0,0,0,0,0,0,0,0,0,0,2,0,0,0,0,0,0,2,0,0,0,0,0,2,0,0,0,0,0,0,0,0,0,0,0,0,0,0,0,2,0,2,0,2,0,0,0,0,0,0,0,2,0,0,2,0,0,0,0,0,0,0,2,0,0,2,0,0,0,0,0,0,2,0,0,0,0,0,0,2,0,2,0,0,0,2,2,0,2,2,0,2,2,0,0,0,0,0,0,0,0,0,0,0,0,0,0,0,0,2,0,2,0,0,2,0,2,0,0,0,0,2,0,2,0,0,0,0,2,2,0,2,0,0,0,0,0,0,0,0,0,0,0,0,0,0,0,2,0,0,0,0,0,0,0,0,0,0,0,0,0,2,0,0,2,0,0,0,0,0,0,0,0,2,0,0,0,0,0,0,0,0,2,0,0,0,2,0,0,0,0,0,0,0,0,2,0,0,0,0,0,2,0,0,0,0,0,0,0,0,0,2,0,0,0,0,2,0,0,2,0,0,0,0,0,2,0,NA,0,0,0,2,0,0,0,0,0,2,0,0,2,0,0,0,0,0,2,0,0,2,2,0,0,2,2,0,0,0,0,0,0,0,0,0,0,0,0,0,0,2,0,2,2,2,0,0,0,0,2,0,0,0,0,0,0,0,0,0,2,0,0,0,0,2,0,0,2,0,2,0,2,0,0,0,2,0,2,0,0,0,2,0,0,0,0,0,0,0,0,0,0,2,0,0,0,2,0,0,0,0,0,0,0,0,0,0,0,0,0,0,0,0,0,0,0,0,0,0,0,0,0,0,2,0,0,0,0,0,0,0,0,0,0,0,0,0,0,0,2,0,2,0,0,0,2,0,2,0,0,0,0,0,2,2,0,0,0,0,0,0,0,0,0,0,2,2,0,0,0,0,0,0,0,0,0,0,2,0,0,0,0,0,0,0,0,0,0,0,0,0,0,0,2,0,0,0,0,0,0,0,0,0,2,0,0,0,0,0,0,0,0,0,0,0,2,2,0,0,0,2,0,0,0,0,0,0,0,0,0,0,0,0,0,0,0,0,2,2,0,0,0,0,2,2,0,0,2,0,0,0,2,0,0,0,2,0,0,0,0,0,2,0,NA,0,0,2,0,0,0,0,0,0,0,0,2,0,2,0,2,0,2,0,0,0,0,0,0,0,2,0,0,0,0,0,0,0,0,0,0,0,0,0,0,0,0,0,0,0,0,2,0,0,0,2,0,0,0,0,0,2,0,0,0,0,0,0,0,0,0,0,0,0,0,0,0,0,2,0,0,0,2,0,0,0,2,0,0,2,0,0,0,0,0,0,0,0,0,0,0,0,0,0,0,2,2,0,0,0,0,0,0,0,0,0,0,0,0,0,0,0,2,2,0,0,0,0,0,0,0,0,0,0,0,0,0,0,0,0,0,0,0,0,0,0,2,0,0,0,0,0,0,0,0,0,2,0,0,0,0,0,0,2,0,0,0,0,0,0,0,0,0,2,0,0,0,2,0,0,2,0,2,2,2,0,0,0,0,0,0,0,0,0,0,0,0,2,0,2,0,0,0,0,0,0,0,0,0,0,0,0,0,0,0,0,0,0,0,2,0,0,0,0,0,0,0,0,0,0,0,0,0,0,0,0,0,0,2,2,0,2,2,0,0,0,0,2,0,0,0,2,0,0,0,NA,2,0,0,0,0,0,0,0,0,0,0,0,0,0,0,0,0,0,0,0,2,0,0,0,0,0,0,2,2,0,2,0,0,0,0,2,2,0,0,2,0,0,0,2,0,2,0,0,2,2,0,0,0,0,2,0,2,0,0,0,0,2,0,0,0,0,0,2,0,2,0,0,0,2,0,2,2,0,2,0,2,0,0,0,2,0,2,0,0,0,0,2,0,0,2,0,2,0,0,2,0,0,0,0,2,0,0,2,2,0,0,0,0,0,0,0,0,0,0,2,2,0,0,0,0,0,0,2,0,0,0,0,0,2,0,0,0,0,0,2,0,0,0,2,0,0,0,0,0,0,0,2,0,0,0,0,0,2,0,0,0,0,0,2,2,2,2,2,0,0,0,0,2,0,0,2,2,0,0,0,0,0,0,0,0,0,0,0,0,0,0,0,0,0,0,0,2,0,2,0,0,0,0,0,2,2,2,2,0,0,2,0,0,0,0,0,2,0,2,0,0,0,0,0,0,0,0,0,0,2,0,0,0,0,0,0,0,NA,0,0,2,0,0,2,0,2,0,0,0,0,0,0,0,0,0,0,0,0,2,0,0,0,0,2,0,2,0,0,0,0,0,0,0,0,0,0,0,0,2,0,0,2,0,0,0,0,0,0,0,0,0,0,2,0,0,0,0,0,0,0,0,0,0,0,0,0,0,0,0,0,0,0,0,0,0,0,0,0,2,0,0,0,0,0,0,0,0,0,0,2,NA,0,0,0,2,0,0,2,0,0,2,0,0,0,0,0,0,0,0,0,0,0,2,2,0,0,0,0,0,2,2,0,0,0,0,0,0,0,0,0,0,0,0,0,0,0,2,2,0,0,2,0,2,0,0,0,0,0,0,0,0,2,0,0,0,0,2,2,0,2,0,0,0,0,0,0,0,0,0,0,2,0,0,0,0,0,2,0,0,0,0,0,0,0,2,NA,2,0,2,0,2,2,0,2,2,0,0,0,0,0,0,2,0,0,0,0,0,0,0,0,0,0,0,0,2,2,0,0,0,0,0,0,0,0,0,0,0,2,0,0,0,2,0,2,0,2,0,2,0,0,0,0,0,2,0,0,0,0,0,0,0,0,0,0,0,0,0,0,0,0,0,0,0,0,0,0,0,0,0,0,0,2,0,0,0,0,0,0,0,0,2,0,0,2,0,0,0,0,0,2,2,0,0,0,0,0,0,0,0,0,0,2,0,0,0,0,0,0,0,0,0,0,0,0,2,0,0,0,0,0,0,0,0,0,0,0,0,2,0,2,0,0,0,0,0,2,0,0,2,0,0,0,0,0,0,0,2,0,2,0,0,0,2,0,0,0,0,0,0,0,0,0,0,0,2,0,0,0,0,2,2,0,0,0,0,0,0,0,2,0,0,2,0,2,0,0,0,0,0,0,0,2,0,0,0,0,0,0,0,0,0,0,0,0,0,0,0,2,0,0,0,0,2,2,0,2,0,2,2,2,0,0,0,0,0,2,0,0,2,0,0,2,0,2,0,0,0,2,2,0,0,0,0,0,2,0,0,0,0,2,0,2,0,2,2,0,0,0,0,0,0,2,0,0,0,0,0,0,0,2,2,0,2,0,2,0,0,0,2,0,2,2,0,0,0,0,0,0,0,0,2,0,2,0,2,2,0,0,0,2,0,0,2,0,0,0,0,0,0,0,0,0,0,0,0,0,0,0,0,0,0,0,0,0,0,0,0,2,0,0,2,0,0,0,0,0,0,0,0,0,0,0,2,0,0,2,2,0,0,0,0,0,2,0,0,0,0,0,0,0,0,0,0,0,0,0,0,2,0,0,0,0,0,0,0,0,0,0,0,0,2,0,0,0,0,0,2,0,0,0,0,0,0,0,0,2,0,0,0,0,0,2,2,0,0,2,0,0,0,0,0,0,0,0,0,0,2,0,0,0,0,0,0,0,2,2,2,0,0,0,0,0,2,0,0,0,0,0,0,2,0,2,2,0,0,2,0,0,0,0,2,0,0,0,0,0,2,0,0,2,0,0,0,0,0,0,0,0,0,0,0,0,0,0,0,0,0,0,0,0,0,0,0,2,2,0,0,0,0,0,2,0,2,0,0,0,0,0,0,0,0,0,0,0,0,0,0,0,0,2,0,2,0,0,2,2,0,0,0,2,0,2,0,0,0,0,0,2,2,0,0,0,2,0,0,0,0,0,0,0,0,0,0,0,0,0,0,0,0,0,2,0,0,0,0,2,0,2,0,0,0,0,0,0,0,0,0,0,0,0,2,0,0,0,0,0,0,2,0,0,0,0,0,0,2,0,0,0,0,0,0,0,0,0,0,0,0,0,2,0,0,0,0,0,0,0,0,0,0,0,0,0,0,0,0,0,0,0,0,0,0,0,0,2,0,0,0,0,0,0,0,0,0,0,0,0,0,0,0,0,0,0,0,0,0,0,0,0,0,0,0,0,0,0,0,0,0,2,0,0,0,0,0,0,2,0,0,0,0,0,0,2,0,0,0,0,0,0,0,0,2,0,2,0,2,0,0,2,0,0,0,2,0,2,0,2,0,2,0,0,0,0,0,0,0,0,0,2,0,0,0,0,2,2,2,0,0,2,0,0,0,0,0,0,0,0,2,0,0,0,0,0,0,0,2,0,0,0,0,0,0,0,0,2,0,0,0,0,2,0,0,0,0,0,0,2,0,2,0,0,0,0,0,0,0,0,0,2,0,0,0,0,2,2,0,0,0,0,0,2,0,0,2,0,0,0,2,0,2,0,0,0,0,0,2,0,0,2,0,0,0,0,0,0,0,0,2,0,2,0,0,0,0,0,2,0,0,0,2,0,0,0,0,0,0,0,0,0,0,0,0,2,0,0,0,2,0,0,0,0,0,0,0,0,0,0,0,0,0,0,0,0,0,0,0,0,0,0,0,0,0,0,0,0,0,0,0,0,0,0,0,0,0,0,0,0,0,0,0,0,0,0,0,0,0,0,0,0,0,0,0,0,0,2,0,0,0,2,2,0,2,0,2,0,0,0,0,0,0,0,0,0,0,0,0,2,0,0,2,0,0,0,0,0,2,2,0,0,0,0,2,2,0,2,0,2,0,0,0,0,0,0,0,0,0,0,0,0,2,0,0,0,0,0,0,0,0,0,0,0,0,0,2,0,2,0,0,0,2,0,0,0,2,0,2,0,2,0,0,0,0,0,2,2,2,2,0,2,0,0,2,0,0,2,0,0,0,2,0,0,0,0,0,0,0,2,0,0,0,2,2,0,0,0,0,2,0,0,0,0,0,0,2,2,0,0,0,0,0,0,0,0,0,2,2,0,2,2,0,0,2,2,0,2,0,2,0,2,2,0,0,0,0,0,0,2,0,0,2,2,2,NA,0,2,0,0,0,0,0,0,0,0,0,0,0,2,0,0,2,0,2,0,2,2,0,0,0,0,2,0,0,0,0,0,2,2,0,0,2,0,0,2,0,0,0,2,0,0,0,0,2,2,0,0,2,0,2,0,2,0,0,0,2,0,0,0,0,0,0,0,0,0,0,0,0,0,0,0,0,0,0,0,0,0,2,2,2,2,0,0,2,0,0,0,2,0,0,0,0,0,2,0,0,0,0,2,0,0,0,2,0,0,0,0,0,2,0,0,0,0,0,2,0,2,2,0,0,0,0,2,0,0,2,0,0,2,0,0,2,0,0,0,0,0,2,0,2,0,0,2,0,0,0,0,0,0,0,0,0,0,0,2,0,0,0,0,0,2,0,0,0,0,0,0,0,0,0,0,0,0,0,0,0,0,0,0,0,0,0,0,0,0,0,0,0,0,2,0,2,2,0,0,2,0,0,0,0,0,0,0,0,0,0,0,0,0,0,0,0,0,0,0,0,0,0,0,0,0,0,0,0,0,0,0,2,0,0,0,0,0,0,0,2,2,0,2,0,2,2,2,2,0,0,0,0,0,0,0,0,0,0,0,0,0,0,0,0,0,0,0,0,0,0,0,0,0,0,0,0,0,2,0,0,0,0,2,0,0,0,0,0,0,0,0,0,0,0,0,0,0,0,0,0,2,0,0,0,2,0,0,2,0,0,0,0,0,0,0,0,0,2,0,0,0,0,0,0,0,0,0,0,0,0,2,0,0,0,0,0,0,0,2,0,0,0,0,0,2,0,0,0,0,0,0,2,2,0,0,0,2,0,0,2,0,0,0,0,0,0,0,0,0,2,0,2,0,0,0,0,0,0,0,0,2,0,0,0,0,0,0,0,2,2,2,2,0,0,0,0,0,2,0,0,0,0,0,2,0,0,0,0,0,0,2,0,0,2,0,0,0,0,0,0,0,2,0,0,2,0,2,0,0,0,0,0,0,0,0,0,0,0,0,0,2,0,0,2,0,2,0,0,2,0,0,0,0,0,0,0,0,0,0,0,0,0,0,0,0,0,0,0,0,0,0,0,0,0,0,0,0,0,0,0,0,0,0,0,0,2,2,2,0,0,0,2,0,0,0,0,0,0,0,0,2,0,0,2,2,0,0,0,0,0,2,0,0,0,0,0,0,2,0,0,0,0,2,0,2,2,0,0,0,0,0,0,0,0,0,0,0,0,2,2,0,0,0,0,0,0,0,0,0,2,2,0,0,0,0,0,0,0,0,0,2,0,0,0,0,0,0,0,0,0,0,2,0,0,0,0,2,0,0,0,0,0,0,0,2,0,0,0,0,0,0,0,0,0,0,0,2,0,0,0,0,0,0,0,0,0,0,0,0,0,0,0,0,0,0,0,2,0,0,0,0,2,0,0,0,0,0,0,0,0,0,2,0,0,2,0,0,0,0,0,0,2,2,2,2,0,0,0,0,2,0,0,0,2,0,0,0,0,0,0,0,0,2,2,2,0,2,0,0,0,0,0,0,0,0,0,0,0,2,0,0,0,0,2,0,0,0,0,0,0,0,2,0,0,0,0,0,0,0,0,0,0,0,0,0,0,0,0,0,0,0,2,2,0,0,0,2,2,0,0,0,0,0,0,0,2,0,0,0,0,0,0,0,0,0,0,0,2,0,0,0,NA,0,0,2,0,0,0,0,0,0,NA,0,0,0,0,0,0,0,2,0,0,0,0,0,0,0,0,0,0,0,2,0,0,0,0,0,0,0,0,0,0,0,0,2,2,0,2,2,0,0,0,2,0,2,0,2,0,0,2,0,0,2,0,0,0,0,2,0,0,2,0,0,0,0,0,0,2,0,0,0,0,0,0,0,2,2,2,0,0,0,0,0,0,0,0,2,0,0,0,0,2,0,0,0,0,2,0,0,2,0,0,0,0,0,0,0,0,0,2,2,0,0,0,0,0,0,0,0,2,0,0,0,0,2,0,0,0,0,0,0,0,0,0,0,0,0,0,2,0,0,0,0,0,0,0,0,0,0,2,0,0,2,0,0,0,0,0,2,2,2,0,0,0,2,0,2,0,0,0,0,0,0,0,2,0,0,2,0,0,0,0,2,0,0,0,0,0,0,0,0,2,0,0,2,0,2,0,0,0,0,0,0,0,0,2,2,2,0,0,0,0,0,0,2,0,0,0,0,0,0,0,0,0,0,2,0,0,0,0,0,0,0,0,0,0,0,0,2,0,0,0,2,2,0,0,2,0,0,0,0,0,0,0,0,0,2,0,0,0,0,2,0,0,0,0,0,2,0,0,0,0,0,0,0,0,0,2,0,0,0,0,2,0,0,0,0,0,2,0,0,0,0,0,0,2,0,0,2,0,0,0,0,0,0,0,0,2,0,0,0,0,2,0,0,2,0,0,0,0,0,0,0,0,2,0,0,0,0,0,0,0,0,0,0,0,0,0,0,0,2,0,0,0,2,0,0,0,0,0,2,0,0,NA,0,0,0,0,0,0,0,2,0,0,2,0,0,0,0,0,2,0,0,0,0,0,0,0,0,0,0,0,0,0,0,0,0,0,0,0,0,0,0,2,0,0,0,0,0,0,0,0,0,2,0,0,2,2,0,0,0,0,2,0,0,0,0,0,0,0,2,2,0,0,0,0,0,0,0,0,0,0,0,2,0,0,0,0,0,0,2,0,0,0,0,0,0,0,0,0,0,0,0,0,0,0,0,0,0,0,0,0,0,0,0,0,2,0,0,2,0,0,0,0,0,0,0,0,0,0,0,0,0,0,2,0,0,0,0,0,0,0,0,0,0,0,0,0,0,0,0,0,0,0,0,0,0,0,0,2,0,0,0,0,2,0,2,0,0,0,0,0,0,2,0,2,0,2,0,0,0,0,0,0,0,0,2,0,0,0,2,0,0,2,2,0,0,0,0,2,0,0,2,0,0,0,0,0,0,0,0,0,0,0,2,2,0,0,0,0,0,0,0,0,0,0,0,0,0,0,0,0,0,0,0,0,0,NA,0,0,0,0,2,0,0,0,0,0,0,0,0,0,0,0,0,0,0,0,0,0,0,0,0,2,0,0,0,2,2,0,0,2,0,0,0,0,0,0,0,0,0,0,0,0,0,2,0,0,0,0,0,2,2,0,2,0,0,0,0,0,0,0,0,0,0,0,0,0,0,0,0,0,0,0,0,0,0,0,2,0,0,2,0,0,0,0,0,0,0,0,2,0,0,2,0,0,0,0,0,0,2,2,2,2,0,0,2,0,0,2,0,0,2,2,2,0,0,2,2,0,2,0,0,0,2,0,0,2,0,0,0,2,0,0,2,2,0,0,0,0,0,0,0,2,0,0,0,NA,0,0,0,0,0,2,0,2,0,0,0,0,0,0,2,0,2,0,2,0,0,0,0,0
"CC200",0,0,0,0,0,0,0,0,0,0,0,0,0,0,2,0,0,0,0,0,0,NA,0,0,0,0,0,0,2,0,0,0,0,0,2,0,2,2,0,0,2,2,0,0,0,0,0,0,0,0,2,0,0,0,0,2,0,0,0,2,0,0,0,2,0,0,0,0,0,2,2,2,0,0,0,0,0,0,0,0,0,2,2,0,0,0,2,0,0,0,0,0,0,0,0,0,2,0,0,0,0,0,0,2,0,0,0,2,0,0,2,2,0,0,0,0,0,0,2,2,0,0,0,0,0,0,0,2,2,0,0,2,0,2,0,0,0,0,0,0,2,0,0,0,2,0,2,0,0,0,2,0,0,0,0,0,2,0,0,0,0,0,0,2,2,0,0,0,2,0,0,2,0,0,0,2,2,0,0,2,0,0,0,0,0,0,0,0,0,2,0,0,2,0,2,0,0,0,0,2,0,0,2,0,0,0,0,0,0,0,0,0,0,0,0,0,0,0,2,0,0,0,0,0,0,0,0,0,0,0,0,0,0,2,0,0,0,0,0,0,0,2,0,0,0,0,0,0,0,0,0,0,0,0,0,0,2,2,0,0,2,0,0,0,0,0,0,0,0,0,0,0,0,0,2,0,2,2,2,0,2,0,0,0,0,0,0,2,0,0,0,2,2,0,0,0,0,0,0,0,2,0,0,0,0,0,0,2,0,0,0,0,0,0,0,0,0,0,0,0,0,0,0,0,0,0,2,0,0,0,2,2,0,0,0,0,0,0,2,0,0,2,0,0,0,2,2,2,0,2,0,0,0,0,0,0,0,0,2,0,0,2,2,2,0,0,0,0,0,0,2,0,0,0,0,0,0,0,0,0,0,0,0,0,0,0,0,2,2,0,2,2,0,2,2,2,2,0,0,0,0,0,2,2,0,2,0,0,0,0,0,0,0,0,2,0,0,2,0,NA,2,2,0,0,0,0,0,0,0,0,0,0,2,0,0,0,0,0,0,0,2,2,0,0,0,0,0,0,0,0,0,0,0,0,2,2,2,0,0,0,0,2,2,0,0,0,0,0,0,0,0,2,2,0,0,0,0,0,0,0,0,0,0,0,0,0,0,0,0,0,0,0,0,2,0,0,0,0,0,0,0,0,2,0,0,0,0,0,0,0,0,2,0,0,0,2,0,0,0,2,2,0,0,0,0,2,2,0,0,0,0,0,0,0,0,0,0,0,0,0,2,0,0,2,0,0,0,0,0,0,0,0,0,0,0,0,0,2,0,0,0,0,0,2,0,0,0,0,0,0,0,2,0,0,0,0,0,0,2,0,2,0,0,0,0,0,2,0,0,2,0,0,0,0,0,0,0,0,2,0,0,2,0,2,0,0,2,2,0,0,0,0,0,2,0,0,0,2,0,0,0,0,0,2,2,0,0,0,0,0,0,0,0,2,2,2,0,0,0,0,0,0,0,0,0,2,0,0,0,0,0,0,0,0,0,0,0,0,2,0,2,0,0,2,2,0,2,0,0,2,0,0,2,0,0,0,2,0,0,0,0,0,0,2,0,2,2,0,0,0,2,0,0,0,2,0,0,0,0,0,0,0,0,0,2,0,0,0,0,0,2,0,0,0,0,0,0,2,0,0,0,0,0,0,0,0,0,0,0,0,0,0,2,0,0,0,0,0,0,0,2,0,0,0,0,0,0,0,0,0,0,0,0,0,2,0,0,2,0,0,0,0,0,0,0,0,0,0,0,0,0,0,0,0,2,0,2,0,2,0,0,2,2,0,0,0,NA,0,0,0,2,2,0,0,0,0,0,0,2,0,0,0,0,0,2,0,2,0,0,0,0,0,0,0,0,0,0,0,0,0,0,0,2,2,0,0,0,0,0,2,2,0,2,0,0,0,0,0,0,2,0,2,0,0,0,0,0,2,0,0,2,0,2,0,0,0,0,0,0,0,0,0,0,0,2,0,0,2,0,0,0,0,0,2,0,0,0,0,0,2,0,2,2,0,2,2,0,2,0,0,0,0,0,0,0,0,0,0,0,2,0,0,0,0,0,0,0,0,0,0,2,2,0,2,2,0,0,0,2,0,0,0,0,0,0,0,2,0,0,0,0,0,0,0,2,2,0,0,0,0,2,0,0,0,0,2,2,0,0,2,2,0,0,0,0,0,2,0,0,0,0,0,0,2,0,0,0,0,0,2,0,0,0,0,0,0,0,2,0,0,0,2,0,0,2,0,0,2,0,0,2,0,0,2,0,0,0,0,0,0,0,0,0,0,0,0,0,0,0,2,2,0,0,0,0,0,0,2,0,0,0,0,0,0,0,0,2,2,2,0,0,0,0,0,0,0,0,0,0,0,0,0,0,0,0,0,0,0,2,0,2,0,0,0,0,2,0,0,2,0,0,0,0,0,2,0,2,2,0,0,0,0,0,0,0,2,0,0,2,0,2,2,0,0,0,0,0,0,0,0,0,0,2,0,0,2,0,0,0,0,0,0,0,0,0,0,0,2,2,2,2,2,0,0,0,0,0,0,0,2,0,0,0,2,0,0,2,0,0,0,0,0,2,2,0,0,0,2,2,0,0,2,0,0,2,0,2,0,2,2,2,0,0,0,0,0,0,0,0,2,2,2,0,0,0,0,0,0,2,0,0,0,0,0,2,0,0,0,0,0,0,0,0,0,0,0,0,0,0,0,0,0,0,0,0,2,0,0,2,0,0,0,0,0,0,NA,0,0,2,0,0,0,0,0,NA,0,0,0,0,0,0,0,0,0,2,0,0,0,0,0,0,2,0,0,0,0,0,0,0,0,0,2,0,0,0,0,2,0,0,0,0,0,0,2,2,0,0,0,0,0,0,0,0,2,2,0,2,0,0,2,2,0,2,0,0,0,0,0,2,0,0,0,0,0,2,2,0,0,0,0,0,0,2,0,0,0,0,0,0,0,0,0,0,0,2,0,0,0,0,0,0,0,0,0,0,0,0,0,0,0,0,0,2,0,2,0,2,0,0,2,0,0,0,0,2,0,0,2,0,2,0,0,0,0,0,0,0,0,0,0,2,2,0,0,2,0,0,0,0,0,2,2,2,2,0,0,0,0,0,0,2,0,0,0,0,0,2,0,0,0,0,0,0,0,0,0,0,0,0,0,0,0,0,0,0,0,0,0,2,2,0,0,0,0,0,0,0,0,0,0,2,0,0,0,2,0,0,0,0,0,0,0,0,0,0,0,2,2,0,0,0,0,0,0,2,2,0,0,0,2,0,2,NA,0,0,0,0,0,0,2,2,0,2,0,0,0,0,0,0,0,0,2,0,0,2,2,0,0,0,2,0,0,0,2,2,2,2,0,2,0,0,2,0,0,2,0,0,0,0,0,0,0,0,0,0,0,0,2,2,0,0,2,0,0,2,0,0,0,0,0,0,0,0,2,0,2,2,2,0,0,2,2,0,0,0,2,0,2,2,0,0,0,0,0,0,0,0,0,0,0,0,0,0,0,2,0,0,0,0,0,0,2,0,0,0,0,0,0,0,2,0,0,0,0,2,0,0,2,0,0,0,0,0,2,0,0,0,0,0,0,0,2,2,0,2,2,0,0,0,2,0,2,0,0,0,2,0,2,0,0,0,0,0,2,0,0,2,0,0,2,0,2,2,0,0,0,0,0,0,0,0,2,0,0,0,0,0,0,0,0,0,2,2,0,0,0,0,2,0,0,0,2,0,0,2,0,0,0,0,0,0,0,0,0,0,2,0,2,0,0,0,2,0,0,0,2,0,0,0,0,2,0,0,0,0,0,0,0,0,0,0,0,0,0,0,2,0,0,0,0,0,0,0,0,0,0,2,2,0,0,0,0,0,0,0,0,0,0,0,0,0,0,2,0,2,2,0,2,0,2,0,0,2,0,0,0,0,0,0,2,0,0,0,0,2,0,0,0,0,0,0,0,2,0,0,2,0,0,0,0,0,0,0,0,0,0,2,0,0,0,0,2,0,0,0,0,0,0,0,0,0,0,0,0,0,0,0,0,0,0,0,0,0,0,0,0,0,0,2,0,0,0,2,0,2,2,0,2,0,2,0,0,0,0,2,0,2,0,0,0,0,0,2,0,0,2,0,0,0,0,0,0,0,0,2,0,0,0,0,0,0,2,0,2,0,0,0,2,0,2,0,0,2,0,2,0,2,0,0,0,0,0,0,0,0,0,0,0,2,0,0,0,0,0,2,0,0,0,2,2,0,0,0,0,0,0,0,0,0,0,0,2,0,0,0,0,0,0,0,0,0,2,2,2,0,0,2,0,0,0,2,0,0,0,0,2,0,2,0,0,0,2,0,0,0,0,0,0,0,2,0,0,0,0,0,0,2,0,2,0,0,0,0,0,0,0,0,0,0,0,2,0,0,0,0,0,0,2,0,0,0,0,0,0,0,0,0,0,0,0,0,0,0,0,0,2,0,0,0,2,0,0,0,2,2,2,0,0,0,2,0,0,0,0,2,0,0,0,0,0,0,0,0,0,0,0,0,0,0,0,0,2,0,0,0,0,2,0,2,0,2,0,0,2,0,0,0,0,0,2,2,0,0,0,0,0,0,2,0,2,2,2,0,0,0,0,0,0,0,0,0,0,2,0,2,0,2,2,0,0,0,0,0,2,2,0,0,0,0,0,0,0,0,0,0,0,0,0,0,0,2,0,0,2,0,0,0,2,0,0,0,0,0,0,0,0,2,2,0,0,2,0,2,0,0,0,0,2,0,2,0,0,2,0,0,0,0,0,2,0,0,2,2,2,0,0,0,0,2,0,0,0,0,2,0,2,0,0,0,0,2,0,0,0,2,0,2,2,2,0,0,2,0,0,2,0,0,0,0,0,0,0,0,0,0,0,2,0,0,0,2,0,0,0,0,0,2,0,0,0,0,0,0,0,2,0,0,0,0,0,0,0,2,0,0,2,0,0,0,2,0,2,2,2,2,0,0,0,2,0,0,0,0,0,2,0,0,0,0,0,2,0,0,0,0,2,2,0,0,2,0,0,0,0,2,2,0,2,0,2,0,2,0,0,2,2,0,0,0,0,0,0,0,0,0,0,0,0,0,0,0,0,0,2,2,0,0,0,2,0,0,0,0,0,0,0,0,0,2,0,0,2,0,0,0,0,0,0,0,2,2,0,0,2,0,2,2,0,2,0,0,0,0,2,0,0,2,0,0,0,0,2,0,0,0,0,2,0,0,0,2,0,0,0,0,0,0,2,0,0,2,0,0,2,0,0,0,0,0,0,0,0,0,0,0,0,0,2,2,0,0,2,2,0,0,2,0,2,0,2,0,0,0,0,0,2,0,2,0,0,0,0,0,0,0,2,2,0,2,0,0,0,0,0,2,0,0,2,0,2,0,0,0,0,0,0,0,0,0,0,0,0,0,0,0,0,2,2,0,0,2,0,0,0,2,2,0,0,0,0,0,0,0,0,2,0,0,2,0,0,2,0,0,0,0,2,0,0,0,0,0,0,0,0,0,0,0,0,0,0,0,0,0,0,0,0,0,0,0,0,0,0,0,0,0,0,0,0,0,0,0,0,0,0,0,0,0,0,0,0,0,0,0,0,0,0,2,0,0,0,0,0,0,0,0,0,0,0,0,0,0,0,0,0,0,0,0,0,2,0,0,0,2,0,0,0,0,0,0,0,0,0,0,0,0,0,0,0,0,0,0,0,0,0,0,0,0,0,0,0,0,0,0,0,0,0,0,0,0,0,0,0,0,0,0,0,0,0,0,0,0,2,0,0,0,0,0,0,0,0,0,2,0,0,0,0,0,0,0,0,2,2,0,0,0,0,0,0,0,2,0,0,0,0,2,0,0,2,2,0,0,0,2,0,2,0,0,0,0,0,2,2,0,2,0,0,2,2,0,0,0,0,0,0,0,2,0,0,0,2,0,0,0,0,2,0,0,0,0,0,0,2,0,0,0,0,2,2,0,2,2,0,0,0,0,2,2,0,2,2,0,0,0,0,0,0,0,0,2,0,0,0,2,0,0,0,0,0,0,2,0,2,2,0,0,2,2,0,0,0,0,0,0,0,0,0,0,0,0,0,0,2,0,0,0,0,0,0,0,0,2,2,0,0,0,0,2,0,0,2,0,0,2,2,0,0,2,2,0,0,0,0,0,0,2,0,2,0,0,0,0,0,0,0,2,0,0,2,0,0,2,0,0,0,2,2,0,0,0,2,0,NA,2,2,0,0,NA,0,0,0,0,0,0,0,0,0,0,0,2,2,0,0,0,0,0,2,0,0,0,0,0,0,0,0,2,0,0,0,2,0,2,0,0,0,2,2,0,0,2,0,0,2,0,0,0,0,0,0,0,2,0,0,0,0,0,0,0,0,0,0,2,2,0,0,0,0,0,2,0,2,0,0,2,0,0,0,0,0,2,2,0,0,0,0,0,0,0,0,0,0,2,0,2,0,2,0,0,2,0,2,0,0,0,0,2,2,2,0,2,0,2,0,0,0,0,2,2,0,0,0,0,0,2,0,0,0,0,2,2,0,0,0,0,0,2,2,0,0,0,0,0,0,0,2,0,2,0,0,2,0,0,2,0,0,2,0,0,0,2,0,0,0,2,2,0,2,0,0,0,0,0,0,0,2,0,0,0,0,0,0,0,0,0,2,0,0,0,2,2,0,0,2,0,2,0,0,0,0,2,0,0,2,2,2,2,0,0,0,0,0,0,0,0,0,0,0,0,0,0,0,0,0,0,0,2,0,0,2,0,0,2,0,2,0,0,0,0,0,2,0,0,0,0,2,0,2,2,0,0,2,0,2,0,0,0,2,0,0,0,0,0,2,2,0,0,0,0,0,0,0,0,0,2,0,2,2,2,0,2,2,0,0,0,0,2,0,0,0,2,0,0,0,0,0,2,0,0,2,2,0,0,0,0,0,0,0,0,0,0,0,2,2,0,0,0,0,0,0,2,0,0,0,2,0,0,0,0,0,0,0,0,0,2,0,0,0,0,0,0,2,2,0,0,2,0,0,0,0,0,2,2,2,0,0,0,0,0,0,2,0,0,0,0,2,0,0,0,0,0,0,2,0,0,0,0,0,0,0,0,0,2,0,0,0,2,0,0,0,0,0,0,2,0,0,0,0,0,2,0,2,0,2,0,0,0,0,2,0,0,0,0,0,0,0,0,0,0,2,0,0,2,0,0,2,0,2,0,0,2,0,0,0,2,0,0,2,0,0,0,2,0,2,0,0,0,2,0,0,0,0,0,2,2,0,0,0,0,0,0,0,0,0,0,0,0,0,0,0,2,0,0,0,2,0,NA,0,0,0,2,0,0,2,0,0,0,0,0,0,0,0,0,0,0,0,0,0,0,0,0,0,0,0,0,0,0,0,0,0,0,0,0,0,0,0,0,0,0,0,2,0,0,0,2,2,2,2,2,0,0,0,2,2,2,2,2,0,2,2,2,0,0,2,0,2,0,0,0,2,0,0,0,0,0,2,0,0,0,2,0,0,0,2,0,0,0,0,2,NA,0,0,2,2,0,0,0,0,0,0,0,0,0,0,0,0,0,2,0,0,0,0,0,2,0,0,0,0,0,0,0,0,0,0,0,0,0,2,0,0,2,0,0,0,0,0,0,2,0,2,0,0,0,0,0,2,0,0,0,0,0,2,0,0,0,0,2,0,0,2,0,0,2,0,0,0,0,0,2,0,2,0,2,0,0,0,0,0,0,0,0,0,0,0,0,0,0,0,2,2,0,0,0,2,2,0,0,2,0,0,2,2,0,0,0,2,0,2,0,0,2,0,0,0,0,0,0,2,0,2,0,0,0,0,0,0,0,2,2,0,0,0,0,0,0,0,2,2,0,2,2,0,0,2,2,2,0,2,2,0,0,0,2,0,2,2,0,2,0,0,0,0,0,2,0,0,2,2,NA,2,0,2,2,2,0,0,2,0,0,2,0,0,0,0,0,0,0,0,2,0,0,0,2,0,0,0,2,0,0,0,0,0,0,0,2,0,0,0,0,0,NA,0,2,2,2,0,0,0,0,0,0,0,0,0,0,0,0,0,0,0,0,0,0,0,0,0,0,0,0,0,0,0,0,0,0,0,0,0,0,0,0,0,0,0,0,0,0,0,2,0,0,2,0,0,0,0,0,0,0,0,0,0,0,0,0,0,2,0,2,2,0,0,0,0,0,0,0,0,0,0,0,0,0,0,0,2,0,2,0,0,0,0,0,0,0,2,0,0,0,0,0,0,2,0,0,0,0,0,0,0,0,0,0,2,0,0,0,0,0,0,0,0,0,2,0,0,0,0,0,0,0,0,0,0,0,0,0,0,0,0,0,0,0,2,2,0,2,0,0,0,0,0,0,0,0,0,0,0,0,0,0,0,0,0,0,0,0,0,0,0,0,0,0,0,0,0,0,0,0,2,0,0,0,0,0,2,0,0,0,0,0,0,0,0,0,0,0,0,0,0,0,0,0,0,0,0,0,0,0,0,0,0,2,0,0,0,0,0,0,0,2,0,0,0,0,0,0,0,0,0,0,0,0,0,0,0,2,0,0,0,0,0,0,2,0,0,0,0,2,0,0,0,0,0,0,0,0,0,0,0,2,0,0,2,0,0,0,0,2,0,0,0,0,0,0,2,0,2,0,0,0,0,2,2,0,2,0,0,2,0,0,0,0,0,0,2,2,0,2,0,2,2,0,0,0,0,0,0,2,0,2,0,0,0,0,0,0,2,0,0,2,0,0,0,0,2,0,0,0,0,2,0,0,0,0,0,0,2,2,2,0,2,0,0,0,0,0,2,2,0,0,0,0,2,0,0,0,0,0,0,2,0,0,0,0,2,0,0,2,0,0,0,0,0,0,0,0,0,0,0,0,0,0,0,2,0,2,2,0,0,0,0,0,2,0,2,0,0,0,0,0,0,0,0,0,0,0,0,0,0,0,0,0,0,0,0,0,0,2,0,0,0,0,0,2,2,0,0,0,0,0,2,0,2,0,2,0,2,2,0,2,2,0,2,0,0,0,0,0,0,0,0,2,0,0,0,2,0,0,2,2,0,2,0,0,2,0,0,0,0,0,0,0,0,0,0,0,2,0,0,0,0,0,0,0,0,0,0,0,0,0,0,0,0,2,2,0,2,0,0,0,0,0,2,0,0,0,0,0,0,0,0,0,0,2,0,0,0,2,2,0,0,2,0,2,2,2,0,0,0,0,0,2,0,2,0,0,0,0,0,0,0,2,2,0,0,0,2,0,NA,0,0,0,0,0,2,NA,0,0,0,2,0,0,0,2,2,0,0,0,2,0,0,0,2,0,0,2,0,2,0,0,0,0,0,2,0,0,2,0,0,2,0,0,0,0,0,0,0,0,0,0,0,2,2,2,0,0,0,0,0,0,0,0,0,0,0,0,2,2,0,2,0,0,0,0,2,0,0,0,0,2,0,0,0,2,2,0,0,0,0,0,0,0,2,0,2,0,0,2,0,0,0,2,0,0,0,0,2,2,2,0,0,0,0,0,0,0,0,0,0,0,0,2,2,2,0,2,0,0,2,2,0,0,0,0,0,0,0,0,0,2,2,0,0,0,2,0,0,0,0,0,2,2,2,0,0,0,2,0,0,0,2,0,0,2,0,0,0,0,0,0,2,0,0,0,0,0,0,0,0,0,0,0,0,0,0,0,0,0,0,0,0,0,0,0,2,0,0,0,0,0,0,0,2,0,0,2,0,0,0,0,0,0,0,2,0,2,2,0,0,0,2,0,0,0,2,0,2,2,2,2,0,0,0,0,2,0,0,0,0,0,2,2,0,0,0,0,2,0,0,0,0,0,0,0,0,0,0,0,0,0,0,0,0,0,0,0,2,0,0,0,0,2,0,0,0,0,2,0,0,0,0,0,0,0,0,0,0,2,0,0,2,0,0,0,2,0,0,0,0,0,0,0,0,0,0,0,0,0,0,0,0,0,0,0,0,0,0,0,0,0,0,0,2,2,0,2,0,0,0,0,0,0,2,0,0,2,0,0,0,0,0,2,2,0,0,0,0,0,2,0,0,0,0,0,0,0,0,0,0,0,0,0,0,0,0,2,0,0,0,0,0,0,0,0,0,0,0,0,2,0,0,0,2,0,0,0,0,2,0,0,0,0,0,0,0,0,0,2,2,2,0,0,2,0,2,0,2,0,0,2,0,0,0,0,0,0,0,0,0,0,2,0,0,2,0,0,0,0,0,2,0,0,0,0,0,0,0,0,0,0,2,0,0,0,0,0,0,0,0,2,0,2,0,2,0,0,0,0,0,2,0,0,2,0,0,0,0,0,0,0,0,2,0,0,0,2,0,0,2,0,0,0,0,0,0,0,0,0,0,0,0,0,0,0,2,0,0,0,0,0,0,0,0,0,0,2,0,2,0,0,0,0,0,2,2,0,0,2,2,0,2,0,0,0,0,0,0,0,2,0,0,0,0,0,0,0,0,0,2,0,2,0,0,0,0,0,0,0,2,0,0,0,0,0,0,0,0,0,0,2,2,0,0,0,0,0,0,2,0,0,0,0,0,0,0,0,0,0,0,0,0,0,0,0,0,2,0,2,0,2,0,0,0,0,2,0,0,0,0,0,2,0,0,0,2,0,0,0,0,0,0,2,0,0,2,0,0,0,0,0,2,2,0,0,0,2,2,2,0,0,0,0,2,0,0,2,0,0,2,0,0,0,2,0,0,2,0,0,0,0,0,0,0,2,0,0,2,0,0,0,0,0,0,0,0,0,2,2,0,0,2,0,0,0,0,0,0,0,0,0,2,0,0,0,0,0,0,0,0,0,0,0,0,0,0,0,2,0,2,0,0,2,0,0,2,2,0,0,0,0,0,0,0,0,0,0,0,0,0,2,0,0,0,2,2,0,2,0,0,0,0,0,0,0,2,0,0,2,0,0,0,0,2,0,0,0,2,2,0,2,0,0,0,2,2,0,2,0,0,0,0,0,0,2,0,0,0,2,0,0,0,0,0,0,0,0,2,2,0,0,0,0,0,0,2,0,2,0,0,2,0,0,2,0,0,0,0,2,2,0,0,0,0,0,0,0,0,0,0,0,0,2,0,0,0,0,2,2,0,0,0,0,0,2,0,2,0,0,0,0,2,2,0,0,0,0,0,2,0,0,0,0,NA,0,0,2,0,0,0,2,2,0,0,0,2,0,0,0,0,0,0,0,2,0,2,0,0,2,0,0,0,2,0,0,0,0,0,2,0,0,0,0,0,0,0,0,0,2,2,0,0,0,0,0,0,0,0,0,0,0,2,2,0,2,0,0,0,0,2,2,0,2,0,0,0,0,0,0,0,0,0,0,0,0,0,2,0,0,0,0,2,0,2,0,0,0,0,0,0,0,0,2,0,0,0,2,2,0,0,0,2,0,0,0,2,0,0,0,0,0,0,2,0,2,0,0,2,2,0,2,0,0,0,2,2,0,2,2,0,0,2,0,2,0,2,0,0,0,0,0,0,0,NA,0,0,0,0,0,0,0,2,2,2,0,0,0,2,0,0,0,0,0,0,0,2,2,0,0,0,0,0,0,2,NA,0,0,0,0,0,0,2,0,2,0,0,2,2,0,0,0,0,0,0,2,0,0,0,0,0,0,0,0,0,0,2,2,0,0,0,2,0,0,0,0,0,0,0,0,0,0,2,0,2,0,0,0,0,2,0,0,0,0,0,0,2,0,2,2,0,0,0,0,0,0,0,0
"CC201",0,0,0,0,0,0,0,0,0,0,0,0,0,0,0,0,0,0,0,2,2,0,0,2,0,0,0,0,0,0,0,0,0,0,0,0,0,0,0,0,0,0,0,0,0,0,0,0,2,0,0,0,0,0,2,NA,2,0,0,0,0,2,0,0,0,2,0,0,0,0,0,0,0,0,0,0,0,0,0,2,0,2,0,0,0,2,0,0,0,0,0,0,0,0,0,0,0,0,0,0,0,0,0,0,0,2,0,0,0,0,0,2,0,0,0,0,0,2,0,0,0,0,0,0,0,0,2,0,0,0,0,0,0,0,0,2,0,0,0,0,0,0,0,0,0,0,2,0,0,0,0,0,0,0,0,0,2,0,0,0,0,0,0,2,2,2,2,0,0,0,0,2,0,0,0,0,0,0,2,0,0,0,0,0,2,0,0,0,0,2,0,0,2,0,0,0,0,0,2,0,0,0,0,0,0,0,0,0,0,0,0,0,0,0,0,2,0,0,0,0,0,0,0,0,0,2,0,2,0,0,0,0,0,0,0,0,0,0,0,0,2,0,0,0,0,0,0,0,0,2,0,0,0,0,0,0,0,0,0,0,0,0,0,0,2,0,2,0,0,0,0,0,0,2,0,0,0,0,0,0,0,0,0,0,0,0,0,0,0,0,0,0,0,2,0,0,0,0,0,0,0,0,0,0,0,0,0,2,0,0,0,0,0,0,0,0,0,0,0,0,0,0,0,0,2,0,0,0,0,0,0,0,2,0,0,0,0,0,0,0,0,0,0,0,0,0,0,0,0,0,NA,0,0,0,0,0,0,0,0,0,0,2,0,2,0,0,0,2,0,2,0,0,NA,0,2,2,0,0,0,2,0,2,0,0,2,0,2,0,0,0,0,0,0,0,0,0,0,0,0,0,0,0,2,0,0,0,0,0,0,2,0,0,0,0,0,0,2,2,0,0,0,2,0,0,2,0,0,2,0,2,2,0,0,0,0,2,2,0,2,0,0,0,2,2,0,0,0,0,0,0,0,0,2,0,0,0,0,0,0,2,2,0,0,2,0,NA,0,2,2,0,2,0,0,2,2,0,2,0,0,0,0,0,0,0,0,0,0,2,0,0,0,2,0,0,2,2,0,0,0,0,0,0,0,0,0,0,0,2,2,2,0,2,0,0,0,2,2,0,0,0,0,0,0,0,0,0,0,2,2,0,0,2,2,0,0,2,0,2,2,0,0,0,0,0,0,0,0,0,2,2,NA,0,0,2,2,0,0,NA,0,0,2,0,0,0,0,0,0,0,0,2,2,0,0,0,2,0,0,2,0,0,0,0,0,0,0,2,0,0,0,0,0,NA,0,0,2,0,0,0,0,2,0,0,2,0,0,0,0,0,0,0,0,0,0,0,2,0,0,0,0,0,0,0,0,0,0,0,0,0,0,0,2,0,0,0,0,2,0,0,0,0,0,0,2,0,0,0,0,0,0,2,2,0,0,2,2,0,0,0,0,0,2,0,0,2,2,0,0,0,2,0,0,0,0,2,0,0,2,0,0,0,0,0,0,0,2,0,0,0,0,0,2,0,0,0,0,0,2,0,0,0,0,2,0,0,0,2,2,0,0,0,0,0,2,0,0,0,0,0,0,0,0,0,0,0,0,2,0,0,0,0,0,0,0,0,0,0,0,0,0,0,0,0,0,0,0,2,0,0,0,0,0,2,0,0,2,0,0,2,0,0,0,0,0,0,0,0,0,0,0,0,0,0,0,0,2,0,2,0,2,0,0,2,2,2,0,0,0,0,0,0,0,0,2,2,2,2,0,0,0,0,0,0,0,0,2,0,2,2,0,0,0,0,0,0,2,0,0,0,2,0,2,0,0,0,0,2,0,0,0,0,0,0,0,0,0,2,0,0,0,0,0,0,0,0,0,2,2,0,2,0,0,0,0,0,2,2,2,0,0,0,2,0,0,0,0,0,NA,2,0,0,0,0,2,0,2,0,0,0,0,0,0,0,2,2,2,0,2,0,0,0,0,0,0,0,0,0,2,0,0,0,2,0,0,0,0,2,0,2,0,0,0,0,2,0,0,0,0,2,0,0,2,2,2,2,2,0,0,0,2,0,0,2,0,2,2,0,0,0,0,0,2,0,0,2,0,0,0,0,0,2,0,0,2,2,0,0,2,0,0,0,2,0,0,0,0,0,2,0,0,0,0,2,0,0,0,0,0,2,0,0,0,0,0,0,2,2,0,2,0,0,0,0,0,0,0,0,2,0,0,0,0,0,0,2,0,0,0,0,0,0,0,0,0,0,0,NA,2,2,0,0,0,0,0,2,0,0,0,0,0,0,0,0,0,0,0,0,0,0,0,2,0,0,0,0,0,0,0,0,2,0,2,0,0,0,0,0,0,2,0,0,0,0,2,0,2,0,2,0,0,0,0,0,2,0,2,2,0,0,0,0,0,2,2,0,0,0,0,2,0,0,0,0,2,0,0,2,0,0,0,0,2,0,0,2,0,0,2,0,0,2,0,0,0,0,0,0,0,0,0,0,0,0,0,2,0,2,0,2,0,0,2,0,2,2,0,0,0,0,0,0,0,2,2,0,0,0,0,0,0,0,0,0,0,0,0,0,2,0,0,2,2,2,0,0,0,0,0,2,0,0,0,0,0,0,0,2,0,0,0,0,0,0,0,2,0,2,0,0,0,0,0,0,0,0,0,2,2,0,0,0,0,0,0,0,0,0,2,0,0,0,0,0,0,0,0,0,0,0,0,0,0,0,0,0,0,0,2,0,0,0,0,0,0,0,0,0,0,0,0,0,0,2,0,0,0,0,2,0,0,0,0,0,0,2,2,0,0,0,2,0,0,0,0,0,0,0,0,0,0,0,0,2,0,0,0,0,0,0,0,0,0,0,2,0,0,0,0,2,2,2,0,0,0,2,0,0,0,2,0,0,0,0,0,0,0,0,0,0,0,0,2,2,0,0,0,0,0,0,2,0,0,0,2,0,2,0,0,0,0,0,0,0,0,0,0,0,2,0,0,2,0,0,0,0,0,0,0,0,0,0,0,2,0,0,0,0,0,0,0,0,2,2,2,0,0,0,0,0,0,0,0,0,0,0,2,0,0,0,0,0,0,0,0,0,0,0,0,0,0,2,2,0,0,2,0,2,2,0,0,0,2,0,0,2,0,0,0,0,2,2,0,0,0,2,0,0,0,0,0,0,0,0,0,0,0,0,0,0,0,2,2,2,2,0,0,0,0,0,0,0,0,0,0,0,2,0,0,0,0,0,0,0,0,0,2,0,0,0,0,2,0,0,0,2,0,2,0,0,0,0,0,0,0,0,0,2,0,2,0,2,0,0,0,0,0,0,0,2,0,2,2,0,0,0,0,0,0,0,0,0,2,0,0,0,0,0,0,0,0,2,0,0,2,0,0,0,0,0,0,0,0,0,0,0,0,0,0,0,0,0,0,0,0,0,2,0,2,0,2,0,0,0,0,0,2,2,0,0,0,2,0,0,0,0,0,2,2,0,0,0,0,0,0,0,0,0,0,0,2,0,2,0,0,0,0,0,0,0,0,0,0,0,0,0,2,0,0,0,0,0,0,0,0,2,2,0,0,0,0,0,2,2,0,2,0,0,2,2,0,0,0,0,0,0,2,0,0,0,0,0,0,2,2,0,0,0,2,0,0,0,0,0,2,0,0,0,0,0,0,0,0,0,2,0,2,2,2,0,0,2,0,0,0,0,0,2,0,0,0,0,0,0,2,0,0,0,0,2,0,0,0,0,0,2,2,0,2,0,2,0,0,0,0,0,0,2,0,0,0,2,2,2,0,0,0,0,0,0,0,0,0,0,0,0,0,2,0,0,2,0,2,0,0,0,2,0,2,0,0,0,2,0,0,0,2,0,0,0,0,2,0,0,0,0,0,0,0,2,0,0,2,0,0,0,0,0,0,0,0,0,0,0,0,0,0,0,0,0,0,0,0,0,0,0,0,0,0,0,0,0,0,0,0,0,0,0,0,0,0,0,0,0,0,0,2,2,0,0,2,0,0,0,0,0,0,0,2,2,2,0,0,0,0,0,2,0,2,0,0,0,0,0,2,0,0,0,0,0,0,0,0,0,0,0,0,0,0,0,2,0,0,0,0,0,2,0,0,2,0,0,0,0,2,0,2,0,0,0,0,0,2,0,0,2,0,0,0,0,0,0,0,0,0,0,0,0,0,0,0,2,0,0,0,2,0,0,0,0,0,0,2,2,2,2,0,0,0,0,NA,0,0,0,0,0,0,0,0,0,0,2,0,0,2,2,0,2,0,0,0,0,0,0,2,0,0,0,0,0,0,0,0,0,0,0,0,0,0,2,2,0,0,0,0,0,2,0,0,2,0,2,2,2,0,0,0,0,0,0,0,0,2,0,0,0,0,0,0,0,0,0,0,0,2,0,2,0,0,2,0,0,0,2,0,0,0,0,0,0,0,0,2,2,2,0,0,0,0,0,2,0,0,2,0,0,2,NA,0,0,0,NA,0,0,0,2,0,0,2,0,0,0,2,0,0,2,0,2,0,0,0,2,0,0,0,0,2,0,0,0,0,2,2,2,0,0,0,0,0,0,0,0,0,0,0,0,2,0,2,0,0,0,0,0,0,0,0,0,0,0,0,0,0,2,2,0,2,0,0,0,0,0,2,0,0,0,0,0,2,2,0,0,0,0,2,2,0,2,0,0,0,0,0,0,0,0,2,0,0,0,0,0,0,0,0,0,2,2,2,0,0,0,0,0,0,0,2,0,0,0,0,2,0,0,0,2,0,0,0,0,0,0,0,0,0,0,0,0,0,0,0,0,0,0,0,0,0,0,0,2,0,0,0,2,0,2,0,0,0,0,0,2,0,0,0,0,0,2,0,2,0,2,2,2,0,0,0,0,0,0,0,0,0,0,0,2,0,0,0,0,2,2,0,0,0,0,2,0,0,0,2,0,0,0,0,2,2,0,0,0,0,0,0,0,2,0,0,2,0,0,0,0,2,0,0,0,0,2,0,0,0,2,2,0,0,0,0,2,0,0,0,0,0,0,2,0,0,0,0,0,2,0,2,0,0,0,0,0,0,0,0,0,0,0,0,0,0,0,0,2,2,0,0,0,0,0,0,2,0,0,0,0,2,0,0,0,0,0,0,0,0,2,0,0,0,0,0,0,0,0,0,2,2,0,0,0,2,0,0,0,0,2,0,0,0,2,0,0,0,0,0,0,0,0,0,0,0,0,0,0,0,0,0,0,0,0,0,0,0,0,0,0,2,0,0,2,0,0,0,0,0,0,0,0,0,0,2,0,0,2,0,0,0,0,0,0,0,2,0,0,0,0,0,0,0,0,0,0,0,0,0,2,2,0,0,0,0,0,0,0,0,0,0,0,0,0,0,2,0,0,0,0,2,0,0,2,0,0,2,0,0,0,0,0,0,0,2,0,0,0,0,2,0,0,0,0,2,0,0,0,2,0,2,2,0,0,0,2,0,0,0,2,0,0,0,0,2,2,2,0,0,0,2,0,0,0,0,0,0,0,2,0,0,0,0,0,0,0,0,NA,0,0,0,0,0,0,0,0,2,0,0,2,0,0,2,0,0,2,0,2,0,2,0,2,2,0,0,0,0,0,2,0,2,0,0,0,0,0,0,0,0,2,2,0,0,0,0,0,0,0,0,0,0,0,0,0,0,0,0,2,0,0,0,0,2,2,0,0,0,0,0,2,0,0,0,0,2,0,2,0,0,0,2,0,0,0,0,0,0,2,0,0,0,0,0,0,0,0,0,2,0,0,0,0,2,0,0,0,2,0,2,0,0,0,0,0,0,0,2,0,0,NA,0,0,0,0,0,0,0,2,0,2,0,2,2,0,0,0,0,0,0,0,2,2,0,2,2,0,0,0,0,0,0,0,0,0,0,0,0,0,0,2,0,0,0,2,0,2,0,0,2,0,0,0,0,0,0,0,2,0,0,0,0,0,0,0,2,0,0,0,0,2,0,2,0,2,0,0,0,2,0,0,0,0,0,0,0,0,0,0,0,2,0,2,0,0,0,0,0,0,0,2,0,0,2,0,0,0,0,2,0,0,0,0,0,2,2,0,0,0,2,0,2,0,2,0,0,0,0,0,0,0,0,0,2,2,0,0,0,0,0,0,0,2,NA,2,2,0,0,0,0,0,0,0,0,2,0,2,0,0,0,0,0,2,2,2,0,0,2,2,2,0,2,0,2,0,0,0,0,0,0,0,2,0,0,0,0,2,2,0,2,2,2,0,0,0,2,0,0,0,0,0,2,0,0,2,2,0,0,2,2,0,0,2,0,2,2,2,0,0,0,0,0,0,0,0,0,2,0,0,0,0,0,0,2,0,0,2,0,0,2,0,0,0,0,0,2,2,2,0,2,0,0,2,2,0,2,2,2,2,0,0,0,0,0,0,2,0,2,0,0,2,0,0,0,0,2,0,0,0,0,0,0,0,0,0,2,0,0,0,0,0,0,0,0,0,2,0,0,2,0,0,0,2,0,2,2,2,0,2,0,0,0,0,0,0,0,0,NA,0,2,2,0,0,0,2,0,NA,0,2,2,0,2,2,0,2,2,2,0,2,2,2,0,2,0,0,0,2,0,0,0,0,0,0,0,0,0,0,0,2,0,0,0,0,2,0,0,0,0,2,0,0,0,0,0,0,0,0,0,0,2,2,0,0,0,0,2,0,2,0,0,0,0,0,0,0,0,2,2,0,0,0,2,0,0,0,0,0,0,0,2,0,0,0,0,2,0,0,0,2,0,0,0,0,0,0,0,0,2,0,0,0,0,2,0,0,0,2,0,0,2,0,0,2,2,0,0,2,0,0,0,0,0,0,0,0,2,0,0,0,2,0,0,2,0,2,2,0,0,0,2,0,0,0,0,2,0,0,0,0,0,0,2,0,0,0,2,0,0,0,0,0,0,0,0,0,0,0,2,2,2,0,0,0,0,0,0,0,0,0,0,0,0,0,2,2,0,0,2,0,0,0,0,0,0,0,0,0,0,2,0,2,0,0,0,0,0,2,2,0,0,0,0,0,0,2,0,0,2,0,0,0,0,0,0,0,0,2,2,0,0,2,2,0,0,0,0,0,0,0,0,0,0,0,0,0,0,0,0,0,0,0,0,0,0,0,0,0,0,0,0,0,0,0,2,0,0,0,0,0,0,0,2,2,0,2,2,0,0,2,0,0,0,0,2,0,0,0,0,2,0,2,2,0,0,2,NA,0,2,2,2,0,0,0,0,0,2,0,0,0,0,2,0,0,0,0,0,2,0,0,0,2,0,0,0,0,0,0,0,2,0,0,0,0,0,0,0,0,0,NA,0,2,0,0,0,0,2,2,2,0,2,0,0,0,0,0,2,0,2,0,0,0,2,0,0,0,2,0,0,2,0,2,2,0,0,0,0,0,0,0,0,0,0,2,2,0,0,0,NA,0,0,0,0,0,2,0,0,0,0,0,0,0,2,0,0,2,0,0,0,0,2,0,0,0,0,0,2,0,0,0,0,0,0,0,0,0,0,0,2,0,2,2,2,0,0,0,0,0,0,0,0,0,2,0,0,0,0,0,0,0,0,2,2,0,0,2,0,0,2,0,2,0,2,2,2,0,0,2,0,0,0,0,0,0,0,2,0,2,2,0,0,0,0,0,0,0,0,0,0,2,0,0,0,2,0,0,0,0,0,0,0,0,0,2,0,2,0,0,0,0,0,0,0,0,0,0,0,2,0,0,0,0,2,2,2,0,0,0,2,0,0,0,2,0,0,0,0,2,0,0,0,0,0,0,0,2,2,0,0,0,2,2,2,0,0,0,2,2,0,2,0,0,0,0,0,0,0,0,0,0,0,0,0,0,0,0,0,0,0,0,0,2,0,0,0,0,0,0,0,0,0,0,0,0,0,0,0,0,0,0,0,0,2,2,0,0,0,2,0,0,0,0,2,2,0,0,0,0,0,0,0,0,0,0,0,0,0,0,0,0,0,0,0,0,0,0,2,0,0,0,0,0,0,0,0,0,0,0,0,0,0,2,0,2,2,0,2,0,2,0,0,2,0,0,2,0,0,0,0,0,2,0,0,0,0,2,0,0,2,0,0,0,0,0,0,2,0,0,0,2,0,0,2,0,0,2,0,0,0,0,0,0,0,0,0,0,0,0,0,0,0,0,0,0,0,2,0,2,0,0,0,0,0,0,0,0,0,0,0,0,0,0,2,0,0,0,0,0,0,0,0,0,0,2,0,0,0,0,0,0,2,0,0,2,0,0,0,0,0,0,0,2,2,0,0,0,0,0,0,0,0,0,0,0,0,0,0,0,2,0,0,0,0,0,0,0,0,0,0,0,0,0,0,0,0,0,0,0,0,0,0,2,2,0,0,0,0,2,2,0,0,2,0,0,0,0,0,0,2,2,2,0,0,2,0,2,0,0,0,0,0,0,0,0,2,0,0,0,0,0,0,0,0,0,0,0,2,0,2,2,2,0,0,0,0,2,0,0,0,0,0,0,0,0,0,0,0,2,0,0,0,0,0,0,0,0,0,2,0,0,0,0,0,2,0,0,0,0,0,0,0,0,0,2,0,0,0,0,0,0,2,0,0,0,0,0,2,0,0,0,0,0,0,0,2,0,2,0,0,0,0,0,0,0,0,0,0,0,0,2,2,2,0,0,0,0,0,0,0,0,0,0,0,2,0,0,0,0,0,0,0,0,0,0,0,0,0,0,0,0,0,0,0,0,0,0,0,0,2,0,0,0,0,0,2,0,0,0,0,0,0,0,0,0,0,0,0,0,0,0,2,0,2,0,0,2,2,0,2,2,0,2,0,0,2,2,0,2,0,2,0,2,0,2,0,0,0,0,0,2,2,2,NA,0,2,2,0,0,2,0,0,0,0,0,0,0,0,0,0,0,0,0,0,2,2,0,0,0,0,0,0,0,2,0,2,2,0,0,0,0,0,0,2,0,0,2,0,0,0,0,0,0,0,0,2,0,0,0,0,0,0,0,0,2,0,0,0,0,0,0,0,0,0,0,2,0,0,0,0,0,0,0,0,0,0,0,2,0,2,2,2,0,0,0,0,0,0,0,0,0,2,0,0,0,0,0,0,0,0,0,0,2,2,2,0,0,0,0,0,0,0,0,0,0,2,0,0,0,0,0,0,0,0,0,0,0,0,0,0,0,0,0,0,0,0,0,0,2,0,0,0,0,0,0,0,2,2,0,0,0,0,0,0,2,0,0,0,0,0,0,0,0,0,0,0,0,0,0,0,0,0,0,2,0,0,0,0,0,2,0,0,0,0,0,0,0,0,0,0,0,0,0,2,0,0,0,0,0,0,0,0,0,2,2,0,0,0,0,2,0,0,0,0,0,2,0,0,0,0,0,0,2,0,2,0,0,2,0,0,0,2,0,0,0,0,0,0,0,0,0,2,0,2,0,0,0,0,0,0,2,0,0,0,0,0,0,0,0,2,0,0,0,0,0,0,2,0,0,2,2,0,0,0,0,0,0,0,0,2,0,0,0,2,0,0,0,0,0,0,2,0,0,0,0,0,0,0,0,0,0,2,2,0,0,0,0,2,0,2,0,2,0,0,2,0,0,0,0,2,0,2,0,0,0,0,0,0,0,0,0,0,0,0,0,0,0,0,0,2,2,0,0,0,0,0,0,0,0,0,0,2,0,0,0,0,0,2,0,2,0,0,0,0,0,0,0,2,0,2,0,0,2,2,2,0,0,2,2,2,2,0,2,0,0,2,0,0,0,2,0,2,0,2,0,0,0,0,2,2,0,0,2,0,2,0,0,2,0,2,0,0,2,2,0,0,0,0,2,0,2,0,0,0,0,0,0,2,2,0,0,0,0,0,2,0,0,0,0,0,0,0,0,0,2,0,2,0,0,0,0,2,2,0,0,0,0,0,2,0,0,0,0,0,2,2,0,0,0,NA,0,0,0,0,0,2,2,0,2,0,0,2,2,2,0,2,0,0,0,0,0,0,0,2,0,2,0,0,0,0,0,2,2,0,2,2,2,0,0,2,2,2,0,2,0,0,0,0,0,2,0,0,0,2,0,0,0,0,2,0,0,0,2,0,0,2,2,0,0,2,2,2,0,2,0,0,0,0,0,0,0,0,0,2,0,0,0,0,0,0,0,0,0,0,0,0,0,0,0,0,0,0,0,2,0,0,2,0,0,0,0,0,2,0,0,2,0,2,0,0,2,0,0,0,0,2,0,0,2,0,0,0,0,0,0,2,2,0,0,0,2,0,0,0,0,0,0,2,0,0,0,0,0,0,2,0,0,0,0,0,0,0,0,0,0,2,0,0,2,0,0,0,0,0,0,0,0,0,0,0,2,0,0,0,0,0,0,0,2,0,2,0,0,0,0,0,0,0,0,0,2,0,0,2,0,0,0,0,0,0,0,0,0,2,0,2,0,0,0,0,0,0,0,0,0,0,0,0,0,0,0,0,0,0,0,0,0,0,0,0,0,0,0,2,0,2,0,0,0,0,0,0,0,0,0,0,0,2,2,0,2,0,2,0,2,0,0,2,0,0,0,2,0,0,2,2,0,2,0,2,0,NA,0,0,0,2,2,0,0,0,0,2,0,2,0,0,0,2,0,0,2,0,0,2,2,2,0,0,0,2,0,0,0,2,0,2,0,0,0,0,0,0,2,0,0,0,0,0,0,0,0,0,0,0,0,2,0,2,0,0,0,0,0,0,0,0,0,0,0,0,0,0,2,0,0,0,2,0,0,0,0,0,0,0,0,0,2,0,0,0,0,0,0,0,2,0,2,2,0,0,0,0,0,0,2,0,0,0,2,2,0,2,0,0,0,2,0,0,0,0,0,0,0,2,2,0,0,0,0,0,0,0,0,2,0,0,0,0,0,NA,0,0,0,0,0,0,0,0,0,2,0,0,0,0,0,0,0,0,0,0,0,0,0,0,0,0,0,0,0,0,0,0,0,0,0,0,2,2,0,0,0,0,0,0,0,0,0,0,0,0,0,0,0,0,0,0,0,0,0,2,0,0,2,0,0,0,2,0,0,0,0,0,2,2,0,0,0,0,0,0,0,0,0,0,0,2,0,0,0,2,0,0,0,0,2,0,0,0,0,0,0,0,0,0,0,2,0,2,0,0,2,0,0,0,0,0,0,0,0,2,0,0,0,0,0,0,2,0,0,0,0,2,0,0,0,0,2,0,2,0,0,0,0,0,2,0,2,2,0,0,0,2,0,2,0,0,0,0,0,2,0,0,2,0,2,0,2,0,0,0,0,0,0,0,0,0,0,0,0,0,0,0,2,2,2,0,0,0,2,0,2,2,0,2,0,0,0,0,0,2,2,0,0,0,0,0,0,0,0,2,2,2,0,0,0,0,0,0,0,2,0,2,0,0,2,0,2,0,0,0,0,0,0,0,2,0,2,2,2,0,0,0,0,0,0,0,0,0,0,0,0,0,0,2,0,0,0,0,0,0,0,2,0,0,0,0,0,0,0,0,0,0,0,0,0,0,0,0,0,0,0,0,2,0,0,0,2,0,2,2,0,0,0,0,0,0,0,0,0,2,2,0,0,0,2,0,2,0,0,2,0,0,0,0,0,0,0,0,0,0,2,0,0,0,0,0,2,0,0,2,0,0,0,0,0,0,0,0,0,0,0,2,0,0,0,0,0,0,0,2,2,0,2,0,0,0,0,0
"CC202",2,0,0,0,2,0,0,2,0,2,0,0,0,0,0,0,0,0,0,0,0,0,0,2,2,0,0,0,0,2,0,0,0,0,0,0,0,0,0,2,0,0,0,0,0,0,0,0,0,0,0,0,0,0,0,0,0,0,2,0,0,0,2,0,0,0,0,0,0,0,2,0,0,0,2,0,0,0,2,0,2,0,0,0,0,0,2,0,0,0,2,2,0,0,0,2,0,0,0,0,2,0,0,0,0,2,2,0,2,2,0,0,0,0,0,0,0,2,0,0,0,0,0,0,0,0,2,0,0,0,2,0,0,2,0,0,0,0,2,2,0,2,2,0,0,0,0,0,0,2,0,0,0,0,2,0,0,0,0,0,NA,0,0,0,0,2,0,2,NA,2,0,0,2,2,0,0,0,0,0,0,0,2,0,0,2,0,2,0,0,2,0,0,2,0,0,0,0,0,0,0,0,0,0,0,0,0,0,0,0,0,0,0,0,0,0,2,0,0,2,0,2,0,0,0,2,0,0,2,0,0,0,0,0,0,0,0,0,0,0,0,2,0,0,0,0,2,2,0,0,2,0,0,0,0,0,0,0,2,0,0,0,0,0,0,2,2,2,0,0,0,0,0,0,2,0,2,0,2,0,0,0,0,0,0,0,0,0,0,0,0,0,0,0,0,0,2,0,0,2,2,0,2,0,0,2,0,0,0,0,0,0,0,0,0,2,0,0,0,0,0,0,0,2,0,0,0,0,0,0,0,0,2,0,2,2,2,2,2,0,0,2,0,2,0,0,0,0,2,0,0,0,2,0,0,0,0,0,0,0,0,0,0,2,2,0,0,0,0,0,0,0,2,0,0,0,0,0,0,0,0,0,0,0,0,0,2,0,2,0,0,2,2,0,2,2,2,2,0,0,0,0,0,0,0,0,0,0,0,2,2,0,0,0,0,0,0,2,0,0,2,0,0,0,0,0,0,0,0,2,2,0,0,0,0,0,0,0,0,2,0,0,0,0,0,2,0,2,0,2,0,0,0,2,0,0,0,0,0,0,0,0,0,0,0,0,0,2,2,0,0,NA,0,0,2,0,2,0,2,0,2,0,2,0,0,0,2,2,0,2,0,0,2,0,0,0,0,0,0,0,2,0,0,0,0,0,0,0,0,0,0,0,0,2,0,0,0,0,0,0,0,2,0,0,0,0,0,0,2,0,0,0,0,2,0,0,2,0,0,0,2,0,0,0,0,2,0,0,0,0,2,0,0,0,2,0,0,0,0,2,0,0,2,2,0,0,0,0,0,0,2,0,0,0,0,0,0,2,0,0,2,0,0,0,0,0,0,0,0,0,2,0,0,0,0,0,0,2,0,0,2,0,0,0,2,0,0,2,0,2,0,0,0,0,0,0,0,2,0,2,0,2,0,0,0,0,0,0,0,0,0,0,0,0,0,0,0,0,0,0,0,0,0,2,0,2,0,2,2,0,0,0,0,0,0,2,0,2,0,0,0,2,0,0,0,0,0,2,0,0,0,0,0,2,0,0,0,0,2,0,0,0,0,0,0,0,0,0,0,0,0,2,0,0,0,2,0,2,2,2,2,0,2,0,0,0,0,0,0,2,0,0,0,0,0,0,0,0,0,2,0,0,2,0,0,0,0,0,0,0,0,2,0,0,0,0,2,0,0,0,0,0,0,0,0,0,0,0,0,0,0,0,0,0,0,2,0,0,0,2,0,2,0,0,0,0,0,0,0,0,0,2,0,0,2,0,0,0,0,0,0,0,2,0,0,0,0,0,0,0,0,0,0,0,0,0,0,2,0,0,0,2,0,0,2,0,0,0,0,0,0,0,0,0,0,0,0,0,0,NA,0,0,0,0,0,0,0,2,0,0,0,2,2,0,0,0,0,2,0,0,0,0,0,0,0,0,0,0,2,0,2,0,0,0,2,2,0,0,0,2,0,0,0,0,0,0,0,0,0,0,0,2,2,0,0,2,2,0,0,0,0,0,2,0,0,0,0,0,0,0,2,0,0,0,0,0,0,0,0,2,0,0,0,0,0,2,0,2,0,0,0,0,0,2,0,0,0,0,0,0,0,0,0,0,0,0,0,0,0,0,0,2,0,0,0,0,0,0,0,2,0,0,2,NA,0,0,0,0,0,0,2,2,0,0,0,0,0,2,0,0,0,0,0,2,0,0,0,0,0,0,0,2,0,0,0,0,0,0,2,0,0,2,0,0,0,2,0,0,0,0,2,2,0,0,0,0,0,0,2,0,0,0,2,2,0,0,0,0,0,2,0,0,0,0,0,0,2,0,0,0,0,0,0,0,0,0,0,0,0,0,0,0,0,0,2,0,0,0,0,0,0,0,0,0,0,0,0,0,0,2,0,0,2,0,2,0,0,0,0,2,0,0,0,0,0,0,0,0,2,0,0,2,0,0,0,0,2,0,0,0,0,2,0,0,0,0,0,2,0,0,0,0,0,0,0,0,2,0,0,0,0,0,0,0,0,0,0,0,2,2,0,2,0,0,0,0,0,0,0,0,2,0,0,0,2,0,0,0,0,0,0,2,0,2,2,0,0,0,0,0,0,0,0,0,0,2,0,0,0,2,2,0,0,0,0,0,0,0,0,0,2,2,2,2,0,0,0,0,0,2,0,0,0,0,0,0,0,0,0,0,0,0,0,0,0,0,2,0,0,0,0,0,0,0,0,2,0,0,0,0,2,0,0,0,0,0,0,0,0,0,0,0,0,2,0,0,0,0,0,0,0,0,0,0,2,0,2,2,2,0,0,0,0,2,0,0,0,0,0,0,0,2,2,0,0,0,0,0,0,0,0,0,0,0,0,2,2,0,0,0,0,0,0,0,0,0,2,2,0,0,0,0,0,0,0,0,0,0,0,0,2,0,0,2,0,0,0,0,0,2,2,0,2,0,0,0,0,0,2,2,0,0,0,0,2,0,0,2,0,0,2,2,0,0,0,0,0,2,0,0,0,0,0,0,0,0,2,2,0,2,2,0,0,2,0,2,0,0,0,0,0,0,2,2,0,2,0,2,0,0,0,0,0,2,2,2,0,0,0,0,0,0,0,0,0,0,0,2,0,2,0,0,0,2,0,0,0,2,0,2,0,0,0,0,2,0,2,0,0,2,0,0,0,2,0,2,0,2,0,0,2,0,2,0,2,2,2,0,2,0,0,NA,0,0,2,2,0,0,NA,0,0,2,0,0,0,0,0,2,0,0,0,0,0,0,2,0,0,2,0,2,0,0,0,2,0,0,0,0,0,0,2,NA,0,2,2,2,0,2,0,0,2,0,0,0,0,2,2,0,0,0,2,0,0,2,0,2,2,0,0,2,0,0,0,0,0,NA,0,0,0,0,0,0,0,0,0,0,0,0,0,2,0,0,0,0,0,2,0,0,0,0,0,0,0,0,2,0,0,0,2,0,0,2,2,2,0,0,2,0,2,2,0,0,2,0,0,0,0,0,0,0,0,0,0,0,0,0,0,0,0,0,0,0,0,0,0,0,0,0,0,0,2,0,0,0,0,2,0,0,2,0,2,0,0,0,2,0,0,0,2,0,0,2,0,0,0,2,2,0,0,0,0,0,2,0,0,2,0,0,0,0,0,0,0,0,0,2,0,0,2,0,0,0,0,2,0,2,0,0,2,0,NA,0,0,2,0,0,0,2,0,0,0,0,0,2,0,0,0,0,0,0,0,0,0,0,0,2,0,0,0,0,0,2,2,0,0,0,2,0,2,0,0,0,0,0,0,2,0,0,0,0,0,0,2,0,2,0,0,2,0,0,2,0,0,0,0,0,2,0,0,0,2,2,0,2,0,0,0,2,0,0,0,0,0,0,0,2,0,0,2,2,0,0,2,0,0,0,0,0,0,0,2,2,0,0,0,2,0,0,0,0,2,0,0,0,0,NA,0,0,0,0,0,0,0,2,0,2,0,0,2,2,2,0,0,0,0,0,0,0,0,0,0,0,0,0,0,0,0,2,0,0,0,2,2,0,0,0,0,0,0,0,0,0,0,0,0,0,0,0,0,0,0,2,0,2,2,0,2,0,0,0,2,0,0,0,0,2,0,2,0,2,0,2,0,2,0,0,0,0,0,0,0,0,0,0,2,0,2,0,0,0,0,0,0,0,2,0,0,0,0,0,0,2,0,0,0,2,0,2,0,0,0,2,0,0,0,0,0,0,0,0,0,0,0,0,0,0,0,0,0,2,0,0,0,0,0,0,0,0,0,2,0,2,0,0,0,0,0,0,0,0,2,0,0,0,2,2,0,2,0,0,0,0,0,0,0,2,0,0,0,0,0,2,0,0,0,0,0,0,2,0,0,0,2,2,2,0,0,0,0,0,0,0,0,2,0,2,0,2,2,0,0,0,0,0,0,0,0,0,0,0,0,0,2,0,0,2,0,0,0,0,0,0,0,0,0,0,0,0,0,0,0,0,0,0,0,0,0,0,0,0,0,0,0,0,0,0,0,0,0,0,0,0,0,0,0,0,0,0,0,0,0,0,2,0,0,0,2,0,0,2,2,0,0,0,2,0,0,0,0,0,2,2,0,0,0,0,0,0,0,0,0,0,0,0,0,2,0,0,0,2,2,0,0,0,2,0,0,0,0,0,0,0,0,0,0,0,0,2,2,0,0,2,0,0,0,0,2,0,2,0,0,0,0,2,2,0,0,0,0,0,0,0,0,0,0,0,0,2,0,0,0,0,0,2,0,0,0,0,2,0,2,0,0,0,2,0,NA,0,0,2,0,0,2,2,2,0,0,2,0,2,0,2,0,2,0,0,0,0,0,0,2,2,0,0,2,0,0,0,2,0,2,0,0,0,2,0,0,0,2,0,0,0,2,0,2,0,0,0,0,0,2,0,0,2,0,0,2,0,0,0,2,0,0,0,0,2,0,2,0,0,0,0,2,0,0,0,0,0,2,0,0,0,0,0,0,0,0,0,0,0,0,2,0,0,2,2,0,0,0,2,0,0,0,0,0,0,2,0,0,0,0,0,0,0,0,0,2,0,0,2,0,0,2,2,0,0,0,0,0,0,0,0,0,2,0,0,2,0,0,0,0,0,0,0,0,0,2,0,0,0,0,0,0,0,0,0,0,0,0,2,2,0,0,0,0,2,0,0,0,0,0,0,0,2,2,0,0,0,0,0,0,0,0,0,0,0,0,2,2,2,0,0,0,0,0,2,0,0,2,0,0,0,0,0,0,2,0,0,0,2,0,0,0,0,0,0,0,0,0,NA,0,0,0,0,0,0,0,0,0,0,0,0,0,0,0,0,0,0,0,0,0,2,0,0,2,0,0,0,0,0,0,0,0,0,0,0,0,0,0,0,0,0,0,2,NA,2,0,0,2,2,0,2,0,0,0,0,0,0,0,0,0,0,0,2,0,0,2,0,2,0,0,0,0,2,2,2,2,0,0,0,0,0,0,0,2,0,2,0,0,2,0,0,0,0,0,0,0,2,0,0,0,0,0,0,0,0,0,0,0,2,0,0,0,0,2,0,0,0,0,0,0,0,0,0,0,0,2,0,2,0,0,0,2,0,2,2,0,2,0,0,2,2,2,0,2,0,0,0,0,0,0,0,2,0,0,0,2,0,0,0,2,0,0,0,0,0,0,0,0,2,0,0,0,2,0,0,2,0,0,0,0,0,0,0,2,0,0,0,0,0,0,0,0,0,0,0,0,2,0,0,0,0,0,2,0,0,0,0,0,0,0,0,0,0,0,0,0,0,0,0,0,0,0,0,0,0,0,0,0,0,0,0,2,0,0,0,0,0,0,0,0,0,0,2,0,0,0,2,0,0,0,0,2,0,0,2,0,0,0,2,0,0,0,0,2,0,0,0,0,0,0,0,2,2,0,0,0,0,2,0,0,0,0,0,0,0,0,0,0,0,0,0,0,0,0,0,0,2,0,2,0,0,0,2,2,0,0,0,0,0,2,0,0,2,2,0,0,2,0,0,0,0,0,2,0,0,0,2,0,0,0,0,0,0,2,0,2,0,0,0,0,NA,2,0,0,0,0,0,2,0,0,0,0,2,0,0,0,0,0,0,0,2,2,0,0,0,0,0,0,0,0,2,0,0,0,0,0,0,0,2,2,2,0,2,0,0,0,0,0,0,0,0,0,2,0,0,0,0,0,0,0,2,0,2,0,2,0,0,0,0,0,0,0,0,0,0,0,2,0,0,2,2,0,2,0,0,0,0,0,0,2,0,0,0,0,0,0,0,2,0,0,0,0,0,0,0,0,0,0,0,0,0,0,0,0,2,0,0,0,0,0,0,0,0,0,0,0,2,2,0,0,0,0,0,0,0,2,0,2,0,0,0,0,2,2,0,0,0,0,0,0,0,0,2,0,0,0,0,0,0,2,0,0,0,0,0,0,0,0,0,0,0,0,0,0,0,2,0,0,0,0,0,0,0,2,2,0,0,0,0,2,2,0,2,0,0,0,0,2,0,0,0,2,0,0,0,0,0,2,0,0,2,2,0,0,0,0,0,0,0,0,2,0,0,0,2,0,0,0,0,2,0,0,2,0,0,0,0,0,2,0,0,0,0,0,2,2,0,0,2,0,0,0,0,2,2,2,0,2,2,0,2,2,2,0,0,2,2,0,0,2,0,0,0,2,0,2,0,0,0,0,0,0,2,0,0,0,0,2,2,0,0,0,2,0,0,0,0,0,0,0,2,0,0,0,0,0,0,2,2,0,0,0,0,0,0,0,0,0,0,0,0,0,0,0,0,0,0,0,2,2,2,0,0,0,2,0,0,0,0,0,2,2,NA,0,0,0,0,2,0,0,0,0,0,0,0,2,0,0,0,2,2,0,0,0,0,2,0,0,0,0,0,0,0,0,0,0,0,0,0,0,2,0,0,0,0,0,0,2,0,0,0,0,0,0,0,0,0,2,0,0,0,0,0,2,0,0,0,2,2,0,2,2,2,0,0,0,0,0,0,0,0,0,0,2,0,0,2,0,0,0,0,0,0,0,0,0,0,0,0,0,0,0,0,0,0,0,0,0,2,0,0,0,0,2,0,0,0,0,0,0,0,0,0,0,0,2,0,0,0,0,0,0,0,2,0,0,0,0,0,0,2,0,0,0,2,0,0,2,0,0,0,0,0,2,0,0,0,0,2,0,0,0,0,0,0,0,0,0,0,0,0,2,0,0,0,2,0,0,0,2,0,0,0,0,0,0,0,2,0,0,0,0,0,0,0,0,0,0,0,0,0,0,0,0,0,0,0,0,2,0,0,0,0,0,0,0,0,0,0,0,0,0,0,0,0,0,0,0,0,0,0,0,0,2,0,0,0,0,0,0,0,0,0,0,0,0,0,0,0,2,0,0,0,0,0,0,0,0,0,0,0,0,0,0,0,0,0,0,2,2,0,0,0,2,0,0,0,0,0,0,0,0,0,0,0,0,2,0,0,0,0,0,0,0,0,0,0,0,2,2,0,2,0,0,0,2,2,2,0,0,0,0,0,0,0,0,0,0,0,0,0,2,0,0,0,0,2,0,2,0,0,0,0,0,0,0,0,0,0,0,0,0,0,0,0,0,0,2,0,2,0,0,2,0,0,0,0,0,0,0,0,0,0,0,0,0,0,0,0,0,0,0,0,0,0,0,0,0,0,0,0,0,0,0,0,2,0,0,0,0,0,0,0,0,2,0,0,0,0,0,0,0,2,0,0,2,0,0,0,0,0,0,0,0,2,0,2,0,0,0,0,0,0,0,2,0,0,0,2,0,0,0,0,0,0,0,0,0,0,0,0,0,0,0,0,0,0,0,0,0,0,0,0,0,0,0,0,0,0,0,0,0,0,0,0,0,0,0,0,2,0,2,2,2,0,2,2,0,0,0,0,0,0,0,0,2,0,0,0,2,2,2,0,0,0,0,0,0,2,2,NA,0,0,0,2,0,0,0,0,0,0,0,0,0,0,0,0,0,0,0,0,2,0,0,0,0,0,0,0,0,0,0,0,0,0,0,0,0,0,0,0,0,0,0,0,0,0,0,0,0,0,0,0,0,0,2,0,0,2,0,0,0,0,0,0,0,2,2,0,0,0,0,2,0,0,0,0,2,0,0,0,2,0,0,0,0,0,0,0,0,0,0,0,0,0,0,0,0,0,2,0,2,0,0,0,0,0,0,0,0,0,0,0,0,2,0,0,0,0,0,0,0,0,2,0,2,2,2,0,0,0,0,0,0,0,0,0,0,0,0,2,0,0,2,NA,0,0,0,0,0,0,2,0,0,0,0,0,0,0,2,0,0,0,0,0,0,0,0,0,0,0,0,0,0,0,0,0,0,0,0,0,0,0,0,2,0,0,0,0,0,0,0,0,0,0,0,0,0,0,0,2,0,0,0,0,0,0,2,0,0,0,0,0,0,0,0,0,0,0,0,0,0,0,2,2,0,2,0,2,0,0,2,0,0,0,2,0,0,0,0,0,0,2,0,0,0,0,0,0,0,0,0,0,0,2,0,0,0,0,0,0,0,0,0,0,0,2,0,0,0,0,2,0,0,0,0,0,0,0,0,2,0,0,0,0,0,2,0,2,0,2,0,2,0,2,2,0,0,0,0,2,0,0,0,2,0,0,0,2,2,2,2,2,0,0,0,0,0,0,0,0,0,0,0,0,0,0,0,0,0,0,0,0,0,0,0,2,0,0,0,0,2,0,2,0,0,0,0,0,0,2,0,0,2,0,0,0,0,0,0,0,2,0,0,0,0,2,0,0,0,2,0,0,0,0,0,0,0,0,0,0,0,0,0,2,0,0,0,0,0,0,0,0,0,0,0,0,0,2,0,0,0,0,0,0,0,2,2,0,2,0,0,0,2,0,0,0,0,0,0,0,2,0,2,0,2,2,2,0,2,0,0,2,0,0,0,0,0,0,0,0,2,0,0,2,2,2,0,2,2,0,2,2,2,0,0,2,0,0,0,0,0,2,2,2,0,0,0,0,2,0,2,0,0,0,2,2,0,0,2,0,0,0,0,0,0,0,2,0,0,2,0,0,0,2,0,0,0,0,2,0,0,0,2,0,2,0,2,0,0,0,0,0,0,0,0,2,0,2,0,2,0,0,0,0,0,0,0,0,0,2,0,2,2,0,2,0,0,0,0,0,0,0,0,0,0,0,0,0,0,0,0,2,0,0,0,0,2,0,0,0,0,2,2,0,0,0,0,0,0,0,0,2,0,0,2,0,0,2,0,0,0,0,0,0,NA,2,0,0,0,0,0,0,0,0,0,0,0,2,0,0,0,0,0,2,2,0,0,0,0,2,0,2,2,0,0,0,0,2,0,0,2,2,0,0,0,0,2,NA,0,0,0,0,0,0,0,0,0,0,0,0,0,2,0,0,0,0,0,0,0,2,0,0,0,0,0,0,0,0,0,0,2,0,0,0,0,2,0,2,0,0,0,0,0,0,0,0,0,0,0,0,0,0,0,0,NA,2,2,0,0,0,2,0,0,0,2,0,0,0,2,0,0,0,2,0,0,2,0,0,0,0,2,2,0,0,2,2,2,0,0,2,0,0,0,0,0,2,0,0,0,2,0,0,0,0,0,0,0,2,0,2,0,0,0,0,0,0,0,2,2,0,0,0,0,0,2,0,0,0,2,0,0,2,0,0,0,0,2,0,0,0,0,0,0,0,0,0,2,0,0,2,0,0,0,0,0,0,0,2,0,0,0,0,0,2,0,2,0,0,2,0,2,0,0,2,0,0,0,0,0,0,2,0,2,0,0,0,0,0,2,0,0,0,0,0,0,2,0,0,0,0,0,0,0,0,0,0,2,0,0,0,0,0,0,0,0,0,0,0,0,0,0,0,0,0,0,0,0,0,2,0,0,0,0,0,0,2,0,0,0,2,2,0,2,0,0,0,2,2,2,0,0,2,0,0,0,0,0,0,2,2,0,0,0,0,0,0,0,2,0,0,0,0,0,0,0,0,0,2,0,0,2,0,0,0,0,0,0,0,0,2,0,2,2,2,0,0,0,0,0,2,0,0,2,0,0,0,0,0,2,2,0,2,0,0,0,2,2,2,0,0,0,0,2,2,0,0,0,0,2,2,0,0,0,0,0,0,2,0,2,2,0,0,2,2,0,0,0,0,0,0,0,0,0,0,0,0,0,0,0,2,0,2,2,0,2,0,0,0,0,0,2,0,0,2,0,0,0,0,0,2,0,2,0,0,0,0,2,0,0,0,0,2,0,0,0,0,0,0,2,2,0,2,0,0,0,0,0,2,0,2,0,2,NA,0,0,0,0,0,0,0,2,2,0,0,0,0,0,0,2,0,0,2,0,2,0,0,2,0,0,2,0,0,0,0,0,0,0,0,0,0,0,0,0,0,2,2,0,2,0,0,0,0,0,0,0,0,0,0,0,0,0,2,2,0,0,2,0,0,2,0,2,0,0,0,2,0,2,NA,2,2,0,2,0,0,2,0,0,0,0,0,2,2,0,0,0,0,0,0,0,0,0,0,0,0,0,0,0,0,0,0,2,0,0,0,0,0,0,2,0,2,0,0,0,0,0,0,0,0,0,0,0,0,2,0,2,2,0,0,0,0,2,2,0,0,0,0,0,2,0,2,0,NA,0,0,0,0,0,0,0,0,0,0,0,0,0,0,0,0,2,0,0,2,0,0,2,2,2,2,0,0,2,2,0,2,NA,0,2,2,0,0,2,2,0,2,2,2,2,2,0,0,0,0,2,0,0,2,0,2,0,0,0,0,0,0,0,0,0,2,0,0,0,0,0,0,2,0,2,0,0,2,2,2,0,0,0,2,2,0,2,2,2,2,0,0,2,2,0,2,0,0,0,0,2,0,0,2,0,0,0,0,0,0,0,0,0,2,0,0,0,0,0,0,0,0,0,0,0,0,0,2,0,0,0,0,2,0,2,0,0,2,0,0,0,2,0,0,0,0,0,0,0,0,0,0,0,0,0,0,0,2,0,2,0,0,0,0,2,2,0,0,2,2,0,0,0,0,0,2,0,2,0,0,0,2,2,2,2,0,2,0,0,2,0,0,0,0,0,0,0,2,0,2,0,0,2,2,0,0,0,2,0,0,2,0,0,0,0,0,0,0,2,0,0,0,0,0,0,0,0,2,0,0,0,0,0,0,0,0,0,0,0,0,0,2,0,0,0,2,0,2,0,0,0,0,0,0,0,0,0,0,0,0,0,0,2,0,0,0,2,2,0,0,2,0,0,0,0,0,0,0,0,0,0,0,0,0,0,2,2,0,0,0,0,0,0,0,0,2,0,0,0,0,0,0,0,0,0,0,0,0,0,0,2,0,2,0,0,0,0,2,0,2,0,0,0,0,0,0,0,0,0,0,2,0,2,0,0,2,0,2,2,0,2,0,2,2,0,0,0,0,0,0,0,0,0,0,0,0,2,0,0,0,0,0,2,0,0,0,0,0,0,0,0,0,2,0,0,0,0,0,0,2,0,0,0,0,0,2,2,0,0,2,0,0,0,0,0,0,2,0,0,0,0,2,2,0,0,0,0,0,0,0,0,0,0,0,2,0,0,2,0,0,0,0,0,2,0,0,0,0,0,2,0,0,0,0,0,0,0,2,0,0,0,0,0,0,0,0,0,0,2,2,0,0,0,0,0,0,0,0,2,2,0,2,0,2,2,0,0,2,0,0,0,0,2,0,0,2,2,2,0,2,2,0,2,0,0,2,0,0,2,0,2,2
"CC203",0,0,0,0,0,0,2,0,0,0,0,0,0,0,2,0,0,0,0,0,0,NA,0,0,2,0,0,0,2,2,0,0,0,0,2,0,0,0,2,0,2,0,0,0,0,0,0,0,0,0,0,0,0,0,0,0,0,0,0,0,0,0,0,0,2,2,0,0,0,0,0,0,0,0,0,0,0,0,0,2,0,0,0,0,0,2,0,0,0,0,0,0,0,0,2,0,0,0,0,0,0,0,2,2,2,0,0,0,0,0,0,2,0,0,0,0,0,0,0,2,0,0,2,0,0,0,0,0,2,0,2,0,0,2,0,0,0,0,0,0,0,0,0,0,0,0,0,0,0,0,2,0,0,0,0,2,0,2,0,2,0,0,0,0,0,0,0,0,2,0,0,0,0,0,2,0,0,0,2,2,2,0,0,0,2,0,0,0,0,2,0,2,2,0,2,0,2,2,0,0,0,0,0,0,0,0,0,0,0,0,0,0,0,0,0,2,2,2,0,0,0,0,0,0,0,2,0,0,0,0,0,0,0,2,0,0,0,0,0,0,0,0,0,0,0,0,0,0,0,0,0,0,0,0,0,0,0,0,0,0,2,0,0,0,0,0,0,0,0,0,0,0,0,0,2,0,2,2,2,0,2,0,0,2,0,0,0,0,0,0,0,2,2,0,0,0,0,0,0,0,0,0,0,2,0,0,2,0,2,0,0,0,0,0,0,0,0,2,0,0,0,0,0,0,0,0,0,2,2,0,0,0,0,0,0,0,2,0,2,0,2,2,2,0,0,0,0,2,0,0,0,0,0,0,0,0,0,0,0,0,0,0,2,0,2,0,0,0,0,2,0,0,0,0,0,0,0,0,0,0,0,0,2,0,0,2,2,0,2,0,2,2,0,0,0,0,0,0,0,0,0,0,2,2,0,2,0,0,0,0,0,0,0,0,0,0,0,2,0,0,0,2,2,0,0,0,0,0,0,2,0,0,2,0,0,0,0,0,0,0,0,0,0,0,0,2,0,0,0,2,0,0,0,0,2,2,0,2,2,2,2,2,0,0,0,0,0,0,0,0,0,2,2,0,0,0,0,0,0,0,0,0,0,2,0,0,0,2,0,0,0,0,0,0,0,0,0,0,0,0,0,0,0,2,2,0,0,0,0,2,0,0,0,0,0,0,0,0,0,2,0,0,2,0,0,0,0,0,0,0,2,0,0,0,2,0,0,0,0,0,2,2,0,2,0,0,2,0,0,0,2,0,0,0,0,2,0,0,0,0,0,2,0,0,0,0,0,0,0,0,0,0,0,0,2,0,2,0,2,2,2,2,0,0,0,0,0,0,2,2,0,2,0,2,0,0,0,0,2,0,0,0,0,2,0,0,0,0,0,0,0,0,0,0,0,0,0,0,0,0,0,0,0,0,NA,2,0,0,0,0,0,0,0,2,2,0,0,0,0,2,0,0,0,0,0,0,0,0,0,0,0,0,0,0,0,0,2,0,0,2,0,0,0,2,2,2,0,0,2,2,0,0,0,0,0,2,2,0,0,0,0,0,2,0,2,0,0,0,2,0,0,0,0,0,0,0,0,2,2,2,0,0,0,0,0,0,0,0,2,0,0,0,2,0,0,2,0,0,0,0,0,0,0,2,0,0,0,0,0,0,0,0,0,0,0,0,0,0,0,0,0,0,0,0,0,0,2,2,2,2,0,0,2,0,0,0,0,0,2,0,0,0,0,0,0,0,0,0,2,0,0,0,0,0,0,0,0,2,0,0,0,0,0,0,0,0,0,2,2,0,2,0,0,0,0,2,0,0,0,0,0,0,0,2,0,2,0,2,2,0,0,0,0,0,0,0,0,0,2,0,0,0,0,2,0,2,0,2,0,0,0,0,0,0,0,0,0,0,0,0,0,2,0,2,0,0,0,0,0,0,2,2,2,0,0,0,0,0,0,2,0,0,0,0,2,0,0,2,0,0,0,0,0,2,0,0,2,0,0,0,0,0,0,0,2,2,0,0,0,0,0,0,0,0,0,0,0,0,0,0,0,0,2,0,0,0,0,0,0,0,0,2,0,0,0,0,0,0,0,2,0,2,2,2,0,0,2,2,0,0,0,2,0,2,2,2,0,0,0,0,0,0,0,0,2,0,0,0,2,0,0,2,0,0,0,0,0,0,0,0,0,0,0,0,0,0,0,0,0,2,0,0,0,0,0,0,0,2,0,0,0,0,0,0,0,0,2,2,0,0,2,2,2,0,0,0,2,0,0,0,0,0,0,0,0,0,0,2,2,0,2,0,0,0,0,0,0,2,0,0,0,0,0,0,0,0,2,0,2,2,2,0,0,0,0,0,2,2,0,0,0,0,0,0,0,2,0,0,2,0,0,0,0,0,0,0,2,0,2,0,0,0,0,0,0,0,0,2,0,0,0,0,0,0,0,2,0,0,0,0,0,0,0,0,0,2,0,0,0,0,0,0,2,2,0,0,0,0,0,0,0,0,0,0,0,0,NA,0,0,0,0,0,0,0,0,0,0,0,0,0,0,0,0,0,2,NA,0,2,0,0,2,0,0,0,2,0,0,2,2,0,0,0,0,2,0,0,0,2,0,0,0,0,0,0,0,0,0,0,0,2,2,2,0,0,0,2,0,0,0,2,0,0,0,0,2,0,0,0,0,0,2,0,0,0,0,0,0,0,0,2,0,0,0,0,0,0,0,0,0,0,0,2,0,0,0,NA,0,0,2,2,0,0,0,0,NA,0,0,0,0,0,0,2,0,0,0,0,0,2,0,0,0,0,0,0,0,0,2,0,0,0,2,2,0,0,2,0,2,0,2,0,2,0,0,0,0,0,2,0,0,0,0,0,0,0,0,0,0,0,0,0,0,0,0,2,0,0,0,0,2,2,0,2,0,0,0,0,0,0,0,0,0,0,0,0,2,0,0,0,0,0,0,0,0,0,2,2,0,0,0,0,0,0,0,0,0,0,0,0,2,0,0,0,2,0,0,0,2,0,0,0,0,2,0,0,0,0,0,0,0,2,0,0,0,2,0,0,0,0,0,0,0,0,0,0,0,0,0,2,0,0,0,0,0,0,0,0,0,0,2,0,NA,0,0,0,0,0,2,0,0,0,0,0,0,0,2,0,0,0,0,2,0,0,0,0,0,0,0,0,2,2,0,0,0,0,0,0,0,0,0,0,2,0,0,2,2,0,0,0,0,0,0,0,0,0,2,0,2,2,0,2,0,0,0,0,0,2,0,0,0,2,0,2,0,0,0,0,0,0,0,0,2,0,2,0,2,0,0,0,0,2,0,0,0,0,2,2,0,0,0,2,0,0,0,0,2,0,0,0,2,0,0,0,0,0,2,0,0,0,0,0,0,0,0,0,0,0,0,0,2,0,0,0,0,0,2,0,0,0,0,0,0,0,0,2,0,2,2,2,0,0,0,0,0,0,0,2,2,0,0,2,0,0,0,0,0,0,0,0,0,0,0,0,0,0,0,2,0,0,0,0,2,0,0,0,0,0,0,0,0,2,0,0,0,0,2,2,0,2,0,0,0,2,0,0,0,0,0,0,0,0,0,2,0,2,0,0,0,0,0,0,0,0,0,0,0,0,0,0,0,0,0,0,0,0,0,0,0,0,0,2,0,0,0,0,0,0,0,0,2,0,0,0,0,0,0,0,2,0,0,0,0,0,0,0,0,0,0,0,2,0,0,2,0,0,0,0,0,2,0,0,2,0,0,0,0,0,0,2,0,0,0,2,0,0,0,2,0,0,0,0,2,0,2,0,0,0,0,0,0,0,0,0,0,0,0,2,2,0,0,0,0,0,0,0,0,0,2,2,0,0,0,0,0,0,0,0,0,0,0,0,0,0,0,2,2,2,0,0,0,2,2,0,2,0,0,0,0,0,0,0,0,0,0,0,0,2,0,0,0,0,0,0,0,0,0,2,2,0,0,0,0,0,0,0,0,0,2,0,0,0,0,2,0,0,0,0,0,0,0,0,0,0,0,2,0,0,0,0,0,0,0,0,0,0,0,0,0,0,2,0,0,0,0,0,0,0,0,2,NA,2,0,0,0,0,0,2,2,0,0,0,0,0,0,0,0,0,0,0,0,0,2,0,0,0,0,2,0,0,0,0,0,2,0,2,0,0,0,0,2,0,0,0,0,0,0,0,0,0,0,0,0,0,0,2,0,2,0,0,2,0,0,0,0,0,2,0,0,0,0,0,0,0,0,0,0,0,0,0,0,0,0,0,0,0,0,0,2,2,0,0,0,0,0,0,0,0,2,0,0,0,0,0,0,0,0,2,0,0,2,0,0,0,0,0,2,0,0,0,2,0,2,0,0,2,0,0,0,0,0,0,0,2,2,0,0,0,2,0,2,0,0,0,2,0,0,0,2,2,2,2,0,0,0,0,2,0,0,0,2,0,0,0,0,0,0,2,2,0,0,0,0,0,0,0,0,0,0,2,0,0,0,0,0,0,0,2,0,0,0,0,2,0,0,0,0,0,0,0,0,0,0,0,0,0,0,0,0,0,0,0,0,0,0,2,0,0,0,0,0,0,0,0,0,0,0,2,0,0,0,0,0,0,0,0,0,0,0,0,0,0,0,0,0,2,0,2,0,0,0,0,0,0,0,0,0,0,0,0,0,0,0,0,0,0,2,0,0,0,0,0,0,0,0,0,0,0,0,0,2,2,2,0,0,0,0,0,0,0,0,0,0,0,0,2,0,0,0,2,0,0,0,0,0,0,0,0,0,0,2,0,0,0,0,0,0,0,0,0,0,0,0,2,0,2,0,2,0,2,0,0,0,0,0,0,0,0,0,0,2,0,2,0,0,2,2,0,0,0,2,0,0,0,0,0,0,0,0,0,0,0,2,0,2,2,0,0,0,0,0,0,0,2,2,0,0,0,0,2,0,2,2,0,2,0,2,0,2,0,0,0,0,0,2,2,0,0,0,2,0,0,2,0,0,0,0,0,0,0,2,2,2,0,0,0,0,0,0,0,0,0,0,0,0,0,2,2,0,0,0,2,0,2,2,2,2,2,0,0,0,0,0,0,0,0,0,0,0,0,0,0,0,0,0,0,2,0,0,0,2,0,2,2,0,0,0,2,0,2,0,0,0,2,0,0,0,0,0,2,0,2,0,0,0,0,0,2,2,0,0,0,0,2,0,2,0,0,0,0,0,0,0,0,0,0,2,2,0,0,2,2,2,0,0,0,2,2,0,0,0,0,0,0,0,0,0,0,0,0,0,0,0,0,0,0,0,0,0,0,0,0,0,0,0,0,0,0,0,0,0,0,0,0,0,0,0,2,0,2,0,0,2,0,0,0,2,2,2,0,0,2,0,0,0,0,0,0,2,0,0,2,0,0,0,0,2,0,0,0,0,0,2,0,0,0,0,0,2,0,0,0,0,2,0,0,0,0,0,0,0,0,0,0,0,0,0,0,0,2,0,0,NA,0,0,2,0,2,0,0,0,0,0,0,0,0,0,0,0,0,0,0,0,0,0,0,0,0,2,0,0,0,0,0,0,0,2,0,2,2,0,2,0,0,0,0,0,0,0,0,0,0,0,0,0,0,0,0,2,0,0,0,0,0,2,0,0,0,0,2,0,0,0,2,2,0,0,0,2,0,2,0,0,0,0,0,0,0,2,2,0,2,NA,0,0,0,0,0,0,2,0,0,2,0,0,0,0,0,0,0,0,0,0,0,0,2,0,0,0,0,0,2,0,0,0,0,0,0,0,0,0,0,0,0,0,0,0,0,0,2,0,0,2,0,2,0,0,2,0,0,2,0,0,2,0,0,0,0,0,0,0,2,2,0,2,0,2,0,0,0,2,0,2,0,0,0,0,0,2,0,0,0,0,0,0,0,2,0,0,0,0,0,2,0,0,2,0,0,0,0,0,2,0,0,0,0,0,0,2,2,0,0,2,0,0,0,0,0,0,0,0,0,2,0,2,0,0,2,0,2,0,0,0,2,2,2,2,2,0,2,0,0,0,2,0,2,0,0,0,2,0,2,0,0,2,0,0,0,0,0,0,2,0,2,0,0,0,0,0,0,0,2,0,0,2,0,0,0,0,0,0,0,0,0,0,0,0,0,0,2,0,0,0,0,2,0,0,0,0,0,0,0,0,0,0,0,0,0,0,0,0,2,0,NA,0,0,0,0,0,0,2,0,0,0,0,0,0,0,2,0,0,0,0,0,0,0,2,0,0,0,0,0,0,0,0,2,0,0,0,2,0,2,0,0,0,0,0,0,0,0,0,0,0,0,0,0,0,0,0,0,0,0,0,0,0,0,0,0,2,0,2,0,0,0,0,2,0,2,0,2,0,0,2,2,0,0,0,0,0,0,0,2,0,2,2,0,0,0,0,0,0,2,0,0,0,2,2,0,0,2,0,2,0,0,0,0,0,2,0,0,2,0,0,0,0,0,0,2,0,2,2,0,0,0,2,0,2,2,0,2,0,0,0,2,0,2,0,0,0,0,0,0,0,2,0,0,0,0,0,0,0,0,2,0,0,0,2,0,0,0,0,0,0,0,0,0,0,0,0,0,0,0,0,0,0,0,0,0,0,0,0,0,0,0,0,0,0,0,2,0,0,0,0,0,0,2,0,0,0,0,0,0,0,0,0,0,0,0,0,0,0,0,2,0,0,0,0,0,0,0,0,2,0,0,2,0,0,2,2,0,0,0,2,0,2,2,0,0,0,0,0,0,0,0,0,0,0,0,0,2,0,0,0,2,0,0,0,0,0,0,0,0,0,0,0,0,0,0,2,0,0,0,0,0,0,0,0,2,0,0,2,0,0,0,0,0,0,2,0,0,0,0,0,0,0,0,0,2,0,0,0,2,0,0,0,0,2,NA,NA,0,0,0,0,0,0,0,0,2,0,0,0,2,0,2,0,0,2,0,0,0,0,0,0,0,0,0,0,0,2,0,2,NA,0,0,0,2,0,0,0,0,0,0,0,0,2,0,0,0,0,0,0,0,0,0,0,0,0,0,0,0,0,0,0,0,0,0,0,0,0,0,0,0,0,0,0,0,0,0,2,0,0,0,0,0,0,2,0,0,0,0,2,2,0,0,0,2,0,0,0,0,0,0,0,2,0,0,0,0,0,0,0,2,0,0,0,0,2,0,0,0,0,0,0,0,0,0,2,0,0,2,0,2,0,0,0,0,0,2,0,0,0,0,0,0,0,0,0,0,0,2,0,0,0,0,0,0,0,0,0,0,0,2,0,0,0,0,0,0,0,0,2,0,0,2,0,0,0,2,0,0,0,0,0,0,0,0,0,0,0,0,0,0,0,0,0,0,0,0,0,0,2,2,0,0,0,0,0,0,2,0,0,0,0,0,0,0,0,0,0,0,0,0,2,0,0,0,2,0,0,0,0,2,0,0,0,0,0,0,0,0,0,0,0,0,0,0,0,0,0,0,2,0,2,0,0,0,0,0,0,0,0,0,2,0,0,2,0,0,0,0,0,0,0,0,2,0,0,2,0,2,0,0,0,0,0,0,0,0,0,0,0,0,0,0,0,0,0,0,0,2,2,0,0,0,0,0,0,0,0,0,0,0,2,0,0,0,0,0,0,0,0,0,0,0,0,0,0,0,0,0,2,0,0,0,0,0,0,0,0,0,0,0,0,0,0,2,0,0,0,0,0,2,0,0,0,0,0,0,0,0,0,0,0,0,0,0,0,2,0,0,2,0,0,0,0,0,0,0,0,0,0,2,2,2,0,0,2,0,0,0,2,0,0,0,0,0,0,0,0,0,0,0,0,0,0,0,0,2,2,0,0,0,2,2,0,0,0,0,0,0,0,0,0,0,0,0,0,0,0,0,0,0,2,0,0,0,0,0,0,0,0,0,0,0,0,0,0,0,0,0,0,0,0,0,0,2,0,0,0,0,0,0,0,0,0,0,0,0,0,0,0,0,0,0,0,0,0,0,0,0,0,0,0,2,0,0,0,0,0,0,2,0,0,0,0,0,2,0,0,0,0,0,0,0,0,2,0,0,0,0,0,0,0,0,2,0,0,0,0,0,0,0,0,0,0,0,0,0,2,0,0,2,0,0,2,0,0,0,0,0,2,0,0,0,0,2,0,0,2,0,0,0,0,2,2,2,NA,2,0,2,0,0,0,0,2,0,0,0,0,2,0,0,2,0,0,0,2,0,0,0,2,2,2,0,0,0,0,0,0,0,0,2,0,0,2,2,0,0,0,0,0,0,0,0,0,0,0,0,0,0,0,0,0,0,0,0,0,0,0,0,0,0,0,0,0,0,0,0,2,0,0,0,2,0,0,0,0,0,0,2,0,0,0,0,0,0,0,0,0,0,0,0,0,0,0,2,0,2,2,0,2,2,0,2,0,0,2,2,0,0,2,0,0,2,0,0,0,2,0,0,0,0,0,0,0,0,2,0,2,0,2,0,0,0,2,0,0,0,0,2,0,0,0,0,0,2,NA,0,0,2,0,0,0,0,0,0,0,0,0,0,0,2,0,0,0,0,0,0,0,0,0,2,0,2,0,0,0,0,0,0,0,0,0,0,0,0,0,0,2,0,0,0,2,0,0,0,2,0,0,0,2,0,0,0,2,0,0,0,2,0,0,2,2,2,0,0,2,0,0,0,0,0,0,0,0,0,0,0,0,0,0,0,0,0,0,0,0,0,0,0,0,0,0,2,0,0,0,0,0,0,0,0,0,0,2,0,0,0,0,2,0,0,0,0,2,0,2,0,2,0,0,2,2,0,2,0,0,2,0,0,0,2,0,0,0,2,2,0,2,0,0,0,0,0,0,0,0,0,0,0,2,0,2,0,0,2,0,0,2,0,2,2,0,2,0,2,0,0,0,2,0,0,0,2,0,0,0,0,0,2,2,2,0,0,2,0,0,0,0,0,0,0,0,0,0,0,0,0,0,0,0,0,2,0,NA,0,0,0,0,0,2,0,0,0,0,2,0,0,0,0,0,0,0,0,0,0,0,2,0,0,0,0,0,0,0,0,0,0,0,0,0,2,2,0,0,0,2,0,0,0,0,0,2,0,2,0,0,0,0,0,0,0,0,2,0,0,0,0,0,0,0,0,0,0,0,0,0,0,0,0,0,0,0,0,0,0,0,0,0,0,0,2,2,0,0,2,0,0,0,0,2,0,2,0,0,2,0,0,0,0,0,0,2,0,2,2,2,0,0,0,0,0,2,2,0,0,0,0,2,0,0,0,0,2,0,0,0,0,2,0,0,0,0,0,0,2,2,0,0,2,2,2,0,0,0,0,0,0,0,0,2,0,0,2,0,0,2,0,2,0,2,0,0,0,0,0,0,0,2,0,2,0,0,2,0,0,2,2,0,0,0,0,0,0,2,0,0,0,0,2,0,0,0,2,0,0,0,0,0,0,2,0,0,2,0,0,0,0,0,0,2,0,0,0,0,2,0,0,0,0,0,0,0,2,0,0,0,2,0,0,0,0,0,0,0,0,2,2,0,2,0,0,2,0,0,0,0,2,0,0,0,2,2,2,0,2,0,0,0,NA,2,0,NA,0,0,2,0,0,0,NA,2,2,0,0,0,2,0,0,0,2,0,0,2,0,0,0,0,2,0,0,0,0,2,0,2,0,0,0,0,2,0,2,0,0,0,0,0,0,0,0,0,0,0,0,0,0,0,0,0,0,0,0,2,0,0,0,0,0,0,0,0,2,2,2,0,0,0,0,0,0,0,0,0,0,0,0,0,2,0,0,2,2,0,0,0,2,0,2,2,2,2,0,2,0,2,0,0,0,0,0,0,0,2,0,0,0,0,2,0,0,0,2,2,0,0,2,0,2,0,0,0,2,2,0,2,0,2,0,2,0,0,0,2,0,0,0,0,0,2,0,0,0,2,0,2,0,0,0,0,0,0,0,0,2,2,0,0,2,0,2,0,0,2,2,0,0,0,2,0,0,0,0,0,0,2,0,0,0,0,0,0,2,2,2,0,0,2,0,0,2,0,0,0,2,0,NA,NA,0,0,0,0,0,2,0,2,0,2,2,0,2,0,0,0,0,0,0,0,0,0,0,0,0,2,0,2,0,2,0,0,0,2,0,2,2,0,2,0,0,0,0,0,0,0,2,2,2,0,2,0,0,0,0,0,0,0,2,0,0,0,2,0,0,0,2,0,0,0,2,0,0,2,2,2,0,0,2,0,0,2,0,2,2,0,0,0,2,2,0,0,0,0,0,0,0,0,0,0,0,0,0,2,0,0,0,0,2,0,0,0,0,0,0,2,0,0,0,0,0,0,0,2,0,2,0,0,0,2,0,0,0,2,0,0,0,0,2,0,0,0,2,0,0,0,0,0,0,0,0,0,0,0,0,0,0,0,2,0,0,0,0,0,0,0,0,0,0,0,0,2,0,0,0,0,0,0,0,0,0,0,0,0,0,0,0,0,0,0,0,0,0,0,2,0,0,0,0,2,0,2,0,0,2,0,0,0,0,2,0,0,0,0,0,0,0,2,0,0,0,0,0,0,0,0,0,0,0,0,2,2,0,0,0,2,0,0,2,0,0,0,0,0,0,0,0,0,2,0,0,2,0,0,0,0,0,0,0,0,0,0,0,2,0,0,0,0,2,0,0,0,0,0,0,0,0,0,0,0,0,0,0,0,0,0,0,0,2,0,0,0,0,0,0,0,2,0,0,0,2,0,0,0,0,2,0,0,2,0,0,0,0,2,0,0,2,2,0,0,0,2,0,0,0,0,0,0,0,0,0,2,2,0,2,0,0,0,0,0,0,0,0,0,0,0,0,0,0,0,0,0,0,0,0,0,0,0,0,0,0,0,0,0,0,0,0,0,2,0,0,0,0,0,0,0,0,0,0,0,0,0,0,0,0,0,0,0,0,0,0,0,0,0,0,0,0,0,0,0,2,0,0,0,2,2,0,0,0,0,2,0,0,0,0,0,0,0,0,0,0,0,0,0,0,0,0,2,0,0,0,0,0,0,0,0,0,0,2,0,0,0,0,0,0,0,2,0,0,0,0,0,0,0,0,2,2,0,0,0,0,2,0,0,0,0,0,0,2,0,0,0,0,0,0,0,0,0,0,0,0,0,2,0,0,0,0,2,0,0,0,2,0,0,0,0,0,0,0,0,0,0,0,0,0,0,2,2,0,0,0,0,0,0,2,0,0,0,0,0,0,2,2,2,0,2,0,0,2,0,0,2,0,0,0,2,2,0,2,0,2,2,2,2,0,0,0,2,2,2,2,2,2,0,0,0,0,0,0,0,0,0,0,0,2,0,0,2,0,0,0,0,0,2,0,0,0,0,0,0,0,0,2,0,0,0,0,2,0,0,0,0,0,0,0,0,2,0,0,0,0,0,0,0,0,0,0,0,0,0,0,0,0,0,2,2,0,0,0,0,0,0,0,2,0,0,0,2,0,0,0,2,0,2,0,0,0,0,2,0,0,0,0,0,0,0,0,0,0,0,0,2,0,0,0,0,0,0,0,0,2,0,0,0,0,0,2,0,0,0,0,0,0,0,0,0,2,0,2,2,0,0,0,0,0,0,0,0,0,0,0,0,0,0,2,0,2,0,0,2,0,0,0,0,2,0,0,0,0,0,0,0,0,0,0,0,0,0,0,0,0,0,0,2,0,0,0,0,0,0,0,0,0,0,0,0,0,0,0,0,0,0,2,0,0,0,0,0,0,0,2,2,0,0,0,0,0,0,0,0
"CC204",0,0,0,2,0,2,0,0,0,0,0,0,0,0,2,0,0,0,0,0,0,2,0,0,0,0,2,0,2,0,0,0,0,0,2,0,2,0,0,0,2,2,0,0,0,0,0,0,0,0,2,0,0,0,0,2,0,0,0,2,0,0,0,0,2,0,0,0,0,0,0,2,0,0,0,0,2,0,0,0,0,0,2,0,0,0,0,0,0,0,0,0,0,0,0,2,2,0,0,0,0,0,0,2,0,0,0,NA,0,2,2,0,2,0,0,0,0,0,2,2,0,0,2,0,0,2,0,2,2,0,0,2,2,2,2,0,0,0,0,0,2,0,0,0,0,0,0,2,0,0,2,0,0,0,0,0,2,0,0,0,0,0,0,0,0,0,0,0,2,0,2,0,0,0,0,0,2,2,0,2,0,0,2,0,0,0,0,0,2,2,0,2,0,0,0,0,0,2,0,0,0,2,2,0,2,0,0,0,0,0,0,0,0,0,0,0,2,0,2,0,0,0,0,0,0,0,0,0,0,0,0,0,0,2,0,2,0,0,0,0,0,0,0,0,0,0,0,2,0,0,2,0,0,2,0,0,2,0,2,0,0,0,0,0,0,0,0,2,0,0,0,0,0,0,0,0,2,2,2,0,0,0,0,0,2,0,2,0,0,2,0,2,2,0,2,0,0,0,0,0,2,0,0,2,0,0,0,2,0,0,0,0,NA,0,0,0,0,2,2,0,0,0,0,0,2,0,2,2,0,0,0,2,0,0,0,0,0,0,2,0,0,0,0,0,0,2,2,2,2,2,0,0,0,0,0,0,0,0,2,0,0,2,2,2,0,0,0,0,0,2,0,0,NA,0,0,0,0,0,2,0,0,0,0,0,0,2,2,0,2,0,2,2,0,0,0,0,0,0,0,0,0,0,2,0,2,0,2,0,0,0,0,0,2,0,2,0,0,0,0,0,0,0,0,0,0,0,0,0,0,0,0,0,2,0,0,0,0,2,0,2,0,2,0,0,0,2,0,2,0,0,0,2,0,0,0,0,0,0,2,2,0,2,2,0,0,0,0,0,0,0,0,2,0,0,0,2,0,2,0,2,0,0,0,0,0,2,2,0,2,0,0,0,2,0,0,0,0,2,0,2,0,0,0,0,2,2,0,0,0,2,0,2,2,0,2,2,0,0,0,2,2,0,0,0,0,2,2,0,0,0,0,0,0,0,0,0,0,0,0,0,0,0,0,2,0,0,2,2,0,0,0,0,0,0,0,0,0,2,0,2,0,2,0,2,2,0,0,0,2,0,0,2,0,0,0,2,0,0,2,2,2,0,0,2,2,0,2,0,0,2,0,0,0,0,0,0,0,0,2,0,0,0,0,2,2,0,2,2,0,0,0,0,2,2,0,0,0,0,0,2,0,0,2,2,2,0,2,0,0,0,0,0,0,2,2,2,0,0,0,0,2,0,0,0,2,0,0,0,0,0,0,0,2,0,0,2,2,0,2,0,0,0,0,2,2,0,0,0,0,2,0,0,0,2,0,0,2,0,0,0,0,0,0,0,2,2,0,0,0,0,0,0,0,0,2,0,0,2,2,0,0,0,0,0,2,0,0,0,2,0,2,0,0,0,0,2,0,0,0,0,0,0,0,0,0,0,0,0,0,0,0,0,2,0,0,0,0,0,0,0,2,0,0,0,0,0,0,2,2,0,0,0,0,2,0,0,0,2,0,0,0,0,0,0,0,2,0,0,0,0,0,0,0,0,2,0,0,0,2,0,0,2,2,0,0,0,0,0,0,0,0,0,0,0,0,0,0,0,0,0,0,0,0,0,2,0,2,0,0,0,0,0,0,0,0,0,0,0,0,0,0,0,2,2,0,0,0,0,0,2,0,0,2,0,0,0,0,0,0,2,0,2,0,2,0,0,0,2,0,0,2,0,2,0,0,0,0,0,0,2,0,0,0,0,2,0,0,2,0,0,0,0,0,2,0,0,2,0,0,0,0,2,2,0,2,2,0,2,0,0,0,0,0,0,0,0,0,0,0,2,0,0,0,0,0,0,0,0,0,0,0,2,2,2,0,0,0,0,2,0,0,0,0,0,0,0,0,0,0,NA,0,0,0,0,0,2,0,0,0,0,0,0,0,0,0,2,2,0,0,0,0,0,0,0,0,0,2,0,0,0,0,0,0,2,0,0,0,0,0,0,0,0,0,0,0,0,0,0,2,2,0,2,0,0,2,0,0,0,2,2,2,2,0,0,0,0,0,0,0,0,0,0,0,0,0,0,0,0,0,0,0,2,0,2,0,0,0,2,0,0,0,0,0,0,2,0,2,0,0,0,0,0,0,2,0,0,0,0,0,0,0,0,0,0,0,0,0,0,0,0,0,2,0,2,2,2,0,0,2,0,0,0,0,2,2,0,0,2,0,0,0,2,0,0,0,2,0,0,0,0,2,2,0,0,0,0,0,0,0,0,0,2,2,0,0,0,0,0,2,2,0,0,2,0,0,0,0,2,2,0,2,2,0,0,0,0,0,2,0,2,0,0,0,2,2,0,0,0,0,0,0,0,2,2,2,0,0,2,2,0,2,2,0,0,2,0,0,0,2,2,0,0,0,0,2,2,0,0,0,0,NA,0,0,0,0,2,2,0,2,0,0,0,0,2,0,0,2,0,2,0,0,0,0,0,2,0,0,0,2,0,2,0,0,0,2,2,0,2,0,0,0,0,0,2,0,0,0,0,0,0,0,2,0,0,0,0,0,0,0,0,0,0,0,0,0,0,0,0,0,0,0,2,2,0,0,0,0,0,0,0,0,0,0,0,0,0,2,0,0,0,0,0,0,2,2,0,0,0,0,0,0,0,0,0,2,0,2,0,0,2,0,0,2,0,0,0,0,0,2,0,0,2,0,2,NA,2,0,2,0,0,0,0,2,0,0,2,0,NA,0,0,0,0,0,0,2,0,2,0,0,0,0,0,2,0,0,0,0,2,0,2,0,0,2,0,2,0,0,2,0,0,0,0,0,0,0,0,0,0,0,2,0,0,0,0,0,0,0,0,0,0,0,0,0,0,2,0,0,2,0,0,0,0,0,2,0,0,0,0,2,0,NA,2,0,0,0,0,2,0,0,0,0,0,0,0,0,0,0,0,0,0,0,0,0,0,2,0,0,0,0,2,0,0,0,0,0,0,0,0,0,0,2,0,2,0,2,0,0,0,0,0,2,0,0,0,0,2,2,2,2,0,0,0,0,0,0,2,0,0,0,2,2,2,NA,0,0,0,0,0,0,2,2,0,2,0,0,0,0,0,0,0,0,2,0,0,2,2,0,0,0,2,0,0,0,0,2,0,0,0,2,0,0,2,0,0,0,0,0,2,0,2,0,0,0,0,0,0,0,2,2,0,0,2,0,0,2,0,0,0,0,0,0,0,2,2,0,2,2,2,0,0,2,2,0,2,0,2,0,2,2,0,0,0,0,0,2,0,0,0,2,0,0,0,0,0,2,0,0,0,0,0,0,0,0,0,0,2,2,0,0,2,0,0,0,0,2,0,0,2,0,0,0,2,0,2,0,0,0,0,0,0,0,2,2,0,2,2,0,0,0,0,0,2,0,0,0,0,0,2,0,0,0,0,0,2,0,0,2,0,0,2,0,0,2,0,0,0,0,0,0,0,0,2,0,0,0,0,0,0,0,0,0,2,NA,0,0,0,0,2,2,0,0,2,0,0,2,0,NA,0,0,0,2,0,0,0,0,0,0,2,0,0,0,0,0,0,0,0,0,2,0,0,0,0,0,0,0,2,0,0,0,2,0,0,0,2,0,2,0,0,0,2,0,0,0,0,0,0,2,0,0,0,0,0,0,0,0,0,0,2,0,0,0,0,2,0,0,0,0,2,2,0,0,0,0,0,0,0,0,0,0,0,0,2,2,2,0,2,0,0,0,0,0,0,2,0,0,2,0,0,0,0,0,0,0,0,0,0,0,0,0,0,0,2,0,0,0,0,0,0,0,0,0,0,0,0,0,0,0,0,0,0,0,0,0,0,0,0,0,0,2,2,0,0,2,0,2,2,0,0,0,2,0,0,0,0,2,0,2,0,0,0,0,0,2,2,0,2,0,0,0,0,0,0,0,0,2,0,0,0,0,0,0,2,0,2,0,0,0,2,0,0,0,0,2,0,2,0,0,0,0,0,0,0,0,0,2,0,0,0,2,0,2,0,0,0,0,0,0,0,0,2,0,0,0,0,0,0,2,0,0,2,2,2,0,0,0,0,0,0,0,2,0,0,0,2,0,0,2,0,0,0,2,0,0,0,2,2,0,2,0,0,0,2,0,0,2,0,0,0,0,2,0,0,0,0,0,0,2,0,2,0,0,0,0,0,2,0,0,0,0,0,2,0,0,0,0,0,0,2,0,0,0,0,0,0,0,0,0,0,0,0,0,0,0,0,0,2,2,0,0,2,0,0,0,2,2,2,0,0,0,2,0,0,0,0,2,0,0,0,0,0,0,0,0,0,0,0,0,2,2,0,0,2,0,0,0,0,2,0,2,0,2,0,0,2,2,NA,0,0,2,0,2,0,0,0,0,0,0,2,0,2,2,2,0,2,0,0,0,0,0,0,0,0,2,0,2,0,2,0,0,0,0,0,0,2,2,0,0,0,0,0,0,0,0,0,0,0,0,0,0,0,2,0,0,0,0,0,0,0,0,0,2,0,0,0,0,0,2,0,0,2,0,0,2,0,0,2,0,2,0,2,0,2,2,0,0,0,0,0,2,0,0,2,0,0,0,0,0,0,2,0,0,0,0,0,0,2,0,0,0,0,2,0,2,NA,2,0,2,0,2,0,0,0,0,0,2,0,0,0,0,0,0,0,0,0,0,0,2,0,0,0,0,0,0,0,0,2,0,0,0,0,0,0,0,0,0,0,0,0,0,0,0,0,2,0,0,2,0,0,0,0,0,2,2,2,2,2,0,0,2,0,0,0,0,2,2,0,0,0,0,0,2,0,0,0,0,0,0,0,0,2,0,0,0,0,2,2,0,2,0,0,0,0,0,0,2,2,0,0,0,0,0,0,0,0,0,0,0,0,0,0,0,0,0,0,2,0,0,0,2,0,0,0,0,0,0,0,0,0,2,0,0,2,0,0,0,0,0,0,0,2,2,0,0,2,0,2,2,0,2,0,0,0,0,2,0,0,0,0,0,0,0,2,0,0,0,0,0,0,0,0,2,0,0,0,2,0,0,0,0,0,2,0,0,2,0,0,0,0,0,0,0,0,0,0,0,0,0,2,0,0,0,2,2,0,0,2,0,2,0,0,0,0,0,0,0,2,0,2,0,0,0,0,0,0,0,0,0,0,0,0,0,0,0,0,2,0,0,2,2,2,0,0,0,0,0,0,0,0,0,0,0,0,0,0,0,0,2,0,0,0,2,0,0,0,2,2,0,0,0,0,0,0,0,0,2,0,0,2,0,0,2,2,0,2,0,2,0,0,0,0,0,0,0,0,0,0,0,0,0,0,0,0,0,0,0,0,0,0,0,0,0,0,0,0,0,0,0,0,0,0,0,0,0,0,0,0,0,0,0,0,0,0,0,0,0,0,2,0,0,0,0,0,0,0,0,0,2,0,0,0,0,0,0,0,0,0,0,0,0,2,0,0,0,0,0,0,0,0,0,0,0,0,0,0,0,0,0,0,0,0,0,0,0,0,0,0,0,0,2,0,0,0,2,0,0,0,0,0,0,0,0,0,0,0,0,0,0,0,0,0,0,2,0,0,2,0,0,0,0,0,0,0,0,0,0,0,0,0,0,0,0,0,0,0,0,0,0,0,0,0,0,0,0,0,2,0,0,2,2,0,0,0,0,0,0,0,0,0,0,0,0,2,0,0,0,0,0,0,0,0,2,0,0,0,0,0,0,0,0,0,0,0,0,0,0,0,0,0,0,0,2,2,0,0,0,0,0,0,0,0,0,0,2,0,0,0,0,0,0,2,0,0,0,2,0,2,0,2,0,0,0,2,2,0,0,0,0,2,0,2,0,0,0,0,0,2,0,0,0,0,0,0,0,0,0,0,0,0,0,2,0,2,2,0,0,0,0,0,0,0,0,0,0,2,0,0,2,2,2,2,2,0,2,2,0,0,2,2,0,0,0,0,0,0,2,0,2,0,0,0,NA,0,NA,2,0,0,0,2,0,0,2,0,0,2,2,2,0,0,0,2,0,NA,0,2,0,0,NA,2,0,0,0,0,0,0,0,2,0,2,2,0,0,0,0,0,0,0,0,0,0,0,0,0,0,0,2,0,0,0,2,0,2,0,0,0,2,2,2,0,2,0,0,2,0,0,0,2,0,0,0,2,0,0,0,0,0,0,0,0,0,0,2,2,0,0,0,0,0,2,0,2,0,0,0,0,0,0,0,0,2,NA,0,0,0,0,0,0,0,0,0,0,2,0,2,0,2,0,0,0,0,2,2,0,0,0,2,0,2,2,0,0,0,0,0,0,0,2,0,0,0,2,2,0,2,0,0,0,0,2,2,2,0,0,0,0,2,2,0,0,0,0,0,0,0,2,0,0,0,0,0,0,0,0,0,2,2,0,0,0,2,0,0,0,0,2,0,2,0,0,2,2,0,0,0,0,0,0,2,0,0,0,0,0,0,0,0,2,0,0,0,0,0,2,0,2,0,0,0,2,2,0,0,2,0,2,2,0,0,0,0,0,2,0,0,0,0,0,0,0,2,0,0,0,0,0,0,0,0,2,0,0,0,2,0,0,0,2,0,0,2,0,2,0,0,0,0,2,0,0,0,0,0,NA,2,0,2,0,0,0,0,0,0,0,0,0,0,0,0,0,0,0,0,0,0,0,0,0,0,0,0,0,0,2,0,0,0,0,0,0,0,0,0,0,0,0,0,0,0,2,0,0,0,0,0,0,0,0,0,0,0,0,0,0,0,2,0,0,0,0,2,0,0,0,2,0,0,0,0,0,0,0,0,0,2,0,0,0,0,2,2,0,0,0,2,2,0,0,0,2,2,0,0,2,0,0,0,2,0,0,2,0,0,0,0,2,0,0,0,0,0,2,2,0,0,0,0,0,0,0,0,0,2,0,0,0,2,0,0,0,0,0,0,2,0,0,0,0,0,2,0,2,0,2,0,0,0,0,2,0,0,0,0,0,0,0,0,0,0,2,0,0,2,0,0,2,0,2,0,0,2,0,0,0,0,0,0,2,0,0,0,2,0,2,0,0,0,0,0,0,0,0,0,2,0,0,0,0,0,0,0,0,0,0,0,0,0,2,0,0,2,0,0,0,2,0,NA,0,0,0,2,0,0,2,0,0,0,0,0,0,2,2,2,2,0,0,0,0,0,2,0,2,0,0,0,2,0,0,0,0,0,0,0,0,0,0,0,0,0,0,0,2,0,0,0,2,0,2,2,0,0,0,2,0,2,2,0,0,0,2,2,0,0,2,0,2,0,0,0,0,0,2,0,0,0,2,0,0,0,0,0,0,0,2,0,0,0,0,2,2,0,0,2,2,0,0,0,0,2,0,0,0,0,0,0,0,0,0,0,0,0,0,0,2,0,0,0,0,0,0,0,0,0,0,2,0,0,0,0,0,0,0,0,0,0,0,0,0,0,0,0,0,0,2,0,2,0,0,2,0,0,2,0,0,0,0,2,0,2,2,0,0,0,0,0,0,0,0,0,0,0,0,2,0,0,0,0,0,0,0,0,0,0,0,0,0,2,0,2,2,0,0,0,2,0,0,0,2,0,0,0,0,2,2,2,2,0,2,0,0,2,0,0,0,0,0,2,0,0,0,0,0,0,0,0,2,0,2,2,0,2,2,2,0,0,0,2,2,0,2,2,0,0,2,2,2,0,2,2,0,0,0,2,0,2,2,0,0,0,0,0,0,2,2,0,0,2,2,0,2,NA,2,2,2,0,0,0,0,0,0,0,0,0,0,0,0,0,0,2,0,0,0,2,0,0,0,2,0,0,0,0,0,0,0,2,0,0,0,0,0,0,0,0,0,2,0,0,0,0,0,2,0,0,0,0,0,0,0,0,0,0,0,0,0,0,0,0,0,0,0,0,0,0,0,0,0,0,0,0,0,0,0,0,0,0,0,0,0,0,0,0,2,0,0,0,0,0,0,0,0,0,0,0,0,0,0,2,0,2,0,0,0,0,0,0,0,0,0,0,0,2,2,2,0,0,0,0,2,2,0,0,2,0,2,0,0,0,0,0,0,0,0,2,2,2,0,0,2,0,0,0,0,2,2,0,0,2,0,0,2,0,2,2,0,0,0,0,2,0,0,2,0,0,2,0,2,0,0,0,0,0,0,0,2,2,0,2,2,0,0,2,0,0,0,2,0,2,0,0,0,0,0,0,0,0,0,0,0,0,0,0,0,0,0,0,0,2,0,0,2,0,0,0,0,0,2,0,0,0,0,0,0,0,2,0,0,0,0,0,0,0,0,0,0,2,0,0,0,0,0,0,0,0,0,0,0,2,0,0,0,2,0,0,0,0,0,2,0,0,0,0,0,0,0,0,0,2,0,0,0,0,0,0,0,0,0,0,0,2,0,0,0,0,0,0,0,0,0,0,0,2,0,0,2,0,0,0,0,2,0,0,0,0,0,0,0,0,2,0,0,0,0,2,2,0,2,0,0,2,0,0,0,0,0,0,2,0,0,0,0,2,2,2,0,0,0,0,0,2,0,2,0,0,0,0,0,0,0,2,0,2,2,0,0,2,0,0,2,0,0,0,0,0,0,0,0,0,2,0,2,0,2,0,0,2,0,0,2,2,0,0,0,0,2,0,2,0,0,0,0,2,0,0,0,0,2,0,2,2,0,0,0,0,0,0,0,0,0,0,0,0,0,0,0,2,0,2,2,0,0,0,0,0,2,0,2,0,0,0,0,0,2,0,0,0,0,0,0,0,0,2,0,0,0,0,0,0,0,0,0,0,0,0,0,2,2,2,0,0,0,0,2,0,2,0,2,0,2,2,0,2,2,0,0,0,0,0,0,0,0,0,0,2,0,0,0,2,0,0,2,2,0,0,0,0,2,0,0,0,0,0,0,0,0,2,0,0,0,0,0,2,0,2,0,0,0,0,0,0,0,0,0,2,0,2,0,0,2,0,0,0,0,0,2,0,0,0,0,0,0,2,0,0,0,2,2,0,0,2,0,0,0,2,0,0,0,0,0,0,0,0,0,0,0,0,0,0,2,0,2,0,0,2,2,0,0,0,0,0,0,0,0,0,0,0,0,2,0,0,2,2,2,0,0,2,2,0,0,2,2,0,0,0,0,0,NA,2,0,2,0,0,0,0,0,2,0,0,2,0,0,0,0,2,0,0,0,0,0,0,0,2,0,2,2,0,2,2,0,0,0,0,2,0,2,0,0,0,0,2,0,0,0,0,0,0,0,0,0,0,0,0,0,0,0,0,0,0,0,2,0,0,0,0,0,2,2,0,0,0,0,0,2,0,0,2,2,0,0,2,2,0,0,0,0,2,0,0,0,0,0,0,0,2,0,2,0,2,0,0,2,2,0,0,0,0,0,0,0,0,0,2,2,0,0,0,0,0,0,0,0,0,0,2,0,0,0,0,2,0,0,2,0,0,0,2,0,0,0,0,0,0,0,0,2,0,2,0,0,2,0,0,0,0,2,0,2,0,0,0,0,0,0,0,0,2,0,0,0,0,0,2,0,0,2,0,2,0,0,0,0,0,0,0,0,0,0,2,2,0,0,0,2,0,2,0,2,0,0,0,0,2,2,0,0,0,0,0,0,0,0,0,0,2,0,0,0,0,0,0,0,2,0,2,0,0,2,0,0,0,0,0,0,0,0,0,0,0,0,0,0,0,0,0,0,0,0,0,0,2,0,0,0,2,0,0,0,0,0,0,0,0,2,0,2,0,0,0,0,0,0,0,0,0,0,2,0,2,2,2,0,0,0,0,0,0,0,0,0,0,2,2,0,0,2,0,2,2,0,0,0,0,0,0,2,0,0,2,0,0,0,0,0,2,2,0,0,0,0,0,2,0,0,0,0,0,0,0,0,0,0,0,0,0,0,2,0,0,0,0,0,0,0,0,0,0,0,0,0,0,0,0,0,0,2,0,0,0,0,2,0,0,0,2,0,0,2,0,0,0,2,0,0,0,0,0,0,0,0,0,0,0,0,0,0,0,0,0,0,0,0,0,0,2,0,0,0,0,0,0,0,0,2,0,0,0,0,2,0,0,0,2,0,0,0,0,0,0,0,0,0,0,0,2,0,2,0,0,0,0,0,2,0,0,0,0,0,2,0,0,0,2,0,0,0,0,2,0,2,0,0,0,0,2,0,0,0,2,0,0,0,0,0,0,0,0,0,0,0,0,0,0,2,0,0,0,0,2,0,0,0,0,0,0,0,2,2,0,0,0,0,0,2,0,0,0,0,2,0,0,2,0,0,0,0,0,2,0,0,0,2,2,2,0,0,0,0,0,0,0,2,0,0,0,0,0,0,0,2,0,0,2,2,0,2,0,0,0,0,0,0,0,0,0,2,0,0,0,0,0,0,0,0,0,0,0,0,2,0,2,0,0,0,0,0,0,2,0,0,0,0,2,0,0,0,0,2,0,0,0,0,0,0,2,0,0,2,0,0,0,0,0,2,2,0,0,0,2,0,2,0,0,0,0,0,0,0,0,0,0,0,0,0,0,0,0,0,0,0,0,0,0,0,0,0,2,0,0,0,0,0,0,0,0,0,2,2,0,2,2,0,0,2,2,0,0,0,0,0,0,0,0,2,0,0,0,0,0,0,0,0,0,0,0,0,0,0,0,0,0,0,0,0,2,0,0,0,0,2,0,0,0,0,0,0,0,0,0,0,0,0,0,0,0,0,0,0,0,0,0,0,0,0,0,0,0,0,0,2,0,0,0,0,0,0,0,0,0,2,0,0,0,0,0,0,0,0,0,0,0,0,0,0,0,0,2,0,0,0,0,0,0,0,0,0,0,0,0,0,0,0,2,0,0,0,2,0,0,0,2,0,0,0,2,2,0,0,0,0,0,2,2,0,0,0,2,0,0,0,0,0,0,0,2,0,0,0,2,2,2,0,0,0,0,0,0,0,0,0,0,0,0,2,2,0,0,0,0,0,0,0,0,0,0,2,0,0,2,0,0,0,2,2,0,0,0,0,0,0,0,0,0,0,0,0,0,0,0,0,2,0,0,0,2,2,0,0,0,0,2,0,0,0,0,0,0,0,0,0,2,0,2,0,0,0,2,2,0,0,0,2,2,0,0,0,0,0,0,0,0,2,0,2,0,0,2,0,0,2,0,0,0,0,0,0,0,0,0,0,0,0,0,2,0,2,0,0,0,0,0,0,0,0,0,0,0,0,2,0,0,0,0,0,0,2,0,0,0,0,0,0,0,0,2,0,2,2,0,0,0,0,2,0,0,0,0,2,0,2,0,0,0,0,0,2,0,0,0,2,0,0,0,0,2,0,0,0,0,0,0,0,2,2,2,2,0,0,0,2,0,0,0,0,2,0,0,2,0,0,0,0,2,0,0,2,0,0,0,0,0,0,0,2,2,0,0,0,0,0,0,0,0,0,0,0,0,0,2,0,0,0,0,0,2,0,0,2,0,0,0,0,2,0,0,0,0,0,0,0,0,0,0,0,0,2,0,0,2,0,0,0,0,0,0,0,0,2,0,0,0,0,0,0,0,0,0,0,0
"CC205",0,0,0,0,2,0,0,0,0,0,0,0,2,0,0,0,0,0,0,0,0,0,2,0,0,0,0,0,0,0,0,0,0,0,0,0,0,0,0,2,0,0,2,2,NA,0,0,0,0,0,0,0,0,0,0,0,0,0,0,0,0,0,2,2,0,0,0,0,0,0,2,0,2,0,0,0,0,2,0,0,2,2,0,0,0,0,2,0,0,0,2,0,2,0,0,0,0,0,0,0,2,2,0,0,0,0,2,0,0,0,0,0,0,0,0,0,0,0,0,0,0,0,2,0,0,0,2,0,2,0,0,0,0,0,0,0,2,0,0,2,0,0,2,0,0,0,2,0,0,2,0,0,0,0,0,0,0,0,0,0,0,0,0,2,2,2,2,2,0,2,0,2,0,2,0,0,0,0,0,0,0,2,0,NA,2,2,0,0,0,0,2,0,2,0,0,0,0,0,0,0,2,0,0,0,0,0,0,0,2,0,2,0,0,0,0,2,0,0,2,2,0,0,2,0,0,0,0,2,0,2,0,0,0,0,0,0,0,0,0,0,2,0,0,0,0,2,0,0,0,2,0,0,0,0,0,0,2,2,0,0,0,0,0,0,2,0,0,0,0,0,0,2,2,2,0,0,0,0,0,0,0,0,0,0,0,0,0,0,0,0,0,0,0,0,0,0,0,0,0,0,0,2,0,2,0,0,0,0,NA,0,0,0,0,0,2,0,0,0,0,0,0,0,2,0,0,0,0,0,0,0,0,2,0,0,2,2,2,2,0,0,2,0,2,2,0,0,0,2,0,0,0,0,0,0,0,0,0,2,0,0,0,0,2,0,2,0,0,0,0,0,0,0,0,0,0,0,0,0,0,0,0,0,0,0,0,NA,0,0,0,0,2,2,0,2,2,2,2,2,0,2,0,0,0,0,0,0,0,0,0,0,0,0,0,0,0,2,0,0,0,0,0,0,0,0,0,0,2,0,2,0,0,0,0,0,0,0,0,0,2,0,0,0,0,0,2,0,0,0,2,0,0,0,2,0,0,0,0,2,0,0,0,0,2,0,0,0,0,0,0,0,0,0,0,2,0,0,0,2,2,0,0,2,0,0,0,2,0,0,2,0,2,NA,2,0,0,0,0,0,2,2,0,2,0,0,0,0,2,0,0,0,0,0,0,0,0,0,2,0,2,0,2,0,0,0,2,2,2,2,0,0,0,0,0,0,0,2,0,0,0,0,0,0,0,0,2,0,NA,0,0,2,2,0,0,2,0,0,0,0,0,0,0,2,2,2,0,0,0,0,0,2,0,0,0,0,0,0,2,0,0,2,0,2,2,0,0,0,0,0,0,0,2,2,0,0,0,0,0,2,0,0,0,0,0,2,2,2,0,0,0,0,0,0,0,0,0,0,0,0,2,0,0,0,0,0,0,0,0,0,2,0,0,0,0,0,0,0,0,2,0,2,0,0,2,0,0,0,0,0,0,0,0,0,2,0,0,0,2,0,0,0,0,2,0,0,0,0,0,0,0,0,0,0,2,0,0,0,0,0,0,0,2,2,0,0,0,0,0,0,0,0,0,2,0,0,0,0,0,2,2,0,0,0,0,0,0,0,0,2,2,0,0,2,0,0,0,0,2,0,0,0,0,2,0,0,0,0,0,0,0,2,0,0,0,0,0,0,0,0,0,0,0,0,0,0,0,0,0,0,2,0,0,0,0,0,0,0,0,0,2,0,0,0,2,0,0,0,2,0,0,2,0,2,0,2,0,0,0,0,0,0,0,2,2,2,0,0,0,0,0,2,0,0,2,0,0,0,0,0,0,0,2,0,0,2,0,NA,0,0,0,0,0,0,2,2,0,0,2,0,NA,2,0,0,0,0,0,0,2,0,0,0,0,0,0,0,0,0,0,0,0,0,0,0,0,0,0,0,0,2,0,0,0,0,0,0,0,0,0,2,2,0,0,0,2,0,2,0,0,0,0,0,2,0,0,0,0,0,0,0,0,0,0,2,0,0,2,0,0,0,0,2,0,0,0,0,0,0,0,0,2,0,0,0,0,0,2,0,2,0,0,0,0,0,2,0,0,0,0,2,0,0,0,0,0,0,2,0,0,0,0,0,0,0,0,0,0,0,0,0,2,0,0,2,NA,2,0,0,0,0,0,0,0,0,0,0,0,0,2,0,2,0,2,0,2,0,0,0,2,0,0,0,2,0,0,0,0,0,0,2,0,0,0,0,0,0,2,0,0,2,0,0,2,0,0,0,0,0,2,2,0,0,0,2,2,0,0,0,0,0,0,0,2,2,0,2,0,0,0,0,0,2,0,0,0,0,0,0,0,0,0,2,2,0,0,2,0,0,0,0,0,0,0,0,0,0,0,0,0,0,2,0,0,2,0,2,0,0,0,0,2,0,0,0,0,0,0,0,0,2,0,0,2,0,0,0,0,0,0,0,0,0,0,0,0,2,0,0,2,0,0,0,0,0,0,0,0,0,0,2,0,0,0,0,0,0,0,0,0,2,2,0,2,0,0,0,0,2,0,0,0,2,0,2,0,2,2,0,0,0,0,0,2,0,2,0,0,2,0,0,0,0,0,0,0,0,2,2,0,0,2,2,0,2,0,2,0,0,0,0,0,2,2,2,2,0,0,0,0,0,2,0,0,0,0,0,0,0,0,0,0,0,0,0,0,0,0,0,0,0,0,0,0,0,0,NA,2,0,0,0,0,2,0,0,0,0,0,0,0,0,0,0,2,0,0,0,0,0,0,0,0,0,0,0,0,0,0,0,2,2,0,0,0,0,2,0,2,0,0,2,0,0,2,2,0,2,0,2,0,0,0,0,0,0,0,0,2,2,0,0,0,2,0,0,0,0,2,0,2,0,0,2,0,0,2,2,0,0,2,0,2,2,0,0,2,0,NA,2,0,0,2,0,0,0,0,0,2,0,0,2,2,0,2,0,0,0,0,0,2,0,2,2,0,0,2,2,0,0,0,0,2,0,0,0,0,0,0,2,0,0,2,2,0,2,2,NA,0,0,0,0,0,0,0,2,0,2,2,0,0,0,0,0,0,0,2,0,0,0,0,0,0,0,0,0,0,2,0,0,2,2,2,0,0,0,2,0,0,0,0,0,2,0,0,0,2,2,2,0,0,0,2,2,0,0,2,0,2,0,2,0,0,2,0,2,0,2,2,2,2,0,0,0,2,0,0,2,2,0,2,0,0,0,2,0,2,0,2,NA,0,0,0,0,0,0,0,0,0,2,0,0,0,0,0,0,2,0,0,0,0,0,2,0,0,0,2,0,2,0,0,0,0,0,0,2,0,0,2,2,0,0,0,2,0,0,0,0,2,0,0,0,2,0,2,2,0,0,0,0,2,0,0,0,2,0,0,0,0,0,0,2,2,2,2,0,2,2,2,2,0,0,0,0,0,0,0,2,0,0,0,2,0,0,2,2,2,0,0,2,0,2,2,0,0,0,0,0,0,0,0,0,0,0,0,0,0,0,0,0,0,0,0,0,0,0,0,0,0,0,0,0,0,0,0,0,2,2,2,0,0,NA,0,2,0,0,2,0,0,0,0,0,0,0,2,0,0,0,2,2,0,0,0,2,0,2,0,0,2,0,0,0,0,2,0,0,0,2,0,0,0,2,0,0,2,0,2,0,2,0,0,0,0,2,0,0,2,0,0,0,2,0,0,0,0,0,2,0,0,0,0,0,0,0,0,0,0,2,2,2,2,0,0,0,0,0,0,0,0,0,0,2,0,0,0,0,0,2,2,0,0,0,0,0,0,2,0,2,0,0,0,0,2,2,0,0,0,0,0,2,0,0,0,2,2,0,2,0,0,0,2,0,0,0,2,0,0,0,0,0,0,2,2,0,2,0,0,0,0,0,2,0,0,2,2,0,0,0,2,0,0,0,0,2,0,0,0,0,0,2,0,0,0,0,NA,0,0,0,2,0,0,2,2,0,0,0,0,0,0,0,0,0,0,0,0,0,0,0,0,0,2,0,0,2,0,0,0,0,0,0,0,0,0,0,0,0,0,2,0,0,2,0,0,0,0,0,2,2,0,0,0,0,0,2,0,0,0,0,2,2,2,0,2,0,2,0,2,0,0,0,0,0,0,0,2,0,0,0,0,2,0,0,0,0,0,0,0,2,0,0,0,0,0,0,2,2,0,2,2,0,2,0,0,0,2,2,0,2,0,0,0,2,0,2,0,0,0,2,0,0,0,0,0,0,2,0,2,0,0,0,2,2,0,0,0,2,0,0,2,0,2,2,0,0,0,0,0,2,0,0,2,0,0,0,0,0,0,0,0,0,2,0,0,0,0,0,0,0,0,0,0,0,0,0,0,2,0,2,0,0,0,0,2,0,0,0,2,2,0,0,2,0,0,0,2,0,0,0,0,0,0,0,0,0,0,0,2,0,0,0,0,2,0,0,0,0,0,0,0,0,0,0,0,0,0,0,0,0,0,2,0,0,0,0,0,0,0,0,0,0,0,0,2,0,0,0,0,0,0,2,0,0,0,2,0,0,0,0,0,0,2,2,2,0,2,2,0,2,0,0,0,0,0,0,0,0,0,0,0,0,2,0,0,2,2,2,0,2,2,0,0,0,2,2,0,0,0,0,0,2,0,0,0,0,0,0,0,2,0,0,0,0,0,2,0,0,0,0,2,0,0,2,0,0,0,0,2,2,2,0,0,0,0,0,0,0,0,0,0,0,2,0,0,0,0,0,2,2,0,0,0,2,0,0,0,0,2,0,0,0,2,0,2,0,0,2,0,0,0,2,0,0,2,0,0,0,0,2,0,0,0,2,0,2,2,0,0,2,2,0,2,0,2,0,0,0,2,0,2,0,0,2,0,0,0,0,2,2,0,0,2,0,0,0,0,2,0,0,2,2,0,0,0,0,0,0,0,0,2,0,0,0,0,0,0,0,0,0,0,0,0,0,0,2,2,2,2,2,2,0,0,0,2,0,0,0,0,2,0,0,2,0,0,0,0,0,0,2,0,0,0,2,2,2,0,0,0,0,0,0,NA,2,0,0,0,0,0,0,2,2,0,2,0,0,0,0,0,0,0,2,0,0,0,0,0,0,0,0,0,0,0,0,0,0,0,0,0,0,0,0,2,0,0,0,0,2,0,0,0,0,0,0,0,0,0,0,0,2,0,0,0,0,0,0,0,0,0,0,0,0,0,2,0,0,0,2,0,0,2,0,0,2,0,2,0,0,0,0,2,0,0,0,2,0,0,0,0,0,0,0,0,0,0,0,0,0,0,0,2,0,0,0,0,0,0,0,2,0,0,0,0,0,2,0,0,0,0,0,0,0,0,0,2,0,0,0,2,0,0,0,0,0,0,0,0,0,0,0,0,0,0,0,0,0,2,0,2,0,0,0,0,0,0,2,0,0,2,0,0,2,0,2,0,2,2,0,0,2,NA,0,2,0,0,0,2,0,0,2,0,0,0,0,2,0,0,0,0,2,NA,0,2,0,2,0,0,2,0,2,0,2,0,2,2,0,2,0,0,0,2,0,0,NA,2,2,0,0,0,0,0,0,0,2,0,0,0,0,2,2,2,2,0,0,0,0,0,0,0,0,0,0,2,0,0,2,0,0,0,0,0,0,0,0,0,2,0,0,0,0,0,0,0,0,0,2,2,2,0,0,0,0,0,0,0,0,0,0,0,0,0,0,0,0,0,0,0,2,0,0,0,0,0,2,2,0,0,2,2,0,0,2,2,0,0,0,0,0,0,0,0,0,0,0,0,0,0,0,0,0,2,0,2,0,0,0,0,0,2,0,0,0,2,0,0,0,0,0,0,0,0,0,2,0,0,0,0,0,0,0,2,2,0,0,2,0,0,0,0,2,0,2,2,0,0,0,0,2,2,0,2,2,0,0,0,0,0,0,0,0,0,0,0,0,0,2,0,0,0,0,0,0,2,2,2,0,2,2,0,0,0,0,0,0,0,0,0,0,2,0,0,0,0,0,0,2,0,0,0,0,0,0,0,0,0,0,2,0,0,0,0,0,0,2,0,2,2,0,0,2,0,0,0,0,0,0,0,0,2,0,2,0,0,0,0,0,2,2,0,0,0,0,2,0,0,0,0,0,0,0,0,0,0,0,0,2,0,0,0,0,0,0,0,0,0,0,0,2,0,0,0,2,0,0,0,0,2,0,2,0,0,0,2,0,0,0,0,0,2,2,0,0,0,0,0,2,0,0,2,0,0,0,0,0,0,0,0,0,0,0,0,0,0,0,2,0,0,0,0,0,0,2,2,0,0,0,0,0,0,0,2,0,0,0,0,0,0,0,0,0,0,0,2,2,0,2,0,0,0,0,0,2,0,0,0,0,0,2,2,2,0,0,2,0,0,0,0,0,0,0,0,0,0,0,0,0,0,0,0,2,0,0,0,0,0,2,0,0,0,0,0,2,0,0,0,0,0,0,0,2,0,0,0,0,0,0,2,0,2,0,0,0,0,2,0,0,0,2,0,0,0,0,0,2,0,0,2,2,0,0,0,0,2,0,0,0,2,0,0,0,0,0,0,0,0,0,0,0,0,0,0,0,0,0,0,0,0,0,0,0,2,0,0,0,0,0,0,0,0,0,2,0,2,2,2,0,2,2,2,0,0,0,2,0,0,2,0,0,0,2,0,2,0,2,2,0,0,2,0,2,0,0,0,2,2,0,0,0,0,0,0,0,0,0,0,0,0,0,0,0,0,0,0,0,0,0,0,0,0,0,0,0,2,0,2,0,0,0,0,0,0,0,0,0,2,0,0,0,0,0,2,2,2,2,0,0,0,0,2,0,2,2,0,0,0,0,0,0,0,2,2,0,0,0,0,0,0,0,0,2,0,0,2,0,2,0,2,0,0,0,0,0,0,0,0,0,2,0,0,0,0,0,0,0,0,0,0,0,0,0,0,0,0,0,0,0,0,0,0,2,0,0,0,0,2,0,2,0,0,0,0,0,0,2,0,0,0,0,0,2,0,0,2,0,0,0,0,0,0,0,0,2,2,0,0,0,0,0,0,2,0,0,0,2,2,0,0,0,0,2,0,0,0,0,0,0,0,0,0,0,0,2,0,0,0,0,0,0,0,0,2,0,0,0,0,0,0,0,0,0,0,0,0,0,0,0,2,0,0,0,0,0,0,2,0,0,0,0,0,0,0,0,2,2,0,0,0,2,0,0,0,2,0,0,2,2,0,0,0,0,0,2,0,0,0,2,0,2,2,0,0,0,0,0,0,0,2,2,0,0,0,0,0,0,0,0,0,0,0,0,NA,0,0,0,0,0,0,0,0,0,0,2,0,0,0,0,0,0,0,0,0,0,0,0,0,0,0,0,0,0,2,2,0,0,0,2,0,0,0,2,2,0,0,0,0,0,0,2,2,2,2,2,0,0,2,0,2,0,0,2,2,2,0,0,0,0,2,0,0,0,2,0,NA,2,0,2,0,2,2,0,0,2,NA,0,2,0,2,2,2,0,0,2,2,0,2,0,0,0,0,0,0,0,0,0,2,0,0,0,0,0,0,0,0,0,2,0,0,0,0,0,0,0,0,2,2,2,0,2,0,0,0,0,0,2,2,2,2,0,2,0,0,0,0,0,0,0,0,0,0,0,0,0,2,0,0,0,0,2,0,0,0,0,2,0,0,0,0,0,0,0,2,0,2,0,0,0,0,0,0,0,0,0,0,0,0,0,2,2,0,0,0,2,0,0,0,0,0,0,0,0,0,0,2,0,2,0,0,2,2,0,0,0,0,0,0,0,0,0,0,0,0,2,0,0,2,0,0,0,0,0,0,0,0,0,0,0,0,0,0,0,2,0,0,0,0,0,0,0,0,0,2,2,0,2,0,2,0,2,2,2,0,2,2,0,0,0,0,0,0,0,0,0,0,0,0,2,2,2,0,0,0,0,0,0,2,2,0,0,2,0,0,0,0,2,0,0,0,0,0,0,0,0,0,0,0,0,2,0,0,0,0,0,0,0,0,0,0,0,2,0,0,0,0,0,0,0,0,0,0,0,0,0,0,0,0,0,0,0,0,0,0,0,0,0,2,0,0,0,0,0,0,0,0,0,0,0,0,0,0,0,0,0,0,2,0,0,0,2,0,0,0,0,0,0,0,0,0,0,0,0,0,0,0,0,0,2,0,2,0,0,0,0,2,0,2,0,0,0,0,0,2,0,2,0,2,2,2,2,2,2,0,2,0,0,0,0,0,0,0,0,0,0,2,0,0,0,2,0,0,2,2,0,0,0,0,0,0,2,0,0,0,0,0,0,0,0,0,0,0,0,0,0,0,0,0,0,0,0,0,0,0,0,0,0,0,2,0,0,0,0,2,0,2,0,0,0,0,0,0,0,0,0,0,0,0,2,2,2,0,0,0,0,0,2,0,0,0,0,0,0,0,0,0,0,0,0,0,0,0,2,2,0,0,0,0,0,0,0,0,0,0,2,0,0,0,0,2,0,0,0,0,0,0,0,0,2,0,0,2,2,0,0,0,0,2,0,0,0,0,0,0,0,2,0,0,0,0,2,0,0,0,0,0,0,0,0,2,2,2,0,0,0,2,0,2,0,2,0,2,0,0,2,0,0,0,0,2,0,0,0,2,0,0,0,2,0,2,0,0,2,0,0,0,0,0,0,0,0,0,0,0,2,0,0,0,0,0,0,0,0,2,0,2,0,0,0,0,2,0,0,0,2,0,0,0,0,0,0,0,0,0,0,0,0,0,0,0,0,0,2,0,0,0,2,0,0,2,0,0,0,2,0,0,0,0,2,0,2,0,0,2,0,2,0,NA,0,0,0,2,0,0,0,0,0,2,0,2,0,0,0,2,0,2,2,0,0,2,0,0,0,0,0,2,0,0,0,0,0,0,0,0,0,0,2,2,2,2,0,2,0,0,0,0,0,0,0,2,0,0,0,0,0,0,0,0,0,0,0,0,2,0,0,2,0,0,0,0,0,2,2,0,0,0,0,0,0,0,0,0,0,0,2,2,0,0,2,0,0,0,0,0,2,0,0,0,0,0,0,0,0,2,2,0,0,2,0,2,0,0,2,0,0,0,0,0,0,0,0,0,0,0,0,0,0,0,0,2,0,0,0,0,0,0,2,0,0,2,0,0,2,0,0,0,0,0,2,2,0,0,0,0,0,0,0,0,0,0,0,2,0,0,0,0,2,0,0,0,0,2,2,0,0,0,2,0,0,2,0,2,0,0,0,0,0,2,0,0,0,0,2,2,0,2,0,0,0,0,0,0,0,0,0,0,0,0,0,0,0,0,0,2,2,0,0,0,0,0,0,2,2,0,0,0,0,0,2,0,2,2,0,0,0,0,2,NA,0,2,0,0,0,0,0,0,0,2,0,2,2,2,0,0,2,0,0,0,0,0,0,0,0,0,0,0,0,0,0,0,2,0,0,0,0,2,0,0,0,0,0,0,0,0,0,2,0,2,0,2,0,0,0,0,0,2,2,0,0,2,0,0,0,0,2,2,0,0,0,0,2,0,2,0,0,0,2,0,0,0,2,0,0,0,2,2,0,0,0,2,0,0,0,0,0,2,2,0,0,0,0,0,0,0,0,0,0,0,0,0,0,0,0,2,0,0,0,2,2,2,0,0,0,0,2,2,0,0,0,0,0,2,0,2,0,0,2,0,2,0,0,0,0,2,0,0,2,0,0,2,0,0,0,0,0,2,0,2,0,2,0,0,0,2,2,0,0,0,2,0,0,0,0,2,0,2,0,0,2,0,2,0,0,0,2,2,2,0,2,2,0,2,0,0,0,0,2,2,0,0,0,0,0,0,0,0,2,0,2,0,2,2,0,2,2,2,2,0,0,0,0,2,0,0,0,0,2,0,2,2,2,2,0,0,NA,2,0,2,2,0,2,0,0,0,0,0,2,2,0,0,0,0,0,0,0,2,0,2,2,2,0,0,0,0,0,0,0,2,0,0,0,0,0,0,0,0,2,0,0,0,2,0,2,2,0,0,0,0,0,2,2,2,2,2,0,0,0,0,0,0,0,0,0,0,0,0,2,0,0,0,0,2,0,0,0,NA,2,0,0,2,0,0,2,2,0,0,0,0,2,0,2,0,2,0,0,0,0,0,2,0,0,2,0,2,0,0,0,2,0,0,2,0,0,0,0,0,0,0,0,2,2,0,2,0,0,0,0,0,0,2,2,0,0,2,0,0,0,0,0,0,0,2,0,2,0,0,2,0,0,0,0,2,0,2,0,0,0,0,2,0,0,0,0,0,0,0,0,2,0,2,0,0,NA,0,0,2,0,0,0,0,2,0,0,0,0,0,2,0,0,0,0,0,0,0,0,0,2,0,0,0,0,0,0,0,0,0,0,2,0,0,2,2,0,0,2,2,0,2,0,0,2,0,2,0,0,2,0,0,0,0,0,0,2,0,2,2,0,0,2,0,0,0,0,0,0,0,0,0,2,2,0,0,0,0,2,0,2,0,0,0,2,0,0,0,0,0,0,0,0,0,0,0,0,2,0,0,0,0,0,0,2,0,0,0,0,0,0,NA,0,2,0,0,0,0,0,0,2,0,2,0,2,2,2,0,0,2,0,0,2,0,0,0,0,0,0,0,0,0,0,2,0,NA,0,2,0,0,2,0,NA,0,0,0,0,2,2,0,0,0,0,2,0,0,0,0,2,0,0,2,0,0,0,0,0,2,2,0,2,0,2,2,2,0,2,2,0,0,0,2,0,0,0,0,2,0,0,2,0,0,0,0,0,0,0,0,0,0,2,0,0,0,0,0,0,2,0,0,0,0,0,0,0,0,0,0,0,0,0,0,2,0,0,0,0,0,2,0,0,0,2,0,0,0,2,0,0,0,0,0,0,2,0,0,0,0,2,2,0,0,0,0,0,0,0,0,0,0,0,0,0,0,0,0,0,0,2,0,2,2,0,2,0,0,0,0,0,0,0,0,0,2,0,0,0,0,0,0,0,0,0,2,2,2,0,0,0,0,2,2,0,0,2,2,0,0,0,0,0,2,0,2,0,2,0,0,0,2,2,0,NA,0,0,2,0,0,0,2,0,2,0,2,2,0,2,0,2,2,0,0,0,2,0,2,0,2,0,0,0,0,0,0,2,0,2,0,0,0,0,0,0,2,0,0,0,0,0,0,0,0,2,2,0,0,0,0,0,0,0,2,0,2,0,2,0,0,0,0,0,0,0,0,0,0,0,0,2,0,0,0,2,0,2,0,0,2,0,0,0,0,0,0,0,0,0,0,0,0,0,0,2,0,0,0,0,0,2,0,2,2,0,0,0,0,0,0,2,0,0,0,0,0,0,0,0,2,2,0,0,0,0,0,0,0,0,0,0,0,0,0,2,0,0,0,0,0,0,0,0,2,0,0,0,0,2,0,0,0,0,0,0,2,0,0,0,0,0,0,0,2,2,0,0,0,0,0,0,0,2,0,0,0,2,0,0,0,2,2,0,0,2,0,2,2,0,0,0,0,0,0,0,0,0,2,0,0,0,0,2,2,2,0,0,0,0,2,2,0,0,0,0,0,0,0,0,0,0,0,0,2,0,0,0,0,0,0,0,2,0,0,0,2,0,0,0,0,0,0,2,0,0,0,0,0,0,2,0,0,0,0,2,0,2,0,0,0,0,0,0,0,0,0,2,2,0,2,2,2,0,0,0,2,2,0,0,0,0,0,2,2,0,0,0,0,2,0,2,2,0,0,0,0,0,0,0,0
"CC206",2,0,2,0,0,0,0,0,0,0,0,0,0,0,0,0,0,0,0,2,2,0,0,0,0,0,0,0,0,0,2,0,2,0,0,0,2,0,0,0,0,2,0,0,0,0,0,2,0,0,2,0,0,0,0,0,2,2,0,0,0,2,0,0,0,0,0,0,0,0,0,0,0,0,0,0,0,2,0,2,0,2,0,0,0,2,2,0,0,0,0,0,0,0,0,0,0,0,0,0,0,0,0,0,2,2,0,0,0,2,0,0,2,NA,0,0,0,2,0,2,0,0,0,2,0,0,0,0,0,0,0,0,0,0,0,0,0,0,0,0,0,0,0,0,0,0,2,0,0,0,0,0,0,0,0,0,0,0,0,2,0,0,0,2,2,2,2,0,0,0,0,2,0,0,0,0,2,0,2,2,0,0,0,0,0,0,0,0,0,0,0,0,0,0,2,0,0,0,2,0,2,0,0,2,0,2,0,0,0,0,0,0,0,2,0,2,0,0,0,0,0,0,0,0,0,0,0,2,0,0,0,0,0,2,0,0,0,2,2,0,2,0,0,0,2,0,0,0,2,0,0,0,2,0,0,0,0,2,0,0,0,0,0,2,2,0,2,0,0,0,0,0,0,2,2,0,0,0,0,0,2,0,0,0,0,0,0,0,0,0,0,2,2,0,0,2,0,0,2,2,2,0,0,2,2,2,0,2,0,0,0,0,0,0,2,0,0,0,0,0,0,0,0,0,0,0,0,0,0,0,0,2,2,0,0,2,0,0,0,0,0,0,0,2,0,0,0,0,2,0,0,0,2,0,0,0,0,0,0,0,0,0,0,0,0,0,0,0,0,2,0,0,0,0,2,2,0,0,2,2,0,0,0,0,0,0,2,0,2,0,0,0,2,0,0,0,0,2,0,0,0,0,0,0,2,0,0,0,0,2,0,0,0,0,0,2,0,2,0,0,0,0,2,0,2,0,2,2,0,0,0,0,0,0,2,0,0,0,2,0,2,0,0,0,0,2,0,0,2,0,0,0,2,2,2,0,2,2,0,2,0,2,0,0,0,0,0,0,0,0,2,2,0,2,0,0,0,0,2,0,0,0,0,0,0,2,0,0,2,0,0,0,0,2,0,0,0,0,0,2,0,0,2,0,0,0,0,0,2,2,0,0,0,2,0,2,0,0,0,2,0,0,2,0,0,2,2,2,0,2,0,0,0,0,0,2,0,2,2,0,0,0,2,0,0,0,0,2,0,2,2,0,2,2,0,0,2,0,0,0,2,0,0,0,0,0,0,0,0,2,0,0,0,0,2,0,0,2,0,0,2,2,2,0,0,0,2,0,0,0,0,0,2,0,0,0,0,2,0,0,2,0,2,0,0,0,2,2,0,0,0,0,0,0,2,0,0,0,0,0,0,0,0,0,0,2,0,0,2,0,2,0,0,0,0,0,0,0,0,2,0,0,2,2,0,0,0,2,0,2,2,0,0,0,2,0,2,0,0,0,0,2,0,2,2,0,0,0,2,0,0,0,0,2,0,0,2,0,0,0,0,0,2,0,2,0,0,0,0,0,0,0,0,0,2,0,2,0,0,0,0,2,0,0,0,0,0,0,0,0,0,2,0,0,0,0,2,0,2,0,0,0,0,0,0,0,0,0,0,0,2,0,2,0,0,0,0,2,0,0,0,2,2,0,0,0,0,2,2,0,2,0,2,0,0,2,0,0,2,0,2,2,0,2,0,0,0,0,2,0,2,0,0,0,0,0,0,0,0,0,0,0,0,2,0,0,0,2,2,0,0,0,0,0,2,2,0,0,0,0,0,0,0,0,0,0,0,2,0,0,2,0,0,0,0,0,0,0,0,0,0,0,2,2,0,0,2,0,0,0,0,0,0,0,0,2,0,0,0,NA,2,0,0,0,2,0,0,0,2,0,2,2,0,0,0,0,2,2,0,2,2,2,2,0,2,0,2,0,2,2,2,0,2,0,2,0,0,0,0,0,0,0,2,0,2,0,2,0,0,2,0,0,0,2,2,0,2,2,0,0,0,0,2,0,2,2,0,2,0,0,0,0,0,2,0,0,2,0,0,0,2,0,0,0,2,0,0,0,2,0,0,0,0,0,0,0,0,0,0,0,0,0,0,2,2,2,0,2,2,0,0,2,2,2,0,0,2,0,0,0,0,0,0,0,0,0,0,0,0,0,2,0,0,0,0,2,0,2,0,0,2,0,2,2,2,2,0,2,0,0,0,0,0,0,0,0,0,2,0,0,0,2,0,2,0,0,0,0,2,0,0,0,0,0,0,0,0,0,0,0,0,0,0,2,0,2,0,0,0,0,0,0,0,0,2,0,0,0,2,2,0,0,0,0,0,2,0,0,2,0,0,0,2,0,0,0,0,2,0,2,0,0,2,0,2,0,0,0,0,0,0,0,2,0,0,0,2,2,0,0,0,2,2,0,0,0,0,2,2,0,0,2,0,0,0,2,0,0,0,0,0,0,0,0,0,0,0,0,0,0,0,0,0,0,0,0,2,0,0,0,0,0,NA,0,0,0,0,2,0,0,2,0,0,2,0,0,0,0,0,0,0,2,0,2,0,0,0,2,0,0,0,0,0,0,0,0,0,0,0,2,2,2,0,0,0,0,0,2,0,0,0,0,0,0,0,2,0,0,0,0,2,0,0,2,0,0,0,0,0,0,0,2,0,0,0,2,0,0,0,0,0,0,0,0,2,NA,2,0,0,0,0,0,0,0,NA,0,0,0,0,0,0,0,0,0,0,0,2,0,0,2,0,0,0,0,0,0,0,0,0,0,0,2,0,0,0,0,0,0,0,0,0,0,0,0,0,0,0,0,2,0,0,0,0,0,0,0,2,2,0,0,2,2,0,0,0,0,0,2,0,0,2,0,0,0,0,0,0,0,0,0,0,0,0,0,0,0,0,0,2,2,0,0,0,0,2,0,0,0,0,0,2,0,0,0,0,0,0,2,2,0,0,0,0,0,2,2,2,0,0,0,0,0,0,0,0,0,2,0,0,0,0,2,2,0,2,0,0,0,0,0,0,0,2,2,0,0,0,0,0,0,0,0,0,0,0,0,2,0,0,0,0,2,0,2,2,0,0,0,0,0,2,2,0,0,0,0,0,0,0,0,0,0,0,2,0,0,2,0,0,0,2,0,0,2,0,0,0,0,2,2,0,0,0,2,0,0,2,0,0,0,0,0,0,0,0,NA,0,0,0,0,2,2,2,0,0,0,0,0,0,0,0,0,0,0,2,0,0,0,2,0,0,0,0,0,2,0,0,0,0,0,0,0,0,0,0,2,0,0,2,0,0,0,0,0,2,0,0,2,0,2,0,0,0,0,0,0,0,2,0,2,2,0,0,2,0,2,0,2,0,0,2,0,2,0,0,0,0,0,0,2,0,0,2,0,0,0,0,0,0,0,0,0,0,2,0,0,0,0,0,0,0,0,0,0,2,0,2,0,0,0,0,0,0,0,0,2,0,0,0,2,2,0,2,0,0,0,2,2,2,0,0,0,0,0,0,0,0,0,2,0,2,0,0,0,0,0,0,0,0,0,0,0,0,2,0,0,0,0,0,0,0,0,0,2,0,0,0,0,0,0,0,2,0,2,0,0,0,0,0,0,0,0,0,0,0,0,0,0,0,0,0,0,0,0,0,0,2,0,2,0,0,0,2,0,0,0,0,0,0,0,0,2,2,0,2,2,2,0,0,2,0,0,2,0,0,0,0,0,0,0,0,0,2,0,0,0,0,2,0,0,0,0,2,0,2,0,NA,0,0,0,2,0,0,2,2,0,0,0,0,0,0,2,0,0,0,2,0,0,2,0,0,0,0,0,0,NA,0,0,0,0,0,0,0,0,2,0,0,0,0,0,0,0,2,0,0,0,2,0,2,0,0,0,0,0,0,0,0,2,0,0,0,0,2,0,0,2,0,0,0,0,0,0,0,0,0,0,2,0,0,0,0,0,0,0,0,0,0,0,0,0,0,0,0,0,0,0,0,2,0,0,0,0,2,0,2,2,0,0,0,0,0,0,0,0,0,0,0,0,0,2,0,0,0,0,2,0,2,0,0,0,2,0,2,0,0,0,0,0,0,0,0,0,0,0,0,2,0,2,2,2,0,0,0,2,0,0,0,2,0,2,2,0,0,0,2,0,0,2,2,0,2,0,0,0,0,2,0,0,0,0,0,0,0,0,0,0,0,0,2,0,0,0,0,0,0,0,0,0,0,0,0,2,0,2,2,0,0,0,NA,0,0,0,0,0,0,0,0,0,0,2,0,0,2,0,0,0,0,0,2,0,0,2,0,0,0,0,0,0,0,0,2,0,0,0,2,0,0,2,0,0,0,2,0,0,2,0,0,2,0,0,0,0,0,0,2,0,0,0,0,0,0,0,0,0,2,0,0,0,0,0,0,0,0,0,2,0,0,2,0,0,0,0,0,0,0,0,0,0,0,0,2,2,0,0,0,2,2,2,0,0,2,2,0,0,0,0,0,0,0,0,0,0,0,0,0,0,0,0,0,0,0,0,0,0,0,0,2,2,0,0,0,0,0,0,0,0,0,0,0,0,0,0,0,0,0,0,0,0,0,0,0,2,0,0,0,0,0,2,0,0,0,0,0,0,0,0,0,0,0,0,0,0,2,2,2,0,0,0,0,0,2,2,0,0,0,0,2,0,0,0,0,0,0,0,0,2,2,0,0,0,0,0,0,0,2,0,0,0,2,2,0,0,0,2,0,2,0,0,2,0,0,2,2,2,2,0,0,0,0,0,2,0,0,0,0,0,0,0,0,0,0,2,0,0,0,0,0,2,2,2,0,0,0,0,2,0,2,0,0,2,0,0,2,0,2,0,0,0,2,0,0,0,0,0,0,0,0,0,2,0,0,2,2,0,2,2,0,0,0,0,0,2,0,0,0,0,0,0,2,0,0,0,0,0,0,0,0,0,0,0,2,0,2,0,0,0,0,0,2,2,0,0,0,NA,0,0,0,0,0,0,0,0,0,2,0,2,0,0,0,0,0,0,0,0,0,2,0,0,0,0,0,0,0,2,0,0,0,0,0,0,2,0,0,0,0,0,0,0,0,0,0,0,0,0,2,0,0,0,2,0,0,0,0,2,0,0,0,0,0,0,0,0,2,0,0,0,0,0,0,2,0,0,0,2,0,0,0,0,0,2,2,NA,0,0,2,0,0,0,0,2,0,0,0,2,0,0,0,0,0,2,0,0,0,0,2,0,0,0,0,0,0,0,0,0,0,0,0,0,0,0,0,0,0,2,2,0,0,0,0,0,0,0,2,0,0,0,2,0,0,0,0,0,0,0,0,0,0,0,0,0,0,0,0,0,0,0,0,0,2,0,2,0,0,0,0,0,2,2,0,0,0,0,0,0,2,2,0,0,0,0,0,0,0,0,0,0,0,0,0,0,0,0,2,2,0,2,2,0,0,2,0,0,0,0,0,0,0,0,0,0,0,0,0,0,0,0,0,0,0,2,0,0,0,0,0,0,0,0,0,0,0,0,0,0,0,0,0,2,2,0,0,0,0,0,2,0,0,0,2,0,0,0,0,0,0,0,2,0,0,0,0,0,0,0,0,0,2,0,0,2,0,0,0,0,0,0,0,0,0,2,2,0,0,0,0,0,0,0,0,0,0,0,0,0,0,0,0,0,0,0,0,0,0,0,0,0,0,0,0,0,2,0,2,0,0,0,0,0,0,0,0,0,0,0,2,0,0,2,0,0,0,0,0,0,0,0,0,0,0,0,0,0,2,0,0,0,0,0,0,0,0,0,2,0,0,0,0,0,2,2,0,0,0,0,2,0,2,0,2,0,0,2,0,0,0,0,0,2,0,0,0,0,0,0,0,0,0,0,0,2,2,2,0,2,2,0,0,0,0,0,0,0,0,0,0,0,2,0,2,2,2,0,0,2,0,0,0,0,0,0,2,0,2,0,0,0,2,0,0,0,0,0,0,0,2,0,0,0,0,0,0,2,0,2,0,0,0,0,0,2,2,0,0,0,0,0,0,0,0,2,0,2,0,0,0,0,2,0,0,2,0,0,0,0,0,0,0,2,0,0,0,0,0,2,2,0,0,0,2,0,2,0,2,0,0,0,0,0,0,0,0,0,2,2,0,0,0,0,0,0,0,2,0,2,2,2,0,0,0,0,0,0,0,2,0,0,0,0,0,0,0,0,2,0,0,0,0,0,2,2,0,0,2,0,0,2,0,0,0,0,2,0,0,0,2,2,0,0,2,2,2,0,0,0,2,0,0,0,0,0,0,0,0,0,0,0,0,0,0,2,2,0,0,0,0,0,0,0,0,2,0,0,0,2,0,0,0,0,0,0,0,0,2,0,0,0,0,0,0,0,0,2,0,0,0,0,0,0,0,2,0,0,0,0,0,2,0,0,0,0,2,0,0,0,2,0,0,0,0,2,0,0,0,0,0,0,0,2,0,0,0,0,0,0,0,0,0,0,0,0,0,0,2,0,0,2,0,2,2,0,0,0,0,0,0,2,2,0,0,0,0,0,0,2,0,0,2,0,0,0,0,0,0,2,0,0,0,0,0,0,2,0,0,0,2,2,2,2,2,0,0,0,0,0,0,0,0,0,0,2,2,2,0,0,0,0,0,0,2,0,0,2,0,2,0,0,0,0,2,2,0,0,0,0,0,0,0,0,0,0,0,0,0,0,0,0,0,0,2,0,0,0,0,2,0,0,0,0,0,0,0,2,0,0,0,2,0,0,0,0,0,0,2,0,0,0,0,0,0,0,0,2,0,0,0,0,2,0,0,0,0,0,0,0,0,2,0,0,0,0,0,2,0,0,0,2,0,0,0,0,0,0,0,0,2,0,0,0,0,0,0,0,2,0,0,0,0,0,0,0,0,0,0,0,0,0,2,0,0,0,0,0,0,2,0,0,0,0,0,0,0,0,0,0,0,0,2,2,2,2,0,0,0,0,0,0,0,0,0,0,0,0,2,2,0,0,2,0,0,0,0,0,0,0,0,0,0,0,2,0,0,0,0,2,0,2,2,0,0,2,0,0,0,0,0,2,2,0,0,0,0,0,0,0,2,2,2,0,0,0,0,0,0,0,0,0,0,0,0,0,0,0,0,0,0,0,0,0,0,0,0,0,0,0,0,0,0,0,0,0,0,0,0,0,0,0,0,0,2,0,2,2,0,0,0,0,0,0,2,0,0,2,0,0,0,0,0,2,0,2,0,2,0,2,0,0,0,0,0,2,2,0,0,0,2,0,0,0,0,2,0,0,0,0,0,2,0,0,2,0,0,2,0,0,0,0,2,2,0,0,2,0,0,0,0,0,0,2,0,0,2,2,0,2,0,2,2,2,0,NA,0,0,0,0,2,0,2,0,0,2,2,2,0,0,0,0,2,2,0,2,0,0,0,0,0,0,0,0,0,0,0,0,2,0,0,0,NA,0,0,0,0,0,2,0,0,0,0,0,0,0,2,0,0,2,0,0,0,0,2,0,0,0,0,2,2,0,2,0,0,0,0,0,0,0,0,0,0,0,0,2,0,0,0,0,0,0,0,0,0,0,0,0,0,0,0,0,2,0,0,2,2,0,0,2,0,0,2,0,0,0,0,2,0,0,0,2,0,0,2,0,0,2,0,0,0,0,2,0,0,0,0,0,0,0,0,0,0,2,0,0,2,2,0,0,0,0,0,0,0,2,0,0,0,0,0,2,2,0,0,0,0,2,0,0,0,2,0,0,0,0,2,2,2,0,0,2,0,0,0,0,2,0,0,0,0,0,0,2,2,2,0,0,0,2,0,0,0,0,2,2,2,0,0,0,2,2,0,2,2,0,0,0,0,0,0,0,2,0,0,0,0,0,0,0,0,2,0,0,0,0,0,0,2,0,0,0,0,0,0,0,0,2,0,0,2,0,0,0,0,0,2,2,0,0,0,2,0,0,0,0,0,2,0,0,0,0,0,0,0,0,0,0,0,0,0,0,0,0,0,0,0,0,0,0,0,0,0,0,0,0,0,0,0,0,0,0,0,0,0,0,2,2,0,0,2,0,0,0,2,0,0,0,0,0,0,0,0,0,0,0,0,0,0,0,0,2,0,2,0,0,0,0,0,0,0,0,0,0,2,0,0,2,0,0,0,0,0,0,0,0,0,0,0,0,2,2,0,0,0,2,0,2,0,2,2,2,2,0,0,2,0,0,0,0,0,0,0,0,0,0,2,2,0,0,0,0,0,0,0,0,2,2,0,0,0,0,0,0,2,0,2,2,0,0,0,0,0,0,0,2,2,0,0,0,0,0,0,0,0,0,0,0,0,0,0,0,2,0,0,0,0,0,0,0,0,0,0,0,0,0,0,0,0,0,0,0,0,0,2,2,2,0,0,0,NA,0,2,0,0,2,0,0,0,2,0,0,0,0,0,0,0,0,2,0,0,0,0,2,2,0,0,0,0,0,0,0,0,0,0,0,2,2,0,0,0,0,0,2,0,0,0,0,0,2,0,0,0,0,0,0,2,2,0,0,0,0,0,0,0,0,2,0,2,0,0,2,0,0,0,0,0,2,0,0,0,0,0,0,0,0,0,2,0,0,0,2,0,0,2,0,2,0,0,0,2,0,0,0,0,0,0,0,0,0,0,0,0,0,0,0,0,0,0,0,0,0,0,2,0,0,0,0,0,0,0,0,0,0,0,0,0,0,0,0,0,0,0,0,0,0,0,0,0,0,0,0,0,0,0,0,0,0,0,0,0,0,2,0,0,0,0,2,2,0,2,0,0,0,0,0,0,0,0,0,0,2,0,0,0,0,2,0,0,2,0,0,2,2,0,2,0,0,2,2,0,2,0,0,0,2,0,2,0,0,0,2,0,0,0,0,0,0,0,2,0,0,0,0,0,0,0,2,0,0,2,2,0,0,0,2,2,2,2,0,0,0,0,0,2,0,2,0,0,0,0,0,0,0,2,0,0,0,2,2,0,2,0,0,0,2,0,0,0,0,0,0,0,0,0,0,0,2,0,0,0,0,0,0,0,0,0,2,2,2,2,0,2,0,0,0,2,2,0,2,2,0,2,0,0,0,0,0,0,0,2,0,0,0,0,0,0,0,0,0,0,0,0,0,2,0,0,2,0,0,0,0,2,0,0,0,0,0,2,0,0,0,0,2,0,0,0,0,0,0,0,0,0,0,0,0,0,0,0,0,0,2,0,0,0,0,0,2,0,0,0,0,2,0,0,2,0,2,0,2,0,0,0,0,0,0,0,0,0,0,0,0,0,0,0,0,0,2,2,0,2,2,0,0,0,0,0,2,2,0,0,0,0,2,2,0,0,0,0,0,2,0,2,0,0,0,2,2,2,0,0,0,0,0,0,0,0,0,0,0,2,0,0,0,2,0,0,2,0,0,0,0,2,0,2,0,0,0,0,2,2,0,0,0,2,0,0,0,0,0,0,0,0,0,0,0,0,0,0,0,0,2,2,0,0,0,0,0,0,0,0,0,0,2,2,0,0,2,0,0,0,0,0,0,0,0,0,0,0,2,0,0,0,0,0,0,0,0,0,2,0,0,0,0,2,2,0,0,0,0,2,0,0,0,0,0,0,0,0,0,0,0,0,2,0,0,0,0,0,0,0,0,0,0,0,0,0,0,0,0,0,0,2,0,0,0,0,0,0,0,0,0,0,0,0,0,0,0,0,0,2,0,0,0,0,0,0,0,0,0,2,0,2,0,0,2,0,0,0,0,2,0,0,0,2,0,0,2,2,2,0,0,2,0,2,0,0,0,0,0,0,2,2,2,0,2,0,2,0,0,0,0,0,0,0,0,0,0,0,0,0,0,0,0,0,0,0,0,0,0,2,0,0,0,2,0,0,2,0,0,0,0,0,0,0,0,0,0,0,2,0,2,0,0,2,0,2,0,0,0,0,0,2,0,0,0,0,2,2,0,0,0,0,2,2,0,0,0,2,2,0,0,0,0,0,2,2,0,2,2,0,0,2,0,0,0,0,0,0,0,0,0,0,0,2,2,0,0,2,0,0,0,2,2,0,0,0,0,0,0,0,0,0,0,0,0,0,0,0,0,0,0,0,0,0,0,0,0,0,2,0,0,0,0,2,0,0,0,0,0,0,0,0,2,0,0,2,2,0,0,0,0,0,2,0,0,0,2,0,0,2,0,0,0,0,0,0,0,0,2,2,0,0,0,0,2,0,0,0,0,0,0,0,2,0,0,0,0,0,0,0,2,0,0,0,0,0,2,2,2,0,0,0,2,2,0,0,0,0,0,2,0,0,0,2,0,0,0,0,2,0,0,0,0,0,0,0,0,0,0,2,0,2,2,0,2,0,0,0,0,2,0,2,2,2,0,2,0,0,0,0,2,0,2,0,2,0,2,0,2,2,0,0,0,0,2,2,0,0,0,0,0,2,0,0,0,2,2,2,0,0,0,0,0,0,0,2,0,0,0,0,0,0,0,2,2,0,0,0,0,0,0,0,0,0,0,0,0,2,0,2,0,0,0,0,2,0,0,0,0,0,2,0,0,0,0,0,2,0,0,0,0,0,2,2,0,0,0,0,0,2,0,2,0,NA,0,0,0,0,2,0,0,0,0,0,0,0,0,0,0,2,0,0,2,0,0,0,2,2,0,0,2,0,0,0,0,2,0,0,0,0,2,0,0,0,2,0,2,0,0,0,0,0,0,0,0,0,0,2,0,2,0,0,0,0,2,0,0,0,0,0,0,0,2,2,2,0,2,0,2,0,0,0,0,0,0,0,0,0,2,0,0,0,0,0,0,0,0,0,2,2,0,0,0,0,0,0,0,0,0,0,2,2,0,0,0,0,0,0,0,0,0,0,0,0,0,2,0,0,0,0,0,0,0,0,0,2,0,0,0,0,0,0,0,0,0,0,0,2,0,0,0,2,0,0,0,0,0,0,0,0,0,0,0,0,2,0,2,0,0,0,0,0,0,0,0,2,0,0,0,2,0,0,0,0,0,0,0,0,0,0,2,0,2,0,0,0,0,2,0,0,0,0,0,2,2,0,0,0,0,0,0,0,2,0,0,2,0,0,0,2,0,0,0,0,0,0,0,2,0,0,0,2,0,2,0,0,0,0,0,2,0,0,2,0,0,0,0,0,0,2,0,0,2,2,0,0,0,0,0,0,NA,2,0,0,0,2,0,0,2,2,0,0,0,2,2,0,0,0,2,0,0,2,0,0,0,2,0,0,NA,0,2,0,0,2,0,0,2,2,2,0,0,0,2,0,2,2,0,2,0,0,0,0,0,0,0,2,2,0,0,0,0,0,0,2,0,0,2,0,0,2,2,0,2,0,2,0,0,0,0,0,0,0,0,0,0,2,0,0,0,0,0,2,0,0,0,2,0,0,0,0,0,0,0,NA,0,2,0,2,0,0,2,0,2,2,0,0,0,0,2,2,0,2,0,0,2,0,2,0,0,0,0,2,0,0,2,0,0,0,0,0,2,0,2,0,2,0,0,0,0,0,0,2,2,0,0,0,2,2,0,0,0,0,0,0,0,0,0,0,0,0,2,2,0,0,0,2,0,0,0,0,0,0,0,0,2,0,0,0,2,0,0,2,0,0,0,0,0,0,0,2,0,0,0,0,0,0,2,0,2,0,0,2,0,0,0,0,0,0,0,0,0,0,0,2,0,0,0,0,0,0,0,2,0,0,2,0,0,0,0,0
"CC207",0,0,0,0,0,0,0,0,0,0,0,0,0,0,0,0,0,0,0,2,2,0,0,0,2,0,0,0,0,0,0,0,0,0,2,0,2,0,0,0,2,2,0,2,0,0,0,0,0,0,2,0,0,0,0,0,2,0,0,0,0,0,0,0,0,2,0,0,0,0,0,0,0,0,0,0,0,0,0,2,0,0,0,0,0,2,0,0,0,2,0,0,0,0,0,0,0,0,0,0,2,0,0,2,2,0,0,NA,0,0,0,0,0,0,0,0,0,0,0,0,0,0,0,0,0,2,0,0,0,0,0,0,2,0,0,0,0,0,0,0,0,0,0,2,0,0,0,2,0,0,2,0,0,0,0,0,0,0,0,0,0,0,0,0,0,0,0,0,2,0,2,0,0,0,0,0,0,0,2,0,0,0,2,0,0,0,0,0,2,2,0,0,0,0,0,0,0,0,0,0,0,2,0,2,2,0,0,0,0,0,0,0,0,0,0,0,0,0,2,0,2,0,0,2,0,0,0,2,2,2,0,0,0,0,0,0,0,0,0,0,2,0,0,0,2,0,0,0,0,0,0,0,2,2,2,0,2,2,2,0,0,2,0,0,2,0,0,0,0,0,0,0,0,2,0,0,0,0,0,0,0,0,0,0,2,0,0,2,0,2,0,NA,2,0,2,2,0,0,0,0,0,0,0,2,0,0,2,0,2,0,0,0,NA,0,2,2,0,2,0,0,2,0,0,0,0,0,0,2,2,0,0,0,2,0,0,0,2,0,2,0,2,2,0,0,2,0,0,2,0,0,0,0,0,0,0,0,2,2,0,0,0,0,2,0,0,2,0,0,0,0,2,0,2,0,2,2,0,0,0,2,0,2,0,0,0,0,2,2,0,0,0,2,0,0,0,0,0,0,2,0,0,0,0,2,0,2,0,2,0,0,2,0,2,0,0,0,0,2,0,0,0,0,0,0,2,0,0,0,0,2,2,0,2,0,0,2,2,0,0,0,0,0,2,0,0,2,0,0,2,0,0,0,2,0,2,0,0,2,0,2,2,0,0,0,0,0,0,2,0,0,2,2,0,2,0,0,0,0,2,0,0,0,0,0,0,0,0,2,0,0,0,2,0,2,0,0,0,0,0,0,0,0,2,0,0,0,0,0,0,2,0,0,0,0,2,0,0,0,0,0,0,0,0,0,2,2,2,0,0,0,0,0,2,0,0,0,0,0,0,0,2,0,0,0,0,0,0,0,0,0,0,0,0,0,0,0,2,0,0,0,0,0,0,0,0,0,0,0,0,0,0,0,0,0,0,0,0,0,2,0,0,2,0,0,0,0,0,0,0,2,0,0,0,0,0,0,2,2,0,2,0,0,2,2,0,0,0,0,0,0,0,0,2,0,2,0,2,0,0,0,0,0,2,2,0,0,2,0,0,2,0,2,0,0,0,0,NA,2,2,2,2,2,0,2,0,0,0,2,0,0,2,2,2,2,2,0,2,0,0,2,0,0,0,0,0,2,0,2,0,0,0,2,0,0,0,0,0,0,2,0,0,0,0,0,2,0,2,0,2,0,0,0,0,0,0,0,2,0,0,0,0,2,0,0,0,0,0,0,0,0,0,2,2,0,0,0,2,2,0,0,0,0,0,0,0,0,0,0,0,2,0,0,0,0,0,0,0,0,0,0,0,0,0,0,0,0,0,2,2,2,0,0,2,0,0,0,0,0,2,0,0,0,0,0,0,0,0,0,2,2,0,2,0,0,0,0,2,2,0,0,0,0,2,0,0,0,2,2,2,2,0,0,2,0,0,2,2,0,0,0,0,0,0,0,0,0,0,2,0,0,2,0,2,0,2,0,2,0,0,0,0,0,2,0,0,0,0,0,0,0,0,0,2,0,0,0,2,0,0,0,0,0,0,2,0,0,0,0,0,2,0,2,0,0,2,0,0,0,0,2,0,0,2,2,0,2,0,0,0,0,0,0,0,0,2,0,0,0,0,0,0,0,0,0,0,0,2,0,0,2,0,0,0,0,2,0,0,0,0,0,0,0,2,2,2,0,0,0,0,0,0,2,0,0,2,2,0,0,0,0,0,0,0,0,0,0,0,2,0,0,0,0,0,0,2,2,0,0,0,0,0,2,NA,0,0,0,0,0,2,0,2,2,0,0,0,0,2,0,0,0,0,0,0,0,0,0,0,2,0,0,0,2,0,0,2,0,0,2,0,0,0,0,2,0,2,2,0,0,0,0,2,0,0,0,0,0,0,2,0,0,0,0,0,2,0,0,0,0,0,0,0,2,0,2,0,0,2,2,0,2,0,0,0,0,0,0,2,0,0,0,0,0,0,2,0,0,0,0,0,2,0,0,0,0,0,2,0,0,2,0,0,2,0,2,0,0,0,0,0,2,0,0,0,0,2,0,2,0,0,2,0,0,0,0,2,2,0,0,0,0,2,2,0,0,0,0,0,0,2,0,0,0,2,0,0,0,0,0,0,0,2,0,0,2,0,0,0,2,2,0,0,0,2,2,0,2,0,0,0,2,0,2,2,0,2,0,0,0,0,0,2,0,0,0,0,0,0,0,0,0,0,0,0,2,2,0,0,2,2,2,0,2,0,2,0,0,0,0,0,2,2,2,0,0,2,2,0,0,0,2,0,0,0,2,0,0,0,0,0,0,2,0,0,0,2,0,0,0,2,0,2,0,2,0,2,2,0,0,2,2,0,2,0,0,0,0,0,0,0,2,0,0,0,2,0,0,0,0,0,0,0,2,0,0,2,2,0,0,0,0,2,0,2,0,0,NA,2,2,0,0,0,0,0,2,0,2,2,0,2,0,2,0,0,2,2,0,2,0,0,0,0,0,0,2,2,2,0,0,0,0,0,0,0,2,0,0,2,0,2,0,0,0,0,2,0,0,0,2,0,2,2,2,0,0,2,0,2,NA,0,0,0,0,0,2,2,0,0,0,0,0,0,0,0,0,0,0,0,2,2,0,0,0,2,0,0,0,2,0,0,0,0,2,0,0,0,0,0,0,0,2,0,2,0,2,2,0,0,0,0,0,0,0,2,0,0,0,0,2,0,0,0,0,0,0,0,0,2,0,2,0,NA,0,0,2,0,0,0,2,0,0,0,2,2,0,2,2,2,0,0,2,0,0,0,2,2,0,2,0,2,2,2,0,0,2,0,0,0,0,0,2,2,0,0,2,0,0,0,0,0,0,0,0,0,0,2,2,2,2,2,0,2,2,0,0,0,2,0,0,0,2,0,2,NA,0,2,0,2,0,0,2,2,0,2,0,0,0,0,0,0,0,0,0,0,0,0,0,2,2,2,0,0,0,0,0,2,0,0,0,2,0,0,0,0,0,0,0,0,2,2,2,0,0,2,0,2,0,0,2,0,0,0,0,0,0,0,0,0,0,0,2,0,0,2,2,0,0,2,0,0,0,2,2,0,2,0,2,0,2,2,2,0,0,2,0,2,0,0,0,0,0,0,0,0,0,0,2,2,0,0,0,0,0,0,0,0,0,2,0,0,0,0,2,0,0,2,0,2,0,0,2,0,2,0,0,0,0,0,0,2,0,0,2,2,0,2,0,0,0,0,0,0,0,0,0,0,0,0,0,0,0,2,0,0,0,0,0,2,0,0,0,0,2,0,2,0,2,2,0,0,0,0,2,0,0,0,0,0,0,0,0,0,2,0,2,0,0,0,0,0,0,0,0,0,0,0,2,2,0,0,0,0,0,0,0,2,0,0,2,0,0,0,0,0,0,0,2,0,0,0,0,0,0,0,2,0,0,2,0,0,0,0,0,0,0,0,2,0,0,0,2,2,0,2,0,0,0,2,0,0,0,2,2,0,0,0,2,0,0,2,0,0,0,0,2,2,0,0,0,0,0,2,0,2,0,2,0,0,0,0,2,0,0,0,0,0,2,0,0,0,2,0,0,2,0,0,0,0,0,0,0,0,0,0,0,0,0,2,0,0,0,0,0,0,0,0,0,2,0,0,0,0,0,2,0,0,0,0,0,0,0,0,0,0,2,2,2,0,0,2,0,0,0,0,2,0,0,0,2,2,2,0,0,0,0,0,0,0,0,2,0,0,0,0,2,0,0,2,0,0,0,0,0,0,0,0,0,0,0,2,0,0,0,0,0,2,0,0,0,2,2,2,0,0,0,0,0,0,0,0,0,0,0,0,2,0,0,0,0,0,0,0,0,0,0,2,2,0,0,2,0,0,0,0,0,0,0,0,0,0,2,0,0,0,0,0,0,0,0,2,0,0,0,0,0,0,0,NA,0,0,2,0,2,0,0,0,0,0,0,0,2,0,2,0,0,0,0,0,0,2,0,0,2,0,0,0,2,0,0,2,0,0,0,0,0,0,0,2,0,0,0,2,0,2,0,0,0,2,2,0,2,0,0,0,0,0,0,0,0,2,0,0,0,0,2,0,2,0,0,0,0,0,0,0,0,0,0,0,0,0,0,0,0,0,0,0,0,0,0,0,0,0,0,0,0,0,0,0,0,0,0,0,0,0,2,0,0,2,0,2,0,2,0,0,0,0,0,0,0,0,0,2,0,0,2,0,2,0,2,0,2,2,2,0,2,0,0,0,0,0,0,0,0,0,0,2,2,0,2,0,0,0,0,0,0,2,0,0,0,0,0,2,0,0,0,0,0,0,0,0,0,0,2,0,0,0,0,2,2,0,0,0,0,0,0,0,2,2,0,0,0,2,0,2,0,0,0,0,0,2,2,0,NA,2,0,0,0,0,0,2,0,0,2,2,0,0,0,0,0,0,2,0,0,0,2,2,0,0,0,0,0,0,0,0,0,0,0,0,2,2,2,0,0,0,0,2,0,2,0,0,0,0,0,0,0,0,0,0,0,2,0,0,0,0,0,0,0,0,0,0,0,0,0,0,2,2,0,0,0,0,0,0,0,2,0,0,0,2,0,0,0,0,0,2,2,0,0,0,2,0,0,2,0,0,2,0,0,0,0,2,0,0,0,0,0,0,0,0,0,0,2,0,0,2,0,2,2,0,2,0,0,0,0,0,2,0,2,0,0,0,0,0,0,2,0,2,0,0,0,0,0,0,2,0,0,2,0,0,0,0,0,0,0,0,0,0,2,0,0,2,0,0,0,0,0,0,2,0,0,0,0,2,0,0,0,0,2,2,0,0,0,0,0,0,2,0,0,0,0,0,0,2,0,0,0,2,0,0,0,0,2,2,0,0,2,0,0,0,0,2,0,0,0,0,0,0,0,0,0,0,0,0,0,0,0,0,2,0,0,0,0,0,0,0,0,0,2,0,0,0,0,0,0,0,0,2,2,0,0,2,0,0,2,0,0,2,0,0,0,0,2,0,0,0,0,0,0,0,0,0,0,0,0,2,0,0,0,0,0,0,0,0,0,0,0,0,0,0,0,0,0,0,0,0,0,2,2,0,0,0,0,0,0,0,0,0,0,0,0,0,0,0,0,0,0,2,0,0,0,2,0,0,0,0,0,0,2,0,0,0,0,2,0,0,0,2,2,0,0,0,0,2,0,0,0,0,0,2,0,2,0,0,0,0,0,0,0,0,NA,0,0,0,0,0,0,0,0,2,0,0,2,0,0,2,0,0,0,2,2,0,0,0,2,2,0,0,0,0,0,0,2,0,0,2,0,2,0,0,0,0,2,2,0,0,0,0,0,0,0,0,0,0,0,0,0,0,0,0,2,0,2,0,0,0,2,0,0,0,0,0,2,0,0,0,0,2,0,2,0,0,0,0,0,0,0,0,0,0,0,0,0,0,2,0,0,0,0,0,2,0,0,0,0,2,0,0,0,0,0,0,0,0,0,0,0,0,0,0,0,0,2,0,0,0,0,0,0,0,0,0,0,0,0,0,2,0,0,0,2,0,2,0,0,0,2,0,0,0,0,0,0,0,0,0,0,0,0,2,0,2,0,2,2,0,0,0,0,0,0,0,0,0,0,2,2,0,0,0,0,0,2,0,0,0,0,0,0,0,0,0,0,0,0,0,0,0,0,0,2,0,2,2,0,0,0,0,0,0,0,0,2,0,2,2,0,2,0,0,0,0,0,2,2,0,0,0,0,0,0,0,0,0,0,0,0,0,0,0,0,0,0,0,0,0,0,0,0,0,0,0,0,0,2,0,0,0,2,0,0,0,0,0,0,0,0,0,2,2,0,0,0,2,2,2,0,0,2,0,0,0,0,2,2,0,2,0,0,2,0,0,0,2,0,0,0,0,0,0,0,0,2,2,0,0,0,0,0,2,0,0,0,0,0,0,0,0,0,2,0,0,0,2,0,0,2,2,0,2,0,2,0,0,2,0,2,0,2,0,2,0,2,0,0,0,2,0,0,0,0,0,0,0,0,2,2,0,0,0,0,0,0,0,0,0,0,0,0,0,0,2,0,0,0,0,0,0,2,0,0,0,0,2,0,0,0,2,0,0,0,0,2,0,0,2,0,0,0,0,2,0,0,0,0,0,0,0,0,0,0,0,0,0,0,0,0,0,2,0,0,0,0,0,2,0,2,0,0,0,2,0,0,0,0,0,0,0,0,0,0,0,0,0,0,0,2,0,2,0,0,0,0,2,0,0,0,0,2,0,2,0,0,0,0,0,0,0,0,0,0,0,2,0,0,0,2,0,0,0,0,2,0,0,2,0,2,0,0,0,0,2,2,0,0,0,0,0,0,2,0,0,0,2,0,0,0,0,0,0,0,2,0,2,0,0,0,0,0,0,0,0,0,0,0,0,0,0,2,0,0,2,0,2,0,0,0,0,0,0,0,0,0,0,0,2,0,2,0,0,0,0,0,0,0,0,0,0,2,0,0,0,0,0,0,0,0,0,0,0,0,0,2,0,0,0,0,2,0,0,0,0,0,0,0,0,0,0,0,0,0,0,0,0,0,2,2,2,0,2,0,0,0,0,0,0,2,2,0,2,0,0,0,0,0,0,2,0,0,0,0,0,0,0,0,2,0,0,0,0,2,0,0,0,0,0,0,0,0,0,0,0,0,0,0,0,0,0,0,0,0,2,0,0,0,0,2,0,0,2,0,0,0,0,0,0,2,0,0,0,0,0,2,0,0,0,0,0,0,0,0,0,0,0,0,0,0,0,0,0,2,0,2,0,2,0,0,0,0,2,0,0,0,0,0,0,0,0,0,0,2,0,0,0,0,0,2,0,2,0,0,2,0,0,0,0,0,0,2,0,0,0,2,0,2,0,0,0,0,0,0,0,0,0,2,0,0,0,0,0,0,0,0,0,2,0,0,0,2,0,0,0,0,0,0,0,0,0,0,0,0,0,0,0,0,0,2,0,0,0,0,2,2,0,2,0,0,0,0,0,2,0,2,0,0,0,2,2,0,0,0,0,0,2,0,0,2,0,0,0,0,0,0,2,0,0,0,2,0,0,0,0,0,0,0,0,0,0,0,0,0,0,0,0,0,0,0,0,0,0,0,0,0,2,0,0,0,2,0,0,0,0,0,0,0,0,0,0,0,0,0,0,0,2,0,0,2,0,0,0,0,0,0,0,2,0,2,0,0,0,0,0,0,0,NA,2,2,0,2,0,0,0,0,0,0,0,0,0,0,0,0,0,0,0,0,0,0,0,0,0,0,2,0,0,0,0,2,0,2,0,0,0,2,0,0,0,0,0,0,2,0,0,0,0,0,0,0,0,0,0,0,0,0,0,0,0,0,0,0,0,0,0,0,0,0,0,0,0,0,0,0,0,0,0,2,0,0,0,0,0,0,0,0,2,2,2,0,0,2,2,0,2,2,2,0,2,0,0,0,0,2,2,2,0,0,0,2,2,0,0,0,2,2,2,0,0,0,2,2,0,2,2,0,0,2,2,2,0,0,0,0,0,0,2,0,0,0,0,0,0,0,0,0,2,0,0,0,0,0,0,0,0,0,0,0,2,0,0,0,0,0,0,0,2,2,0,0,0,2,0,0,0,0,2,0,0,0,0,0,0,0,0,0,0,0,2,0,0,0,0,0,0,0,0,0,0,0,0,0,0,2,0,0,2,0,0,0,0,0,0,2,0,0,2,2,0,2,2,0,0,0,0,0,0,0,0,2,0,0,0,0,0,0,0,0,0,0,0,0,0,0,0,2,0,2,0,0,0,0,0,0,0,0,0,0,0,0,0,0,0,0,0,0,0,0,0,0,2,0,0,0,2,2,2,0,2,2,0,2,0,0,0,2,0,0,0,0,0,0,0,0,0,0,0,0,0,2,2,0,0,0,2,0,0,0,0,0,0,0,0,0,2,2,2,0,0,0,2,0,0,0,0,0,0,0,0,0,0,0,0,0,0,2,0,0,0,0,2,0,0,0,0,0,0,0,0,0,0,0,2,0,0,0,2,2,0,0,0,0,0,0,0,0,0,0,2,0,0,0,0,0,0,0,2,2,0,2,2,0,0,0,0,2,0,0,0,2,0,0,2,0,0,0,0,0,0,0,0,2,0,0,0,0,2,0,0,0,0,0,0,0,2,0,0,2,0,0,0,2,2,0,2,0,0,2,2,0,0,0,0,0,0,0,2,0,2,0,0,2,0,0,0,0,2,0,0,0,0,0,2,2,0,0,0,2,0,0,0,0,0,0,0,0,2,0,0,0,0,0,0,0,0,0,2,0,0,0,0,0,0,0,0,0,0,0,0,2,0,0,0,0,0,0,0,0,2,0,0,0,0,0,2,0,0,2,2,0,2,0,0,2,2,0,0,0,2,0,0,0,0,0,0,0,0,0,0,0,0,0,0,2,0,0,0,0,0,0,0,0,0,0,2,0,0,0,0,0,0,0,0,0,2,2,0,0,0,0,2,0,2,2,0,2,0,2,0,2,0,2,2,0,0,0,0,0,0,2,0,0,0,2,2,2,0,0,2,0,0,0,0,0,0,0,0,0,0,0,0,0,0,0,0,0,0,0,0,0,0,0,0,2,0,0,0,0,0,0,0,0,0,2,0,0,0,0,0,2,0,0,0,0,0,0,0,0,0,0,0,0,0,0,0,0,2,0,0,0,0,0,0,0,0,0,0,0,2,0,0,0,0,0,0,0,0,0,0,0,0,0,0,0,0,0,0,0,0,0,0,0,0,0,0,0,0,0,0,2,0,0,0,0,0,2,2,2,0,2,0,0,0,0,0,0,2,0,0,0,0,2,0,2,0,0,0,0,2,2,2,0,0,0,0,0,2,2,2,0,0,2,0,0,2,0,0,0,0,2,2,0,0,0,0,0,0,2,0,0,0,0,0,0,0,0,0,0,0,0,0,0,0,0,2,0,2,0,2,0,2,0,0,0,0,0,0,0,0,2,0,0,0,0,0,0,0,0,0,0,2,2,0,0,0,0,0,0,0,0,0,0,0,2,0,0,0,0,0,0,0,0,2,0,2,2,0,0,2,0,2,0,0,0,2,0,0,0,0,2,0,0,0,0,0,0,0,0,2,0,0,0,0,0,0,0,2,0,0,0,0,2,0,2,2,0,0,0,0,0,0,0,0,0,2,0,2,0,0,0,2,0,0,0,0,0,0,2,2,0,0,0,0,0,2,2,0,0,0,0,0,0,NA,0,2,0,0,0,0,0,2,0,2,0,0,0,0,2,0,0,0,0,2,0,0,2,0,0,0,0,0,0,0,0,0,0,0,0,0,0,0,0,2,0,0,0,0,0,0,2,0,0,0,0,0,0,0,2,0,0,0,0,2,0,0,0,0,0,0,0,0,2,2,0,0,2,0,0,0,0,2,2,2,2,0,0,0,0,0,0,0,0,0,0,0,0,2,0,0,0,0,2,0,0,2,2,2,0,0,0,0,0,0,0,0,2,2,0,0,0,0,0,0,0,0,0,0,0,0,0,0,0,0,0,0,0,0,0,0,2,0,0,0,0,0,0,2,2,2,0,0,2,0,0,2,0,0,0,0,0,0,0,2,0,0,0,0,0,2,0,0,2,0,2,2,0,2,0,0,2,0,0,0,0,2,2,2,0,2,0,0,0,0,0,0,2,2,0,2,0,0,0,0,0,0,0,0,0,0,0,0,2,0,0,0,0,0,0,2,0,2,0,0,0,0,0,0,0,0,2,0,0,0,0,0,0,0,0,0,0,0,0,0,2,0,0,2,0,0,0,0,0,0,0,0,0,0,2,0,0,0,2,0,2,2,0,0,0,0,0,0,0,0,0,0,2,0,0,0,0,2,0,0,0,0,2,0,0,NA,2,0,0,2,2,2,0,0,0,0,0,0,2,0,0,0,0,2,0,0,0,0,0,0,0,0,0,0,0,0,0,2,2,0,0,2,0,0,2,0,2,0,0,0,0,0,0,2,0,2,0,0,0,0,0,0,0,0,0,2,0,0,0,0,2,0,0,0,0,0,2,0,0,2,0,0,0,0,0,0,0,0,2,0,0,0,0,0,0,2,0,2,0,0,0,0,2,0,0,0,0,0,0,0,2,0,NA,0,0,0,0,0,0,0,2,0,0,0,0,0,0,2,0,0,0,2,2,0,2,0,0,0,0,0,0,0,0,0,2,0,0,0,0,0,0,0,0,0,2,0,0,0,0,2,0,0,0,0,0,0,2,2,0,2,0,2,0,2,0,0,0,0,0,0,0,0,0,2,0,0,2,0,0,2,0,0,0,0,2,0,0,0,0,0,0,0,0,0,2,2,0,0,0,0,0,0,0,0,0,0,0,0,2,0,2,2,0,0,0,0,2,0,0,2,0,0,0,0,0,0,0,0,0,0,2,2,0,0,0,0,2,0,0,0,0,2,0,0,0,0,2,0,0,0,0,0,2,0,2,0,0,2,0,0,2,0,2,0,2,0,0,0,2,2,0,2,0,0,0,0,0,0,0,0,0,0,0,0,0,0,0,0,0,0,0,0,0,2,0,0,0,0,0,2,0,2,0,0,0,0,0,0,0,0,0,0,0,2,0,0,2,2,0,0,0,0,0,2,0,2,0,0,0,0,2,2,0,0,0,0,0,2,0,0,0,0,2,2,0,0,0,0,0,0,0,0,2,0,2,0,0,0,0,2,0,2,2,0,0,0,2,0,0,0,0,0,0,2,0,0,0,2,0,0,0,0,0,0,0,2,0,0,0,0,0,0,0,0,0,0,0,0,0,0,0,0,0,0,0,0,0,0,0,0,2,2,0,0,0,0,0,0,0,0,0,0,0,0,0,0,2,0,0,0,0,2,0,2,0,0,0,0,2,2,0,0,0,0,0,0,2,2,0,0,0,2,0,2,0,0,0,0,0,2,0,0,2,0,0,0,2,0,0,0,0,0,0,0,0,0,0,0,2,0,0,0,0,0,0,0,0,0,2,0,0,0,0,2,0,0,0,0,0,0,0,0,0,0,0,0,0,0,0,2,0,2,0,2,2,0,0,0,0,2,0,2,0,0,0,0,0,0,0,0,0,2,0,0,0,2,0,0,0,0,0,0,0,0,0,0,0,0,0,2,0,2,NA,0,2,0,2,0,2,0,2,0,0,2,0,0,2,2,2,0,0,0,0,2,0,0,0,0,0,0,0,0,0,0,2,NA,2,0,0,2,0,0,0,0,0,0,0,2,0,2,2,0,0,0,2,0,0,0,0,0,2,0,0,0,0,0,0,0,0,0,2,0,0,0,0,0,0,0,0,2,0,0,0,NA,0,0,0,0,0,0,0,2,0,0,0,0,0,0,2,2,2,0,2,0,0,0,0,0
"CC208",2,0,0,0,0,2,0,0,0,0,0,0,0,0,0,0,0,0,0,0,2,0,0,2,2,0,0,0,0,2,2,0,0,0,0,0,2,0,0,0,0,2,0,0,0,0,0,2,0,0,2,0,0,0,2,0,2,0,0,0,0,0,0,2,0,0,0,2,0,2,2,0,0,0,0,0,0,2,0,2,0,0,0,0,0,2,0,2,0,0,0,2,2,0,0,2,0,0,2,2,0,0,0,2,0,0,2,0,0,0,0,2,0,2,0,0,0,0,0,0,0,0,0,0,0,0,2,0,0,0,2,0,0,2,0,0,0,0,0,0,0,0,0,0,0,2,0,0,0,0,2,2,0,0,2,2,0,0,2,2,0,0,0,0,0,0,0,0,2,0,0,0,0,0,2,0,2,0,2,2,0,0,0,0,2,0,0,0,0,2,0,2,2,0,0,0,0,2,2,0,2,0,0,0,0,0,0,0,0,0,0,0,0,2,0,2,2,0,2,0,2,0,0,0,0,2,0,0,2,0,0,0,0,2,0,0,0,0,0,0,0,0,0,0,0,0,0,0,0,2,0,0,0,0,0,2,0,0,0,0,0,0,0,0,0,0,2,0,0,0,0,0,0,0,0,0,2,2,2,0,0,2,0,0,0,0,0,0,0,0,0,0,0,0,0,2,0,0,2,2,2,0,0,0,2,2,2,0,2,0,0,0,0,0,2,0,0,0,0,0,0,0,0,0,2,0,0,0,0,0,0,0,0,0,0,2,0,0,2,0,0,0,0,2,0,0,0,0,0,0,NA,0,0,0,0,2,0,0,2,0,2,0,0,0,0,2,0,0,0,0,0,0,2,0,0,0,0,0,0,0,0,0,0,2,0,0,2,2,2,0,0,2,0,0,0,0,0,2,2,0,0,0,0,0,0,0,0,0,0,0,0,0,0,0,0,2,0,2,0,0,0,0,2,0,0,0,2,2,0,0,2,0,2,0,2,2,2,0,2,0,2,0,2,2,0,0,0,0,2,0,0,0,NA,2,2,0,0,2,0,0,0,0,0,0,0,0,0,0,0,2,0,0,0,0,0,0,0,0,0,0,0,0,0,0,0,2,0,0,2,0,0,2,0,2,0,0,0,0,0,2,0,0,2,0,0,0,0,0,0,0,0,0,0,0,0,0,0,0,0,0,2,0,2,0,0,0,0,0,0,0,0,0,0,2,0,0,0,0,0,0,2,2,2,2,2,0,0,0,0,0,2,0,2,0,0,0,0,2,0,0,2,0,0,0,0,0,0,0,0,0,0,2,0,0,0,0,2,2,0,0,2,2,0,0,0,0,0,0,0,0,0,NA,2,0,0,0,0,2,0,0,0,0,0,0,0,0,0,0,0,2,0,0,0,0,0,0,0,0,0,0,0,0,0,2,2,0,0,0,2,0,2,0,0,2,0,0,0,0,0,2,0,0,2,0,0,0,0,0,0,0,NA,0,0,0,2,0,0,2,0,0,2,0,0,2,2,0,0,0,0,0,0,0,0,0,0,0,2,0,0,0,0,0,0,0,0,0,0,0,0,0,2,0,0,0,0,2,2,2,0,2,0,2,0,0,0,0,0,0,0,0,0,0,0,0,0,2,0,0,2,0,0,0,0,0,0,0,0,2,0,0,2,0,2,0,0,0,0,0,0,0,0,0,0,0,0,0,0,2,0,2,0,0,0,0,2,0,0,0,2,0,0,0,2,2,0,0,0,0,0,0,0,0,0,0,0,0,2,0,0,0,0,2,0,0,0,0,0,0,0,0,2,0,0,0,0,2,0,0,0,0,0,0,0,0,0,2,0,2,2,0,0,0,0,0,0,0,0,0,2,0,0,0,0,2,0,2,0,0,0,0,2,0,0,0,0,0,0,0,0,2,0,0,0,2,0,0,2,0,0,0,0,2,0,0,0,0,0,2,0,2,0,2,2,0,2,0,0,0,2,2,2,2,0,0,0,0,0,0,0,0,0,0,2,2,0,0,0,0,2,2,0,0,0,0,2,0,0,2,0,0,0,0,0,0,2,0,0,0,0,0,0,0,0,2,0,2,0,0,0,0,0,2,2,2,0,2,0,0,0,0,0,2,0,0,2,2,0,0,0,0,2,2,0,0,0,0,0,0,0,2,2,0,0,0,0,0,0,0,2,0,0,0,0,0,0,0,0,0,0,0,2,0,0,0,2,NA,0,0,2,2,2,0,2,0,2,0,0,0,0,2,2,0,0,2,0,0,2,2,0,0,0,0,0,0,2,0,0,0,0,0,0,2,2,0,0,0,0,2,2,2,0,0,2,2,2,0,2,2,0,0,0,0,0,0,2,0,0,0,0,0,0,0,2,0,0,0,2,0,0,0,0,0,0,0,2,0,0,0,0,0,0,0,2,2,0,0,0,0,0,2,2,2,0,0,0,2,0,0,0,0,2,0,0,0,2,0,0,0,0,0,0,2,2,0,0,2,0,0,2,2,0,2,2,2,0,0,0,2,2,0,0,0,2,0,0,0,0,2,0,2,0,0,2,2,0,0,0,0,0,0,0,0,0,0,0,0,0,0,0,0,0,2,0,2,2,0,0,2,2,2,0,0,0,0,2,0,0,0,0,0,0,2,0,2,0,2,0,0,0,2,0,0,0,0,2,0,2,0,0,0,0,0,0,0,0,2,0,0,0,0,0,0,0,0,0,0,0,0,2,0,0,0,0,0,0,2,0,0,0,0,0,0,0,2,0,0,0,0,0,0,0,0,0,0,0,2,0,0,0,0,0,0,2,0,0,0,0,2,0,0,0,2,2,2,0,2,0,0,0,0,0,0,0,0,0,0,0,0,0,0,0,0,0,0,2,0,2,2,0,0,2,0,0,0,0,0,2,0,2,2,0,2,0,0,NA,0,0,0,0,0,2,0,0,0,2,0,0,0,2,0,0,0,0,0,0,0,0,0,0,0,2,0,2,0,0,0,0,0,2,2,0,0,2,0,2,0,0,2,0,0,2,0,0,0,0,2,0,2,0,2,0,0,2,0,0,0,0,0,0,0,2,0,0,0,0,0,0,0,0,0,0,0,0,0,0,0,0,0,2,0,0,0,0,0,2,0,2,0,0,0,0,0,0,0,0,0,0,0,0,0,0,0,0,0,2,0,2,0,2,0,2,0,0,2,0,0,2,0,0,0,0,0,2,2,2,0,0,0,0,0,0,0,0,0,0,2,0,0,2,0,0,0,2,0,2,0,0,0,0,0,0,0,0,0,0,0,0,0,0,0,0,0,0,0,2,2,0,0,0,2,0,0,0,0,0,2,0,0,0,0,0,0,0,0,0,2,0,0,0,0,0,0,0,0,0,0,0,0,0,0,0,0,2,0,2,0,0,0,2,0,0,2,0,0,2,0,0,0,0,0,0,0,0,0,0,0,2,0,0,0,2,0,0,0,2,0,0,0,0,0,0,0,2,0,2,0,0,0,0,0,0,0,0,2,0,0,0,0,0,2,0,2,0,0,0,2,2,0,2,0,0,0,0,2,0,0,2,0,0,0,0,0,2,2,0,2,0,0,0,0,2,2,0,0,2,0,0,0,0,0,0,0,0,2,0,0,0,0,2,0,2,2,0,2,0,0,0,0,0,0,0,0,0,0,0,0,0,2,0,0,0,0,0,0,2,2,0,0,2,0,0,2,2,2,0,0,0,0,0,0,0,2,0,0,2,2,2,0,0,0,0,0,0,0,0,2,0,0,0,0,0,0,0,0,0,0,0,2,0,0,0,2,2,0,0,0,0,0,2,0,0,0,0,2,0,2,0,2,0,0,0,2,0,0,0,0,0,0,0,0,0,0,0,0,0,2,0,2,0,2,2,0,0,2,0,0,2,0,2,0,2,2,2,0,0,0,2,0,0,0,0,0,2,0,0,0,0,0,0,0,0,0,0,0,0,2,0,0,0,0,0,0,0,0,0,0,0,2,0,0,2,0,NA,0,0,0,2,0,2,0,0,0,2,0,0,0,0,0,0,0,0,0,0,0,2,2,0,0,2,0,2,0,2,2,0,2,0,0,0,2,0,0,0,0,2,0,2,0,2,0,0,0,2,2,0,0,0,0,0,0,0,0,0,0,0,2,0,0,2,0,0,0,0,2,0,0,0,0,2,2,0,0,0,0,2,0,0,0,0,2,2,0,0,2,0,0,0,0,2,0,0,0,0,0,0,2,0,0,2,0,0,0,0,0,0,0,0,0,0,0,2,0,0,0,0,0,0,0,2,0,0,2,2,2,0,0,0,0,0,2,0,0,0,0,0,2,0,0,2,2,2,0,0,0,2,0,0,2,0,0,2,0,0,0,0,0,0,0,0,0,0,2,2,0,2,2,2,0,0,0,0,0,0,0,0,0,2,2,2,0,0,2,0,0,2,0,0,0,0,0,0,0,0,0,0,0,0,0,0,2,0,0,0,2,0,0,0,0,0,0,0,0,0,0,2,2,0,0,0,0,0,0,0,0,0,0,0,0,0,0,0,2,0,0,0,2,0,0,2,0,0,0,0,0,0,0,0,0,0,2,0,0,0,0,0,0,0,0,0,0,0,2,0,0,2,0,0,0,0,0,NA,0,0,0,2,0,0,0,0,0,0,0,0,0,0,0,2,0,0,0,0,0,2,0,0,0,0,0,0,0,0,2,0,0,0,0,0,0,0,0,0,0,0,0,0,0,2,0,0,0,0,0,2,0,0,0,0,0,2,0,0,0,0,0,0,0,0,0,0,0,0,0,2,2,0,0,0,0,0,0,2,2,0,2,0,0,0,0,0,0,0,2,0,0,0,0,2,2,2,0,0,0,0,2,2,0,0,0,0,0,0,0,0,2,2,0,0,0,0,0,0,0,2,0,0,2,0,2,0,0,0,0,0,0,0,0,0,0,0,0,0,0,2,0,0,0,0,0,2,2,0,0,2,2,0,2,0,0,0,0,0,0,0,2,0,0,0,2,0,0,0,0,0,0,0,2,0,0,0,2,0,0,0,0,2,2,0,0,0,2,0,0,2,0,0,2,2,0,0,0,0,0,0,2,0,0,0,0,2,2,NA,0,0,0,0,2,2,0,0,2,0,0,0,0,2,0,2,0,0,0,0,0,0,0,0,0,0,0,0,2,2,2,0,0,0,2,2,2,2,0,0,0,0,2,0,0,2,0,0,0,2,0,0,0,2,0,0,0,0,2,2,0,0,2,0,0,2,2,2,2,0,0,0,0,0,2,2,2,0,2,0,0,0,0,0,0,0,0,0,0,0,0,0,0,0,0,0,0,0,0,0,0,0,0,0,0,0,0,0,0,0,0,0,0,0,0,0,0,0,0,0,0,0,2,NA,0,0,0,2,0,2,2,0,0,0,0,0,0,2,0,0,0,0,0,0,2,2,0,0,0,2,0,0,2,2,2,0,0,0,0,0,0,2,2,0,2,2,0,2,0,0,2,0,0,0,0,2,0,0,0,0,0,0,2,0,0,0,0,2,2,2,0,0,0,0,0,2,0,0,0,0,0,0,2,0,2,0,2,0,0,2,0,2,2,2,2,0,0,2,0,0,0,0,0,2,0,2,2,2,0,0,0,0,0,0,0,0,0,0,0,0,0,0,0,0,0,0,0,2,0,NA,0,0,0,0,0,0,0,0,0,0,0,0,0,0,0,0,0,0,0,0,0,0,0,0,0,0,0,0,0,0,0,2,0,0,0,0,0,0,0,0,0,0,0,2,0,0,0,2,0,0,0,0,0,0,0,2,0,0,0,0,0,2,0,0,0,0,0,0,0,0,0,0,0,0,0,0,0,2,2,0,0,0,0,2,0,2,2,2,NA,0,0,2,0,0,0,0,2,0,0,0,0,0,0,0,0,0,0,0,0,2,2,0,2,2,0,0,2,0,2,0,0,0,0,0,0,2,0,2,2,2,2,0,0,0,2,0,0,0,0,0,0,0,2,0,0,0,2,0,2,0,0,0,0,0,0,0,0,0,0,0,0,0,0,0,0,2,0,0,0,2,0,0,0,2,0,0,0,0,0,0,0,2,0,0,0,0,0,2,0,2,2,0,0,0,2,0,2,0,0,0,2,0,0,0,0,0,0,0,2,2,0,2,0,0,0,0,0,0,0,0,2,0,0,0,0,2,2,0,0,0,0,0,0,2,0,0,0,0,0,0,0,0,0,0,0,0,0,0,2,2,2,0,2,2,0,2,0,0,0,2,0,0,0,0,0,0,2,0,NA,0,2,0,0,0,2,2,0,0,0,0,0,2,2,2,0,0,2,0,0,2,2,0,0,2,0,0,2,2,2,2,2,0,2,0,0,0,2,0,0,2,0,0,0,0,2,0,0,0,0,0,0,2,0,2,0,0,0,0,2,0,2,0,0,2,2,0,0,2,2,2,0,0,0,0,2,0,0,0,2,2,0,0,2,0,0,0,0,0,0,2,0,0,0,0,0,0,2,0,0,0,0,0,0,0,0,0,0,0,2,2,0,0,0,0,2,0,2,2,0,0,2,0,2,0,2,2,2,0,2,0,0,2,0,2,0,2,2,0,0,0,0,0,2,2,NA,2,2,0,0,2,2,0,0,2,0,0,2,2,2,0,2,0,0,0,2,0,0,0,0,0,0,0,0,0,0,0,0,0,0,0,0,2,0,0,0,0,2,0,2,0,0,0,0,0,0,0,0,0,0,0,0,0,0,2,0,2,0,0,0,0,0,0,0,0,0,0,0,0,0,0,0,0,2,0,0,0,0,0,0,0,0,2,0,NA,2,0,0,0,0,0,2,0,0,0,0,0,2,2,0,0,0,0,2,0,0,2,0,0,0,0,0,0,2,0,2,0,0,2,2,2,0,0,0,2,0,0,0,2,0,0,0,0,0,2,0,0,2,0,0,0,0,2,0,0,0,2,0,0,0,2,0,0,2,0,0,0,0,0,0,0,0,2,0,0,0,0,0,0,0,0,0,0,0,0,0,0,0,0,0,0,0,0,2,0,0,0,0,0,0,0,0,0,0,0,0,0,0,2,0,0,0,0,2,0,0,0,0,0,0,0,0,0,2,0,0,0,0,0,0,0,0,0,0,0,0,0,0,0,0,2,2,0,0,0,0,0,0,0,2,0,0,0,0,0,0,0,0,0,2,0,0,2,NA,2,0,0,0,0,0,0,0,0,2,0,0,0,0,2,0,0,0,0,0,0,2,0,0,0,2,0,2,0,0,0,0,0,0,0,0,0,2,0,0,0,0,0,0,0,0,0,0,0,0,0,0,0,0,0,0,0,0,0,0,0,0,0,0,0,0,0,0,0,2,0,0,0,0,0,0,0,0,0,0,0,0,0,NA,0,0,0,0,0,2,0,0,0,0,0,0,0,0,0,0,0,0,2,2,0,0,0,0,2,0,2,2,0,2,0,0,2,0,0,0,2,2,0,0,0,0,0,0,0,0,0,0,0,0,2,0,2,2,0,0,0,2,0,0,0,0,2,0,0,0,0,0,0,0,2,0,0,0,0,2,0,0,0,0,0,0,0,0,0,0,0,0,0,0,0,0,2,0,0,0,0,0,0,2,2,2,0,0,0,0,0,2,0,0,0,0,2,2,2,2,0,0,0,0,2,0,0,0,0,0,0,0,0,0,0,0,0,2,0,0,2,0,0,0,0,2,0,0,0,0,0,0,0,0,0,0,0,0,2,0,0,0,0,0,0,0,0,0,0,0,0,0,0,0,0,0,0,0,0,0,2,0,0,0,0,0,0,0,0,0,0,0,0,0,0,0,0,2,0,0,0,0,0,0,0,0,0,2,2,0,0,0,0,2,0,0,0,0,2,0,0,0,0,0,0,0,0,0,0,0,0,0,2,0,0,0,0,0,0,0,2,2,0,0,0,0,0,0,0,0,0,2,NA,2,0,0,0,2,0,0,2,0,0,0,2,0,0,0,0,0,0,0,0,0,0,0,2,2,0,0,0,0,0,2,0,0,2,0,0,0,0,0,2,0,2,2,0,0,0,0,0,0,0,0,2,0,0,0,0,0,2,0,0,0,0,0,0,0,0,0,0,0,0,0,0,0,0,0,0,0,0,0,0,0,2,0,0,0,0,2,0,0,2,0,0,0,2,0,0,2,0,0,2,2,0,0,0,0,0,0,2,0,2,0,2,0,0,0,0,0,2,2,0,2,0,2,0,0,0,2,0,2,0,0,0,2,0,0,0,0,0,0,2,0,0,0,2,2,0,0,0,0,0,0,0,2,2,2,0,2,0,2,0,0,0,0,0,2,2,0,0,2,0,0,0,0,0,2,0,0,2,0,2,0,0,2,0,0,0,0,2,0,2,2,0,0,0,0,2,0,0,0,0,0,2,0,0,0,0,0,2,2,0,0,2,0,0,0,0,0,0,2,0,0,0,0,0,0,2,0,0,0,0,0,0,0,0,0,0,0,0,0,0,0,0,0,0,2,0,0,0,0,0,0,0,0,2,0,0,0,0,0,0,0,0,0,2,0,0,0,0,0,2,0,0,0,0,2,0,0,0,0,0,0,0,0,2,0,0,0,0,2,0,0,0,0,2,2,2,0,2,2,0,0,0,0,2,0,0,0,2,2,0,2,0,2,2,2,0,0,0,0,0,0,0,0,2,0,0,0,0,2,0,0,0,0,0,0,0,0,0,0,0,2,0,0,0,0,0,2,0,2,0,0,2,0,2,0,0,2,0,0,0,0,2,0,0,2,0,0,2,0,0,0,0,0,0,0,0,0,0,2,2,2,0,2,0,0,2,0,0,0,2,0,0,0,0,0,0,0,0,0,0,0,0,0,0,0,0,2,2,0,0,0,0,0,0,0,2,0,0,2,0,0,0,0,0,0,0,0,2,2,0,0,0,0,0,0,2,0,0,0,0,0,0,0,0,0,0,0,0,0,0,0,0,0,0,0,0,0,0,0,2,0,2,0,0,0,0,0,0,0,0,0,2,0,0,0,2,0,0,2,0,0,0,0,0,0,0,0,0,0,2,0,0,0,0,2,2,0,0,0,2,0,0,0,2,0,0,2,0,0,0,0,0,0,0,2,0,2,0,2,0,0,0,0,2,0,2,0,2,2,2,0,0,0,2,2,0,2,0,0,0,2,NA,0,NA,0,0,0,0,2,0,0,0,0,2,0,0,0,2,0,0,2,0,0,0,0,0,0,2,0,0,0,0,0,0,2,2,2,0,2,0,0,0,0,0,2,0,0,0,2,2,0,0,2,0,2,0,0,0,0,0,0,0,0,2,0,2,2,0,0,0,2,2,0,2,2,0,2,2,2,0,0,0,2,0,2,2,2,0,2,0,0,0,0,0,2,0,0,2,2,2,0,0,0,2,2,0,0,0,0,0,0,0,0,0,0,0,0,0,0,0,0,0,0,0,0,2,0,0,0,2,0,2,0,0,0,0,0,0,0,0,0,2,0,0,0,0,0,0,0,0,2,0,0,0,0,0,0,0,0,2,0,0,0,0,0,0,0,0,0,2,2,0,0,0,0,0,0,0,0,0,0,0,0,2,0,2,0,0,0,0,2,0,0,0,0,0,2,0,0,0,0,0,2,0,0,0,0,2,0,2,0,0,2,0,0,0,0,0,0,0,2,0,0,0,0,0,0,0,0,0,0,0,0,0,0,0,0,0,0,0,2,0,0,0,0,0,0,0,0,0,0,0,0,0,0,0,0,0,0,2,0,2,2,0,2,0,0,0,0,2,0,0,2,0,0,0,0,0,0,0,0,0,0,0,2,0,2,0,0,2,0,0,0,0,0,0,0,0,0,2,0,2,2,2,0,0,0,0,0,0,0,0,2,2,0,0,2,0,2,0,0,0,0,0,0,0,0,2,0,0,0,0,0,0,2,2,2,2,0,0,0,0,0,0,2,0,0,0,2,0,0,2,0,0,0,0,0,0,0,2,0,0,0,0,2,0,0,2,0,2,0,2,0,0,0,0,0,2,0,2,0,0,0,0,0,0,0,0,0,2,0,2,0,0,0,0,0,NA,0,0,0,0,0,0,0,0,0,0,0,0,0,0,0,2,0,2,0,0,2,0,0,0,0,0,2,0,2,0,0,0,0,0,0,0,0,2,0,0,0,2,0,0,0,0,0,0,0,0,0,0,2,0,2,2,2,0,0,0,0,0,0,0,0,0,2,0,0,2,0,2,0,0,0,0,0,0,0,0,2,2,0,0,0,2,0,0,0,0,0,0,2,2,0,0,0,0,0,2,2,0,0,NA,2,2,0,2,0,2,0,0,2,2,2,0,2,0,2,2,0,0,0,0,0,0,0,0,2,0,0,0,2,0,0,0,0,0,0,0,2,0,0,0,0,0,0,0,2,2,0,0,2,0,0,2,0,0,0,0,0,0,0,0,0,0,0,0,2,0,0,0,0,0,2,0,0,0,0,0,0,0,0,2,0,2,2,2,0,2,0,2,0,0,0,2,0,0,0,2,0,0,0,2,0,2,2,2,2,0,0,0,2,0,0,0,0,2,0,0,0,0,2,0,0,2,0,0,0,0,2,0,2,0,0,0,2,0,0,0,0,0,0,0,0,0,2,2,2,0,2,0,0,0,0,0,0,2,0,2,0,0,0,2,0,0,0,0,0,0,2,0,2,0,0,0,0,2,2,0,2,0,0,0,0,2,0,2,0,0,2,0,0,2,0,2,2,2,2,2,0,0,0,2,0,0,2,0,0,2,2,2,0,0,0,0,0,0,0,0,0,2,2,0,2,0,2,0,0,2,0,0,0,0,0,0,0,0,0,0,2,0,0,0,2,0,0,0,0,0,0,0,0,0,0,0,0,2,0,2,2,2,0,0,2,NA,0,2,0,0,2,2,0,0,0,0,0,0,0,0,0,0,0,0,2,0,0,0,0,0,2,0,0,2,0,0,0,0,0,0,0,2,0,0,0,0,0,0,0,0,0,0,0,0,2,0,0,2,0,0,0,0,0,0,0,0,0,0,0,0,0,0,0,0,0,0,0,0,0,0,2,0,0,0,0,2,0,0,0,0,0,0,0,2,0,0,0,2,0,0,0,0,0,0,0,0,0,0,0,2,0,0,2,0,0,0,0,0,2,0,0,0,0,0,0,0,0,0,0,0,0,0,0,2,0,0,0,2,0,0,0,0,2,2,2,2,0,0,0,0,0,2,0,2,0,2,0,0,0,0,0,0,0,2,0,0,0,0,2,0,0,2,0,0,0,0,0,2,0,0,0,0,0,0,0,0,0,NA,0,0,0,0,2,2,0,0,0,0,0,0,0,0,0,0,0,0,0,0,0,0,2,0,0,0,0,NA,0,0,2,0,0,0,0,0,0,0,0,0,0,0,0,0,0,2,0,0,0,0,0,0,0,0,0,0,0,2,0,2,0,0,0,0,2,2,0,0,0,2,0,0,2,0,2,2,0,0,0,0,0,0,0,0,0,0,0,0,0,0,0,0,0,2,2,0,2,0,0,0,0,0,2,0,2,0,0,0,0,0,2,2,0,2,2,0,0,0,2,0,0,0,0,0,0,0,0,NA,0,0,0,0,2,0,0,0,0,0,0,0,0,0,0,2,0,0,0,0,2,0,0,0,0,2,2,0,0,2,0,0,0,2,0,0,2,0,0,0,0,0,2,0,0,2,NA,0,0,2,0,0,0,0,0,0,0,0,0,0,0,0,0,0,2,2,2,0,0,0,0,0,2,0
"CC209",0,0,0,0,0,0,0,0,0,0,0,0,0,2,2,0,2,2,0,2,2,2,0,0,2,0,0,0,0,0,0,0,0,0,0,0,0,0,0,0,0,0,0,2,0,0,0,0,0,0,2,0,0,0,0,0,2,0,0,0,0,0,0,2,0,2,0,0,0,0,0,0,0,0,0,0,0,0,0,2,0,0,0,0,0,0,0,0,0,0,0,2,0,0,0,2,0,0,2,2,0,0,0,0,2,0,0,0,0,0,0,0,0,0,0,0,0,0,0,2,0,0,0,2,0,2,0,0,0,0,0,0,0,0,0,0,0,0,2,0,0,0,0,0,0,2,2,0,0,0,0,2,0,0,2,2,0,0,0,0,0,0,0,2,2,2,0,0,0,0,0,2,2,0,0,2,0,0,0,2,0,0,0,0,2,0,0,0,0,2,0,2,2,0,2,0,0,2,0,0,0,0,0,0,0,0,0,0,0,0,0,0,0,0,2,0,2,0,2,0,0,0,0,0,0,2,0,2,0,0,0,0,0,0,0,0,0,0,0,0,2,0,0,0,0,0,2,0,2,0,0,0,0,0,0,0,2,0,0,0,0,2,0,0,2,0,0,0,0,0,0,0,0,2,2,0,0,0,2,0,0,2,0,0,0,0,0,2,0,0,0,0,0,0,0,0,0,0,0,0,0,0,0,2,0,0,0,2,0,0,0,2,0,0,0,0,0,2,0,0,0,0,0,0,2,0,0,0,2,0,0,2,2,0,0,0,0,0,0,0,2,0,2,0,0,2,0,0,0,2,0,0,0,0,0,0,0,0,2,0,0,2,0,0,0,0,0,2,0,0,0,0,0,0,0,0,0,0,0,0,0,0,0,0,0,0,2,2,0,0,0,0,2,0,0,0,0,0,0,0,0,0,0,0,0,0,0,0,0,0,0,2,0,2,0,0,0,0,0,0,0,0,0,0,0,0,0,0,0,0,0,0,0,0,0,0,0,0,0,0,0,0,0,0,0,2,0,0,0,0,0,0,0,0,0,0,0,0,0,2,2,0,0,0,0,0,0,0,0,0,0,0,0,0,0,2,0,2,0,2,0,0,0,2,0,2,2,2,2,0,0,0,0,0,0,0,0,0,0,2,0,0,0,0,0,0,0,0,0,2,0,2,0,0,0,0,0,0,0,2,0,0,0,0,0,0,0,0,0,0,0,2,0,0,0,0,0,0,0,0,0,0,0,2,0,0,0,0,0,2,2,0,0,0,0,2,0,0,0,0,0,0,0,0,0,0,0,0,0,0,0,2,0,0,2,0,2,0,0,0,2,0,0,0,0,0,0,0,0,2,0,2,0,0,2,0,0,2,2,2,0,0,0,0,0,0,0,0,0,2,0,0,0,0,0,0,0,0,0,0,0,0,0,0,2,0,0,0,0,0,0,0,0,0,2,0,0,0,0,0,0,0,2,0,0,0,0,2,0,2,0,0,0,0,2,0,0,0,0,0,0,0,0,0,0,0,0,0,0,0,0,0,0,2,0,0,0,0,0,0,0,0,0,0,0,0,0,0,0,0,2,0,0,0,0,0,0,0,0,2,0,2,0,2,0,0,0,0,0,0,0,2,0,0,0,0,2,0,2,0,0,0,0,0,0,0,0,0,0,0,2,0,0,0,0,0,0,0,0,0,0,0,0,0,0,0,0,0,0,0,0,0,0,0,2,0,0,0,2,0,NA,0,0,0,0,0,0,0,0,0,2,0,0,0,0,0,2,0,0,0,0,0,0,2,2,0,0,0,0,0,0,0,0,0,2,2,0,0,0,0,0,0,0,2,0,2,0,0,2,0,0,0,0,0,0,0,0,0,2,0,0,0,0,0,0,2,0,0,0,0,0,0,0,0,0,0,0,0,0,0,0,2,0,2,0,2,0,2,0,0,0,0,2,0,0,2,0,0,0,2,0,2,2,0,0,0,0,2,2,2,2,0,0,2,0,2,0,0,0,0,2,2,0,0,2,0,2,0,0,2,0,0,0,0,2,0,2,2,0,0,2,0,0,0,2,0,2,2,0,0,2,0,0,0,0,0,0,2,2,0,2,0,0,0,0,0,0,0,0,2,0,0,0,0,2,0,0,0,0,0,0,0,0,2,2,0,0,0,0,0,2,0,2,2,0,0,0,0,0,0,2,0,2,0,0,0,2,0,0,0,2,0,2,0,0,0,0,2,0,0,2,0,0,0,0,2,0,0,0,0,0,2,2,0,0,0,0,0,0,0,0,0,0,2,0,0,0,0,0,0,0,0,0,0,0,2,0,0,0,0,0,0,0,0,0,0,0,0,0,0,0,0,0,0,0,0,0,2,0,2,0,0,2,0,0,0,0,0,2,0,0,0,0,0,0,2,0,0,2,2,0,2,NA,2,0,0,0,2,0,0,0,0,0,0,0,2,0,0,0,2,0,0,0,0,0,0,0,0,2,0,0,2,2,0,2,0,0,0,2,2,2,0,2,2,0,0,0,0,0,2,2,0,0,0,0,0,0,0,0,0,0,0,2,0,0,0,0,2,2,0,0,0,0,0,0,0,0,0,0,0,0,2,0,0,0,0,0,0,0,0,0,0,2,0,2,0,2,0,0,0,0,2,0,0,2,0,0,0,0,0,0,0,0,0,0,0,0,0,0,0,2,0,0,2,0,0,0,0,0,0,0,0,0,0,0,2,0,0,2,0,0,0,0,0,0,NA,0,0,0,0,0,0,0,0,NA,0,0,0,0,0,0,0,0,0,2,0,0,0,0,0,0,2,2,2,0,0,0,0,0,2,0,0,0,0,2,0,2,0,0,0,0,0,0,0,0,0,0,0,0,0,0,0,2,0,0,0,0,2,0,0,0,0,0,0,0,0,0,2,0,2,0,2,2,2,0,2,0,2,0,0,0,0,0,0,0,0,2,0,0,0,0,0,0,0,2,2,0,0,0,0,0,0,0,0,0,0,0,2,0,0,0,0,2,2,0,0,2,0,0,2,0,0,0,0,2,0,0,0,0,2,0,0,0,0,0,0,0,0,2,2,0,2,0,2,0,0,0,0,0,0,2,2,2,2,0,2,0,0,2,0,0,0,0,0,0,2,2,0,0,0,0,0,0,0,0,0,0,0,0,2,2,0,0,0,0,0,0,0,0,0,0,0,0,0,0,0,0,0,0,2,0,0,0,0,0,0,0,0,0,0,0,0,0,2,2,0,0,0,0,0,0,0,0,0,2,0,0,0,0,0,0,0,0,0,0,0,0,0,0,2,0,0,0,0,0,0,0,0,0,0,0,0,0,0,2,0,0,0,2,2,2,0,0,0,0,0,0,0,0,0,0,0,2,0,0,0,0,2,2,0,0,0,2,0,0,0,0,2,0,0,0,0,2,0,0,0,0,0,0,0,0,0,0,0,0,0,0,0,2,0,2,0,2,0,0,0,0,0,0,0,0,0,2,0,0,0,2,0,0,0,0,2,2,0,0,2,2,0,0,2,0,0,2,2,0,0,0,2,2,2,0,2,0,0,0,0,2,2,0,2,0,0,0,0,0,0,0,0,0,0,0,0,2,2,0,2,0,0,0,0,0,0,2,0,2,0,0,2,0,0,0,0,0,0,0,0,0,2,0,0,0,0,0,2,2,0,0,0,0,0,0,0,2,0,2,2,0,2,0,0,0,2,0,0,0,0,0,0,0,0,0,0,0,0,0,2,2,0,0,0,0,0,0,0,0,0,0,2,0,0,0,0,0,0,0,2,0,0,0,0,2,0,2,2,0,2,0,0,2,0,0,0,0,2,0,2,0,2,0,0,2,0,0,0,0,2,0,0,0,0,0,0,0,0,0,0,0,0,2,0,2,0,0,0,2,2,2,0,0,2,0,0,2,0,2,0,0,0,2,2,0,0,0,0,2,0,0,0,0,0,0,0,0,0,0,0,0,0,0,0,0,0,0,0,0,0,2,0,0,0,0,0,0,0,0,0,0,0,0,0,2,2,0,2,2,0,0,0,0,0,0,0,2,0,0,0,0,0,2,0,0,0,0,2,2,0,0,2,0,2,0,0,0,0,0,0,2,2,2,0,0,0,2,2,0,2,0,0,0,0,0,0,0,0,0,0,0,2,0,0,2,2,0,2,2,0,0,2,0,0,0,0,2,0,0,0,2,0,0,0,2,0,2,0,0,2,0,2,2,0,0,0,0,0,0,0,0,0,0,0,0,0,0,0,0,0,2,0,0,0,2,0,0,0,0,0,0,0,0,0,0,0,0,0,2,0,2,0,0,0,2,0,2,0,0,0,0,0,2,0,2,0,0,0,2,0,0,0,0,0,2,0,0,2,0,2,0,0,0,0,0,2,2,0,0,0,2,0,0,0,0,0,2,0,2,0,2,0,0,0,0,0,0,0,2,0,0,0,0,0,0,0,0,0,0,0,0,0,0,0,0,0,0,0,0,2,0,0,0,2,0,0,0,0,0,2,0,0,0,0,2,0,0,0,0,0,0,0,0,0,0,2,2,2,0,0,0,0,0,0,0,0,0,0,0,0,0,0,0,0,2,0,0,0,0,0,0,0,0,0,0,0,0,0,0,0,0,0,0,0,0,0,0,0,0,0,2,2,2,0,2,2,0,0,0,0,0,0,0,0,0,0,2,0,0,0,0,0,0,0,2,0,0,0,0,0,0,0,0,0,0,0,0,0,0,0,0,2,0,0,0,0,0,0,0,0,0,2,0,2,0,0,0,0,2,0,2,0,2,0,2,0,2,2,0,0,0,2,0,0,0,0,0,2,0,0,0,0,0,0,0,0,0,0,2,0,2,2,2,2,0,0,0,0,2,0,2,0,0,0,0,0,0,0,0,0,0,0,0,0,0,0,0,2,0,0,0,0,0,0,0,0,2,0,0,0,0,2,0,2,0,2,0,0,0,0,0,2,0,0,0,0,0,0,0,2,0,0,0,0,0,0,0,2,0,0,0,0,2,0,0,0,0,0,0,0,0,0,0,0,2,0,0,0,0,2,0,0,0,2,0,0,0,0,0,2,0,0,0,0,2,0,2,0,0,0,0,0,2,0,0,0,0,0,2,0,0,0,NA,0,0,0,0,0,0,0,0,0,0,0,0,0,0,0,0,0,0,2,0,2,2,2,0,0,0,2,2,0,2,0,0,0,0,2,0,2,0,0,0,0,0,0,2,2,2,0,0,0,0,2,2,0,0,0,2,0,0,0,0,0,0,0,0,0,0,0,0,0,2,0,0,0,0,0,0,0,0,2,0,0,0,0,0,0,0,2,0,0,0,0,0,0,0,0,2,2,2,2,0,0,0,2,0,0,2,0,0,2,0,2,0,0,0,0,2,0,0,2,2,0,0,0,0,0,2,0,0,0,0,0,0,2,0,2,0,0,2,0,0,0,0,0,0,0,0,0,0,0,0,0,0,0,0,0,2,0,0,2,0,0,2,2,0,2,0,2,0,0,0,0,0,0,0,0,0,0,0,0,0,0,2,0,0,0,0,2,0,0,0,0,0,0,0,0,0,0,0,0,2,0,0,0,0,0,0,0,0,0,0,0,2,0,0,0,0,0,0,0,0,0,0,0,0,0,0,0,2,0,0,0,0,0,0,2,0,2,0,0,0,2,0,0,0,0,0,0,2,0,2,0,0,0,0,0,0,0,0,0,0,0,2,2,0,0,0,0,0,0,0,0,0,0,2,0,0,0,0,0,0,0,0,0,0,0,0,0,0,0,0,0,0,0,0,0,0,0,0,0,0,0,0,0,0,0,0,0,0,0,0,0,0,0,0,0,0,0,0,0,0,0,0,0,0,0,2,0,0,2,2,0,0,0,0,0,0,0,0,0,2,0,0,0,0,0,0,0,0,0,0,2,2,2,0,2,2,0,0,0,0,0,2,0,0,0,0,0,0,0,0,0,2,2,0,0,0,2,0,0,0,0,0,0,2,0,0,0,0,0,0,2,0,2,0,2,0,2,0,2,0,0,0,0,2,0,0,0,0,0,0,2,2,0,0,2,0,2,0,0,0,0,0,0,2,0,0,0,0,0,0,0,2,2,0,2,0,0,0,0,0,0,0,0,0,0,0,0,2,0,2,0,0,2,2,0,0,0,0,0,0,0,0,0,2,0,0,0,0,0,0,0,0,0,0,0,0,0,0,2,0,0,2,2,2,0,0,2,0,0,0,2,0,2,0,2,0,2,2,2,2,0,2,2,0,0,0,0,0,2,0,0,2,0,2,0,0,0,2,0,0,0,0,2,0,2,0,0,2,0,0,0,2,0,0,2,2,0,0,0,2,0,0,2,0,2,0,0,0,2,0,2,0,0,0,0,0,0,0,0,0,0,0,0,2,0,0,2,0,0,0,0,0,0,0,0,0,0,0,0,2,2,0,0,0,0,0,2,0,0,0,0,2,0,0,0,0,2,2,0,0,2,0,0,0,0,2,0,0,0,0,2,0,0,0,2,2,0,0,2,0,0,0,0,0,0,0,0,2,0,0,2,0,0,2,0,2,0,0,0,2,2,2,2,0,2,0,0,0,0,2,0,2,0,NA,0,0,2,2,0,2,0,0,0,2,0,0,0,0,2,2,0,0,0,0,0,0,0,0,0,0,0,0,0,0,0,0,0,0,2,2,0,0,2,0,2,0,0,0,0,0,0,0,0,0,0,0,2,0,0,0,0,2,0,0,2,0,0,0,0,2,0,0,0,0,0,0,0,0,2,0,0,0,0,0,0,0,0,0,0,0,0,2,0,0,2,2,0,2,0,0,0,0,0,0,0,0,2,0,0,0,0,0,0,2,0,0,0,0,0,0,0,0,0,0,0,0,0,2,2,0,0,0,0,0,0,2,0,0,0,2,0,0,0,0,0,2,2,2,0,2,0,0,2,0,2,0,0,0,0,2,2,2,2,0,2,2,0,2,0,0,2,2,2,0,0,2,0,2,2,0,0,0,0,0,2,0,0,0,0,0,2,2,0,2,0,0,0,0,0,0,0,2,0,0,0,0,0,0,0,0,0,0,0,2,0,0,0,0,0,0,0,0,2,0,0,2,2,0,0,0,0,0,0,0,0,0,0,0,2,0,0,0,0,2,0,0,0,0,0,0,0,0,0,0,0,0,0,0,0,0,0,0,0,2,0,2,2,0,0,0,0,0,0,0,0,0,0,0,0,2,0,0,0,0,0,0,0,0,0,0,0,0,2,2,0,0,0,0,0,0,2,0,0,0,0,0,0,0,0,0,0,0,0,0,0,0,0,0,0,2,0,0,0,2,0,2,0,0,0,0,0,0,0,0,0,0,0,0,0,0,0,0,0,0,0,0,0,0,0,0,2,0,0,0,2,2,0,0,0,0,0,0,2,2,2,2,2,0,0,0,2,0,0,0,0,0,2,0,0,0,0,2,0,0,0,0,0,0,0,0,0,0,0,0,0,0,0,0,0,0,0,0,2,2,0,2,2,0,0,2,0,0,2,0,0,0,0,0,0,2,0,2,2,2,0,0,0,2,2,0,0,0,2,0,0,0,0,0,0,0,0,2,0,2,2,2,2,0,0,2,0,0,0,0,0,0,0,0,0,2,0,0,0,0,0,0,2,2,2,2,0,0,2,0,2,0,0,2,2,0,0,0,2,2,2,0,0,0,0,2,0,0,0,2,0,0,0,2,0,2,0,0,0,0,0,0,2,0,0,0,2,0,2,0,0,0,0,0,0,0,0,0,0,0,0,0,2,0,0,2,0,0,2,2,0,2,0,0,0,0,0,0,0,0,0,0,2,0,0,0,0,0,0,0,2,0,0,0,0,2,0,0,0,0,0,0,0,0,0,2,0,0,2,2,0,0,2,0,0,0,0,2,0,2,2,0,0,0,2,0,0,0,2,0,0,2,0,0,0,NA,2,2,0,0,2,0,0,0,2,2,0,0,0,0,0,0,0,0,0,2,0,0,2,0,0,0,2,2,0,0,2,0,0,0,0,0,0,0,0,0,2,0,0,2,2,0,0,2,0,2,0,0,2,2,0,2,2,0,0,2,0,0,0,0,2,2,0,0,0,0,0,0,0,2,0,0,0,0,0,2,0,0,0,0,2,0,0,2,0,0,2,0,0,2,2,0,2,2,2,2,0,0,2,2,0,0,0,0,0,0,2,0,0,0,0,0,0,0,0,2,2,2,2,0,2,0,0,2,2,0,2,0,2,0,0,0,0,0,0,0,0,0,2,0,0,0,2,0,0,0,0,2,2,0,0,0,0,0,0,2,0,0,0,0,0,0,0,0,0,0,2,2,0,0,0,0,0,0,0,0,0,0,0,0,0,0,0,0,0,0,0,0,0,0,0,0,0,0,0,0,0,0,0,0,2,0,0,0,0,0,2,2,0,0,2,2,0,0,2,0,0,0,0,0,2,0,0,0,0,0,0,0,0,0,0,0,2,0,0,0,0,0,0,0,0,0,0,0,0,0,0,0,0,0,2,0,0,0,0,0,0,0,0,0,0,0,0,0,0,0,0,0,2,0,0,0,0,0,0,0,0,0,0,0,0,2,0,0,0,0,0,2,0,0,0,0,0,0,0,0,0,0,0,2,0,0,0,2,2,0,0,2,0,0,0,0,0,0,0,0,0,2,0,0,0,0,0,0,0,0,0,0,0,0,0,0,0,0,2,0,0,2,0,0,0,0,0,2,0,2,0,0,0,0,0,0,0,2,0,2,2,0,0,2,0,0,0,0,0,0,0,0,0,0,0,0,0,0,2,0,0,0,0,2,0,2,0,0,0,0,0,0,0,0,0,0,0,0,0,0,0,0,0,0,0,0,0,0,0,0,0,0,0,2,0,0,2,0,2,0,2,0,2,0,2,0,0,0,0,2,2,0,0,2,0,0,0,0,0,0,0,0,0,0,0,0,0,0,0,0,0,2,0,0,0,0,0,0,0,2,0,0,0,0,0,0,0,0,2,0,0,0,0,0,0,0,0,0,2,0,0,0,0,0,0,0,0,0,0,0,0,0,2,0,0,2,0,0,0,2,2,0,0,0,2,0,0,0,0,0,0,0,0,0,0,0,0,0,0,0,0,0,0,0,0,0,0,0,0,0,0,0,0,0,0,0,0,0,0,2,0,0,0,0,0,0,0,2,0,0,0,2,0,0,0,0,0,0,0,0,0,0,0,0,0,0,0,0,0,0,0,0,0,0,0,0,2,0,0,0,0,2,0,0,0,0,0,0,2,2,0,0,0,2,2,0,2,2,2,0,0,0,0,NA,2,0,0,0,0,0,0,0,0,0,0,0,0,2,0,0,0,0,0,0,0,0,0,0,0,2,0,0,0,0,0,0,0,0,0,0,0,0,0,2,0,2,0,0,0,0,2,0,0,0,0,0,0,0,2,0,0,2,2,0,0,0,0,2,0,0,0,0,0,0,0,0,0,2,0,2,0,0,0,0,0,0,0,0,2,0,0,0,0,0,0,0,2,2,0,0,0,0,0,0,0,0,0,2,2,0,2,0,2,0,0,2,0,0,0,2,2,0,0,0,0,0,0,0,0,2,2,2,0,0,2,0,0,0,0,0,0,0,0,0,0,2,0,0,0,0,0,0,0,0,0,0,0,0,0,2,2,0,0,0,0,0,0,0,0,0,2,0,0,0,0,0,0,0,2,0,0,0,0,0,0,0,0,0,0,0,2,0,0,0,0,2,2,0,0,0,0,0,0,0,0,2,0,2,0,0,0,2,0,0,0,2,0,0,0,0,0,0,2,2,2,0,0,0,0,0,0,0,2,0,0,0,0,0,0,2,2,2,0,0,0,0,0,0,0,0,0,0,0,0,0,0,0,0,0,0,0,0,0,2,0,0,0,0,2,0,0,0,0,0,0,0,0,0,0,0,0,0,0,0,0,0,2,0,0,0,2,0,0,0,0,0,0,2,0,2,0,0,0,0,0,2,0,0,0,2,0,0,0,0,0,0,0,0,0,2,0,0,0,0,2,0,0,0,0,0,0,0,0,2,0,0,0,0,0,0,0,0,0,0,0,2,0,0,0,0,0,0,0,0,0,2,0,0,0,2,0,0,2,0,0,0,2,0,2,0,2,0,0,0,2,0,0,2,0,0,0,2,0,0,0,0,0,0,0,0,0,2,2,2,0,0,2,0,0,2,0,0,0,0,0,0,0,0,0,0,0,2,0,0,2,0,0,0,0,0,2,0,0,2,0,2,0,0,0,0,0,0,0,0,0,0,2,0,0,2,0,0,0,0,0,0,0,0,0,0,0,2,2,0,0,0,0,0,0,0,0,0,2,0,0,0,0,0,0,0,0,2,0,2,0,0,0,0,0,0,0,0,0,0,0,0,0,0,2,0,2,0,0,0,2,0,0,2,0,0,0,2,0,0,0,0,2,2,0,0,0,0,0,0,0,0,0,0,2,0,2,0,0,0,0,0,0,2,0,2,2,2,0,0,0,2,0,0,2,0,2,2,2,2,2,0,0,0,0,2,0,0,0,0,0,2,0,0,0,0,2,0,2,0,0,0,2,2,2,0,0,0,0,0,0,0,0,0,0,0,0,0,0,0,0,2,0,2,0,0,0,0,0,0,0,0,0,0,0,0,2,2,0,2,0,0,0,0,0,0,0,0,0,0,2,0,2,2,0,0,2,0,2,0,0,2,0,0,2,0,2,0,2,0,0,2,0,0,0,2,0,0,2,2,2,0,2,0,0,0,0,0,0,0,0,0,0,0,0,2,0,0,2,0,2,2,0,0,0,0,0,0,0,0,2,0,2,0,0,0,2,0,0,0,0,2,0,0,0,0,0,0,2,2,0,2,2,0,0,2,0,0,0,0,0,0,0,2,0,0,0,0,2,2,2,0,0,0,0,0,2,2,0,0,2,0,2,0,0,2,0,0,0,2,0,0,2,0,0,0,0,0,0,2,0,0,2,0,0,0,2,0,0,0,0,0,0,0,0,0,2,0,0,0,0,2,0,0,2,0,0,0,0,2,0,2,2,2,0,0,0,2,0,0,0,0,0,0,2,2,2,0,0,2,0,0,0,0,0,0,0,0,0,0,0,2,0,0,0,0,0,0,0,0,0,0,0,2,0,0,0,2,0,0,0,0,0,0,0,0,0,0,0,2,0,0,0,0,0,0,0,2,0,0,0,0,0,0,0,0,0,0,0,0,2,0,0,0,0,2,0,0,2,0,2,0,2,2,2,2,0,0,0,0,2,2,0,2,0,0,0,0,0,0,0,0,0,0,0,0,2,0,0,2,0,0,0,0,0,2,0,0,0,0,0,0,0,0,0,0,0,2,0,2,0,0,2,0,0,0,0,0,0,0,0,0,0,0,0,0,0,0,0,0,0,0,0,2,0,0,0,0,2,0,0,0,0,0,2,0,0,0,0,2,0,0,2,0,0,2,0,0,0,2,2,2,0,0,0,0,0,0,0,0,0,0,0,2,0,0,0,0,0,0,0,0,2,0,0,0,0,0,2,0,0,0,0,0,0,0,0,0,2,0,2,0,0,0,0,0,0,2,0,0,0,0,2,2,0,0,0,0,0,0,0,0,0,0,2,2,2,0,0,2,2,0,0,2,0,0,0,0,0,0,2,2,0,0,0,0,2,0,0,0,0,0,0,2,0,0,2,0,0,0,0,0,0,0,0,2,2,2,0,0,0,0,2,2,0,0,2,0,2,0,0,0
"CC21",0,0,0,0,0,0,0,0,0,0,0,0,0,0,0,2,0,0,0,0,2,0,0,0,0,0,0,0,0,0,0,0,0,2,0,2,0,0,0,0,0,0,2,2,2,0,0,2,0,0,0,2,0,2,0,0,2,2,0,0,0,2,0,2,0,0,0,0,2,2,0,0,0,0,0,0,0,2,0,2,0,0,0,0,0,0,2,0,2,0,0,0,0,0,0,0,0,0,0,0,0,0,0,0,2,0,0,0,0,0,0,0,0,0,2,0,0,0,0,0,0,0,0,2,0,0,0,0,0,0,0,0,0,0,0,0,0,0,0,0,0,0,0,2,0,0,2,0,0,0,2,0,0,0,0,0,0,0,0,0,0,0,0,2,2,0,0,0,2,0,2,2,0,0,0,0,0,0,0,2,0,0,0,0,0,0,0,0,0,0,0,NA,0,0,0,0,0,NA,0,0,0,0,0,0,0,0,0,0,0,0,0,0,0,0,0,0,0,0,0,0,2,0,0,0,2,NA,2,0,0,0,0,0,0,2,0,0,2,0,0,0,2,0,0,0,0,0,2,0,2,0,0,0,0,0,0,0,0,0,0,0,0,0,0,2,0,2,2,2,0,2,0,0,0,0,0,0,2,2,2,2,2,0,0,0,0,0,0,2,0,0,0,2,2,0,0,0,0,0,0,0,2,0,0,2,0,0,2,0,2,0,0,0,0,0,2,0,0,2,0,0,0,0,0,0,0,0,0,0,2,0,0,0,0,0,0,2,0,0,2,0,0,2,0,0,0,0,0,0,0,0,0,2,0,0,0,0,0,0,0,0,0,2,0,0,0,0,0,0,2,0,0,0,0,0,0,0,0,0,0,0,0,0,0,0,0,0,0,0,2,0,0,0,0,0,0,0,0,0,0,0,0,2,NA,2,0,2,0,0,0,2,0,0,0,0,2,0,0,0,2,0,0,2,0,0,0,2,0,0,0,2,0,0,2,2,0,0,0,0,0,0,0,0,0,0,0,0,0,2,0,0,0,0,0,0,2,2,0,2,0,0,0,0,0,0,0,0,0,0,0,0,0,2,2,0,0,2,0,0,0,2,0,0,0,0,2,0,2,0,0,0,0,0,0,2,0,0,2,0,0,0,0,0,2,0,0,0,0,0,2,0,0,0,2,0,0,0,0,0,0,2,2,2,0,0,0,2,2,0,0,0,2,0,0,0,0,2,0,0,0,0,0,0,0,2,0,0,0,0,0,0,2,2,0,0,2,0,0,2,2,0,0,0,0,2,0,0,0,0,0,2,0,2,0,2,0,0,2,2,2,0,2,0,0,0,0,0,0,0,0,0,2,2,0,0,2,0,0,0,0,2,0,0,0,0,2,2,0,0,0,0,0,0,0,0,0,2,2,0,0,0,0,0,0,0,0,0,0,0,2,0,0,0,0,0,2,0,0,0,0,0,0,0,0,0,2,0,0,0,0,0,0,0,0,0,0,0,0,0,0,0,0,0,0,2,0,0,0,0,0,2,0,0,2,0,0,0,NA,0,0,0,2,0,0,2,2,2,0,0,0,0,0,0,0,0,2,0,0,0,0,0,0,0,0,0,0,0,0,0,0,0,2,0,2,0,0,0,0,0,0,0,0,0,0,2,0,0,0,0,0,0,0,0,2,0,0,0,0,0,0,0,2,0,0,0,0,2,0,2,0,2,0,0,0,0,0,2,0,0,0,0,0,0,0,2,0,0,0,0,0,0,0,0,0,0,0,0,2,2,0,0,0,0,0,0,0,2,0,0,0,0,0,0,0,0,0,2,0,0,0,0,0,0,2,0,0,0,0,2,0,0,0,0,0,0,0,0,0,0,0,0,0,2,2,2,0,0,2,0,0,0,0,0,0,0,0,0,2,0,0,2,2,2,0,0,2,0,0,0,0,2,2,0,2,0,2,0,0,2,0,0,2,0,0,0,2,0,0,0,0,0,0,0,0,0,0,0,0,0,0,0,0,0,0,0,0,2,2,0,0,0,0,0,0,0,0,0,2,0,0,0,0,0,2,0,0,0,0,2,0,0,0,0,0,0,2,2,0,0,0,0,2,0,0,0,0,0,0,0,0,0,0,0,0,0,0,0,0,0,0,0,0,0,0,0,2,0,0,0,2,0,2,2,2,0,0,0,0,0,0,0,0,0,0,0,0,0,0,0,0,0,0,2,0,0,0,0,0,0,2,2,0,0,0,0,0,0,2,0,2,0,0,2,2,0,0,0,0,0,0,0,0,0,0,0,0,2,0,2,0,0,0,0,0,0,2,NA,2,2,2,0,0,2,0,0,0,0,0,0,0,2,2,0,0,0,0,0,2,2,0,0,2,2,0,0,2,0,0,0,2,0,2,0,0,0,0,0,2,0,0,2,0,0,2,0,0,0,2,0,0,0,0,0,0,0,2,2,0,0,0,0,0,0,0,0,0,2,2,0,0,0,0,0,2,2,0,0,0,0,0,0,2,0,0,2,0,2,0,0,0,0,0,0,0,2,0,0,0,0,0,0,2,0,2,0,0,2,0,2,0,0,0,0,0,0,0,0,0,2,2,2,0,0,0,2,0,0,0,2,0,0,0,0,0,0,0,0,0,0,0,2,0,0,0,0,0,2,0,0,0,2,2,2,0,0,2,0,0,0,0,0,2,2,0,0,0,0,0,0,0,0,0,0,0,0,0,0,0,0,0,0,0,2,0,0,0,0,0,0,2,2,0,0,0,0,0,NA,0,0,0,0,0,2,2,0,0,2,0,2,0,0,0,2,2,0,0,0,2,0,0,2,0,2,0,0,0,0,0,0,2,0,2,0,0,0,0,0,2,0,0,0,0,0,0,0,0,0,0,2,0,0,0,0,0,2,0,0,0,0,2,2,0,2,2,0,0,0,0,0,0,0,0,0,0,0,2,0,0,0,0,0,0,0,2,0,2,0,2,0,0,0,0,0,0,0,0,0,0,2,2,0,0,0,0,0,0,0,0,0,0,0,0,2,0,0,0,0,0,0,0,0,0,0,2,2,0,0,0,0,0,0,0,0,0,2,0,0,0,0,0,0,0,0,0,2,0,0,0,0,0,2,2,0,0,0,2,0,0,0,0,0,0,0,0,0,2,0,0,0,0,2,0,0,0,2,0,0,0,0,0,0,0,0,0,0,0,0,0,0,2,2,0,0,0,2,0,0,0,0,0,0,0,0,0,0,0,0,0,0,0,0,2,0,2,0,0,0,0,0,0,0,0,2,0,0,0,0,0,0,0,2,0,0,0,0,2,2,0,0,0,2,0,0,0,0,0,2,0,0,0,0,0,0,0,0,0,0,0,0,0,0,0,0,0,0,0,0,0,2,0,0,0,0,2,0,2,0,0,0,2,0,0,0,0,0,2,0,0,0,0,0,0,0,0,0,0,0,0,0,0,0,0,0,2,0,0,2,2,0,0,0,0,0,2,0,0,0,0,0,0,0,0,0,0,0,0,2,0,2,0,0,0,2,0,0,0,0,0,0,0,0,0,0,0,2,2,0,2,0,0,0,0,0,2,0,0,0,0,0,0,0,0,0,0,2,0,0,0,0,0,2,0,0,0,0,0,0,2,0,0,0,2,0,0,0,0,0,0,0,0,0,2,0,0,0,0,0,0,0,2,0,0,0,0,2,0,0,2,0,0,0,0,0,0,0,0,0,0,2,0,0,0,0,0,0,0,0,0,2,0,0,0,0,2,0,0,0,0,2,0,0,0,2,0,0,0,0,0,2,0,0,0,0,0,2,0,0,0,0,2,0,0,0,0,0,0,2,2,0,0,2,2,0,2,0,0,0,0,0,0,0,2,0,0,0,0,0,0,0,2,2,2,0,0,0,2,0,2,0,0,0,0,0,0,0,2,0,0,0,0,2,0,0,0,0,0,2,0,0,0,0,2,0,0,2,0,0,2,0,0,0,0,0,0,0,0,0,0,0,0,0,0,2,0,0,0,0,0,0,0,0,0,0,0,0,0,0,0,0,0,0,0,0,0,0,0,0,0,0,0,0,0,0,0,0,2,0,0,0,0,0,0,0,0,0,0,2,0,0,0,0,0,0,0,0,0,0,0,0,2,2,0,0,0,0,0,0,0,0,0,0,0,2,NA,0,0,0,0,0,0,0,0,2,2,2,0,0,2,0,0,0,0,0,NA,0,0,0,0,2,2,2,0,0,0,2,0,0,0,0,2,0,0,0,0,0,0,0,0,2,0,0,2,0,0,0,0,2,0,0,0,0,0,0,0,0,2,0,0,0,0,0,0,0,2,0,0,0,2,0,2,2,2,0,2,0,0,0,0,2,0,0,2,2,2,0,0,0,2,0,0,0,0,2,2,2,0,2,0,0,0,0,0,0,2,0,2,0,2,0,0,0,0,2,0,0,2,0,0,0,0,0,0,0,0,0,0,0,0,0,0,0,0,0,0,0,0,0,0,0,0,0,0,2,0,0,2,2,0,0,0,0,0,0,0,0,0,0,0,0,0,0,0,0,0,0,0,2,0,0,2,0,0,0,0,2,0,0,0,0,0,0,0,0,0,0,0,0,0,0,0,0,0,0,0,0,2,0,0,0,0,0,0,2,0,0,0,0,2,2,0,0,0,0,0,0,0,0,2,0,0,0,0,2,2,0,0,0,0,0,0,0,2,0,0,0,0,0,2,2,0,0,2,0,2,2,0,2,0,2,0,0,0,0,2,0,0,0,0,0,0,0,0,0,0,2,2,0,2,0,0,0,0,0,0,0,2,0,0,0,0,0,0,0,0,0,2,0,0,0,2,0,0,0,0,0,0,0,0,0,0,0,0,0,0,0,0,0,0,0,0,0,0,0,0,2,0,2,0,0,0,0,0,0,0,0,0,2,0,0,0,0,0,2,0,0,0,0,0,0,2,NA,2,0,0,0,0,0,0,0,0,0,0,0,0,0,0,2,0,0,0,0,0,0,0,0,2,0,0,0,0,2,0,0,2,0,0,0,0,0,0,0,0,0,2,2,0,0,2,0,2,0,2,0,0,0,0,0,0,0,0,0,0,2,2,0,2,0,0,0,2,0,0,0,2,0,2,2,0,0,0,0,0,0,0,0,0,0,2,2,0,0,0,0,0,0,2,0,0,0,0,2,0,2,0,0,0,2,2,0,0,2,0,0,0,2,0,0,2,0,0,0,0,0,0,0,2,0,0,2,0,2,2,0,0,2,0,0,0,0,0,2,0,0,0,2,0,0,0,0,0,0,0,0,0,0,0,0,0,2,0,0,0,0,0,0,0,0,2,2,0,0,2,0,0,0,2,0,0,2,0,0,0,0,0,0,0,2,2,0,0,2,0,2,0,0,0,0,0,2,0,2,0,0,0,0,2,2,0,0,0,0,2,0,0,0,0,0,2,0,0,0,0,2,0,0,0,0,0,0,0,0,0,0,0,0,0,0,0,2,0,0,NA,0,0,2,0,2,0,0,0,0,2,0,0,2,2,0,0,0,2,0,2,0,0,0,0,0,0,0,0,0,0,NA,0,0,2,0,0,2,0,2,0,0,0,0,0,2,0,0,0,0,0,0,0,0,0,2,2,0,0,0,0,0,2,0,0,0,0,2,0,0,0,2,2,0,0,0,0,0,0,0,2,0,0,0,0,0,0,2,0,2,0,0,0,0,2,0,0,2,0,0,2,0,0,2,0,0,0,0,0,0,0,2,2,2,0,2,2,0,0,2,0,2,0,0,0,0,0,0,0,0,2,0,0,0,0,0,0,0,0,0,0,0,0,0,0,0,0,0,0,0,0,0,2,2,0,0,2,2,0,0,0,2,0,0,0,2,0,0,0,0,0,0,0,0,0,0,0,0,0,0,0,2,2,0,NA,2,2,0,2,0,2,2,0,0,2,0,2,0,0,0,2,2,0,0,0,2,0,0,0,0,0,0,0,0,0,2,2,0,2,0,0,0,0,0,0,0,2,0,0,2,0,2,2,0,2,0,0,0,0,0,0,2,0,2,2,0,2,2,0,0,2,0,0,0,0,0,0,0,0,0,0,0,0,0,0,0,0,0,0,2,0,0,0,0,2,2,0,0,0,0,2,0,0,0,0,2,0,0,0,0,0,0,0,0,0,0,0,0,0,0,0,0,0,0,0,0,0,0,0,2,0,NA,0,0,2,0,2,0,2,0,2,0,2,0,0,2,2,0,0,0,0,2,0,2,0,2,0,0,2,0,0,0,0,2,0,0,0,0,0,2,0,0,2,0,0,0,2,0,0,0,0,0,2,0,2,0,0,2,0,2,2,2,0,2,2,0,2,2,2,0,0,2,0,2,0,2,0,0,2,0,0,0,0,0,2,0,0,0,0,0,0,0,0,0,0,2,0,0,0,0,0,0,0,2,0,2,0,0,2,0,0,0,0,2,0,2,0,0,0,0,0,0,0,2,0,0,0,0,0,0,2,0,2,0,0,0,0,0,0,0,0,2,0,2,2,0,0,0,0,2,2,2,0,0,0,0,2,0,0,2,0,0,2,NA,2,0,0,0,2,0,2,2,0,2,0,0,0,0,0,0,0,0,2,0,2,0,2,0,0,0,0,0,0,0,0,0,0,0,0,0,0,0,0,0,0,0,0,0,0,0,0,0,0,0,0,NA,0,0,0,0,2,2,0,2,0,0,0,0,2,2,0,0,2,0,0,0,2,0,0,0,2,0,0,0,0,0,0,0,0,0,0,0,0,0,0,0,0,2,0,0,0,2,0,0,2,0,0,0,0,0,0,2,0,0,NA,2,2,0,0,0,0,0,2,0,2,2,0,0,2,0,0,0,0,0,0,0,0,0,0,0,0,0,0,0,0,0,0,0,0,0,0,2,0,0,0,2,2,2,0,0,0,0,2,0,0,0,0,0,0,2,0,0,2,0,0,0,2,0,0,0,0,0,0,2,0,2,0,0,0,2,0,0,0,0,0,0,0,0,0,0,0,0,2,0,0,0,2,0,0,0,0,0,0,0,2,0,0,0,0,0,0,0,0,0,0,0,0,0,2,0,0,0,0,2,0,0,0,0,0,2,0,0,0,0,0,2,0,0,0,0,0,0,0,0,0,0,0,0,2,0,0,0,0,0,0,0,0,0,0,0,0,0,0,0,0,0,0,0,0,0,2,0,0,0,0,0,2,0,0,0,2,0,0,0,0,0,0,0,2,0,2,0,0,0,0,2,0,0,2,0,0,2,0,0,2,0,0,0,0,0,0,2,0,0,0,0,0,0,0,2,2,0,0,0,0,0,0,0,0,0,0,0,0,0,0,0,0,0,0,0,0,0,0,2,0,0,0,0,0,0,0,0,0,0,0,0,0,0,0,0,0,0,0,2,0,0,0,0,0,0,0,0,2,0,2,0,0,2,0,0,0,0,0,0,2,2,0,0,0,0,2,0,0,0,0,0,0,2,0,2,0,2,2,2,0,2,0,0,0,0,2,2,0,2,0,2,0,0,0,0,0,2,0,0,0,0,0,0,0,0,2,2,2,0,2,0,0,2,0,0,2,2,0,0,0,0,2,0,0,0,2,0,2,2,2,2,0,0,0,0,0,0,0,0,0,0,0,0,2,0,0,0,0,0,0,2,0,2,2,0,0,0,0,2,0,0,0,2,0,0,0,2,0,0,0,0,0,0,0,0,0,0,2,0,0,2,2,0,0,2,0,0,0,0,0,NA,0,2,0,0,0,0,0,0,0,0,0,0,2,0,0,2,0,0,0,2,0,0,2,0,0,0,0,2,0,2,0,2,2,0,0,2,0,0,0,2,0,0,0,0,0,2,0,2,0,0,0,0,0,0,0,0,0,0,0,0,2,0,2,0,0,0,2,0,0,0,2,2,2,2,0,0,0,0,2,0,0,0,0,0,0,0,0,0,0,0,0,2,0,2,2,2,0,0,0,0,0,2,0,0,0,0,2,2,0,0,0,0,0,0,0,2,0,0,0,0,0,2,2,0,2,0,0,0,2,2,2,0,0,2,2,2,2,2,0,2,2,0,2,0,0,2,2,0,2,0,0,0,2,0,2,2,0,2,2,2,0,0,0,0,0,2,2,2,2,2,2,0,2,0,0,0,0,0,2,0,2,0,0,0,0,0,2,2,2,2,0,2,2,0,2,0,2,0,2,0,2,0,0,0,2,0,0,0,0,0,2,0,0,0,0,0,0,0,0,0,0,0,0,0,0,0,0,0,2,0,0,2,0,2,0,0,0,2,2,0,2,2,0,0,0,2,0,0,0,0,0,0,0,0,0,0,0,0,0,0,2,0,0,0,2,0,0,0,0,0,0,2,0,0,0,0,0,0,0,0,0,0,0,0,0,0,0,0,0,2,0,2,0,0,0,2,0,0,0,0,0,0,0,0,0,0,0,0,0,0,0,0,0,0,0,0,0,0,2,0,2,0,2,0,0,0,0,0,0,0,0,0,0,0,0,0,0,0,0,0,0,0,0,0,0,0,0,0,2,0,2,2,0,0,0,0,2,0,2,0,0,0,0,0,0,0,0,0,0,2,0,0,0,0,0,0,0,0,0,2,0,0,0,0,0,2,0,0,2,0,0,0,2,0,0,0,2,0,0,2,0,0,2,2,0,2,0,0,0,0,0,2,0,0,0,0,0,0,0,0,0,0,0,0,0,2,0,2,2,0,0,0,0,0,0,0,2,0,0,0,0,0,0,0,0,0,0,0,0,0,0,0,0,0,0,0,0,0,0,0,2,0,0,2,0,0,2,0,0,0,0,0,0,2,0,0,0,2,0,0,2,0,0,2,0,0,0,0,0,0,0,0,0,0,0,0,0,0,2,0,0,0,0,0,2,0,0,2,0,0,0,2,2,2,0,0,0,0,2,0,0,0,0,0,0,0,0,0,0,0,0,0,0,0,0,0,0,0,0,0,0,0,0,0,0,0,0,0,0,0,0,0,0,0,0,0,2,2,0,0,0,0,0,0,0,0,0,0,0,2,0,2,0,0,0,0,0,0,2,0,0,0,0,0,2,0,0,2,0,0,0,0,0,0,0,0,0,0,0,2,0,0,0,0,0,0,0,0,0,0,0,0,0,0,0,0,0,0,0,2,0,0,0,0,2,0,2,0,0,0,0,0,0,0,0,0,2,0,0,0,0,0,0,0,0,0,0,2,0,0,0,0,0,0,0,2,2,2,2,0,2,2,0,0,2,0,0,0,0,0,2,0,0,0,0,0,0,0,0,0,2,0,0,0,2,0,0,0,2,0,0,2,2,2,0,0,0,0,0,0,0,0,0,2,2,0,2,2,0,0,0,0,2,0,0,0,0,0,0,0,0,0,0,0,0,0,0,0,0,0,0,0,0,0,0,0,0,0,0,0,0,0,0,0,0,0,0,0,0,0,0,0,0,0,0,0,0,0,0,0,2,0,0,0,0,0,0,0,0,0,2,0,2,0,2,0,0,0,0,0,0,2,0,0,0,0,0,0,0,0,2,0,0,0,0,0,0,2,2,0,2,2,2,0,0,0,0,0,0,0,0,0,0,0,0,2,0,0,0,0,2,0,0,0,0,0,0,0,0,2,0,0,2,0,2,0,0,2,0,0,0,0,0,0,0,0,2,0,0,0,2,0,0,2,0,0,0,0,2,0,0,0,0,2,0,0,0,0,2,0,2,0,0,0,0,0,0,0,0,0,0,0,0,0,0,0,0,0,0,0,0,0,0,0,0,0,0,0,0,0,0,0,0,0,0,0,0,2,0,0,0,0,0,0,0,2,0,2,0,0,2,0,2,0,0,2,0,0,0,0,2,2,0,0,0,0,2,0,2,0,2,2,0,2,2,2,0,0,0,0,0,2,0,0,0,2,0,0,2,2,0,0,2,0,0,2,0,0,0,0,0,0,0,0,0,0,0,0,0,2,2,0,0,2,0,0,0,0,0,0,2,0,0,2,0,0,0,0,2,0,0,0,0,0,0,2,0,0,2,0,0,0,0,2,2,2,2,0,0,0,2,0,0,0,0,0,0,0,0,0,0,2,2,2,0,0,2,0,2,0,2,2,0,0,2,0,0,0,0,0,0,2,2,0,2,0,0,2,0,2,0,2,0,2,0,0,2,0,0,0,0,0,0,2,2,0,0,2,0,0,0,0,0,0,0,0,0,0,0,0,0,0,0,0,2,0,0,0,0,0,0,0,0,0,0,2,2,2,2,0,0,0,2,0,0,0,2,0,0,0,0,0,0,0,2,0,0,0,0,0,0,0,0,0,0,2,0,2,0,0,0,2,0,0,0,0,2,0,0,0,0,0,0,0,0,2,0,0,0,0,0,0,0,NA,0,0,2,0,0,2,0,0,2,0,0,0,0,2,0,0,0,2,0,0,0,0,NA,0,0,0,0,0,0,0,2,0,0,0,0,0,0,0,0,0,2,0,2,0,0,0,0,0,0,2,2,0,2,0,0,0,0,0,2,0,2,0,0,0,0,0,0,2,0,0,0,0,0,0,2,2,0,0,2,2,0,0,0,0,0,0,0,0,0,0,2,2,0,0,0,2,0,0,0,0,2,2,0,2,0,0,0,0,0,0,0,2,0,0,0,0,0,0,2,0,2,2,0,0,2,0,0,0,0,2,0,0,0,0,0,0,0,0,0,0,0,2,0,2,2,0,0,0,0,0,0,2,0,0,0,0,0,0,0,0,2,0,0,0,0,0,0,0,0,2,0,0,0,2,0,0,0,0,0,0,0,0,0,0,2,0,0,2,0,0,0,0,0,0,2,0,0,2,2,0,0,0,0,0,0,0,NA,0,0,0,0,2,0,2,0,0,0,0,0,0,0,0,0,2,0,0,0,0,0,0,0,0,0,0,0,2,0,0,0,0,0,0,0,0,0,0,0,0,0,0,0,0,0,2,0,2,0,0,0,0,0,0,0,0,0,0,0,0,0,0,0,0,0,0,0,0,0,0,2,0,0,2,2,0,0,0,0,0,0,0,0,0,0,2,0,0,0,0,0,0,0,0,0,2,0,2,0,0,0,0,2,2,0,0,0,0,0,0,0,0,0,0,0,0,0,0,0,2,0,0,0,0,0,0,0,0,0,2,0,0,0,0,0,2,0,0,0,0,0,0,0,0,0,0,0,2,0,2,2,0,0,2,0,0,0,0,0,2,0,2,0,0,0,0,0,2,0,0,2,0,0,2,NA,0,0,0,2,0,2,0,0,0,0,0,0,2,0,0,0,2,0,0,0,0,2,0,0,0,2,0,2,2,2,2,NA,2,0,2,0,0,0,0,0,0,0,0,0,0,2,0,2,2,2,0,0,0,0,0,0,0,0,2,0,0,0,0,0,2,0,2,0,0,0,0,0,0,0,0,0,0,0,0,0,0,0,0,0,2,0,0,0,2,0,0,2,2,0,0,0,0,0,2,0,0,2,0,0,0,2,2,0,0,0,0,2,0,0,0,2,0,0,0,0,0,2,0,0,0,0,0,2,0,0,0,0,0,0,0,0,0,0,0,0,0,2,0,0,0,0,0,0,0,0,0,0,0,2,0,0,0,0,0,0,2,2,0,0,0,0,0,0,0,0,0,0,NA,2,2,0,0,0,2,0,0,0,0,0,2,0,0,0,0,0,0,0,0,0,2,0,0,0,0,0,0,0,0,0,0,0,0,0,0,0,0,0,0,2,0,0,0,0,0,0,0,0,0,2,2,0,0,0,0,0,0,2
"CC210",0,0,0,0,2,0,0,2,0,0,0,0,0,0,0,0,0,0,0,0,0,0,0,0,0,2,0,0,0,0,0,0,0,0,0,0,0,0,0,0,2,0,0,0,0,2,0,0,0,2,0,0,0,0,0,0,0,0,2,2,0,0,2,0,2,0,2,0,0,0,0,0,0,2,2,2,2,2,0,0,2,0,0,2,2,0,0,0,NA,0,2,2,0,2,0,2,0,0,2,2,0,0,0,0,0,0,0,0,0,2,0,0,2,0,0,0,0,2,0,2,2,0,0,2,2,2,2,0,0,0,0,0,0,0,0,0,0,0,2,NA,0,2,0,0,0,0,0,2,0,2,0,0,0,0,2,2,2,0,2,0,2,0,0,0,0,2,0,2,0,2,0,0,2,2,0,2,0,2,0,0,2,2,2,0,0,0,0,0,0,0,2,2,0,0,0,2,0,2,0,0,0,0,0,0,0,0,0,2,2,0,2,0,2,0,2,0,2,0,2,2,0,2,2,0,0,2,0,0,0,2,2,2,0,0,0,2,0,NA,0,0,0,0,0,0,0,0,0,0,0,0,0,2,0,2,0,0,0,0,0,0,0,0,2,0,0,0,2,0,2,0,2,0,0,2,0,0,0,2,2,0,0,0,2,2,0,2,0,2,0,0,0,0,0,0,0,0,0,2,2,0,0,0,2,0,2,0,0,2,0,0,0,0,0,2,0,0,2,0,2,0,0,0,0,0,0,0,0,0,0,0,0,2,0,0,0,0,0,0,0,0,0,2,0,0,2,0,0,0,2,0,0,0,0,0,2,0,0,2,0,2,0,2,0,0,0,0,0,2,0,0,0,0,2,0,0,0,0,2,2,0,0,0,0,2,0,0,0,2,0,0,0,2,0,2,2,2,2,0,2,0,0,0,0,2,2,2,2,2,0,0,2,0,0,0,0,0,2,0,0,2,0,0,0,0,2,0,0,0,2,2,0,2,0,0,0,0,0,2,0,2,0,0,0,0,0,0,0,0,2,0,0,0,0,0,2,0,0,0,0,0,0,0,0,0,0,0,2,0,0,0,NA,0,0,2,0,0,0,0,0,0,0,0,0,0,0,0,0,0,0,0,0,2,2,0,0,0,2,0,2,0,0,2,0,0,0,0,2,0,0,0,0,0,0,0,0,0,0,0,2,0,2,0,0,0,2,2,2,2,0,0,0,0,0,0,0,2,0,0,0,0,0,0,0,2,0,0,0,0,0,2,0,0,0,0,0,0,0,0,0,0,0,0,0,2,0,0,0,0,0,0,0,0,0,0,0,0,0,0,2,0,0,0,0,0,0,0,2,0,0,2,0,0,0,0,0,0,0,2,0,2,0,0,0,2,2,2,0,0,0,0,2,0,0,2,0,NA,0,0,0,0,0,0,0,2,2,0,0,0,2,0,0,0,2,0,0,0,0,2,0,0,0,0,0,0,0,2,0,2,0,0,0,0,0,0,2,0,0,0,0,0,0,2,0,0,0,0,0,0,0,2,0,0,0,0,0,0,0,0,0,0,0,0,0,0,0,0,0,0,0,0,2,0,0,0,0,0,2,0,0,2,0,0,0,0,0,0,0,0,0,0,0,0,0,2,0,0,0,0,2,0,0,0,0,0,0,2,0,0,2,0,2,0,0,2,2,2,0,0,0,0,0,0,0,0,0,0,0,0,0,0,0,0,0,0,2,0,0,0,2,0,2,0,0,0,0,0,0,0,0,0,0,0,0,0,0,0,2,0,0,0,0,0,0,0,0,0,0,0,0,0,0,0,0,0,0,0,0,0,0,0,0,0,0,0,0,0,0,0,0,2,0,0,0,0,0,0,0,0,0,0,0,2,2,0,0,0,0,0,0,0,0,0,0,0,0,0,0,0,0,0,2,0,0,0,0,0,0,2,2,0,0,2,0,2,0,0,0,0,0,0,2,0,0,0,0,0,0,0,0,2,0,0,0,0,2,2,0,0,0,0,0,2,0,0,2,2,0,0,0,0,2,0,0,0,0,0,2,0,2,0,0,0,0,0,0,0,0,2,0,0,2,0,0,0,0,0,0,0,2,0,0,0,0,0,0,0,0,0,0,0,2,0,0,0,2,0,0,0,0,0,0,0,0,0,0,0,0,0,0,0,0,0,0,0,0,0,2,0,0,0,0,0,0,0,0,0,0,0,0,0,2,0,0,0,0,0,0,2,0,0,2,0,0,0,2,0,0,0,0,2,2,0,0,0,0,0,2,0,0,0,0,0,0,0,0,0,0,0,2,0,0,2,0,0,0,0,0,0,0,0,0,0,0,0,0,2,0,0,0,0,0,0,0,2,0,0,0,0,2,0,0,0,0,0,0,2,0,0,2,0,0,0,0,0,0,2,0,0,2,0,0,0,0,0,0,0,0,2,0,0,2,0,0,0,0,0,2,2,2,NA,2,0,0,0,0,0,0,0,0,0,0,0,0,0,0,2,0,0,0,0,0,0,0,0,0,0,0,2,2,0,2,2,0,0,0,0,0,0,0,2,0,0,0,2,0,0,0,0,0,0,2,0,2,0,0,0,0,0,0,0,0,2,0,0,2,0,0,2,2,2,0,0,0,0,0,0,0,0,0,2,2,0,0,0,0,0,2,0,2,0,0,0,0,0,0,0,0,0,0,0,0,0,0,0,0,0,2,0,2,0,2,0,0,0,2,0,0,0,0,0,0,0,2,0,0,2,0,0,0,0,0,0,0,0,0,0,0,0,0,2,2,0,0,0,0,0,0,0,0,0,0,0,0,0,0,0,0,0,0,0,0,2,0,0,0,0,2,0,0,0,0,2,0,2,2,0,0,0,0,0,0,0,0,2,0,2,0,0,0,0,0,0,0,0,0,0,0,0,0,0,0,2,0,0,0,0,0,2,0,2,2,2,0,0,0,0,2,2,0,0,0,0,0,0,0,0,0,0,0,2,0,0,0,0,0,0,0,0,0,0,0,0,2,0,0,0,2,0,0,2,0,0,0,NA,2,0,0,0,0,2,0,2,0,0,2,0,2,0,0,0,0,0,0,0,2,0,0,2,0,2,0,0,0,0,2,0,0,0,2,0,NA,2,0,0,0,0,0,2,0,0,0,0,2,0,0,2,2,2,0,0,0,2,2,0,2,0,0,0,0,2,0,0,0,2,0,0,0,0,0,0,2,0,0,0,2,0,0,0,0,0,0,0,2,0,0,2,2,2,2,0,0,0,0,NA,0,2,2,2,0,0,0,0,2,0,0,2,0,0,2,2,2,0,2,2,2,0,0,0,0,0,0,0,0,0,2,2,2,2,2,0,0,0,0,0,0,2,0,0,0,0,2,2,0,0,0,0,2,0,0,0,0,0,0,0,0,0,2,0,0,0,0,2,0,0,0,0,0,0,0,2,0,0,0,0,0,0,0,0,0,0,2,0,0,0,2,NA,0,0,0,2,0,2,0,2,0,0,0,2,2,2,2,2,0,2,0,0,2,0,0,0,0,0,0,0,0,0,0,0,0,0,0,2,2,2,0,0,0,2,0,0,0,0,2,2,0,0,0,0,0,0,0,0,0,0,2,0,0,0,0,2,0,0,0,0,2,0,0,0,0,2,0,2,0,0,2,2,0,2,0,0,0,0,0,0,2,2,0,2,0,NA,2,0,2,0,0,0,2,0,0,0,0,0,0,2,0,0,0,0,0,2,0,0,0,0,0,2,2,0,2,0,0,2,0,0,0,2,0,2,0,0,0,0,0,0,2,0,0,0,0,0,0,0,0,2,0,0,0,0,0,2,0,0,0,0,0,2,0,0,0,0,2,0,2,0,0,0,0,0,0,0,2,2,0,0,0,0,2,0,2,0,0,2,0,2,2,0,NA,2,2,0,2,0,NA,2,2,2,0,2,0,2,0,2,2,2,0,0,0,0,2,0,2,0,2,0,0,0,0,0,0,0,0,0,0,2,2,0,0,0,0,0,0,0,2,2,0,0,2,0,0,0,0,0,0,2,2,0,2,2,0,2,0,0,0,0,0,0,0,2,0,0,0,0,0,0,0,0,0,0,0,0,0,0,0,0,0,0,0,0,2,0,0,0,0,2,0,2,0,2,0,0,0,0,0,2,0,0,0,0,0,0,2,0,0,0,2,0,2,2,2,0,0,0,0,0,0,0,0,2,2,0,0,0,0,2,0,0,0,0,0,0,0,2,0,0,0,0,0,0,2,0,0,2,2,2,2,0,0,0,0,0,0,0,0,0,0,0,2,0,0,0,2,0,0,2,0,0,2,0,0,0,0,0,2,2,0,0,0,0,0,0,0,0,0,0,0,2,0,0,0,0,0,0,0,2,2,0,0,0,0,0,2,0,0,0,2,0,2,0,0,2,0,2,0,2,0,2,2,0,0,2,0,2,0,0,2,0,0,0,0,0,0,0,0,0,0,2,0,0,0,0,2,0,0,0,0,0,0,0,2,0,2,0,0,0,0,0,0,0,0,0,0,0,0,0,0,0,0,0,0,0,0,0,0,2,0,0,0,2,2,0,0,2,0,0,0,0,0,2,0,2,0,0,0,0,0,0,2,0,0,0,0,0,0,2,2,0,0,0,0,0,0,0,2,2,0,0,0,2,0,0,0,0,0,2,0,0,0,0,0,0,2,0,0,0,0,2,2,0,0,2,2,0,0,0,0,0,0,0,0,0,0,0,0,0,0,0,2,0,0,0,2,0,2,0,0,0,0,2,0,2,2,0,2,0,0,0,NA,0,2,0,0,0,2,2,0,0,0,0,0,2,0,0,2,0,0,0,0,0,0,0,2,0,0,0,0,0,2,0,2,0,0,0,0,0,2,2,0,0,0,0,0,0,0,0,0,2,2,0,0,0,0,0,0,2,0,0,0,0,0,0,0,0,0,0,0,0,0,0,0,0,0,0,0,0,0,2,0,2,0,0,0,0,0,0,0,0,0,0,0,0,2,0,0,0,0,0,0,0,2,2,0,0,0,0,0,2,0,0,0,2,0,0,0,2,2,0,0,2,0,0,2,2,2,0,0,2,0,0,0,0,0,0,2,0,0,2,0,0,0,0,0,0,0,0,0,0,0,0,0,0,0,0,0,0,0,0,2,2,0,0,2,0,0,0,0,0,0,0,0,0,0,0,0,2,0,0,0,0,0,0,0,0,0,0,0,0,0,0,0,0,0,2,0,0,0,0,0,0,0,0,0,0,0,0,2,0,0,0,0,0,0,0,0,0,0,0,0,0,0,0,0,0,0,0,2,0,0,0,0,0,2,0,0,0,0,0,0,0,0,0,0,0,0,0,2,0,0,0,0,0,0,0,2,0,0,0,0,0,0,0,0,0,0,0,0,0,0,0,2,0,0,0,0,0,0,0,0,2,0,0,0,0,0,0,0,0,0,0,0,0,2,0,0,0,2,2,2,0,0,0,0,0,0,0,0,0,0,0,0,0,0,0,0,2,2,0,0,0,2,0,0,2,0,0,0,2,2,0,0,0,0,2,2,0,0,0,0,0,0,0,2,0,2,2,0,0,0,2,2,0,0,0,0,0,2,0,0,2,0,0,0,0,0,0,0,0,0,0,0,2,0,0,0,2,2,0,0,0,0,2,0,0,0,0,0,0,0,0,2,0,0,0,0,2,0,0,0,0,0,0,0,2,0,0,0,0,0,0,0,0,0,0,0,0,0,0,0,2,0,2,0,0,0,0,0,0,0,0,0,0,0,0,0,0,2,0,0,0,0,0,0,2,2,0,0,0,0,2,0,0,0,0,0,0,0,0,0,0,0,0,0,0,0,0,0,0,2,0,0,0,0,2,0,0,2,0,0,0,2,2,0,0,0,2,0,0,0,2,0,0,0,2,2,0,0,0,0,2,0,0,0,0,0,0,0,0,0,0,0,0,0,0,0,0,0,0,0,0,0,0,2,0,0,2,0,0,0,0,0,0,0,0,2,0,0,0,2,0,0,0,0,0,0,0,0,0,0,0,0,0,0,0,0,0,0,0,0,2,0,2,0,0,0,2,0,0,2,2,0,2,0,0,2,0,2,0,0,0,0,0,2,2,0,0,0,0,0,0,0,0,0,0,0,0,0,0,0,0,2,2,2,0,0,0,0,0,0,0,0,0,2,0,0,0,0,0,0,0,0,0,2,0,2,0,0,0,0,0,0,0,0,0,2,0,0,0,2,0,0,0,0,0,2,0,0,0,0,0,0,0,0,0,0,0,0,0,0,0,0,2,0,0,0,2,0,0,2,0,0,0,0,0,0,0,0,0,2,0,0,0,0,2,0,0,0,0,0,2,0,2,2,0,0,0,0,2,0,0,0,0,0,0,2,2,0,2,0,0,0,0,0,0,0,0,0,0,2,0,2,2,2,0,0,0,0,0,2,0,0,0,0,0,0,0,0,0,0,2,0,0,0,0,0,0,2,0,2,0,0,2,2,0,2,0,0,0,0,2,2,0,0,NA,0,0,0,0,0,2,0,0,2,0,0,0,2,2,0,0,0,0,0,2,0,2,0,0,0,2,0,0,0,0,0,0,0,0,0,0,0,0,0,0,0,0,0,0,2,0,0,0,0,0,0,0,0,0,2,2,0,0,0,0,0,0,0,2,2,0,0,2,0,0,0,0,0,2,0,2,2,0,0,2,0,2,0,0,0,2,0,2,0,0,2,0,0,0,2,0,0,0,0,0,0,0,0,0,0,2,0,2,0,2,2,0,0,0,0,0,0,2,0,0,0,0,0,2,2,0,2,2,0,0,0,0,0,0,0,2,2,0,0,0,0,0,0,0,0,0,0,2,0,0,0,2,0,0,0,0,2,0,0,0,0,2,0,0,0,0,2,2,2,0,2,0,0,0,0,0,0,0,2,0,0,0,0,0,0,0,0,0,0,0,0,0,0,0,2,2,0,0,0,0,0,2,0,0,0,0,2,0,2,2,0,0,0,2,0,0,0,0,2,0,0,0,2,2,0,0,2,0,0,0,0,0,0,0,0,2,2,0,0,0,0,2,0,0,0,0,2,0,0,0,0,2,0,0,2,0,0,0,0,2,0,2,2,0,0,2,0,2,0,0,0,0,0,0,0,2,0,0,0,0,2,0,2,0,0,0,0,0,0,0,0,0,0,0,0,0,0,0,0,0,2,0,0,2,0,2,0,0,0,2,0,2,0,2,0,0,2,2,0,0,0,0,0,0,0,0,0,0,0,0,0,0,0,0,0,0,2,0,2,0,0,0,0,0,2,2,0,0,2,2,0,0,0,2,0,0,2,0,0,2,2,0,0,0,0,0,2,0,0,0,2,0,2,0,0,0,2,2,0,0,0,2,0,0,2,0,0,0,0,0,0,2,0,0,0,0,2,0,2,0,0,0,0,0,0,0,2,NA,2,0,0,2,0,2,0,0,2,0,2,2,0,0,0,2,NA,2,2,0,0,2,0,0,0,0,0,0,0,0,0,2,0,0,0,0,2,2,0,2,2,0,0,0,0,2,2,2,0,0,0,0,2,0,0,2,0,0,2,0,0,0,0,0,2,0,0,0,0,2,0,0,0,0,0,0,2,2,0,0,2,0,2,2,2,0,0,2,2,0,0,0,0,0,0,0,0,0,0,0,0,0,0,2,0,0,0,0,0,0,0,0,0,0,2,0,0,0,0,2,0,0,0,0,0,0,0,0,0,0,2,0,0,0,0,0,0,0,2,0,0,0,0,0,0,0,2,0,0,2,0,0,0,0,2,0,0,0,2,0,0,0,0,0,0,0,0,0,2,0,0,0,0,0,0,0,2,0,0,0,2,0,0,0,0,2,0,0,0,0,0,0,0,0,0,0,0,0,0,0,2,0,0,2,0,0,0,2,0,2,0,0,0,0,2,0,0,0,0,0,2,0,0,0,0,2,2,2,0,0,0,2,0,2,0,0,0,0,0,0,0,0,0,NA,2,0,0,0,0,0,2,0,2,2,0,0,0,0,0,0,2,0,0,0,0,0,0,0,2,0,2,2,0,0,0,0,0,0,0,0,0,0,0,0,0,0,0,0,0,0,0,0,0,0,0,0,0,0,0,0,0,0,0,0,0,0,0,0,0,0,0,0,0,0,0,0,0,0,2,0,0,2,0,0,0,0,0,0,0,0,0,0,0,0,0,0,0,0,0,0,0,2,0,0,0,0,0,0,0,0,0,0,2,2,0,2,0,0,0,0,0,0,2,0,0,0,0,0,0,0,2,0,0,0,0,0,0,0,0,0,0,0,0,0,0,0,0,0,0,2,2,0,0,0,0,0,0,0,0,0,0,0,0,0,0,0,0,0,0,0,0,2,0,0,2,0,0,0,0,0,0,0,0,0,0,0,0,0,0,0,2,2,0,0,0,0,0,0,0,2,2,0,2,0,2,0,0,2,0,0,0,0,0,2,0,0,0,0,0,2,2,2,0,0,0,0,0,0,0,0,0,0,2,0,2,2,0,0,0,0,0,0,0,0,0,0,0,0,2,0,0,2,0,0,2,2,0,0,2,0,0,0,2,0,0,0,0,2,2,0,2,0,2,0,0,2,0,0,0,0,0,0,0,0,2,0,2,0,2,0,0,0,2,2,2,0,0,2,0,2,0,2,2,0,2,0,0,0,0,0,0,0,0,0,0,0,0,0,0,0,0,0,0,2,0,0,2,0,0,0,0,2,0,2,0,0,0,2,0,0,2,0,0,2,2,2,0,0,0,0,0,2,0,0,0,0,0,0,2,0,0,0,0,0,0,0,2,0,0,2,0,0,0,0,0,2,2,0,0,0,0,0,0,0,0,0,0,0,2,0,0,0,0,2,0,0,0,0,0,0,0,2,0,0,0,0,2,0,0,2,0,0,2,2,0,2,2,2,0,0,0,0,2,0,0,0,0,2,0,2,0,2,0,0,2,2,2,0,0,2,0,0,0,0,2,0,0,2,0,0,0,2,2,2,0,0,2,2,0,2,2,2,0,0,0,0,2,0,0,2,0,0,0,0,0,0,0,2,2,0,0,2,0,0,0,0,0,0,2,0,0,0,2,0,0,0,0,0,0,0,0,0,0,0,2,0,0,0,0,0,0,0,0,0,0,0,2,0,0,2,0,0,0,0,0,0,0,0,0,2,2,0,0,0,0,0,0,0,0,0,0,0,2,0,0,2,0,0,0,0,2,0,0,0,0,0,0,0,0,0,0,2,0,0,0,0,2,0,2,0,0,2,0,0,0,0,0,0,0,0,0,0,0,0,2,0,0,0,2,0,0,0,2,2,0,0,0,2,0,0,0,0,2,0,2,0,0,0,2,0,0,2,2,0,0,0,0,2,0,0,0,0,0,0,0,0,0,0,0,0,0,0,0,0,0,0,0,0,2,0,0,0,NA,0,0,0,0,0,2,0,2,0,0,0,0,0,0,2,2,0,0,0,0,2,0,0,0,0,2,0,0,0,0,0,0,0,2,0,0,0,2,0,2,0,0,2,0,0,0,0,0,2,0,0,0,0,0,2,2,0,0,0,0,0,0,0,0,0,2,0,2,2,0,2,0,0,0,2,2,2,0,0,0,0,0,0,0,0,0,0,0,0,0,NA,0,2,0,0,0,0,2,0,0,0,2,0,0,2,0,0,0,0,0,0,0,2,0,0,2,2,2,0,0,0,0,0,2,0,2,2,0,2,0,0,0,0,0,0,0,0,0,2,0,0,0,0,0,0,0,0,2,0,0,0,0,2,0,0,0,0,0,0,2,2,0,0,0,0,0,0,0,0,2,0,0,2,0,0,2,0,0,0,0,0,2,0,0,2,0,0,0,2,0,0,2,NA,2,0,0,2,2,0,2,0,0,0,0,2,2,0,0,0,0,0,0,2,0,0,0,0,0,0,2,0,0,0,2,0,0,0,0,0,0,0,0,0,2,0,2,2,2,0,0,0,0,2,0,0,0,0,0,0,0,2,0,0,0,0,0,0,0,2,0,0,2,0,2,0,0,2,0,2,2,0,2,2,0,0,0,2,0,0,0,0,0,0,2,2,0,NA,0,0,2,0,0,2,2,2,2,2,0,0,0,NA,2,0,0,0,0,0,0,0,0,2,0,0,0,2,2,0,0,0,0,0,2,0,0,0,0,0,0,0,0,0,0,0,0,0,0,0,2,0,0,2,0,0,0,2,0,0,0,0,0,0,0,0,0,0,0,0,0,0,2,0,2,0,0,2,0,0,0,0,2,2,0,0,2,0,0,2,0,0,0,0,0,0,0,0,0,0,0,0,0,2,0,0,2,0,0,0,0,0,0,0,0,2,0,2,0,0,0,2,0,0,0,0,0,2,0,0,0,0,2,0,0,2,0,0,0,0,0,2,2,2,0,0,0,2,0,2,0,0,0,2,0,2,2,2,0,0,0,0,0,0,0,2,0,0,0,0,0,2,0,0,0,0,0,2,0,0,2,0,2,0,0,0,0,2,0,2,0,0,2,0,0,0,0,2,0,0,0,0,0,0,2,0,0,0,2,0,0,2,0,0,0,0,0,0,0,0,2,2,2,0,0,0,2,0,0,0,0,2,0,2,0,2,2,0,0,0,0,0,0,0,0,0,0,0,0,0,2,0,2,0,0,0,0,0,0,0,2,0,2,0,0,0,0,0,2,0,0,2,0,2,2,0,0,0,0,0,0,0,0,2,0,0,0,0,0,0,0,2,0,0,0,2,2,2,0,0,0,2,0,2,0,0,0,0,0,2,0,0,0,0,0,0,2,0,0,0,2,0,0,0,0,2,0,2,0,2,2,2,2,0,0,0,NA,2,0,2,2,0,2,0,2,2,0,2,0,0,2,2,0,2,0,2,0,2,2,2,0,0,2,0,2,0,0,0,0,0,0,0,0,0,0,0,2,0,0,0,0,2,2,0,2,0,2,2,0,0,0,2,0,2,2,0,0,0,2,0,2,0,0,2,0,0,0,0,0,0,0,0,0,0,0,0,2,2,0,2,0,2,2,0,0,0,0,0,0,2,2,0,0,2,0,0,0,2,2,2,2,2,2,2,0,0,0,0,0,0,2,NA,0,0,0,2,2,0,2,0,0,0,0,2,0,0,0,0,2,2,2,0,2,0,0,0,0,2,0,2,0,0,0,0,0,0,0,0,0,2,2,0,0,0,2,2,0,2,2,2,0,0,2,0,0,0,0,2,0,0,0,0,2,2,0,2,0,0,0,0,0,2,0,0,2,2,0,0,0,0,0,0,0,0,2,0,0,0,2,2,0,0,0,0,0,0,0,0,0,0,0,0,0,0,0,0,0,2,0,0,2,0,2,0,2,2,2,2,0,0,0,0,2,0,0,0,0,0,0,2,0,0,2,2,0,2,0,0,0,0,0,2,0,0,0,0,0,0,0,0,0,0,0,0,0,0,0,0,0,0,2,0,0,0,0,0,2,0,0,0,0,2,2,2,2,2,NA,2,0,NA,2,2,0,0,0,2,0,0,0,0,0,0,0,2,2,0,0,2,0,2,NA,0,2,0,0,2,0,0,0,0,0,0,2,0,0,0,0,0,0,2,0,0,2,0,0,2,0,2,2,0,2,0,0,0,2,0,0,0,0,0,0,0,0,2,0,2,0,0,0,2,0,0,0,2,0,0,0,0,0,0,2,0,0,0,0,2,2,0,0,0,0,0,0,2,0,0,0,2,2,0,0,2,2,2,2,2,0,0,0,2,0,0,2,0,0
"CC211",0,0,0,0,0,0,0,0,0,0,0,0,0,0,0,0,2,2,2,0,2,0,0,2,2,0,0,0,0,0,0,0,0,0,0,0,0,0,0,0,0,0,0,2,NA,0,0,0,0,0,0,0,0,0,0,0,2,0,0,0,0,0,0,2,2,2,0,2,0,0,2,0,0,0,0,0,0,0,0,2,0,2,0,0,0,0,0,0,0,2,0,0,0,0,0,0,0,0,0,0,0,0,0,2,2,0,0,0,0,0,0,0,0,0,0,0,0,0,0,2,0,0,0,2,0,0,0,0,2,0,0,0,0,2,0,2,0,0,0,0,0,0,0,0,0,0,2,0,0,0,0,0,0,0,0,0,2,0,0,2,0,0,2,2,2,2,0,0,2,0,0,2,0,0,0,0,0,0,0,2,0,0,0,2,0,0,0,0,0,2,2,0,0,0,2,0,0,0,0,0,0,0,0,0,0,0,0,0,0,0,0,2,0,0,0,0,0,0,2,0,0,0,0,2,0,0,0,0,0,2,0,0,0,2,0,0,0,0,0,0,0,0,0,0,2,0,0,0,0,0,0,0,0,0,0,0,0,2,0,0,0,2,0,0,0,0,0,2,0,0,0,0,0,2,2,0,0,0,0,0,0,0,0,2,0,0,0,0,0,0,0,0,0,2,0,2,0,0,2,2,0,0,0,2,2,0,0,2,0,0,0,0,0,0,0,2,0,2,0,0,2,0,0,0,0,2,0,0,0,0,0,0,2,0,0,2,2,0,2,0,2,0,0,0,0,0,0,2,0,0,0,0,0,0,0,0,2,2,0,0,0,0,2,0,0,0,0,0,2,0,2,0,0,0,0,0,0,0,0,0,0,0,0,0,0,0,2,2,2,0,0,2,0,0,0,0,0,0,0,0,0,0,2,2,0,2,0,0,0,0,0,0,0,2,0,0,0,2,0,0,0,2,0,2,2,0,0,2,0,2,0,0,2,0,2,0,0,0,0,0,2,0,0,0,0,2,0,0,0,0,0,0,0,0,0,0,2,0,0,2,2,2,0,0,0,0,0,0,0,0,0,2,0,0,0,0,0,0,0,0,0,0,0,2,0,2,0,2,2,2,0,0,0,0,0,0,0,0,0,2,0,0,0,0,0,0,0,0,0,2,0,0,0,0,0,0,0,0,0,0,0,0,0,0,0,0,0,0,0,2,0,0,0,0,0,0,0,0,0,0,2,0,0,0,0,0,0,0,0,2,2,0,0,2,0,0,2,2,0,0,0,0,0,2,0,2,2,0,0,0,0,2,0,0,2,2,0,0,0,2,2,0,0,0,0,0,0,0,2,2,0,2,0,2,0,0,0,0,2,0,0,0,0,2,0,0,0,0,0,0,0,0,0,0,0,0,0,0,0,2,0,0,0,0,NA,2,0,0,0,0,0,0,0,2,2,2,0,0,0,0,0,2,0,2,0,0,0,0,0,0,0,2,0,0,0,2,0,0,2,2,0,0,0,2,2,2,0,0,0,0,0,0,0,0,0,0,0,0,0,0,0,0,2,0,0,0,0,2,0,0,2,0,0,2,0,0,0,2,2,0,0,0,0,0,2,2,2,0,2,0,0,0,0,0,2,0,0,2,0,0,0,NA,0,0,0,2,2,2,2,0,0,2,0,0,2,0,0,0,0,0,0,0,0,0,0,0,0,0,0,0,0,0,0,0,2,0,2,0,0,2,2,0,0,0,0,0,0,0,0,0,2,0,0,2,0,0,2,0,2,0,2,0,0,0,0,0,0,2,2,0,0,0,0,2,0,0,0,0,0,2,0,0,0,0,2,2,0,0,2,0,0,0,0,0,0,0,0,2,2,0,0,0,0,2,0,2,0,0,2,0,0,0,2,0,0,0,0,0,2,0,0,0,0,2,NA,0,2,0,0,0,2,0,0,2,2,0,0,0,0,0,0,0,0,0,2,0,0,2,0,0,0,0,0,2,0,0,2,0,0,0,2,0,0,2,2,0,0,0,0,0,0,0,0,0,0,0,0,0,0,0,0,2,0,0,0,0,0,0,0,0,0,0,0,0,0,0,0,0,0,0,0,2,2,2,0,0,0,0,0,2,0,2,0,2,2,2,0,0,0,0,2,0,0,0,0,0,0,0,0,0,0,0,0,0,2,2,2,0,0,0,0,0,0,0,0,0,0,0,0,2,0,0,0,0,0,0,0,0,2,2,0,0,0,0,2,0,0,0,0,0,0,0,0,0,0,0,0,0,0,0,0,0,0,0,0,0,0,0,2,0,0,0,0,0,0,2,0,0,0,0,0,0,2,0,2,0,0,0,0,0,0,0,0,0,0,2,0,0,2,0,0,0,0,0,0,2,0,0,0,0,0,0,0,0,2,0,0,0,2,0,0,2,0,0,2,0,0,2,0,0,0,0,0,0,0,0,2,2,0,0,2,2,0,0,0,0,0,0,2,0,0,0,0,0,2,0,0,0,0,0,0,0,0,2,0,0,2,2,2,0,2,0,0,0,0,2,0,2,0,2,0,2,0,0,0,2,0,0,0,0,2,0,0,0,0,2,0,0,0,0,0,0,0,2,2,0,0,0,2,2,0,0,0,0,0,0,0,0,0,2,2,2,0,0,2,0,0,0,0,0,0,0,0,0,0,0,0,0,0,0,2,0,0,0,0,0,0,0,0,2,0,0,2,0,0,2,0,0,2,0,0,0,0,0,2,0,0,0,0,0,0,0,0,2,0,0,0,0,0,0,0,0,0,0,0,0,0,0,0,2,2,0,0,0,0,0,0,2,0,2,0,0,0,2,0,2,0,0,0,0,0,0,0,0,0,0,0,0,0,0,0,0,0,0,0,0,0,0,0,0,0,0,0,0,0,0,2,0,0,0,0,0,0,0,2,0,0,0,0,0,2,0,0,0,0,0,0,0,2,0,0,0,0,0,2,0,0,0,0,0,2,0,2,0,0,0,0,2,0,0,0,0,0,0,2,2,2,0,0,0,0,0,0,0,0,0,0,0,0,0,0,2,0,0,2,0,0,0,0,0,0,2,2,0,0,0,0,0,0,0,2,2,2,0,0,0,2,0,2,0,0,2,0,2,0,0,2,0,0,0,0,2,0,0,0,0,0,0,0,0,0,0,0,0,2,2,2,0,0,0,2,0,0,2,0,0,0,0,0,0,0,0,0,0,2,0,0,0,0,2,0,0,0,2,0,0,0,0,0,2,2,2,0,0,2,0,0,0,0,0,0,0,0,0,0,0,0,0,0,2,0,0,0,0,2,0,0,0,0,2,0,0,0,2,2,0,0,0,0,0,0,0,0,0,0,0,0,2,2,2,0,0,0,0,2,0,0,0,0,0,2,0,0,0,0,0,0,0,0,0,2,0,0,0,0,0,0,0,0,2,0,0,0,0,0,0,0,0,0,0,0,0,0,0,0,0,0,0,0,2,0,0,0,0,0,0,2,0,2,0,0,0,0,0,0,2,0,0,0,2,0,0,2,0,0,0,0,2,0,0,0,0,0,2,0,0,0,0,2,0,0,0,2,0,0,2,0,0,0,0,0,0,0,2,0,0,0,0,0,0,0,0,0,0,0,0,0,2,2,0,0,0,0,0,0,0,0,0,0,0,0,0,0,0,0,0,0,2,0,0,0,0,0,0,2,2,2,0,0,0,0,0,0,0,0,0,0,2,0,0,0,0,0,0,0,0,0,0,0,0,2,0,2,0,0,0,0,2,0,0,0,0,0,0,0,2,0,0,0,0,2,0,0,0,0,0,0,0,2,0,0,0,0,0,0,2,0,0,0,0,2,0,2,0,0,2,2,0,0,0,2,0,0,0,0,0,0,0,2,0,2,0,0,2,2,2,2,0,2,2,2,0,0,0,2,0,0,0,2,2,0,0,2,0,2,0,0,0,0,0,0,0,0,0,0,0,0,0,0,0,0,0,0,0,0,0,0,2,0,0,0,0,0,0,0,0,0,0,0,0,0,0,0,0,0,0,2,2,0,0,0,0,2,0,0,0,0,0,0,0,0,0,2,0,0,2,2,2,2,2,0,0,0,0,2,0,2,0,0,0,0,0,0,0,2,2,0,0,0,0,0,0,0,0,0,2,0,0,0,0,0,2,0,2,0,0,0,2,0,0,2,0,0,0,0,0,0,2,2,2,0,0,0,2,0,2,0,0,2,0,0,0,0,0,0,0,0,2,2,0,0,0,2,0,0,2,0,0,0,0,0,0,0,0,2,0,0,0,0,0,0,2,2,0,0,0,2,0,0,0,2,0,0,0,0,0,0,2,0,0,0,0,0,0,0,0,2,0,0,0,0,0,0,2,0,2,0,0,0,0,0,2,2,0,0,0,2,0,0,0,0,0,2,0,2,0,2,0,0,0,0,0,0,0,2,0,2,0,0,0,0,0,0,0,0,0,0,0,0,0,0,0,0,0,0,0,0,0,0,0,0,2,0,0,0,2,0,0,2,0,0,2,0,0,2,0,0,0,2,NA,0,0,0,2,0,0,2,0,2,0,2,0,0,0,0,0,2,0,0,0,2,0,0,0,0,2,0,2,0,2,0,2,0,0,0,2,2,2,0,0,0,2,0,0,0,0,2,0,0,0,0,0,2,0,2,0,0,0,0,0,2,0,2,0,0,0,2,0,2,0,2,0,0,0,0,0,2,0,0,0,0,0,0,0,0,2,2,0,0,0,0,0,0,0,0,0,0,0,2,2,0,0,2,0,0,0,0,0,2,0,0,2,2,2,0,2,0,0,0,2,0,0,0,2,0,0,0,0,0,0,0,0,0,0,2,0,2,0,2,0,0,0,0,0,2,2,0,0,0,0,0,0,0,0,0,2,0,0,0,0,0,0,0,2,0,2,0,0,0,0,0,0,0,0,0,0,0,2,0,2,0,2,0,0,0,0,0,0,0,0,0,0,0,0,0,2,0,0,0,0,2,0,0,2,0,0,0,0,2,0,0,0,0,0,0,0,0,0,0,2,2,0,0,0,0,0,0,2,0,0,0,0,0,0,0,2,0,0,0,0,0,0,0,2,2,0,0,0,0,0,0,0,0,0,0,0,0,0,0,2,0,0,0,0,0,0,2,0,0,0,0,0,0,2,0,2,0,0,0,0,2,0,0,0,0,2,2,0,0,2,0,0,0,2,0,0,0,0,0,0,2,0,0,0,0,2,0,0,0,0,2,0,0,2,0,0,0,0,0,0,0,0,0,0,2,0,0,0,0,0,0,0,0,0,2,0,0,2,0,0,0,0,2,0,0,2,0,0,0,0,0,0,0,0,0,2,0,0,0,0,0,2,0,0,2,0,0,0,0,2,0,0,0,0,0,0,0,0,2,0,0,0,0,0,2,0,0,0,0,0,0,2,0,0,0,0,2,0,0,0,0,0,0,0,2,2,0,0,0,0,0,0,0,0,0,0,0,2,0,0,NA,2,0,0,0,2,0,0,0,0,0,0,0,2,0,0,0,0,2,0,0,0,0,0,0,0,0,0,0,0,0,0,0,0,2,0,0,2,0,0,0,0,0,0,0,0,2,0,0,0,2,0,0,0,0,0,0,0,0,0,0,0,2,0,0,0,2,0,0,0,0,0,NA,0,0,0,0,0,0,2,0,0,2,0,0,0,0,0,0,0,0,0,0,0,0,2,0,0,0,0,2,0,0,0,0,0,0,0,0,0,0,0,2,0,0,0,0,0,0,0,0,0,0,0,0,0,0,0,0,0,0,0,0,0,0,0,0,0,0,0,0,2,0,0,0,0,0,0,0,0,0,0,2,0,2,2,0,0,0,2,0,0,0,0,2,0,0,2,2,0,0,0,0,2,0,0,0,0,0,0,2,0,0,0,0,0,2,0,0,2,2,0,0,2,0,2,0,0,0,0,0,0,0,0,0,0,2,0,2,2,0,2,0,0,0,0,0,0,0,0,0,0,2,2,0,0,0,0,0,2,0,0,0,0,0,0,0,0,0,0,0,0,0,0,0,0,0,0,0,0,2,0,2,0,0,0,0,0,0,0,0,0,2,0,0,0,0,0,0,0,2,0,0,0,0,0,0,0,0,0,0,0,0,0,0,0,0,0,0,2,0,0,2,0,0,0,0,0,0,0,0,2,0,0,0,2,0,0,0,0,0,0,0,0,0,0,0,0,0,0,0,0,2,2,0,0,0,0,0,0,0,0,0,0,0,0,0,0,0,2,0,0,0,0,0,0,0,0,0,0,0,0,0,0,0,0,2,0,0,0,0,0,0,0,0,0,2,0,0,0,0,0,0,0,0,0,0,0,0,2,2,0,0,0,0,0,0,0,0,2,0,0,0,0,0,0,0,0,0,0,0,2,0,0,0,0,0,2,0,2,0,0,2,0,0,0,0,2,2,0,0,0,0,0,0,0,0,0,0,0,2,0,2,0,0,2,0,0,0,2,0,0,0,0,0,0,2,0,0,0,0,0,0,2,0,2,0,2,0,0,0,0,2,0,0,2,0,2,2,0,0,2,0,2,2,2,0,2,0,0,0,0,0,0,0,0,0,0,2,0,0,0,0,2,0,0,2,0,2,0,2,0,0,2,0,2,0,2,0,0,0,0,0,0,0,0,0,0,0,0,0,0,0,0,0,0,0,2,0,0,0,0,0,0,0,0,0,2,0,0,2,0,0,0,0,2,0,0,0,0,2,2,0,0,0,2,0,0,2,0,0,0,0,0,0,0,0,0,2,0,0,0,0,0,0,0,0,0,2,0,2,0,0,2,0,0,2,0,0,0,0,0,0,0,0,2,0,0,0,0,0,0,2,0,0,0,0,0,0,0,0,0,0,0,0,2,2,0,0,0,0,0,2,0,2,0,0,0,0,0,0,0,0,0,0,0,2,0,0,0,0,2,2,0,0,0,0,0,0,2,0,0,0,2,0,0,0,0,2,0,0,0,2,0,0,0,2,0,0,0,0,0,0,0,0,0,0,0,0,0,0,0,2,2,0,0,0,0,0,0,2,2,2,0,0,0,0,0,0,0,0,0,0,0,0,0,0,0,0,0,0,0,0,0,0,2,0,0,0,0,0,0,0,0,0,0,0,0,0,0,0,0,0,0,0,0,0,2,0,2,0,2,0,0,0,0,2,0,0,0,0,0,0,0,0,0,0,0,0,0,2,0,0,2,0,0,0,2,2,0,0,0,0,2,2,2,2,0,2,0,2,2,2,2,2,2,2,0,0,0,0,2,0,0,0,0,0,0,0,2,2,2,0,0,0,0,0,2,0,0,0,0,0,0,0,0,0,0,0,0,0,0,0,0,0,0,0,2,0,0,2,0,0,0,0,0,0,0,0,2,2,2,0,0,2,0,2,2,0,0,0,0,0,2,2,0,0,0,0,2,0,0,0,0,0,0,0,0,0,2,0,2,0,0,0,0,0,0,0,0,0,0,0,0,0,0,0,0,0,0,2,0,2,0,0,0,0,0,0,0,0,0,0,2,0,0,0,0,2,0,0,0,0,2,0,0,0,0,0,0,0,0,0,0,0,0,0,0,0,0,2,2,0,0,0,0,0,0,0,0,0,0,0,0,0,0,0,0,0,2,0,0,0,0,0,0,2,0,0,0,0,2,0,0,0,2,0,0,2,0,0,2,0,0,0,0,2,2,0,0,0,0,0,0,0,0,0,2,0,0,2,0,0,0,0,0,0,0,0,0,0,0,0,0,0,0,2,0,0,0,0,0,0,2,0,2,2,0,0,0,2,2,2,0,0,2,0,0,2,0,2,0,2,0,0,0,0,2,2,2,0,0,0,2,0,0,0,0,2,2,0,0,0,0,2,2,0,2,2,0,0,2,2,0,2,2,0,0,0,0,2,0,2,2,0,0,0,0,0,0,0,0,0,0,0,2,0,2,0,2,2,2,0,0,0,0,0,2,0,0,2,2,0,0,0,2,0,0,0,0,0,2,0,0,0,0,0,2,0,0,2,2,0,0,0,0,0,0,0,2,0,0,0,0,0,0,0,0,0,0,0,0,0,0,0,0,0,0,0,0,0,0,0,0,0,2,0,0,0,0,0,0,2,2,0,2,0,0,2,0,0,0,0,2,0,0,2,0,0,0,0,2,0,2,0,0,2,2,0,0,0,0,0,0,0,0,0,2,0,0,0,2,0,0,2,0,0,0,2,2,2,2,0,2,0,2,0,0,0,2,0,0,2,0,0,0,0,0,0,0,2,0,0,0,0,0,0,0,0,0,0,0,0,0,0,0,0,0,0,0,0,0,0,0,0,0,0,0,0,2,0,0,0,0,0,0,0,2,0,0,0,0,0,0,0,0,0,0,0,0,0,0,0,0,0,2,2,0,0,0,0,2,0,0,0,0,0,0,0,2,2,0,0,0,2,2,0,2,0,0,0,0,0,0,0,0,0,0,0,0,0,0,0,0,0,0,0,0,2,0,0,0,0,0,0,2,0,0,0,0,2,2,0,0,2,0,0,2,0,0,0,0,0,0,0,0,0,0,0,2,0,2,0,0,2,0,0,0,0,0,0,0,0,0,0,0,2,0,0,0,2,0,0,0,0,0,0,0,0,0,0,0,2,0,0,0,2,0,0,0,2,0,0,0,2,2,0,0,0,0,0,2,0,2,0,0,2,0,0,2,2,2,2,0,0,2,0,0,0,0,0,2,0,0,0,0,0,0,0,2,0,0,0,0,0,0,0,0,0,0,0,0,0,0,2,0,2,0,0,2,0,0,2,0,0,2,0,0,0,0,0,0,2,0,2,0,0,0,0,0,0,0,0,0,0,0,0,0,2,0,0,0,0,0,0,0,0,0,0,0,0,2,0,0,0,0,0,0,0,0,0,0,0,0,2,2,0,0,0,0,0,0,0,2,0,0,0,0,0,0,0,0,2,0,0,0,0,0,0,0,2,0,0,0,0,0,0,0,0,0,2,0,2,2,0,0,0,2,0,2,2,2,0,0,2,2,2,0,2,2,0,0,0,0,0,0,0,0,0,2,2,0,0,0,2,0,0,2,2,0,2,2,0,0,0,0,0,0,0,0,0,2,2,0,0,0,0,0,0,0,0,0,0,0,0,0,0,0,0,0,0,0,2,0,0,2,0,0,0,0,0,0,0,0,0,0,0,0,0,0,2,0,0,2,2,0,0,0,0,0,0,0,0,0,0,0,0,0,0,0,0,0,0,0,0,2,0,0,0,0,2,0,0,2,2,0,0,2,2,0,0,0,0,0,0,2,2,2,0,0,0,0,2,2,0,0,0,2,0,0,0,0,0,0,0,0,2,0,2,0,0,0,2,0,0,0,0,0,0,0,0,0,0,0,0,0,0,0,0,0,0,0,0,0,0,0,0,0,0,0,0,0,0,0,0,0,0,0,2,0,0,0,0,0,0,0,0,0,0,0,0,0,0,2,0,0,2,2,0,0,0,0,0,2,0,0,0,0,0,0,0,0,0,0,0,2,0,0,2,0,0,0,0,0,0,0,0,0,2,0,0,0,0,0,0,0,0,0,0,0,0,2,0,0,0,0,0,0,2,2,0,2,0,0,0,0,0,0,0,0,0,0,0,2,0,0,0,0,0,0,0,0,0,0,0,0,0,2,0,0,0,0,0,0,0,0,0,0,2,2,0,0,0,0,0,0,0,0,0,0,0,0,0,0,0,0,0,0,0,2,0,2,0,0,2,0,0,0,0,0,2,0,0,0,0,2,0,0,0,0,0,0,0,0,2,2,2,2,0,0,0,0,0,0,0,0,2,0,0,0,0,0,0,0,0,2,0,0,2,0,2,0,0,2,0,0,0,0,0,0,0,0,0,0,0,0,0,0,0,0,0,0,0,0,0,0,0,0,0,0,0,0,0,0,0,0,0,0,0,0,2,2,0,0,0,0,0,0,0,0,0,0,0,0,0,2,2,2,2,0,0,0,0,0,0,0,0,2,0,0,0,2,0,2,2,0,0,0,2,2,2,2,2,0,0,0,0,0,0,0,0,2,2,0,0,0,0,2,0,0,0,0,0,0,2,0,0,0,0,0,0,0,2,0,2,0,0,0,2,0,0,2,0,2,0,0,0,0,0,0,0,2,0,2,0,0,2,0,0,2,2,0,0,2,0,0,0,2,0,0,2,2,0,0,0,2,0,0,2,0,0,0,0,0,0,0,0,0,0,2,0,0,2,2,0,0,0,2,0,2,0,0,0,0,0,0,0,0,2,0,0,0,2,0,0,0,0,0,0,0,0,0,0,0,0,0,2,0,2,0,0,0,0,0,2,0,0,0,2,0,0,0,0,2,0,0,0,0,0,0,0,0,0,0,0,0,0,0,0,0,0,2,2,0,0,0,0,0,0,2,0,0,0,2,2,0,2,2,2,0,0,0,0,2,0,2,0,0,0,2,2,0,0,0,0,0,0,2,NA,2,0,0,0,0,0,0,0,0,2,NA,0,0,0,0,0,0,0,2,0,0,0,0,0,0,0,2,0,0,2,2,0,0,0,0,0,0,0,0,0,0,0,2,0,0,0,0,0,0,0,0,0,2,0,0,2,0,2,0,0,0,0,0,0,0,0,0,2,0,2,0,2,0,0,0,0,0,0,0,0,2,2,0,0,0,0,0,0,0,0,0,2,2,2,0,0,0,2,0,0,0,0,0,0,0,0,0,0,0,0,0,2,0,0,0,0,0,0,0,2,0,0,0,0,2,0,0,0,0,0,0,0,0,0,0,0,0,2,0,0,0,0,2,0,0,0,0,0,0,0,0,0,0,0,0,0,0,0,0,0,2,0,0,0,0,0,0,0,0,0,0,0,2,0,2,0,0,0,0,2,0,2,0,0,0,0,0,2,0,0,0,0,0,0,0,0,0,2,0,0,2,0,0,0,2,0,2,0,0,2,0,0,0,0,0,0,0,0,0,0,0,0,0,2,0,0,0,0,0,0,0,0,0,0,0,0,0,0,0,0,2,0,0,0,2,0,0,0,0,2,0,0,0,2,0,2,2,2,0,0,0,0,0,0,0,0,0,0,0,0,0,2,0,2,0,0,0,0,0,0,0,2,0,0,0,0,0,0,0,0,0,0,0,0,0,0,0,0,0,0,0,2,0,0,0,0,2,0,0,2,0,0,2,2,0,0,0,0,0,2,0,0,0,0,0,0,0,0,0,0,0,0,0,0,2,0,0,0,0,2,0,0,0,0,0,0,2,0,0,0,0,0,2,0,2,2,0,2,2,0,0,2,0,0,0,0,0,2,0,0,2,0,0,2,0,0,0,0,0,2,0,0,0,0,0,0,2,0,0,0,0,0,0,2,0,0,0,0,0,0,0,2,0,0,0,0,0,0,0,0,0,0,0,0,0,0,0,0,2,2,0,0,0,0,0,0,0,2,0,0,0,0,0,0,2,0,0,0,0,2,0,2,0,0,2,0,2,0,0,0,0,0,0,0,0,0,0,0,0,0,0,0,0,0,0,0,0,0,0,0,0,0,2,0,0,0,0,0,0,0,0,0,0,0,2,0,0,0,0,0,0,0,0,0,2,0,2,0,0,0,0,0,0,0,0,0,0,2,2,0,0,2,2,0,2,0,0,2,2,0,0,2,0,0,2,NA,0,2,2,0,0,0,0,0,2,0,0,0,0,0,0,0,0,0,0,0,0,0,2,0,0,0,0,0,0,0,2,0,2,0,0,0,0,0,0,0
"CC212",0,0,0,0,0,0,0,0,0,0,0,0,0,2,2,2,2,2,0,0,0,2,0,2,2,0,0,0,0,0,0,0,0,0,0,0,0,0,0,0,0,0,0,2,0,0,2,0,0,0,0,NA,0,0,0,2,0,0,0,0,0,0,0,2,0,2,0,0,0,0,2,2,0,0,0,0,0,0,0,0,0,2,0,0,0,0,0,0,0,0,0,0,0,0,0,0,0,0,0,0,0,0,0,0,0,0,0,0,0,0,2,0,0,0,0,0,0,0,0,2,0,0,0,2,0,0,0,2,0,0,0,0,0,0,2,0,0,0,0,0,0,0,0,2,0,0,2,0,0,2,2,0,0,0,0,0,0,0,0,0,0,0,0,2,2,0,2,0,0,0,0,2,0,0,2,0,0,0,0,0,0,0,0,0,2,0,0,2,0,2,0,2,2,2,0,0,0,2,0,0,0,0,0,0,0,0,0,0,0,0,0,0,0,0,0,0,0,0,2,0,2,0,0,0,2,2,0,2,0,0,0,0,2,0,0,0,0,0,0,0,2,0,0,0,0,0,2,0,2,0,0,0,0,0,0,2,2,0,0,0,0,2,0,0,2,2,0,0,0,2,0,0,0,2,0,0,0,0,0,0,0,0,0,0,0,0,0,2,2,0,0,0,0,0,0,0,2,0,0,0,2,0,0,0,0,0,0,2,0,0,0,0,0,0,0,2,0,NA,0,2,0,0,0,2,2,0,0,0,0,0,0,2,2,0,0,0,2,0,2,0,2,0,2,0,0,0,0,0,0,0,2,2,0,0,0,0,0,0,0,0,2,0,0,0,0,0,0,0,0,0,2,0,0,0,2,0,0,0,0,0,0,0,0,0,0,0,0,2,2,2,0,2,0,0,0,0,NA,0,0,0,0,0,2,0,0,0,0,0,0,0,0,2,0,0,2,0,0,2,0,0,0,0,0,0,0,0,0,0,0,2,2,0,0,0,0,2,2,0,0,0,0,0,2,2,0,0,0,2,0,0,0,0,0,0,2,2,0,2,0,0,0,0,2,0,0,0,0,0,2,2,0,0,2,0,0,2,0,0,0,2,2,0,0,0,0,0,2,0,0,2,0,2,0,2,0,0,0,0,2,0,0,0,2,0,0,0,0,0,0,0,0,0,0,0,0,0,0,0,0,2,0,0,0,0,0,0,0,0,0,2,0,0,0,0,0,0,0,0,0,0,2,2,0,0,2,0,0,0,0,2,2,0,0,2,NA,2,0,0,0,0,0,0,0,0,0,0,2,0,0,0,0,2,0,0,2,0,2,0,0,0,2,0,0,2,0,0,0,0,0,0,0,2,0,0,2,0,0,2,2,2,2,0,0,0,0,0,2,2,0,0,0,0,0,0,0,0,0,0,2,0,2,0,0,0,2,0,0,0,0,0,0,0,0,0,2,0,0,0,0,0,0,0,2,0,0,0,0,2,0,0,0,0,0,0,0,0,0,0,0,0,0,0,0,0,0,0,0,0,0,0,0,0,0,2,0,0,0,0,0,0,0,0,0,0,0,0,0,2,0,0,2,0,0,0,0,0,2,0,0,2,0,2,0,0,0,0,0,0,0,0,0,2,0,0,0,0,2,0,2,0,0,2,0,0,0,2,0,2,2,0,0,0,0,0,0,0,0,0,0,0,0,0,0,0,0,0,0,2,0,0,0,0,0,0,2,0,0,0,2,0,0,0,0,0,0,0,0,0,0,0,2,0,0,2,0,0,2,0,0,0,0,0,2,0,0,0,0,0,0,0,0,0,0,0,0,0,0,0,0,0,2,0,0,2,0,0,0,0,0,0,0,0,0,0,0,2,0,2,0,0,0,0,0,2,2,2,0,0,0,0,0,0,0,0,0,0,0,0,0,0,0,0,0,0,2,0,2,0,0,0,2,0,0,0,0,0,0,0,0,0,0,2,2,0,0,2,0,2,2,2,2,0,0,0,0,2,0,0,0,2,0,0,0,2,2,0,2,0,0,2,0,0,0,0,2,0,0,2,0,0,0,0,0,0,2,0,0,0,0,0,2,0,0,0,2,0,0,0,2,0,0,0,0,0,0,0,0,0,0,0,0,0,0,0,2,2,0,0,0,0,0,0,0,0,0,0,0,0,0,0,2,0,0,0,2,2,2,0,0,0,0,0,0,0,0,0,0,0,0,0,0,2,2,0,2,0,0,0,2,2,0,0,2,0,2,0,0,0,0,0,0,0,0,0,2,0,0,2,0,0,0,0,0,0,0,0,0,0,0,0,0,0,0,0,0,NA,2,2,0,2,0,0,2,0,2,0,0,0,0,0,0,2,0,0,2,2,0,0,0,0,0,0,0,0,0,0,2,0,0,0,0,0,0,0,2,0,0,0,0,0,0,2,0,2,0,0,2,0,0,2,2,2,0,0,2,2,0,0,0,0,2,0,0,0,0,0,0,0,2,0,0,2,2,0,2,2,0,0,2,2,2,0,2,2,0,0,0,0,0,2,0,0,0,0,0,0,0,2,0,0,0,0,0,0,0,0,0,2,2,0,0,0,2,0,0,0,0,2,0,0,0,2,0,0,0,0,0,0,0,0,0,0,0,0,0,0,2,0,0,0,0,0,0,0,0,0,0,0,0,0,2,0,0,0,0,0,0,0,0,0,0,0,0,0,0,0,0,0,0,2,0,2,0,0,0,0,0,0,2,0,0,0,0,0,0,0,0,0,0,0,0,0,0,2,0,0,0,0,0,0,0,0,0,0,2,0,0,2,0,0,0,2,2,2,0,0,2,2,2,2,0,0,0,2,2,2,0,0,0,0,0,0,0,0,0,0,0,0,0,0,0,0,0,0,0,0,0,0,0,0,0,0,0,0,0,0,2,0,0,2,0,2,2,0,0,0,0,0,0,0,2,0,0,0,0,0,0,0,0,0,0,0,0,0,2,2,0,0,0,0,0,0,2,2,0,0,0,2,0,0,0,0,2,0,0,0,0,0,0,2,0,0,0,0,2,0,0,0,0,2,0,0,0,0,0,0,0,0,0,2,0,2,0,0,0,0,0,0,0,0,2,2,2,2,0,2,0,0,2,0,0,2,0,0,2,0,0,0,2,0,0,0,2,2,0,0,0,0,0,0,0,0,0,NA,2,0,0,0,0,0,0,2,0,0,2,2,0,0,0,0,0,0,0,0,2,0,2,0,0,0,2,0,0,0,2,0,0,0,0,0,0,0,0,0,0,0,0,0,0,0,0,0,0,0,0,0,0,0,0,2,0,0,0,2,0,0,0,0,0,0,0,2,0,0,2,0,0,0,0,2,2,0,0,0,0,2,0,0,0,0,0,2,2,0,0,0,0,0,2,0,0,0,0,0,0,0,0,2,2,2,0,0,2,2,0,0,0,0,0,0,0,0,0,0,0,0,0,0,2,0,2,0,0,0,0,0,0,0,0,2,0,0,0,0,0,0,0,0,2,0,0,0,2,0,0,0,2,0,0,2,0,0,2,2,0,0,0,2,2,2,0,2,0,0,0,0,0,2,0,2,0,0,0,0,0,0,0,0,0,0,0,0,2,2,0,2,0,0,0,0,0,0,0,0,0,0,0,2,0,0,0,0,0,0,0,0,0,2,0,0,0,0,0,2,2,0,0,0,0,0,0,2,2,0,0,0,2,2,0,2,0,0,0,0,0,0,0,0,0,0,2,0,2,0,0,2,2,0,0,2,0,0,0,0,0,2,0,2,2,0,0,0,0,0,0,2,0,0,0,0,2,0,2,2,0,2,0,0,2,2,0,0,0,2,0,2,0,2,0,0,2,0,0,0,0,2,0,0,0,0,0,0,0,0,0,0,0,0,2,0,2,0,0,2,0,2,2,0,2,2,2,0,2,0,2,0,0,0,2,2,0,2,2,2,2,0,0,0,0,0,0,0,0,0,0,0,0,0,0,0,0,0,2,2,2,0,2,0,0,0,0,0,2,2,0,0,2,0,2,0,0,0,0,2,2,0,0,0,0,0,0,0,2,0,0,0,0,0,0,0,0,0,0,2,0,0,0,0,0,2,0,0,0,0,0,0,0,0,0,0,0,0,0,2,0,0,0,2,0,0,0,0,0,0,0,0,0,2,0,0,2,0,0,2,0,2,0,0,0,0,0,0,2,0,0,0,2,0,0,0,0,0,2,2,0,2,0,2,2,0,0,0,0,0,0,0,0,0,2,2,0,0,0,0,0,0,2,0,2,0,2,2,0,0,0,0,0,0,0,2,0,2,2,0,0,0,2,0,0,0,2,0,2,0,2,2,0,0,2,0,0,0,0,0,2,0,0,0,0,2,2,2,0,2,0,2,0,0,0,0,0,2,2,0,0,0,2,0,0,0,0,0,0,0,2,0,2,0,0,0,0,0,0,0,2,0,0,0,0,2,0,0,0,2,0,0,2,0,0,2,0,0,0,0,0,2,0,0,0,2,0,0,0,0,2,2,0,0,0,0,2,0,0,0,0,0,0,0,2,0,0,2,2,0,0,0,0,0,0,0,0,0,0,0,0,0,0,0,0,0,2,0,0,2,0,0,2,0,0,0,0,0,0,0,0,0,0,0,0,0,0,0,0,0,0,0,2,0,0,0,2,0,0,0,0,0,0,2,0,0,0,0,2,0,0,0,0,0,0,0,2,0,0,0,0,0,0,0,0,0,0,0,0,0,0,0,0,2,0,0,0,0,0,0,0,0,0,2,0,2,0,2,0,2,2,0,2,0,2,0,2,2,2,2,0,0,0,0,0,0,0,0,0,0,0,2,0,0,0,0,0,0,0,0,2,0,2,2,2,2,0,0,0,0,2,0,0,0,0,0,0,0,0,0,0,0,0,0,0,0,0,0,0,2,0,0,0,0,0,0,0,0,0,0,0,0,0,0,0,2,0,2,0,0,0,0,0,2,0,0,0,2,0,0,2,2,0,2,0,0,0,2,0,2,0,0,0,0,2,0,0,0,0,0,0,0,0,0,0,0,2,0,2,0,0,0,2,0,0,0,0,0,0,0,0,2,0,0,0,0,2,0,2,0,0,0,0,0,0,0,0,0,0,0,2,0,0,0,0,0,0,0,0,0,2,0,2,0,0,0,0,2,0,0,0,0,0,0,0,0,0,0,0,0,0,2,2,0,0,0,0,0,0,2,0,2,0,0,0,0,0,0,2,2,2,0,0,2,0,2,2,0,0,0,2,0,0,0,0,0,0,0,0,0,0,0,0,0,0,0,0,0,2,0,2,0,0,0,0,0,0,0,NA,0,0,0,0,0,0,0,0,0,0,2,2,0,0,0,0,0,0,0,0,0,0,0,0,2,0,0,0,0,0,0,2,0,0,2,2,0,0,0,0,0,0,0,0,0,2,0,NA,0,0,2,0,0,2,0,0,2,2,0,0,0,0,0,0,0,0,0,2,0,0,0,2,0,0,2,0,0,2,0,0,2,NA,2,0,0,2,0,0,0,0,0,2,0,0,0,0,0,0,0,0,0,0,2,0,0,0,0,0,0,0,0,0,0,0,0,2,0,0,0,0,2,0,0,0,0,2,0,2,0,0,0,0,0,0,0,0,2,0,0,0,0,0,0,0,0,0,0,0,0,0,0,0,0,0,0,2,0,0,0,0,0,0,0,2,0,0,0,0,0,0,0,0,0,0,0,0,0,2,0,0,2,2,0,0,0,2,0,0,0,2,0,0,2,0,0,0,0,0,2,0,0,0,2,0,0,0,0,0,0,0,0,2,0,0,2,0,2,0,0,2,0,2,0,0,0,0,0,0,0,0,0,0,0,0,0,0,0,0,0,0,0,2,0,0,0,2,0,0,0,0,2,0,0,0,0,0,0,0,0,0,2,0,0,0,2,0,0,0,0,2,0,0,0,0,0,2,0,0,0,2,0,0,2,0,0,0,2,2,2,0,0,0,2,0,0,0,0,0,0,2,0,0,0,0,2,0,2,0,0,0,0,0,0,0,0,0,0,0,0,2,0,0,0,2,0,0,2,0,0,0,2,0,2,0,0,0,0,0,0,2,0,0,0,0,0,0,0,2,2,0,0,0,2,0,0,0,0,0,0,0,0,0,0,2,0,0,0,0,0,2,0,0,0,0,0,0,0,0,2,0,0,0,2,0,0,0,0,2,0,2,0,0,0,0,0,0,0,2,0,0,0,0,2,0,0,0,0,0,2,0,2,0,2,2,0,2,0,2,2,0,0,0,0,0,2,2,0,0,0,2,0,0,0,0,0,0,0,0,2,2,2,0,0,2,0,0,0,2,0,0,2,2,0,0,0,2,2,2,2,0,2,0,2,0,2,0,2,0,0,0,0,0,0,0,0,0,0,0,0,2,0,0,2,0,0,0,0,0,0,0,0,0,0,0,0,2,2,0,0,0,2,0,2,0,0,0,0,2,0,0,0,0,2,2,2,0,2,0,0,0,0,2,0,0,0,0,2,0,0,0,2,2,0,0,0,0,0,0,0,0,0,0,0,0,0,0,2,0,0,2,0,2,0,0,0,2,0,2,0,0,2,0,0,0,0,2,0,2,0,NA,0,0,2,0,0,2,0,0,0,2,0,0,0,0,2,2,0,0,0,0,0,0,0,0,0,0,0,0,0,0,0,0,0,0,2,2,0,0,2,0,2,0,0,0,0,0,0,0,0,0,0,0,0,0,0,0,0,0,0,0,2,0,0,0,0,0,0,0,0,0,0,0,0,0,2,0,0,0,0,0,0,0,0,0,0,0,0,2,0,0,0,2,0,0,0,0,0,0,0,0,0,0,0,0,0,0,0,0,2,0,0,0,0,0,0,0,0,0,0,0,0,2,0,0,0,0,0,0,0,2,0,2,0,0,0,0,0,0,0,0,0,0,0,0,2,0,0,0,2,0,0,0,0,0,0,0,0,2,0,2,0,0,2,0,0,0,2,0,0,2,0,0,0,2,2,2,0,0,0,0,2,0,0,2,0,0,0,0,0,2,0,2,0,2,0,0,0,2,0,2,0,0,0,0,0,0,0,0,0,0,0,0,2,2,0,0,0,0,0,0,0,0,2,2,0,0,0,0,0,0,0,0,2,2,0,2,0,0,0,2,0,0,0,0,0,0,0,0,0,2,0,0,0,0,0,0,0,2,0,2,0,2,0,0,0,0,0,0,0,0,0,0,0,0,0,2,0,0,2,0,0,0,0,0,0,2,0,0,2,2,0,0,0,0,2,0,2,0,2,2,0,2,0,0,0,0,0,0,0,0,0,0,2,0,0,0,0,0,0,0,0,0,0,0,NA,2,0,0,2,0,0,0,0,2,0,2,0,0,2,0,0,0,0,0,2,NA,2,2,2,0,2,0,0,0,2,0,0,0,0,2,0,0,0,0,2,2,2,0,2,0,0,0,2,2,0,0,0,2,2,0,0,0,0,0,2,0,2,0,2,0,0,2,2,0,0,0,0,0,2,0,0,0,2,0,0,0,0,0,2,0,0,0,0,0,0,0,0,0,2,2,0,0,0,2,2,NA,0,0,0,0,0,0,2,0,0,0,0,0,2,0,2,0,2,0,2,0,0,0,2,0,0,2,0,0,2,2,0,2,0,0,2,0,0,0,2,0,0,0,0,0,0,0,0,0,0,0,0,0,0,0,0,0,2,0,0,0,0,0,0,2,0,0,0,2,0,2,2,0,0,0,2,2,2,0,0,0,0,0,0,0,0,0,0,2,0,2,0,0,2,0,0,0,2,0,0,2,0,0,0,0,0,0,2,0,0,2,0,0,0,0,0,0,2,0,0,0,2,0,2,0,0,0,0,0,0,0,0,0,0,0,0,0,0,0,0,2,0,0,2,2,2,0,2,0,0,0,0,2,0,0,2,0,0,0,0,0,0,2,0,0,0,0,2,0,2,2,2,2,0,0,2,0,0,0,2,2,0,0,0,0,0,0,0,0,0,0,0,0,0,0,0,0,0,0,0,0,0,0,0,2,2,0,0,0,0,0,2,0,0,2,0,2,2,0,0,2,0,0,2,0,0,2,2,0,0,0,0,0,0,0,0,0,0,0,0,0,0,0,2,0,0,0,0,2,0,0,2,2,0,2,0,0,2,0,2,0,2,0,0,0,0,0,0,0,0,0,0,0,0,0,0,2,0,2,0,0,0,0,0,2,0,0,0,2,0,2,2,2,0,0,2,NA,2,2,0,0,2,0,2,0,0,0,0,0,0,0,0,2,2,2,0,0,2,0,0,0,0,2,0,0,0,2,NA,2,0,2,0,0,0,0,0,0,0,0,0,0,2,2,0,0,2,0,0,0,0,0,0,0,0,0,0,0,0,0,2,0,0,0,0,2,0,0,0,2,0,2,0,0,0,0,0,2,2,0,0,2,2,2,0,0,0,2,2,0,2,0,0,0,0,2,0,0,0,0,0,0,0,0,0,2,0,0,0,0,2,2,0,0,0,2,0,0,0,0,0,0,0,0,2,0,0,0,0,0,2,0,2,0,0,0,0,0,0,2,0,0,0,0,0,0,0,0,0,2,0,0,0,2,2,0,0,2,0,0,0,0,0,0,0,0,0,0,0,0,0,0,0,0,0,2,0,0,2,0,2,0,0,0,0,0,0,2,0,0,0,0,0,0,0,0,0,0,0,0,0,0,0,0,0,0,0,2,0,0,0,0,0,0,2,0,0,0,0,2,0,0,0,0,0,0,0,0,0,0,0,0,0,0,0,0,2,0,0,0,0,0,0,2,0,0,0,0,0,0,0,0,0,0,0,2,0,2,0,0,0,0,0,0,0,0,0,0,0,0,0,0,0,0,0,0,0,0,0,0,0,0,0,2,0,0,0,0,0,2,2,0,0,0,0,0,2,0,0,0,2,2,2,0,0,2,0,0,0,0,0,0,0,0,0,0,0,0,0,0,0,0,0,2,0,0,0,0,0,0,0,2,0,0,0,0,0,0,0,0,0,0,0,0,0,0,2,0,2,0,2,0,0,0,0,2,2,2,0,0,0,0,0,0,2,0,2,2,0,0,0,2,2,0,2,0,2,2,2,2,0,0,0,0,0,0,0,0,0,0,0,0,0,0,0,0,0,0,0,0,0,0,0,0,0,0,0,0,0,0,0,2,0,0,0,0,0,0,0,2,0,0,0,2,0,0,0,0,0,0,0,0,0,0,0,0,0,0,0,0,0,0,0,0,0,0,0,0,2,0,0,0,0,2,0,0,0,0,0,0,2,2,0,0,0,2,0,0,2,2,2,0,0,2,0,NA,2,0,0,0,0,0,0,0,0,0,2,0,0,2,0,2,0,0,0,0,0,0,0,0,0,0,0,0,0,0,0,0,0,0,0,0,0,0,0,0,0,0,0,0,0,0,0,0,0,0,0,0,0,0,0,0,0,0,2,0,0,0,0,2,0,0,2,2,0,0,0,0,2,2,0,2,0,0,0,0,2,0,0,0,2,0,0,0,0,0,0,0,0,0,2,0,0,2,0,0,0,0,0,2,2,2,0,0,0,0,0,2,0,0,0,2,0,0,2,0,0,0,0,0,2,2,2,0,0,0,0,0,0,0,2,0,0,0,0,0,2,2,0,0,0,0,0,0,0,0,0,0,0,0,0,2,0,0,0,0,0,0,0,0,0,0,2,0,0,0,0,0,0,0,2,0,0,0,0,2,0,0,0,0,0,0,2,0,0,0,0,2,0,0,0,2,0,0,0,0,0,2,0,2,0,2,0,0,0,0,0,2,0,0,0,0,0,0,2,2,2,0,0,0,0,0,0,0,0,0,0,0,0,0,0,2,0,2,0,0,0,0,0,0,0,0,0,0,0,0,0,0,0,0,0,0,0,0,0,0,0,2,0,0,0,0,0,0,0,0,2,2,0,0,0,0,0,0,2,0,0,0,2,0,0,2,2,0,0,2,0,0,2,0,0,2,0,0,2,0,0,2,0,0,2,0,0,0,0,0,2,0,0,0,0,2,0,0,0,0,0,0,0,0,0,2,0,0,0,2,0,0,0,0,0,0,0,0,0,0,0,0,2,0,0,0,0,0,0,2,0,2,0,0,0,2,0,0,2,0,0,0,2,0,0,0,2,0,0,0,0,0,0,0,0,0,0,2,0,0,0,0,2,0,0,0,0,2,0,0,2,0,0,0,0,0,0,2,0,0,0,0,0,0,0,0,0,2,0,0,0,2,0,0,0,0,0,0,0,2,0,0,0,0,0,2,0,0,0,0,0,0,2,0,0,0,0,0,0,0,0,0,0,0,0,0,0,0,0,0,0,2,0,0,0,2,0,0,2,0,2,0,2,0,2,2,0,2,0,2,0,0,0,0,0,0,0,0,2,2,0,0,0,0,2,0,0,0,0,0,2,0,0,2,0,0,0,0,0,0,0,0,2,0,0,0,0,0,0,0,0,2,0,0,2,0,0,0,0,0,2,0,0,0,2,2,2,0,0,0,0,0,0,0,2,2,2,0,0,0,0,2,2,0,0,2,0,0,2,0,0,2,2,0,0,0,2,2,2,0,0,0,0,2,0,0,0,0,2,0,2,0,0,0,0,0,0,0,0,0,0,2,0,2,0,0,0,0,0,0,2,0,0,0,0,0,0,2,0,0,2,0,2,0,0,0,0,0,2,0,2,0,0,2,0,0,0,0,2,2,0,0,0,0,0,0,0,2,2,0,0,2,2,0,2,2,2,0,0,2,2,0,2,2,0,0,0,0,0,0,0,0,0,2,0,2,0,0,2,0,0,2,2,0,2,0,0,0,0,0,0,2,0,0,0,0,0,0,0,0,0,2,0,0,0,0,0,0,0,2,0,2,2,2,0,0,0,2,0,0,0,0,0,2,0,0,0,0,0,0,0,0,0,0,0,0,0,2,0,0,0,0,0,2,0,0,0,0,0,2,0,0,0,0,0,0,0,2,0,2,2,0,0,0,2,2,0,0,0,0,0,0,0,0,2,0,2,0,2,2,2,0,0,0,2,2,0,2,0,2,0,0,0,2,0,0,2,2,0,0,0,0,2,0,2,0,2,0,0,2,0,2,0,0,0,0,0,0,0,0,0,0,0,0,0,0,0,0,0,0,0,0,0,2,0,0,0,2,0,2,0,0,0,0,0,0,0,0,0,2,2,2,0,0,0,0,0,0,0,0,0,0,0,2,0,0,0,2,0,0,0,0,0,0,0,2,0,0,2,0,2,0,0,2,2,2,0,0,0,2,0,0,0,2,0,0,2,0,0,0,0,2,NA,0,0,2,0,0,0,2,0,0,0,0,0,2,0,0,0,0,2,0,0,0,0,0,0,0,0,0,0,0,0,0,0,0,0,0,0,0,0,0,2,NA,NA,0,0,0,0,0,0,2,0,0,2,0,0,2,2,0,0,0,0,0,0,NA,0,0,0,2,0,0,0,0,0,2,0,0,0,0,2,2,0,0,0,0,0,0,0,0,0,0,0,2,0,0,0,0,0,0,0,0,2,0,0,0,0,0,2,0,0,0,2,0,0,0,0,0,2,0,2,0,0,0,0,0,0,0,0,2,0,0,0,2,0,0,0,0,0,0,0,0,0,0,2,2,2,2,0,0,2,0,0,2,0,0,0,0,0,2,2,0,0,0,0,0,2,0,0,0,2,0,0,0,0,0,0,0,0,0,0,0,0,0,0,2,0,0,0,0,0,0,2,2,0,0,0,0,0,0,0,0
"CC213",0,0,0,0,2,0,0,2,0,0,0,0,0,0,0,0,0,0,0,0,0,0,0,0,0,2,0,2,0,0,0,0,0,0,0,0,2,0,0,0,2,2,0,0,0,2,0,0,2,0,2,0,0,0,0,0,0,0,2,2,0,0,0,0,2,0,2,0,0,0,0,0,0,0,2,2,0,2,2,0,2,0,0,2,2,0,0,0,0,0,2,2,0,2,0,2,0,0,0,0,0,0,0,0,0,0,0,0,2,2,0,0,0,0,0,0,0,0,0,0,2,2,0,2,2,2,2,0,0,0,0,0,0,0,0,0,0,0,2,2,0,2,0,0,0,0,0,2,0,2,0,0,0,0,2,2,2,0,0,0,0,0,0,0,0,2,0,2,0,2,0,0,2,2,0,2,0,0,0,0,0,2,2,0,0,0,0,0,0,2,2,2,0,0,0,0,0,2,0,0,0,0,0,0,0,0,0,0,2,0,0,0,2,0,2,0,2,0,2,0,0,2,0,0,0,2,0,0,0,0,2,2,0,0,0,0,0,0,0,0,0,0,0,0,0,0,0,0,0,0,0,0,0,2,0,0,0,0,0,0,0,0,2,0,0,2,2,0,2,0,0,0,0,2,0,0,0,2,2,0,0,0,2,0,0,0,0,2,0,2,0,0,0,2,0,0,0,0,2,0,0,0,2,0,2,0,0,2,0,0,0,0,0,0,0,0,0,0,0,0,0,0,0,0,0,0,0,0,0,0,0,2,2,0,0,0,0,0,0,0,0,2,0,0,2,0,0,0,0,0,0,0,0,0,0,0,0,2,0,2,0,2,0,0,0,0,0,2,0,2,0,0,2,0,0,0,0,2,0,0,0,0,0,0,0,0,0,2,0,0,0,0,0,2,2,0,2,0,2,0,0,0,0,2,0,2,0,2,0,0,2,0,0,0,0,0,2,0,0,2,2,0,0,0,2,0,0,0,2,2,0,0,0,0,0,0,0,0,0,0,0,0,0,0,0,0,0,0,2,0,0,0,0,NA,2,0,0,0,0,2,2,0,2,0,0,0,2,0,0,0,NA,0,0,2,0,0,0,0,0,0,0,2,0,0,0,0,0,2,0,0,0,2,2,0,0,0,2,0,2,0,0,2,0,0,0,2,2,0,0,NA,2,0,0,0,0,0,0,2,2,0,2,2,0,0,2,2,2,2,0,0,0,0,0,0,0,2,0,0,0,0,0,0,0,0,0,0,0,2,0,2,0,0,0,2,0,0,0,0,2,2,0,0,0,2,2,0,0,2,0,2,0,0,0,2,2,2,0,2,2,0,0,0,0,2,2,0,2,0,0,0,0,0,0,0,2,0,0,2,0,2,0,0,2,0,2,2,0,0,0,0,0,0,0,2,0,0,0,0,0,0,0,0,0,2,2,0,0,0,2,0,0,0,0,0,0,0,0,2,0,0,0,2,0,0,0,0,0,2,0,0,0,0,0,0,2,0,0,0,0,0,0,2,0,0,0,0,0,0,0,2,0,0,0,2,0,0,0,2,0,0,0,0,0,0,0,0,0,0,0,0,2,0,0,0,0,0,2,0,0,2,0,0,0,0,0,0,0,0,0,0,0,0,0,0,2,0,0,0,2,0,0,0,0,0,0,0,0,0,0,0,2,2,0,2,0,0,0,0,0,2,0,0,0,0,0,2,0,0,0,0,0,2,0,0,2,0,0,2,0,0,2,0,0,2,0,0,0,0,0,0,2,0,0,0,2,0,2,0,2,0,2,2,0,0,0,0,0,0,0,0,0,0,0,2,0,0,0,0,0,0,0,0,0,0,2,0,2,0,0,2,0,0,0,0,0,0,0,0,0,0,0,0,2,2,0,0,0,0,2,0,0,0,0,0,0,0,0,0,0,2,0,2,0,0,0,0,0,2,0,2,2,2,0,2,0,0,0,0,0,0,0,0,0,0,0,0,0,2,0,0,0,0,0,0,0,2,0,0,0,0,0,2,0,0,2,2,0,0,2,0,2,2,0,0,0,0,0,0,2,0,0,0,0,0,0,0,0,0,0,0,2,0,0,0,0,0,0,0,2,0,0,0,0,0,0,0,2,0,0,0,0,0,2,0,2,2,0,2,2,0,0,0,0,0,0,0,0,0,0,0,0,0,0,0,0,0,2,0,0,0,0,2,0,0,0,0,0,2,0,0,2,0,0,0,0,0,0,2,0,0,2,0,0,0,2,0,0,0,0,2,0,0,0,0,0,0,0,0,0,0,0,0,0,0,0,0,0,0,2,0,0,0,0,0,0,0,0,0,0,0,0,0,0,0,0,2,0,0,0,0,0,0,0,0,0,0,0,0,2,2,0,0,0,2,0,2,0,0,2,0,0,0,0,0,0,2,0,2,2,2,0,0,2,0,0,0,0,2,0,0,2,0,0,0,0,0,2,2,2,0,0,0,0,0,0,0,0,2,0,0,0,0,0,0,0,2,0,0,0,0,0,0,0,0,0,0,0,0,0,0,2,2,0,0,0,0,0,0,0,0,0,0,2,2,0,0,0,0,0,0,2,2,2,0,0,0,0,0,2,0,0,2,0,0,2,0,0,2,2,2,0,0,0,0,0,0,0,0,0,2,2,2,0,0,0,0,2,0,2,0,0,0,0,0,0,0,0,0,0,0,0,0,0,0,0,0,2,0,2,0,0,0,0,0,0,0,0,0,0,0,0,2,0,0,0,0,0,0,0,NA,0,0,0,0,0,0,0,0,0,0,0,0,0,0,0,0,0,0,0,0,0,0,0,0,0,0,0,0,0,0,0,2,0,0,0,0,2,0,2,0,NA,0,0,2,2,0,NA,2,0,0,0,0,0,2,0,2,0,0,0,0,0,0,0,0,0,0,0,0,2,0,2,2,2,0,0,2,0,0,0,2,2,2,0,0,0,0,0,0,0,0,0,0,0,0,0,0,0,0,0,2,0,0,0,0,0,0,0,0,0,0,0,0,2,2,0,0,2,0,0,2,0,0,0,0,2,0,0,0,0,2,0,0,0,0,0,0,2,0,2,0,0,0,0,0,2,0,0,2,2,0,0,0,0,0,2,0,0,0,2,0,0,2,0,0,0,0,0,NA,0,0,0,0,2,0,0,2,2,0,0,0,0,2,2,0,2,0,0,0,0,2,0,0,0,0,0,0,0,0,0,0,2,0,0,0,0,0,0,0,0,0,0,0,0,0,0,2,2,2,2,0,2,0,0,2,0,2,2,0,2,0,0,0,2,0,0,2,0,0,2,2,2,0,2,0,0,2,0,0,0,0,0,0,0,0,0,0,0,0,2,0,0,0,0,0,0,2,0,0,0,2,0,2,0,0,2,0,0,0,0,0,0,0,2,0,0,0,0,0,0,0,2,0,0,0,0,2,0,0,0,2,0,0,0,0,0,0,0,0,0,0,0,0,0,0,0,0,0,0,0,2,0,2,0,0,0,0,0,0,2,2,2,2,0,0,0,0,2,0,2,0,0,0,0,0,2,0,0,0,0,0,0,2,2,2,0,0,2,NA,0,0,0,0,2,2,0,0,2,2,0,0,0,0,0,0,0,0,0,0,0,2,0,0,0,0,2,0,0,0,0,2,0,2,0,0,2,0,0,2,0,0,0,0,0,0,2,2,0,0,2,2,2,0,0,2,0,0,2,0,0,0,2,0,0,0,2,2,2,0,0,2,0,2,0,2,0,2,2,2,2,0,0,2,0,0,0,2,2,2,0,0,0,0,0,0,2,0,2,0,0,0,0,0,0,0,0,0,2,0,0,0,0,0,0,0,0,0,0,0,2,0,0,0,2,0,2,0,0,0,0,2,0,2,0,0,0,0,0,0,0,0,0,2,2,0,0,0,0,2,2,0,2,2,0,2,0,2,2,2,0,0,0,2,2,2,0,NA,0,0,0,2,2,0,2,0,0,2,2,0,0,0,0,2,0,2,2,0,0,0,0,0,0,0,2,2,0,0,0,2,0,0,2,0,0,2,2,0,2,0,0,2,2,0,0,0,0,0,0,0,2,2,0,0,0,0,0,0,0,2,0,0,0,2,2,0,0,0,0,0,0,2,2,0,0,2,0,0,0,2,0,0,0,2,0,0,0,0,0,0,0,0,2,0,2,2,0,0,2,0,2,0,0,0,0,0,0,0,2,2,2,0,0,0,0,2,0,0,2,0,0,0,2,2,NA,2,0,0,0,0,0,0,0,2,2,2,0,0,2,2,0,0,2,0,0,0,0,0,2,0,0,0,2,2,2,2,0,0,2,0,0,0,0,0,0,2,0,2,0,0,0,0,0,0,0,0,0,0,0,0,0,NA,0,2,0,2,2,0,0,0,0,2,2,0,0,2,2,0,2,0,0,2,0,2,0,2,0,2,0,0,0,2,0,0,0,0,2,0,2,0,0,0,0,0,0,0,2,0,0,0,0,0,0,0,0,0,0,0,0,0,2,0,2,2,0,0,0,0,0,0,0,0,0,0,0,0,0,0,2,0,0,0,0,2,0,2,0,0,0,0,2,0,0,2,0,0,0,NA,0,2,0,2,0,2,0,0,0,0,2,0,0,0,0,0,0,2,2,0,0,0,0,0,0,0,0,2,0,0,0,2,0,0,0,0,0,2,0,0,0,0,0,2,2,0,2,0,0,2,2,0,0,2,2,0,0,0,0,0,2,0,0,0,0,2,2,2,0,2,2,0,0,2,2,0,2,0,0,0,2,0,0,2,2,0,2,0,0,0,2,0,0,0,0,0,2,2,0,0,0,0,0,2,0,0,0,0,0,0,2,0,0,0,0,0,0,0,0,0,2,0,2,0,0,0,0,NA,2,2,0,0,0,0,0,0,0,0,0,2,0,0,0,0,0,0,2,2,0,2,0,0,0,0,0,0,0,0,0,0,2,0,0,0,0,0,0,0,0,0,0,2,0,0,0,0,0,0,0,0,0,0,0,0,2,0,0,2,0,0,0,0,2,0,0,0,0,0,0,2,0,0,2,2,0,0,0,0,0,2,0,2,0,2,2,2,2,0,0,2,0,0,2,0,0,0,2,0,0,0,0,0,0,0,0,0,0,0,0,0,0,0,0,0,0,0,0,0,0,0,0,2,2,0,0,0,0,0,0,0,0,0,0,2,0,0,0,2,0,0,0,0,2,0,0,0,0,0,0,0,0,0,0,0,0,2,0,0,0,0,2,0,0,0,0,0,0,0,2,0,0,0,0,0,0,0,0,0,0,0,0,0,0,0,0,0,0,0,2,0,0,0,0,2,2,0,0,0,0,0,0,0,0,0,0,0,0,0,2,0,0,0,0,0,0,0,2,2,0,0,0,2,0,0,0,0,0,0,0,0,0,0,2,0,0,0,0,0,2,0,0,0,0,0,0,2,0,0,0,0,2,2,0,0,2,0,0,0,0,0,2,0,0,0,0,0,0,0,0,0,0,2,0,2,NA,0,0,2,2,2,0,0,2,0,0,2,0,2,0,2,0,0,2,0,0,2,0,0,0,0,0,0,0,0,2,0,0,2,2,0,0,2,0,2,0,0,0,0,0,0,2,2,0,2,2,0,0,0,0,0,0,0,0,2,0,0,2,0,0,0,0,0,0,2,0,0,2,0,0,0,0,0,2,0,2,0,0,0,0,0,0,0,0,0,0,0,2,0,0,2,0,0,0,0,2,0,0,0,0,0,0,2,0,2,0,0,2,0,0,0,0,0,0,0,0,0,0,0,2,0,0,0,0,0,0,2,0,0,0,2,2,2,0,0,0,0,0,0,0,0,0,0,0,0,2,0,0,0,2,2,2,0,0,0,2,2,0,0,2,0,0,0,2,2,0,0,0,0,0,0,0,0,0,0,0,2,2,2,0,0,0,2,0,0,0,0,0,0,0,0,0,0,0,0,0,0,0,0,0,0,0,0,0,0,2,0,0,2,0,0,0,0,0,2,0,0,2,0,2,0,2,0,0,0,0,0,0,0,0,0,0,0,0,0,0,2,0,0,0,0,0,0,0,2,0,0,0,2,0,0,2,0,0,2,0,0,2,0,2,0,0,0,0,2,2,2,2,0,0,0,0,0,0,0,0,0,0,0,0,2,0,0,2,2,2,0,0,0,0,0,0,0,0,0,0,0,0,0,0,0,0,0,2,0,2,0,2,0,0,0,0,0,0,0,0,0,2,0,2,2,2,0,2,0,0,2,0,2,0,0,0,0,0,0,0,0,0,0,0,0,0,0,0,0,0,0,2,0,0,0,2,0,0,0,0,0,0,0,0,0,2,0,0,0,0,2,0,0,0,0,0,2,0,2,2,0,0,0,0,0,0,0,2,0,0,0,2,2,0,2,0,0,0,0,0,0,0,0,0,0,0,0,2,2,2,0,0,0,2,2,0,0,0,2,0,0,0,0,0,0,2,2,0,0,0,0,0,0,2,0,0,0,0,2,0,0,0,0,2,0,0,0,0,0,0,NA,0,0,0,0,0,2,0,0,0,0,0,0,2,2,0,0,0,0,0,2,0,2,0,0,0,2,0,0,0,0,0,0,0,0,0,2,0,0,0,0,0,0,0,0,2,0,0,0,0,0,0,0,0,0,2,2,0,0,0,0,0,0,0,0,0,0,0,2,0,0,0,0,2,0,0,0,2,0,0,2,0,2,0,0,0,2,0,2,0,0,2,0,0,0,2,0,0,0,2,0,0,0,0,0,0,2,2,2,0,2,2,2,0,0,0,0,0,2,0,0,0,0,0,2,0,0,2,2,0,0,0,0,0,0,0,2,2,0,0,0,0,0,0,0,0,0,0,0,0,0,0,2,0,0,0,0,2,0,0,0,0,2,0,0,0,0,2,2,2,0,0,0,0,0,0,0,0,0,2,0,2,0,0,0,0,0,0,0,0,0,0,0,0,0,2,2,0,0,0,0,0,2,0,0,0,0,2,0,2,2,0,0,0,0,0,2,0,2,2,0,0,0,0,0,0,0,0,0,0,2,0,0,0,0,2,2,2,0,0,2,0,2,0,2,0,0,0,0,2,0,0,0,0,2,2,0,0,0,0,0,0,0,0,0,0,2,0,0,2,0,2,0,2,2,2,0,0,0,0,0,0,0,2,2,0,0,0,0,0,0,0,0,0,0,0,0,0,2,0,0,2,0,0,0,0,2,2,0,2,2,0,2,0,2,2,2,0,0,0,0,2,0,2,0,2,0,0,0,0,0,0,2,2,0,2,2,2,0,2,0,0,0,2,2,2,2,0,0,2,2,2,0,0,2,2,0,2,2,0,2,2,0,2,2,2,0,2,0,0,0,2,0,2,0,0,0,2,2,0,0,0,2,0,0,2,0,2,2,2,0,2,2,0,0,2,2,2,2,2,0,0,0,NA,2,0,0,2,0,2,0,0,2,2,2,0,0,0,0,2,0,2,0,0,0,2,2,0,2,0,2,0,0,0,2,0,0,0,0,0,0,2,0,0,0,2,0,0,0,2,0,0,0,2,0,0,0,0,2,0,0,0,0,0,0,0,0,2,0,0,0,2,0,2,0,0,0,0,2,0,0,0,0,0,0,0,0,0,0,2,0,2,0,0,2,0,0,0,2,0,0,0,0,0,0,0,0,0,0,0,2,0,0,2,0,2,0,0,0,0,0,0,0,2,0,2,0,0,2,0,0,0,0,0,0,0,0,0,0,0,0,0,0,0,0,0,0,2,0,0,0,0,0,0,0,2,0,2,0,0,0,0,0,2,0,0,0,0,0,2,2,2,0,0,0,0,0,2,0,0,0,0,0,0,0,0,0,0,0,2,0,0,2,0,2,0,0,2,0,0,0,0,0,2,2,0,0,0,0,2,0,0,2,0,0,2,0,0,0,0,0,0,NA,0,2,2,0,2,0,2,0,2,0,0,0,NA,0,0,0,0,0,0,0,0,0,0,0,0,2,0,0,0,0,0,2,0,0,0,2,2,0,0,2,0,2,0,0,2,0,2,0,0,0,0,0,0,0,2,0,2,2,0,2,0,0,0,0,0,0,2,0,0,2,0,2,0,NA,0,2,NA,2,2,0,2,2,2,0,0,2,0,0,0,2,0,2,0,0,0,0,0,0,2,0,0,0,0,0,2,0,NA,2,2,0,0,2,0,0,0,0,2,0,0,2,2,0,2,0,2,2,0,0,0,0,2,0,2,0,2,2,2,0,2,2,0,2,0,0,0,2,0,2,2,0,0,0,2,0,0,0,0,2,2,0,0,2,0,0,0,0,2,2,0,0,2,2,0,2,0,2,2,0,0,0,0,2,2,0,0,NA,2,2,0,0,2,0,2,2,0,0,0,0,0,0,0,0,0,2,0,0,0,0,2,0,0,0,0,0,2,0,0,0,0,0,2,2,0,0,2,2,2,0,0,0,2,2,0,2,0,0,0,0,2,0,0,0,0,0,0,2,2,2,0,0,0,0,0,0,0,2,0,0,0,NA,2,2,0,0,0,0,0,0,0,0,0,0,0,0,2,0,0,2,0,0,2,2,2,0,2,0,0,2,2,0,0,0,0,2,2,0,2,0,2,2,0,2,0,2,0,0,2,2,2,0,2,0,0,0,2,0,2,0,2,2,2,2,0,2,0,2,2,2,2,2,2,0,0,0,0,0,0,0,2,0,0,2,0,0,0,0,0,0,0,2,0,0,2,0,0,0,0,0,2,2,0,2,0,0,0,0,2,0,0,2,0,2,0,0,0,0,0,2,0,2,0,0,0,0,2,0,0,0,0,0,2,0,2,0,2,2,0,0,0,0,0,2,2,0,0,0,0,0,0,0,0,0,0,0,2,0,0,2,0,2,2,0,0,0,0,0,2,2,0,0,0,0,2,0,0,0,0,0,2,0,2,2,0,0,0,0,2,0,2,0,0,2,0,2,0,2,2,2,0,0,2,2,2,0,2,2,0,0,0,0,2,0,0,2,0,2,0,2,2,2,2,0,2,2,0,2,2,2,0,0,0,0,2,0,0,0,0,0,0,0,2,0,0,2,0,0,0,2,0,2,2,2,0,0,2,0,0,0,2,0,0,2,0,0,0,0,0,0,0,0,0,0,0,0,0,0,0,0,0,0,0,0,0,0,0,0,0,0,0,0,0,0,0,0,0,2,2,0,0,0,0,0,0,2,0,0,0,0,2,0,0,2,0,0,0,0,2,0,0,0,0,0,0,0,0,0,NA,2,2,0,0,0,2,0,0,0,0,2,0,0,0,2,0,0,0,0,0,0,0,0,NA,0,0,0,2,0,0,0,2,2,0,0,0,2,0,0,0,2,0,0,2,0,0,0,2,0,0,0,2,0,0,0,0,2,0,0,0,0,0,0,0,2,0,0,0,0,0,0,0,0,0,0,0,0,2,0,0,2,NA,0,2,0,0,2,2,2,2,0,2,2,2,0,0,2,2,0,0,2,0,2,0,0,0,0,0,0,0,2,2,0,0,NA,2,0,2,0,2,0,0,0,2,2,0,0,0,0,2,2,0,0,0,0,0,0,2,0,0,2,2,0,0,0,0,2,2,0,2,2,0,0,0,0,0,2,2,2,0,0,0,0,0,0,0,0,0,0,2,0,0,2,0,2,2,0,2,0,0,2,0,0,2,2,2,0,0,0,0,0,0,0,2,0,0,0,0,2,2,0,0,0,2,2,2,2,2,2,0,2,0,0,0,0,0,0,2,0,0,2,0,0,0,0,0,0,0,0,0,0,0,0,0,2,2,0,0,0,2,2,0,2,0,0,0,0,0,0,0,0,0,0,0,0,0,2,0,0,0,0,0,2,2,0,0,2,0,0,0,0,0,0,0,0,0,0,0,2,2,0,0,0,0,0,0,0,0,0,0,0,0,0,0,2,0,0,0,2,0,2,2,0,0,0,2,0,0,0,0,0,2,0,0,0,0,0,2,2,0,0,2,0,0,0,0,0,0,NA,2,0,0,0,0,0,0,0,0,0,0,2,0,0,2,0,2,0,0,2,NA,2,0,0,2,0,0,0,0,0,0,0,0,0,0,0,2,2,0,2,2,0,2,0,0,2,2,2,2,0,0,0,0,2,2,0,0,0,0,0,0,0,0,0,2,2,0,2,2,2,0,0,2,2,2,0,0,0,0,0,0,2,0,0,0,0,2,0,0,2,0,0,2,2,0,2,0,0,0,0,0,0,0,0,2,0,0,0,2,0,2,0,2,0,0,0,0,2,0,0,2,0,2,0,0,2,0,0,0,2,2,0,0,0,0,0,0,2,0,0,0,0,0,2,0,0,2,0,0,0,0,2,0,0,0,0,0,2,0,0,0,0,0,0,0,0,0,2,0,0,0,0,0,0,0,0,0,0,0,0,0,2,2,2,0,0,0,0,0,0,0,0,0,0,2,2,2,2,0,0,0,0,2,2,0,2,0,2,0,2,0,2,0,2,0,2,2,2,0,0,2,0,2,2,0,0,0,2,0,2,0,0,2,0,0,2,2,2,0,0,0,0,0,0,2,0,2,2,2,0,0,2,0,0,0,0,0,2,0,0,2,2,2,0,2,0,2,2,2,0,0,2,0,2,0,2,2,0,0,0,0,2,2,2,0,0,0,0,0,0,0,0,0,2,0,0,0,0,0,0,0,2,2,0,0,0,0,0,0,0,0,0,0,2,0,2,0,2,0,0,0,0,0,2,0,2,0,0,0,0,0,2,0,2,0,0,0,0,0,0,0,2,2,2,0,0,2,0,0,2,0,0,0,2,0,2,0,2,0,0,0,0,0,0,0,0,2,0,0,2,2,2,2,0,0,0,0,2,0,2,2,0,2,2,0,2,0,2,0,0,2,0,0,2,0,0,0,2,0,2,0,0,0,0,2,0,2,0,2,0,0,0,0,0,0,2,0,0,0,2,0,0,0,0,0,0,0,2,0,0,0,2,0,0,0,0,0,0,2,0,2,0,0,2,0,0,0,0,0,0,0,0,0,0,0,0,2,2,0,2,0,2,2,0,0,2,2,0,0,2,2,0,0,2,0,0,0,2,2,2,2,2,2,0,0,0,2,0,0,0,2,NA,0,2,0,2,2,0,0,0,0,0,0,2,0,2,0,0,0,2,2,0,2,0,0,0,0,0,0,2,0,0,0,0,0,0,0,0,0,0,0,0,0,0,2,0,0,2,2,2,0,0,0,0,0,0,0,2,0,0,0,0,2,2,0,2,2,0,0,0,0,2,0,0,0,2,0,0,0,0,0,0,0,2,2,0,0,0,2,2,0,0,0,0,0,0,0,0,0,2,0,0,0,0,0,0,0,0,0,NA,2,2,0,0,2,2,0,0,0,0,0,0,0,0,0,0,0,2,0,0,0,2,0,2,0,2,0,NA,0,0,0,2,0,0,0,0,0,0,0,2,0,0,0,0,0,0,0,0,0,0,0,0,0,0,0,0,2,0,0,0,0,2,2,2,0,2,0,0,0,0,0,0,0,0,0,2,0,0,0,0,2,0,0,0,2,0,0,0,0,0,0,0,0,0,0,2,0,0,0,2,NA,0,0,0,0,0,0,0,0,2,0,0,2,0,0,2,0,0,2,0,0,0,0,2,0,0,0,0,0,0,0,0,0,2,0,2,0,0,0,2,0,0,0,2,0,0,0,0,0,0,2,0,0,0,0,2,0,0,0,0,2,2,0,2,0,2,0,2,0,0,0,2,2,2,2,2,0,0,0,0,0,0,2,0,0
"CC214",0,0,0,0,0,0,0,0,0,0,2,0,0,2,2,0,0,0,0,0,2,2,0,2,2,0,0,0,0,0,0,2,0,0,0,2,0,0,0,0,0,0,0,2,2,0,0,2,0,0,2,2,0,2,2,0,2,0,0,0,0,0,2,2,0,2,0,0,0,0,2,0,0,2,0,0,0,0,0,2,0,2,0,0,0,2,2,0,0,0,0,0,0,0,0,2,0,0,0,0,2,2,0,0,0,2,0,0,0,0,0,0,0,2,0,0,0,0,0,0,0,0,0,2,0,0,2,0,2,0,2,0,0,0,0,2,0,0,0,0,0,0,0,0,0,0,0,2,2,0,2,0,0,2,0,0,2,0,0,0,0,2,0,0,0,0,2,0,0,0,0,0,2,0,0,0,2,0,2,0,0,0,0,0,0,0,0,0,0,2,0,0,0,0,0,0,0,0,0,0,0,0,0,0,0,0,0,0,0,0,0,0,0,2,0,0,0,0,0,0,0,0,0,0,0,0,0,0,2,0,0,0,0,0,0,0,0,2,0,0,0,2,0,0,0,0,0,0,2,0,0,0,0,0,0,0,0,2,0,0,0,2,2,2,0,0,2,0,0,0,0,0,0,2,0,0,0,0,0,0,2,0,0,0,0,0,0,0,0,0,0,0,0,0,0,0,0,0,0,0,0,0,0,0,0,0,0,2,0,0,0,0,0,0,0,0,0,0,0,0,0,0,0,0,2,0,0,0,0,0,0,0,0,0,0,2,0,0,0,0,0,0,0,0,0,0,0,0,0,2,NA,0,0,0,0,0,0,0,0,0,0,0,0,2,0,0,0,0,0,0,0,0,0,0,2,2,0,0,0,2,0,0,0,0,0,0,2,0,0,0,0,0,0,0,0,0,NA,0,0,0,0,0,0,0,0,0,0,0,0,2,0,0,0,0,2,0,0,2,0,0,0,0,0,0,0,0,0,2,0,2,0,0,0,0,0,0,0,0,2,0,0,0,0,2,0,0,0,2,0,0,0,0,2,0,0,0,2,0,0,0,0,2,0,2,0,NA,0,2,0,0,2,2,0,2,0,0,0,2,0,0,0,0,0,0,0,2,0,0,2,0,0,2,0,2,0,0,0,0,0,2,0,0,2,0,2,0,0,0,2,2,0,2,0,0,0,2,0,0,0,0,2,0,0,0,0,0,0,2,0,0,0,0,2,0,0,2,0,2,2,0,0,0,0,0,0,0,0,2,0,2,NA,2,0,2,0,0,0,2,0,0,0,0,0,0,0,0,0,0,0,2,0,2,2,0,0,0,0,2,0,0,0,0,0,0,0,2,0,0,0,0,0,NA,0,0,2,0,0,2,0,0,2,0,2,0,0,0,2,2,0,0,0,0,0,0,2,0,0,0,0,0,2,0,0,0,0,0,0,0,2,0,2,0,0,2,0,0,0,0,0,0,0,0,0,2,0,0,0,0,0,0,0,0,0,0,0,0,0,0,0,0,2,0,0,2,2,0,0,0,2,0,0,0,0,2,0,0,2,0,2,0,0,0,0,0,2,0,0,0,0,0,2,0,0,0,0,0,2,0,0,0,0,2,0,0,0,0,0,0,0,0,0,2,0,0,0,0,2,0,2,0,0,0,0,0,0,2,0,2,2,0,2,0,2,0,0,0,0,2,0,0,0,2,2,0,0,0,0,2,0,2,2,2,0,0,2,2,0,2,0,0,0,2,0,0,0,0,0,0,0,0,2,0,0,0,2,0,0,2,2,0,0,2,0,0,0,0,0,0,0,0,0,0,0,0,0,2,0,0,0,0,2,0,0,0,2,0,2,2,0,0,2,0,0,0,2,0,0,0,0,0,0,0,2,2,0,0,0,0,0,0,0,0,0,0,0,2,2,0,0,2,2,0,0,0,0,0,2,0,2,2,0,2,0,0,2,0,2,2,0,2,2,2,2,0,0,0,2,0,2,2,2,0,2,0,0,0,0,0,0,0,0,0,0,2,0,0,2,0,0,2,0,0,0,0,2,0,2,2,0,0,0,0,0,0,2,2,0,2,0,0,0,0,2,0,0,NA,2,0,0,0,2,2,2,2,2,0,0,0,2,0,0,2,0,0,2,0,0,0,0,0,0,0,0,0,0,0,0,2,0,2,2,0,2,0,0,0,2,0,0,0,0,0,0,0,0,0,0,0,2,0,0,0,0,0,0,0,2,2,0,0,0,0,0,0,2,2,2,2,0,0,0,0,0,2,0,2,0,0,0,0,0,2,0,0,0,0,0,2,0,0,0,0,0,0,0,0,0,2,0,2,0,0,2,2,0,0,0,2,0,0,0,2,2,0,2,2,2,0,2,0,0,0,0,0,0,2,2,0,2,0,0,0,2,0,0,0,2,2,0,0,0,0,0,2,2,0,0,0,0,0,0,2,2,0,0,2,0,0,0,0,0,0,2,0,0,2,2,2,0,0,0,2,2,0,0,2,0,2,0,2,0,0,2,0,0,2,0,0,0,0,0,0,0,0,2,0,2,0,0,0,2,0,0,0,0,0,0,2,0,0,0,0,0,2,0,0,0,0,0,0,0,2,0,NA,0,0,0,0,0,0,0,0,0,0,0,0,0,0,0,0,0,0,0,2,0,0,0,2,0,0,0,0,0,0,2,2,0,0,0,0,2,0,0,2,0,0,0,0,2,0,0,2,0,0,0,2,0,0,0,0,0,0,0,0,2,0,2,0,2,0,0,0,0,0,0,0,0,2,0,0,0,0,0,0,0,0,0,0,0,2,0,0,2,0,0,0,0,0,0,2,0,2,0,0,0,0,0,0,0,0,0,0,0,2,2,0,0,0,2,0,0,0,0,0,2,2,0,2,0,0,0,2,0,0,2,2,0,0,0,0,0,0,0,0,0,0,0,0,0,2,0,2,2,0,0,2,0,0,0,0,0,0,0,0,2,0,0,0,0,0,0,0,NA,0,0,0,0,2,0,0,0,0,0,0,0,0,2,0,0,0,0,0,0,0,0,2,0,0,0,0,0,0,2,0,0,0,0,0,0,0,0,2,0,2,0,0,0,0,0,0,2,2,2,0,0,0,0,0,0,0,0,0,0,0,0,0,0,0,0,0,2,0,0,0,0,0,0,0,0,0,0,0,2,0,0,0,0,0,0,0,0,0,0,0,0,0,0,0,0,2,0,0,0,0,0,0,2,0,0,0,0,0,0,0,0,NA,0,0,0,0,2,0,0,0,0,0,0,0,0,0,0,0,0,0,0,0,0,0,2,2,0,0,0,2,2,0,0,0,0,0,0,0,0,0,0,2,0,0,0,0,0,0,0,0,0,0,0,2,0,2,0,0,0,0,0,0,0,0,0,0,2,0,0,0,0,0,0,0,0,0,2,0,0,0,0,0,0,0,0,2,0,0,0,0,0,0,0,0,0,0,0,0,0,0,0,0,0,0,0,0,0,0,0,0,0,0,2,0,0,0,0,0,0,0,0,2,0,0,0,2,0,0,2,0,0,0,0,2,2,0,0,0,2,0,0,0,0,NA,0,0,0,0,0,0,0,0,0,0,0,0,0,0,0,2,0,0,0,0,0,0,0,0,0,2,2,0,0,0,0,0,2,2,0,2,0,0,0,2,0,0,0,0,0,0,0,0,0,0,0,0,0,0,0,0,2,2,2,0,2,0,0,0,2,0,0,0,0,0,0,0,0,2,0,0,2,2,2,0,0,0,0,0,2,0,0,0,0,2,0,0,0,0,2,0,0,0,0,2,0,0,0,0,2,0,2,0,2,0,2,0,2,0,0,0,2,0,0,0,2,0,0,2,0,0,0,0,2,0,0,0,0,0,0,0,0,NA,0,0,0,0,2,0,0,0,2,0,2,0,0,0,0,0,2,0,0,0,0,0,0,0,0,0,0,0,0,0,0,2,0,0,2,0,0,0,0,0,0,0,0,0,0,0,0,0,0,2,2,0,0,0,0,0,0,2,0,0,0,0,0,0,0,0,0,0,0,0,0,2,0,0,0,0,0,0,2,2,0,0,0,0,0,0,0,0,0,0,2,0,0,0,0,0,2,0,2,0,0,0,0,0,2,0,2,0,0,0,0,0,0,0,0,0,0,0,0,0,0,0,2,2,0,0,0,0,0,0,0,2,0,2,0,0,2,0,2,0,0,0,0,0,2,0,0,2,0,0,0,0,0,0,0,0,0,0,0,0,0,0,0,0,0,0,0,0,0,0,0,0,0,0,0,2,2,2,2,0,0,0,NA,0,0,0,0,0,0,0,0,0,0,2,0,0,0,2,0,0,0,0,0,0,0,0,2,0,0,0,0,0,0,0,0,0,0,0,0,0,0,2,2,0,0,0,0,0,2,0,0,2,0,0,2,0,0,0,0,0,0,0,0,2,0,0,0,0,0,0,0,0,0,0,0,0,0,0,2,0,0,2,0,0,0,0,0,0,0,0,0,0,0,0,2,2,0,0,0,0,0,0,2,0,2,2,0,0,0,0,0,0,0,2,2,0,0,2,0,0,2,0,0,2,2,0,0,0,2,2,0,0,0,0,2,0,0,0,2,2,0,0,0,2,2,2,0,0,0,0,0,0,0,0,0,0,0,0,2,0,0,0,0,0,0,0,0,0,0,0,0,0,0,0,0,2,2,0,2,0,0,0,0,0,2,0,0,0,0,0,2,2,0,0,0,0,2,2,0,2,0,0,0,0,0,0,0,0,2,0,0,0,0,0,0,2,0,2,0,2,0,0,0,0,0,0,0,0,2,0,0,0,0,2,0,0,0,0,2,0,0,0,0,0,0,0,0,0,0,0,0,0,0,0,0,0,0,0,0,2,0,0,0,0,0,2,0,0,0,0,0,0,0,2,0,0,0,0,0,2,0,0,0,0,0,0,0,0,0,2,0,0,0,2,0,2,0,0,0,0,0,0,2,0,0,0,0,0,0,2,0,0,0,0,0,0,0,0,0,0,0,0,2,2,0,0,2,0,0,0,0,0,0,0,0,0,2,2,0,0,2,0,0,0,0,0,0,0,0,2,0,0,2,0,0,0,0,2,0,0,0,0,0,0,2,0,0,0,2,2,0,0,0,0,0,0,0,0,0,0,2,0,0,0,0,0,0,2,0,2,0,0,0,0,0,0,0,0,0,0,0,0,0,2,0,0,0,0,0,0,0,0,0,2,2,0,0,0,0,0,0,0,0,0,0,0,0,2,0,0,0,0,0,2,0,0,0,0,2,0,0,0,0,0,0,0,0,0,0,0,0,0,0,0,0,2,0,2,0,0,0,2,0,2,0,0,0,0,0,0,0,0,0,0,0,0,0,0,0,0,0,0,0,0,0,0,0,0,0,0,0,0,2,0,0,0,0,0,2,0,0,0,0,0,0,0,0,0,0,0,2,0,0,0,0,0,0,0,0,0,0,0,0,0,0,0,0,0,0,0,0,2,0,2,2,0,0,0,0,2,0,0,0,0,2,0,0,0,0,2,0,0,0,2,0,0,0,0,2,0,0,0,0,0,2,0,0,2,0,0,0,0,2,0,0,2,0,0,0,0,0,0,0,0,0,0,0,0,0,0,2,0,2,2,0,0,2,0,0,2,2,2,0,0,0,2,2,0,0,0,0,0,0,2,2,0,0,0,0,0,0,2,0,2,NA,0,0,0,2,0,0,0,0,0,0,0,0,0,0,0,0,2,2,0,0,0,0,2,0,0,0,0,0,2,0,0,0,0,0,0,0,0,0,0,2,0,0,0,2,0,0,0,0,0,0,0,0,0,0,0,0,0,0,0,0,0,2,0,0,0,2,0,0,0,0,0,0,0,0,0,0,0,0,0,0,0,0,0,0,0,0,2,0,0,0,2,2,2,0,0,0,2,0,2,0,0,0,2,0,0,0,0,0,0,0,0,0,0,0,0,0,0,0,2,2,0,0,2,0,0,0,2,2,0,0,0,2,0,0,0,2,0,0,0,0,2,0,0,2,0,0,0,0,2,0,2,0,2,0,0,0,2,0,2,0,0,0,0,0,0,0,0,0,2,0,0,0,0,0,0,0,0,0,2,0,0,2,0,0,0,0,0,0,0,0,0,0,2,0,0,0,0,2,0,2,0,0,0,0,0,0,0,0,0,0,0,0,2,0,0,0,0,0,0,0,2,0,2,0,2,0,0,0,0,0,0,0,0,0,0,0,0,0,0,0,0,0,0,0,0,0,0,0,0,0,0,2,0,0,0,0,0,0,0,2,0,0,0,0,2,2,0,0,2,0,2,0,0,0,2,2,0,0,0,0,2,2,0,0,0,0,2,0,2,2,0,0,0,2,2,0,0,0,0,0,0,0,0,0,2,0,0,0,0,0,2,0,0,0,2,0,2,2,0,2,0,2,0,2,2,0,0,2,0,0,0,2,0,2,2,2,0,0,0,2,0,0,0,2,0,2,0,0,2,0,0,0,0,2,0,0,0,0,0,0,0,0,0,2,0,0,0,2,0,0,0,0,2,0,2,0,0,0,2,0,0,NA,0,0,0,0,0,0,0,0,0,0,2,0,0,0,0,0,0,0,0,0,0,0,2,0,0,0,0,2,NA,0,0,2,0,0,0,0,2,0,2,0,0,0,2,0,2,0,0,2,0,0,2,0,0,2,0,2,0,0,2,2,2,0,0,0,0,0,0,0,0,0,0,0,0,0,2,0,0,0,0,0,0,2,0,2,0,2,0,0,0,0,2,0,0,2,0,0,0,0,0,0,0,0,2,0,0,0,0,0,0,0,0,0,0,0,2,0,0,0,0,0,2,0,0,2,2,0,0,2,0,0,2,0,0,0,0,2,0,0,2,0,0,0,2,0,0,2,0,2,0,0,0,2,0,0,0,0,0,0,2,2,2,0,0,0,0,0,0,0,0,2,0,0,0,0,0,0,0,0,0,0,2,0,0,0,0,0,0,0,0,0,0,0,0,2,2,2,2,0,0,0,0,0,0,0,0,0,0,0,2,2,0,0,0,2,0,0,0,0,2,0,0,0,0,0,0,2,0,0,0,0,2,0,2,2,0,0,2,0,0,0,0,0,0,0,0,0,0,2,0,0,0,2,0,0,0,0,0,0,2,0,0,0,0,0,0,0,2,0,0,0,0,0,0,0,0,0,0,0,0,0,NA,0,0,0,0,0,0,0,0,0,0,0,2,0,0,2,0,0,0,0,0,0,2,0,0,2,0,0,2,0,0,0,0,0,0,0,2,0,2,0,0,0,0,0,0,0,0,0,0,0,0,0,2,0,0,0,0,0,0,0,0,0,0,0,0,0,0,0,0,0,0,0,0,0,0,2,2,0,2,0,0,0,0,0,2,0,2,0,0,0,2,2,0,0,0,0,0,0,0,0,0,0,0,0,0,0,0,2,2,0,2,2,0,2,0,0,0,0,0,0,0,0,0,0,0,0,0,0,0,2,0,0,0,0,0,0,0,0,0,0,0,0,0,0,0,0,0,0,0,0,0,0,0,0,0,2,0,0,0,0,2,2,0,0,0,0,2,0,0,0,0,0,0,2,0,0,2,0,0,0,0,0,0,0,0,0,0,0,2,0,0,0,0,0,0,0,0,0,2,0,0,0,0,0,0,0,0,0,0,0,0,0,0,0,0,0,0,0,0,0,2,0,2,0,0,2,0,0,0,0,0,0,0,0,0,0,0,2,2,0,0,0,0,0,0,0,0,0,2,0,2,0,0,0,0,0,0,0,0,0,0,0,2,NA,0,0,0,0,0,0,0,0,0,2,0,2,0,2,0,0,0,0,0,0,0,0,0,0,0,0,0,0,0,0,0,0,0,0,0,0,0,0,0,0,0,0,0,0,0,0,0,0,0,0,0,0,0,0,0,0,0,0,0,0,0,0,0,0,0,0,0,0,0,0,0,0,0,0,0,0,2,0,0,0,0,2,0,0,0,0,0,0,0,0,0,0,0,0,2,0,0,0,0,0,0,0,0,0,0,0,0,0,0,0,0,0,0,0,0,0,0,0,0,0,0,0,0,0,0,0,0,0,0,0,0,0,0,0,0,0,0,0,0,0,0,0,0,0,0,0,0,0,0,0,0,0,0,0,0,0,2,0,0,0,0,0,0,0,0,0,0,0,0,0,0,0,0,0,0,0,0,0,0,0,0,0,0,0,0,0,0,2,2,0,0,0,2,0,0,0,0,2,2,0,0,0,0,0,0,0,0,0,0,0,0,0,0,2,2,0,0,0,0,0,0,0,0,2,2,0,0,0,0,0,0,0,0,0,0,0,0,0,0,0,0,0,0,0,0,0,0,0,0,0,0,0,0,0,0,0,0,0,0,2,0,0,0,0,0,0,0,0,0,0,0,0,0,0,0,0,0,0,0,0,0,0,2,2,0,0,0,2,0,0,2,0,0,0,0,2,0,0,0,0,2,0,0,0,0,0,2,0,0,0,0,0,0,0,0,0,0,0,0,0,0,0,0,0,0,0,0,0,0,0,0,0,0,0,0,0,0,0,0,2,0,0,0,0,2,0,0,0,0,0,0,0,0,2,0,2,0,0,2,0,0,0,0,2,2,0,0,0,0,0,0,0,0,0,2,0,0,0,0,2,0,0,0,2,0,0,0,0,2,0,0,0,0,2,0,0,0,2,0,0,0,0,0,0,0,0,0,0,0,0,2,0,0,0,0,0,0,0,0,0,0,2,2,0,2,0,0,0,0,0,0,2,0,0,0,0,0,0,0,0,0,0,0,0,0,0,0,0,0,0,2,0,0,0,2,2,0,0,0,0,0,0,0,0,0,0,0,0,2,0,0,0,0,0,0,0,2,2,0,0,0,0,0,0,0,2,0,0,2,0,0,0,2,0,2,0,0,0,0,0,2,2,2,NA,0,2,0,0,2,0,0,0,0,0,0,0,0,0,0,0,0,0,0,0,2,2,0,0,2,0,0,2,0,0,0,0,0,0,0,0,0,0,0,0,0,0,2,0,0,0,0,0,2,0,0,0,0,0,0,0,0,0,0,0,0,0,0,2,0,0,0,0,0,0,2,2,0,2,0,2,0,0,2,2,2,0,2,2,0,2,0,0,2,0,0,0,0,0,0,0,0,0,2,0,0,0,0,0,0,2,0,0,2,2,2,0,0,0,0,0,2,0,2,2,2,0,2,2,0,0,0,0,0,0,0,0,0,0,0,0,0,0,0,0,0,0,0,0,2,0,0,0,0,0,0,0,2,2,0,0,0,0,0,0,2,0,2,0,0,0,0,0,0,0,2,0,0,0,0,0,0,0,0,0,0,2,0,0,0,0,0,0,0,2,0,2,0,0,0,0,0,2,0,0,0,2,0,0,0,2,2,2,0,0,0,2,2,0,0,0,0,0,0,2,2,0,0,0,2,0,0,2,2,0,2,2,2,2,0,0,0,2,0,0,0,0,2,0,0,0,0,0,0,0,0,2,0,0,0,0,0,0,0,0,2,0,0,0,2,0,0,2,0,0,0,0,0,2,0,0,0,2,2,0,0,0,0,0,0,0,0,0,0,2,2,2,0,0,0,0,2,2,2,0,0,0,0,0,0,2,0,2,0,0,0,0,0,2,0,0,2,0,0,0,2,0,0,0,0,2,0,0,0,0,0,0,0,0,0,0,0,0,0,0,0,0,0,0,0,2,2,0,0,0,0,2,0,0,0,0,0,0,0,0,2,0,0,2,0,2,0,0,0,0,0,0,0,2,2,2,0,0,0,0,0,0,0,2,0,0,0,0,0,0,2,2,2,0,0,0,0,2,0,0,0,0,0,0,0,2,2,2,2,2,2,2,0,2,0,2,2,0,0,0,0,0,0,0,0,0,2,0,0,0,2,0,2,2,0,0,0,2,0,0,2,0,0,0,0,0,0,0,0,0,0,0,0,0,2,2,0,2,0,0,0,2,0,0,0,0,0,2,0,0,2,2,0,0,2,2,0,0,0,0,0,0,0,0,0,0,0,0,2,2,0,2,0,0,0,2,0,0,2,0,0,0,0,0,0,0,0,2,2,0,0,2,0,0,0,2,2,0,0,2,0,0,0,0,0,0,2,0,0,0,0,0,0,0,0,0,0,0,0,0,0,2,0,0,0,2,0,2,0,0,0,0,0,0,0,0,0,0,0,0,2,0,0,0,0,0,0,0,0,0,0,0,NA,0,2,2,0,0,0,0,0,2,0,0,0,2,0,0,2,0,0,NA,0,0,0,2,2,0,0,0,0,0,0,0,2,0,0,0,0,0,0,2,2,0,0,0,2,0,0,0,0,0,0,2,2,0,0,0,0,0,2,0,0,0,0,0,0,0,0,0,2,2,0,0,0,0,0,0,2,0,2,2,0,0,2,0,2,0,0,0,0,0,0,0,0,0,2,2,0,0,0,0,0,0,0,0,2,0,0,2,0,2,0,0,0,0,0,0,2,2,0,2,0,0,0,0,0,0,NA,0,0,0,0,0,0,0,2,0,0,0,0,0,0,0,0,0,0,2,2,0,0,2,0,0,0,0,0,0,0,0,2,0,0,0,2,0,0,0,0,0,2,0,0,2,0,0,0,0,2,0,0,0,2,2,0,2,0,2,0,0,0,0,0,0,0,0,0,2,0,0,0,0,2,0,2,0,0,0,0,2,2,0,0,0,0,0,0,0,0,0,2,0,0,0,2,0,0,0,0,2,0,0,0,0,0,0,0,2,0,0,0,0,0,0,0,0,0,0,0,0,0,0,0,0,0,0,0,0,2,0,2,0,2,0,0,0,0,0,0,0,0,0,2,2,0,0,0,0,0,0,2,0,0,2,0,0,0,0,0,0,0,2,0,2,2,0,0,0,0,0,0,0,0,0,0,2,0,0,0,0,0,0,0,2,0,0,2,0,2,2,0,0,0,0,2,0,0,0,0,0,0,2,0,0,0,2,0,0,0,0,0,0,0,0,0,0,2,0,2,0,0,0,0,0,0,0,0,0,0,0,0,0,0,2,0,0,0,2,0,0,0,2,0,0,2,2,2,2,0,0,0,2,0,0,0,0,0,2,2,0,0,2,0,0,0,0,0,0,0,2,0,0,0,2,2,0,0,0,0,0,0,0,0,0,0,2,0,0,2,2,0,0,0,0,0,0,0,2,0,0,0,2,0,0,0,0,0,0,0,0,0,0,0,0,0,2,2,0,0,0,0,0,0,0,0,2,0,2,0,0,0,0,2,0,0,2,0,0,0,0,0,0,0,0,0,0,2,2,0,0,2,0,0,0,0,0,0,2,0,0,2,0,2,0,0,2,0,0,0,2,2,0,0,0,0,0,0,2,0,2,2,0,0,2,2,2,2,2,0,0,2,0,0,0,0,2,2,0,0,2,2,0,0,0,0,2,0,0,0,0,0,0,0,0,0,0,0,2,0,0,0,2,0,0,0,0,2,0,0,0,2,0,0,2,0,0,0,0,0,0,0,0,0,0,0,2,0,0,0,0,0,0,0,0,2,0,0,0,0,0,2,0,2,2,0,0,0,0,0,0,2,0,2,0,2,0,0,0,2,0,0,2,2,0,2,0,0,0,0,0,0,0,0,0,0,2,2,2,0,0,2,0,2,0,0,0,2,0,0,0,0,0,0,0,0,0,2,0,2,0,0,0,0,0,0,0,0,0,0,0,0,0,0,0,0,0,0,0,0,0,0,0,0,0,0,0,2,0,0,0,0,0,0,0
"CC215",0,0,0,0,NA,0,0,2,0,0,0,2,0,0,0,0,0,0,0,0,2,0,0,0,0,0,2,0,0,2,0,0,0,0,0,0,2,0,0,0,0,2,0,0,0,0,0,0,0,0,2,0,0,0,0,2,2,0,2,0,0,0,0,0,2,2,2,0,0,0,0,0,0,0,0,0,2,0,0,0,0,0,0,0,0,0,0,2,0,0,0,0,0,0,0,2,0,2,0,0,2,2,0,0,0,0,0,0,0,2,0,0,2,0,0,0,0,0,0,0,0,0,0,0,0,2,2,0,2,0,0,0,0,0,0,0,0,0,2,2,0,0,0,0,0,0,0,2,0,2,2,0,0,0,0,2,2,2,0,0,0,0,0,0,0,0,0,2,2,2,0,0,2,0,0,2,0,2,0,0,2,0,2,0,0,0,0,0,0,2,0,2,0,0,0,NA,2,2,0,0,0,0,0,0,0,0,0,0,0,0,0,0,0,0,0,0,2,2,0,0,2,0,0,0,0,2,0,0,0,0,2,2,0,0,0,2,0,0,0,0,0,2,0,0,0,0,0,0,0,0,0,0,0,2,0,2,0,0,0,0,0,0,2,0,0,0,0,0,0,0,0,0,0,2,0,0,0,2,0,0,0,0,0,2,0,0,0,2,0,2,0,NA,2,0,0,2,0,0,2,2,0,2,0,0,2,0,2,0,2,0,0,0,0,0,0,2,0,0,2,0,0,0,0,0,0,0,0,2,2,0,0,0,0,0,0,0,0,0,2,0,0,0,0,0,0,0,0,0,2,0,0,0,0,0,0,0,0,0,0,0,0,0,0,0,0,0,0,0,0,0,2,0,2,0,0,0,0,0,2,0,0,0,0,0,0,0,0,2,0,0,0,0,0,2,2,2,2,0,2,0,0,0,0,2,2,2,2,0,0,0,0,0,0,0,0,0,2,2,0,2,0,2,0,0,0,0,0,0,0,0,0,0,2,0,0,0,0,2,0,2,0,0,0,0,2,0,0,0,0,0,0,2,0,0,2,2,0,0,2,2,0,2,0,0,2,2,0,0,0,0,2,2,2,2,0,0,0,0,0,0,0,0,2,0,0,0,0,0,0,0,0,2,0,0,0,0,0,2,0,0,0,0,0,0,0,2,0,0,0,2,0,2,0,0,0,0,0,0,0,2,0,0,0,0,2,2,2,0,0,0,0,0,0,0,0,0,2,0,0,0,2,0,0,2,0,0,0,0,0,0,0,0,0,0,0,0,2,2,0,0,0,0,0,2,0,0,0,0,0,0,0,2,0,0,2,0,0,0,2,2,2,0,0,0,0,0,2,0,0,2,0,0,0,0,0,0,0,2,0,2,0,2,0,2,2,2,2,2,0,2,0,0,0,2,0,0,0,2,0,0,0,0,0,2,2,0,0,0,2,0,0,0,0,0,0,0,0,0,0,0,0,0,0,0,0,0,0,2,2,0,0,2,0,0,0,0,0,2,2,2,0,0,0,0,0,2,2,0,2,2,0,0,0,0,0,0,0,0,2,0,0,0,0,0,0,0,0,0,0,0,2,0,0,0,2,0,0,2,2,0,0,0,0,0,0,0,0,0,2,0,0,2,0,0,0,0,2,0,0,0,0,NA,0,0,0,0,2,0,0,2,0,2,0,0,0,0,0,0,0,0,0,0,0,0,0,0,0,0,0,0,0,0,0,2,2,0,2,0,2,0,0,0,0,0,0,2,0,0,0,2,2,2,0,2,0,NA,2,0,0,0,0,0,2,0,0,0,0,0,0,2,0,0,0,0,0,2,0,0,0,2,0,0,0,0,0,2,0,0,2,0,0,0,2,0,2,0,2,0,2,2,0,0,0,0,0,2,0,0,0,0,2,0,2,0,0,0,0,0,0,0,0,0,0,0,0,0,0,2,0,0,0,2,0,0,0,0,0,0,0,0,0,0,2,0,2,0,0,0,0,0,2,2,0,0,2,0,0,0,0,0,0,2,2,2,2,2,0,0,0,2,2,0,0,0,0,0,0,0,0,2,0,0,0,0,2,0,2,0,0,0,0,2,0,2,0,0,0,2,0,2,0,2,2,2,0,0,0,2,0,0,2,2,0,2,2,0,0,0,0,0,0,2,0,0,0,2,2,0,0,0,2,0,0,0,0,0,0,0,0,0,0,0,0,2,0,0,0,0,0,2,0,0,0,0,0,0,2,0,2,2,0,2,0,0,0,0,0,0,0,0,0,2,2,0,0,0,2,0,0,0,2,0,2,0,0,0,0,0,0,0,0,0,0,0,2,2,0,0,0,0,0,0,0,0,2,0,0,0,2,0,0,0,0,0,0,0,0,0,0,0,2,0,0,0,0,0,0,0,0,0,0,2,0,2,2,2,0,2,2,0,0,0,0,0,0,0,0,2,0,0,0,0,2,0,0,2,0,0,2,0,0,0,2,0,0,0,0,2,0,0,0,0,2,0,0,2,0,0,0,0,0,0,0,0,0,0,2,2,2,2,2,2,0,0,0,0,0,2,0,2,0,0,0,2,0,2,0,0,0,0,2,0,2,0,0,0,0,0,0,0,0,2,0,0,0,0,0,0,2,2,0,0,0,0,0,0,0,0,0,2,2,2,2,0,0,0,0,0,2,0,0,0,0,0,2,0,0,0,0,0,0,0,0,0,0,0,2,0,2,0,0,0,0,0,2,0,0,0,0,0,0,0,0,0,0,0,0,0,2,0,0,0,0,0,0,0,0,0,0,0,0,0,0,0,0,0,0,2,2,0,0,2,0,0,0,0,0,0,0,0,0,0,0,0,2,0,2,0,0,0,0,0,0,2,2,0,0,0,0,0,0,0,0,0,0,2,0,0,0,0,0,0,0,0,0,0,0,0,2,0,0,2,0,NA,0,0,0,0,2,2,0,2,0,0,0,2,0,0,0,0,0,0,0,0,0,2,0,0,0,2,0,0,2,NA,0,0,0,0,0,2,0,0,2,0,0,0,0,0,0,0,0,0,0,0,0,2,0,0,0,2,0,0,0,0,0,0,0,0,0,0,0,0,0,0,2,0,0,0,0,0,0,0,0,2,0,0,0,0,2,2,2,2,0,0,2,0,2,0,0,0,0,0,0,0,0,0,0,0,0,0,0,0,0,0,2,2,0,0,2,0,0,0,0,0,0,0,0,0,0,0,0,0,2,0,2,0,0,0,0,0,0,0,0,0,0,2,2,0,2,2,0,0,0,0,2,2,0,0,0,0,0,0,2,0,0,0,0,0,2,0,0,0,0,0,2,0,0,0,0,0,0,2,0,2,2,0,0,0,0,0,0,0,0,0,0,2,2,0,0,0,0,2,0,0,0,0,0,0,0,0,0,0,0,0,0,0,0,2,0,0,0,0,0,0,0,0,2,2,0,0,0,2,0,2,0,0,0,2,0,0,2,0,2,0,0,2,0,0,2,0,0,0,0,0,0,0,0,0,2,0,0,0,0,0,2,0,0,0,0,0,0,2,0,0,0,0,0,0,0,2,0,0,0,2,2,0,0,0,0,0,0,0,2,0,0,0,0,0,2,0,0,0,2,0,2,2,0,0,0,2,0,0,0,0,0,0,0,2,0,0,0,0,0,0,0,0,0,2,0,0,2,0,0,2,0,0,0,0,0,2,0,0,0,0,0,0,2,0,0,0,0,0,0,0,0,0,0,0,0,0,0,2,0,0,0,2,2,0,0,0,0,0,0,0,0,2,0,2,0,0,0,0,0,0,0,2,0,0,0,0,2,0,0,0,0,2,0,0,0,0,0,0,0,2,0,0,0,2,0,0,0,0,2,0,0,2,0,0,0,0,2,0,0,2,0,2,0,0,0,0,0,0,0,0,2,0,0,0,2,0,2,0,0,0,0,0,2,0,0,0,0,2,2,2,0,2,0,0,0,0,0,0,2,0,2,2,0,0,0,0,0,0,0,2,2,0,0,0,0,2,0,0,2,2,0,0,0,0,0,0,0,0,2,2,2,2,0,0,2,0,0,0,2,0,2,2,0,0,2,0,0,0,0,0,0,0,0,2,0,0,0,0,2,0,0,2,0,2,0,2,0,0,0,0,0,0,0,0,0,0,2,0,0,0,0,0,0,2,2,0,0,0,0,2,2,0,0,2,0,2,0,0,2,0,0,0,2,0,0,0,0,0,0,2,0,2,0,0,2,0,0,0,0,0,2,2,0,0,2,0,0,0,0,0,0,0,0,0,2,0,0,0,0,0,0,0,0,0,0,2,0,2,2,2,0,0,0,0,0,0,2,0,0,0,2,2,0,2,0,2,0,2,0,0,2,0,0,0,0,2,0,2,0,2,0,2,0,0,2,0,0,0,0,0,0,0,2,0,0,0,2,0,2,0,0,0,2,0,2,2,0,2,0,0,0,2,0,0,0,0,2,2,0,0,0,2,0,0,0,2,0,0,0,0,0,2,0,0,0,2,0,0,0,0,2,0,0,0,2,0,2,0,0,0,0,0,0,0,0,2,2,0,0,0,0,0,2,2,0,0,2,2,0,0,0,0,0,0,0,2,0,0,0,0,0,2,0,0,0,2,0,2,0,2,0,0,NA,0,0,0,2,0,2,0,0,0,0,0,0,0,0,2,0,2,0,0,0,0,0,0,0,0,0,0,0,0,0,0,0,0,0,0,0,2,0,0,0,0,2,2,2,0,0,2,0,2,0,0,0,0,0,0,2,0,0,0,0,2,0,0,0,0,2,0,0,0,0,0,2,0,0,0,2,2,0,0,0,0,0,0,0,2,0,2,0,2,0,2,0,0,2,0,2,0,0,0,0,2,NA,0,2,0,0,2,2,0,0,0,2,0,0,0,0,0,2,2,0,0,0,0,2,2,2,0,0,2,0,0,0,0,0,0,0,0,0,0,0,2,0,0,0,2,2,0,2,2,0,0,0,0,0,0,2,0,0,0,0,0,0,0,0,0,0,2,0,0,0,0,0,0,0,0,0,0,0,2,0,0,0,2,0,0,0,0,2,2,0,2,0,2,0,2,2,0,0,2,0,0,0,0,0,0,0,0,0,0,0,0,0,0,0,0,0,0,2,0,0,2,0,2,0,0,0,0,0,0,0,0,2,0,0,0,0,0,0,0,0,2,0,2,2,2,0,2,0,2,2,0,2,0,0,2,0,2,0,0,2,0,0,0,2,2,0,0,2,2,2,0,0,2,2,0,0,2,0,0,0,0,2,0,0,2,0,0,0,0,0,0,0,0,0,0,2,0,0,0,0,0,2,0,0,0,0,0,0,0,0,0,0,0,0,0,0,2,0,2,0,0,2,0,0,0,0,0,0,0,0,0,0,0,0,0,0,0,0,0,0,2,0,0,0,0,2,0,0,0,0,0,0,0,2,0,0,0,0,0,0,0,0,0,2,0,0,0,2,2,0,0,0,0,0,0,0,0,0,0,0,0,0,0,0,0,2,0,0,0,0,0,0,0,0,0,0,2,0,0,0,0,2,0,2,0,0,0,0,0,2,0,0,0,0,0,0,0,0,0,0,2,0,0,0,0,0,2,2,2,0,0,0,0,0,0,0,0,0,0,2,0,0,0,0,0,0,0,0,0,2,0,2,2,0,0,0,0,0,0,0,0,0,0,0,0,2,0,0,0,0,0,2,0,0,0,0,0,0,0,0,0,0,0,0,2,2,0,0,0,0,0,0,0,0,0,0,0,0,2,2,0,0,0,0,0,2,0,0,0,0,0,0,0,0,0,0,0,0,0,0,2,0,0,0,2,0,2,0,0,0,0,0,0,0,0,0,0,0,0,2,0,0,0,2,2,2,0,2,0,0,0,2,0,0,0,0,0,0,0,2,0,0,0,0,2,2,0,0,0,0,0,0,0,2,0,0,0,0,0,0,0,0,2,0,0,2,0,0,0,2,2,2,0,2,0,2,2,0,0,0,2,0,0,2,2,2,0,0,0,2,0,0,0,0,0,2,0,2,0,0,0,0,0,0,2,2,2,0,2,0,2,0,2,2,0,0,0,0,2,0,0,0,0,0,0,0,0,0,0,0,2,0,2,0,2,2,0,0,0,0,0,0,2,0,0,2,0,0,0,2,2,0,2,0,0,2,2,0,0,2,2,0,0,0,2,2,0,2,2,0,0,0,0,0,0,0,0,0,0,0,0,0,0,2,0,0,0,2,2,0,0,0,0,2,2,2,2,0,0,0,0,0,0,0,0,0,0,0,0,0,0,0,2,0,0,0,0,0,2,0,0,0,0,0,2,0,0,0,0,0,0,0,0,2,0,0,2,2,0,2,2,2,0,0,2,0,0,0,2,0,0,0,0,0,2,0,2,0,0,0,0,0,2,0,0,0,2,0,0,0,2,0,0,0,0,2,2,0,0,0,0,0,0,0,0,0,0,0,0,0,0,0,0,0,0,2,0,0,2,0,2,0,2,0,2,2,2,2,0,0,0,0,0,0,2,0,2,0,0,0,0,0,0,0,2,2,0,0,2,0,2,0,0,2,0,0,0,0,2,0,0,0,0,0,0,2,0,0,0,NA,0,0,2,2,0,0,0,0,NA,2,2,0,0,0,0,2,0,0,0,0,0,0,0,0,0,0,2,0,0,0,0,0,0,0,0,0,0,0,0,2,2,0,0,0,0,0,0,0,0,0,2,2,0,2,2,2,2,2,0,2,0,0,0,0,2,0,2,0,2,0,0,0,0,0,0,0,0,0,0,0,2,2,0,0,0,0,2,0,0,0,0,2,0,0,0,0,0,0,0,2,0,0,0,2,0,2,0,2,2,0,0,0,0,0,0,2,0,0,2,2,2,0,0,0,0,0,0,0,0,2,0,0,2,0,0,0,0,2,0,0,0,0,0,0,0,0,0,0,0,0,0,0,0,0,0,0,0,2,0,0,0,0,0,0,0,0,2,0,0,2,0,0,NA,0,0,2,2,0,0,0,0,0,0,2,0,0,0,2,0,0,0,2,0,0,0,2,0,0,0,0,2,2,0,0,2,0,0,2,2,0,0,2,0,0,2,0,2,0,0,0,0,0,0,0,0,0,0,0,0,0,0,0,0,2,0,0,2,2,0,0,0,0,0,2,0,0,0,0,2,0,0,2,0,0,0,0,2,0,0,2,0,2,0,2,0,0,0,0,0,0,2,2,0,0,0,0,0,0,2,2,0,2,0,0,0,0,2,2,2,0,0,0,2,0,0,2,0,0,0,0,0,0,0,2,0,0,0,0,0,0,0,2,0,0,0,0,0,0,2,0,0,0,0,0,0,0,0,0,0,0,0,0,0,0,0,0,0,0,0,0,0,2,2,0,0,0,0,0,0,2,0,0,2,0,0,0,0,0,0,0,0,0,0,0,0,0,0,0,0,0,0,0,0,0,0,0,2,2,0,0,0,2,0,0,2,0,0,0,2,0,0,0,0,2,0,0,0,0,0,0,0,0,0,2,0,0,0,0,0,0,0,0,0,0,2,0,0,0,0,0,0,0,0,0,2,0,0,0,0,0,0,0,0,2,0,0,0,0,0,0,0,0,0,0,0,0,0,0,0,0,0,0,0,0,0,0,0,0,0,0,0,2,0,0,0,0,0,0,2,0,2,0,0,0,0,0,0,0,0,0,0,0,0,0,0,0,0,2,0,0,0,0,2,0,0,0,0,0,0,0,0,0,0,2,0,0,0,0,0,0,0,0,0,0,0,0,0,0,0,2,0,0,0,0,0,0,0,2,0,0,0,0,0,0,0,0,0,0,0,0,0,0,0,0,0,0,0,0,2,0,0,0,0,0,0,0,0,0,0,0,0,0,0,0,0,0,0,0,0,0,0,0,0,0,0,0,0,0,0,2,0,0,0,0,0,2,2,0,0,0,0,0,0,0,0,0,0,0,0,2,0,0,0,0,0,0,0,0,0,0,0,0,0,0,0,0,0,0,0,0,0,0,0,0,2,0,0,0,0,0,0,2,0,0,0,2,0,2,0,0,2,2,0,0,0,0,2,0,0,2,2,0,0,0,0,2,0,0,0,0,0,2,0,0,0,0,0,0,0,0,0,0,0,0,0,0,0,0,0,0,0,0,0,0,0,0,0,0,0,0,0,0,2,0,0,2,0,0,2,0,0,0,0,0,0,2,0,0,0,0,0,0,0,2,0,0,0,0,0,0,0,0,0,0,0,0,2,0,0,0,0,0,0,0,0,0,0,0,0,0,0,0,0,0,0,0,2,2,0,0,0,0,0,0,0,0,0,0,0,0,0,0,0,0,0,0,0,2,0,2,0,2,2,2,0,0,0,0,0,0,0,0,0,0,0,0,0,0,0,0,0,0,2,0,2,0,0,0,2,2,0,0,0,0,2,0,0,0,0,0,0,0,0,0,0,0,0,0,0,0,2,0,0,0,0,0,2,0,0,0,0,0,2,0,2,0,0,0,0,0,0,0,0,0,0,0,0,0,2,0,0,0,0,2,0,0,0,2,0,0,0,0,0,0,2,0,0,0,2,0,0,2,0,0,0,2,0,0,0,0,0,0,0,0,2,0,0,0,0,2,0,0,0,0,0,2,0,0,2,0,0,2,0,0,0,0,0,0,0,2,0,0,0,0,0,0,2,2,2,0,0,0,0,0,2,0,2,0,0,2,0,0,0,2,0,0,0,2,0,0,2,0,0,0,0,0,0,0,0,0,0,0,0,0,0,0,0,0,0,0,0,0,0,0,0,0,2,2,0,2,0,0,2,0,NA,2,0,0,2,0,0,0,2,0,0,0,0,0,0,2,0,0,0,0,0,0,0,0,0,0,0,2,2,0,2,0,0,2,0,2,0,0,2,2,0,0,2,0,0,0,2,0,0,0,2,0,2,0,0,0,2,2,2,0,0,2,0,0,0,0,0,0,0,0,0,0,0,0,0,0,0,0,0,0,2,2,0,0,2,0,0,0,0,0,0,0,2,0,0,0,2,0,0,0,0,0,2,0,2,0,0,0,0,0,0,0,0,2,0,0,2,0,2,0,2,0,2,2,0,0,0,0,0,2,0,0,0,0,2,0,2,0,0,0,2,0,0,0,0,2,0,0,0,2,2,0,0,0,0,0,0,0,0,2,2,0,0,0,0,0,0,2,0,0,2,0,0,0,0,0,0,0,0,0,0,2,0,0,0,2,0,0,0,2,0,0,0,0,0,0,0,0,0,0,0,0,0,0,2,0,0,0,0,2,2,0,2,2,0,2,2,0,0,0,0,0,2,2,0,0,2,2,2,0,0,0,0,0,0,0,0,0,0,0,2,0,2,2,0,2,0,2,0,0,0,0,0,0,0,0,0,2,0,0,0,0,0,0,2,0,0,0,0,2,2,2,2,0,0,0,0,0,0,0,2,2,0,0,2,2,2,2,2,0,0,0,2,2,0,0,0,2,0,0,0,0,2,0,0,0,0,0,0,0,0,0,0,0,0,0,0,0,0,0,0,0,0,0,2,2,2,2,0,2,0,0,0,0,0,0,0,0,0,2,2,2,2,NA,0,0,2,0,0,NA,0,0,0,0,0,0,2,0,0,0,0,0,2,0,0,0,2,0,0,2,NA,0,0,0,0,0,0,0,0,0,0,2,0,2,0,0,0,2,2,0,0,0,0,0,0,0,0,0,2,2,0,0,0,0,0,2,2,2,0,0,0,0,0,0,0,0,0,0,0,2,2,0,0,2,0,0,0,0,0,0,0,0,0,2,2,2,0,0,2,2,0,0,0,0,2,2,2,2,0,0,0,0,2,0,2,0,2,0,2,2,0,0,0,2,2,0,0,0,0,0,0,0,0,0,NA,0,0,0,2,2,0,2,2,0,0,0,0,2,0,2,0,0,0,0,2,0,0,0,0,0,0,0,0,0,0,2,0,0,0,0,2,0,0,0,0,0,0,2,0,0,0,0,0,0,2,2,0,2,0,0,0,0,0,0,0,0,2,2,0,0,2,0,2,2,0,0,0,0,0,0,2,0,0,2,0,0,2,0,0,2,2,0,2,0,0,0,2,0,0,0,0,0,0,0,0,0,0,0,0,0,0,2,0,0,0,0,2,0,0,0,0,0,0,0,0,0,0,0,0,0,2,2,0,2,0,2,0,0,0,2,0,0,0,0,0,0,2,0,0,0,0,0,2,0,0,0,0,0,0,0,0,0,0,0,0,0,0,2,0,2,0,2,0,2,0,0,0,0,0,0,0,0,0,0,0,0,0,2,0,0,0,0,0,0,0,0,0,0,0,2,0,0,0,0,0,0,0,2,0,0,0,0,0,2,0,0,0,2,0,0,0,0,2,2,0,0,2,0,0,2,0,0,0,0,0,0,0,0,0,0,0,0,0,0,0,0,0,0,2,0,0,0,0,2,0,2,0,0,0,0,0,0,2,0,0,0,0,0,2,0,2,0,0,2,0,0,0,2,0,0,0,0,0,0,0,0,2,0,2,0,0,0,0,2,0,0,2,0,0,0,0,0,0,0,0,0,0,2,2,0,2,0,2,0,0,0,2,0,0,2,2,0,0,0,2,0,0,0,2,0,0,0,2,0,0,0,0,0,2,0,2,2,0,0,0,2,0,2,0,2,2,2,0,0,0,0,0,2,0,2,0,0,2,0,2,0,0,0,0,0,2,0,2,2,0,2,0,0,0,0,2,0,0,2,2,0,2,0,0,2,2,0,2,2,0,0,0,0,0,0,2,0,0,0,0,2,0,0,0,0,0,0,0,0,0,2,0,0,2,2,0,0,0,0,0,0,0,0,0,0,0,0,0,2,0,0,0,0,2,0,0,0,0,0,2,0,2,0,0,0,2,2,2,2,0,0,0,2,0,0,0,0,0,0,0,0,0,0,0,0,2,0,0,0,0,0,0,0,0,0,0,0,0,0,0,2,0,0,0,0,0,2,0,0,2,0,0,0,2,0,0,2,2,0,0,0,0,0,2,0,0,2,0,0,0,2,0,0,0,0,2,2,2,0,0,0,2,0,0,0,2,0,2,2,2,2,2,2,0,2,2,2,2,0,2,0,0,0,0,2,2,0,0,2,2,0,0,0,0,0,0,0,0,0,2,0,0,0,0,0,0,2,0,0,0,0,0,0,2,2,0,2,0,0,0,0,0,0,0,0,0,2,0,2,0,0,0,2,0,0,0,0,0,0,2,0,0,0,0,0,0,0,2,0,0,2,0,0,0,2,2,0,0,0,2,2,2,2,0,0,0,0,0,2,0,2,0,0,0,0,0,0,0,0,0,0,0,0,0,0,0,2,0,0,0,0,2,2,0,0,0,2,0,0,2,0,0,0,0,0,0,0,2,0,0,0,0,0,2,0,2,0,0,0,0,0,2,0,2,0,0,0,0,0,0,0,0,0,2,0,0,0,0,2,0,0,2,0,0,2,0,0,0,0,0,2,0,0,0,0,0,2,0,0,2,0,0,0,NA,0,2,0,2,0,2,0,0,0,0,0,0,0,0,0,0,0,0,0,2,0,0,0,0,2,2,0,0,0,0,0,0,0,0,2,0,0,0,0,2,0,0,0,0,0,0,0,0,0,0,2,2,0,0,2,0,0,2,0,0,0,0,0,0,0,0,0,0,0,0,0,0,0,0,0,0,0,0,0,2,0,0,0,0,0,0,2,0,0,0,0,2,0,0,0,0,0,2,0,0,0,0,0,2,0,2,0,2,0,0,2,0,0,0,0
"CC217",2,2,0,0,0,0,0,0,0,0,0,0,0,0,0,2,0,0,0,2,2,0,0,0,2,0,0,0,0,0,2,2,0,0,0,2,0,0,0,0,0,0,0,2,2,0,0,2,0,0,2,2,0,2,0,0,2,0,0,0,0,0,0,2,0,0,0,0,0,2,2,0,0,0,0,0,0,0,0,2,0,0,0,0,0,0,0,2,0,0,0,2,0,0,0,2,0,0,0,0,2,2,0,0,2,2,0,0,0,0,0,0,0,0,0,0,0,0,0,0,0,0,0,2,0,2,0,0,0,0,0,0,0,0,2,0,0,0,0,0,0,0,0,2,0,0,0,2,0,0,2,0,0,0,0,0,2,0,0,0,0,0,0,0,0,0,0,0,0,0,0,0,0,0,0,0,2,0,0,2,0,0,2,0,0,0,0,0,0,2,0,0,0,0,0,0,0,0,0,0,2,0,0,0,0,0,0,0,0,0,0,0,0,2,0,0,0,0,2,0,2,0,0,0,0,0,0,0,2,0,0,0,0,2,0,0,0,NA,0,0,0,0,0,0,0,0,0,0,0,0,0,0,0,0,0,0,2,2,0,0,0,0,0,0,0,0,0,0,0,0,0,0,0,0,0,0,2,2,0,0,0,2,2,0,0,0,0,0,0,0,0,0,0,0,0,0,0,0,0,0,2,0,0,2,0,0,0,2,0,0,0,2,0,0,0,0,0,2,0,0,0,0,0,0,2,0,0,0,0,0,0,2,2,0,0,2,0,0,0,0,0,0,0,2,0,0,0,0,0,0,0,0,0,0,0,2,0,0,0,0,2,0,0,2,0,2,0,0,0,0,0,0,0,2,2,0,0,0,0,0,0,0,0,0,0,0,2,0,2,0,0,0,2,0,0,0,0,2,0,2,0,0,0,0,0,0,0,0,0,2,0,0,0,2,2,2,0,2,0,0,0,0,0,0,0,0,2,2,0,0,0,0,0,0,2,0,0,0,2,0,2,0,0,0,0,2,0,2,0,0,0,0,NA,0,0,0,2,0,0,2,2,2,0,0,0,0,0,0,0,0,2,2,0,2,0,0,2,0,0,0,0,0,0,2,0,0,0,2,0,2,0,0,0,2,2,2,0,0,0,0,0,0,2,0,0,0,0,0,2,2,0,2,2,0,0,0,2,0,0,2,0,0,0,0,0,0,0,0,0,0,0,2,0,0,0,0,0,0,0,0,0,0,2,2,0,0,0,0,0,0,2,0,2,0,0,0,2,2,0,0,2,0,0,0,0,0,0,0,0,0,0,2,0,0,2,0,0,0,0,0,0,0,0,0,0,2,0,2,2,0,0,2,0,2,2,0,0,2,0,0,0,0,0,0,0,0,0,0,0,0,0,0,0,0,0,0,0,0,0,0,0,0,0,0,NA,0,0,0,2,0,2,0,0,2,0,0,0,0,0,0,0,0,2,0,2,0,0,0,0,2,0,0,0,0,0,0,2,0,0,0,0,0,0,2,2,0,0,0,0,0,0,0,0,2,0,0,2,0,0,0,0,0,0,0,2,0,0,0,0,0,2,0,0,0,0,0,0,0,0,0,0,0,0,0,0,0,0,0,0,0,0,2,0,0,0,0,2,0,0,0,0,0,0,0,0,0,0,0,0,0,0,2,2,0,0,0,0,2,0,0,0,2,2,0,0,0,0,0,0,0,2,2,2,0,2,2,0,2,0,0,2,2,2,0,0,0,0,0,2,0,2,0,0,0,2,2,0,0,2,0,0,2,0,2,0,0,0,2,2,2,0,0,0,2,2,0,0,0,0,0,0,0,0,0,2,0,2,2,0,0,2,0,0,0,0,0,0,0,0,0,0,0,2,0,0,0,0,0,0,0,0,0,2,0,0,2,0,0,2,0,2,0,0,2,0,0,0,0,2,0,0,0,0,2,0,0,0,0,0,2,2,2,2,0,2,0,NA,2,2,2,2,0,0,0,0,0,0,0,0,0,0,0,0,0,0,0,2,0,2,2,0,0,0,0,2,0,0,0,0,0,0,0,2,0,2,2,0,0,0,0,0,0,0,0,0,2,0,0,0,2,0,0,0,0,2,0,0,0,2,0,0,0,0,0,0,0,0,0,0,0,0,0,2,2,0,0,0,0,2,0,2,2,0,2,0,0,0,0,0,0,0,0,0,0,0,0,0,0,0,0,0,2,0,0,0,0,0,2,0,0,0,0,0,0,0,0,2,2,0,0,0,0,0,0,0,0,2,2,0,0,0,2,0,0,0,0,0,2,0,0,0,0,0,0,0,0,2,2,2,2,0,0,0,2,0,0,0,0,0,0,0,0,0,0,0,0,0,0,0,NA,0,0,0,0,0,0,2,0,2,0,0,0,2,0,0,0,0,0,0,2,0,0,2,2,2,0,0,0,0,0,0,0,2,0,0,2,0,0,0,0,0,2,2,0,0,0,0,2,2,0,0,2,2,0,0,0,0,0,2,2,0,0,2,0,0,0,0,0,0,0,0,0,0,0,0,0,2,0,2,0,0,0,2,0,0,0,0,0,0,2,0,0,0,0,0,0,2,2,0,0,0,2,0,2,0,0,0,0,2,2,0,0,2,0,0,0,0,0,0,0,0,0,0,0,0,0,0,0,0,0,2,0,0,0,2,0,0,0,0,0,2,0,0,2,0,2,0,0,0,0,0,2,0,0,0,2,2,0,2,0,0,0,0,0,2,0,2,0,2,0,0,0,0,0,0,0,2,0,0,2,2,0,0,0,0,0,2,0,0,2,0,0,2,0,0,0,0,0,0,0,0,2,2,0,0,0,0,2,0,2,0,0,0,0,0,0,0,0,2,0,2,0,0,0,2,0,2,2,2,2,0,0,2,0,0,0,0,0,0,0,0,0,0,0,0,2,0,0,0,0,0,0,2,0,0,0,0,0,2,0,0,2,0,0,2,0,0,2,0,0,2,0,2,0,2,2,0,0,0,0,2,0,0,0,0,2,0,0,0,0,0,0,0,0,0,2,0,0,0,0,0,2,0,0,2,0,2,0,0,0,0,0,2,2,0,0,0,0,0,0,0,0,0,0,0,0,2,0,0,0,0,0,0,2,2,0,2,0,0,0,0,2,0,0,0,0,0,0,0,0,0,0,0,0,0,0,2,0,0,2,2,0,0,2,0,0,2,0,0,0,2,0,0,0,2,0,0,0,0,0,0,0,0,0,0,0,0,0,0,0,2,2,2,0,0,0,0,0,0,0,0,0,0,0,0,0,0,0,0,0,0,0,0,2,0,2,0,0,2,0,0,2,0,0,0,0,0,0,2,0,0,2,0,0,0,0,0,2,0,2,0,0,0,0,0,0,0,0,0,0,2,0,2,2,2,0,0,0,2,0,2,0,0,0,2,0,0,0,0,2,0,0,0,0,0,0,0,2,0,0,0,0,2,0,0,0,0,0,0,0,2,0,0,0,0,0,2,0,0,0,0,0,0,0,0,2,0,0,2,2,0,0,2,0,0,0,2,2,2,0,0,0,0,2,0,0,2,2,0,0,0,0,2,0,0,NA,0,0,0,0,0,0,2,0,0,2,0,0,0,2,0,0,0,0,2,0,0,2,0,0,0,2,2,0,0,0,0,2,0,0,NA,0,0,2,0,0,0,2,0,2,0,0,2,0,0,0,0,0,0,0,0,2,0,0,0,0,0,0,2,0,0,0,0,0,2,0,0,0,0,0,2,0,0,0,2,0,0,2,0,0,0,0,0,0,0,0,0,2,0,0,0,0,0,0,0,0,2,0,0,0,0,0,0,0,0,2,0,0,0,2,0,2,2,2,0,2,0,0,0,0,0,0,2,0,0,0,0,2,0,0,0,0,0,0,2,0,0,0,0,0,2,0,0,0,0,0,2,0,2,0,0,0,0,0,0,2,0,0,0,0,0,0,2,0,0,2,0,0,0,0,0,0,0,0,0,0,0,0,0,0,2,0,0,0,0,0,0,0,0,0,0,0,0,0,0,0,0,0,0,0,0,0,2,0,0,0,0,0,0,0,2,0,2,0,0,2,0,0,0,2,0,0,0,0,2,0,2,2,0,0,0,0,2,0,0,2,0,0,0,0,0,2,0,0,0,2,0,0,0,0,0,2,0,2,0,0,0,2,0,0,2,0,0,0,2,0,2,0,0,2,2,0,0,2,2,2,0,0,0,0,0,0,0,0,0,0,0,0,2,0,0,0,0,0,0,0,0,0,2,0,2,0,0,0,0,0,0,0,0,2,0,2,2,0,0,0,0,0,0,0,2,2,0,0,2,2,0,0,0,2,0,2,0,0,0,0,0,0,0,0,0,2,0,0,0,0,2,0,0,0,0,0,0,0,0,0,0,0,0,0,0,0,0,0,0,0,0,0,0,0,0,0,0,0,0,0,0,0,0,0,0,0,0,0,2,0,0,2,0,0,0,0,0,0,0,2,0,0,0,2,2,2,0,0,0,0,0,0,0,0,0,2,0,0,0,0,0,0,0,0,0,0,0,2,0,0,0,0,0,0,0,0,0,0,0,2,0,2,0,0,0,0,0,0,2,2,0,0,0,0,0,2,0,2,0,0,0,0,0,0,0,0,0,0,2,0,0,0,0,0,0,0,0,0,0,0,0,0,0,0,0,2,2,0,0,0,0,0,0,0,2,0,0,0,0,2,2,0,0,0,0,0,2,2,0,2,0,0,0,0,0,2,0,0,0,0,0,0,0,0,0,0,0,2,0,0,0,0,0,0,0,0,2,2,2,0,0,0,0,2,0,0,0,0,0,0,0,0,0,0,0,0,0,0,0,0,0,2,0,2,0,0,0,0,0,0,2,0,0,2,0,2,0,0,2,0,0,0,0,2,0,0,0,0,0,0,0,0,0,0,0,0,0,0,2,0,0,0,0,0,0,0,0,0,0,0,0,0,2,2,0,0,0,0,0,0,0,0,2,0,2,0,0,2,0,0,2,0,2,0,0,0,0,0,0,0,0,0,0,0,2,0,2,0,0,0,2,0,0,0,0,0,0,0,0,2,0,0,0,0,2,0,2,0,2,0,0,0,0,0,2,0,0,0,2,0,0,0,0,0,0,0,0,0,0,0,0,0,2,0,0,2,0,0,0,2,0,0,0,0,2,0,0,0,0,2,2,0,0,0,0,0,0,2,0,0,0,0,0,2,2,0,0,0,0,0,0,0,0,0,2,0,0,2,0,0,0,0,0,0,0,0,2,0,0,0,0,0,0,0,0,0,0,0,0,0,0,0,0,0,0,0,0,2,0,0,0,0,0,0,0,0,2,0,0,0,2,2,0,0,0,0,0,0,0,2,0,0,0,0,0,0,0,0,2,0,0,2,0,2,2,0,0,0,0,0,0,0,0,0,0,0,0,0,2,2,0,0,0,0,0,0,0,0,0,0,0,0,0,0,0,0,0,2,2,0,0,0,0,2,0,0,0,2,0,0,0,0,0,0,0,0,0,0,0,2,0,0,0,2,0,0,0,0,2,0,2,0,0,0,2,0,0,0,0,0,0,0,2,0,0,0,0,0,2,0,0,NA,0,0,0,0,0,0,0,0,2,0,0,2,0,0,0,0,0,0,0,0,0,2,0,0,0,0,0,0,0,0,2,0,2,0,0,0,0,0,0,0,0,0,0,0,0,0,0,0,0,0,0,0,0,0,0,0,2,0,0,2,2,0,2,0,2,0,0,2,0,0,0,0,0,0,0,0,0,0,2,2,0,0,0,0,0,0,2,0,0,0,0,0,0,0,2,0,0,0,0,2,0,0,0,0,2,0,0,0,0,0,0,2,0,0,0,0,0,0,0,0,0,0,0,2,0,0,0,0,0,0,0,2,0,0,0,0,0,0,0,0,0,0,2,2,0,2,2,0,0,0,0,0,0,0,0,0,0,0,2,0,2,0,2,0,0,2,0,2,0,2,0,0,2,2,2,0,0,0,2,0,0,0,0,0,0,0,2,0,0,0,0,0,0,2,2,2,0,0,0,2,0,2,2,0,0,0,0,0,0,0,0,2,0,0,2,0,0,0,2,0,0,2,2,2,0,0,0,0,0,0,0,0,0,0,0,0,0,0,0,0,0,0,0,0,0,0,0,0,0,0,0,2,0,2,0,0,0,0,0,0,0,0,0,0,0,0,0,0,0,0,0,0,0,0,2,2,0,0,0,0,0,0,0,0,0,0,0,2,0,2,0,0,0,0,2,0,0,0,0,0,0,0,0,2,2,0,2,2,0,0,2,2,2,2,2,0,0,0,2,2,0,0,0,0,0,0,0,0,0,0,0,2,2,0,0,0,0,2,0,0,0,2,0,0,0,0,0,0,0,0,0,0,0,0,0,0,0,0,0,2,0,2,0,0,2,0,0,0,2,0,0,0,0,2,0,0,2,0,0,0,2,0,2,2,0,2,0,0,2,0,0,0,0,0,0,0,0,0,0,0,0,0,0,0,0,0,0,0,0,0,0,0,0,0,0,0,0,2,0,0,0,0,0,0,0,0,0,0,0,0,0,0,0,0,0,2,0,0,0,0,0,0,0,0,0,2,0,0,0,0,0,0,2,0,0,0,2,0,2,2,2,0,0,0,0,0,0,0,0,0,0,0,0,0,0,0,0,0,0,0,0,0,0,0,0,0,0,0,0,2,0,0,0,0,2,0,0,0,0,0,0,0,0,0,0,0,2,0,0,0,2,0,0,0,0,0,0,0,0,0,0,0,0,0,0,0,0,2,0,0,2,0,0,0,0,0,0,0,0,2,0,0,2,0,0,0,0,0,2,0,0,0,0,0,0,0,0,2,0,0,2,0,0,0,0,0,0,0,0,0,0,0,0,0,0,0,2,0,0,0,0,0,0,0,0,0,0,0,0,0,0,0,0,0,0,2,0,0,0,0,0,0,0,0,0,2,0,0,0,0,0,0,0,0,0,0,0,0,2,2,2,0,0,0,0,0,0,0,0,0,0,0,0,2,2,0,0,0,2,0,0,0,0,2,0,0,0,0,0,2,2,0,0,0,0,2,0,2,0,0,0,0,0,2,2,0,2,0,2,0,0,0,2,0,0,0,2,2,2,2,0,0,0,2,2,0,0,0,0,0,0,2,2,0,0,0,0,0,0,2,0,0,0,0,0,2,0,2,0,0,0,0,0,0,0,0,0,2,0,0,2,0,0,2,0,2,2,0,0,0,2,0,2,2,2,0,0,0,0,2,0,2,0,2,0,2,0,0,0,0,0,2,2,0,0,0,2,2,0,0,0,2,0,0,0,0,0,2,0,0,2,0,0,2,0,0,0,0,2,2,2,2,2,2,0,2,0,0,0,2,0,0,2,2,0,0,0,0,2,2,0,NA,0,0,0,0,2,0,0,2,0,0,2,2,0,2,2,0,2,0,0,2,0,0,0,0,0,0,0,0,0,0,0,0,0,0,0,0,NA,0,0,0,2,0,2,0,0,0,0,0,0,0,0,0,0,2,0,0,0,2,2,0,0,0,0,2,0,0,0,0,0,0,0,0,0,0,0,0,0,0,0,2,0,0,0,0,0,0,0,0,0,0,0,0,0,0,0,0,0,0,0,2,2,0,0,2,0,0,2,0,0,0,0,2,0,0,0,2,NA,0,2,0,0,2,0,0,0,0,2,0,0,2,0,0,0,0,0,0,0,2,0,0,2,2,0,0,0,0,0,2,0,0,0,0,0,0,0,0,2,0,0,0,0,0,0,0,2,0,0,0,0,0,2,2,2,0,0,0,0,0,0,0,2,0,2,2,0,0,0,0,0,0,0,0,0,2,0,0,0,0,2,2,2,0,0,0,0,0,NA,0,2,0,0,0,0,2,0,0,2,0,0,0,0,0,2,2,0,0,0,0,0,0,0,0,0,0,0,2,0,2,0,0,0,2,0,0,0,0,0,0,0,0,0,0,0,0,0,0,0,0,0,0,0,2,0,0,0,0,0,2,0,0,2,0,0,0,0,0,2,0,0,0,0,0,0,0,0,0,0,0,0,0,0,0,0,0,0,0,0,0,2,0,0,0,0,0,0,0,0,0,0,0,0,0,0,0,0,0,0,0,0,0,0,0,0,0,0,0,0,0,0,0,0,0,0,0,0,0,0,0,0,0,0,0,0,0,0,0,0,0,0,0,0,0,0,0,2,0,0,0,0,0,0,0,0,2,0,2,0,0,0,0,0,0,0,0,0,0,0,0,0,0,2,0,0,0,0,0,0,0,0,0,0,2,0,0,0,0,0,0,0,0,0,0,0,0,0,0,0,0,0,2,2,0,0,0,0,0,0,0,0,0,0,0,0,0,0,0,0,0,0,0,0,0,0,0,0,0,0,0,0,0,0,0,0,0,0,0,0,0,0,2,2,0,0,0,0,0,2,0,0,2,0,0,2,2,0,0,0,0,0,0,0,0,0,0,0,0,0,0,0,0,0,0,0,0,0,0,0,0,0,0,0,0,0,0,0,0,0,0,0,0,0,0,0,0,0,0,0,0,0,2,0,2,0,0,2,0,0,0,0,0,0,0,0,2,0,0,2,0,0,0,2,0,0,0,2,0,0,0,0,0,0,2,0,0,0,0,2,0,0,2,2,2,0,0,0,2,0,0,0,0,2,2,0,2,0,0,2,0,0,0,2,0,0,0,0,0,0,2,0,0,0,0,0,2,0,0,0,0,2,0,0,2,0,0,0,0,0,0,2,0,0,0,0,0,2,0,0,0,0,0,0,0,0,0,0,2,0,2,0,0,0,0,0,0,0,0,0,0,0,0,0,0,0,0,0,0,0,0,2,0,2,0,0,0,2,0,0,0,0,0,2,0,0,0,0,0,0,2,0,0,0,2,0,0,0,0,0,2,2,2,0,0,2,2,0,0,0,0,0,0,0,0,0,0,0,0,0,0,0,0,0,2,2,0,0,2,0,0,0,0,0,0,2,2,0,0,0,0,0,0,2,0,0,0,2,2,0,0,0,0,0,0,0,0,2,0,0,0,0,2,0,2,0,2,0,0,0,0,0,0,0,0,2,0,0,2,0,0,0,0,0,2,0,2,0,0,2,0,0,0,0,0,2,0,0,0,0,0,0,0,0,0,0,0,2,0,2,0,0,2,2,0,0,0,0,0,0,0,0,2,2,2,0,0,0,0,0,0,0,0,0,0,0,2,0,2,0,0,2,2,0,0,0,2,0,2,0,0,0,0,0,0,0,0,0,0,0,0,0,0,0,2,0,2,0,0,0,0,0,0,2,0,0,0,0,0,0,0,0,0,2,0,2,0,0,0,0,0,0,2,0,0,0,0,0,0,0,0,2,0,0,0,0,0,0,0,2,0,0,0,0,0,2,0,0,0,2,0,0,0,0,0,2,0,2,0,0,0,0,2,0,2,0,0,2,0,0,0,2,0,0,0,2,0,2,0,0,0,0,0,0,0,0,0,0,0,0,2,0,0,0,0,0,0,0,0,0,0,2,0,0,0,0,0,0,0,2,0,0,0,0,0,0,0,0,0,0,0,0,0,2,0,0,0,0,0,0,2,2,2,0,0,0,0,0,0,0,0,2,0,0,2,0,0,0,0,2,0,2,0,0,2,0,0,0,0,0,2,0,0,0,0,0,0,0,0,0,0,2,0,2,0,0,0,0,0,2,0,0,0,0,0,0,2,0,0,0,0,2,0,0,0,0,0,2,0,2,0,0,0,2,0,0,0,2,0,0,0,0,2,0,2,2,2,2,0,0,0,0,0,0,2,2,2,0,0,0,0,2,0,0,0,0,0,0,0,2,0,2,2,2,2,0,0,2,0,2,0,0,0,0,0,0,0,0,2,0,2,0,0,0,0,0,0,0,0,0,0,0,0,0,2,0,0,0,2,2,0,0,0,0,2,0,0,0,2,2,0,0,0,0,0,0,0,0,2,2,0,2,0,0,0,2,0,0,0,0,0,2,0,0,0,0,2,0,2,0,0,0,2,2,0,2,0,0,0,2,0,0,0,0,2,0,2,0,0,0,0,2,2,0,0,2,0,2,0,2,NA,0,0,2,0,0,0,0,0,0,2,0,0,0,0,0,0,0,0,0,0,0,0,0,0,2,2,0,0,0,0,2,0,0,0,0,0,0,0,0,2,0,0,0,2,0,0,0,0,0,0,0,0,0,2,0,0,2,2,2,0,0,0,2,0,0,2,0,0,2,0,0,2,0,0,0,0,2,0,0,2,0,0,2,0,2,0,0,2,0,2,2,0,0,0,0,0,0,0,0,0,2,0,2,2,2,0,2,0,0,0,2,0,0,0,0,2,0,0,0,0,0,0,0,0,0,0,2,0,2,2,0,2,0,0,0,0,2,2,2,2,2,0,0,0,0,0,0,0,2,2,0,2,0,2,0,2,2,0,2,0,0,2,2,0,0,0,0,0,0,0,0,0,2,2,2,2,0,0,0,0,0,0,2,0,0,0,0,0,0,0,2,2,0,0,0,0,0,0,0,0,0,0,0,0,0,0,2,0,0,2,2,2,0,0,0,0,2,2,0,2,0,2,0,0,0,0,2,0,0,0,2,2,0,2,2,0,2,0,2,0,2,0,2,0,0,0,0,2,0,0,2,0,0,0,0,0,2,2,0,0,0,0,2,2,0,0,0,2,2,0,0,0,0,2,0,0,0,0,0,0,0,0,0,2,0,0,2,0,0,0,2,2,0,0,0,0,0,0,0,0,0,0,0,0,0,0,0,0,0,0,0,2,0,0,0,2,0,0,0,0,0,0,0,0,0,2,0,0,0,0,0,0,0,2,0,0,2,0,0,0,0,0,0,0,0,0,0,2,0,0,0,0,2,0,0,0,0,0,0,0,0,2,0,0,0,0,0,0,0,0,0,0,2,0,0,0,0,2,0,0,2,0,0,0,0,0,0,0,0,0,0,0,0,0,0,0,0,0,0,0,0,0,0,0,2,0,0,0,0,0,0,0,0,0,0,0,2,0,0,0,0,0,0,0,0,0,2,2,0,0,0,0,0,0,0,0,0,0,0,0,2,2,0,0,2,0,0,0,0,0,0,0,2,0,0,0,2,0,0,0,0,0,0,0,0,0,0,0,2,0,0,0,2,0,0,0,0,0,0,0,2,0,0,0,0,0,0,0,0,0,2,0,0,0,0,0,0,0,2,0,0,0,0,0,0,2,0,0,0,0,2,0,2,0,0,2,0,2,2,0,0,0,0,0,0,2,2,0,0,0,0,0,2,0,0,0,0,0,2,2,0,2,0,0,0,0,0,0,2,0,0,0,0,0,0,0,0,0,0,2,2,0,2,0,2,2,2,2,0,0,2,0,2,0,0,2,0,0,0,0,0,0,2,2,0,0,2,0,2,0,2,0,0,0,0,2,0,0,2,2,2,0,0,0,0,0,0,2,0,2,2,0,0,0,2,0,0,0,0,0,0,0,0,0,0,2,0,0,2,0,0,2,0,0,0,0,0,2,0,0,0,0,0,0,0,2,2,2,2,2,0,2,0,0,0,0,0,2,0,0,0,0,NA,2,0,2,0,0,2,0,0,0,0,0,0,0,0,0,2,2,0,0,2,2,2,0,0,0,0,2,0,0,0,0,0,0,2,0,0,2,0,0,0,0,0,0,0,0,2,0,0,2,0,2,0,0,0,0,0,0,2,0,0,0,0,0,0,0,0,2,0,2,0,0,0,2,2
"CC218",2,2,0,0,0,0,0,0,0,0,0,0,0,0,0,2,0,0,0,0,2,0,0,0,2,0,2,0,0,2,2,2,0,0,0,2,0,0,0,0,0,0,2,2,2,0,0,0,0,0,0,2,0,2,0,0,0,0,0,0,0,0,0,2,0,2,0,2,0,2,2,0,0,0,0,0,NA,2,0,2,0,0,0,0,0,2,0,0,0,0,0,0,0,0,0,2,0,0,0,0,0,0,0,2,0,0,0,0,0,2,0,2,2,2,0,0,0,0,0,2,0,0,0,0,0,0,2,0,0,0,2,0,0,0,0,0,0,0,0,0,0,0,0,0,0,0,0,2,2,0,0,0,0,2,0,0,0,2,0,2,0,2,0,0,NA,0,2,0,0,0,0,NA,0,0,2,0,2,2,2,2,2,0,0,0,2,0,0,0,0,2,0,0,2,0,0,NA,2,0,2,0,2,0,0,0,0,0,0,2,0,0,0,0,0,2,0,2,0,0,2,0,2,0,0,0,0,0,0,2,2,0,0,0,2,2,0,0,0,0,0,0,0,0,0,0,0,0,0,0,0,2,0,0,0,0,0,0,0,2,2,0,0,0,0,0,0,0,2,0,0,0,2,0,0,0,0,0,0,0,0,0,0,0,0,2,0,0,0,0,0,2,0,0,0,0,0,2,0,2,2,2,0,0,0,0,2,0,0,2,0,2,0,2,0,2,2,2,0,0,0,0,2,0,0,0,2,0,2,0,0,0,NA,0,0,0,0,2,0,0,2,0,0,0,0,2,0,0,0,0,2,0,NA,0,0,0,2,0,0,0,2,0,2,0,0,0,0,2,0,0,0,2,0,0,2,0,0,0,0,0,2,0,0,0,0,2,0,0,2,0,0,0,0,2,2,0,0,0,NA,2,2,0,0,0,0,0,2,0,2,0,0,0,0,2,0,0,0,2,0,2,0,0,0,0,2,0,0,0,2,0,0,0,2,0,0,0,2,2,2,0,2,2,2,0,2,2,0,0,0,0,2,0,0,2,NA,2,0,0,0,0,0,0,0,0,0,0,2,0,0,0,0,0,0,0,0,0,0,0,0,2,0,0,0,0,0,0,0,2,0,0,2,2,0,2,2,0,0,0,0,2,0,2,0,0,0,0,0,0,0,0,0,NA,0,2,0,2,0,0,0,0,0,0,2,0,2,0,0,0,0,0,0,0,0,0,0,0,0,0,0,0,0,0,2,0,2,2,2,0,0,2,0,0,2,0,2,2,0,0,0,2,0,2,2,0,0,0,2,0,2,0,0,0,0,2,0,0,0,0,2,0,0,0,2,2,0,0,0,0,0,0,0,0,0,NA,2,0,2,0,0,2,0,0,0,0,0,0,0,0,2,0,0,0,0,2,2,0,0,0,0,0,2,0,0,0,0,0,0,2,0,0,2,0,2,0,0,2,0,0,0,0,0,2,0,0,2,0,0,0,2,0,0,0,0,0,0,0,2,0,2,0,0,0,2,0,0,2,2,0,0,0,0,0,0,0,0,2,2,0,0,0,0,0,0,0,0,0,0,0,0,0,0,0,0,0,0,0,0,2,0,2,0,2,0,2,0,0,0,2,2,0,0,0,0,0,0,0,2,2,0,0,2,0,0,0,0,0,0,0,0,0,0,0,2,2,0,0,0,0,0,0,0,0,0,0,0,0,0,0,0,0,2,0,0,0,0,0,0,0,0,0,0,0,2,0,0,0,0,0,0,0,0,0,0,0,0,0,0,0,0,0,2,0,0,2,0,0,0,0,0,0,0,0,2,0,0,0,2,2,2,0,0,0,0,0,0,2,0,2,0,2,2,0,0,0,0,0,0,0,0,0,2,0,0,0,0,2,0,2,0,0,0,0,2,2,0,0,0,0,0,0,0,0,0,0,0,0,0,0,2,0,2,0,0,0,0,0,0,0,0,0,2,0,0,0,0,0,2,0,NA,0,0,0,0,0,2,0,2,0,0,0,0,0,0,0,2,2,2,0,0,0,0,0,0,0,0,0,0,0,0,0,0,0,0,0,0,0,0,2,0,0,2,2,0,0,0,2,0,0,0,0,0,0,0,0,0,0,2,2,0,0,2,0,0,0,0,0,0,2,0,0,0,0,0,0,0,0,0,2,0,0,0,2,2,0,0,0,0,0,0,0,0,0,0,0,0,0,0,2,0,0,2,0,0,0,0,2,0,0,0,0,2,2,0,0,0,0,0,0,0,2,0,2,2,0,0,0,0,0,0,0,0,0,0,0,0,0,2,0,0,0,0,0,0,2,2,0,0,0,0,2,2,0,0,0,0,2,2,0,0,0,0,2,2,0,0,0,2,0,0,0,0,NA,0,0,0,0,0,0,2,0,0,0,0,2,0,2,2,0,0,2,2,2,0,2,2,2,2,0,0,2,0,0,0,0,2,0,0,2,0,0,0,0,0,2,0,0,0,0,0,2,2,0,0,2,2,0,0,2,0,0,2,2,0,2,2,2,0,0,0,0,0,0,2,0,2,0,0,0,0,2,0,2,0,0,2,0,0,0,0,0,0,0,0,0,0,2,0,2,0,0,0,0,0,2,0,2,2,0,0,0,2,2,0,0,0,0,2,0,0,0,0,0,0,0,0,2,0,0,0,0,0,0,0,0,0,0,2,2,0,2,0,0,0,2,0,0,0,0,0,0,0,2,NA,0,0,0,2,0,0,0,0,0,0,0,2,0,0,0,0,0,0,0,0,0,0,2,0,0,0,0,0,0,0,0,0,0,0,2,0,2,0,0,0,0,2,2,0,2,0,2,0,0,0,2,2,0,0,2,0,0,0,0,0,2,0,0,0,0,0,0,0,0,0,0,0,0,2,0,0,2,0,0,2,0,0,0,0,0,2,0,0,2,2,0,0,2,2,0,0,2,0,0,2,0,0,0,0,0,2,2,0,0,0,0,0,0,0,0,0,0,0,0,0,0,2,0,0,0,0,0,0,0,0,2,2,0,2,0,0,2,0,0,0,0,0,0,0,2,0,2,0,2,0,0,0,0,0,0,0,0,0,0,0,2,0,0,0,0,0,0,0,0,2,2,2,0,0,0,0,0,0,2,2,0,0,0,2,0,0,0,0,0,0,0,0,0,0,0,0,0,0,2,0,0,0,0,0,0,0,0,0,0,0,0,0,0,0,0,0,0,0,0,0,0,0,2,2,0,2,0,0,0,0,0,0,0,0,0,0,0,0,0,0,0,2,0,0,0,0,0,0,0,0,0,0,0,0,0,2,0,0,0,0,0,0,0,0,2,2,0,2,2,0,0,0,0,0,2,0,0,0,0,0,0,0,2,0,2,0,0,0,0,2,0,0,0,2,0,2,0,0,0,0,0,2,0,2,0,0,0,2,0,0,0,0,0,2,0,0,0,0,0,0,0,0,0,0,0,0,2,0,0,2,0,2,0,0,0,0,0,0,0,0,0,0,0,0,0,0,0,0,0,0,0,0,0,0,0,2,0,0,2,0,0,0,0,2,0,0,0,2,0,0,2,0,NA,0,0,0,0,2,0,2,0,2,0,2,0,0,0,0,0,0,0,0,0,2,0,0,0,0,2,0,0,0,2,0,0,0,0,0,0,0,2,0,2,0,0,2,0,0,0,0,0,0,0,0,0,0,0,0,0,0,2,0,0,2,2,2,0,0,0,0,0,2,0,0,0,0,0,0,0,0,2,2,0,2,2,2,0,0,2,0,2,2,0,0,2,0,2,0,0,0,0,0,0,0,2,2,2,0,0,0,2,0,0,0,0,2,0,2,0,2,0,0,2,0,0,0,2,0,0,0,0,2,0,0,0,0,0,2,0,0,0,0,0,0,2,2,2,0,0,2,0,0,0,2,0,2,0,2,0,0,0,0,0,0,0,2,0,0,0,0,0,2,0,0,2,2,0,0,0,0,0,0,0,0,2,0,0,0,0,0,0,0,0,0,0,0,2,0,0,0,0,NA,NA,0,0,2,0,0,0,0,0,2,NA,0,0,0,0,0,0,0,0,2,0,2,2,0,0,2,0,2,0,2,2,0,2,0,0,0,2,0,0,0,0,2,0,2,0,2,0,2,0,2,2,0,0,0,0,0,0,0,0,0,0,0,2,0,2,2,0,0,0,0,2,0,0,0,0,0,2,0,0,0,0,2,0,0,0,0,0,2,0,0,2,0,2,2,0,2,0,0,0,NA,0,0,2,0,0,2,0,0,2,0,0,0,0,0,0,0,2,2,0,0,0,0,0,0,0,2,0,0,2,2,2,2,0,0,0,0,2,0,0,0,0,2,2,0,0,0,0,2,0,0,0,2,0,0,2,0,2,0,2,2,0,2,2,0,0,0,0,0,0,2,0,0,0,2,0,0,0,0,0,2,0,0,0,2,0,0,2,0,0,0,0,0,0,0,0,0,0,0,0,0,0,0,0,0,0,0,2,0,0,0,0,0,0,0,0,0,0,0,0,0,0,2,0,0,0,0,0,2,0,0,0,0,0,0,0,0,0,0,2,0,0,0,2,0,0,2,0,0,0,2,0,0,0,0,0,0,2,0,0,0,0,0,0,0,0,0,0,0,2,0,0,2,0,0,0,0,0,0,2,0,0,2,0,0,2,0,0,0,0,0,0,0,0,2,0,0,0,0,0,0,0,0,0,0,0,0,0,0,0,0,2,0,0,0,2,0,0,2,0,0,0,0,0,2,0,0,0,0,0,0,0,0,0,0,2,0,2,0,0,0,0,0,0,0,0,2,0,0,2,0,0,0,0,2,0,0,0,0,0,0,2,0,2,0,0,0,0,0,0,0,0,2,0,2,0,2,0,0,0,0,2,2,0,0,0,0,0,0,0,0,0,0,2,0,0,0,0,0,0,2,0,0,0,0,0,0,0,0,0,0,2,0,0,0,0,0,0,0,0,2,0,0,0,0,0,2,2,0,0,2,0,0,2,0,0,2,0,0,0,0,2,2,0,0,2,0,0,0,0,2,0,0,2,0,0,0,2,0,0,0,0,2,2,0,0,0,2,0,0,0,0,0,2,2,0,0,0,0,0,0,2,0,0,0,0,2,2,NA,2,0,0,0,0,2,0,0,0,0,0,0,0,0,0,2,0,0,0,0,2,0,0,0,0,0,0,0,0,2,0,0,0,0,0,0,2,0,0,0,0,0,0,0,0,0,0,0,0,0,0,0,0,2,0,0,0,0,2,0,0,0,0,2,0,2,2,0,2,0,0,0,0,0,2,0,0,0,2,0,0,0,0,0,0,0,0,0,0,0,0,2,0,0,0,0,0,0,0,0,0,0,0,0,0,0,0,0,0,0,0,0,0,0,0,0,0,0,0,0,0,0,2,0,0,0,0,0,2,2,2,0,0,0,0,0,0,2,0,0,0,0,2,0,2,2,0,0,0,2,0,0,2,0,0,0,0,0,0,0,0,0,2,0,0,0,2,2,0,2,0,0,2,0,2,0,0,0,0,0,0,0,0,0,0,0,0,0,2,0,0,0,0,0,2,0,0,0,0,0,2,0,0,0,0,0,0,2,0,2,0,0,0,0,0,2,0,0,0,0,0,0,0,2,0,2,0,0,0,0,0,0,0,0,0,0,0,0,2,0,0,0,0,0,0,0,0,2,0,0,0,0,0,0,0,0,0,0,0,0,0,0,0,0,0,0,0,0,0,0,0,0,0,0,0,0,0,0,0,0,0,2,0,0,0,0,2,0,0,0,0,0,0,2,0,0,2,0,0,0,0,0,0,0,0,0,0,0,0,0,0,0,0,0,0,2,0,0,0,2,0,0,0,0,0,0,0,2,2,0,2,0,0,2,0,2,0,2,0,0,0,0,0,0,0,0,2,0,0,0,0,0,0,0,0,0,0,0,0,2,2,0,0,2,0,0,0,0,0,0,0,2,0,2,2,0,0,0,0,2,2,0,0,0,0,2,2,0,0,2,0,0,0,0,2,2,0,2,2,0,0,0,0,0,0,0,0,0,0,0,0,0,0,0,0,0,0,0,0,0,0,0,0,0,0,0,0,0,0,0,0,2,0,0,0,0,0,0,0,2,2,0,0,0,2,0,2,0,0,0,0,0,0,0,0,0,0,2,2,0,0,0,0,0,0,0,0,0,0,0,2,0,0,0,2,2,2,0,0,0,0,0,0,2,0,2,0,0,0,0,0,0,2,0,0,0,2,0,2,0,0,2,0,0,0,0,0,0,0,0,0,0,0,0,2,0,0,0,0,0,2,0,0,0,0,2,0,0,0,0,0,2,0,2,0,2,2,0,2,0,2,0,0,0,0,0,2,0,2,2,0,0,2,0,0,0,2,0,0,0,0,0,2,0,2,0,0,0,0,0,0,2,0,0,0,0,0,0,2,0,2,0,0,0,0,0,0,2,2,2,0,0,0,0,2,0,0,2,2,2,2,0,2,0,0,0,2,0,0,0,0,2,0,2,0,0,0,0,2,0,0,0,0,2,0,0,0,0,0,0,0,0,0,0,2,0,0,0,2,0,0,0,2,0,0,2,2,0,0,0,0,0,0,0,0,0,0,0,0,0,0,0,2,2,0,0,0,0,0,2,2,0,0,2,0,0,0,2,2,0,2,0,0,2,2,0,2,2,0,0,0,0,0,0,0,2,0,0,0,0,0,2,0,0,0,0,2,2,2,0,0,2,0,0,0,0,2,0,0,0,2,0,0,0,0,2,0,0,0,0,0,0,0,0,0,0,0,0,0,0,0,0,0,0,0,0,0,2,0,2,0,0,0,2,2,0,0,0,0,0,2,0,0,0,0,0,2,0,0,2,2,0,2,2,2,0,0,0,0,0,0,0,0,0,2,0,0,2,0,2,0,2,0,2,0,0,0,0,0,0,0,0,0,0,2,0,0,0,0,0,2,2,2,0,0,0,0,0,0,2,0,0,0,2,0,0,0,0,0,0,0,0,0,0,0,0,0,0,0,0,0,0,0,0,0,0,0,0,0,0,0,2,2,2,0,0,0,0,0,2,0,2,0,0,0,0,2,0,2,0,0,0,0,2,0,2,0,0,0,0,0,0,2,0,0,0,0,0,0,0,0,0,0,0,0,0,0,2,2,2,0,0,0,0,2,2,2,0,0,0,2,0,0,2,0,0,0,0,0,0,0,0,0,0,0,2,0,0,0,2,0,0,0,0,0,0,0,2,0,2,0,0,2,2,2,0,0,2,0,0,2,2,0,0,0,0,0,0,0,2,2,0,0,0,0,2,2,0,0,0,0,0,0,0,0,0,0,0,0,0,0,0,0,0,0,0,0,0,2,0,0,0,2,0,0,0,0,0,0,0,0,2,0,0,0,0,2,0,0,0,0,0,2,0,2,0,0,0,0,0,0,0,0,0,0,0,2,0,2,0,0,0,0,0,0,0,2,0,0,0,0,0,0,0,0,0,0,0,0,0,0,2,0,0,0,0,0,0,0,2,0,0,0,0,0,0,0,0,0,2,0,0,0,0,0,0,0,2,0,2,0,0,2,2,0,2,0,0,2,0,2,0,0,0,0,0,0,0,0,2,2,0,2,0,2,0,0,0,0,0,0,0,0,0,0,0,0,0,0,0,0,0,0,0,0,0,0,2,0,0,0,0,0,0,0,0,2,0,2,0,0,0,0,2,0,0,0,0,0,0,0,0,0,0,0,0,0,0,0,0,0,0,0,0,0,0,0,0,0,0,0,0,0,0,0,0,0,0,0,0,2,0,0,0,0,0,0,0,0,0,0,0,0,0,2,2,0,0,2,0,0,2,0,0,0,0,2,2,0,0,2,2,0,0,0,0,2,0,0,0,2,2,0,0,0,0,0,2,0,0,2,2,2,0,0,2,0,0,0,2,0,0,0,0,2,0,0,0,0,2,0,0,0,0,0,0,0,0,0,0,0,0,2,2,0,0,0,0,0,0,0,0,0,0,0,0,0,0,0,0,0,0,0,0,0,0,2,0,0,2,0,2,0,0,0,2,0,0,0,2,0,0,0,2,0,0,2,0,0,0,0,0,0,0,0,0,0,2,0,0,0,0,0,0,0,2,0,0,0,0,0,0,2,0,2,0,0,0,0,0,0,0,0,0,0,0,0,0,0,0,0,0,0,0,0,0,0,2,0,0,0,0,0,0,0,0,0,0,0,0,0,0,0,2,0,0,0,0,0,0,0,0,0,0,2,2,0,0,0,0,0,0,0,0,0,0,0,0,0,2,0,0,2,NA,0,0,0,0,0,0,2,0,0,0,0,0,0,0,0,0,2,0,0,0,0,0,0,0,0,2,0,0,0,0,0,0,2,2,2,0,0,0,0,2,0,0,0,0,0,0,0,0,0,0,2,0,0,0,0,0,2,0,0,0,0,0,0,0,0,0,0,0,0,2,0,0,2,0,0,0,0,0,2,0,0,0,0,0,0,0,0,0,0,0,2,0,0,0,0,0,0,0,0,0,0,0,0,0,0,2,0,0,0,0,0,2,2,0,0,0,2,2,0,0,2,0,0,0,0,0,2,0,0,0,2,0,0,0,0,0,0,0,0,0,0,2,0,0,0,2,0,2,0,0,2,2,0,0,0,0,0,0,0,2,0,2,0,0,0,2,0,0,0,0,0,0,0,0,0,0,0,0,0,0,0,0,0,0,2,0,0,2,2,0,2,0,0,0,0,0,0,2,0,0,0,0,0,2,0,0,0,0,0,0,0,0,0,2,0,0,0,0,0,2,0,2,0,0,2,0,0,2,0,0,2,2,2,0,0,0,0,0,0,2,0,0,0,0,0,0,0,0,0,0,0,0,2,0,0,0,0,0,0,0,0,0,0,0,0,2,0,2,0,0,2,0,0,0,2,0,0,0,0,0,0,0,0,0,0,0,0,0,2,0,0,0,0,2,0,2,2,0,0,2,2,0,0,0,2,2,0,0,0,0,2,2,0,2,0,0,0,0,0,0,0,0,0,0,0,0,0,2,0,0,2,0,0,0,0,0,0,0,0,2,0,0,2,2,0,2,0,0,2,2,0,0,0,0,0,0,0,2,2,0,0,2,2,2,0,0,0,0,2,2,2,0,2,0,0,0,0,2,0,0,2,2,0,0,2,0,0,0,0,0,0,2,0,0,2,2,0,0,0,0,0,0,0,0,0,2,0,0,0,2,2,0,0,0,0,0,0,0,0,0,0,2,2,0,0,0,0,0,0,0,2,0,0,0,0,0,0,0,2,0,0,2,0,0,0,0,2,0,0,0,0,0,0,0,0,0,0,2,2,0,0,0,2,0,0,2,0,0,0,0,0,2,0,0,2,0,2,2,0,0,2,0,0,0,0,0,0,0,0,2,2,0,0,0,0,2,2,0,0,0,0,0,0,0,0,0,0,0,0,0,0,0,0,0,2,0,0,0,0,2,0,0,0,2,0,0,0,0,0,0,0,0,0,0,0,0,0,0,0,0,0,0,2,0,0,0,0,0,0,0,0,0,0,2,0,0,0,0,0,0,0,2,0,0,0,0,0,0,0,0,0,0,0,0,0,0,0,0,0,0,0,0,0,2,2,2,0,0,2,0,0,0,0,2,2,0,0,0,0,0,0,0,0,0,2,0,0,0,2,0,0,0,0,0,0,0,0,0,0,0,0,0,0,0,0,0,0,0,0,0,2,0,2,0,0,2,0,2,2,0,0,0,0,0,2,0,0,0,0,2,0,2,0,2,0,0,0,0,0,2,0,2,0,0,2,0,0,0,0,2,2,2,2,0,0,0,0,2,2,0,0,0,0,2,2,0,0,0,0,0,2,2,0,0,2,2,2,0,0,2,0,2,0,0,0,0,0,0,0,0,2,0,2,0,0,0,0,0,0,2,0,0,0,0,0,0,0,2,0,0,0,0,0,0,0,0,2,0,0,0,0,2,0,2,0,0,0,2,0,0,0,2,0,2,0,0,2,0,0,0,0,2,0,2,0,0,0,0,0,0,0,2,0,2,0,0,0,0,0,0,0,0,0,0,0,0,0,2,0,NA,0,0,0,0,0,0,0,0,0,0,0,0,0,0,0,2,0,2,0,0,2,0,0,0,0,0,0,0,0,0,0,0,0,0,0,0,0,2,0,0,0,0,0,0,0,0,0,0,0,0,2,0,2,0,0,0,2,0,0,0,2,0,2,2,0,0,2,0,0,2,2,2,0,0,2,0,0,0,0,2,2,2,0,0,2,2,0,0,0,0,0,0,2,2,0,0,0,0,0,2,2,0,0,NA,2,0,0,2,0,2,0,0,2,2,2,0,2,0,2,2,0,0,0,0,0,0,0,0,2,0,2,0,0,2,0,0,0,0,0,0,2,2,2,0,2,2,2,2,2,2,0,0,2,2,0,2,0,2,2,0,0,0,0,0,0,0,0,0,2,0,2,0,0,0,2,0,0,0,0,0,0,0,0,2,0,2,2,2,0,0,0,2,2,0,0,2,0,0,0,2,0,0,0,2,0,0,2,2,2,0,0,2,2,0,2,0,0,2,0,0,0,0,2,0,0,0,0,0,0,0,2,0,2,0,0,0,2,0,0,0,0,0,0,0,0,0,0,0,2,2,0,0,2,0,0,0,0,2,0,0,0,0,0,0,0,0,0,NA,0,2,2,0,2,0,0,0,0,2,0,0,2,0,0,0,2,2,0,0,0,0,2,0,0,0,2,2,2,0,2,2,2,0,0,2,0,0,0,0,0,2,2,2,2,0,0,0,0,0,0,0,0,0,2,0,0,0,2,0,0,2,0,0,0,0,0,0,0,0,0,0,2,0,0,0,2,0,0,2,0,0,0,0,0,0,0,0,0,2,0,2,2,2,0,2,0,2,0,2,0,0,0,2,0,2,0,0,0,0,0,2,2,0,2,0,2,2,0,0,0,0,2,0,0,2,0,0,2,2,0,0,0,0,0,0,0,0,0,0,0,0,0,0,0,0,2,0,0,0,0,0,0,0,0,0,0,0,0,0,0,0,2,0,0,0,0,0,0,0,2,0,0,0,2,0,0,0,0,2,0,0,0,0,0,2,2,2,0,2,0,0,0,0,0,0,0,2,0,0,0,2,0,0,2,0,0,0,0,2,0,0,0,0,0,0,0,0,0,0,0,0,0,0,2,2,0,0,0,0,2,0,0,0,2,2,2,0,0,0,0,0,0,0,0,2,0,0,2,0,0,0,0,0,0,2,0,0,2,0,0,0,2,2,0,0,0,0,0,0,0,2,0,0,0,0,0,0,0,0,0,2,0,0,2,2,0,0,0,0,0,0,0,0,0,0,0,0,0,0,2,0,2,0,0,0,0,0,0,0,2,0,0,0,0,0,2,0,0,0,0,0,0,0,0,0,0,0,0,0,0,0,0,0,0,0,0,2,0,0,0,0,0,0,2,2,0,2,0,2,0,0,2,0,0,2,0,0,0,0,0,2,0,0,0,0,0,0,0,0,0,0,2,2,0,0,2,0,0,0,0,0,0,0,0,0,2,0,0,0,2,2,0,2,2,0,2,0,0,0,0,0,0,0,0,0,0,NA,0,2,2,0,0,2,0,0,0,2,0,0,0,2,2,2,2,0,0,2,2,0,0,0,0,0,2,0,0,2,0,0,0,2,0,0,2,0,0,0,0,0,2,0,0,0,0,0,0,0,0,0,0,0,0,2,0,0,0,0,0,0,0,0,NA,0,2,0,0,0,0,0,2,2
"CC219",0,0,0,0,2,0,0,0,0,0,0,0,0,0,0,0,0,0,0,0,0,0,2,0,0,0,0,0,0,0,0,0,0,2,0,0,0,0,0,2,0,0,0,0,0,0,0,0,0,0,0,0,0,0,0,0,0,0,0,0,0,0,0,0,2,0,0,0,0,0,0,0,2,0,0,0,2,2,0,0,2,0,0,0,0,0,0,0,0,0,2,0,0,0,0,2,0,0,0,0,2,2,2,2,0,0,0,0,0,2,0,2,2,0,0,0,2,0,0,0,0,0,0,0,0,2,2,0,2,0,0,0,0,0,0,0,0,0,2,0,0,0,2,0,2,0,0,2,0,0,2,0,0,0,0,0,0,0,0,0,0,0,0,0,0,0,0,NA,2,0,0,0,2,0,0,2,0,2,2,0,0,0,2,0,2,2,0,0,0,0,0,0,2,0,0,0,0,0,0,0,NA,0,0,0,0,0,0,0,2,0,2,0,0,0,0,2,0,0,0,2,2,0,2,0,0,0,0,2,0,2,2,0,0,0,0,2,0,0,0,0,2,0,0,0,0,2,0,0,0,2,0,0,0,0,0,0,2,2,0,0,0,0,0,0,2,0,0,0,0,0,0,0,0,2,0,0,0,0,0,0,0,0,2,0,0,0,0,0,0,0,0,0,0,0,0,2,0,2,2,2,0,2,2,0,2,0,0,2,0,0,0,0,0,0,0,0,0,0,2,0,0,0,2,0,0,0,0,0,0,0,0,2,2,0,0,2,0,0,0,0,0,0,0,2,0,0,0,0,2,0,0,0,0,2,0,0,0,0,0,0,0,0,0,0,0,0,0,0,0,0,0,0,0,0,0,0,0,0,2,0,0,0,0,0,0,0,0,2,0,0,0,0,0,2,2,2,2,0,0,0,0,0,0,0,2,0,2,0,0,0,0,0,0,0,0,2,2,0,0,2,0,0,0,0,0,0,0,0,2,2,0,0,0,0,0,0,0,2,0,2,0,0,0,0,0,0,0,0,0,0,0,2,0,0,0,0,0,2,0,0,0,0,0,0,0,0,0,0,0,0,0,0,0,0,0,0,0,2,0,0,0,0,0,0,0,2,0,0,2,0,2,0,0,0,0,0,0,0,0,2,0,0,0,0,0,0,0,0,2,0,0,0,0,0,0,0,0,0,0,0,2,0,0,0,0,0,0,0,0,2,0,0,0,2,0,0,2,0,0,0,0,0,0,2,0,2,2,0,0,0,0,0,0,0,0,0,0,0,2,0,0,2,0,2,0,0,0,0,0,0,0,0,0,0,0,0,0,0,2,2,0,2,0,0,0,0,0,0,0,2,2,2,0,0,0,2,0,2,0,2,0,0,0,2,2,2,2,0,0,0,0,0,0,0,0,0,0,0,0,0,2,0,0,0,2,0,0,0,2,0,0,0,0,0,0,0,0,0,0,2,0,2,0,0,0,0,0,0,0,2,0,0,0,0,0,0,2,0,0,0,0,2,0,0,0,0,2,0,0,0,2,0,2,0,0,0,0,2,0,0,0,2,0,0,0,0,0,0,0,0,0,2,0,0,2,0,0,2,2,0,0,0,0,NA,2,0,0,2,2,0,0,2,0,2,0,2,0,0,0,2,2,0,0,0,0,0,0,0,0,2,0,2,0,0,0,2,2,0,0,0,0,0,0,2,0,2,0,0,2,0,0,2,0,0,0,0,0,0,0,0,0,0,0,0,0,0,2,0,0,2,0,2,0,0,2,2,2,0,2,2,2,2,2,2,0,0,0,0,0,0,2,2,0,0,0,0,0,0,2,0,0,0,0,0,2,0,2,2,0,0,0,0,0,0,0,0,2,0,0,2,2,0,2,0,0,0,2,2,0,0,0,0,0,0,NA,2,0,2,0,0,2,0,2,0,0,0,0,2,0,0,0,0,0,0,0,0,0,0,2,0,2,2,2,0,2,0,0,0,0,0,0,0,2,0,2,0,0,0,2,0,0,2,0,0,0,0,0,0,2,2,0,2,0,0,2,0,2,0,2,0,0,0,0,0,0,0,0,2,0,0,0,0,NA,0,0,NA,0,0,0,0,2,NA,0,2,0,0,0,0,0,0,2,2,2,2,2,0,0,2,0,0,2,2,0,NA,0,0,0,0,0,0,0,0,2,0,0,0,2,0,2,0,0,2,2,0,0,0,0,2,0,0,2,0,0,0,0,0,0,2,0,0,0,0,0,0,2,0,2,0,0,0,2,0,0,0,0,2,2,0,0,0,0,2,0,0,0,0,0,0,0,0,0,2,NA,2,2,0,0,0,0,2,0,0,2,0,0,0,0,0,0,0,0,0,0,2,0,0,0,0,0,0,2,2,0,0,2,0,0,0,2,0,2,2,0,2,0,0,0,0,0,0,0,0,0,0,0,0,0,2,0,2,2,0,0,2,0,0,0,0,0,0,2,0,0,2,0,2,2,0,0,0,0,0,0,0,0,0,0,0,0,0,0,0,0,0,0,2,0,2,0,0,0,0,0,0,2,0,0,0,0,2,0,0,0,0,2,0,0,0,0,0,2,0,2,2,0,0,0,0,0,0,0,2,0,0,0,2,0,0,0,0,0,0,0,0,0,0,0,0,0,2,2,2,2,0,0,2,0,0,0,2,0,0,0,0,0,2,0,0,0,2,0,0,0,0,0,2,0,2,0,0,0,2,0,0,2,2,2,0,0,2,2,2,0,0,0,0,0,0,0,0,2,0,0,0,0,0,0,0,0,2,2,0,0,0,0,0,2,0,0,2,0,0,2,0,2,0,0,0,0,0,2,2,0,0,0,0,0,0,0,0,0,0,0,0,2,2,0,0,0,2,0,0,0,0,2,0,0,0,0,NA,0,0,2,0,0,0,0,0,0,0,0,0,2,0,2,2,0,0,2,2,0,0,0,0,0,2,0,2,2,0,2,0,0,0,0,0,2,0,2,2,0,0,0,0,0,0,2,0,0,0,0,0,0,0,0,0,2,0,2,2,0,0,2,2,0,0,0,0,0,0,0,2,0,2,NA,0,0,0,0,0,2,0,2,0,0,0,0,0,0,0,0,0,0,2,0,0,0,2,2,0,0,2,0,0,0,0,0,0,0,0,0,0,0,0,0,0,0,0,0,0,0,0,2,2,2,0,0,2,0,0,0,0,0,0,0,0,2,0,0,2,0,0,0,0,0,0,0,0,0,0,0,0,0,0,0,0,0,0,2,0,0,0,0,0,0,0,0,0,0,0,0,0,0,0,0,0,0,0,2,0,0,0,0,2,0,0,0,0,0,0,0,0,0,0,0,0,0,0,2,2,0,0,0,0,2,0,0,0,2,0,0,0,0,0,0,0,0,2,0,2,0,0,0,0,0,0,2,2,0,0,0,0,2,0,0,0,0,0,0,0,0,0,2,2,0,0,0,0,0,0,2,0,2,2,0,0,0,0,2,0,0,0,0,0,2,0,0,0,0,0,2,0,2,0,0,0,0,0,0,0,0,0,0,0,0,2,2,0,0,2,2,0,0,2,2,0,0,2,0,2,0,0,2,0,0,0,0,0,2,0,2,0,0,0,2,2,0,0,0,2,0,2,0,0,2,0,0,2,0,0,0,0,0,0,0,0,0,2,0,0,0,0,2,0,0,0,0,0,0,0,0,0,2,0,2,2,2,0,0,0,0,0,2,0,2,0,0,2,0,2,0,0,0,2,2,0,0,0,0,0,0,0,0,0,0,0,0,2,0,0,0,2,0,2,2,0,0,0,0,0,0,0,0,0,0,0,0,0,0,2,0,0,0,0,0,2,0,0,0,2,0,0,2,2,NA,0,2,0,0,0,2,0,2,0,0,0,0,2,0,0,0,0,0,0,0,0,0,0,0,2,2,0,0,0,0,0,2,0,0,0,0,0,0,0,0,2,0,0,0,0,0,0,0,0,2,2,0,0,0,0,2,0,0,0,0,0,0,0,0,2,0,0,0,0,2,2,NA,2,0,0,0,0,0,0,0,0,0,0,0,0,0,0,0,2,0,0,0,0,0,0,0,0,0,0,0,0,0,0,0,2,0,0,0,0,0,2,0,0,0,0,2,0,0,0,2,0,0,0,NA,0,2,0,0,0,0,2,2,0,0,0,0,0,0,2,0,0,0,0,0,0,2,2,0,2,0,0,2,0,0,0,0,2,NA,2,0,0,0,2,0,2,0,0,0,2,0,0,0,0,2,0,2,0,0,0,0,0,0,2,0,0,2,0,0,0,0,0,0,0,0,0,0,0,0,2,2,0,2,0,0,0,0,0,0,0,0,0,2,0,0,0,2,0,0,0,0,0,0,2,0,0,0,2,2,2,0,0,0,0,0,0,0,0,2,2,0,0,2,2,0,0,0,2,0,2,0,0,0,0,0,0,2,2,2,2,2,0,0,2,0,0,0,0,0,0,0,0,0,0,0,0,2,0,2,0,0,2,0,0,0,0,0,0,0,0,0,0,0,0,2,0,0,0,0,0,0,2,0,0,0,2,0,2,0,0,0,0,0,0,2,0,0,0,0,0,0,0,0,0,0,0,0,0,0,0,0,0,0,2,0,0,0,0,0,2,0,0,0,0,0,0,0,2,0,2,0,2,0,0,0,0,0,0,0,0,2,0,0,0,0,2,2,0,0,0,0,2,0,2,0,0,0,0,0,0,2,0,0,0,0,0,2,0,0,0,0,0,2,0,0,2,0,0,2,2,0,0,0,2,0,2,0,0,2,0,0,0,2,0,2,0,0,2,0,0,0,2,2,0,2,0,2,0,0,2,0,0,0,2,0,0,2,0,0,2,0,0,0,0,0,0,0,0,2,0,0,0,0,0,0,0,0,2,2,0,0,0,2,0,0,2,0,2,0,2,2,2,0,0,0,0,0,0,0,0,0,0,0,0,0,0,2,0,0,0,2,0,0,2,0,2,2,0,2,0,0,0,2,0,0,2,0,0,0,0,0,0,0,0,0,2,0,0,0,0,0,0,0,2,0,2,0,0,0,2,0,0,NA,2,0,0,0,2,2,0,0,0,0,2,0,0,2,0,2,0,0,2,0,0,0,0,0,2,0,0,0,0,0,0,0,0,0,2,0,2,0,0,0,2,2,2,0,0,0,0,2,0,0,0,0,0,2,0,0,2,0,0,0,0,0,0,0,0,0,0,0,0,0,2,2,0,0,2,0,0,2,0,0,0,0,0,0,0,0,0,2,0,0,0,2,0,0,0,0,0,0,0,0,0,0,0,0,0,0,0,2,0,0,0,0,0,0,0,0,0,0,0,0,0,0,0,0,0,0,2,2,0,0,0,0,0,0,0,2,0,0,0,0,2,2,0,0,0,2,0,0,0,0,2,0,0,2,0,2,0,0,0,0,0,0,0,0,0,2,0,0,2,0,2,0,0,0,0,2,2,2,2,0,0,0,0,0,0,0,0,0,2,0,0,0,0,0,0,0,0,0,0,0,2,0,0,0,0,2,2,2,2,0,2,2,0,0,0,0,0,2,0,0,0,0,0,0,0,0,0,0,2,0,0,0,0,0,0,2,2,2,0,0,NA,0,2,0,2,0,0,0,2,2,0,0,2,0,2,0,2,2,0,0,0,0,2,0,0,0,0,0,0,0,0,0,0,0,0,0,2,0,2,0,0,0,0,0,0,0,2,0,0,0,0,0,0,0,2,0,0,0,0,2,2,0,0,0,2,2,0,0,2,2,0,0,0,0,0,0,0,0,0,0,2,0,0,0,0,0,0,0,0,2,2,0,2,0,0,2,0,0,2,2,0,0,0,0,0,0,0,0,0,2,0,0,0,0,2,0,2,2,0,0,0,2,0,0,0,0,2,0,2,2,0,0,0,0,2,2,0,2,2,0,0,0,0,0,2,0,0,0,0,0,0,0,2,0,0,0,0,0,2,2,2,0,0,0,0,2,0,0,2,2,0,0,0,2,0,0,0,0,0,2,0,0,2,0,2,0,2,0,2,2,2,0,0,2,2,0,0,2,2,0,2,0,0,NA,0,0,0,0,0,0,0,0,0,0,0,2,0,0,2,0,2,0,0,2,2,0,0,0,0,0,0,0,2,2,0,2,0,0,0,0,0,0,2,0,0,2,0,0,0,0,0,0,0,0,2,2,0,0,2,0,0,0,0,0,0,0,0,2,0,0,0,0,0,0,0,0,2,0,0,0,0,0,0,0,0,2,0,0,0,0,0,0,0,0,0,0,0,0,0,0,2,2,2,0,0,0,0,0,2,0,0,2,2,0,0,0,2,2,2,2,0,0,0,0,0,2,0,0,2,2,0,0,0,NA,0,0,0,2,2,0,0,0,0,2,2,2,0,0,0,2,0,2,0,2,0,0,0,0,0,0,0,0,2,0,0,0,2,0,0,0,0,2,2,0,0,0,0,0,2,0,0,0,0,0,0,0,2,0,0,0,0,0,0,2,0,2,0,0,0,0,0,2,0,2,2,2,2,0,0,2,2,2,0,2,2,0,0,0,2,0,0,0,0,2,0,0,0,0,0,0,0,0,0,0,0,0,2,0,2,0,0,0,0,0,2,2,2,2,0,2,0,0,0,2,0,0,0,2,0,2,2,0,2,0,2,NA,0,0,2,2,0,0,2,0,0,0,2,0,2,0,2,2,0,0,2,2,2,0,0,0,0,2,0,0,0,0,0,0,0,2,0,0,0,0,0,0,0,0,0,2,0,0,0,0,0,0,0,2,0,0,0,0,0,2,0,0,0,0,0,0,0,2,0,0,0,0,2,0,2,2,2,0,0,0,0,2,0,2,2,0,0,0,2,0,0,2,2,0,0,0,0,0,2,0,0,0,2,0,0,0,0,2,0,2,0,0,0,0,0,0,0,0,0,2,2,0,2,0,0,2,0,0,0,0,0,2,0,0,0,0,2,0,0,0,0,0,2,0,0,0,0,2,0,2,0,0,0,2,0,2,2,0,2,2,2,2,2,2,0,0,2,2,0,0,2,0,0,0,2,0,2,2,0,0,2,0,2,0,0,0,2,2,2,0,0,0,2,0,0,2,0,0,0,0,0,0,0,0,0,0,2,0,0,2,0,0,0,2,0,0,0,0,2,2,0,0,0,2,0,0,0,0,2,0,0,0,0,0,0,0,0,2,0,0,0,0,0,2,0,0,2,0,0,0,2,0,2,0,2,0,0,2,2,0,0,0,0,0,2,0,0,0,2,2,2,2,0,0,0,0,0,0,0,0,2,0,0,0,0,0,0,0,0,0,0,0,0,0,2,0,0,0,0,0,0,0,0,0,2,0,0,0,0,0,0,0,2,0,0,0,0,2,2,0,2,0,0,2,2,0,2,0,2,0,0,0,2,2,0,0,0,0,0,0,2,0,2,2,2,0,0,2,0,0,0,0,2,2,2,0,0,0,0,2,0,2,0,0,0,NA,2,0,2,0,2,2,0,0,2,0,0,2,0,2,2,2,0,0,2,2,0,2,0,0,0,0,0,0,0,0,0,2,0,0,0,0,0,0,0,0,0,2,0,0,0,0,0,0,0,0,0,2,0,0,0,0,0,0,0,0,2,2,2,2,0,2,0,0,0,0,0,0,0,0,0,0,0,0,0,2,2,0,0,0,2,0,0,0,0,2,0,0,0,0,0,0,0,2,0,2,0,0,2,0,2,0,0,0,0,0,0,0,0,2,0,0,0,0,0,0,0,0,0,0,0,0,0,2,0,2,0,0,0,0,2,0,0,0,2,0,0,0,0,0,0,0,2,0,2,0,0,2,0,0,0,0,0,2,0,0,0,2,0,0,2,0,0,2,0,0,0,0,0,0,0,0,0,0,0,0,0,0,2,0,2,2,2,0,2,2,0,0,0,0,0,0,0,0,0,0,0,0,2,2,2,0,2,0,0,0,0,2,2,0,0,0,0,0,0,0,2,2,0,0,0,0,0,0,0,0,0,0,0,2,0,0,0,0,0,0,0,0,0,0,0,2,0,0,0,0,0,0,0,0,0,0,0,0,0,0,0,0,0,0,0,0,0,0,0,0,0,2,0,0,0,0,0,0,0,0,0,0,0,0,0,0,0,0,0,0,0,0,0,0,0,0,0,0,0,0,0,0,0,0,0,0,0,0,0,0,0,0,0,0,0,0,0,0,0,2,0,2,0,0,0,0,0,0,0,2,0,0,0,0,2,2,0,0,2,0,0,0,0,0,0,0,2,0,0,2,2,0,0,2,0,0,2,2,0,0,0,0,0,0,2,0,0,0,0,0,0,0,0,0,0,0,0,0,0,0,0,0,0,0,0,0,0,0,0,0,0,0,2,0,0,0,0,2,0,2,0,0,0,0,0,0,0,0,0,0,0,0,2,0,0,0,0,0,0,0,0,0,0,0,0,0,0,0,0,0,2,0,0,0,0,0,2,2,0,2,0,2,0,0,2,0,0,0,2,0,0,0,0,0,2,0,0,0,0,0,0,0,2,0,0,0,2,0,0,0,0,2,0,0,0,0,0,0,0,0,0,0,2,0,0,0,0,2,0,0,0,0,0,0,0,2,0,0,0,2,0,0,0,0,0,2,0,0,2,0,0,2,0,0,0,0,0,2,0,2,0,0,2,2,0,0,0,0,2,2,0,0,2,2,2,0,2,0,2,2,0,0,2,2,0,0,0,2,0,2,2,0,0,0,0,0,0,0,2,0,2,2,0,0,0,2,0,0,0,0,0,2,0,0,0,0,2,0,0,0,2,0,0,0,2,0,0,2,0,0,0,0,2,0,0,0,0,0,0,2,0,NA,0,0,0,2,0,0,0,0,0,2,0,0,2,0,0,2,0,0,0,0,0,2,0,0,0,0,0,2,0,0,0,0,0,0,2,0,0,0,2,2,2,2,0,2,0,0,0,0,0,0,2,0,0,2,0,0,0,0,0,0,0,0,0,0,0,0,0,0,0,0,0,0,0,2,2,0,0,0,0,0,0,0,0,0,0,0,2,0,0,0,0,0,0,0,0,2,2,0,0,0,0,0,0,0,2,0,0,0,0,0,0,2,0,0,2,0,2,0,0,0,0,0,0,0,0,0,0,0,0,0,0,0,0,0,0,0,0,0,2,0,0,0,0,0,0,0,0,0,0,0,2,2,0,0,0,0,0,0,0,0,0,2,0,0,0,0,0,0,2,2,2,0,0,2,2,2,0,0,0,0,0,2,0,2,0,0,2,0,2,2,2,0,0,0,0,0,0,2,0,0,0,0,2,0,0,0,0,0,0,2,0,0,2,0,0,0,0,2,0,0,0,0,2,2,0,2,0,0,2,0,2,0,0,0,0,0,0,0,0,0,0,2,0,0,2,0,0,0,0,2,0,2,2,0,0,0,2,0,0,0,0,0,0,0,0,0,0,2,2,0,0,0,0,0,0,0,0,0,0,0,0,0,0,0,0,0,0,2,0,0,0,2,0,0,0,0,0,2,2,0,0,2,0,0,0,2,0,2,0,0,0,0,2,0,2,2,0,0,0,0,0,2,2,2,0,2,2,2,2,0,0,2,0,0,0,0,0,2,0,0,0,0,0,0,0,2,0,0,0,2,0,2,0,0,0,0,0,0,0,2,0,0,0,2,0,0,2,2,2,0,2,0,0,2,0,2,0,0,2,0,2,2,0,2,0,2,0,0,0,2,2,2,2,0,0,0,0,2,0,2,0,0,0,0,2,2,2,0,0,0,2,0,2,0,0,2,0,0,0,2,0,0,2,0,0,2,2,2,2,0,2,2,0,0,0,0,0,0,2,0,0,2,0,0,0,2,0,0,2,0,2,0,0,2,0,0,0,0,2,2,0,0,0,0,0,0,0,2,0,0,2,0,2,0,0,0,NA,2,0,2,0,2,2,0,0,0,0,0,2,2,0,0,0,2,0,0,2,0,0,2,0,2,0,0,2,0,0,0,0,2,0,0,0,0,0,0,2,0,0,0,0,0,0,0,0,2,0,0,0,0,0,2,0,2,2,2,0,0,0,0,2,0,0,2,0,2,0,0,0,0,0,2,0,2,0,0,0,NA,NA,2,0,0,2,2,2,2,2,0,0,0,2,0,0,0,0,0,0,0,0,0,2,0,0,0,0,0,0,0,0,0,0,0,2,0,2,2,0,0,0,0,2,0,0,2,0,0,2,0,0,0,2,2,0,2,0,0,0,0,0,0,0,2,0,0,0,2,NA,0,2,0,2,0,2,2,0,0,2,0,0,2,0,0,0,0,0,2,0,2,0,0,0,2,0,2,NA,2,0,2,0,0,0,0,0,2,0,0,0,0,2,0,2,0,0,2,0,0,0,0,0,0,0,0,0,0,0,2,0,2,2,0,0,0,0,0,0,0,0,2,0,2,0,2,2,0,0,0,0,2,0,0,0,0,0,0,2,2,0,0,0,2,2,0,0,0,0,0,0,0,0,2,2,2,0,2,0,0,0,0,0,0,0,0,2,2,0,2,0,0,0,2,2,0,0,0,0,2,0,0,0,0,0,0,0,0,2,0,0,0,0,0,0,0,0,2,0,0,0,0,2,0,2,0,2,0,0,0,2,0,2,0,2,2,0,0,0,0,0,2,0,2,0,2,2,0,0,0,0,0,0,0,0,0,0,0,0,0,2,2,0,0,0,0,0,0,0,0,0,0,2,2,0,0,2,0,0,0,0,0,0,0,0,2,0,0,0,0,2,2,2,2,0,0,0,0,2,0,0,0,0,2,0,0,0,0,0,0,0,0,0,0,0,2,0,0,0,0,0,0,0,0,2,2,0,0,0,0,0,0,0,0,2,2,2,0,0,0,0,2,0,0,0,2,0,0,0,0,0,0,0,0,0,0,2,0,0,0,0,0,2,NA,0,0,0,0,0,0,0,2,0,0,0,0,2,0,0,0,2,0,0,0,0,2,2,0,2,0,0,2,0,2,0,0,0,0,0,0,0,0,0,0,0,2,2,2,0,0,0,0,2,2,0,0,2,2,0,0,0,0,0,0,0,2,0,0,2,0,0,0,2,2,2,0,2,2,2,0,0,0,0,2,0,2,0,0,0,0,2,2,0,0,0,0,2,2,0,2,2,0,0,0,0,0,0,2,0,0,0,0,0,0,2,2,2,0,0,0,0,0,0,0,0,0,0,0,0,2,0,0,0,2,0,2,0,0,0,0,0,0,2,0,0,0,0,0,2,0,2,2,0,0,2,2,0,0,0,0,2,0,0,0,0,0,0,0,0,2,0,0,0,2,2,0,0,0,0,0,0,0,0,0,0,0,0,0,0,0,2,0,2,0,0,0,0,2,0,2,2,0,2,0,0,0,0,2,0,0,0,0,0,0,2,0,0,0,2,0,2,NA,0,0,0,0,0,0,0,0,0,0,0,0,0,0,2,0,0,0,0,0,0,0,0,2,0,0,0,0,0,0,0,0,0,0,2,0,2,0,2,0,0,0,0,0,2,0,0,0,2,0,0,0,0,0,0,0,0,0,0,0,2,0,2,0,0,0,0,0,2,0,0,0,0,0,0,0,0,0,0,0,0,0,2,0,0,0,0,0,0,0,0,0,0,2,0,0,0,0,NA,0,0,0,0,0,0,0,0,0,0,0,0,0,2,0,0,0,0,0,0,0,0,0,0,0,0,2,0,0,2,0,0,0,0,0,0,0,0,2,0,2,0,0,0,0,0,0,2,0,2,0,0,0,2,0,0,0,0,0
"CC22",2,0,0,0,0,0,0,0,0,0,2,0,0,0,0,2,0,0,0,0,0,0,2,2,0,0,0,0,0,2,2,0,0,0,0,2,0,0,0,0,0,0,0,2,2,0,0,0,0,0,0,2,0,2,0,2,0,0,0,0,0,2,2,2,0,2,0,0,0,2,0,2,2,2,0,0,2,0,0,0,0,0,0,0,0,2,0,0,0,0,0,2,0,0,0,0,0,0,2,2,0,0,0,2,0,2,0,0,0,2,2,2,2,0,0,0,0,0,0,2,0,0,0,0,0,0,0,2,2,0,0,0,0,2,2,0,0,0,0,0,0,0,0,0,0,0,2,0,0,2,2,2,2,0,2,2,0,0,2,0,2,0,0,2,2,0,0,0,0,0,0,2,0,0,0,0,0,2,2,0,2,0,0,0,2,0,0,2,0,2,0,2,2,0,2,0,0,2,0,0,2,0,0,0,0,0,0,0,0,0,0,0,0,0,0,2,2,0,2,0,0,0,0,0,0,2,0,2,0,0,2,0,2,0,0,2,0,0,0,0,0,0,0,0,0,0,2,0,0,0,0,0,0,0,0,0,0,0,0,0,2,0,0,0,2,0,0,2,2,0,0,0,0,0,2,0,0,0,0,0,2,0,0,0,0,0,0,2,0,0,0,2,2,0,0,0,0,0,0,0,0,0,0,0,0,0,2,0,2,0,0,2,0,0,0,0,0,0,2,2,0,0,0,0,0,0,0,0,0,0,0,2,2,0,0,2,0,0,0,0,0,2,0,2,0,0,0,0,2,0,2,0,0,2,0,2,0,0,0,0,0,0,0,2,0,0,0,0,0,0,0,0,2,0,0,0,0,0,2,0,0,0,0,0,0,0,0,0,0,0,0,0,2,0,0,0,0,2,2,0,0,0,0,2,2,2,2,0,0,2,0,0,0,0,0,2,0,0,0,0,0,2,0,0,0,0,2,0,2,0,0,0,0,2,0,0,0,2,2,2,0,0,0,0,0,0,0,0,0,2,0,2,NA,0,2,2,0,0,0,2,0,0,2,2,0,0,0,2,0,0,0,2,2,0,0,2,0,0,0,0,0,0,0,0,2,0,2,0,0,2,0,0,0,0,0,0,0,0,0,0,0,0,0,0,2,0,0,0,2,2,0,2,0,0,2,0,0,0,0,0,2,0,0,0,0,0,0,2,0,0,0,0,0,0,0,2,0,2,0,2,0,0,2,0,0,0,2,2,0,2,0,2,2,2,0,0,0,0,0,2,2,2,0,0,2,0,2,0,2,2,0,0,0,0,0,0,0,0,2,2,0,2,0,0,0,2,0,0,0,0,0,0,0,0,0,0,2,0,0,0,2,0,0,2,0,0,2,2,2,0,2,0,0,0,0,0,2,0,0,0,0,0,0,0,0,0,0,0,2,0,2,0,0,2,0,0,0,0,0,0,0,0,0,0,0,0,0,0,0,0,2,0,0,0,2,0,0,0,2,0,0,0,0,2,2,0,2,0,0,2,0,0,0,0,0,0,2,0,0,0,0,0,0,0,2,0,0,0,0,0,2,0,0,0,0,0,2,2,2,2,0,2,0,0,0,0,2,0,2,0,0,0,0,0,0,2,0,0,2,0,0,0,0,2,0,0,0,0,0,0,2,0,2,2,0,0,0,2,0,0,0,0,0,0,0,0,2,2,0,0,0,0,2,2,0,0,2,0,2,0,2,0,2,0,0,2,0,0,2,0,0,0,0,2,0,0,0,0,0,0,0,0,0,0,0,0,0,2,2,0,2,0,0,0,0,2,0,0,0,0,0,0,0,2,0,2,0,2,2,2,0,0,0,0,0,0,0,0,2,0,0,0,0,0,0,2,0,0,0,0,0,0,0,0,0,0,0,0,0,0,2,0,0,0,0,0,0,0,0,0,0,0,0,0,2,0,0,0,0,0,2,0,0,0,0,0,0,0,0,0,0,2,0,0,2,0,0,0,0,0,0,0,0,0,0,2,0,0,0,0,0,0,0,0,0,0,2,0,0,0,0,0,2,0,0,0,0,2,0,0,0,0,0,0,0,0,0,0,0,0,2,2,2,2,0,2,0,0,0,0,0,0,0,0,2,0,0,0,0,2,0,0,0,0,0,0,0,0,2,0,2,2,2,0,0,0,2,0,0,0,0,0,0,0,2,0,0,0,0,2,0,0,0,0,0,0,0,0,0,0,0,0,0,0,2,0,2,0,0,0,2,0,0,2,0,0,2,0,0,0,0,0,2,0,0,0,2,2,2,0,0,2,0,2,0,2,0,0,0,0,2,0,0,0,NA,0,0,0,0,0,0,0,0,0,2,0,2,0,0,0,0,0,0,0,0,0,0,2,0,2,0,0,0,0,0,0,2,2,0,0,0,0,0,2,0,0,0,0,2,0,0,0,2,0,0,0,2,2,0,0,0,0,2,0,0,2,0,2,0,0,0,2,0,0,0,2,0,0,0,0,0,0,2,0,0,0,0,0,0,0,0,0,0,0,0,0,0,0,0,0,0,0,0,0,0,0,0,2,0,2,0,0,2,0,0,0,0,0,0,0,0,0,0,0,0,0,0,0,0,0,0,0,2,0,2,0,0,2,2,0,0,0,0,2,2,0,0,2,0,0,0,0,2,0,0,2,0,0,0,0,0,0,0,0,0,0,0,0,0,0,0,0,0,0,0,2,0,0,0,0,0,0,0,2,0,2,0,0,0,0,0,0,0,0,NA,0,0,2,0,0,0,0,0,0,0,0,0,0,0,0,0,2,0,0,0,0,0,0,0,0,0,2,2,0,2,0,2,2,0,2,0,0,0,0,0,0,0,0,0,0,0,0,0,0,2,0,0,0,0,0,0,2,0,0,2,2,0,0,0,0,0,2,0,0,2,0,NA,0,0,0,0,0,0,0,0,0,0,0,0,0,0,0,0,0,0,0,0,0,0,0,0,0,0,0,0,0,0,2,2,0,0,0,2,0,2,0,0,0,0,0,0,2,0,0,0,2,0,0,0,2,0,0,0,2,0,0,0,0,0,0,0,2,0,0,0,0,0,2,0,0,2,2,2,2,0,0,0,0,0,0,NA,2,0,0,2,0,0,0,0,0,0,0,0,0,2,0,0,0,0,2,0,0,0,0,0,0,0,0,0,2,0,0,0,0,0,0,0,2,0,0,2,0,0,0,2,0,0,0,0,0,0,0,0,0,0,0,2,2,0,0,0,0,2,0,0,2,0,0,0,0,0,2,0,0,0,0,0,0,0,2,0,0,2,0,2,0,0,0,0,2,0,0,0,0,0,2,0,0,0,0,0,0,2,0,2,2,0,2,2,2,0,0,0,0,2,0,0,0,0,0,2,0,0,0,0,0,0,0,2,0,2,0,0,0,2,0,0,0,0,0,0,0,0,0,0,2,0,0,0,0,0,0,2,0,0,0,2,0,0,0,0,2,0,0,0,0,2,0,0,2,0,0,0,0,0,2,0,0,0,0,2,0,0,0,0,0,0,0,0,0,0,0,0,0,0,2,0,0,2,0,2,0,0,0,0,0,0,0,0,0,0,0,0,2,0,0,0,0,0,0,0,0,0,0,0,0,0,0,0,0,2,2,0,0,0,0,0,0,0,0,0,0,0,0,0,0,0,0,0,0,0,0,0,0,0,0,0,0,0,0,0,2,2,0,0,0,0,0,0,0,0,0,0,0,2,2,2,0,0,0,0,0,0,2,0,2,0,0,0,0,0,0,0,0,2,0,0,0,0,0,0,2,2,2,0,2,0,2,2,0,0,0,0,0,0,2,0,0,0,0,2,0,0,0,0,0,2,0,2,0,0,0,0,0,2,2,0,2,2,0,2,0,0,0,2,2,2,0,0,2,0,0,2,0,0,0,2,0,0,2,0,2,0,0,NA,0,0,0,0,0,0,2,0,0,2,2,0,2,2,0,0,0,0,0,0,0,2,0,2,2,0,2,0,0,0,0,0,0,0,0,0,0,0,0,0,0,0,0,0,2,0,0,0,0,0,0,0,0,2,0,0,0,0,0,0,0,2,2,2,0,0,0,0,0,0,2,0,0,0,0,0,0,0,0,0,0,0,0,2,2,0,0,0,0,0,0,0,2,0,0,0,2,0,2,2,0,0,2,0,0,2,0,0,2,0,0,0,0,0,0,0,0,0,0,2,0,0,0,2,0,0,0,2,0,0,0,2,0,2,0,0,2,0,0,0,0,0,0,0,0,2,2,0,0,0,0,0,0,0,0,0,0,0,2,0,2,0,2,2,0,0,0,0,0,0,0,0,0,0,2,0,2,0,0,0,0,0,0,2,0,0,0,0,0,0,0,2,0,0,0,2,0,0,0,2,0,0,0,0,0,0,0,0,0,0,0,0,0,0,2,0,0,0,0,0,0,0,0,2,0,0,0,0,0,2,0,0,0,0,0,0,0,0,0,0,0,0,2,0,0,0,0,0,0,0,0,0,0,2,0,0,0,0,0,0,0,0,0,0,2,2,0,NA,0,0,0,0,0,0,0,0,0,0,2,0,0,0,0,0,0,0,0,0,0,0,0,0,0,0,0,0,2,0,0,0,0,0,0,0,0,0,2,0,0,2,0,0,2,0,0,0,0,0,0,0,2,0,0,0,0,2,2,0,0,2,0,2,0,2,0,0,0,0,0,0,0,0,0,NA,2,2,0,0,0,0,0,0,0,0,0,0,0,2,0,0,0,0,2,0,0,0,0,0,0,0,0,0,0,2,0,0,0,2,2,0,0,0,0,0,0,0,2,0,2,0,0,0,0,0,0,0,0,0,0,2,0,2,2,2,2,0,0,0,2,2,0,0,0,0,0,0,0,2,0,0,0,0,0,2,0,2,0,2,2,0,0,0,0,2,0,0,0,2,0,0,2,0,0,0,NA,2,0,0,0,0,0,0,0,2,0,0,0,0,0,0,0,0,0,0,0,2,0,0,0,0,2,0,0,2,2,2,2,0,0,0,0,0,0,0,0,0,0,0,0,2,2,0,0,0,2,0,2,2,0,2,2,0,0,0,0,0,0,0,0,2,0,0,0,0,0,2,0,0,0,0,0,0,0,2,0,2,0,0,0,0,0,0,0,0,0,0,2,0,0,0,0,0,0,0,0,0,0,0,0,0,0,0,0,0,0,0,0,0,0,0,0,0,0,0,2,0,NA,0,0,0,0,0,0,0,0,0,0,0,0,2,0,0,0,0,2,0,0,0,0,0,0,0,0,0,0,0,0,0,0,0,0,0,0,0,0,0,0,2,2,0,0,2,2,0,0,0,0,0,0,0,0,0,2,0,0,0,0,0,0,0,2,0,0,0,0,0,0,0,0,0,0,2,0,0,2,0,0,0,0,0,0,0,0,0,0,2,0,0,0,0,0,0,2,0,0,0,2,0,0,0,0,0,0,0,0,2,0,0,0,0,0,0,0,0,0,0,0,0,0,2,0,0,2,2,0,2,0,0,0,0,0,0,0,0,0,0,0,0,2,0,0,0,0,0,0,0,0,0,0,0,0,0,0,2,0,0,0,0,0,0,2,0,0,0,0,0,0,0,0,0,0,2,0,0,0,2,0,2,0,0,0,0,2,0,0,0,2,2,0,0,0,0,2,2,0,2,0,0,0,0,0,0,0,0,2,2,0,0,0,0,0,0,0,0,0,0,0,0,0,0,0,0,0,2,0,0,0,2,2,0,0,0,0,0,2,0,0,0,0,2,0,0,0,0,0,2,0,0,0,2,2,0,2,0,0,2,0,0,0,0,0,0,0,0,0,0,NA,0,0,0,0,2,2,0,0,0,0,0,0,2,0,0,0,2,2,2,0,0,0,0,0,2,0,0,0,0,2,2,0,2,NA,0,0,0,0,2,2,0,2,2,0,0,0,2,2,0,0,0,0,0,0,0,2,0,0,0,0,0,2,0,2,0,0,0,2,0,0,0,0,2,0,2,0,0,0,0,2,2,2,0,2,0,2,0,0,0,0,0,2,0,0,0,0,0,0,0,2,0,0,0,0,0,0,0,0,0,0,2,0,2,0,0,0,0,2,2,2,2,0,0,0,0,0,0,0,0,0,0,0,0,0,0,0,0,2,0,0,0,0,0,0,0,0,0,0,0,0,0,0,0,0,0,0,0,2,0,NA,0,0,2,0,0,0,2,0,0,0,0,0,0,0,2,0,0,0,0,0,0,0,0,2,0,2,2,0,0,0,0,2,0,0,0,0,0,0,0,0,2,0,0,0,0,0,0,0,0,0,0,0,2,0,0,0,0,2,0,0,0,0,0,0,0,0,0,0,0,0,0,2,0,2,0,0,0,0,2,2,0,0,0,0,0,0,0,2,0,0,0,0,0,0,0,0,0,2,0,0,0,2,0,2,2,0,0,2,0,2,0,0,0,0,0,0,0,0,0,0,0,0,0,2,0,0,0,0,0,0,0,0,0,2,0,0,0,0,0,2,0,2,2,0,0,0,0,0,0,2,0,0,0,0,0,0,0,2,2,0,2,0,2,0,0,0,2,0,2,2,0,0,0,0,0,0,2,0,0,0,2,0,2,2,0,0,2,0,0,0,0,2,0,2,0,0,0,0,0,0,0,0,0,0,0,0,0,0,0,0,2,0,0,0,0,0,0,0,0,0,0,0,0,0,0,0,0,2,0,0,0,0,0,2,2,0,0,0,2,0,2,0,0,0,0,0,0,0,0,0,0,0,0,2,0,0,0,0,0,2,0,0,0,0,0,0,0,0,0,2,0,0,0,0,2,2,0,0,0,0,0,0,0,2,2,0,2,0,0,0,0,0,0,2,0,0,2,0,0,0,0,0,0,0,0,0,0,2,0,0,0,0,2,2,2,0,2,0,0,2,0,2,2,0,0,2,2,2,0,2,0,0,0,0,2,0,0,0,2,2,0,NA,0,2,0,0,0,2,0,0,2,0,0,0,0,0,0,0,2,0,0,0,0,0,2,0,0,0,0,0,0,0,0,0,0,0,0,0,0,0,0,0,0,0,0,0,2,0,0,0,0,2,0,0,0,0,0,0,2,2,0,0,2,2,0,0,0,0,0,2,0,2,0,0,0,2,0,0,2,0,2,0,0,0,0,2,0,0,NA,2,0,2,0,0,2,0,2,0,2,0,0,0,0,2,0,0,0,0,2,0,0,0,0,0,0,0,0,0,0,0,0,0,0,0,0,2,0,0,0,0,0,0,0,0,0,0,0,2,0,0,0,0,0,0,0,0,2,0,0,0,0,0,0,0,0,0,0,0,0,0,0,0,0,0,0,0,0,0,0,0,0,0,0,0,0,0,0,0,0,0,0,2,0,0,0,0,0,2,0,0,2,0,2,0,0,0,0,0,0,0,0,0,2,0,0,0,0,2,0,0,0,0,0,0,0,0,0,0,0,0,0,0,0,0,0,0,0,0,2,0,2,0,0,0,0,0,2,2,0,2,0,2,0,2,0,0,0,0,0,0,0,0,0,0,0,0,0,0,0,0,0,2,2,0,2,0,0,0,2,0,0,0,0,0,0,0,0,0,2,0,0,0,0,0,0,2,0,2,0,0,0,0,0,0,0,0,0,0,0,0,0,0,0,0,0,0,2,0,0,0,0,0,0,0,0,0,0,0,0,0,2,2,0,0,0,0,0,2,0,2,0,0,2,0,0,0,0,0,0,0,0,0,0,2,0,0,0,0,0,0,0,0,0,0,0,0,0,0,0,0,0,0,2,0,0,0,2,0,0,0,0,0,0,2,0,0,2,0,0,0,2,0,0,0,0,2,2,2,0,0,0,0,0,0,0,0,0,0,0,0,0,0,0,0,0,0,2,0,0,2,2,0,0,2,0,0,0,0,2,0,2,2,0,0,0,0,0,0,0,2,0,0,2,0,2,0,0,2,2,0,0,0,0,0,0,0,0,0,0,0,0,0,0,0,0,0,0,0,0,0,0,0,0,0,0,0,2,0,0,0,2,0,2,2,0,0,2,0,2,2,0,2,0,0,2,2,0,0,0,0,2,0,0,2,0,0,2,0,0,0,0,0,0,0,2,2,0,0,0,0,2,0,2,0,0,0,0,0,0,0,0,0,0,0,0,0,0,0,0,0,2,0,0,2,0,0,2,0,0,0,2,0,2,0,2,2,0,0,2,0,0,0,0,0,2,0,0,0,0,2,0,2,0,0,2,0,0,0,0,0,0,0,0,0,0,0,0,0,0,2,0,0,0,2,0,0,0,0,2,0,0,2,0,2,0,0,0,0,0,0,0,0,0,0,2,0,0,0,2,0,2,0,NA,0,0,2,0,0,0,2,0,0,0,0,0,0,0,0,0,0,2,0,0,2,0,0,0,2,0,2,0,0,2,0,2,0,2,0,0,0,0,0,0,2,0,2,0,0,0,0,0,0,2,0,2,0,2,0,0,2,2,0,0,0,0,0,0,0,0,0,2,0,0,0,0,0,0,0,0,0,0,0,2,2,0,0,0,0,0,2,2,0,2,2,0,0,0,0,0,0,0,0,0,0,0,0,0,0,0,0,2,0,2,0,0,0,0,0,0,0,0,0,2,0,0,0,2,2,0,0,2,0,0,2,0,2,0,2,0,2,0,0,0,0,0,2,0,0,0,0,0,0,0,0,0,0,0,0,0,2,0,0,0,0,2,2,0,0,0,0,0,0,0,0,0,0,0,0,0,0,0,0,0,0,0,0,0,0,0,0,0,0,0,2,0,0,0,0,0,0,0,0,0,0,0,0,0,0,0,2,2,2,0,0,0,0,0,2,0,0,0,0,0,2,0,0,2,0,0,0,0,0,0,0,0,0,2,0,0,0,0,2,0,0,0,2,2,0,2,0,0,0,0,0,0,0,0,0,2,0,0,0,0,0,2,0,0,0,0,0,0,0,0,0,0,0,0,0,0,0,0,2,0,2,0,0,0,0,0,0,2,2,0,0,0,0,2,0,0,0,0,2,0,2,0,0,0,0,2,0,0,0,0,0,0,0,0,0,0,2,0,0,0,0,0,0,2,2,0,2,2,2,0,0,2,0,2,0,0,0,0,2,2,0,0,0,0,0,2,0,0,2,0,0,0,0,0,0,2,0,0,0,0,0,0,0,0,0,0,2,0,0,0,0,0,0,0,0,0,0,2,0,0,0,0,0,0,0,0,0,0,0,0,0,0,0,0,0,0,0,0,0,0,2,0,0,0,0,0,0,0,0,0,0,2,0,0,0,0,2,0,2,0,0,0,0,0,0,0,0,0,0,0,0,0,0,0,0,0,0,2,2,0,0,0,0,2,0,0,2,2,0,0,0,0,2,2,0,0,0,0,0,0,0,0,0,0,0,0,0,2,0,0,0,2,0,0,0,0,0,2,0,2,0,0,0,2,2,0,2,0,0,2,0,0,0,0,0,0,0,0,2,0,0,2,2,0,2,0,0,0,0,0,0,2,0,0,0,0,0,0,0,0,0,0,0,0,0,0,0,0,0,0,0,0,2,2,0,0,0,0,0,0,0,0,0,0,0,0,2,0,0,0,0,0,0,0,0,0,0,0,0,0,0,2,0,2,0,0,2,0,0,2,0,0,0,0,0,0,0,0,0,0,0,2,0,2,0,0,0,0,0,2,0,0,0,0,0,2,0,0,0,0,0,0,0,NA,0,0,0,0,0,2,0,0,0,2,0,2,0,0,2,2,0,0,0,0,0,0,2,0,0,2,0,0,2,0,0,0,2,0,0,0,0,0,0,0,2,0,2,2,2,0,0,2,0,2,0,0,0,0,0,NA,0,2,2,0,0,0,2,2,0,0,0,0,2,0,0,0,2,0,0,0,2,0,0,0,0,2,2,0,0,2,0,0,0,2,0,0,0,2,2,2,0,0,0,0,0,0,2,0,0,2,2,0,0,0,0,0,0,0,0,0,0,0,0,2,0,0,0,0,0,0,0,0,0,0,0,0,0,0,0,0,0,2,0,0,0,0,NA,0,0,0,0,2,2,2,0,0,0,0,2,2,0,0,0,0,0,0,2,0,0,2,0,0,0,0,0,0,0,2,0,0,2,2,2,2,0,0,2,2,0,0,0,0,0,2,0,0,2,0,2,0,0,0,0,0,0,2,2,0,0,0,0,0,2,0,0,0,0,0,0,0,0,0,2,0,0,0,0,2,2,0,0,2,0,2,2,0,0,0,2,2,0,0,0,0,0,0,0,0,0,0,0,0,2,0,0,0,2,0,0,0,2,0,2,0,0,0,0,0,0,0,0,0,2,2,0,0,0,0,0,0,0,0,0,0,0,0,0,0,0,0,0,0,2,2,0,0,0,0,0,0,0,0,0,0,0,0,0,0,2,0,0,2,0,2,2,0,0,0,0,0,0,0,2,0,0,0,0,0,0,0,0,0,2,0,0,0,0,0,0,0,0,0,0,0,2,0,0,0,0,2,0,2,0,2,0,0,2,0,0,2,0,0,0,0,0,0,0,2,0,0,0,0,0,0,0,0,0,0,0,0,0,2,0,0,0,2,0,2,2,0,0,0,2,0,2,0,0,0,0,0,0,2,0,0,2,0,0,0,0,2,0,0,0,2,0,0,0,0,2,0,0,0,0,0,0,0,0,0,0,0,2,0,2,0,0,2,0,2,2,0,2,0,0,0,0,2,0,0,0,2,0,0,2,0,0,0,2,0,0,2,2,0,0,2,2,0,2,2,0,2,0,0,2,0,0,0,0,0,0,0,0,0,2,0,0,2,0,0,0,0,0,0,2,0,2,0,0,0,0,0,0,0,0,0,0,0,0,0,0,0,0,0,0,0,0,2,0,0,0,0,2,0,0,0,0,0,0,0,0,0,0,0,0,2,0,0,0,0,0,0,2,0,0,0,0,2,0,0,0,0,0,2,0,0,0,0,2,0,2,0,0,0,0,2,0,0,0,0,2,0,0,0,0,0,0,0,0,0,0,0,0,0,0,0,0,0,0,0,0,0,0,0,0,0,0,0,0,0,2,2,2,0,0,0,0,2,2,0,2,0,0,0,0,2,2,0,0,0,0,0,0,0,0,0,0,2,0,2,0,2,0,0,2,0,0,0,0,2,0,0,0,2,0,0,0,0,0,0,0,0,0,0,0,2,0,0,0,0,2,0,0,0,0,0,2,0,0,0,0,0,0,0,0,2,0,0,0,0,2,0,0,0,0,0,0,0,2,0,0,0,2,2,0,0,0,0,0,0,0,2,0,0,0,2,0,0,2,2,2,0,0,0,2,0,0,0,2,0,0,0,0,0,2,2,0,0,0,2,2,0,0,0,2,2,0,0,2,2,0,2,0,0,0,0,2,0,0,0,0,0,0,2,2,0,0,2,2,2,2,0,0,0,2,0,0,0,0,0,0,0,0,0,0,0,0,2,2,2,0,0,2,2,2,0,0,0,0,0,0,0,0,NA,2,2,0,2,2,0,0,2,2,2,2,0,2,0,0,NA,2,0,2,2,0,0,2,0,0,0,0,2,0,2,2,2,0,0,2,0,0,0,0,0,0,0,0,0,0,0,0,0,2,2,0,0,0,2,0,0,0,0,0,0,0,0,2,0,0,0,2,0,0,0,0,0,0,0,0,0,0,0,0,0,0,0,2,0,2,0,0,0,0,0,0,0,0,2,0,0,0,2,0,0,0,2,0,0,0,0,0,0,2,2,0,0,0,0,0,0,0,2
"CC220",0,0,0,0,0,0,0,0,0,0,0,0,0,0,0,0,0,0,0,2,2,0,0,2,0,0,0,0,0,0,0,0,2,0,0,0,0,0,0,0,0,0,0,0,0,0,0,0,2,0,0,0,0,0,2,NA,2,0,0,0,0,2,0,0,0,2,0,0,0,0,0,0,0,0,0,0,0,0,0,2,0,2,0,0,0,2,0,0,0,0,0,0,0,0,0,0,0,0,0,0,0,0,0,0,0,2,0,0,0,0,0,2,0,0,0,0,0,2,0,0,0,0,0,0,0,0,2,0,0,0,0,0,0,0,0,2,0,0,0,0,0,0,0,0,0,0,2,0,0,0,0,0,0,0,0,0,2,0,0,0,0,0,0,2,2,2,2,0,0,0,0,2,0,0,0,0,0,0,2,0,0,0,0,0,2,0,0,0,0,2,0,0,2,0,0,0,0,0,2,0,0,0,0,0,0,0,0,0,0,0,0,0,0,0,0,2,0,0,0,0,0,0,0,0,0,2,0,2,0,0,0,0,0,0,0,0,0,0,0,0,2,0,0,0,0,0,0,0,0,2,0,0,0,0,0,0,0,0,2,0,0,0,0,0,2,0,2,0,0,0,0,0,2,2,0,0,0,0,0,0,0,0,0,0,0,0,2,0,0,0,0,0,0,0,0,0,0,0,0,0,0,0,0,0,0,0,0,2,0,0,0,0,0,0,0,0,0,0,0,0,0,0,0,0,2,0,0,0,0,0,0,0,2,0,0,0,0,0,0,0,0,0,0,0,0,0,0,0,0,0,0,0,0,0,0,0,0,0,0,0,0,2,0,2,0,0,0,2,0,2,0,0,NA,0,2,2,0,0,0,2,0,2,0,0,2,0,2,0,0,0,0,0,0,0,0,0,0,0,0,0,0,0,2,0,0,0,0,0,0,2,0,0,0,0,0,0,0,2,0,0,0,2,0,0,2,0,0,2,0,2,2,0,0,0,0,2,2,0,2,0,0,0,2,2,0,0,0,0,0,0,0,0,2,0,0,0,0,0,0,2,2,0,0,2,0,NA,0,2,2,0,2,0,0,2,2,0,2,0,0,0,0,0,0,0,0,0,0,2,0,0,0,2,0,0,2,2,0,0,0,0,0,0,0,0,0,0,0,2,2,2,0,2,0,0,0,2,2,0,0,0,0,0,0,0,0,0,0,2,2,0,0,2,2,0,0,2,0,2,2,0,0,0,0,0,0,0,0,0,2,2,2,0,0,2,2,0,0,NA,0,0,2,0,0,0,0,0,0,0,0,2,2,0,0,0,2,0,0,2,0,0,0,0,0,0,0,2,0,0,0,0,0,NA,0,0,2,0,0,0,0,2,0,0,2,0,0,0,0,0,0,0,0,0,0,0,2,0,0,0,0,0,0,0,0,0,0,0,0,0,0,0,2,0,0,0,0,2,0,2,0,0,0,2,2,0,0,0,0,0,0,2,2,0,0,2,2,0,0,0,0,0,2,0,0,2,2,0,0,0,2,0,0,0,0,2,2,0,2,0,0,0,2,0,0,0,2,0,0,0,0,0,2,0,0,0,0,0,2,0,0,0,0,2,0,0,0,2,2,0,0,0,0,0,2,0,0,0,0,0,0,0,0,0,0,0,0,2,0,0,0,0,0,0,0,0,0,0,0,0,0,0,0,0,0,0,0,0,0,0,0,0,0,2,0,0,2,0,0,2,0,0,0,0,0,0,0,0,0,0,0,0,0,0,0,0,2,0,2,0,2,0,2,2,2,2,0,0,0,2,0,0,0,0,2,2,2,2,0,0,0,0,0,0,0,0,2,0,2,2,0,0,0,0,0,0,2,0,0,0,2,0,2,0,0,0,0,2,0,0,0,0,0,0,0,0,0,2,0,0,0,0,2,0,0,0,0,2,2,0,2,0,0,0,0,0,2,2,2,0,0,0,2,0,0,0,0,0,0,2,0,0,0,0,2,0,2,0,0,0,0,2,0,0,2,2,2,0,2,0,0,0,0,0,0,0,0,0,2,0,0,0,2,0,0,0,0,2,0,2,0,0,0,0,2,0,0,0,0,2,0,0,2,2,2,2,2,0,0,0,2,0,0,2,0,2,2,0,0,0,0,0,2,0,0,2,0,0,0,0,0,2,0,0,2,2,0,0,2,0,0,0,2,0,0,0,0,0,2,0,0,0,0,2,0,0,0,0,0,2,0,0,0,0,0,0,2,2,0,2,0,0,0,0,0,0,0,0,2,0,0,0,0,0,0,2,0,0,0,0,0,0,0,0,0,0,0,NA,2,2,0,0,0,0,0,2,0,0,0,0,0,0,0,0,0,0,0,0,0,0,0,2,0,0,0,0,0,0,0,0,2,0,2,0,2,0,0,0,0,2,0,2,0,0,2,0,2,0,2,0,0,0,0,0,2,0,2,2,0,0,0,0,0,2,2,0,0,0,0,2,0,0,0,0,2,0,0,2,0,0,0,0,2,0,0,2,0,0,2,0,0,2,0,0,0,0,0,0,0,0,0,0,0,0,0,2,0,2,0,2,0,0,2,0,2,2,0,0,0,0,0,0,0,2,0,0,0,0,0,0,0,0,0,0,0,0,0,0,2,0,0,2,2,2,2,0,0,0,0,2,0,0,0,0,0,0,2,2,0,0,0,0,0,0,0,2,0,2,0,0,0,0,0,2,0,0,0,2,2,2,0,0,0,0,0,0,0,0,2,0,0,0,0,0,0,0,0,0,2,0,0,0,0,0,0,0,0,0,2,0,0,0,0,0,0,0,0,0,0,0,0,0,0,2,0,0,0,0,2,0,0,0,0,0,0,2,2,0,0,0,2,0,0,0,0,0,0,0,0,0,0,0,2,2,0,0,0,0,0,0,0,0,0,0,2,0,0,0,0,2,2,2,0,0,0,2,0,0,0,2,0,0,0,0,0,0,0,0,0,0,0,0,2,2,0,0,0,0,0,0,2,0,0,0,2,0,2,0,0,0,0,0,0,0,0,0,0,0,2,0,0,2,0,0,0,0,0,0,0,0,0,0,0,2,0,0,0,0,0,0,0,0,2,2,2,0,0,0,0,0,0,0,0,0,0,0,2,0,0,0,0,0,0,0,0,0,0,0,0,0,0,2,2,0,0,2,0,2,2,0,0,0,2,0,0,2,0,0,0,0,0,2,0,0,0,2,0,0,0,0,0,0,0,0,0,0,0,0,0,0,0,0,2,2,2,0,0,0,0,0,0,0,0,0,0,0,2,0,0,0,0,0,0,0,0,0,2,NA,0,0,2,2,0,0,0,2,0,2,0,0,0,0,0,0,0,0,0,2,0,2,0,2,0,0,0,0,0,0,0,2,0,2,2,0,0,0,0,0,0,0,0,0,2,0,0,0,0,0,0,0,0,2,0,0,2,0,0,0,0,0,0,0,0,0,0,2,0,0,0,0,0,0,0,0,0,0,2,0,2,0,2,0,0,0,0,0,2,2,0,0,0,2,0,0,0,0,0,0,2,0,0,0,0,0,0,0,0,0,NA,0,2,0,2,0,0,0,0,0,0,0,0,0,0,0,0,0,2,0,0,0,0,0,0,0,0,2,2,0,0,0,0,0,2,2,0,2,0,0,2,2,0,0,0,0,0,0,2,0,0,0,0,0,0,2,2,0,0,0,2,0,0,0,0,0,2,0,0,0,0,0,0,0,0,0,2,0,2,2,2,0,0,2,0,0,0,2,0,2,0,0,0,0,0,0,2,0,0,0,0,2,0,0,0,0,0,2,2,0,2,0,2,0,0,0,0,0,0,2,0,0,0,2,2,2,0,0,0,0,0,0,0,0,0,0,0,0,0,NA,0,0,2,0,2,0,0,0,2,0,2,0,0,0,2,0,0,0,2,0,0,0,0,2,0,0,0,0,0,0,0,2,0,0,2,0,0,0,0,0,0,0,0,0,0,0,0,0,0,0,0,0,0,0,0,0,0,0,0,0,0,0,0,0,0,0,0,0,0,0,0,0,0,0,0,0,0,0,2,2,0,0,2,0,0,0,0,0,0,0,2,2,2,0,0,0,0,0,2,0,2,0,0,0,0,0,2,0,0,0,0,0,0,0,0,0,0,0,0,0,0,0,2,0,0,0,0,0,2,0,0,2,0,2,0,0,2,0,2,0,0,0,0,0,2,0,0,2,0,0,0,0,0,0,0,0,0,0,0,0,0,0,0,2,0,0,2,2,0,0,0,0,0,0,2,2,2,2,0,0,0,0,NA,0,0,0,0,0,0,0,0,0,0,2,0,0,0,2,0,2,0,0,0,0,0,0,2,0,0,0,0,0,0,0,0,0,0,0,0,0,0,2,2,0,0,0,0,0,2,0,0,2,0,2,2,2,0,0,0,0,0,0,0,0,2,0,0,0,0,0,0,0,0,0,0,0,2,0,2,0,0,2,0,0,0,2,0,0,0,0,0,0,0,0,2,2,2,0,0,0,0,0,2,0,0,2,0,0,2,0,0,0,0,NA,0,0,0,2,0,0,2,0,0,0,2,0,0,2,0,2,0,0,0,2,0,0,0,0,2,0,0,0,0,2,2,2,0,0,0,0,0,0,0,0,0,0,0,0,2,0,2,0,0,0,0,0,0,0,0,0,0,0,0,0,0,2,2,0,2,0,0,0,0,0,2,0,0,0,0,0,2,2,0,0,0,0,2,2,0,2,0,0,0,0,0,0,0,0,2,0,0,0,0,0,0,0,0,0,2,2,2,0,0,0,0,0,0,0,2,0,0,0,0,2,0,0,0,2,0,0,0,0,0,0,0,0,0,0,0,0,0,0,0,0,0,0,0,0,0,0,0,2,0,0,0,2,0,2,0,0,0,0,0,2,0,0,0,0,0,2,0,2,0,2,2,2,0,0,0,0,0,0,0,0,0,0,0,2,0,0,0,0,2,2,0,0,0,0,2,0,0,0,2,0,0,0,0,2,2,0,0,0,0,0,0,0,2,0,0,2,0,0,0,0,2,0,0,0,0,2,0,0,0,2,2,0,0,0,0,2,0,0,0,0,0,0,2,0,0,0,0,0,2,0,2,0,0,0,0,0,0,0,0,0,0,0,0,0,0,0,0,2,2,0,0,0,0,0,0,2,0,0,0,0,2,0,0,0,0,0,0,0,0,2,0,0,0,0,0,0,0,0,0,2,2,0,0,0,2,0,0,0,0,2,0,0,0,2,0,0,0,0,0,0,0,0,0,0,0,0,0,0,0,0,0,0,0,0,0,0,0,0,0,0,2,0,0,2,0,0,0,0,0,0,0,0,0,0,2,0,0,2,0,0,0,0,0,0,0,2,0,0,2,0,0,0,0,0,0,0,0,0,0,2,2,0,0,0,0,0,0,0,0,0,0,0,0,0,0,2,0,0,0,0,2,0,0,2,0,0,2,0,0,0,0,0,0,0,2,0,0,0,0,2,0,0,0,0,2,0,0,0,2,0,2,2,0,0,0,2,0,0,0,2,0,0,0,0,2,2,2,0,0,0,2,0,0,0,0,0,0,0,2,0,0,0,0,0,0,0,0,NA,0,0,0,0,0,0,0,0,2,0,0,2,0,0,2,0,0,0,0,2,0,2,0,2,2,0,0,0,0,0,2,0,2,0,0,0,0,0,0,0,0,2,2,0,0,0,0,0,0,0,0,0,0,0,0,0,0,0,0,2,0,0,0,0,2,2,0,0,0,0,0,2,0,0,0,0,2,0,2,0,0,0,2,0,0,0,0,0,0,2,0,0,0,0,0,0,0,0,0,2,0,0,0,0,2,0,0,0,2,0,2,0,0,0,2,0,0,0,2,0,0,0,0,0,0,0,0,0,0,2,0,2,0,2,2,0,0,0,0,0,0,0,2,2,0,2,2,0,0,0,0,0,0,0,0,0,0,0,0,0,0,2,0,0,0,2,0,2,0,0,2,0,0,0,0,0,0,0,2,0,0,0,0,0,0,0,2,0,0,0,0,2,0,2,0,2,0,0,0,2,0,0,0,0,0,0,0,0,0,0,0,2,0,2,0,0,0,0,0,0,0,2,0,0,2,0,0,0,0,2,0,0,0,0,0,2,2,0,0,0,2,0,2,0,2,0,0,0,0,0,0,0,0,0,2,2,0,0,0,0,0,0,NA,2,0,2,2,0,0,0,0,0,0,2,0,2,0,2,0,0,0,0,0,2,2,2,0,0,2,2,2,0,2,0,2,0,0,0,0,0,0,0,2,0,0,0,0,2,2,0,2,2,2,0,0,0,2,0,0,0,0,0,2,2,0,2,2,0,0,2,2,0,0,2,0,2,2,2,0,0,0,0,0,0,0,0,0,2,0,0,0,0,0,0,2,0,0,2,0,0,2,0,0,0,0,0,2,2,2,0,2,0,0,2,2,0,2,2,2,2,0,0,0,0,0,0,2,0,2,0,0,2,0,0,0,2,2,0,0,0,0,0,0,NA,0,0,2,0,0,0,0,0,0,0,0,0,2,0,0,2,0,0,0,2,0,2,2,2,0,2,0,0,0,0,0,0,0,0,NA,0,2,2,0,0,0,2,0,NA,0,2,2,0,2,2,0,2,2,2,0,2,2,2,0,2,0,0,0,2,0,0,0,0,0,0,0,0,0,0,0,2,0,0,0,0,2,0,0,0,0,2,0,0,0,0,0,0,0,0,0,0,2,2,0,0,0,0,2,0,2,0,0,0,0,0,0,0,0,2,0,0,0,0,2,0,0,0,0,0,0,0,2,0,0,0,0,2,0,0,0,2,0,0,0,0,0,0,0,0,2,0,0,0,0,2,0,0,0,2,0,0,2,0,0,2,2,0,0,2,0,0,0,0,0,0,0,0,2,0,0,0,2,0,0,2,0,2,2,0,0,0,2,0,0,0,0,2,0,0,0,0,0,0,2,0,0,0,2,0,0,0,0,0,0,0,0,0,0,0,2,2,2,0,0,0,0,0,0,0,0,0,0,0,0,0,2,2,0,0,2,0,0,0,0,0,0,0,0,0,0,2,0,2,0,0,0,0,0,2,2,0,0,0,0,0,0,2,0,0,2,0,0,0,0,0,0,0,0,2,2,0,0,2,2,0,0,0,0,0,0,0,0,0,0,0,0,0,0,0,0,0,0,0,0,0,0,0,0,0,0,0,0,0,0,0,2,0,0,0,0,0,0,0,2,2,0,2,2,0,0,2,0,0,0,0,2,0,0,0,0,2,0,2,2,0,0,2,NA,0,2,2,2,0,0,0,0,0,2,0,0,0,0,2,0,0,0,0,0,2,0,0,0,2,0,0,0,0,0,0,0,2,0,0,0,0,0,0,0,0,0,0,0,2,0,0,0,0,2,2,2,0,2,0,0,0,0,0,2,0,2,0,0,0,2,0,0,0,2,0,0,2,0,2,2,0,0,0,0,0,0,0,0,0,0,2,2,0,0,0,0,0,0,0,0,0,2,0,0,0,0,0,0,0,2,0,0,2,0,0,0,0,2,0,0,0,0,0,2,0,0,0,0,0,0,0,0,0,0,0,0,0,2,2,2,0,0,0,0,0,0,0,0,0,2,0,0,0,0,0,0,0,0,2,2,0,0,2,0,0,2,0,2,0,2,2,0,0,0,2,0,0,0,0,0,0,0,2,0,2,2,0,0,0,0,0,0,0,0,0,0,2,0,0,0,2,0,0,0,0,0,2,0,0,0,2,0,2,0,0,0,0,0,0,0,0,0,0,0,2,NA,0,0,0,2,2,2,0,0,0,2,0,0,0,2,0,0,0,0,2,0,0,0,0,0,0,0,2,2,0,0,0,2,2,2,0,0,0,2,2,0,2,0,0,0,0,0,0,0,0,0,0,0,0,0,0,0,0,0,0,0,0,0,0,0,0,0,0,0,0,0,0,0,0,0,0,0,0,0,0,0,0,0,0,2,2,0,0,0,2,0,0,NA,0,2,2,0,0,0,0,0,0,0,0,0,0,0,0,0,0,0,0,0,0,0,0,0,0,2,0,0,0,0,0,0,0,0,0,0,0,0,NA,0,2,0,2,2,0,2,0,2,0,0,2,0,0,2,0,0,0,0,0,2,0,0,0,0,2,0,0,2,0,0,0,0,0,0,2,NA,0,0,2,0,0,2,0,0,2,0,0,0,0,0,0,0,0,0,0,0,0,0,0,0,0,0,0,0,2,0,2,0,0,0,0,0,0,0,0,0,0,0,0,0,0,2,0,0,0,0,0,0,0,0,0,0,2,0,0,0,0,0,0,2,2,0,2,0,0,0,0,0,0,0,2,2,0,0,0,0,0,0,0,0,0,0,0,0,0,0,0,2,0,0,0,0,0,0,0,0,0,0,0,0,0,0,0,0,0,0,0,0,0,0,2,2,0,0,0,0,2,2,0,0,2,0,0,0,0,0,0,2,2,2,0,0,2,0,2,0,0,0,0,0,0,0,0,2,0,0,0,0,0,0,0,0,0,0,0,2,0,2,2,2,0,0,0,0,2,0,0,0,0,0,0,0,0,0,0,0,2,0,0,0,0,0,0,0,0,0,2,0,0,0,0,0,2,0,0,0,0,0,0,0,0,0,2,0,0,0,2,0,0,2,0,0,0,0,0,2,0,0,0,0,0,0,0,0,0,2,0,0,0,0,0,0,0,0,0,0,0,0,2,2,2,0,0,0,0,0,0,0,0,0,0,0,2,0,0,0,0,0,0,0,0,0,0,0,0,0,0,0,0,0,0,0,0,0,0,0,0,2,0,0,0,0,0,2,0,0,0,0,0,0,0,0,0,0,0,0,0,0,0,2,0,2,0,0,2,2,0,2,2,0,2,0,0,2,2,0,2,0,2,0,2,0,2,0,0,0,0,0,2,2,2,0,0,2,2,0,0,2,0,0,0,0,0,0,0,0,0,0,0,0,0,0,2,2,0,0,0,0,0,0,0,2,0,2,2,0,0,0,2,0,0,2,0,0,2,0,0,0,0,0,0,0,0,0,0,0,0,0,0,0,0,0,2,0,0,0,0,0,0,0,0,0,0,2,0,0,0,0,0,0,0,0,0,0,0,2,0,2,0,2,0,0,0,0,0,0,0,0,0,2,0,0,0,0,0,0,0,0,0,0,2,2,2,0,0,0,0,0,0,0,0,0,0,2,0,0,0,0,0,0,0,0,0,0,0,0,0,0,0,0,0,2,0,0,0,0,2,0,0,0,0,0,0,0,2,2,0,0,0,0,0,0,2,0,0,0,0,0,0,0,0,0,0,0,0,0,0,0,0,0,0,2,0,0,0,0,0,2,0,0,0,0,0,0,0,0,0,0,0,0,0,2,0,0,0,0,0,0,0,0,0,2,2,0,0,0,0,2,0,0,0,0,0,2,0,0,0,0,0,0,2,0,2,0,0,2,0,0,0,2,0,0,0,0,0,0,0,0,0,2,0,2,0,0,0,0,0,0,2,0,0,0,0,0,0,0,0,2,0,0,0,0,0,0,2,0,0,2,2,0,0,0,0,0,0,0,0,2,0,0,0,2,0,0,0,0,0,0,0,0,0,0,0,0,0,0,0,0,0,2,2,0,0,0,0,2,0,2,0,2,0,0,2,0,0,0,0,2,0,2,0,0,0,0,0,0,0,0,0,0,0,0,0,0,0,0,0,2,2,0,0,0,0,0,0,0,0,0,0,2,0,0,0,0,0,2,0,2,0,2,0,0,0,0,0,2,0,2,0,0,2,2,2,0,0,2,2,2,2,0,2,0,0,2,0,0,0,2,0,2,0,2,0,0,0,0,2,2,0,0,2,0,2,0,0,2,0,2,0,0,2,2,0,0,0,0,0,0,2,0,0,0,0,0,0,2,2,0,0,0,0,0,2,0,0,0,0,0,0,0,0,0,2,0,2,0,0,0,0,2,2,0,0,0,0,0,2,0,0,2,0,0,2,2,0,0,0,0,NA,0,0,0,0,2,2,0,2,0,0,2,2,2,0,2,0,0,0,0,0,0,0,2,0,2,0,0,0,0,0,2,2,0,2,2,2,0,0,2,NA,2,0,2,0,0,0,0,0,2,0,0,0,2,0,0,0,0,2,0,0,0,2,0,0,2,2,0,0,2,2,2,0,2,0,0,0,0,0,0,0,0,0,2,0,0,0,0,0,0,0,0,0,0,0,0,0,0,2,0,0,0,0,2,0,0,2,0,0,0,0,0,2,0,0,2,0,2,0,0,2,0,0,0,0,2,0,0,2,0,0,0,0,0,0,2,2,0,0,0,2,0,0,0,0,0,0,2,0,0,0,0,2,0,2,0,0,0,0,0,0,0,0,0,0,2,0,0,2,0,0,0,0,0,0,0,0,0,0,0,2,0,0,0,0,0,0,0,2,0,2,0,0,0,0,0,0,0,0,0,2,0,0,2,0,0,0,0,0,0,0,0,0,2,0,2,0,0,0,0,0,0,0,0,0,0,0,0,0,0,0,0,0,0,0,0,0,0,0,0,0,0,0,2,0,2,0,0,0,0,0,0,0,0,0,0,0,2,2,0,2,0,2,0,2,0,0,2,0,0,0,2,0,0,2,2,0,2,0,2,0,0,0,0,0,2,2,0,0,0,0,2,0,2,0,0,0,2,0,0,2,0,0,2,2,2,0,0,0,2,0,0,0,2,0,2,0,0,0,0,0,0,2,0,0,0,0,0,0,0,0,0,0,0,0,2,0,2,0,0,0,0,0,0,0,0,0,0,0,0,0,0,2,0,0,0,2,0,0,0,0,0,0,0,0,0,2,0,0,0,0,0,0,0,2,0,2,2,0,0,0,0,0,0,2,0,0,0,2,2,0,2,0,0,0,2,0,0,0,0,0,0,0,2,2,0,0,0,0,0,0,0,0,2,0,0,0,0,0,NA,0,0,0,0,0,0,0,0,0,2,0,0,0,0,0,0,0,0,0,0,0,0,0,0,0,0,0,0,0,0,0,0,0,0,0,0,2,2,0,0,0,0,0,0,0,0,0,0,0,0,0,0,0,0,0,0,0,0,0,2,0,0,2,0,0,0,2,0,0,0,0,0,2,2,0,0,0,0,0,0,0,0,0,0,0,2,0,0,0,2,0,0,0,0,2,0,0,0,0,0,0,0,0,0,0,2,0,2,0,0,2,0,0,0,0,0,0,0,0,2,0,0,0,0,0,0,2,0,0,0,0,2,0,0,0,0,2,0,2,0,0,0,0,0,2,0,2,2,0,0,0,2,0,2,0,0,0,0,0,2,0,0,2,0,2,0,2,0,0,0,0,0,0,0,0,0,0,0,0,0,0,0,0,2,2,0,0,0,2,0,2,2,0,2,0,0,0,0,0,2,2,0,0,0,0,0,0,0,0,2,2,2,0,0,0,0,0,0,0,2,0,2,0,0,2,0,0,0,0,0,0,0,0,0,2,0,2,2,2,0,0,0,0,0,0,0,0,0,0,0,0,0,0,2,0,0,0,0,0,0,0,2,0,0,0,0,0,0,0,0,0,0,0,0,0,0,0,0,0,0,0,0,2,0,0,0,2,0,2,2,0,0,0,0,0,0,0,0,0,2,2,0,0,0,2,0,2,0,0,2,2,0,0,0,0,0,0,0,0,0,2,0,0,0,0,0,2,0,0,2,0,0,0,0,0,0,0,0,0,0,0,2,0,0,0,0,0,0,0,2,2,0,2,0,0,0,0,0
"CC221",0,0,0,0,2,0,0,2,2,0,0,2,0,0,0,0,0,0,0,0,0,0,0,2,0,2,2,0,0,0,0,0,0,0,0,0,2,0,0,0,0,2,0,0,0,2,0,0,0,0,2,0,0,0,0,0,0,0,2,2,0,0,0,0,2,0,2,0,0,0,0,0,0,0,0,2,2,2,0,0,2,0,0,2,2,0,0,2,0,0,2,0,0,2,0,2,0,0,0,0,0,0,0,0,0,2,0,0,0,2,0,0,2,0,0,0,0,0,0,0,2,2,0,2,0,2,2,0,0,0,0,0,0,0,0,0,0,0,2,NA,2,2,0,0,0,0,0,2,0,2,0,0,2,0,0,2,2,0,0,0,0,0,0,0,0,2,0,2,2,2,0,0,2,2,0,2,2,2,0,2,2,2,2,0,0,0,0,0,0,0,2,2,0,0,0,2,0,2,0,0,0,0,0,0,0,0,0,2,2,0,2,0,2,0,2,2,2,0,2,2,0,2,2,0,0,2,0,0,0,2,0,2,0,0,0,2,0,0,0,0,0,0,0,0,0,0,0,0,0,0,0,2,0,0,0,0,0,0,0,0,0,0,2,0,0,0,0,0,2,0,2,0,0,2,0,2,0,2,2,0,0,0,0,2,0,2,0,2,0,0,0,0,0,0,0,0,0,2,2,0,0,0,0,0,2,0,0,2,0,0,0,0,0,0,0,0,0,0,2,0,0,0,0,0,0,0,0,0,2,0,0,0,0,0,0,0,2,0,0,0,0,2,0,0,2,0,0,0,2,0,0,0,0,0,0,0,0,2,0,0,0,0,0,0,0,0,0,0,0,0,0,0,2,0,0,0,0,2,2,0,2,0,0,0,0,0,0,2,0,0,0,0,0,2,2,2,2,0,2,0,0,0,0,2,2,2,2,2,0,0,2,0,0,0,2,0,2,0,0,2,0,0,0,0,2,0,0,0,2,2,0,2,0,0,0,0,0,0,0,0,0,0,0,0,0,0,0,2,2,0,0,0,0,NA,2,0,0,0,0,2,2,0,2,0,0,NA,2,0,0,0,NA,0,0,2,0,0,0,0,0,0,0,2,0,0,0,0,0,2,0,0,0,2,0,0,0,0,2,0,0,0,0,0,0,0,0,0,0,0,0,2,0,0,0,0,0,0,0,0,0,2,2,0,0,0,2,2,2,0,0,0,0,0,0,0,0,0,0,0,0,0,0,0,0,0,0,0,0,0,0,2,0,0,0,2,0,0,0,0,0,0,0,0,0,2,0,0,0,0,0,2,0,0,0,0,2,0,0,0,2,0,2,0,0,0,0,0,2,0,0,2,0,0,0,0,0,0,0,2,0,2,0,0,2,2,2,2,0,0,0,0,2,0,0,2,0,NA,0,0,0,0,0,0,0,2,2,0,0,0,2,2,0,2,0,0,0,0,0,2,0,0,0,2,0,0,0,0,0,2,0,0,0,0,0,0,2,0,0,0,0,0,0,2,0,0,0,0,0,0,0,2,0,0,0,0,0,0,0,2,0,0,0,0,0,0,0,0,0,0,0,0,2,0,0,0,0,0,2,0,0,2,0,0,0,0,2,0,0,0,0,0,0,2,0,0,0,0,0,0,2,2,2,0,0,0,0,0,0,0,0,2,2,2,0,0,0,0,2,0,0,2,0,0,0,2,0,2,0,0,0,0,0,2,0,0,2,0,0,0,0,0,2,0,0,0,0,0,0,2,0,0,0,2,0,0,2,0,2,0,2,0,0,2,0,0,0,0,0,0,0,0,0,0,0,0,0,0,0,0,0,0,0,0,0,0,2,0,2,0,0,2,0,2,0,0,0,0,2,0,0,0,0,0,2,0,0,0,2,0,0,0,0,0,0,0,NA,0,0,0,0,0,0,0,2,0,0,0,0,2,0,0,0,0,0,0,0,0,0,0,2,2,0,0,2,0,0,0,0,0,0,0,2,0,0,0,2,2,0,0,0,0,0,2,0,0,2,2,0,0,0,2,0,0,0,0,2,0,0,0,2,0,0,0,0,0,2,0,0,0,0,0,2,0,0,0,0,0,0,0,2,2,0,0,0,0,0,0,0,0,0,0,2,0,0,0,2,0,0,0,2,0,0,0,0,0,0,0,0,0,0,0,0,0,0,0,0,0,2,0,0,0,0,0,0,0,0,0,0,0,0,0,2,0,0,0,0,0,0,2,0,0,2,0,0,0,2,0,0,0,0,2,0,0,0,0,0,0,0,0,0,2,0,0,0,0,0,0,0,0,2,0,0,0,0,0,0,0,0,0,0,0,0,0,0,0,0,2,0,0,0,0,0,0,0,0,0,0,0,0,2,0,0,0,0,0,0,2,0,0,2,0,0,0,0,0,0,2,0,0,0,0,0,0,0,0,2,0,0,0,0,0,0,0,0,0,0,0,2,2,2,0,2,2,0,0,0,0,0,0,0,0,0,0,0,2,0,0,0,0,0,0,0,2,0,0,0,0,0,2,2,0,0,0,0,0,0,2,0,0,0,2,0,2,0,2,0,0,0,0,0,2,2,0,2,0,0,0,0,0,0,0,0,2,0,0,2,0,0,2,2,2,0,0,2,2,0,0,0,0,0,0,0,0,0,2,0,0,2,0,2,0,0,0,0,0,2,0,0,0,0,0,0,0,2,0,0,0,0,2,2,0,0,0,0,2,0,0,0,0,0,0,0,2,0,2,0,2,0,0,0,0,0,0,0,0,0,0,0,0,0,0,0,0,0,0,0,0,0,0,0,0,0,0,0,0,0,0,0,0,0,0,0,2,0,0,0,0,2,0,0,2,0,0,0,2,2,0,0,0,0,0,2,0,0,2,0,2,0,0,0,2,0,0,0,0,0,0,0,0,0,0,0,2,2,0,0,2,0,0,0,2,0,2,0,0,0,0,0,0,0,0,0,2,0,0,0,0,2,0,0,2,0,0,0,0,0,0,0,0,0,0,0,2,2,0,0,0,2,0,0,2,0,0,0,2,2,0,0,0,0,2,0,2,0,0,2,0,2,0,0,0,0,0,2,0,0,0,0,2,0,0,0,0,0,2,2,0,2,0,2,0,0,2,0,0,0,0,2,2,0,0,0,0,0,0,0,2,0,2,0,0,0,2,2,0,2,0,2,0,0,2,0,0,0,2,0,0,0,0,0,0,2,0,0,2,2,0,0,0,0,0,0,0,2,0,0,0,2,2,0,0,0,0,0,NA,0,2,2,2,0,0,0,0,2,0,0,2,0,0,2,2,2,0,2,2,2,0,0,0,0,0,0,0,0,0,0,2,2,2,2,0,0,0,0,0,0,0,0,0,0,0,0,2,0,0,0,0,0,0,0,0,0,0,0,0,0,0,2,0,0,0,0,0,0,0,0,0,0,0,0,2,0,0,0,0,0,0,0,0,0,0,2,0,0,0,0,NA,0,0,0,0,0,2,0,2,0,0,0,2,2,2,2,2,0,0,0,0,2,0,0,0,0,0,0,0,0,0,0,0,0,0,2,2,2,2,0,0,0,NA,0,0,0,0,2,0,0,NA,0,0,2,0,0,0,0,0,2,0,0,0,0,2,0,0,0,0,0,0,0,0,0,2,0,2,2,0,0,2,0,2,0,0,NA,0,0,0,0,2,NA,2,0,2,2,0,0,0,0,0,2,0,0,0,0,0,0,2,0,0,0,0,0,2,0,2,0,0,0,2,2,0,2,0,0,0,0,0,0,0,0,2,0,2,0,0,0,0,2,0,0,0,0,0,0,0,0,0,0,0,0,0,0,2,0,0,0,0,0,0,0,0,2,0,0,0,2,0,0,0,0,0,0,0,2,2,0,0,0,0,2,0,0,0,0,2,0,2,2,0,0,2,2,0,2,0,NA,2,0,2,2,2,0,0,0,2,2,2,0,2,0,0,2,0,2,0,2,0,0,2,0,0,0,0,0,0,0,2,2,0,0,0,0,0,0,0,2,2,0,0,2,0,0,0,0,0,0,2,2,0,2,2,0,0,0,0,0,0,0,0,0,2,2,0,0,0,0,0,0,0,0,0,0,0,0,0,2,0,0,0,0,0,0,2,0,0,0,2,0,2,0,2,0,0,0,0,0,2,0,0,0,0,0,0,2,0,0,2,2,0,2,2,2,0,0,0,0,0,0,0,0,2,2,0,0,0,0,2,0,0,0,0,0,0,0,2,0,0,0,0,0,0,0,0,0,2,2,2,2,0,2,0,0,0,0,0,0,0,0,0,2,0,0,0,2,0,0,2,0,0,2,0,0,0,0,2,0,2,0,0,0,0,0,0,0,0,0,0,0,2,0,0,0,0,0,0,0,2,2,0,0,0,0,0,2,0,0,0,2,0,2,0,0,2,0,2,0,2,0,2,2,0,0,2,0,0,0,0,2,0,0,0,0,0,0,0,0,2,0,2,0,0,0,0,2,0,0,0,0,0,0,0,2,0,0,0,0,0,0,0,0,0,0,0,0,0,0,0,0,0,0,0,0,0,0,0,0,2,0,0,0,2,2,0,0,2,0,0,0,0,0,2,0,0,0,0,0,2,0,0,2,2,0,0,0,0,0,2,0,0,0,0,0,0,2,0,2,2,0,0,0,2,0,0,0,0,0,2,2,0,0,0,0,0,2,0,0,0,0,2,2,2,0,2,2,0,0,0,0,0,0,0,0,0,2,0,0,0,0,0,2,0,0,0,0,0,2,2,0,0,0,2,0,2,2,0,2,0,0,2,2,0,2,0,0,0,0,0,0,0,0,0,2,2,0,0,2,0,0,0,0,0,0,2,2,0,0,2,0,0,2,0,2,0,0,0,0,0,2,0,0,0,0,0,0,0,0,2,0,2,2,0,0,0,0,0,0,2,0,0,0,0,0,0,0,0,0,2,0,2,2,0,0,0,0,0,0,0,0,2,0,0,0,2,0,0,0,0,0,0,0,0,2,0,2,0,0,2,2,0,0,0,2,0,0,0,0,0,0,0,0,0,2,2,0,0,0,0,0,0,0,2,0,2,2,2,2,0,0,2,0,0,0,2,0,0,2,0,0,0,2,0,0,0,0,0,0,0,0,0,0,0,0,0,0,0,0,0,0,0,0,2,2,0,2,0,0,0,0,0,0,2,0,2,0,0,0,2,0,0,0,0,2,0,0,0,0,0,0,2,0,2,0,0,0,2,0,0,0,0,2,0,0,0,0,0,0,0,2,0,2,0,2,2,0,0,0,0,0,2,0,0,0,2,0,0,0,0,2,0,0,0,0,2,0,0,0,0,0,0,0,0,0,0,0,0,0,2,0,2,0,0,0,0,2,0,2,0,2,0,0,0,0,2,0,0,0,0,0,2,0,2,2,0,0,0,0,0,2,0,0,0,0,0,2,2,2,0,0,0,2,0,0,0,2,0,0,0,2,2,0,0,2,0,0,0,0,0,0,0,0,2,0,0,NA,0,0,0,2,2,0,0,2,0,0,0,0,2,2,2,2,0,2,0,0,2,2,0,0,0,0,0,0,0,2,0,2,2,2,0,0,2,0,2,0,0,0,0,0,0,2,2,0,0,2,0,0,0,0,0,0,2,0,2,0,0,0,2,2,0,0,0,0,2,0,0,0,0,0,0,0,0,0,0,0,0,2,2,0,0,0,0,0,0,0,2,0,0,0,0,0,0,0,0,0,0,0,2,0,2,0,2,0,2,0,0,0,0,0,2,0,0,0,0,0,0,0,0,2,NA,0,0,0,0,0,2,0,0,0,2,0,0,0,0,0,2,0,0,0,0,0,0,0,0,2,2,0,0,2,2,2,0,0,0,2,2,0,0,0,0,0,0,0,2,0,0,0,0,0,0,0,NA,0,0,0,2,2,2,0,0,0,2,0,0,0,0,0,0,0,0,0,0,0,0,0,0,0,0,0,0,0,0,0,0,2,0,0,2,0,0,0,0,0,0,0,0,2,0,2,0,2,0,0,0,0,0,0,0,0,0,0,0,0,0,0,2,0,0,0,0,0,0,0,2,0,0,0,0,0,0,2,0,0,2,0,0,0,0,2,0,0,0,0,0,0,0,0,0,0,0,0,0,0,0,0,0,0,0,0,2,0,0,2,2,2,0,0,0,0,0,0,2,0,0,0,0,0,0,0,0,0,0,2,0,2,0,2,0,0,0,0,0,0,0,2,0,2,2,2,2,2,0,0,0,0,2,2,2,0,0,0,0,0,0,0,0,0,0,0,0,0,0,0,2,0,0,0,0,0,0,2,0,0,0,0,0,0,0,0,0,2,0,0,0,2,2,0,2,2,0,0,2,2,2,2,2,0,0,0,0,0,2,0,0,0,0,2,2,0,2,0,0,0,0,0,0,2,2,0,0,0,0,2,2,0,0,0,0,0,0,0,0,0,2,0,0,0,0,0,0,0,2,0,2,0,0,0,0,2,0,0,0,0,2,2,0,2,0,0,0,0,0,0,0,0,0,0,0,0,0,0,2,2,0,2,0,0,0,2,2,0,0,0,2,0,2,0,2,0,0,0,2,0,0,0,0,0,0,0,2,0,0,0,0,0,2,0,0,0,0,2,0,0,0,0,0,0,0,0,0,2,2,0,0,0,0,0,0,2,0,2,0,2,2,0,0,0,0,0,2,0,2,2,0,0,2,0,2,0,0,0,2,0,2,0,0,2,0,0,0,2,0,0,0,2,0,0,0,0,0,0,2,2,2,2,2,2,0,0,0,0,0,0,2,2,0,2,0,0,0,0,0,2,2,0,0,0,2,0,0,2,2,2,2,0,0,0,0,0,2,0,0,0,0,0,2,0,0,2,0,0,0,2,0,0,0,2,0,0,0,2,0,2,2,2,0,0,0,0,0,0,0,2,0,2,0,0,0,2,0,0,0,2,0,0,0,0,0,0,0,2,2,0,0,2,2,0,0,0,0,0,0,2,0,2,2,0,0,0,0,0,2,0,2,0,0,2,0,0,0,0,0,0,2,2,2,2,0,0,0,2,0,0,2,2,2,0,2,0,0,0,0,0,0,2,0,0,0,0,2,2,0,0,0,0,0,0,0,0,0,0,2,0,0,2,0,2,0,2,2,2,2,0,0,0,0,2,0,2,0,0,0,0,2,0,2,0,0,0,0,0,0,0,0,0,0,2,0,0,0,2,2,0,0,2,2,0,0,0,2,2,0,0,2,0,0,0,0,2,0,0,0,0,0,0,0,0,2,2,0,0,2,2,0,2,0,0,0,2,0,2,2,0,0,2,2,2,0,0,2,2,0,2,2,0,2,2,0,NA,2,2,0,2,0,0,0,2,0,2,0,0,0,2,2,2,2,0,2,0,0,0,2,2,2,2,2,2,2,0,0,2,2,2,2,NA,0,0,0,0,2,0,0,2,0,2,0,0,2,2,2,0,0,2,0,2,2,0,0,0,2,2,2,2,0,0,2,0,0,0,0,0,0,0,0,0,2,2,0,0,0,2,0,0,0,2,0,0,0,0,0,0,0,0,2,0,0,2,0,0,2,0,0,2,0,0,0,0,0,2,0,0,0,0,2,0,0,0,0,0,0,2,2,0,0,2,0,2,2,2,0,0,2,2,2,0,0,0,0,0,0,0,0,0,0,0,2,0,0,2,0,2,0,0,0,0,0,0,0,2,0,2,0,0,2,0,0,0,0,0,0,0,0,0,0,2,0,0,0,0,0,0,0,2,0,2,0,0,0,0,0,0,0,0,2,0,0,0,0,2,0,0,0,0,0,2,2,2,0,0,0,0,0,2,0,0,0,0,0,0,0,2,0,0,0,2,0,0,2,0,2,0,0,2,0,0,0,0,0,0,0,0,0,0,0,2,0,0,2,0,0,2,2,0,2,0,2,0,2,2,0,0,2,2,0,2,0,0,2,0,2,2,2,0,0,0,2,0,2,2,0,2,0,0,2,0,0,0,NA,2,0,0,0,0,2,2,0,2,2,0,0,0,0,0,0,2,0,0,0,0,0,0,0,2,0,0,0,0,0,0,0,0,0,0,0,2,0,0,0,0,0,0,0,NA,2,NA,2,2,0,2,0,0,0,0,0,0,2,0,0,0,0,2,0,0,2,0,0,2,0,0,0,0,0,0,0,0,2,0,0,0,0,0,0,0,0,0,0,0,0,0,0,0,0,0,0,0,0,0,0,0,0,0,0,0,0,0,0,2,2,0,2,0,0,0,0,0,0,2,0,0,0,0,0,0,0,2,0,0,0,0,0,0,0,0,0,0,0,0,0,0,0,0,0,0,2,2,0,0,0,0,0,0,0,0,0,0,0,0,0,0,0,0,0,0,0,0,2,0,0,2,0,0,0,0,0,0,0,0,0,0,0,0,0,0,0,2,2,0,2,0,0,0,0,0,2,2,0,2,2,2,0,0,2,0,0,0,2,0,2,0,0,0,2,2,0,2,2,0,0,2,0,2,0,0,2,0,0,2,0,2,2,2,0,0,0,0,0,2,0,0,0,0,0,2,0,0,2,0,0,2,2,0,0,2,0,2,0,2,0,0,0,0,2,2,2,2,0,2,2,0,2,0,2,0,0,0,0,0,0,2,0,2,0,2,2,0,0,2,2,2,0,0,2,0,2,0,2,2,2,2,0,0,0,0,0,0,0,0,0,0,2,0,0,0,0,0,0,0,2,2,0,2,0,0,0,0,2,0,2,0,2,0,2,0,0,2,0,0,2,0,0,0,0,0,0,0,2,0,2,0,2,0,0,0,0,0,0,2,0,2,2,2,0,0,0,2,0,0,0,0,2,2,2,0,0,0,0,0,2,0,0,0,2,0,0,2,0,0,2,2,0,2,2,0,0,2,0,0,0,0,0,0,0,0,2,0,0,2,0,2,2,2,0,0,0,2,2,0,2,0,2,0,0,0,0,2,2,2,0,2,2,2,0,2,2,0,0,0,0,2,0,0,2,2,2,0,2,0,0,0,2,2,0,0,0,0,0,0,0,0,0,0,2,0,0,0,0,0,0,0,0,0,2,0,0,0,2,0,0,2,2,0,0,2,0,0,0,0,0,0,NA,0,2,0,0,0,0,0,0,0,0,0,0,0,0,0,0,0,0,0,0,0,2,0,0,0,0,0,0,0,0,0,0,0,2,2,0,0,2,0,0,0,2,2,0,0,0,2,0,0,2,0,0,0,0,0,0,0,0,0,0,0,2,0,0,0,0,0,0,0,0,2,0,0,0,0,0,0,0,0,0,0,0,0,0,0,0,0,0,2,0,0,0,0,0,0,0,2,2,0,0,0,2,0,0,0,0,2,0,2,0,0,0,0,2,0,0,2,0,0,0,0,2,NA,0,0,0,0,0,0,2,0,0,0,0,2,2,2,0,0,0,2,0,2,0,0,0,2,0,2,0,0,0,2,2,2,2,0,0,2,0,0,2,2,0,0,0,0,2,0,0,0,0,0,0,0,0,0,0,0,0,2,0,0,0,2,0,0,0,0,2,2,0,2,0,0,2,2,0,0,0,0,0,2,0,0,0,0,0,0,0,0,0,0,0,2,0,2,0,0,0,0,0,2,2,0,2,0,0,2,0,0,0,0,0,2,0,2,2,0,0,0,0,2,0,0,0,2,0,2,0,0,0,0,0,0,2,0,2,0,0,2,0,0,2,0,2,0,2,0,0,2,0,0,0,0,0,0,0,0,0,0,0,2,0,2,2,0,0,0,0,0,0,0,0,0,0,0,0,2,2,2,0,0,0,0,2,0,0,0,0,0,0,0,2,0,0,0,0,0,0,2,0,0,0,0,2,0,0,0,0,0,2,0,0,0,2,0,0,0,0,2,0,0,0,0,0,0,0,0,0,0,0,0,0,0,0,2,0,0,2,2,0,0,2,2,0,0,0,0,0,0,0,0,0,0,0,2,0,0,0,0,2,0,2,2,0,0,0,2,0,2,0,0,0,0,0,0,2,0,0,0,0,0,0,0,2,0,0,2,0,0,0,0,2,0,2,2,0,2,0,0,0,0,0,0,0,0,0,0,0,2,2,0,NA,2,0,2,0,0,0,2,2,2,2,0,0,0,0,0,0,0,0,0,0,0,0,0,2,2,2,2,2,2,2,0,0,0,2,2,0,0,0,0,0,0,2,0,0,0,0,2,0,0,2,0,0,2,2,0,2,0,0,0,0,0,0,0,0,2,0,0,0,2,0,2,0,2,0,2,0,0,0,0,0,2,0,2,0,0,0,0,0,0,2,0,2,0,0,0,0,0,2,NA,0,0,0,2,2,0,0,2,0,0,0,0,2,0,0,0,0,0,0,0,0,0,0,0,0,0,0,0,2,0,0,0,0,2,0,0,0,0,0,0,0,0,2,2,2,0,0,0,2,0,0,0,0,0,2,0,0,2,2,0,0,0,0,0,0,0,2,0,0,0,2,0,2,0,2,0,2,0,2,0,0,2,0,2,0,0,0,0,2,0,0,0,0,2,0,0,0,2,0,0,0,0,2,0,0,2,0,2,2,2,2,0,2,0,0,0,0,0,0,0,0,2,2,2,0,0,0,0,2,2,0,0,2,0,2,0,2,0,0,2,0,0,0,0,0,0,0,0,0,2,0,2,0,2,0,0,0,0,0,0,0,0,2,NA,0,2,0,0,0,2,0,0,NA,0,2,2,0,0,0,2,0,0,0,0,0,2,2,2,2,0,2,0,2,0,2,2,2,2,2,0,0,0,2,0,2,0,2,2,0,0,0,0,0,0,2,0,2,2,2,0,0,2,2,0,0,0,0,2,0,0,2,2,0,0,0,0,0,0,0,0,2,2,0,0,0,0,2,0,0,0,0,2,0,0,2,0,0,0,0,0,0,0,0,2,2,0,0,2,0,2,2,0,0,0,0,0,NA,0,0,2,2,0,0,0,0,0,0,0,2,0,0,0,0,0,0,0,0,0,0,0,0,2,2,0,2,0,0,0,0,0,2,0,0,0,0,2,0,2,2,0,0,2,2,2,0,0,0,0,0,2,2,2,0,0,2,0,0,2,2,2,2,2,2,2,2,0,0,0,0,0,0,2,0,0,0,0,2,0,0,0,0,0,0,0,0,0,2,0,0,0,2,2,2,2,0,2,0,0,0,0,2,0,0,0,0,0,0,2,0,0,0,0,0,0,0,0,0,0,2,2,2,0,0,0,2,0,0,0,0,0,0,0,0,2,0,0,0,2,0,0,0,0,0,2,0,0,2,0,0,0,0,0,0,0,0,2,0,2,2,0,2,0,0,0,0,0,0,0,0,2,0,0,0,0,0,0,0,0,0,0,0,2,2,2,0,0,2,0,0,0,0,0,0,0,0,0,0,0,2,0,2,2,2,0,0,0,2,0,0,0,0,0,0,0,0,0,0,0,0,0,2,0,2,0,0,0,0,0,0,0,0,0,0,0,0,0,0,2,0,0,0,0,2,0,2,2,0,2,0,0,2,0,2,0,0,0,0,0,0,0,0,0,0,0,0,0,2,0,0,0,0,0,0,0,0,0,0,2,0,0,0,0,0,0,0,0,0,0,2,0,2,0,0,0,0,0,2,0,0,2,0,2,0,0,2,0,0,0,0,0,0,0,2,0,2,0,2,0,0,0,2,2,0,0,0,0,0,0,0,0,0,2,0,0,0,0,2,0,0,0,0,2,2,0,2,0,2,0,0,0,0,0,2,2,0,2,2,0,0,0,0,2,0,0,0,0
"CC223",0,0,0,0,2,0,0,0,0,0,0,0,0,0,0,0,0,0,0,2,2,0,0,2,0,0,0,0,0,0,0,0,0,0,0,0,0,0,0,0,0,0,0,0,0,0,0,2,2,0,2,0,0,0,0,0,2,0,0,0,0,0,0,0,2,0,0,0,0,0,0,0,0,0,0,0,0,0,0,2,0,0,0,0,0,0,0,2,0,0,0,2,0,0,0,2,0,0,0,0,2,2,0,2,2,2,2,0,0,0,0,0,0,0,0,0,0,0,0,0,0,0,0,2,0,2,0,0,0,0,0,0,0,0,2,0,0,0,0,0,0,0,0,0,0,0,0,2,0,0,0,0,0,0,0,0,2,0,0,0,0,0,0,0,0,2,0,0,0,0,0,0,0,2,0,0,2,0,0,0,0,0,2,0,0,0,0,0,0,0,2,0,0,2,0,0,0,0,0,0,0,0,0,2,0,0,0,2,0,2,0,0,0,2,0,0,0,0,0,0,0,0,0,0,0,0,0,0,2,0,0,0,0,0,0,0,0,0,0,0,0,0,0,0,0,0,0,0,0,0,0,0,0,0,0,0,2,2,0,0,0,0,0,0,0,0,0,0,0,0,0,0,0,0,0,0,2,2,0,0,0,2,0,0,0,0,0,0,0,0,0,0,0,0,0,0,0,0,0,0,0,0,0,2,0,0,0,2,0,0,0,2,0,0,0,0,0,2,0,0,0,0,0,0,0,0,0,0,0,0,0,2,2,0,0,2,0,0,0,0,0,0,0,0,0,0,0,0,0,0,0,0,0,0,0,2,0,0,0,0,2,0,0,2,0,2,0,0,0,0,0,0,0,2,2,0,0,0,0,0,0,0,0,0,0,0,2,0,0,0,0,2,2,0,0,0,0,0,0,0,0,0,0,0,0,0,0,0,0,2,0,0,0,2,0,0,0,2,0,0,0,0,0,0,0,0,0,2,0,0,0,0,0,0,2,0,0,0,0,0,2,0,0,0,0,2,0,0,0,0,0,0,0,0,0,0,2,0,0,0,2,2,0,2,0,0,0,2,0,0,2,2,0,2,0,0,0,0,0,0,0,0,0,0,0,0,0,2,0,2,0,2,0,2,2,2,0,0,0,0,0,0,2,0,0,0,0,0,0,2,0,2,2,0,0,2,2,0,0,0,2,0,0,0,2,2,2,0,0,0,0,2,0,0,0,0,0,0,0,0,0,0,0,2,0,0,0,0,0,0,0,0,0,0,0,0,0,2,0,0,0,0,0,2,0,0,0,0,0,0,0,2,0,0,0,0,0,0,0,0,0,0,0,0,0,0,0,0,0,0,0,0,0,0,0,0,2,2,2,0,0,0,0,0,0,0,0,0,0,0,0,0,0,0,0,2,0,0,0,0,0,0,0,0,0,0,0,0,0,0,0,0,0,0,2,0,0,0,0,0,0,0,2,2,2,2,0,2,0,2,0,0,0,0,0,0,2,0,0,0,2,0,0,0,0,0,0,0,2,0,0,0,0,2,0,0,0,0,0,0,0,0,2,0,0,0,0,0,0,0,2,0,0,0,0,0,0,0,0,0,0,0,0,0,0,0,0,0,0,0,0,2,0,0,0,0,2,0,0,0,0,0,0,0,0,0,0,0,0,0,0,0,2,0,0,0,0,2,0,0,0,2,2,0,0,0,0,0,0,0,2,0,0,0,2,2,0,0,2,0,2,2,0,2,0,0,0,0,0,0,2,0,0,0,0,0,0,0,0,0,0,0,2,2,0,0,0,0,0,0,0,0,0,2,2,2,0,0,0,0,0,0,0,0,0,0,0,0,0,0,2,0,0,0,2,0,0,0,0,0,0,0,2,0,0,0,0,0,0,0,0,0,2,0,0,2,0,0,2,0,0,0,0,2,0,0,0,2,2,0,0,2,0,0,0,2,0,0,0,2,0,2,2,0,2,2,2,2,2,2,2,0,0,0,0,0,0,0,0,0,0,2,0,0,0,0,2,0,0,2,0,0,0,0,2,0,0,2,0,0,0,0,2,0,2,2,0,0,0,0,0,0,0,0,0,2,0,0,0,0,0,0,0,0,2,0,0,0,2,0,0,0,0,0,0,0,0,0,0,0,0,0,0,2,0,0,0,0,0,0,2,0,0,2,0,0,2,0,0,0,0,2,0,0,0,0,0,2,0,0,0,0,0,0,0,2,0,2,0,0,0,0,2,2,2,0,0,2,0,0,2,0,0,0,0,0,2,2,0,0,0,2,0,0,0,0,0,0,0,0,0,2,0,2,0,0,2,2,0,0,0,0,0,2,0,0,0,0,0,0,0,0,0,2,2,0,0,0,2,0,0,0,0,0,0,2,2,0,2,0,0,2,2,2,0,0,0,2,2,0,0,0,0,2,2,0,0,2,0,0,0,0,2,0,0,2,0,0,0,0,0,2,2,0,0,0,0,2,2,0,0,2,2,0,0,0,0,0,2,2,0,0,2,0,0,0,0,0,0,2,2,0,0,0,0,0,2,0,2,0,0,0,0,0,0,0,0,0,0,2,0,0,0,2,0,0,2,0,0,0,0,2,0,2,0,0,0,0,2,2,0,0,2,0,0,0,0,0,0,0,0,0,0,0,0,0,0,0,0,0,2,0,0,0,0,0,0,0,0,0,2,0,0,2,2,0,0,0,0,0,2,2,0,0,2,2,0,0,2,0,0,0,0,0,2,0,2,0,0,0,0,0,0,0,0,0,2,0,0,2,2,0,0,0,0,0,0,0,0,2,0,0,0,0,0,NA,0,0,0,2,0,2,2,0,0,2,0,2,0,2,0,0,0,0,0,0,0,0,2,0,2,0,0,0,2,0,2,2,2,2,0,0,2,0,0,0,2,0,0,0,0,0,2,2,0,2,0,2,0,0,0,0,0,0,0,2,0,NA,2,0,0,2,0,0,0,0,0,2,0,0,2,0,0,0,2,2,0,2,0,0,2,0,0,0,0,2,2,0,0,0,0,0,0,0,0,2,0,0,0,0,0,2,2,0,2,0,0,0,0,0,0,0,2,2,0,0,0,0,0,0,0,0,0,0,0,0,2,0,2,0,0,0,0,2,2,0,0,0,0,0,0,2,0,0,0,0,0,0,0,0,0,0,0,2,0,0,2,0,0,2,2,0,0,2,0,0,0,0,2,0,2,0,0,0,0,0,2,0,0,0,0,0,0,0,0,NA,0,0,0,0,2,2,2,0,0,0,0,0,0,0,0,0,0,0,0,0,2,0,0,0,0,0,0,2,2,0,0,0,0,0,0,0,0,0,2,2,0,0,2,0,0,0,0,0,0,0,0,2,0,2,0,0,0,0,0,0,0,0,0,0,2,0,0,0,0,0,0,2,2,0,2,0,2,0,2,0,0,0,0,2,0,2,0,0,0,0,0,2,0,0,0,0,0,0,0,0,0,0,0,0,0,0,0,0,0,0,2,0,0,0,0,0,0,0,0,2,0,0,0,2,0,0,2,0,0,0,0,2,2,0,0,0,0,2,0,0,0,0,0,0,0,0,2,0,0,0,0,0,0,0,0,0,2,2,0,2,0,0,0,2,0,0,0,0,2,0,2,0,0,0,0,0,2,0,0,0,0,2,0,0,NA,0,0,2,0,0,0,2,0,2,0,0,2,0,0,0,2,0,0,0,0,0,0,0,0,0,0,0,2,0,0,0,2,0,2,2,2,0,0,2,0,0,2,0,0,0,0,0,0,0,0,0,0,0,0,0,0,2,0,0,0,0,2,0,0,0,0,0,0,0,0,0,0,0,0,2,0,0,0,2,0,0,2,2,0,2,0,0,0,0,0,0,2,0,0,2,2,2,0,0,0,0,0,0,2,0,0,0,0,2,2,0,2,0,0,0,2,0,2,0,0,0,0,0,0,0,0,0,0,0,0,0,2,0,0,2,0,0,0,0,0,0,0,0,0,0,2,0,0,0,2,0,0,0,0,0,0,0,0,0,0,0,2,0,0,0,0,2,0,0,0,0,2,0,2,2,0,0,0,0,2,0,2,0,0,2,0,0,0,2,0,0,0,0,2,0,2,2,0,0,0,2,2,0,0,2,0,0,0,0,0,0,0,0,0,2,0,0,2,0,0,2,0,2,0,0,0,2,0,2,2,0,0,2,2,0,2,0,0,0,2,0,0,2,0,2,0,0,0,0,0,0,0,0,0,2,0,0,2,0,0,0,0,0,0,0,0,0,2,0,0,2,0,0,2,0,0,0,2,2,0,0,0,0,0,0,2,0,0,0,2,2,0,0,2,0,0,0,0,2,0,2,0,0,0,0,0,0,0,2,0,2,0,0,0,0,0,0,0,0,0,0,0,0,2,0,2,0,0,0,0,0,0,0,0,0,0,0,0,2,0,0,0,0,2,0,0,0,0,0,0,0,0,0,2,0,0,2,0,0,0,0,0,0,0,2,0,0,2,0,2,2,0,0,0,0,0,0,0,0,0,2,0,0,0,0,0,0,0,0,0,0,0,2,0,0,0,0,0,0,0,0,0,0,0,2,0,0,0,0,0,0,0,0,2,0,0,0,0,0,0,2,0,2,0,0,0,0,0,0,0,0,0,0,2,0,0,0,0,0,0,0,0,0,0,0,0,0,0,0,0,2,2,0,0,0,0,0,0,0,2,0,0,0,0,2,2,0,0,0,0,0,2,2,0,2,0,0,0,0,0,2,0,0,0,0,0,0,0,0,0,0,0,2,0,0,0,0,0,0,0,0,2,2,2,0,0,0,0,2,0,0,0,0,0,0,0,0,0,0,0,0,0,0,0,0,0,2,0,2,0,0,0,0,0,0,2,0,0,2,0,2,0,0,2,0,0,0,0,2,0,0,0,0,0,2,0,0,0,0,0,0,0,0,2,0,0,0,0,0,0,0,0,0,0,0,0,0,2,2,0,0,0,0,0,0,0,0,2,2,2,0,0,0,0,0,2,0,2,2,0,0,0,0,0,0,0,0,0,0,0,0,2,2,0,0,2,0,0,0,0,0,0,0,0,2,0,0,0,0,2,0,2,0,0,0,0,0,0,0,2,0,0,0,2,2,0,0,0,0,0,0,0,0,0,0,2,0,0,0,0,2,0,0,0,2,0,0,0,0,2,0,0,0,0,2,2,0,0,0,0,0,0,2,0,0,0,0,0,2,2,0,0,0,0,0,0,0,0,0,2,0,0,2,0,0,0,0,0,0,0,0,2,0,0,0,0,0,0,0,0,0,0,0,0,0,0,0,0,0,0,0,0,2,2,0,0,0,0,0,0,0,0,0,0,0,2,0,0,0,0,0,0,0,0,0,0,0,2,0,0,0,0,0,0,0,0,0,2,0,0,0,0,2,0,0,0,0,0,0,0,0,0,0,2,0,0,0,0,0,2,0,0,0,0,2,0,0,0,0,0,0,0,0,0,0,0,0,0,2,0,0,0,2,0,0,0,0,0,0,0,0,0,0,0,0,0,0,0,2,0,0,0,0,0,0,2,0,0,0,0,0,0,0,0,0,0,0,2,0,0,2,0,0,0,0,0,0,0,0,0,0,0,0,0,0,2,0,0,0,0,0,2,0,0,0,0,2,2,2,0,2,2,0,0,0,0,0,2,0,2,0,0,0,0,0,0,0,0,2,2,0,0,0,0,0,0,0,0,0,0,0,0,2,2,0,0,0,2,0,2,0,0,2,0,2,0,0,0,2,0,0,0,0,0,2,0,2,0,0,0,0,0,0,2,0,0,0,0,0,0,0,2,0,0,0,0,0,2,0,0,0,2,0,0,0,0,0,0,2,0,0,0,0,0,0,0,0,0,0,0,2,0,0,0,0,0,2,0,2,0,0,0,0,0,0,2,0,2,2,2,2,0,2,2,0,0,0,0,0,0,2,0,0,0,0,2,0,2,2,2,0,0,2,2,2,0,2,0,0,2,2,2,2,0,0,2,0,0,0,0,2,0,2,2,2,0,2,0,0,0,2,0,2,0,0,0,0,0,2,2,0,0,0,0,0,0,0,0,2,0,2,0,0,0,0,2,0,0,2,0,0,0,0,0,0,0,0,0,0,0,0,0,2,2,0,0,0,2,0,2,NA,2,0,0,0,0,0,0,0,0,0,2,0,0,0,0,0,0,0,0,2,0,0,0,0,0,0,0,0,0,0,2,0,0,0,0,0,0,0,0,0,2,0,0,0,0,2,0,0,0,0,2,0,0,0,0,0,0,2,2,0,0,0,2,2,0,0,2,2,2,2,0,0,0,NA,2,0,0,0,0,0,0,0,0,0,0,0,0,2,2,0,0,2,2,2,0,0,0,2,0,0,0,0,0,0,0,0,0,0,0,0,0,0,0,0,0,2,0,2,0,0,2,0,2,2,2,0,0,2,0,2,2,0,0,0,2,0,2,0,2,0,0,0,2,0,2,0,0,2,0,0,0,0,2,0,0,2,0,0,0,0,0,0,2,0,0,0,0,0,2,0,0,2,0,0,0,0,0,2,0,0,NA,0,2,0,0,0,0,0,0,0,0,2,0,0,0,0,2,0,0,0,0,2,0,2,2,0,2,0,2,2,0,2,2,2,0,0,0,0,0,0,0,NA,0,0,0,2,0,2,0,0,0,0,0,0,2,2,0,0,0,0,0,0,0,0,0,2,0,0,0,0,2,0,0,2,2,0,0,2,0,0,0,0,0,0,0,0,2,0,0,0,0,0,0,0,0,0,0,0,0,0,0,0,0,2,0,0,2,0,0,0,2,0,0,0,0,0,0,0,2,0,0,0,0,0,2,2,0,0,2,2,0,2,0,2,0,0,0,0,0,0,0,0,0,0,2,0,2,0,2,0,0,0,2,0,0,0,0,0,0,2,0,0,0,0,2,0,0,0,0,0,0,0,0,2,0,0,0,0,2,0,2,0,0,0,0,0,2,0,0,0,0,0,0,0,0,0,0,0,0,0,0,0,0,0,0,0,0,0,0,2,2,0,0,0,0,0,0,0,2,2,2,0,0,0,0,2,0,2,0,0,0,0,0,0,2,0,0,0,0,2,2,0,0,0,0,0,0,0,2,0,0,0,2,0,0,0,0,2,2,0,2,0,0,0,0,0,0,0,0,0,2,0,0,0,0,0,0,0,0,0,0,0,0,NA,0,0,0,0,0,0,0,0,0,2,0,2,2,0,2,0,0,0,0,0,2,0,2,0,0,2,0,2,2,0,2,0,0,2,0,2,0,0,0,2,0,0,0,2,2,0,0,0,0,2,0,2,0,0,0,0,0,2,0,2,0,0,2,0,0,2,0,0,0,2,2,0,2,2,0,2,0,0,0,0,0,2,0,2,2,2,0,2,2,2,0,2,0,NA,0,0,0,0,2,0,0,0,0,0,2,2,0,2,2,0,2,0,0,0,0,0,0,0,0,0,0,0,0,0,0,0,2,0,0,0,0,0,0,0,0,0,0,0,0,0,0,0,0,0,0,0,0,0,0,0,0,0,2,0,0,0,0,2,2,0,0,0,0,0,0,0,0,0,0,0,0,0,0,2,0,0,0,0,0,0,0,0,0,0,0,0,0,0,0,0,0,0,0,2,2,0,0,2,0,0,2,0,0,0,0,2,0,0,0,2,0,0,2,0,0,2,0,0,0,0,2,0,0,2,0,0,0,0,0,0,0,2,0,0,2,2,0,0,0,0,0,0,0,0,0,0,0,0,0,0,0,0,0,0,0,0,0,2,2,0,0,0,0,0,2,2,2,0,0,0,0,0,0,0,2,0,2,2,0,0,0,0,0,0,0,0,0,2,0,0,0,0,2,2,2,0,0,0,2,2,NA,2,2,0,0,0,0,2,0,0,0,0,0,0,0,0,2,2,0,0,0,0,0,0,0,0,0,0,0,0,0,0,0,0,0,0,0,0,2,0,0,0,0,0,2,2,0,0,0,2,0,0,0,0,0,2,0,0,0,0,0,0,0,0,0,0,0,0,0,0,0,0,0,0,0,0,0,0,2,0,0,0,0,0,0,0,0,0,0,0,0,0,0,0,0,0,0,0,0,0,2,0,0,2,0,0,2,0,0,0,0,0,2,0,0,0,0,2,0,0,2,0,2,0,0,0,0,2,NA,0,0,2,0,0,0,0,0,0,0,0,0,0,0,0,0,0,0,0,2,0,0,0,0,0,0,0,0,2,0,2,0,0,0,0,0,0,0,0,0,0,0,0,0,0,2,0,0,0,0,0,0,0,0,0,0,0,0,0,0,0,0,0,2,0,0,0,0,0,0,0,0,0,0,2,2,0,0,0,0,0,0,0,0,0,0,2,0,0,0,0,0,0,0,0,0,0,0,0,0,0,0,0,0,0,0,0,0,0,0,0,0,0,0,2,2,0,0,0,0,0,2,0,0,2,0,0,2,0,0,0,0,0,0,0,0,0,0,0,0,0,0,0,0,0,0,0,0,0,0,0,0,0,0,0,0,0,0,0,0,0,0,0,0,0,0,0,0,0,0,0,0,0,0,2,0,2,0,0,2,0,0,0,0,0,0,0,0,2,0,0,2,0,0,2,2,0,0,0,0,0,0,0,0,0,0,2,0,0,0,0,2,0,0,0,2,0,0,0,0,2,0,0,0,0,2,2,0,2,0,0,2,0,0,0,2,0,0,0,0,0,0,2,2,2,0,0,0,0,2,0,2,0,2,2,0,0,0,0,2,0,0,0,2,0,0,0,0,0,0,0,0,0,0,0,0,0,0,0,0,2,0,2,0,0,0,0,0,0,0,0,0,0,0,0,0,0,0,0,0,0,0,0,2,0,2,0,0,2,2,0,2,2,0,2,0,0,0,2,0,0,0,2,0,0,0,2,0,0,2,2,0,0,0,0,0,0,0,2,0,0,0,0,0,0,0,0,0,0,0,0,0,0,2,0,0,2,2,0,0,2,0,0,0,0,0,0,2,2,2,0,0,0,0,0,2,0,0,0,2,2,0,0,0,0,0,0,0,0,0,0,0,0,0,2,0,2,0,0,0,0,0,0,0,0,0,2,2,0,2,0,2,0,0,0,2,2,0,2,2,0,2,NA,0,0,0,0,2,0,0,2,2,0,0,2,0,0,0,0,2,0,0,0,0,0,0,0,0,0,0,0,0,0,0,0,2,0,0,0,0,0,0,2,2,0,0,0,0,0,0,0,0,0,0,2,0,0,0,0,0,2,0,0,0,0,0,0,0,2,2,0,0,0,0,0,0,2,0,2,0,0,0,0,0,0,2,0,0,0,0,0,0,0,0,0,2,0,0,0,2,0,2,0,0,2,0,2,2,0,0,0,0,0,2,2,0,0,0,0,0,0,0,0,0,0,0,0,2,0,0,0,0,0,0,0,0,0,2,0,2,0,0,0,0,0,0,2,0,0,0,0,0,0,0,0,0,0,0,0,2,0,2,0,2,0,0,0,0,0,0,0,0,2,0,0,2,0,0,0,0,0,0,0,0,0,0,0,0,0,0,0,2,2,2,2,0,0,2,0,0,0,0,0,0,0,2,2,0,0,2,0,0,2,2,2,0,0,0,0,0,0,NA,0,2,0,0,0,0,0,0,0,2,0,0,0,0,2,0,0,0,0,2,2,0,0,0,0,0,0,0,0,0,0,2,0,0,2,0,2,0,0,2,0,0,0,0,0,2,2,0,0,0,0,0,0,0,0,0,0,2,0,2,0,0,0,2,0,0,0,2,0,0,0,0,2,0,0,2,2,2,0,0,0,0,0,0,2,2,2,0,0,0,0,2,0,0,0,0,0,0,0,2,0,2,2,2,2,0,0,2,0,2,0,0,0,0,0,0,0,0,0,0,2,0,0,0,0,0,0,0,0,0,0,0,0,0,0,0,0,0,2,2,0,0,0,0,2,0,2,0,2,2,0,0,2,0,0,2,0,0,2,0,0,0,0,0,0,2,0,0,0,0,0,0,0,0,0,2,2,0,2,0,0,0,2,2,0,2,0,0,2,2,0,0,0,0,2,0,2,0,0,0,0,2,2,0,0,2,0,2,0,2,2,0,0,2,0,0,0,0,0,0,0,0,0,0,0,0,0,0,0,0,0,0,0,0,0,2,2,0,0,0,0,2,0,0,0,0,0,0,0,0,0,0,0,0,0,0,0,0,0,0,0,0,0,0,0,0,0,0,2,2,0,0,0,2,0,0,2,0,0,2,0,0,2,0,0,NA,2,0,0,2,2,0,0,2,0,0,0,0,2,0,2,0,0,0,0,2,2,0,0,0,0,0,0,2,0,2,0,2,2,0,0,0,0,0,2,0,0,0,2,0,0,0,0,0,0,2,0,0,0,0,0,0,0,0,0,0,0,0,2,0,2,0,2,0,0,0,0,0,2,2,2,0,0,0,0,0,0,0,0,0,0,0,0,2,2,2,0,2,0,0,2,0,0,2,0,2,2,0,0,0,0,2,2,0,0,0,0,0,0,0,2,0,0,0,0,0,0,0,0,0,0,2,2,0,0,0,0,2,0,0,2,0,0,0,0,0,0,2,2,0,2,0,2,0,2,0,0,2,0,0,0,0,2,0,2,2,0,2,0,2,0,2,0,2,0,0,0,0,0,0,0,2,2,2,0,0,0,0,2,0,0,0,0,2,2,0,0,0,0,2,0,0,0,0,2,2,0,0,0,0,0,0,0,0,0,0,0,0,2,0,2,0,0,0,0,0,2,0,0,0,0,0,0,0,0,0,0,0,0,0,0,0,0,0,0,0,2,0,0,0,0,2,0,0,0,0,2,0,0,0,0,0,2,0,2,0,2,2,0,0,0,0,2,0,0,0,0,0,2,0,0,0,0,0,0,0,0,0,0,2,0,0,2,0,0,0,0,0,0,0,0,0,2,2,0,0,0,0,2,0,0,0,0,0,0,0,0,0,0,0,0,0,0,0,0,0,0,0,0,0,0,0,0,0,0,0,0,0,0,0,2,0,0,0,0,0,0,2,0,0,0,0,0,2,0,0,0,0,0,0,0,2,2,0,0,0,0,0,0,0,2,2,2,0,0,2,0,0,0,0,0,0,0,2,0,0,0,2,0,0,0,0,0,0,0,0,0,0,0,2,0,2,0,2,0,0,0,2,0,0,0,0,0,0,0,0,0,NA,0,0,0,2,0,0,0,0,0,0,0,2,0,0,0,0,0,0,2,0,0,0,0,2,0,0,0,0,2,0,2,2,0,0,0,0,0,0,2,2,0,0,NA,2,2,2,0,0,0,0,0,2,0,0,2,0,0,0,2,0,0,0,0,0,0,2,2,0,0,0,0,0,2,2,0,2,0,2,2,2,2,2,2,2,0,2,0,0,0,0,2,0,0,0,0,2,0,0,0,2,0,2,0,2,0,0,0,0,2,0,2,2,2,2,0,0,0,0,0,0,0,0,2,0,0,0,2,2,0,0,0,0,0,0,0,0,0,0,2,0,0,2,0,0,0,2,0,2,2,0,2,0,0,0,0,0,0,0,2,2,2,0,0,0,0,0,0,0,0,0,2,0,0,0,0,0,2,0,2,0,2,2,0,0,0,0,0,0,0,2,0,2,2,0,0,0,2,0,2,0,0,0,2,0,0,0,0,0,0,0,0,0,2,0,0,0,2,0,0,2,0,2,0,0,0,0,2,0,0,0,0,0,0,2,0,0,0,0,0,0,2,0,2,0,2,0,0,0,0,0
"CC224",2,0,0,0,0,0,0,2,0,2,0,0,0,0,0,0,0,0,0,2,0,0,0,0,2,0,0,0,0,0,0,0,0,0,0,0,0,0,0,2,0,0,0,0,0,0,0,0,0,0,0,0,0,0,0,0,0,0,2,0,0,0,0,0,2,0,0,0,0,0,2,0,0,0,0,0,0,2,0,2,0,0,0,0,0,0,2,0,0,0,0,0,0,2,0,2,0,0,0,0,2,2,0,2,2,2,0,0,0,0,0,0,0,0,0,0,0,2,0,0,2,0,0,0,0,0,0,0,0,0,2,0,0,2,0,0,0,0,2,0,0,2,2,0,0,0,0,0,0,0,0,0,2,0,0,2,0,0,0,0,0,0,0,0,0,2,2,0,0,0,0,0,2,2,2,0,0,0,0,0,0,2,0,0,2,0,0,0,0,2,0,2,2,0,0,0,0,2,0,0,0,0,0,2,0,0,0,0,0,0,0,0,0,0,0,2,2,0,2,0,0,0,0,0,0,2,0,2,0,0,0,0,0,0,0,0,0,0,0,0,2,0,0,0,0,2,0,0,2,2,0,0,0,0,0,0,2,0,0,0,0,0,2,2,2,0,0,0,2,0,0,0,0,2,0,2,0,0,0,0,2,0,0,0,0,0,0,0,0,0,0,2,2,0,0,2,0,0,2,2,0,2,0,2,2,0,2,0,0,0,0,0,0,0,0,0,0,2,0,0,0,0,2,0,0,0,0,0,0,0,0,2,0,0,0,0,2,0,0,0,0,0,0,0,0,0,0,0,0,0,0,0,0,0,0,0,0,0,0,0,0,0,0,0,0,2,0,0,0,0,0,2,0,0,0,0,0,0,0,0,0,0,0,0,0,0,2,2,0,0,0,2,0,0,0,0,0,0,0,0,0,0,0,0,0,0,0,0,0,0,0,0,0,0,0,0,0,0,0,0,0,0,0,0,0,0,0,0,2,2,0,0,0,0,2,0,0,0,2,0,2,0,0,0,0,2,0,0,0,0,0,0,2,0,0,0,0,2,0,0,0,0,0,0,0,0,2,2,0,0,2,0,0,2,0,0,0,2,2,0,0,2,0,0,0,2,0,0,2,0,0,0,2,0,0,0,0,0,2,2,0,2,0,0,0,0,2,0,0,0,0,0,0,0,0,0,0,0,0,0,2,0,0,0,0,0,0,2,0,0,0,NA,2,0,0,2,0,0,0,2,0,0,0,0,2,0,0,0,0,2,0,0,0,2,0,0,0,0,0,0,0,2,2,0,0,0,0,0,0,2,0,0,0,0,0,0,0,0,0,2,0,2,0,0,0,0,0,0,0,2,0,0,0,0,0,0,2,0,0,0,0,0,0,2,0,0,0,0,2,0,0,0,0,0,0,0,2,0,2,0,0,0,0,0,0,0,0,0,0,0,0,0,0,0,0,0,0,0,0,2,0,0,2,0,0,0,2,0,2,0,0,0,0,0,2,0,2,0,0,0,2,0,0,0,0,0,0,0,0,0,0,2,2,0,0,0,0,2,2,0,0,0,0,0,0,0,0,2,0,0,0,0,0,0,0,0,2,2,2,2,0,2,0,0,0,0,0,0,2,0,0,2,0,0,0,0,2,0,2,0,0,2,0,0,0,0,0,0,0,2,2,0,0,0,0,2,0,0,0,0,0,0,0,0,0,2,0,2,2,0,0,0,0,2,0,0,0,0,2,0,2,0,0,0,NA,2,0,NA,0,2,0,2,2,2,0,0,0,0,0,0,0,2,0,0,0,0,0,0,0,2,0,0,2,0,0,0,2,0,0,0,2,0,0,2,0,0,0,0,0,0,0,0,2,0,0,0,2,0,NA,2,0,0,0,0,0,0,2,0,0,0,2,2,0,2,0,2,0,0,0,0,0,0,0,0,0,0,0,2,0,0,0,0,0,2,0,0,0,0,2,0,0,0,2,0,2,0,0,0,0,0,2,0,0,0,2,0,0,0,0,0,0,2,0,0,2,0,0,0,0,2,0,0,0,0,0,0,0,0,2,0,0,0,0,0,2,0,2,0,0,0,0,0,0,0,0,0,0,0,0,0,0,0,0,0,2,0,0,0,0,0,2,0,0,0,0,0,0,0,0,0,0,2,0,0,0,0,0,0,0,0,0,0,0,0,0,0,2,0,0,0,0,0,2,0,0,0,0,0,0,0,2,0,0,0,0,0,0,2,0,0,2,0,0,0,2,0,0,2,0,0,2,0,0,0,0,0,0,2,0,0,0,2,2,0,0,0,0,0,2,0,2,0,0,0,0,2,0,0,0,0,0,0,0,0,0,0,0,0,0,0,0,0,0,0,0,0,0,0,0,0,0,0,0,0,0,0,0,0,2,0,0,0,0,0,0,0,0,0,2,0,0,0,0,0,0,0,0,2,0,0,2,0,0,0,0,2,0,2,0,0,2,0,0,0,0,0,2,0,0,0,0,0,0,0,0,2,0,0,0,0,0,0,0,2,0,0,0,2,2,0,2,0,2,0,0,2,0,0,0,2,0,2,0,2,0,0,0,0,0,0,2,0,0,0,0,0,0,0,0,0,0,0,0,2,2,0,0,0,2,2,0,2,0,2,0,0,0,0,0,2,2,2,0,0,0,0,0,0,2,0,0,0,0,0,0,0,0,0,0,0,2,0,0,0,0,0,0,0,0,0,0,0,2,0,0,0,0,0,0,2,0,0,0,0,0,0,0,0,0,0,0,0,0,0,0,0,2,0,0,0,0,0,0,0,0,0,2,2,0,0,0,NA,0,0,0,0,0,0,0,0,2,2,0,0,0,0,2,2,0,2,0,0,0,0,2,2,0,0,0,0,2,0,0,0,0,2,2,0,2,0,0,0,0,0,0,0,0,0,0,0,0,2,2,0,0,0,0,0,0,2,0,2,0,0,0,0,0,0,2,0,0,2,0,0,0,2,0,0,0,2,2,0,0,0,0,0,2,0,0,0,0,0,0,2,0,2,2,0,2,0,0,0,2,0,0,0,0,0,0,0,0,2,2,0,2,0,0,0,0,0,0,2,2,2,2,0,0,0,0,0,0,0,0,0,0,0,2,0,2,0,0,0,2,0,0,0,2,0,2,0,0,0,0,2,0,0,0,0,2,0,0,0,0,0,0,0,2,0,0,2,0,2,0,2,2,2,0,2,2,2,NA,0,0,2,0,0,0,0,0,0,2,0,2,0,0,0,2,0,0,0,0,0,2,2,0,0,2,0,2,0,0,0,2,0,0,0,0,0,2,2,NA,0,2,2,2,0,0,0,0,2,0,0,0,0,2,2,0,0,0,2,0,0,0,0,2,2,0,0,2,0,2,0,0,0,0,0,2,2,0,0,0,0,0,0,0,0,0,0,2,0,0,2,0,0,2,0,0,0,0,0,0,0,2,2,0,0,0,2,0,0,2,2,2,2,0,2,0,2,2,0,0,0,0,0,0,0,0,0,0,0,0,0,2,0,0,0,2,0,0,0,0,0,0,0,0,0,0,0,0,0,0,2,0,0,2,0,0,0,0,2,0,0,0,0,0,0,0,2,0,2,2,0,0,0,2,2,0,0,0,0,0,2,0,0,2,0,0,0,0,0,0,0,0,2,0,0,0,2,0,0,0,0,2,0,2,0,0,0,0,0,0,0,2,0,0,0,2,0,0,0,0,0,2,0,2,0,0,0,0,0,0,0,0,2,2,2,2,0,0,0,0,0,0,0,0,2,0,2,0,0,0,0,0,0,2,0,0,0,0,0,0,0,0,2,0,0,2,0,0,2,0,0,0,0,0,2,0,0,0,2,2,0,2,0,0,0,2,0,0,0,2,2,0,0,0,0,0,2,2,0,0,0,0,0,0,0,0,0,0,2,2,0,0,0,2,0,0,0,0,2,0,0,0,0,0,2,0,0,0,0,0,0,2,0,0,0,0,0,0,0,2,0,0,0,0,0,0,0,0,0,0,0,0,0,2,2,2,0,0,2,0,0,0,0,0,0,0,0,0,0,0,0,0,0,0,0,0,0,0,0,2,0,2,2,0,2,0,0,0,2,0,0,0,0,2,0,2,0,2,0,2,0,2,0,0,0,0,0,0,0,0,0,0,0,0,2,0,0,0,0,0,0,0,2,0,0,0,0,0,0,2,0,0,0,2,0,2,0,0,0,2,0,0,0,0,0,0,0,0,0,0,2,0,0,0,2,0,0,2,0,0,0,0,0,0,0,0,0,2,0,2,0,0,0,0,0,0,0,0,2,0,0,0,2,2,0,2,0,0,0,2,0,0,0,2,0,0,0,0,0,2,0,0,0,0,0,0,2,0,2,0,2,2,2,0,0,0,0,0,0,0,0,2,0,0,0,2,0,0,0,0,2,0,2,0,0,0,0,0,0,2,2,0,0,2,0,2,0,0,0,0,0,0,0,0,0,0,0,0,0,0,0,2,0,0,0,0,0,0,0,0,0,0,0,0,0,0,0,0,0,0,0,0,0,0,0,0,NA,0,0,0,2,0,0,0,2,0,0,2,0,0,0,0,2,0,0,0,0,0,2,0,0,0,0,0,0,0,0,0,0,0,0,0,0,2,0,0,0,2,2,0,0,0,0,0,0,0,0,0,0,0,0,0,0,0,0,2,0,0,0,2,0,0,0,0,2,0,2,0,0,0,0,2,2,0,0,0,0,0,0,0,0,0,0,0,0,2,0,0,0,0,0,2,0,0,0,0,2,0,2,0,0,2,0,0,0,0,0,2,0,0,NA,2,2,0,0,2,0,2,0,2,0,2,0,0,0,0,0,0,2,2,0,0,2,0,0,0,2,0,2,0,0,0,0,0,0,0,2,2,0,0,0,0,2,0,0,2,2,0,0,0,0,0,0,0,2,0,2,0,0,0,0,0,0,2,0,0,0,0,0,0,0,0,0,2,0,0,0,2,2,0,0,0,0,0,0,2,0,0,0,2,0,0,2,0,0,0,0,2,0,0,0,0,0,0,0,0,0,0,0,0,2,0,0,0,0,0,0,0,0,0,2,2,0,0,0,0,0,0,0,0,0,0,2,0,2,0,0,0,0,0,2,0,0,0,2,0,0,0,0,0,0,0,0,0,0,0,0,2,2,0,0,0,2,2,0,0,0,0,0,0,0,2,2,0,0,0,0,0,0,0,0,0,0,0,0,2,2,2,0,0,0,0,0,2,0,0,2,0,0,0,0,0,0,2,0,0,0,2,0,0,0,0,0,0,0,0,0,0,0,0,0,0,0,0,0,0,0,0,0,0,0,0,2,0,0,0,0,0,0,0,0,2,0,0,0,2,0,0,0,0,0,0,0,0,0,0,0,0,0,0,0,2,NA,2,0,0,2,2,0,2,0,0,0,0,0,0,0,0,0,0,0,2,0,0,2,0,2,0,0,0,0,2,2,2,2,0,0,0,0,0,0,0,2,0,2,0,0,2,0,0,0,0,0,0,0,2,0,0,0,0,0,0,0,0,0,0,0,0,0,0,0,0,0,0,0,0,0,0,0,0,0,0,0,0,2,0,2,2,0,0,0,0,2,2,0,2,0,0,2,2,2,2,0,0,0,0,0,0,0,0,2,0,0,0,0,0,0,0,2,0,0,0,0,0,0,0,0,2,0,0,0,2,0,0,0,0,0,0,0,0,0,0,0,0,0,0,0,0,0,0,0,0,0,0,0,0,0,0,0,0,0,2,0,0,0,0,0,0,0,0,0,0,0,0,2,0,0,0,0,0,0,0,0,0,2,0,0,0,0,0,2,0,0,0,0,0,0,0,0,0,0,2,0,0,0,0,0,0,2,0,0,0,0,2,0,0,0,2,0,0,0,2,0,0,0,0,0,0,0,0,0,0,0,2,0,0,0,0,0,2,2,0,2,2,0,0,0,0,0,0,0,0,0,0,0,2,0,2,0,0,2,2,0,0,2,0,0,0,2,0,0,2,2,0,0,0,0,0,2,0,2,0,2,0,2,2,2,0,0,0,0,0,2,0,2,0,0,0,0,NA,2,0,0,0,0,0,2,0,0,0,0,2,0,0,0,0,2,0,0,2,2,0,0,0,0,0,0,0,2,2,0,2,0,0,0,0,0,2,2,2,0,2,0,0,0,0,0,0,0,0,0,2,0,0,0,0,0,0,0,2,0,2,0,2,0,0,0,0,0,0,0,0,0,0,0,2,0,0,2,2,0,2,0,0,0,0,0,0,2,0,0,0,0,0,0,0,0,0,0,0,0,0,0,0,2,0,0,0,0,0,0,0,0,2,0,0,0,0,0,0,0,0,0,0,0,0,2,0,2,0,0,0,0,0,0,0,0,0,0,0,2,2,2,0,0,0,0,0,0,0,0,0,0,0,0,0,2,0,2,0,0,0,2,0,0,0,0,0,0,0,0,0,0,0,2,0,0,2,0,0,2,0,0,2,0,0,0,2,2,2,0,0,0,0,2,0,2,0,0,0,2,0,0,0,0,0,2,0,0,2,2,0,0,0,0,0,0,0,0,2,0,0,0,2,0,0,0,0,0,0,0,0,0,0,0,0,0,2,0,0,0,0,0,2,2,2,0,2,0,0,0,0,2,2,2,0,2,2,0,2,2,2,0,0,2,2,0,0,2,0,0,0,0,0,2,0,0,0,0,0,0,2,0,0,0,0,0,2,0,0,0,0,0,0,0,0,0,0,0,2,0,0,0,0,0,0,2,2,0,0,0,0,0,0,0,0,0,0,0,0,0,0,0,0,2,0,0,2,0,2,0,0,0,0,2,0,0,0,0,2,2,NA,0,0,0,0,0,0,0,0,0,0,0,0,0,0,0,0,0,0,0,0,0,0,2,0,0,0,0,0,0,0,0,0,0,0,0,0,0,0,0,0,0,0,2,0,2,0,0,0,2,0,0,0,0,0,0,0,0,0,0,0,2,0,0,0,2,2,0,0,0,2,0,0,0,0,0,0,0,0,0,0,0,0,0,2,0,0,0,0,0,0,0,0,0,0,0,0,0,0,0,0,0,0,0,0,0,2,0,0,0,0,2,0,0,0,0,0,0,0,0,0,0,0,2,0,0,2,0,0,0,0,2,0,0,0,0,0,0,2,0,0,0,0,0,0,0,0,0,0,0,0,2,0,0,0,0,2,0,0,0,0,0,0,0,0,0,0,0,0,2,0,2,0,0,0,0,0,2,0,0,0,2,2,0,0,2,0,0,0,0,2,0,0,0,0,0,0,0,2,0,0,0,0,0,0,0,2,0,0,0,0,0,0,0,0,0,0,0,0,0,0,0,0,0,0,0,0,0,0,0,0,2,0,0,0,0,0,0,0,0,0,0,0,0,0,0,0,0,0,0,0,0,0,0,0,0,0,0,0,0,2,0,0,0,0,0,2,2,0,0,0,2,0,2,0,0,0,0,2,0,0,0,0,0,2,2,0,2,0,2,2,0,0,2,0,0,2,0,0,2,0,0,0,2,2,0,0,0,0,2,0,0,0,0,0,0,0,0,0,2,0,0,0,0,2,0,2,0,0,0,0,0,0,0,0,0,0,0,0,0,0,0,0,0,0,2,0,2,0,0,2,0,0,0,0,0,0,0,0,0,0,0,0,0,0,0,0,0,0,0,0,0,0,0,0,0,0,0,0,0,0,0,0,2,0,0,0,0,0,0,0,2,2,0,0,0,0,0,0,0,0,0,0,2,0,0,0,0,0,0,0,0,0,0,2,0,0,0,0,0,0,0,2,0,0,0,2,0,0,0,0,0,0,0,0,0,2,0,0,0,0,0,0,0,0,0,0,0,0,0,0,0,2,0,0,0,0,0,0,2,0,0,0,0,0,0,0,2,0,2,2,2,0,2,2,0,0,0,0,0,0,0,0,2,0,0,0,2,2,2,0,0,0,0,0,0,2,2,NA,0,0,0,2,0,0,0,0,0,0,0,0,0,0,0,0,0,0,0,2,2,0,0,2,0,0,0,0,0,0,0,0,0,0,0,0,0,0,0,0,0,0,0,0,0,0,0,0,0,0,0,0,0,0,2,0,0,2,0,0,0,0,0,0,0,2,0,0,0,2,0,0,0,0,0,0,0,2,0,0,0,0,0,0,0,0,0,0,0,0,0,0,0,0,0,0,0,0,0,0,0,0,0,0,0,0,0,0,0,0,0,2,0,2,0,2,0,0,0,0,2,0,2,0,2,2,0,0,0,0,0,0,0,0,0,0,0,0,0,2,0,0,2,2,0,0,0,0,0,0,2,0,0,0,0,0,0,0,0,0,0,0,0,0,0,0,0,0,0,0,0,0,0,0,0,0,0,0,0,0,0,0,0,2,0,2,0,0,0,0,0,0,0,0,0,0,0,0,0,2,2,0,0,0,0,0,0,0,0,0,0,0,0,0,0,0,0,0,0,0,0,0,2,2,0,2,0,2,0,0,2,0,0,0,2,0,0,0,0,0,0,2,0,0,0,0,0,0,0,0,0,0,0,2,0,0,0,0,0,0,0,0,0,0,0,2,0,0,0,0,2,0,0,0,0,0,0,0,0,2,0,0,0,0,0,2,0,0,0,2,0,0,0,2,0,0,0,0,0,2,0,0,0,2,0,0,0,2,2,2,2,2,0,2,0,0,0,0,0,0,0,0,0,0,0,0,0,0,0,0,0,0,0,0,0,2,2,0,0,0,2,0,2,0,0,0,0,0,0,2,0,0,2,0,0,0,0,0,0,0,2,0,0,0,0,2,0,0,0,2,0,0,0,0,0,0,0,0,0,0,0,2,0,2,0,0,0,0,0,0,0,0,0,0,0,0,0,2,0,0,2,0,2,0,0,0,0,0,0,2,0,0,0,0,0,2,0,0,0,0,0,0,0,2,2,0,0,0,0,2,0,2,0,0,0,0,0,0,2,0,0,0,0,2,2,2,0,0,2,0,0,2,2,0,0,2,0,0,0,0,0,2,2,0,0,0,0,0,2,0,2,0,0,0,2,2,0,2,2,0,0,0,0,0,0,0,0,0,0,2,2,0,0,0,0,0,0,0,0,0,0,2,2,2,0,2,0,0,0,2,0,0,2,0,0,0,0,0,0,0,2,0,0,0,0,0,0,0,0,0,2,0,0,0,2,0,0,0,0,0,0,0,0,0,0,0,0,0,0,0,0,2,0,0,2,0,2,0,0,0,0,2,2,0,0,0,0,0,0,0,0,0,0,0,2,0,0,0,0,0,0,0,0,0,0,2,0,0,0,0,0,0,0,0,0,0,0,2,0,0,0,0,0,2,2,0,0,0,0,2,0,2,0,0,0,0,0,2,0,0,2,2,0,0,0,0,2,0,0,0,0,0,0,0,0,0,0,0,0,0,0,0,0,0,0,0,0,2,0,2,0,0,0,0,0,0,0,0,0,0,0,0,0,0,0,0,0,2,0,0,0,0,0,0,0,0,0,0,0,0,0,0,0,0,0,2,2,0,0,0,2,0,0,0,2,0,0,0,2,0,2,0,2,0,0,2,0,0,0,0,2,2,0,0,2,2,2,0,0,2,0,0,0,0,0,2,2,0,0,2,0,0,0,0,0,0,0,2,0,2,0,0,0,0,0,0,0,2,2,0,0,2,0,0,2,0,2,0,2,0,0,2,0,0,0,0,2,0,0,0,0,0,0,0,0,0,0,0,0,2,0,0,0,0,0,0,0,2,0,0,0,0,0,2,0,0,0,0,2,0,2,0,0,2,0,0,0,0,0,0,2,0,2,0,0,0,0,0,2,0,0,2,0,0,0,2,0,2,0,0,0,0,0,0,0,0,2,0,2,0,2,0,0,2,0,2,0,0,0,0,0,0,0,0,0,0,2,0,2,0,0,2,0,0,0,2,0,0,2,2,2,0,0,0,0,0,2,2,0,0,0,0,0,0,0,2,0,0,2,2,0,0,0,0,0,0,0,2,0,0,0,0,0,0,0,0,0,2,0,0,0,0,0,0,0,0,0,0,0,2,0,2,2,2,0,0,0,0,0,0,0,0,0,0,0,0,0,0,NA,0,0,2,0,0,2,0,NA,0,0,2,0,0,0,0,0,0,2,0,2,0,2,0,0,0,0,0,2,0,2,0,0,2,0,2,0,0,0,0,0,0,0,0,0,0,2,0,0,0,0,2,0,0,2,0,0,0,2,2,0,0,2,0,0,2,0,0,0,0,2,0,0,2,0,2,0,2,0,0,0,0,0,2,0,0,0,0,0,0,2,0,0,0,0,0,2,0,0,2,0,0,0,0,NA,0,0,2,0,0,0,0,2,0,0,0,0,0,0,0,2,2,0,2,0,2,0,0,2,0,0,0,0,0,0,0,0,0,0,0,0,0,2,2,0,0,2,2,0,2,2,0,0,0,2,0,0,2,2,0,0,0,0,0,0,0,2,2,0,0,0,0,2,0,0,0,0,0,0,0,2,2,0,0,0,2,0,0,2,0,0,0,2,0,0,0,0,0,0,0,0,0,0,0,0,0,0,0,0,0,0,0,2,0,0,0,0,2,0,2,0,2,0,2,0,0,0,0,0,0,0,0,0,0,2,2,0,2,0,2,0,0,0,0,0,2,0,0,0,2,0,2,0,0,0,0,0,0,0,0,0,2,0,0,0,0,0,0,0,0,0,2,0,0,2,0,2,2,0,2,0,0,0,2,0,2,0,0,2,0,0,0,2,0,0,2,2,2,2,2,2,0,2,0,2,0,0,2,0,2,0,0,0,0,0,0,0,0,2,2,0,0,0,0,2,0,2,0,2,0,0,2,2,0,2,0,0,2,2,0,2,2,2,2,0,2,2,2,0,2,0,0,0,0,2,0,0,2,0,0,0,2,NA,0,2,0,0,2,0,0,0,0,0,0,0,0,0,0,2,0,0,2,0,0,0,0,2,0,2,2,0,2,0,0,0,2,0,0,0,0,0,0,2,0,0,0,0,0,0,0,0,2,0,2,0,0,0,0,0,2,0,0,2,2,0,2,0,0,0,2,0,0,0,0,0,0,0,2,2,0,0,2,0,2,0,0,0,0,0,0,2,2,0,2,0,0,2,2,0,0,0,2,0,0,2,0,0,0,0,0,0,0,2,0,0,0,0,0,0,0,0,2,0,0,0,0,0,0,0,0,0,0,0,0,0,2,0,0,0,2,0,2,0,0,0,0,0,0,0,0,0,0,0,0,0,0,2,0,0,0,2,0,2,0,0,0,0,0,0,0,0,0,0,0,0,0,0,0,0,2,0,0,0,0,0,0,0,0,0,2,0,0,0,0,0,2,0,0,0,0,NA,0,0,0,0,0,2,0,0,0,0,2,0,0,0,0,2,0,0,0,0,0,0,0,2,0,0,0,0,2,0,2,2,0,2,0,2,2,0,0,0,0,0,0,0,0,0,0,0,0,2,0,0,0,2,0,2,0,0,0,0,0,0,0,0,0,2,0,0,0,0,0,0,0,0,0,0,0,0,2,2,0,0,0,0,0,0,0,2,0,0,0,0,0,0,2,2,0,0,0,0,0,0,0,0,0,2,0,2,0,0,2,0,0,0,0,2,2,0,0,0,0,0,2,0,0,0,0,2,0,0,2,0,0,2,0,0,0,0,2,0,0,0,0,0,2,0,0,0,0,0,0,0,2,0,0,0,2,2,0,0,2,2,0,0,2,0,0,0,2,2,2,0,2,2,0,2,0,0,2,2,0,2,0,2,2
"CC225",0,0,0,0,NA,0,0,0,0,0,0,0,0,2,2,0,0,0,0,2,2,2,0,0,0,0,0,0,0,0,0,2,0,0,0,2,2,0,0,0,0,2,0,2,2,0,0,2,2,0,2,2,0,2,0,2,2,0,0,0,0,0,0,2,0,0,0,0,0,0,2,0,2,0,0,0,0,0,0,0,0,2,0,0,0,2,0,0,0,0,0,0,0,0,0,0,2,2,0,0,0,0,0,0,NA,2,0,0,0,2,0,2,2,0,0,0,0,0,0,0,0,0,0,0,0,0,2,0,2,0,0,0,0,0,0,0,0,0,0,2,0,0,0,0,0,0,2,0,0,2,2,0,0,0,0,0,0,0,0,0,0,0,0,2,2,0,2,2,0,2,0,2,0,0,0,0,2,0,0,0,0,0,0,0,2,0,0,0,0,0,0,0,2,0,0,0,0,0,2,0,0,0,0,0,0,2,0,0,0,0,0,0,0,2,0,0,0,0,0,0,2,0,0,0,0,0,0,2,0,0,0,0,0,0,0,0,0,0,0,0,0,2,0,0,0,0,0,0,0,2,0,0,0,0,0,2,0,2,0,0,0,2,2,0,0,0,2,0,0,0,0,0,0,2,0,0,0,0,0,0,0,0,0,0,0,0,0,0,0,0,0,0,0,2,0,0,0,0,0,0,0,0,0,0,0,0,0,2,0,0,0,0,0,0,0,0,0,0,0,0,0,0,0,0,0,0,0,0,0,0,0,0,2,0,0,2,0,0,2,0,0,0,0,0,0,0,0,0,0,0,0,0,0,0,0,0,0,2,0,0,0,0,0,0,0,2,0,0,0,0,2,0,0,0,2,2,0,0,2,2,0,2,0,0,0,0,0,2,0,0,0,0,0,2,2,2,2,0,0,0,0,0,0,0,NA,0,0,0,0,2,0,0,0,0,0,0,2,2,0,2,0,2,0,0,2,0,0,2,0,2,0,0,2,0,0,0,0,0,0,0,0,0,0,0,0,0,0,0,0,0,0,0,0,0,0,0,2,0,0,2,2,2,0,0,0,NA,0,2,0,0,2,2,0,2,0,0,0,0,0,0,0,0,0,0,0,0,0,0,0,2,0,2,0,2,2,2,0,0,0,0,0,0,0,0,0,0,0,0,2,0,2,2,0,2,0,2,0,2,0,0,0,0,0,0,2,2,2,2,0,0,0,0,0,0,0,2,0,2,2,0,2,0,0,0,0,2,0,2,0,2,0,0,0,2,0,0,2,0,0,0,0,0,0,2,2,0,0,0,2,2,0,0,0,0,2,0,2,2,0,0,0,0,0,0,0,0,0,2,2,0,0,0,0,2,0,0,2,0,2,0,0,0,2,2,0,0,0,0,0,0,0,0,0,0,2,0,2,0,0,0,0,0,0,2,0,0,0,0,0,0,0,0,0,2,2,0,0,0,0,2,0,0,0,2,0,0,0,0,0,0,0,0,0,0,0,0,2,0,0,0,2,0,0,2,2,0,0,0,2,2,0,0,2,0,0,0,2,0,0,0,0,0,0,0,2,0,0,0,0,0,0,0,0,0,0,0,0,0,0,0,0,0,0,0,0,0,0,0,0,0,0,2,0,0,0,0,2,2,0,0,0,0,0,0,0,0,0,0,0,0,0,0,0,0,0,0,0,0,0,0,0,0,2,0,0,0,0,0,2,0,0,0,0,0,0,0,0,0,2,0,2,0,0,0,0,2,0,0,0,0,2,0,0,0,0,2,2,0,0,0,0,0,0,0,0,0,0,0,0,2,0,0,0,2,0,0,0,0,0,0,0,0,0,2,0,2,0,0,2,0,0,2,0,0,0,0,2,0,2,0,0,0,0,0,0,2,0,0,0,0,0,0,0,0,2,0,0,0,0,0,2,0,0,0,0,0,0,2,0,0,0,2,0,2,0,0,0,0,0,2,2,2,2,0,2,2,0,0,0,0,2,0,0,0,2,0,0,0,0,0,0,2,0,0,2,2,2,2,0,2,0,0,0,0,2,0,2,0,0,0,0,0,0,0,2,0,0,2,2,2,0,0,0,0,0,0,2,0,0,2,2,0,0,0,0,0,0,0,0,0,2,0,0,0,0,0,0,0,0,0,0,0,2,0,0,0,0,2,0,0,2,0,2,0,0,0,0,0,0,0,0,2,0,0,0,0,0,2,0,0,0,0,0,0,0,0,0,0,0,2,0,0,0,0,0,2,0,0,0,0,0,0,0,0,0,0,0,2,0,0,0,2,0,0,0,0,0,0,0,0,0,0,0,0,0,0,2,2,0,2,0,0,2,0,0,0,0,0,0,0,0,0,2,0,0,2,0,0,2,0,0,0,0,0,0,2,0,2,0,0,0,0,2,0,0,0,0,2,0,0,0,0,0,2,2,0,0,0,0,0,0,0,2,0,0,2,0,0,0,0,0,2,2,0,0,0,0,2,0,0,0,2,2,0,0,2,0,2,2,2,0,0,2,2,0,0,2,0,0,2,0,0,2,0,0,0,0,0,0,2,0,0,0,2,0,2,0,2,0,2,0,0,0,2,0,0,0,0,0,0,0,0,0,2,0,0,0,2,0,0,0,0,2,0,2,0,0,0,0,0,0,2,0,2,2,0,0,2,0,0,0,0,0,0,0,2,0,0,0,0,0,0,0,0,0,0,0,0,2,0,0,2,2,0,0,2,0,0,2,0,0,0,0,2,2,0,0,0,0,0,0,0,0,0,0,0,0,0,0,0,0,0,0,0,2,0,0,0,0,2,2,0,0,0,0,0,0,0,0,2,0,0,0,0,0,0,0,0,0,0,0,0,2,2,2,0,0,0,0,0,0,0,0,0,0,2,0,2,0,0,0,2,0,0,0,0,0,2,0,2,0,0,0,0,2,0,0,0,0,2,0,2,0,0,0,0,0,0,0,2,0,0,0,0,2,0,0,0,0,0,0,0,0,0,0,0,0,2,0,0,0,0,0,0,2,0,0,0,0,0,0,0,0,0,0,2,2,0,0,0,0,0,2,0,0,0,0,0,0,0,0,2,0,2,0,0,0,0,0,0,2,2,2,0,0,0,0,0,0,0,0,0,0,0,2,0,0,0,0,0,2,0,0,0,0,0,0,0,0,0,2,0,2,2,0,2,0,0,0,0,0,0,0,0,0,0,0,0,0,2,0,0,0,0,0,0,0,0,0,0,0,0,0,0,0,0,0,0,0,0,0,0,0,0,0,0,0,0,0,0,2,0,0,0,0,0,0,0,2,2,0,0,0,2,2,0,0,0,0,2,0,0,0,2,0,2,0,0,0,0,0,0,0,0,0,0,0,2,0,2,0,0,0,0,0,0,0,2,0,0,2,0,0,0,0,0,0,0,0,0,2,0,0,0,0,0,0,0,0,2,0,0,2,2,0,0,0,0,0,0,0,0,0,0,0,2,0,0,0,0,2,0,0,0,0,0,2,0,2,0,0,0,0,0,0,2,0,0,0,0,0,0,2,0,0,2,2,2,0,0,0,0,0,0,2,0,0,0,2,0,2,0,0,0,0,2,0,0,0,0,0,0,0,2,0,0,0,0,0,0,0,0,0,2,2,0,0,0,0,0,0,2,0,0,0,0,0,2,0,0,0,0,0,0,0,0,0,0,0,0,0,0,0,0,0,0,2,0,2,0,0,0,2,2,0,0,0,0,0,0,0,2,2,0,2,2,2,0,0,2,0,0,2,0,0,0,0,0,0,0,0,0,0,0,0,0,0,2,0,0,0,0,0,0,0,0,0,0,2,0,2,0,0,0,2,0,0,0,2,2,0,2,0,0,0,2,0,0,0,2,0,0,0,0,0,NA,0,2,0,0,2,0,0,0,0,0,2,0,0,0,2,0,2,0,0,0,0,0,2,0,0,0,0,0,0,0,0,0,0,0,2,0,0,0,0,0,0,0,0,0,0,0,0,0,0,2,0,0,0,0,0,0,0,0,0,0,0,0,0,0,0,0,0,0,0,0,0,2,0,0,0,0,2,0,2,2,0,0,0,0,0,0,2,0,0,2,2,0,0,0,0,0,2,0,2,0,2,0,0,0,0,0,2,0,0,2,0,0,0,0,0,0,0,0,0,0,0,0,2,2,0,2,0,0,0,0,0,2,0,2,0,0,2,0,2,0,0,0,0,0,2,0,0,2,0,2,0,0,0,0,0,0,0,0,0,0,0,0,0,0,0,0,0,0,0,0,0,0,0,0,0,0,2,2,2,0,0,0,NA,0,0,0,0,0,2,0,0,0,0,2,2,2,0,2,0,0,0,0,0,0,2,0,0,0,0,0,0,2,0,0,0,0,2,0,0,0,0,2,0,0,0,0,0,0,2,0,0,2,0,0,0,0,0,0,0,0,0,0,0,2,0,2,0,0,0,0,0,0,0,0,0,0,0,0,2,0,0,2,0,0,0,0,0,0,0,0,0,0,0,0,2,2,0,0,0,0,0,0,2,0,0,2,0,0,0,0,0,0,0,2,2,0,NA,2,0,0,0,0,0,2,0,0,0,0,0,0,2,0,0,0,2,0,0,0,0,0,0,0,0,0,0,2,0,0,0,0,0,0,0,0,0,2,0,0,2,0,0,0,0,0,0,0,0,0,0,0,0,0,0,0,0,0,0,0,2,0,0,0,0,0,2,0,0,0,0,0,0,0,0,0,0,0,0,0,0,2,0,0,0,0,0,0,0,0,2,0,0,0,0,0,0,0,0,NA,0,2,0,0,0,0,0,0,2,2,2,0,0,0,0,2,0,0,2,0,2,0,0,0,0,0,0,0,0,0,0,0,0,2,0,2,0,0,0,0,0,0,2,0,0,2,0,2,0,0,2,0,0,0,0,2,0,0,0,0,0,0,0,0,0,0,0,2,0,0,2,0,0,0,0,0,0,2,0,0,0,0,0,0,2,0,0,2,0,0,2,0,0,0,0,2,2,2,0,2,0,0,0,0,2,0,0,0,0,0,0,0,0,0,0,0,2,0,2,0,0,0,2,0,0,0,0,0,0,0,0,2,0,0,0,0,0,0,0,2,0,0,0,0,0,NA,2,0,0,0,2,0,0,0,0,0,0,0,0,0,0,0,2,0,0,0,0,0,0,2,0,2,0,0,0,0,0,0,0,0,0,2,2,0,0,2,0,0,0,2,0,0,0,0,0,2,2,NA,0,0,0,0,0,0,0,0,2,0,0,2,0,0,0,0,0,0,0,0,0,0,2,0,0,0,0,0,0,0,0,0,0,0,2,0,0,0,0,0,0,2,0,0,0,0,0,0,0,0,0,0,0,0,0,2,0,0,0,0,0,0,0,2,0,0,0,0,2,0,0,0,0,0,0,0,0,2,2,0,0,0,2,0,0,0,0,0,0,0,0,0,0,0,2,0,0,0,0,0,2,0,0,0,0,0,0,0,0,0,0,0,0,0,0,2,0,2,2,0,0,0,2,2,0,0,2,0,2,0,0,0,0,2,0,0,0,2,0,2,0,0,0,0,0,0,0,0,2,0,0,2,0,0,0,0,2,0,0,0,0,0,2,0,0,0,0,0,0,0,0,2,0,0,2,0,0,2,0,0,2,0,0,0,2,2,0,0,0,2,2,0,0,0,0,0,0,2,2,0,0,0,0,0,0,2,0,2,0,0,0,0,2,0,0,2,0,0,2,0,0,0,0,0,0,2,0,2,0,0,0,2,0,0,0,0,0,2,0,0,0,0,2,0,2,0,0,0,2,0,0,0,0,0,0,0,0,0,0,0,0,0,0,0,0,2,0,0,0,0,2,0,0,0,2,0,0,0,0,0,0,0,0,0,0,2,0,2,0,0,0,0,0,0,0,2,2,0,0,2,2,2,2,0,0,2,0,2,0,0,0,2,0,0,0,0,2,0,2,0,0,0,0,0,0,0,0,0,2,0,0,2,0,0,0,0,2,0,0,0,2,0,0,0,2,0,0,0,0,0,0,0,2,0,0,0,0,2,0,2,0,0,0,0,0,0,0,2,2,0,0,0,0,0,0,0,0,2,0,0,0,0,2,0,0,0,0,2,0,0,2,0,0,0,0,0,0,0,0,0,0,0,0,0,0,0,2,0,2,0,0,0,0,2,0,0,0,0,0,0,0,2,0,0,0,0,0,0,NA,0,0,2,0,2,0,0,0,0,0,2,0,0,0,0,0,0,0,0,0,0,0,0,0,2,0,0,0,0,0,0,2,0,0,0,0,0,0,0,2,0,2,0,2,2,0,0,0,2,0,0,0,0,0,2,2,0,0,0,0,0,0,0,0,0,0,0,0,2,2,0,0,2,2,0,0,0,2,2,0,0,0,0,0,0,0,0,0,0,0,0,0,0,0,2,0,2,0,0,0,2,2,0,2,2,0,0,2,0,0,0,2,2,0,2,2,0,0,2,2,0,0,0,0,2,0,0,0,2,0,0,2,0,2,0,0,2,0,0,0,0,0,2,2,0,0,0,0,0,0,0,0,2,0,2,2,0,0,2,0,0,NA,0,0,0,0,0,NA,2,0,0,0,2,0,0,0,0,0,0,0,0,0,2,0,2,2,0,0,0,2,0,0,0,2,0,0,0,0,0,0,0,0,0,0,0,2,2,0,0,0,2,0,2,0,2,2,0,2,0,0,2,0,2,0,0,0,2,0,2,0,0,2,0,0,2,0,2,0,0,2,0,0,0,2,0,0,0,2,0,2,0,0,0,0,0,0,0,0,0,0,0,0,0,0,2,0,0,0,0,0,0,0,0,2,0,0,2,0,0,0,0,0,0,0,0,2,2,0,0,2,0,0,2,0,0,0,0,2,0,0,2,0,0,0,0,0,0,2,0,2,2,0,0,0,0,0,2,0,0,0,2,0,2,0,0,0,0,0,0,0,0,0,2,0,0,2,0,0,0,0,0,0,2,2,0,0,0,0,0,0,0,0,0,0,0,2,2,2,2,0,0,0,2,0,0,0,0,0,0,0,2,2,0,0,0,2,0,0,0,0,2,0,0,0,0,0,2,2,2,0,0,0,2,0,2,2,0,0,0,0,2,0,0,2,0,2,0,0,0,2,0,0,0,2,2,2,2,0,2,2,0,2,0,0,0,0,0,0,0,0,0,0,0,0,0,0,0,0,0,0,0,0,0,0,2,0,0,0,0,0,2,0,2,0,2,0,0,2,0,0,2,0,0,0,0,0,0,2,0,0,2,0,0,0,2,0,2,0,0,0,2,2,2,0,0,0,0,0,2,2,0,0,0,2,2,0,0,0,2,0,0,0,0,0,2,0,0,2,0,0,2,0,2,0,0,2,0,2,2,2,2,0,0,0,0,0,2,NA,2,2,2,0,0,2,0,2,2,0,0,0,0,0,0,2,0,0,0,0,2,2,2,0,0,0,0,2,2,0,2,0,0,0,0,0,0,0,0,0,0,0,0,2,0,0,0,NA,0,0,0,0,0,2,0,0,0,0,0,0,0,2,0,0,2,0,0,0,0,2,0,0,0,0,2,2,0,2,0,2,0,0,0,0,2,0,0,0,0,0,0,2,0,0,0,0,2,0,0,0,0,0,0,0,0,0,0,0,0,0,2,0,2,0,0,0,0,2,0,2,0,0,2,0,2,0,2,NA,0,0,2,0,0,0,0,0,0,2,2,0,0,0,0,0,0,0,0,0,2,0,0,0,0,0,0,0,0,0,0,0,0,0,0,0,0,0,0,0,0,0,0,0,0,0,2,0,2,2,0,0,0,2,2,2,0,0,2,0,0,2,0,2,0,2,0,0,0,0,2,2,2,0,0,0,2,0,0,0,0,2,2,2,0,0,0,2,2,0,2,2,0,0,2,2,2,0,2,0,0,0,0,2,0,0,0,0,0,0,0,0,0,2,0,0,0,0,0,0,0,0,2,2,0,0,2,0,0,0,0,2,0,2,2,0,0,0,2,0,0,0,0,0,0,0,0,0,0,0,0,0,0,0,0,0,0,0,0,0,0,0,2,2,0,2,0,0,0,0,0,2,0,0,2,0,0,2,0,0,2,0,0,2,2,0,2,2,0,0,0,0,0,0,2,0,0,0,0,2,0,0,2,2,0,0,0,0,0,0,0,0,0,0,0,0,0,0,0,0,0,0,0,0,0,0,0,0,0,0,0,0,0,0,0,0,0,2,0,0,0,2,2,2,0,0,0,0,2,2,0,0,0,0,0,0,0,0,0,0,0,0,0,2,0,0,0,0,0,0,0,0,0,0,2,0,0,0,0,0,0,2,0,0,2,0,0,0,0,0,0,0,2,2,0,0,0,0,0,0,0,0,0,0,0,0,0,0,0,2,0,0,2,0,0,0,0,0,0,0,0,0,0,0,0,0,0,0,0,0,0,0,2,2,0,0,0,0,0,2,0,0,2,0,0,2,0,0,0,0,2,0,0,0,0,0,2,0,0,0,0,0,0,0,0,0,0,0,0,0,0,0,0,0,0,0,0,0,0,0,0,0,0,0,0,0,0,0,0,0,0,0,0,0,2,0,0,0,2,0,0,0,0,2,0,2,0,0,2,0,0,0,0,2,0,0,0,0,0,2,2,2,0,0,2,0,0,0,0,2,0,0,0,2,0,0,0,0,2,0,0,0,0,2,2,0,2,0,0,2,0,0,0,0,0,0,0,0,0,0,2,0,0,0,0,0,0,0,0,0,0,2,2,0,0,0,0,0,0,0,0,2,0,0,0,0,0,0,0,0,0,0,0,0,0,0,0,0,0,2,2,0,2,0,2,0,0,0,0,2,0,0,0,0,0,0,0,0,2,0,0,0,0,0,0,0,2,0,0,0,0,0,0,0,0,2,0,0,2,0,0,0,0,0,0,0,0,0,0,0,2,2,2,0,0,2,0,0,0,0,0,0,0,0,0,0,0,0,0,0,0,0,0,0,0,0,0,0,2,0,0,2,0,0,0,0,0,0,0,0,2,0,0,0,0,0,2,0,0,0,0,0,0,0,0,0,0,0,0,0,0,0,0,0,2,0,0,0,0,0,0,0,0,0,0,2,0,0,0,0,0,0,0,0,0,0,2,2,0,0,0,0,0,0,0,0,0,0,0,0,0,0,2,0,0,0,0,0,0,2,0,0,2,2,2,0,0,0,0,0,0,0,2,2,2,0,2,0,0,0,0,2,0,0,0,2,0,0,0,0,0,0,0,0,0,0,0,0,2,0,2,0,0,0,0,0,2,2,0,0,0,0,0,0,2,0,0,0,0,0,0,0,0,0,0,0,0,0,0,0,0,2,0,0,0,0,0,0,0,2,0,0,0,2,2,2,0,0,0,0,0,0,0,0,0,0,0,0,0,0,2,0,0,0,NA,0,0,0,0,0,0,0,0,2,0,2,0,0,0,2,0,0,0,0,0,0,0,0,0,2,0,2,0,0,0,0,0,0,0,0,0,2,0,0,0,0,2,0,0,0,2,0,0,0,2,0,0,0,0,0,0,0,0,0,0,0,0,0,0,0,2,2,0,2,0,0,0,0,0,0,0,0,0,2,2,0,0,0,0,0,2,0,0,0,0,0,0,0,0,0,0,2,2,0,2,0,2,2,0,2,0,0,0,0,2,0,0,0,0,2,0,2,0,0,0,0,0,0,0,0,0,0,0,0,0,0,0,0,0,2,2,0,0,0,0,0,0,0,0,0,0,0,0,0,0,0,0,2,0,2,0,0,0,0,0,0,0,2,0,2,0,0,0,0,0,0,0,2,2,2,2,0,0,0,0,2,0,0,0,2,0,0,0,2,0,0,0,0,2,2,2,2,2,2,0,2,0,0,0,0,2,0,0,0,0,0,0,0,0,0,0,0,0,0,2,2,2,2,0,0,0,2,2,0,2,2,0,0,0,0,0,0,2,0,0,0,2,0,0,0,0,2,0,0,0,0,0,0,0,0,0,0,0,0,2,2,0,0,0,2,0,0,0,0,0,2,0,0,0,2,0,2,2,2,0,2,0,0,0,0,0,0,0,2,0,2,0,0,0,0,0,2,2,0,0,2,0,0,0,2,NA,0,0,0,0,0,0,0,0,0,0,0,0,0,0,0,0,0,0,2,0,0,0,2,0,2,2,0,0,2,2,2,0,0,0,0,0,0,0,0,2,0,0,0,2,0,0,0,0,0,0,0,0,0,2,0,0,2,2,2,0,0,0,0,0,0,2,0,0,2,0,0,2,0,0,0,0,0,0,0,2,0,0,0,0,0,0,0,2,0,0,2,0,2,0,2,2,0,2,0,2,2,0,0,2,0,0,0,0,0,0,0,0,0,0,0,0,0,0,0,0,0,0,0,0,0,0,0,0,0,0,0,0,0,2,2,2,2,2,0,2,0,0,0,0,0,2,0,2,0,0,0,0,0,0,0,2,0,2,2,0,0,2,2,0,0,0,0,0,0,0,2,0,2,2,2,0,0,0,0,0,0,0,0,0,0,2,0,0,0,NA,0,0,0,0,0,0,0,2,2,0,0,0,2,0,0,0,0,0,0,0,0,0,0,0,0,0,2,0,0,2,0,2,0,0,0,0,0,0,2,2,0,0,0,2,2,0,0,0,2,2,0,0,2,0,0,0,0,0,0,0,2,0,2,0,NA,0,2,0,0,2,0,0,0,2,2,0,0,0,2,0,0,2,2,0,2,0,0,2,0,0,0,2,0,0,0,2,0,0,0,0,0,0,0,0,0,0,2,0,2,0,0,0,0,0,0,0,0,0,2,0,0,2,0,0,0,2,0,0,0,0,0,0,0,0,0,2,0,0,0,0,0,0,0,0,2,2,2,0,0,0,0,0,0,2,0,0,0,2,2,0,2,0,0,0,0,0,0,0,0,0,0,0,0,0,0,0,0,0,0,0,0,0,2,0,0,0,0,2,0,0,0,0,0,0,0,0,0,0,2,0,0,0,0,0,0,0,0,0,0,0,0,0,0,0,2,0,0,0,0,0,0,0,0,0,0,0,2,0,0,0,0,0,0,0,0,0,0,2,0,0,2,0,0,0,0,0,2,0,0,0,2,2,0,0,0,0,0,0,0,2,0,0,0,0,0,0,2,2,0,0,0,0,0,0,2,0,0,0,0,0,0,2,0,0,0,0,0,0,0,2,0,0,0,0,0,0,0,0,0,2,0,0,0,0,0,0,0,0,0,0,0,0,0,0,0,2,0,0,2,0,2,0,2,0,0,0,0,0,2,0,0,0,0,0,0,0,0,0,0,NA,2,0,2,0,0,0,0,0,2,0,0,2,2,0,0,2,0,0,0,0,0,0,0,0,0,0,0,0,0,0,2,0,0,2,0,0,2,2,2,0,0,2,2,2,0,NA,0,0,0,0,0,0,2,2,0,0,0,0,2,0,2,0,0,0,0,0,0,0,2,0,0,0,2,0,0,0,0,2,0,0,0,0,0,2,0,2,0,0,2,0,0,2,0,2,0,0,0,0,2,0,0,0,2,0,0,0,0,2,0,0,0,2,2,0,0,0,0,2,2,0,0,0,0,0,0,2,0,0,0,0,0,2,0,0,0,2,0,0,2,0,0,0,2,0,0,0,0,0,0,0,2,0,0,2,0,0,0,0,2,0,0,0,0,0,0,0,0,0,0,2,0,2,0,0,0,2,0,0,2,0,0,0,0,0,0,0,0,0,0,0,2,0,0,0,0,0,0,0,0,2,0,2,0,0,0,0,0
"CC226",0,0,0,0,2,0,0,2,0,0,0,0,0,0,2,0,0,0,0,2,0,2,0,0,2,0,2,0,2,0,0,0,0,0,2,0,2,0,0,0,2,2,0,2,0,2,0,0,0,0,2,0,0,0,0,0,0,0,2,0,0,0,2,0,2,2,0,0,0,0,0,0,0,0,0,0,2,0,2,0,2,0,0,0,0,2,0,0,0,0,2,2,0,0,0,0,0,0,0,0,2,2,0,2,0,0,2,0,2,2,0,0,2,0,0,0,0,0,0,0,0,0,2,0,0,0,2,0,2,0,0,0,2,2,2,0,0,0,0,2,0,0,2,0,0,0,0,2,2,2,2,0,0,2,2,2,2,0,NA,0,0,0,0,2,2,0,0,2,0,2,2,2,0,0,0,0,0,2,2,2,0,0,0,0,0,0,2,0,2,2,0,2,0,0,0,0,0,2,0,0,0,2,0,0,2,0,0,0,0,0,0,0,0,0,2,2,2,0,2,0,2,0,0,0,0,2,0,0,0,0,2,0,0,0,0,2,0,0,0,0,2,0,0,0,0,0,0,0,0,0,0,0,0,0,0,2,0,0,2,0,0,0,0,0,0,0,2,0,0,0,0,0,0,0,0,0,0,0,2,0,0,0,2,0,2,0,0,2,0,2,0,2,2,0,2,2,0,0,2,2,0,2,0,0,2,0,2,0,2,0,0,0,NA,0,0,2,0,0,2,0,0,0,0,0,0,0,0,2,2,0,0,0,0,0,0,0,2,0,2,0,0,2,0,0,2,0,0,0,2,0,0,0,0,2,0,0,0,2,0,0,0,0,0,0,0,0,0,0,0,0,0,0,2,0,0,0,0,0,2,0,0,0,0,0,2,0,0,2,0,0,0,2,0,2,2,2,2,0,2,0,2,0,0,2,2,0,2,0,0,0,0,2,2,0,0,0,2,0,0,2,0,0,0,0,2,0,0,2,2,0,0,2,0,0,0,0,0,2,2,2,0,0,0,0,0,0,0,0,0,0,0,0,2,0,2,0,0,0,0,0,0,0,0,0,0,0,2,2,0,0,0,0,0,0,0,0,0,0,0,0,0,0,0,0,0,0,0,0,0,0,2,NA,0,0,2,2,2,0,0,0,0,0,0,0,2,0,0,0,0,0,0,2,0,0,2,0,2,0,0,0,2,0,0,0,2,2,0,0,0,2,0,2,2,0,0,0,0,0,0,2,2,0,0,0,0,0,2,0,0,0,0,0,0,2,0,0,0,2,0,0,0,2,0,2,0,0,2,0,0,0,0,2,0,0,0,0,0,0,0,2,0,0,0,0,0,0,0,0,0,0,0,0,0,0,0,0,2,2,0,2,0,0,0,2,0,0,0,0,2,0,2,0,2,0,0,0,2,0,0,0,0,0,2,0,0,0,2,0,2,0,0,0,0,0,0,0,0,0,0,0,2,0,2,0,0,0,0,2,2,0,0,2,2,0,2,0,0,2,0,2,0,0,0,0,0,0,0,2,2,2,0,2,2,0,0,0,0,2,0,0,0,0,2,0,0,0,0,0,0,0,2,0,0,0,0,0,0,2,2,0,0,2,0,0,2,2,2,0,2,0,0,0,0,0,2,2,0,2,2,0,0,0,0,0,0,0,0,0,0,0,2,2,0,0,0,0,0,0,0,0,0,0,0,0,0,0,0,2,0,0,0,0,0,2,2,0,2,0,0,0,0,0,0,2,0,2,0,0,0,0,2,0,0,2,0,0,2,0,2,0,2,2,2,0,2,0,0,0,0,0,0,0,0,0,0,0,2,0,0,0,0,0,0,2,2,2,0,0,2,0,0,0,0,0,0,0,0,0,2,0,0,0,0,2,0,2,2,0,0,2,0,2,0,2,0,0,0,0,0,2,0,0,0,0,0,0,0,2,0,0,2,2,0,0,0,0,0,2,0,0,0,0,0,0,2,0,0,0,0,0,0,2,0,0,2,0,0,0,0,0,0,2,0,0,2,0,2,0,2,2,0,0,0,0,0,0,0,0,0,0,0,0,0,0,2,0,2,0,0,0,0,0,0,2,2,0,0,2,0,0,0,2,2,2,0,0,0,2,0,0,0,2,0,2,2,0,0,0,0,0,0,2,0,0,0,0,0,0,0,0,0,0,0,0,0,0,2,0,0,0,0,0,0,0,0,0,0,0,0,0,2,0,0,0,0,0,2,2,0,0,0,0,0,0,2,0,0,0,0,0,2,0,0,0,0,0,2,0,0,0,0,0,0,0,0,0,0,0,0,2,0,2,NA,2,2,0,0,2,2,0,0,0,0,0,0,0,0,0,2,0,0,0,0,2,0,0,0,0,0,0,0,0,0,0,0,2,0,0,2,0,0,2,0,2,0,0,0,2,2,2,0,0,2,0,0,0,0,2,0,0,2,0,2,0,0,2,0,0,0,0,0,0,2,0,0,0,2,2,0,0,0,0,2,0,0,0,0,2,0,0,0,0,0,0,0,0,0,0,0,2,2,0,0,0,0,0,0,0,0,0,0,0,2,0,0,0,0,2,0,0,2,0,2,0,0,0,0,0,0,0,0,2,0,0,0,0,0,2,2,2,0,0,0,0,0,0,0,0,0,2,2,2,0,0,2,2,0,0,0,2,0,0,0,0,2,0,2,0,0,0,0,0,0,2,2,2,0,0,2,0,2,0,0,0,2,2,0,0,0,0,0,2,0,0,0,0,0,0,0,0,0,0,0,0,0,0,0,0,0,0,2,0,0,0,0,0,0,0,0,0,0,2,0,0,0,NA,0,0,0,0,0,2,0,0,0,0,0,0,0,0,0,0,0,0,0,0,0,0,0,0,0,0,0,2,0,0,0,0,0,2,0,0,2,0,0,0,0,0,0,0,0,2,2,2,0,2,0,2,0,0,0,0,0,0,0,2,0,0,0,0,0,0,0,0,0,2,0,0,2,0,0,0,2,0,2,2,0,2,0,2,0,0,2,0,0,0,0,0,0,0,0,0,0,0,0,2,0,0,0,2,0,0,0,0,0,0,0,0,0,0,0,2,0,0,0,0,0,0,0,0,0,0,0,0,0,0,0,0,0,0,0,0,0,0,2,0,2,0,0,0,0,0,0,0,0,0,0,0,0,2,0,0,0,2,0,0,0,0,2,2,0,0,0,0,0,0,0,2,0,0,2,0,2,0,2,0,0,0,0,0,0,0,0,0,2,2,2,2,2,0,0,0,0,0,0,2,0,0,0,0,0,2,NA,0,0,0,0,0,0,0,0,0,2,0,0,2,0,0,0,0,0,2,0,0,2,0,0,0,0,0,0,0,2,0,2,0,0,0,2,0,0,2,0,0,0,0,0,0,0,0,0,0,2,0,2,0,0,2,0,0,0,0,0,0,0,2,0,0,0,0,0,0,0,2,0,0,0,0,0,0,2,0,0,0,0,2,0,0,0,2,0,0,2,0,0,0,2,0,0,0,0,0,0,0,0,2,0,0,0,0,0,0,0,0,0,0,0,0,0,2,0,2,0,2,2,0,2,2,0,0,0,2,2,0,2,0,0,0,0,0,0,0,2,0,2,2,0,0,0,2,0,2,0,0,0,0,0,0,0,0,0,0,0,2,0,0,2,2,0,0,2,0,2,0,2,2,2,0,0,2,0,2,2,2,2,2,2,0,0,0,0,0,2,0,0,0,0,0,2,0,0,0,0,0,2,0,NA,0,0,0,2,0,2,0,0,0,0,2,2,0,0,0,0,0,0,2,0,0,0,0,0,2,0,0,0,0,2,0,0,0,0,0,0,0,0,0,0,0,2,0,0,0,0,0,0,0,2,0,0,0,0,0,0,0,0,2,0,0,0,0,0,0,0,0,2,0,0,0,2,0,0,2,0,0,0,0,2,0,0,0,0,2,2,2,0,NA,0,0,0,0,0,2,2,2,0,2,0,0,0,0,0,0,0,0,0,0,0,0,2,2,0,2,0,0,0,0,2,0,0,0,0,0,0,0,0,2,0,0,2,0,0,0,0,0,0,0,2,0,2,2,0,0,2,2,0,0,0,2,2,0,0,0,0,0,0,2,0,0,2,0,0,0,0,2,0,2,0,0,0,0,0,0,0,0,0,0,0,0,0,0,0,2,0,2,2,0,0,0,0,0,2,0,0,0,0,2,0,0,0,0,0,0,0,2,0,0,0,0,2,0,2,0,0,0,0,0,0,0,0,0,0,0,0,0,0,0,0,0,0,0,2,0,0,0,0,0,0,0,0,0,0,2,2,0,0,0,2,0,0,0,2,0,0,0,0,2,0,0,2,0,0,0,2,0,2,0,0,0,0,2,2,0,0,2,0,0,0,0,0,0,0,2,2,0,2,2,2,0,2,0,0,0,0,0,2,0,0,0,2,2,0,2,0,0,2,2,0,0,0,0,2,2,0,0,0,0,2,0,0,2,0,0,0,0,2,2,0,0,0,2,0,0,0,0,2,2,0,0,2,0,0,0,2,0,0,0,0,0,0,2,2,0,0,0,0,0,0,0,2,0,0,0,0,2,0,0,0,0,2,0,0,0,0,0,0,0,0,2,0,0,0,0,0,2,0,0,0,0,2,2,0,2,0,0,0,0,0,0,0,0,0,0,0,0,2,0,0,0,0,0,0,0,2,0,0,0,0,0,0,0,0,0,0,0,0,0,0,0,2,2,2,0,0,0,0,0,0,0,0,0,0,0,0,2,0,0,0,2,0,2,0,0,2,2,0,0,0,0,2,0,0,NA,0,0,0,0,2,0,2,0,0,0,0,0,0,0,0,2,0,0,2,0,0,2,0,0,2,2,2,2,2,0,0,0,2,0,0,0,0,0,0,0,0,2,0,0,2,0,0,0,0,2,0,2,0,2,0,0,0,0,0,0,0,0,0,0,0,0,0,NA,2,0,2,0,0,2,0,0,0,0,0,0,2,0,0,2,0,0,0,0,2,0,0,2,0,0,0,0,2,0,0,0,0,0,0,0,0,0,0,2,0,0,0,0,2,0,0,2,0,0,2,2,2,0,0,0,0,0,0,0,0,0,2,0,0,0,0,0,2,0,0,0,2,0,0,0,0,0,0,0,0,2,0,0,0,2,0,2,2,2,0,0,0,0,2,0,0,0,0,2,2,2,0,2,0,0,0,0,2,0,0,2,0,0,0,0,0,0,2,0,0,2,0,0,2,0,0,0,0,0,0,0,0,0,2,0,0,0,2,0,2,0,0,2,0,0,0,0,0,0,0,0,2,0,0,0,0,2,0,0,0,0,2,0,0,2,0,0,0,0,0,0,0,0,2,2,2,0,2,0,0,0,0,0,0,0,2,0,0,0,0,0,2,0,0,0,0,2,0,0,0,0,2,0,2,0,0,2,0,0,2,2,0,0,0,0,2,0,0,0,0,0,2,0,2,2,0,0,0,0,0,0,0,0,0,2,0,2,0,0,2,0,0,0,0,2,0,2,0,0,0,0,0,0,2,0,0,0,0,0,0,0,0,0,0,0,2,0,0,0,0,0,0,0,2,2,0,2,0,2,0,0,0,0,0,2,2,0,0,2,2,2,0,0,0,2,0,0,0,0,0,2,0,0,0,0,0,0,0,0,0,0,0,0,0,0,0,0,0,0,2,0,0,0,0,2,0,0,0,0,0,0,0,2,0,0,0,2,0,0,2,0,0,2,0,0,2,0,0,0,0,2,0,2,0,2,2,2,0,2,0,0,0,2,0,2,0,0,0,2,0,0,0,0,0,2,2,2,0,0,0,0,0,0,0,0,2,0,0,0,2,0,0,0,0,0,0,0,0,2,0,2,0,0,2,0,0,2,2,0,0,0,0,0,0,0,0,0,0,0,0,0,0,0,0,0,0,0,0,0,2,0,2,0,0,0,0,0,0,0,0,0,2,0,0,2,0,0,0,0,0,0,2,0,0,0,0,0,0,2,0,0,0,0,2,0,0,2,0,0,0,0,0,0,2,0,2,0,0,0,0,0,0,0,0,2,0,0,0,0,NA,0,0,0,0,0,0,0,0,0,0,0,2,0,0,0,0,0,0,2,2,2,2,0,2,2,0,0,0,0,2,0,0,0,0,0,0,0,2,2,2,2,2,0,0,0,0,0,2,0,0,0,0,0,0,0,0,0,2,0,0,0,0,0,2,0,0,0,0,0,0,0,0,2,0,2,0,0,0,0,0,2,0,2,0,2,2,0,0,0,2,0,0,0,0,0,0,0,0,2,2,0,2,0,0,2,0,0,0,0,0,0,2,0,2,0,0,0,0,0,2,0,0,2,2,0,0,2,2,0,0,2,0,0,0,0,0,2,0,0,0,2,0,0,2,0,0,0,0,0,0,0,2,0,2,0,0,0,2,2,0,0,0,0,0,0,0,0,0,2,0,0,0,0,0,0,0,2,2,0,0,2,2,2,0,0,0,0,2,0,0,2,2,2,0,0,2,0,0,0,0,2,2,2,0,2,0,2,0,2,2,0,2,0,2,2,0,2,0,0,0,2,0,2,0,2,0,2,0,2,0,0,2,0,0,0,NA,0,0,2,2,0,0,0,2,2,2,2,0,0,0,0,2,0,0,0,0,2,0,0,0,0,0,0,0,0,0,0,0,0,0,0,0,0,2,0,0,2,0,0,0,0,0,2,0,0,0,0,2,0,0,2,2,2,2,0,0,0,0,0,0,0,0,0,0,0,0,0,0,0,0,0,0,2,0,0,0,2,0,0,0,0,0,0,0,0,0,0,2,0,0,0,0,0,0,2,0,0,0,0,0,2,0,0,0,0,0,0,0,0,0,0,0,0,0,0,0,0,0,0,0,0,0,0,0,2,0,0,0,2,0,0,0,0,0,0,0,0,0,0,0,0,2,0,0,0,0,2,0,0,0,0,0,0,0,0,0,0,0,0,0,0,0,2,0,0,0,0,0,0,0,0,0,0,0,0,0,0,0,0,2,0,2,0,2,0,0,0,2,0,0,0,0,2,2,0,0,2,2,0,0,0,0,0,2,2,0,2,2,2,0,2,0,2,0,0,2,0,0,0,0,0,0,2,0,0,0,0,0,0,0,0,0,0,0,0,0,0,0,2,2,2,0,0,0,2,0,0,0,2,0,0,0,0,0,0,0,0,0,0,0,2,0,0,0,0,0,0,2,0,0,2,0,0,0,0,0,0,0,0,0,0,0,0,0,0,0,2,0,0,0,0,0,0,0,2,0,0,0,0,0,0,2,0,0,0,0,0,2,0,0,2,0,0,0,0,0,0,0,0,0,0,0,0,0,0,0,0,0,0,0,0,0,2,0,0,0,0,0,0,0,0,0,0,2,0,0,0,0,2,0,0,0,0,0,0,0,0,0,0,2,0,0,0,0,0,0,0,2,0,0,0,0,2,2,0,0,0,0,0,0,0,0,0,0,0,2,0,0,0,0,0,2,0,0,0,0,0,0,0,2,0,0,0,0,0,0,0,0,0,0,2,0,0,0,0,0,0,0,0,0,2,0,0,0,0,0,0,0,0,0,0,0,0,0,0,0,0,0,0,0,0,0,0,0,0,0,0,0,0,0,0,0,0,0,0,0,0,0,0,0,0,0,0,0,0,0,0,0,0,0,0,0,2,0,0,0,0,0,0,2,0,0,0,2,0,0,0,0,2,0,2,0,0,0,0,0,0,0,0,0,0,2,0,2,0,0,0,2,0,0,0,0,0,0,0,2,0,2,0,0,0,0,0,2,0,0,0,0,0,2,2,2,0,0,0,0,0,0,0,0,0,0,0,2,0,0,0,0,0,0,0,0,2,2,0,0,0,2,0,0,0,0,0,2,2,0,0,0,0,0,0,0,0,0,0,2,0,0,0,0,0,0,0,0,2,0,0,0,0,0,0,2,0,0,0,2,0,0,0,0,0,0,0,2,0,0,0,0,0,0,0,0,0,0,0,0,0,0,0,2,2,0,0,0,0,0,0,0,0,0,0,2,0,0,0,0,2,2,0,0,0,0,0,0,2,0,2,0,0,0,0,0,0,0,0,0,0,2,0,0,0,0,0,0,0,0,0,0,0,0,0,0,0,0,0,0,2,0,0,0,2,2,0,0,0,0,0,0,2,0,0,0,0,0,0,0,0,0,2,0,2,0,0,0,0,0,0,2,0,0,0,0,2,0,0,0,0,0,0,0,0,0,2,0,2,0,0,0,2,0,0,0,0,0,0,2,0,0,0,2,0,0,2,2,0,0,0,2,0,2,2,0,2,0,2,0,0,0,0,2,0,0,0,2,2,0,0,0,0,0,2,0,0,2,0,2,0,0,0,0,0,0,0,2,0,0,0,0,2,0,2,2,0,0,0,0,0,0,0,0,0,2,0,2,0,0,2,2,2,0,0,0,0,0,2,0,0,0,0,0,0,0,0,2,0,2,0,2,0,0,2,2,0,0,2,0,2,2,0,0,2,0,0,0,0,0,0,0,0,2,2,0,0,0,0,2,2,0,0,0,0,0,0,0,2,0,0,0,0,0,0,0,0,2,0,0,0,0,0,0,0,0,0,0,0,2,0,2,2,0,0,2,0,0,2,0,0,0,0,0,0,0,0,2,0,2,0,0,0,0,0,0,0,0,0,0,0,2,0,0,0,0,2,0,2,2,2,0,0,2,0,0,0,0,0,0,0,2,2,0,2,0,0,0,2,2,0,2,0,0,0,0,0,0,0,0,0,2,0,2,0,2,0,0,0,0,0,0,0,2,0,0,0,0,2,0,2,2,2,0,0,0,0,0,2,2,0,0,0,0,0,0,0,0,2,0,0,2,2,2,0,0,2,2,2,2,2,0,2,0,0,0,2,0,0,0,0,0,0,0,2,2,0,0,0,0,0,0,0,NA,2,2,0,0,0,0,0,0,0,2,2,0,0,2,2,2,0,2,0,0,2,2,0,0,2,2,0,2,0,0,0,0,2,0,0,2,0,0,0,0,0,0,0,0,2,0,0,0,0,0,0,0,0,0,0,0,0,0,2,0,2,0,0,0,0,2,0,0,0,0,0,0,0,0,0,0,2,0,0,0,2,0,0,2,2,2,0,0,0,2,0,0,0,0,0,0,2,0,2,2,0,0,2,0,0,0,0,0,2,2,0,0,0,0,0,0,0,0,0,0,0,2,0,0,0,0,0,0,0,0,0,0,0,0,0,0,0,0,0,0,0,2,0,2,0,0,2,0,0,0,2,0,2,2,2,2,0,0,0,0,0,0,0,0,0,0,0,2,0,0,2,0,0,0,0,0,0,0,0,0,2,0,2,2,0,0,0,0,0,0,2,2,0,0,2,0,0,NA,0,0,0,0,0,0,0,0,0,0,0,2,2,2,0,0,0,0,0,0,0,0,0,0,0,0,0,0,0,0,0,0,2,0,0,0,0,0,0,2,0,0,0,0,0,0,0,0,2,0,0,0,0,2,2,0,0,0,2,2,0,0,0,0,0,0,2,2,2,0,0,2,0,0,0,0,0,2,0,2,2,0,0,2,2,0,0,2,2,2,2,NA,2,0,0,0,0,0,2,2,2,2,0,0,0,0,0,0,2,0,0,2,0,0,2,0,0,0,0,0,0,0,0,2,0,0,2,0,0,0,2,0,0,NA,0,0,0,0,0,0,0,0,0,0,0,0,2,2,0,0,0,0,0,0,2,0,0,0,0,2,0,0,0,0,2,2,0,0,0,0,0,2,0,0,0,2,0,0,0,2,2,0,2,2,2,0,0,0,0,2,2,0,0,2,0,0,2,0,0,0,0,0,0,0,2,0,0,0,0,2,2,2,0,0,0,0,2,0,0,0,2,2,0,2,2,0,2,2,0,0,0,0,0,0,0,0,0,0,2,0,0,0,2,2,0,0,0,0,0,0,0,2,2,0,0,0,0,0,0,2,2,0,0,0,0,0,2,2,0,2,0,2,0,0,2,0,0,0,2,2,0,0,2,0,2,2,0,2,0,0,2,NA,2,2,0,2,0,0,0,0,0,2,2,0,0,0,0,2,2,0,NA,0,0,2,0,0,0,2,2,0,0,0,0,2,0,2,0,2,2,0,0,2,0,0,0,0,0,0,0,0,2,0,0,0,0,2,0,0,0,0,0,2,0,0,2,0,0,0,0,0,0,2,2,0,2,0,0,0,0,0,0,2,2,0,0,2,0,0,0,0,0,2,0,0,0,2,0,0,2,0,0,0,0,2,0,2,0,0,0,2,2,0,0,0,0,0,0,0,0,2,0,2,0,0,2,0,0,2,0,0,0,0,2,0,0,2,0,0,2,2,0,0,0,NA,2,2,0,0,2,0,0,0,0,0,0,0,0,0,0,2,0,0,0,0,2,0,0,0,0,0,0,0,0,0,0,0,0,2,0,0,0,0,0,0,2,0,0,2,0,0,0,0,0,0,0,0,0,0,0,2,0,2,0,2,0,0,0,0,0,0,0,0,0,0,0,0,0,0,0,0,0,0,0,0,0,0,0,2,0,0,0,0,2,0,0,0,0,0,2,2,0,2,0,2,0,2,2,2,2,0,2,0,0,0,2,0,0,0,0,0,2,0,2,2,0,0,0,2,0,0,0,2,0,2,0,0,0,0,0,0,0,0,0,0,2,0,0,0,0,0,2,0,2,0,2,0,0,2,2,0,0,0,2,0,0,0,2,0,0,2,0,0,0,2,2,0,0,0,0,2,0,2,2,0,0,0,0,2,0,0,0,0,0,0,0,0,2,0,0,0,2,2,0,2,0,0,0,0,0,0,0,0,0,0,0,2,0,2,0,0,2,0,2,2,0,0,0,2,0,0,0,0,0,2,2,2,0,0,0,0,0,2,2,0,0,0,0,0,2,0,0,0,0,0,0,0,0,0,0,0,2,0,0,2,0,2,0,0,0,0,0,0,0,2,0,0,0,2,0,0,0,0,0,0,0,0,2,0,0,0,2,2,0,2,0,0,0,0,2,2,0,2,2,2,0,0,0,0,2,0,0,2,2,0,0,2,2,2,2,0,2,2,0,2,2,0,0,0,0,2,0,0,0,0,0,0,2,0,0,2,0,0,0,0,0,2,0,0,0,2,0,0,0,2,0,0,0,2,0,2,2,2,0,0,0,2,0,0,0,0,0,0,0,0,0,NA,0,0,0,0,0,0,0,0,0,0,0,0,0,0,0,0,0,0,2,0,0,2,0,0,0,2,0,0,0,0,2,2,0,2,0,0,0,0,0,2,0,2,2,0,2,0,0,0,0,0,0,0,0,0,0,0,0,2,0,0,0,0,2,2,0,2,2,2,0,0,0,0,0,0,0,0,0,0,0,0,0,0,2,0,2,0,0,0,0,0,2,0,NA,0,2,0,2,0,0,2,0,0,0,0,0,0,2,0,0,2,0,0,0,0,0,0,0,0,0,0,0,2,0,0,0,0,2,0,0,0,0,2,2,0,2,0,2,0,0,0,0,2,0,0,0,0,NA,2,0,0,2,0,0,0,0,2,2,0,0,2,0,0,0,0,0,0,2,0,2,0,0,0,2,0,0,0,2,NA,0,0,0,0,0,0,2,2,0,0,0,0,2,0,2,0,2,2,0,2,0,0,0,0,0,0,0,0,0,0,2,2,0,0,0,2,0,0,2,0,0,2,0,2,0,0,2,2,2,0,0,2,2,2,0,0,0,0,0,0,0,0,2,0,0,0,0,0,0,0,0,0
"CC227",0,0,0,0,0,0,0,0,2,0,0,2,0,0,2,0,0,0,0,0,0,2,0,2,0,0,0,0,0,0,0,0,0,0,0,0,0,0,0,2,2,0,0,0,0,0,0,0,0,0,0,0,0,0,0,2,0,0,0,0,0,0,2,0,2,2,0,0,0,0,0,2,0,0,2,0,2,0,2,0,0,0,0,0,0,0,2,0,0,0,0,2,0,0,0,2,0,0,2,0,0,0,0,0,0,2,0,0,2,2,2,0,0,0,0,0,0,0,0,2,0,2,0,0,2,2,0,2,2,0,0,0,0,0,0,0,0,2,2,0,0,0,2,0,2,0,0,2,0,0,2,2,2,0,2,2,0,0,2,2,2,0,0,0,0,0,0,0,0,0,0,0,2,0,0,2,2,2,2,2,2,0,2,0,0,0,0,0,0,0,0,2,0,0,0,2,0,2,0,2,0,2,2,0,0,0,0,2,0,0,0,0,2,2,0,0,2,0,2,0,0,0,0,2,0,2,0,0,0,0,0,2,0,2,0,2,0,0,0,0,0,0,0,0,0,2,0,0,0,0,NA,2,0,0,2,0,0,0,0,0,0,0,2,0,2,0,2,0,2,0,2,0,0,0,0,0,0,2,0,0,0,0,0,2,0,0,2,2,0,2,0,NA,2,0,2,0,0,2,0,0,0,0,0,0,0,0,2,0,2,0,0,0,2,NA,0,0,0,NA,2,0,0,0,2,0,0,0,0,0,0,0,2,2,0,2,2,0,0,2,0,0,0,2,0,0,0,2,2,0,2,2,NA,0,0,0,2,0,0,0,0,0,2,0,0,0,0,0,0,0,0,0,0,0,0,0,2,0,0,0,2,2,0,0,2,2,0,0,0,2,2,0,0,2,0,2,2,2,2,0,0,0,0,0,2,2,2,2,2,0,2,2,0,0,0,0,0,0,0,0,0,NA,2,2,2,0,0,0,0,0,2,2,0,2,0,0,0,0,0,0,0,0,0,0,0,0,0,0,0,0,2,0,2,0,0,0,2,2,0,0,0,0,2,0,2,0,0,0,0,0,0,0,0,2,2,0,0,0,0,0,0,0,0,0,0,0,0,0,0,0,0,0,0,0,0,2,0,0,2,0,0,0,2,0,2,0,0,0,0,0,0,2,0,2,0,0,0,0,0,0,0,2,0,0,2,0,2,0,0,2,0,0,0,0,0,0,0,0,0,0,0,0,0,0,0,2,0,0,0,0,0,0,2,0,0,0,0,0,2,0,0,0,0,0,0,0,0,0,2,0,0,0,0,0,0,0,2,0,0,0,2,0,2,2,0,0,0,0,0,0,0,2,0,2,0,0,0,0,0,2,0,0,0,0,0,2,0,0,0,0,0,0,2,0,0,0,0,0,0,0,0,0,0,2,0,0,2,2,0,2,0,0,0,2,0,2,0,0,2,2,2,2,0,2,0,2,0,0,0,0,2,0,2,2,2,2,2,0,2,2,0,2,0,2,0,2,2,0,0,0,0,2,0,0,0,0,0,2,2,0,2,0,0,0,2,0,2,0,2,0,0,0,0,0,0,0,0,0,2,0,0,0,0,2,0,0,0,2,2,0,0,0,0,2,2,0,2,0,0,2,0,2,2,0,0,0,0,0,0,0,0,2,0,2,0,2,0,2,0,0,0,2,0,0,0,2,0,0,0,0,2,2,0,0,0,0,2,0,0,0,2,0,0,0,0,0,0,0,0,2,0,0,2,2,2,0,2,0,2,2,0,0,0,0,0,0,0,0,0,0,0,0,0,0,0,0,0,0,0,0,0,0,0,0,0,2,0,2,0,0,2,0,0,2,0,0,0,0,2,0,2,0,0,0,0,0,0,2,2,0,0,0,0,0,0,0,NA,0,0,0,0,0,NA,0,0,0,0,0,0,2,0,0,0,2,0,0,0,0,0,0,0,0,2,0,2,0,2,0,0,0,0,0,2,0,0,0,2,0,2,0,0,0,0,2,0,0,2,2,0,2,2,2,0,0,0,0,2,0,2,0,0,0,0,0,0,0,2,0,0,2,0,0,0,0,0,0,2,0,0,0,0,0,0,2,2,2,0,0,0,0,0,0,2,2,0,2,2,0,0,0,0,0,0,0,0,0,0,0,0,0,0,0,0,0,0,0,0,0,2,0,0,0,0,0,0,0,0,0,0,0,0,0,2,0,0,0,0,0,0,0,2,2,2,0,0,0,2,0,0,0,0,2,2,0,0,0,0,0,2,0,0,2,0,0,0,0,0,0,0,0,2,0,0,2,0,0,0,0,0,0,2,0,0,0,0,0,2,0,0,0,0,0,0,0,0,2,0,0,0,0,2,NA,0,0,0,0,0,2,0,0,0,0,0,0,0,NA,2,2,0,0,2,2,0,0,2,0,0,0,0,2,0,0,0,0,0,0,0,2,0,0,2,0,2,2,0,0,0,0,0,0,0,0,0,0,0,0,0,0,0,0,0,0,0,0,0,0,0,0,0,2,2,0,2,2,0,0,0,2,0,2,0,2,0,2,2,2,0,2,0,0,0,0,2,0,2,0,0,0,0,0,0,2,0,2,0,0,2,0,0,2,2,0,0,2,0,2,0,0,0,0,0,2,2,2,0,0,0,0,2,0,2,0,0,2,0,0,0,2,0,0,0,0,0,0,2,0,0,0,0,2,0,0,2,0,0,2,2,0,0,0,2,0,0,2,2,0,0,2,0,0,0,0,0,0,0,0,0,0,0,0,0,2,2,0,0,0,2,0,0,0,0,0,0,2,0,0,0,0,0,0,0,0,0,0,0,0,0,0,2,0,2,0,0,2,0,2,2,0,2,2,0,2,0,0,0,2,2,2,0,0,0,0,0,0,2,0,0,0,0,0,2,0,0,0,0,0,0,2,0,2,0,2,2,2,0,0,0,0,0,2,0,0,0,2,0,0,0,0,2,0,0,2,0,0,0,0,0,0,0,0,NA,0,0,0,2,2,0,0,2,0,0,2,0,0,0,2,2,0,0,0,0,2,0,2,0,0,2,2,2,0,2,0,0,0,2,0,0,0,0,0,2,0,0,0,0,2,0,2,2,0,2,2,2,2,0,0,0,0,0,0,0,0,0,0,2,2,0,2,2,0,2,0,0,0,2,0,2,0,0,0,0,0,0,2,2,0,0,0,0,0,0,0,0,0,0,0,2,0,0,2,0,0,0,0,0,0,0,2,0,0,2,0,2,0,0,2,0,0,2,0,2,0,0,0,0,0,0,0,0,0,2,0,0,0,0,2,0,2,0,0,0,0,0,0,0,0,0,0,0,0,2,0,0,0,0,0,0,0,0,0,0,2,0,2,0,2,2,0,0,0,0,0,0,2,2,0,2,0,0,0,2,0,2,0,0,0,0,0,2,2,0,2,0,0,0,0,0,0,0,0,0,0,0,0,0,0,0,0,0,0,0,0,0,2,0,0,0,0,0,0,0,2,0,2,0,0,0,0,2,0,2,0,0,0,0,0,0,0,0,0,0,0,2,0,0,0,0,0,2,2,0,0,0,0,0,0,0,0,0,0,2,0,0,0,0,0,2,0,0,0,0,2,0,0,0,2,0,0,0,0,0,0,0,2,0,2,0,2,0,2,0,0,0,0,0,0,0,0,0,0,2,0,0,0,0,0,0,0,2,0,0,0,0,0,2,0,0,0,0,0,2,2,0,2,0,0,2,0,0,2,2,0,2,0,0,0,0,0,2,2,0,0,0,0,0,2,2,0,0,0,0,0,0,0,2,0,0,2,2,2,2,0,0,0,0,0,0,0,0,0,2,0,0,0,0,0,2,0,0,0,0,2,0,0,0,0,0,0,0,0,0,0,2,2,0,2,0,0,2,2,2,0,2,0,2,2,0,2,2,2,0,0,0,2,2,2,0,2,0,0,2,0,2,0,0,0,0,2,2,0,0,0,0,0,0,2,2,0,2,2,0,0,0,0,2,2,0,0,0,2,0,0,0,0,0,2,2,0,2,2,0,2,0,0,0,0,0,0,0,2,2,0,0,2,0,0,0,0,0,2,0,0,0,0,2,2,0,0,0,0,0,2,0,0,0,2,0,2,0,2,2,0,0,0,0,0,0,0,0,0,0,0,2,0,0,2,0,0,2,0,2,0,0,0,0,2,0,0,0,2,2,0,0,2,0,2,0,2,2,0,0,0,0,2,2,0,0,0,2,2,0,0,0,2,2,2,0,0,2,0,0,0,0,2,0,0,0,0,2,2,0,0,0,2,2,2,0,2,0,2,2,0,0,0,0,0,0,2,0,0,0,2,0,2,0,0,0,0,0,0,2,NA,0,0,0,0,0,0,2,0,0,2,2,0,2,0,0,0,0,0,0,2,0,2,0,2,0,2,0,0,0,2,0,0,0,0,0,0,2,0,2,0,0,2,0,0,2,2,0,0,0,0,0,0,0,0,0,2,0,0,0,0,2,2,0,0,0,0,0,2,0,2,2,0,0,2,0,0,2,0,0,0,0,2,0,2,2,0,0,2,0,0,0,2,0,0,0,NA,0,0,0,0,0,2,0,0,0,0,2,0,0,0,0,2,0,2,0,0,0,0,0,0,0,2,2,2,2,2,0,2,0,0,0,0,0,2,0,0,0,0,0,2,2,0,2,0,0,2,2,0,0,2,0,0,0,0,0,0,2,0,0,0,2,2,2,2,0,2,2,0,0,2,0,0,0,2,0,0,2,0,0,2,0,0,0,0,0,0,0,0,0,0,0,0,0,0,0,0,0,0,0,2,0,0,0,0,0,2,2,2,0,0,0,0,0,0,0,0,2,0,2,0,2,0,0,0,2,0,2,2,0,0,0,0,0,2,0,0,0,0,0,0,0,0,2,2,0,0,0,0,0,0,0,2,0,0,2,0,2,0,0,0,0,0,2,0,0,2,0,0,0,2,0,0,2,0,0,0,0,0,2,0,2,0,0,2,0,0,2,0,2,0,0,0,0,2,0,0,0,0,2,0,0,0,0,0,0,2,0,0,0,2,0,2,2,0,0,2,0,0,0,0,0,0,2,0,0,0,0,0,NA,0,0,0,2,0,2,0,0,0,2,0,2,0,0,0,0,0,0,0,2,0,0,2,0,0,0,2,0,2,0,2,0,0,0,0,0,2,2,0,2,0,0,0,0,2,0,0,0,0,0,0,0,0,0,0,0,2,2,0,0,0,2,0,0,0,2,0,0,0,2,0,0,2,0,0,0,0,0,0,2,0,2,0,0,0,2,0,0,0,0,0,0,0,2,0,0,0,0,0,0,0,0,0,0,2,0,2,0,0,0,0,2,0,0,0,2,0,2,0,0,2,0,0,0,0,0,0,0,2,2,0,0,2,0,0,2,0,0,0,2,0,NA,2,0,0,0,0,2,0,0,0,2,0,0,0,2,2,0,0,0,0,0,0,0,0,0,0,0,2,0,0,NA,0,0,0,0,2,0,0,0,0,0,0,0,0,0,2,0,0,0,0,0,2,0,0,0,0,2,0,0,0,2,0,0,2,2,0,0,2,0,2,0,0,0,0,0,0,2,2,0,0,0,0,0,0,0,0,0,0,0,2,2,0,0,0,0,0,0,0,0,2,0,0,0,0,0,0,2,2,0,0,0,0,2,0,0,2,2,0,0,0,0,0,2,0,0,0,0,0,0,0,0,0,0,2,0,2,0,2,0,0,0,0,0,0,0,2,0,0,0,0,0,0,0,0,0,2,0,0,0,0,0,2,2,0,0,2,0,0,0,0,0,2,0,0,0,0,0,0,0,0,2,2,0,0,0,0,0,0,0,2,0,2,0,0,2,0,0,0,2,0,0,0,0,0,0,0,0,0,0,0,0,2,2,0,0,0,0,0,0,0,2,0,0,0,0,0,0,0,0,0,2,0,0,0,0,0,0,0,0,0,2,0,0,2,0,0,0,0,0,0,0,0,2,0,2,0,2,0,0,0,2,0,0,0,2,0,0,2,0,0,0,2,0,0,0,0,2,2,0,2,2,0,0,2,2,0,2,0,0,2,0,0,0,0,0,2,0,0,2,2,0,0,2,0,0,2,0,0,0,0,0,0,0,0,0,0,0,2,2,0,2,2,0,0,0,0,0,0,0,0,0,0,0,0,0,0,2,2,0,0,0,0,0,0,0,0,2,0,0,0,0,0,0,0,2,0,2,0,0,0,0,2,0,0,0,2,0,0,0,0,0,0,0,0,0,0,0,0,0,2,0,0,2,2,0,0,2,0,0,0,0,0,0,0,0,0,0,0,0,0,0,2,0,0,0,0,2,2,0,0,0,0,0,0,0,2,0,0,0,0,0,0,0,2,0,2,0,0,0,0,2,2,0,0,0,0,0,2,0,2,0,0,2,0,0,0,0,2,0,0,0,0,0,0,0,0,0,0,2,0,2,2,0,0,2,0,0,0,2,2,0,0,2,0,0,0,0,2,0,0,2,0,0,0,0,0,0,2,0,0,0,0,0,0,0,2,0,0,0,0,0,0,0,0,0,0,0,0,0,0,0,0,0,2,0,2,0,0,0,0,0,0,0,0,0,0,2,0,0,0,0,0,0,0,0,0,2,2,0,0,0,0,0,0,0,0,0,0,0,0,0,0,0,0,0,0,0,0,0,0,0,0,0,0,0,0,0,0,0,2,0,0,0,0,0,0,2,0,0,0,2,0,0,2,0,0,0,0,2,2,0,2,2,0,2,0,0,2,0,2,2,0,2,0,0,2,0,0,2,0,0,0,0,2,0,0,0,0,2,2,0,0,0,0,0,0,0,0,0,2,0,2,0,2,0,0,0,0,0,0,0,0,2,2,0,2,0,0,2,2,0,0,0,2,2,0,0,0,2,0,0,0,0,2,2,0,0,0,2,0,0,0,0,2,0,0,0,0,0,0,2,2,0,0,0,0,0,0,2,0,0,0,0,0,0,2,0,2,0,2,0,0,2,0,2,0,0,2,2,2,0,2,0,0,2,0,2,2,2,2,2,0,0,0,2,2,0,0,NA,0,2,2,0,0,0,2,2,0,0,0,0,0,0,0,0,2,0,0,0,0,0,0,2,0,0,2,2,0,2,0,0,2,0,0,0,2,0,0,0,2,2,0,0,0,0,0,0,2,0,0,0,0,0,0,0,0,0,0,0,0,2,0,0,0,0,0,2,2,0,0,2,0,0,0,2,0,2,0,0,0,0,0,0,0,2,0,0,0,2,2,2,2,0,0,0,0,2,2,0,2,2,NA,2,2,0,0,0,0,2,0,2,2,0,0,2,0,0,2,2,0,2,NA,0,0,2,0,0,0,2,2,0,2,0,2,2,0,0,0,0,2,0,0,0,2,0,0,0,0,2,0,2,0,0,0,2,0,0,0,0,2,0,0,0,2,0,2,2,0,0,0,2,0,0,2,0,0,0,2,2,0,2,2,2,2,0,0,0,0,0,0,2,0,0,2,0,0,0,0,0,0,0,0,2,0,0,0,0,2,0,0,2,0,0,0,0,0,0,0,0,0,0,0,0,0,2,0,0,0,0,0,0,2,0,0,0,0,2,0,0,2,0,2,0,2,2,0,0,0,0,0,2,2,2,0,0,0,0,0,0,2,0,0,0,0,0,0,0,0,0,0,0,2,0,0,2,2,0,0,2,0,0,0,0,0,0,0,0,0,0,0,2,0,0,0,0,2,0,0,2,0,0,0,0,0,0,0,2,0,0,2,0,2,0,0,0,0,0,0,0,0,0,0,0,0,0,2,0,0,0,0,0,0,2,0,0,0,2,2,2,0,2,0,0,0,2,0,0,0,0,0,0,0,0,2,0,0,2,0,0,0,0,0,0,0,0,0,0,0,0,0,0,0,0,0,0,0,0,0,0,0,0,0,0,0,0,0,2,0,0,0,0,0,0,0,0,0,0,0,0,0,0,0,0,0,0,NA,0,0,0,0,2,2,0,0,0,0,0,0,2,0,0,0,0,0,2,0,0,0,2,0,0,0,0,2,0,0,2,0,0,0,0,0,2,0,0,0,0,0,0,0,0,2,0,2,2,0,0,0,0,0,0,2,0,2,0,2,2,0,0,2,2,0,0,0,0,2,0,2,0,2,NA,2,2,0,0,2,0,0,2,0,0,0,2,0,2,0,2,0,0,0,2,0,0,0,0,0,2,0,0,0,0,0,2,0,0,0,2,0,0,0,0,0,0,0,2,0,0,0,0,2,0,0,0,2,2,0,2,2,0,0,0,0,0,0,0,0,0,0,0,0,0,0,0,0,0,0,2,0,0,0,2,0,0,0,0,0,0,2,0,0,0,2,0,0,0,0,0,0,0,0,0,0,0,0,0,2,0,0,0,2,0,2,0,0,0,0,0,0,2,0,0,0,0,0,0,2,0,0,0,0,0,0,0,0,2,0,2,0,0,0,0,0,2,0,0,0,0,2,NA,0,0,0,0,2,0,0,0,2,0,0,0,2,0,0,0,0,0,2,2,0,0,2,0,0,0,2,0,2,2,0,0,0,2,0,0,0,0,0,2,0,0,2,2,2,0,0,0,2,0,0,0,0,0,0,2,0,0,0,2,0,0,0,2,0,0,0,0,0,2,0,0,2,0,2,2,0,0,0,0,0,0,0,0,0,0,0,0,0,0,0,0,0,0,2,2,0,0,0,0,0,2,2,0,0,0,0,0,0,0,0,0,0,0,0,2,0,2,0,0,2,0,0,2,0,0,2,2,0,0,2,0,0,2,0,0,0,0,0,0,2,2,0,2,2,0,2,2,2,0,0,0,0,2,2,0,0,0,0,0,0,0,0,0,2,0,0,2,0,2,0,0,0,0,2,0,0,0,0,0,2,0,2,2,0,2,2,0,0,0,0,0,2,0,2,0,0,0,0,0,0,0,2,0,0,2,2,2,0,0,2,0,0,0,0,2,0,0,2,0,2,0,2,0,0,0,0,2,2,0,2,0,2,0,0,0,0,2,0,0,2,0,0,2,0,0,0,0,0,0,0,2,0,0,0,0,0,0,0,0,0,0,0,0,2,0,2,0,2,0,0,0,2,0,0,0,0,0,0,2,0,0,0,0,0,2,0,0,0,2,0,0,0,0,0,0,0,0,0,0,2,2,0,0,0,2,0,0,0,2,0,0,0,2,2,0,2,0,0,0,0,0,0,0,0,0,0,0,0,0,0,0,0,2,0,0,0,0,0,2,0,0,0,0,2,0,0,0,2,0,0,0,0,0,2,0,0,0,0,0,0,0,2,0,0,0,0,0,0,0,0,0,0,2,NA,0,0,0,0,2,0,0,0,2,0,0,0,2,0,2,0,0,0,0,0,0,0,0,0,0,0,0,0,2,0,0,0,0,0,2,0,0,0,0,0,0,0,0,0,2,2,2,0,0,0,2,0,0,0,2,0,0,0,0,2,0,0,0,2,0,0,0,0,0,0,0,0,0,0,0,0,2,0,0,0,0,0,0,0,2,0,0,0,2,0,0,0,0,0,0,0,0,0,2,0,0,0,0,0,2,0,0,0,0,2,0,2,0,0,2,2,0,0,0,2,0,0,0,0,0,0,0,0,2,2,2,2,0,0,0,0,0,0,0,0,0,0,0,2,0,2,0,2,0,0,0,0,0,0,0,0,0,0,0,0,0,0,0,0,2,0,2,0,0,0,0,0,0,0,0,2,2,0,0,0,0,0,0,0,0,0,0,0,0,0,2,0,0,0,0,0,0,0,0,2,0,2,2,2,0,0,2,0,2,0,0,0,0,0,2,0,0,2,2,0,2,2,0,0,0,0,2,0,0,2,0,0,2,0,0,2,2,2,0,0,0,0,2,2,0,0,2,0,0,0,0,0,2,0,0,0,2,0,2,2,2,0,0,0,0,0,0,2,2,0,0,2,2,0,0,0,2,2,0,0,2,0,2,0,0,0,0,0,0,2,0,0,0,0,0,0,2,0,0,2,0,0,2,2,0,2,0,NA,2,NA,NA,0,0,0,2,0,0,0,2,2,0,0,2,0,0,NA,0,0,2,0,0,0,2,2,0,0,0,0,0,2,2,0,0,0,0,0,0,0,0,2,0,0,0,0,2,0,0,2,0,0,0,2,0,0,0,0,0,0,0,2,0,2,0,2,0,0,2,2,0,0,0,2,0,2,2,2,0,2,0,0,2,0,0,0,0,2,0,0,0,0,2,0,0,0,0,0,0,0,0,0,0,0,0,0,2,0,0,0,0,2,2,0,2,0,2,2,0,0,2,2,0,0,0,0,2,0,2,2,2,0,0,2,2,0,0,0,0,0,0,0,0,0,0,0,2,2,0,0,0,2,2,0,2,0,0,0,2,0,0,2,0,0,0,0,2,0,2,2,0,2,0,0,2,2,0,0,0,0,0,0,0,0,2,0,0,0,0,0,0,0,0,0,0,0,0,2,2,0,2,0,2,0,0,0,0,2,0,0,0,0,0,0,0,0,0,0,0,0,0,0,2,0,0,0,0,0,0,0,0,0,0,0,2,0,0,0,0,0,0,0,0,2,0,0,0,0,0,2,0,2,2,0,0,0,0,0,0,0,0,0,2,0,0,0,2,0,2,0,0,0,0,0,0,0,0,0,2,0,0,0,0,0,0,0,0,0,2,0,0,0,2,2,2,0,0,0,0,2,0,0,2,0,0,0,0,0,0,2,0,0,0,2,2,2,0,0,0,0,0,2,0,0,2,0,2,2,0,0,0,0,0,0,2,0,0,0,2,0,0,0,0,0,0,0,0,0,2,2,2,0,0,0,0,2,0,2,2,0,0,0,0,0,0,0,0,0,0,2,0,2,0,0,0,2,2,2,2,0,0,0,2,0,0,0,0,0,0,2,0,0,0,0,2,0,0,0,2,2,2,0,2,0,2,0,2,0,2,0,0,2,2,0,0,0,0,0,0,0,0,2,2,0,NA,0,0,0,2,0,0,0,0,0,2,0,2,0,0,0,0,0,0,0,0,0,0,0,0,0,0,0,0,0,0,0,0,0,2,2,0,2,0,0,0,0,0,2,0,0,2,0,0,0,0,0,0,0,2,0,0,2,0,0,2,0,0,0,0,0,0,0,0,0,0,0,0,0,0,2,2,0,0,0,0,0,0,0,0,0,2,2,0,0,2,0,2,2,2,0,0,0,0,NA,0,2,0,0,0,0,0,0,0,0,0,0,0,2,0,2,0,0,0,0,2,0,0,0,0,0,0,0,0,0,0,0,2,0,0,0,0,0,0,0,0,0,2,0,0,0,0,0,0,0,0,2,0,NA,0,0,0,2,0,0,0,2,0,2,0,2,2,0,0,0,0,0,0,0,2,0,0,2,0,0,2,2,0,0,0,2,0,0,2,0,0,0,2,0,0,0,0,0,0,0,2,NA,0,0,2,0,0,0,0,0,0,0,0,0,0,0,2,2,2,2,0,0,0,0,0,2,0,0,NA,2,0,0,0,0,0,0,0,2,0,0,0,0,0,2,2,2,0,0,0,0,0,0,0,0,2,0,0,2,0,0,2,2,0,0,0,2,0,2,0,2,2,0,0,NA,2,0,0,0,2,0,2,0,0,0,2,2,0,2,0,0,0,2,0,0,0,0,0,2,0,2,0,2,0,2,0,0,2,0,0,0,2,0,0,0,0,0,0,0,0,0,0,0,2,0,0,0,0,0,0,2,0,2,0,0,0,0,0,2,2
"CC228",0,2,2,0,0,0,0,0,0,0,0,0,0,0,0,2,0,0,0,0,2,0,0,2,0,0,0,0,0,2,0,2,0,0,0,2,0,0,0,0,0,0,2,2,2,0,0,0,0,0,2,2,0,2,2,0,2,0,0,0,0,2,0,2,0,2,0,0,0,2,0,0,0,0,0,0,0,0,0,2,0,0,0,0,0,0,0,0,2,2,0,0,2,0,0,0,0,0,0,0,0,0,0,2,0,2,0,0,0,0,0,0,0,0,0,0,0,0,0,0,0,2,0,0,0,0,2,0,0,0,0,0,0,2,0,0,0,0,2,0,0,0,0,0,0,0,2,0,0,0,0,0,0,0,0,0,0,0,0,0,0,0,0,2,2,2,0,0,2,0,0,2,2,0,0,2,0,0,0,0,2,0,0,0,0,0,0,0,0,2,0,0,0,0,0,0,0,0,2,0,0,0,0,0,0,0,0,0,0,0,0,0,0,0,0,0,0,0,2,0,2,0,0,0,0,0,0,2,2,0,0,0,0,0,0,0,2,0,2,0,2,0,0,0,2,0,0,0,2,0,0,0,0,0,0,0,0,2,0,0,0,0,0,2,0,0,0,0,0,2,0,0,0,0,0,0,0,0,0,0,2,0,2,0,0,0,0,2,0,0,0,2,2,0,0,0,0,2,0,0,0,2,2,0,0,0,2,0,2,0,0,2,0,2,2,0,0,0,0,0,0,0,0,0,2,0,0,0,2,0,0,0,2,0,0,2,0,0,2,0,0,2,0,0,0,0,0,0,0,0,0,0,0,0,0,2,0,0,0,0,2,0,0,0,0,2,0,0,0,0,0,0,0,0,0,0,0,0,0,0,0,0,0,0,0,0,2,2,0,0,0,0,0,0,0,0,0,0,0,0,0,0,2,2,0,2,0,0,0,2,0,0,0,0,0,0,0,2,0,0,0,2,0,0,0,0,0,0,0,0,2,0,2,0,0,0,0,0,2,0,0,0,0,2,0,0,0,0,2,0,0,0,2,2,2,2,0,0,0,0,0,0,2,0,0,0,0,2,0,0,0,2,2,0,0,0,0,0,0,0,0,0,0,0,0,0,0,0,0,0,0,2,0,2,0,0,0,0,0,0,0,0,2,0,0,0,0,0,0,0,0,2,0,0,0,0,0,0,0,0,0,0,0,0,0,0,0,0,0,2,2,0,2,0,0,2,0,0,0,0,2,0,0,2,0,0,0,2,0,0,NA,0,0,0,0,0,0,0,0,2,0,0,0,0,2,0,0,2,0,0,0,0,0,0,0,2,0,0,2,0,0,2,0,2,2,0,0,0,0,2,0,2,2,0,2,0,0,0,2,0,0,2,0,0,0,0,2,2,0,0,0,0,0,0,0,0,0,0,0,0,2,0,0,0,0,0,0,0,0,0,0,0,0,2,0,0,0,0,0,2,0,0,0,0,0,0,0,2,0,0,0,0,0,0,0,0,2,0,0,0,2,2,0,0,0,0,0,0,0,2,0,0,0,2,2,0,0,2,0,0,0,0,0,0,2,0,2,0,2,0,2,0,0,0,0,0,0,0,0,0,0,0,0,0,0,0,0,0,0,0,0,2,0,0,2,0,2,2,0,0,0,0,0,0,0,0,0,0,0,2,0,2,0,0,0,0,0,0,0,0,0,0,0,0,0,0,0,2,2,0,0,0,0,2,2,0,0,0,2,2,0,0,0,0,0,2,0,NA,NA,2,0,2,0,0,0,0,2,0,0,0,0,0,2,0,0,0,0,2,2,2,0,0,2,0,0,0,0,0,0,0,0,0,0,2,0,2,0,0,2,0,0,0,2,0,0,0,2,2,2,2,0,0,0,2,0,2,2,0,0,2,0,0,0,0,0,0,0,0,0,2,0,0,0,0,0,0,2,0,0,2,2,0,0,0,0,0,0,2,0,0,0,0,2,0,2,0,2,0,0,2,0,0,0,0,2,0,2,0,2,0,0,0,0,2,0,2,0,0,0,2,2,0,0,0,2,2,0,0,0,0,0,0,0,2,2,0,0,0,0,0,0,0,NA,0,2,NA,0,0,0,2,0,NA,NA,2,0,0,2,0,0,2,2,2,0,2,2,2,0,0,0,0,2,2,2,0,0,0,0,0,0,0,0,0,0,0,0,0,2,0,0,0,0,0,0,0,2,0,0,0,0,0,0,0,0,0,2,0,0,0,0,0,0,0,2,0,2,2,0,0,0,0,0,0,0,0,0,0,2,2,2,0,0,0,2,0,0,0,2,0,0,0,0,0,0,0,0,0,0,2,2,NA,0,2,0,0,NA,0,2,0,0,0,0,0,0,0,0,0,0,2,0,0,0,0,0,0,0,0,0,2,0,0,0,0,0,0,0,0,0,2,0,2,0,2,2,0,0,0,0,0,0,0,2,0,2,2,NA,0,2,2,0,0,0,0,2,0,0,0,2,2,2,0,0,0,0,0,2,0,0,0,0,0,0,2,0,0,0,0,0,0,0,0,2,0,0,0,0,0,0,0,0,0,0,0,2,0,0,0,0,2,0,2,0,0,2,0,0,2,0,0,0,2,0,2,0,0,0,0,0,0,2,2,0,0,2,0,2,2,0,0,0,0,0,0,0,0,0,0,2,0,0,0,0,2,0,0,0,0,0,2,2,0,0,0,0,0,0,0,0,0,0,2,0,2,0,0,0,0,0,2,0,0,2,0,0,2,0,2,0,0,0,0,0,0,0,2,0,0,0,0,0,0,2,0,0,0,0,0,0,0,0,2,0,0,0,0,0,0,0,2,0,0,0,2,0,2,0,2,0,2,0,2,0,0,0,0,0,0,0,0,0,0,0,0,0,2,2,0,0,0,0,2,2,0,2,0,0,0,2,0,0,0,0,0,0,0,2,2,0,0,0,0,2,0,2,0,0,0,0,0,0,0,0,0,2,2,0,0,0,0,0,0,0,0,2,0,0,0,0,0,0,0,0,2,0,0,0,0,0,0,2,0,0,0,0,0,0,0,0,0,0,0,2,0,2,0,0,0,0,2,0,0,2,0,0,2,2,0,0,0,0,0,0,0,2,0,0,0,0,0,0,2,2,2,0,0,2,0,2,0,0,0,0,0,0,0,0,0,0,0,0,0,0,0,0,2,0,0,0,0,0,0,0,0,0,0,0,0,0,0,2,2,0,0,2,0,0,0,0,0,0,0,0,NA,0,0,0,NA,2,0,2,2,2,2,2,2,2,2,0,0,2,0,0,0,2,0,0,0,0,2,0,0,0,2,0,0,0,2,0,0,2,0,0,0,2,0,0,0,0,0,0,0,0,2,0,0,0,0,0,0,0,0,0,0,0,0,0,0,0,2,0,0,0,0,2,2,2,2,0,0,0,0,0,0,2,2,0,2,0,0,0,0,2,0,0,0,2,2,2,0,0,0,2,0,0,0,0,0,0,0,0,2,0,0,0,0,0,2,0,0,2,0,0,2,0,0,0,2,2,0,0,2,2,2,2,2,0,0,0,2,0,0,0,2,0,2,2,2,2,0,0,2,2,0,2,0,0,0,0,0,0,2,0,2,2,2,0,2,0,0,0,2,0,2,0,0,0,2,0,0,0,0,2,0,0,2,0,0,0,0,0,2,0,0,2,0,0,0,0,0,0,0,0,0,0,2,0,0,2,0,0,0,0,0,2,2,0,0,0,2,0,0,0,0,0,0,2,2,2,0,0,0,0,0,2,0,0,0,0,2,0,0,0,0,0,0,0,0,0,2,0,0,0,0,2,0,0,0,2,0,2,0,0,0,0,0,0,2,0,0,0,0,2,0,2,0,0,0,0,0,0,0,0,0,0,0,0,0,2,0,2,0,2,0,0,2,2,2,2,0,0,2,0,2,0,0,2,0,0,0,0,2,0,0,0,0,0,0,0,0,0,0,0,0,0,2,0,0,0,0,0,0,0,0,0,0,0,0,0,0,0,0,0,0,0,0,0,0,0,0,0,0,0,0,0,0,0,0,0,0,0,0,0,0,0,0,0,0,0,0,0,0,0,0,2,0,2,2,2,0,0,2,0,0,0,0,2,0,2,0,0,0,0,0,2,0,0,2,0,0,2,2,0,0,0,0,0,2,0,0,0,0,0,2,2,2,2,0,0,2,0,0,0,0,2,2,2,0,2,0,0,0,2,0,0,0,2,0,0,2,2,2,0,0,0,2,0,0,0,0,2,0,0,2,0,0,2,2,2,2,0,0,2,0,0,0,0,0,0,0,0,0,0,0,0,2,0,0,0,2,0,0,2,0,0,2,0,0,0,0,0,2,2,2,0,0,0,0,0,2,0,2,0,0,0,0,0,0,2,0,0,0,0,0,0,2,2,0,0,0,0,0,0,0,0,0,2,0,2,0,0,0,0,0,0,0,2,0,0,0,0,0,0,0,0,0,0,0,0,0,0,0,0,0,0,0,0,0,0,0,0,0,0,0,2,0,0,2,0,0,0,0,0,0,0,0,0,0,0,0,0,0,0,0,2,0,0,0,2,0,2,0,2,0,0,2,0,0,0,2,0,0,0,0,0,0,0,0,0,0,0,2,0,0,0,0,2,2,2,2,0,0,0,2,0,0,0,0,0,2,0,0,0,0,0,0,2,2,0,0,0,0,0,0,0,0,2,0,0,0,0,0,0,0,0,0,0,0,NA,0,0,2,0,0,0,NA,0,0,0,0,2,0,0,0,0,0,0,0,0,0,2,0,0,0,2,0,2,0,2,0,0,0,0,0,2,0,0,0,0,0,0,0,2,2,0,2,0,0,0,0,0,0,0,2,0,0,0,0,0,0,2,0,0,0,0,0,2,0,2,0,0,0,2,0,0,2,0,2,0,2,0,0,0,0,2,0,0,0,0,0,0,0,0,0,0,0,2,NA,0,0,0,0,0,0,0,0,0,0,0,0,2,2,0,0,0,0,0,2,0,0,2,0,0,0,0,2,0,2,0,0,0,0,0,2,0,0,0,0,0,0,0,0,0,0,2,0,0,0,2,0,0,2,0,0,0,0,0,2,0,0,0,0,0,0,0,2,0,0,0,0,0,0,0,0,2,0,2,0,0,0,0,0,0,0,0,0,0,0,0,0,0,0,0,0,0,2,0,0,0,0,0,0,0,0,0,2,0,2,2,0,0,2,2,0,0,2,0,0,0,0,0,0,0,2,2,0,0,0,0,0,0,0,2,0,0,0,2,0,0,0,2,0,0,0,0,2,0,0,2,0,0,0,0,0,0,0,0,0,0,2,0,0,0,0,2,0,0,0,0,0,0,0,0,0,0,2,0,0,2,0,0,0,0,0,0,2,0,0,2,0,0,0,0,0,0,0,2,0,0,2,2,0,0,0,0,0,0,0,0,0,0,0,0,0,0,0,0,0,0,0,0,0,2,0,0,0,0,0,2,0,0,0,0,0,0,0,0,0,0,0,0,2,0,0,0,2,0,0,0,0,0,0,0,2,0,2,0,0,0,0,2,2,0,0,0,2,0,0,2,0,0,0,0,0,0,0,0,0,0,0,0,0,2,0,0,2,0,0,0,0,0,0,2,0,0,0,2,0,0,0,0,0,0,0,0,0,0,0,0,0,0,2,0,0,0,0,2,0,0,0,2,0,0,0,0,0,0,0,0,0,0,2,2,0,0,0,0,0,0,0,0,0,0,0,0,0,0,0,0,0,0,2,0,0,0,0,0,0,0,2,0,0,2,0,0,0,2,0,0,0,0,2,0,0,0,0,0,0,0,2,0,0,0,2,0,0,0,0,2,0,0,0,0,0,0,0,0,0,0,0,0,2,0,2,0,0,0,0,0,0,0,0,0,0,0,0,0,0,0,0,0,0,0,0,0,2,0,0,0,0,0,0,2,0,2,0,0,0,0,0,0,0,0,0,0,0,0,0,0,0,0,2,0,0,0,2,0,0,0,2,0,0,2,0,0,0,0,2,2,0,2,2,0,0,0,0,0,0,0,0,2,0,0,0,0,0,0,0,0,0,0,0,0,0,2,0,0,0,0,0,0,0,2,0,0,0,0,0,0,0,0,0,0,2,0,0,0,0,0,0,0,0,2,2,0,0,0,0,2,0,0,2,0,0,0,0,0,0,0,0,0,0,0,0,0,0,0,0,0,0,0,0,0,0,0,0,0,0,0,2,0,2,0,0,2,0,0,0,0,0,0,2,0,0,0,0,0,0,0,2,0,0,0,0,0,0,0,0,0,0,0,2,2,0,0,0,0,0,0,0,0,0,0,0,0,0,0,0,2,0,2,0,2,0,0,0,2,0,0,0,2,2,2,2,0,2,0,0,0,2,0,2,0,0,0,0,0,0,0,0,0,0,0,2,2,0,0,2,0,0,0,2,0,0,0,0,0,0,0,0,0,2,0,0,0,0,0,0,0,0,0,0,2,0,2,0,2,0,2,0,0,2,2,2,0,2,0,0,0,0,0,0,0,0,0,0,0,2,0,2,0,2,2,0,0,0,0,0,0,2,0,0,0,0,0,0,0,0,0,0,0,0,0,0,0,2,0,0,0,0,0,0,0,0,0,0,2,0,0,0,0,0,0,0,0,0,0,2,0,2,0,2,0,0,0,0,0,0,NA,0,0,0,2,2,0,0,0,NA,0,0,0,0,0,0,0,0,2,2,2,0,0,0,NA,0,0,0,0,0,2,0,2,0,0,2,0,2,0,0,0,0,0,0,0,0,0,2,0,0,0,2,0,0,0,0,0,0,0,0,0,0,0,0,0,2,0,0,0,0,0,0,0,0,2,0,0,0,0,0,0,0,2,0,0,2,0,2,0,2,0,0,0,0,0,0,2,2,0,0,0,0,2,2,2,2,0,2,0,2,2,2,2,0,0,0,2,2,2,0,0,2,2,2,0,0,0,0,0,0,0,0,0,0,2,0,0,0,0,2,0,0,0,2,0,0,2,0,0,0,0,0,0,0,0,0,2,0,0,0,2,0,0,0,0,0,0,0,0,0,0,0,0,0,0,0,0,2,0,0,0,0,0,0,0,0,0,0,0,0,0,0,0,2,0,NA,0,0,0,2,0,2,2,0,0,0,0,0,0,0,0,0,0,0,0,0,2,0,2,2,2,0,0,2,0,0,2,0,2,0,0,0,0,0,2,0,0,0,0,NA,0,0,0,0,0,0,2,0,2,0,0,0,0,0,0,0,0,2,2,0,0,2,0,0,0,0,2,0,0,0,0,0,0,0,2,0,2,0,2,0,2,2,2,0,0,2,0,0,0,0,0,2,0,0,0,0,0,2,0,2,0,0,0,0,0,0,0,0,0,2,0,0,0,0,0,0,0,0,0,0,0,0,0,0,0,0,0,2,0,0,0,0,0,0,2,0,2,0,0,0,0,0,0,2,0,0,0,0,0,2,0,2,0,0,2,2,0,0,2,2,0,0,0,0,0,0,0,0,0,0,0,0,0,0,2,2,0,0,0,2,0,0,0,2,2,0,0,0,0,0,0,0,0,0,0,0,2,2,0,2,2,0,0,0,0,0,2,0,0,0,0,2,2,0,0,2,0,0,2,0,0,0,0,0,2,2,0,0,0,0,0,0,2,0,0,0,0,0,2,2,0,2,0,0,0,0,0,0,0,0,0,0,2,0,0,2,0,0,2,2,0,0,2,0,0,0,2,0,0,0,2,0,2,0,0,0,0,0,2,0,2,0,2,0,0,0,0,0,0,0,2,0,0,2,0,2,2,0,0,0,0,0,2,2,0,2,2,0,2,2,2,0,0,0,0,0,2,2,0,2,0,2,2,0,2,2,0,2,0,0,0,0,2,0,0,0,0,0,0,0,0,0,2,0,0,2,2,0,0,2,2,0,0,0,2,0,0,0,0,0,0,0,0,0,0,2,0,0,2,0,2,2,NA,2,2,2,0,0,0,0,0,2,0,0,0,0,0,0,0,0,0,0,0,0,0,2,0,0,0,0,2,2,2,0,2,0,0,2,0,0,2,0,2,0,0,0,0,0,0,2,0,2,0,2,2,0,0,0,2,0,0,0,0,2,0,2,2,2,2,0,0,0,0,0,0,0,0,0,0,0,0,2,0,0,0,2,2,0,0,0,0,0,0,0,0,2,0,0,0,0,0,0,2,2,0,2,0,0,0,0,0,0,2,0,0,0,0,0,0,0,0,0,0,0,0,0,0,0,0,2,2,0,0,2,0,0,0,0,0,0,2,0,0,0,2,2,0,0,0,0,0,0,0,2,2,0,0,0,2,2,0,0,0,0,2,2,0,0,0,0,0,2,2,2,2,0,2,0,0,0,0,0,0,0,0,2,0,0,0,NA,0,0,0,0,0,0,2,0,0,0,0,0,0,0,0,0,0,0,2,0,0,2,2,0,0,0,0,0,0,2,0,0,0,0,0,0,0,0,0,0,0,0,0,0,2,2,0,0,0,0,0,0,0,0,0,2,0,0,0,0,0,0,0,0,2,0,2,0,0,0,0,0,0,0,2,0,2,0,0,0,0,0,0,0,2,0,0,0,0,0,0,0,0,2,0,2,0,0,2,0,0,0,2,0,0,0,0,2,2,0,0,0,2,0,0,0,2,0,0,0,0,2,0,0,0,0,0,0,0,0,0,0,0,0,0,0,0,0,0,0,2,0,0,0,0,0,0,2,2,0,0,0,0,0,0,0,2,2,0,2,0,0,2,0,2,0,0,2,0,0,2,0,0,2,0,2,2,2,0,0,0,0,0,0,0,0,0,0,0,0,2,0,0,2,0,0,2,0,2,0,2,0,0,0,0,0,0,0,0,0,2,0,2,0,2,0,0,2,0,0,0,0,0,0,0,2,0,0,0,0,0,0,0,0,0,2,0,0,2,2,0,0,0,0,0,2,0,2,2,0,0,0,0,0,0,0,0,2,0,0,0,2,0,0,2,2,2,0,0,0,0,0,0,0,2,0,0,0,0,0,0,2,2,0,0,0,0,0,0,0,0,0,0,0,0,0,0,0,0,0,0,0,0,0,0,2,0,0,0,0,0,0,0,0,0,0,2,0,0,0,0,2,0,0,0,0,0,0,2,0,2,0,0,0,0,0,2,0,2,2,2,0,0,2,0,2,0,0,2,0,0,2,2,0,NA,0,0,0,2,0,0,0,0,0,2,0,0,0,2,2,0,0,0,0,0,0,0,0,0,0,2,2,0,2,0,2,0,0,0,2,0,2,0,0,0,0,2,0,0,0,2,0,0,0,2,2,0,0,0,2,0,0,0,0,0,0,0,0,0,0,0,0,0,2,2,0,2,0,0,0,0,0,2,0,0,2,0,0,0,0,0,0,0,0,0,0,0,0,0,0,0,0,0,0,0,0,0,2,0,0,0,0,0,0,0,2,0,0,0,2,0,0,2,0,0,0,0,2,2,2,0,0,0,0,2,0,0,2,0,0,2,0,0,0,0,0,0,2,0,0,0,0,0,2,0,0,0,0,0,2,0,0,0,0,0,0,0,0,0,2,0,2,2,0,2,2,2,0,0,0,0,0,0,0,0,0,2,0,0,0,0,0,0,0,0,0,0,2,0,0,0,0,0,2,0,0,0,0,0,2,0,0,0,0,0,0,0,0,0,0,0,2,0,0,0,0,0,0,0,0,0,0,0,2,0,0,0,0,0,0,2,0,0,0,0,0,0,0,0,0,0,0,0,0,0,2,0,0,0,0,0,0,2,0,0,0,0,0,0,2,0,2,0,0,0,0,0,0,2,0,0,0,0,0,0,2,0,2,0,0,0,0,0,0,0,0,0,0,0,0,0,0,0,2,0,0,0,0,0,0,0,0,0,0,0,2,0,0,0,0,2,0,0,0,0,0,0,0,0,2,2,0,0,0,2,2,0,0,0,0,0,0,0,0,0,2,0,0,2,2,0,0,0,0,0,0,0,0,0,2,2,2,0,0,0,0,0,0,2,0,0,0,0,0,0,0,0,2,2,2,0,0,0,0,0,0,0,0,0,0,2,0,0,0,0,0,0,0,0,0,0,0,0,0,0,0,0,0,0,2,0,0,2,0,2,0,0,0,0,0,0,2,0,0,0,0,0,2,0,0,0,0,0,0,0,0,2,0,0,0,2,0,2,0,2,0,0,0,0,0,0,2,0,0,0,0,0,0,0,0,0,0,2,0,0,0,0,0,0,0,0,0,0,0,0,0,0,0,0,0,0,0,2,0,0,0,2,0,0,0,2,0,0,0,0,0,0,0,0,0,0,0,0,0,0,0,0,0,0,0,0,0,0,0,2,0,0,0,2,NA,0,0,2,0,0,2,0,2,0,0,0,0,0,2,0,0,0,2,0,2,0,0,0,0,0,2,2,2,2,0,0,2,0,2,0,0,0,2,0,0,2,0,0,0,0,0,0,2,0,2,0,0,0,2,0,0,0,0,2,0,0,2,2,0,0,2,0,0,0,0,2,0,2,0,2,0,0,2,2,0,0,NA,0,0,2,2,2,2,0,0,2,0,0,0,0,0,0,0,0,0,0,0,0,0,0,0,0,0,0,2,0,0,0,0,0,0,0,0,2,0,0,0,0,0,0,0,0,2,0,0,0,2,0,0,0,0,2,2,0,0,2,0,0,0,2,0,NA,2,2,0,0,2,0,0,2,0,0,0,2,2,2,0,0,2,0,2,2,0,2,0,0,2,0,2,0,2,2,0,2,0,0,0,0,0,0,0,2,0,0,2,2,0,0,0,0,2,0,0,0,2,0,2,0,2,0,0,0,0,2,0,0,0,0,2,0,0,0,0,0,2,0,0,0,0,0,2,2,2,0,0,0,0,0,0,2,0,2,2,2,0,2,0,0,0,2,0,2,0,0,0,0,0,0,2,2,0,0,0,0,0,0,0,0,0,0,0,0,0,0,0,NA,0,2,0,0,0,2,0,0,0,0,0,0,0,0,0,0,0,0,0,0,0,0,2,0,0,0,0,0,2,0,0,0,0,0,0,0,0,0,0,0,0,0,0,0,0,2,0,0,0,2,0,0,0,0,2,0,0,0,0,0,0,2,0,0,0,2,0,0,0,0,0,0,0,2,0,0,0,0,0,2,0,0,0,0,0,0,0,0,0,0,0,0,0,2,0,0,0,0,0,0,0,2,0,2,0,0,0,0,0,0,0,0,2,0,2,0,0,0,2,2,0,0,0,0,0,0,0,0,0,0,0,2,0,2,0,0,2,0,0,2,0,2,0,0,0,0,0,0,0,2,2,0,0,0,2,0,0,0,0,0,0,2,0,0,0,0,2,0,0,0,0,2,0,0,0,0,0,0,0,0,0,0,0,2,2,0,0,0,0,0,0,2,0,0,0,0,0,0,0,0,0,0,0,0,0,0,0,0,0,0,2,0,0,0,0,0,0,0,0,0,0,2,0,0,2,2,0,2,0,0,0,2,0,0,0,0,0,0,0,0,0,0,0,0,0,0,0,0,0,2,0,0,0,2,0,0,0,0,2,0,0,0,0,0,0,0,0,0,0,0,0,0,2,0,2,0,0,0,0,0,0,0,0,0,0,0,0,0,0,0,0,0,0,0,0,0,0,0,0,0,2,2,2,2,0,0,0,0,0,0,0,0,0,0,0,0,0,0,0,0,0,0,0,0,0,0,2,0,0,0,0,0,0,0,0,0,0,0,0,0,0,0,0,0,0,0,0,0,0,0,0,0,2,0,0,0,2,2
"CC23",0,0,0,0,NA,0,2,0,0,0,0,0,2,0,0,0,0,0,2,0,0,0,0,0,2,0,0,0,0,0,0,0,0,0,0,0,0,0,0,2,0,0,0,0,0,0,0,0,0,0,0,0,0,0,0,2,0,0,0,0,0,2,0,0,2,0,0,0,0,0,0,0,0,0,0,0,0,0,2,0,0,0,0,0,0,0,0,0,0,0,0,0,0,0,0,0,0,2,0,0,0,0,0,0,0,0,0,0,0,0,0,0,0,0,0,0,2,0,0,2,0,0,0,2,0,0,2,0,2,0,2,0,0,2,0,0,2,0,2,2,0,0,2,0,0,0,0,0,0,2,2,0,0,0,0,2,0,2,0,2,0,0,0,0,0,0,0,2,2,2,0,0,0,0,0,0,0,0,0,2,2,0,0,0,0,0,0,0,0,2,0,2,0,0,2,0,2,2,2,0,0,0,0,0,0,0,0,0,0,0,0,0,0,0,0,2,2,2,0,0,2,0,0,0,0,2,0,0,0,0,0,0,0,2,0,0,0,2,0,0,0,0,0,0,0,2,0,0,NA,0,0,0,0,0,0,0,0,0,2,0,2,0,0,0,0,0,0,0,0,0,0,0,0,0,2,0,2,2,2,0,2,0,0,2,0,0,0,0,0,0,0,2,2,0,0,2,0,0,2,2,0,0,0,0,2,0,2,0,2,0,0,0,0,0,0,0,0,0,0,0,0,0,2,0,0,0,0,2,2,0,0,0,2,0,0,0,2,0,0,0,2,0,2,2,0,0,0,2,0,0,0,0,0,2,0,0,0,0,0,0,0,0,2,0,2,0,0,0,0,0,0,0,0,0,0,0,0,0,0,0,0,0,2,0,0,2,0,0,2,0,2,0,0,2,2,2,2,0,0,0,0,0,2,0,0,0,0,0,0,0,0,0,0,0,0,2,2,2,0,2,0,0,2,0,0,0,0,0,0,2,0,0,0,0,0,0,0,0,0,0,0,0,0,0,2,0,2,0,0,0,0,0,0,2,0,0,2,0,0,0,0,2,0,0,0,0,0,0,0,0,0,2,0,0,0,0,0,2,0,0,0,0,0,0,0,0,0,0,0,0,2,0,0,0,0,0,0,0,0,2,0,0,0,2,0,0,0,0,0,0,0,2,0,0,0,0,0,0,0,2,0,0,2,0,0,0,0,0,0,0,0,0,0,0,2,0,0,0,0,0,0,0,0,2,0,2,0,2,0,0,0,0,0,0,0,2,0,2,2,2,0,0,0,2,2,0,0,2,0,0,0,2,0,0,2,2,0,0,2,2,2,2,0,2,0,0,0,0,2,2,0,2,0,2,0,2,0,2,0,0,0,2,0,2,2,2,2,2,0,0,0,0,0,0,0,0,0,0,0,0,2,0,0,0,2,2,0,0,2,0,0,0,2,2,0,0,0,0,0,2,0,0,0,0,0,0,0,0,0,2,0,0,0,0,0,0,2,0,0,0,0,0,0,2,2,2,0,0,0,0,2,0,0,0,0,2,0,0,0,0,0,2,2,0,0,0,0,0,2,0,0,2,0,0,0,0,0,2,2,0,0,0,0,0,0,0,0,0,2,0,0,0,0,0,2,0,0,0,0,0,0,0,0,2,0,2,2,0,2,0,0,2,0,0,0,0,0,0,0,0,0,0,0,0,0,0,2,2,2,0,0,0,2,2,0,0,2,0,2,0,0,0,0,0,0,2,2,0,2,0,0,0,0,2,0,0,0,0,0,2,0,0,2,2,0,0,0,2,2,0,0,0,0,0,0,0,0,0,0,2,0,0,0,0,0,2,0,2,2,0,0,0,0,0,0,0,0,0,2,0,0,0,0,2,0,2,2,0,0,2,0,0,0,0,0,0,0,0,0,2,0,0,0,0,0,0,0,0,0,0,2,2,0,0,0,0,0,2,2,0,0,0,0,0,2,0,0,0,0,0,0,0,0,0,2,0,0,0,0,0,0,0,0,0,0,0,0,0,0,0,0,0,0,0,0,2,0,0,0,0,0,0,2,0,0,0,0,0,0,NA,0,2,0,0,0,2,0,2,0,0,0,0,0,0,0,0,0,2,0,0,2,0,0,0,2,0,0,0,0,0,0,0,0,NA,0,0,0,0,2,0,0,2,0,0,0,0,2,0,2,0,0,0,2,0,0,0,0,0,0,0,2,0,2,0,0,0,0,0,2,2,0,0,2,0,2,0,2,0,2,2,0,0,0,0,2,0,0,0,0,0,0,0,0,0,0,0,0,2,0,0,0,0,0,0,0,0,0,0,2,0,2,0,2,0,2,0,0,0,0,2,2,0,0,0,0,0,2,0,2,0,0,0,0,0,0,2,0,0,0,0,0,0,0,0,2,0,2,0,0,2,0,0,2,0,0,0,0,0,0,0,2,0,0,2,0,0,0,0,0,0,2,0,0,2,0,2,0,0,0,0,0,0,0,2,0,0,0,0,0,0,0,0,0,0,0,0,NA,2,2,0,0,0,0,0,0,2,0,2,0,2,0,2,2,0,2,0,0,0,0,0,2,0,2,0,0,0,0,2,2,0,0,2,0,0,2,2,0,0,2,2,0,0,0,0,0,0,0,0,0,2,2,2,0,0,0,2,0,0,0,2,0,0,0,0,0,0,0,0,0,2,0,0,0,0,0,0,0,0,2,0,0,2,0,0,0,2,0,0,0,0,2,2,0,0,0,2,0,0,0,2,2,0,0,0,0,0,2,2,0,0,0,2,0,0,0,0,0,0,0,2,0,0,2,0,2,0,2,0,0,0,2,0,0,0,0,0,0,0,2,0,2,0,0,2,2,0,2,0,0,0,0,0,0,0,2,0,0,0,0,0,2,0,2,2,0,0,0,0,0,0,0,0,0,0,2,2,0,0,0,0,0,0,0,0,0,0,0,0,0,0,2,0,0,0,0,0,0,0,2,2,0,0,0,0,0,0,0,0,0,0,0,0,0,0,0,2,0,2,2,2,0,0,2,0,0,0,0,0,0,0,0,0,0,0,0,0,0,0,0,0,0,0,0,0,0,0,0,0,0,0,0,0,0,0,0,0,0,0,0,0,0,0,0,0,0,0,0,0,0,0,0,0,0,0,0,0,0,0,0,0,0,0,2,2,0,0,0,2,2,0,0,0,0,0,0,0,2,0,0,2,0,0,0,0,0,0,0,0,0,0,0,0,0,0,0,0,0,0,0,0,2,0,0,0,0,0,0,0,0,0,0,0,0,0,0,0,0,0,0,0,0,0,0,0,2,2,0,0,0,2,0,0,0,0,0,2,0,0,0,2,2,0,0,0,2,0,0,0,2,0,0,0,2,0,0,0,0,2,0,0,0,0,2,0,2,0,0,0,2,0,2,0,0,0,2,2,0,0,0,0,0,0,0,2,0,0,2,2,0,0,2,0,0,2,0,2,2,0,0,2,0,0,0,0,2,0,0,0,0,0,0,0,0,0,0,0,0,0,0,0,0,0,0,0,0,2,2,0,0,0,0,0,2,0,2,0,2,0,0,0,0,2,0,0,0,0,0,0,0,0,0,2,0,2,0,0,2,2,0,0,0,2,2,0,0,0,0,0,0,0,NA,0,0,0,0,0,0,0,2,0,0,0,0,0,0,0,0,0,0,0,0,0,0,0,0,0,2,0,0,0,0,0,0,0,0,0,0,2,0,0,0,0,0,0,0,0,0,0,0,0,0,0,0,0,0,0,0,2,0,0,0,2,0,2,0,2,0,0,0,0,2,0,2,0,0,0,0,0,0,2,0,0,0,0,0,2,0,0,0,0,2,0,0,0,2,0,2,0,0,0,0,0,0,0,0,0,0,0,2,0,0,0,0,2,0,2,0,0,0,2,2,2,2,2,2,0,0,0,0,2,0,0,0,0,0,0,0,0,0,0,0,0,0,0,0,0,NA,0,0,0,0,0,0,0,0,0,2,0,0,0,0,2,0,0,0,0,NA,2,0,0,0,0,0,0,0,0,0,0,0,0,0,0,0,0,0,0,0,0,0,0,0,0,0,0,0,0,0,0,0,2,0,0,0,0,0,2,0,2,0,0,0,0,0,0,0,0,0,0,0,0,2,2,2,0,0,2,2,0,0,0,0,2,0,2,0,0,0,0,0,0,0,0,2,2,0,0,2,0,0,0,0,2,0,2,0,0,0,0,2,0,0,0,0,0,2,0,0,0,2,0,2,0,0,0,0,0,2,0,2,0,0,0,0,0,0,0,0,0,0,2,2,0,0,2,0,0,0,0,0,0,0,0,0,2,2,0,0,0,0,2,0,0,2,0,0,0,0,0,0,0,0,2,0,0,0,0,2,0,0,0,0,0,0,0,2,0,0,0,0,0,0,0,0,0,2,0,0,2,0,2,0,0,0,2,2,0,0,2,0,0,0,0,0,0,0,2,0,0,0,0,NA,0,0,0,0,0,0,0,2,0,0,0,0,0,0,2,0,0,0,0,0,0,0,0,0,0,0,0,0,0,0,0,0,0,0,2,0,0,2,0,0,0,0,2,0,0,0,0,0,0,2,0,0,0,0,2,2,0,0,0,0,0,0,0,2,0,0,0,0,0,2,0,0,0,0,0,0,0,0,0,0,0,0,0,0,0,2,0,0,2,0,2,2,0,0,0,0,2,0,0,0,0,0,0,2,0,2,2,0,2,2,0,2,2,0,2,0,0,0,0,0,0,0,0,0,0,0,0,0,0,0,2,0,0,0,0,2,0,0,0,0,0,0,0,2,2,0,0,2,0,2,0,0,2,0,0,0,0,0,0,0,2,0,2,0,0,0,0,2,0,0,0,2,0,2,0,0,0,0,0,0,0,2,2,0,0,0,0,0,0,0,0,0,0,2,2,0,0,0,0,0,2,0,0,0,0,0,0,0,0,2,0,0,0,0,0,0,2,0,2,2,0,0,2,0,0,0,0,0,2,0,0,0,0,0,0,0,0,0,2,0,0,2,0,0,0,0,0,0,0,0,0,0,2,0,2,0,0,0,0,0,0,0,0,0,2,0,0,0,0,2,0,2,0,2,0,0,0,0,0,0,2,0,0,0,2,0,0,0,0,0,0,0,2,2,0,2,0,0,0,0,0,0,0,0,0,0,0,0,0,0,0,0,2,0,0,0,0,0,0,0,0,0,0,0,0,0,2,0,0,2,0,0,0,0,0,0,0,0,0,0,0,0,2,0,0,0,0,0,0,0,0,0,0,0,0,0,0,0,2,0,0,0,2,0,0,0,0,0,0,0,0,2,0,0,0,2,2,0,0,0,0,0,0,0,0,0,0,0,0,0,0,2,0,0,0,0,0,0,0,0,0,0,2,0,0,0,0,2,0,0,0,0,0,0,0,0,0,0,0,0,0,2,0,0,0,0,2,0,0,0,0,0,0,2,2,0,0,0,0,0,0,0,0,0,0,0,0,0,0,0,0,0,0,0,0,0,2,0,0,0,0,0,0,0,0,0,0,0,0,0,0,0,0,0,0,0,2,0,2,0,0,0,0,0,0,0,0,0,0,0,0,0,0,0,0,0,0,0,0,0,0,0,0,0,0,2,0,0,0,0,0,2,0,0,0,2,2,0,0,0,2,2,0,0,0,0,0,0,2,2,0,0,0,0,0,0,0,2,2,2,0,0,0,0,0,0,0,0,0,0,2,2,0,0,0,0,0,0,0,0,0,0,2,0,2,2,2,0,2,0,0,0,0,0,0,0,0,0,0,0,0,0,0,0,0,2,2,0,0,0,0,2,0,0,0,2,0,2,0,0,0,0,0,0,0,0,2,0,2,0,2,0,0,2,0,0,0,2,0,0,0,0,0,0,0,0,2,0,0,0,0,0,2,0,0,0,2,0,0,0,0,0,0,0,0,0,0,0,0,0,0,0,0,0,0,2,0,0,2,0,0,0,0,0,0,0,0,0,0,2,0,0,0,0,0,0,2,0,0,0,0,0,0,0,0,0,0,0,0,0,0,0,2,0,0,0,0,0,0,0,0,0,0,0,0,0,0,0,0,0,0,0,2,0,0,0,0,0,0,0,2,0,0,0,0,0,0,0,0,2,0,0,2,0,0,0,0,0,0,2,0,0,0,0,0,0,0,0,0,0,0,0,0,0,0,0,0,0,0,0,2,0,0,2,0,0,0,0,0,0,0,2,2,0,0,0,0,0,0,0,0,0,0,0,0,0,0,2,0,0,0,0,0,0,0,0,0,0,2,0,0,0,0,0,0,0,0,0,0,0,0,0,0,2,0,0,0,0,2,0,0,0,0,0,2,0,0,0,0,0,0,0,0,0,0,0,0,0,2,2,0,0,0,0,0,0,2,0,0,2,0,0,0,2,0,0,0,0,2,0,2,0,0,0,2,0,0,0,2,0,0,0,0,0,0,0,0,2,0,2,2,2,2,0,0,0,0,2,0,2,2,2,2,0,0,0,2,2,0,2,0,0,0,2,0,2,0,0,0,2,0,0,0,0,0,0,0,0,2,0,0,2,0,2,0,0,0,2,2,2,2,2,2,2,2,0,2,0,0,2,2,2,0,2,0,0,0,0,2,0,0,2,0,0,0,2,0,0,0,0,0,0,0,2,0,2,0,2,0,0,0,0,0,0,2,0,0,0,0,2,2,0,0,0,0,0,0,0,0,0,0,0,0,0,0,2,0,0,0,0,0,0,0,0,0,0,0,0,0,0,0,0,0,2,0,0,0,0,0,2,2,2,0,0,0,0,0,0,0,0,2,0,2,0,2,0,2,0,0,0,0,0,0,0,0,2,0,2,0,0,0,0,0,0,0,0,0,2,0,0,0,0,0,0,0,0,0,0,0,0,0,0,0,0,2,2,0,0,0,0,2,0,2,0,0,0,0,0,2,0,0,0,0,0,0,0,0,0,0,0,0,0,2,2,2,0,0,0,2,0,0,0,0,0,0,0,0,0,0,2,0,0,2,0,0,2,0,0,2,2,0,0,0,0,0,0,0,0,0,2,0,0,2,0,0,0,0,0,0,0,0,2,0,0,0,0,0,0,0,0,2,0,0,2,2,0,2,0,0,0,0,0,0,0,0,0,2,2,0,2,0,2,0,2,0,0,2,0,0,0,2,0,2,0,0,0,0,2,0,2,0,0,0,0,2,0,0,0,0,0,2,0,2,0,0,0,0,0,2,2,0,0,0,0,0,0,2,0,0,0,0,0,0,0,0,0,0,0,0,0,0,0,0,0,0,0,0,2,0,0,2,0,0,0,0,0,0,0,0,0,0,0,0,0,0,0,0,0,0,0,0,0,2,0,0,0,0,0,0,0,0,0,0,0,0,0,2,0,0,0,0,0,2,2,0,0,0,0,0,2,0,0,2,0,0,0,0,2,0,0,0,0,0,2,0,0,2,0,0,0,0,0,0,0,0,2,0,0,0,0,0,0,0,0,0,0,0,0,0,2,0,0,0,0,0,2,0,0,0,2,0,0,0,0,0,0,0,2,0,0,0,0,0,0,0,0,0,2,0,0,0,0,0,0,0,0,2,0,0,0,0,0,0,0,0,0,0,2,0,2,0,2,0,0,0,0,0,0,0,0,0,0,0,0,0,2,0,2,0,0,2,0,0,0,0,2,0,0,0,0,0,0,0,2,0,0,0,0,2,0,2,0,0,0,0,0,0,0,0,0,0,0,0,0,0,0,0,0,0,0,0,0,0,0,0,0,0,0,0,0,2,0,0,0,2,0,0,0,0,0,2,2,2,2,2,0,0,2,0,0,2,0,0,0,2,0,0,2,0,0,2,0,2,0,0,0,0,2,0,0,2,0,0,0,0,NA,0,0,2,0,2,2,2,0,2,0,0,0,0,0,0,0,0,0,0,0,0,0,2,2,2,0,0,0,0,0,0,2,2,NA,0,2,2,0,0,0,0,2,0,0,0,0,0,0,0,0,0,0,0,0,0,0,0,0,0,0,0,0,0,0,0,0,0,0,0,0,0,0,0,0,0,0,0,2,2,0,0,0,0,0,0,0,0,0,0,2,0,0,0,0,0,0,0,0,0,0,0,0,0,0,0,2,0,0,0,0,0,0,0,2,0,2,0,0,0,0,0,0,0,0,2,0,0,0,0,0,0,2,0,2,0,0,2,2,0,2,0,2,0,0,0,2,0,2,0,0,0,2,2,2,0,0,0,0,2,0,0,0,0,2,0,0,0,0,0,2,2,0,0,2,0,0,2,2,0,0,0,2,2,2,2,0,2,NA,0,0,0,0,0,0,2,0,0,2,0,0,0,0,0,0,0,0,0,0,2,0,0,0,0,0,0,0,0,2,2,2,0,2,2,2,2,2,2,2,0,0,0,0,0,2,2,2,0,2,0,2,0,2,0,0,2,0,0,0,0,0,0,0,0,0,0,0,0,2,0,2,0,2,0,0,2,2,0,0,0,0,0,0,0,0,0,2,0,0,0,0,0,0,0,0,0,0,0,2,0,0,0,2,0,0,0,0,0,0,0,0,0,0,2,0,0,0,2,0,0,0,0,0,0,0,0,2,0,2,0,0,0,0,0,0,0,0,0,2,2,0,0,2,0,0,0,0,0,2,2,0,2,0,2,0,2,0,0,2,0,0,0,0,0,0,0,0,0,0,2,0,0,0,0,0,0,0,2,0,0,2,0,0,0,0,0,2,0,0,2,0,2,0,0,0,0,2,0,0,0,0,0,0,0,0,0,0,0,0,0,2,0,0,2,0,2,2,0,0,0,2,0,0,2,0,0,2,0,0,0,2,0,0,0,0,0,2,0,0,0,0,0,2,0,0,0,0,0,2,0,2,0,0,2,0,0,0,2,0,0,2,2,2,0,0,0,0,0,0,0,0,0,0,0,0,0,0,0,0,0,0,0,0,0,0,0,0,0,0,0,0,0,0,0,0,0,0,0,0,0,0,0,0,0,2,0,2,2,0,0,0,0,0,0,0,0,0,0,0,2,0,2,0,0,0,0,0,0,0,0,0,0,0,0,2,0,0,0,0,0,0,0,0,0,2,0,0,0,0,0,0,2,0,0,0,0,0,0,0,0,0,0,0,0,2,0,0,0,0,0,0,2,0,0,2,0,0,0,0,0,0,0,0,2,2,0,0,0,2,0,0,0,2,0,0,0,2,2,0,0,0,0,0,0,0,0,2,2,0,0,0,0,0,0,0,2,0,0,0,2,0,0,0,0,2,0,0,0,0,0,0,0,0,0,0,0,0,2,2,0,0,2,0,2,0,0,0,0,0,0,0,0,0,0,2,0,0,2,0,0,2,2,0,2,0,0,0,0,0,0,0,2,2,0,2,0,0,2,0,0,2,0,2,0,2,2,2,0,0,2,0,0,2,0,0,0,0,0,0,0,0,2,0,0,2,2,0,0,0,0,2,0,2,0,2,0,0,0,0,0,0,0,2,0,2,0,0,0,0,0,2,2,0,0,2,0,0,0,2,2,2,0,0,0,2,0,0,2,0,0,2,2,0,0,0,2,0,0,2,2,2,0,0,0,2,0,2,0,0,0,2,0,0,0,0,0,0,2,2,0,0,0,0,2,0,0,0,2,2,0,0,0,0,0,0,0,2,0,0,2,0,0,0,0,0,0,2,0,0,0,0,2,0,0,0,0,2,0,0,0,0,0,0,0,0,0,0,0,0,0,0,0,0,0,0,0,0,2,0,0,0,0,0,0,0,0,0,0,0,0,0,0,2,2,2,0,0,2,0,0,0,0,2,0,2,0,0,0,0,0,0,0,0,0,0,0,0,0,0,0,0,0,0,0,0,0,2,0,0,2,0,2,2,2,2,0,2,0,0,0,2,0,0,0,0,0,0,0,0,2,2,0,0,0,2,2,0,0,0,0,0,2,2,0,0,2,0,0,0,2,0,0,2,0,2,0,0,2,0,2,0,0,0,0,0,0,0,0,2,0,0,2,0,0,0,2,0,2,2,0,0,0,0,0,2,2,2,2,2,0,0,0,0,0,0,2,2,0,0,0,0,2,0,0,0,0,2,0,0,0,NA,2,0,0,0,2,2,2,2,0,0,2,0,0,0,0,0,2,0,0,0,0,0,0,0,2,0,0,0,0,0,0,0,0,0,2,0,2,2,0,0,2,0,2,0,0,0,0,0,0,0,0,0,2,2,0,0,0,0,0,0,0,0,0,0,0,0,0,2,0,2,2,0,0,0,2,0,0,0,2,0,0,2,0,0,0,0,0,0,0,0,0,0,0,2,0,0,NA,0,0,2,0,2,0,0,0,0,0,2,0,0,2,2,0,0,0,0,2,0,0,0,0,0,2,0,0,0,2,0,0,0,0,0,2,0,0,0,0,0,0,0,0,0,0,0,0,0,0,0,0,2,0,0,0,0,0,0,0,0,0,0,0,0,0,0,0,0,0,0,0,0,0,2,0,2,0,2,0,2,0,0,0,0,0,0,0,0,0,0,2,0,0,0,0,0,0,0,0,2,0,0,0,0,0,0,2,0,0,0,0,2,0,0,0,0,0,0,0,0,0,0,0,0,0,0,2,2,2,2,0,2,0,0,0,0,0,0,2,0,0,2,0,2,0,0,0,0,2,0,0,0,0,0,0,0,0,0,0,0,0,2,0,0,0,2,2,0,0,0,0,0,0,2,0,0,2,2,0,0,2,0,0,0,0,0,0,0,2,0,2,0,2,2,0,0,2,2,2,0,0,2,0,0,0,0,0,0,0,0,2,0,2,0,0,0,0,0,0,0,0,0,0,0,2,2,0,0,0,0,0,0,0,0,2,2,0,0,0,0,0,0,0,0,0,2,0,0,0,0,0,2,0,0,0,2,2,0,0,0,0,0,2,2,0,0,0,0,0,0,2,0,0,0,0,0,0,0,0,0,2,0,2,0,0,2,2,0,0,2,0,0,0,0,0,0,0,0,0,0,0,0,0,0,0,2,2,2,0,0,0,0,2,2,0,2,2,2,0,0,0,0,0,0,0,2,0,0,0,0,0,0,2,0,2,2,2,2,0,0,0,0,0,0,0,2,0,2,0,0,2,2,0,0,0,2,2,2,2,0,0,0,0,0,0,0,0,0,0,0,0,0,0,0,0,2,0,2,0,0,0,0,0,0,0,0,0,0,0,0,0,0,0,2,0,2,0,0,0,0,0,0,2,0,0,0,0,0,0,0,2,2,0,0,2,2,0,0,0,0,0,0,0,0,0,0,0,0,0,0,0,2,2,0,2,0,0,0,0,0,0,0,0,2,0,0,0,2,0,0,2,0,0,2,0,0,0,0,0,2,2,0,2,0,0,0,0,2,0,0,0,0,0,0,0,0,2,0,0,0,2,0,0,0,0,0,0,0,0,2,0,0,0,0,2,0,0,0,0,0,0,0,0,0,0,0,0,0,0,0,0,0,0,0,0,0,2,0,2,0,2,0,0,0,0,0,0,0,0,0,0,0,0,0,0,0,0,0,0,0,0,0,2,0,0,2,0,0,0,0,2,0,0,0,0,0,0,0,0,2,0,0,0,0,2,0,2,0,0,0,0,0,0,0,0,0,2,0,0,2,0,0,0,0,0,0,0,0,0,0,0,0,0,0,2,0,0,0,2,0,0,0,0,0,0,0,0,2,0,0,2,0,0,0,0,0,0,0,0,0,0,0,2,0,0,0,0,0,2,0,2,0,0,0,0,0,0,0,0,0
"CC230",0,0,0,2,0,2,0,2,0,0,0,0,2,0,0,0,0,0,0,0,0,0,2,0,0,2,2,0,0,0,0,0,0,0,2,0,2,0,0,0,0,2,0,0,0,2,2,2,0,0,2,0,0,0,0,0,0,0,2,2,0,0,0,0,2,0,2,0,0,0,0,0,2,0,0,2,2,0,0,2,0,0,0,2,2,2,0,2,0,0,0,0,0,2,0,0,0,0,0,0,0,0,0,2,2,0,0,0,0,2,0,0,2,0,0,0,0,0,0,2,2,2,0,2,0,0,0,0,0,0,2,0,0,2,0,0,2,0,2,0,0,2,0,0,0,0,0,0,0,0,0,0,0,0,0,0,2,0,0,0,0,0,0,0,0,2,0,0,2,0,0,0,2,2,0,2,0,2,2,2,0,2,0,0,0,0,0,0,0,0,2,0,0,0,0,0,0,0,0,0,0,0,0,0,0,NA,2,0,2,0,2,0,2,0,2,0,0,0,2,2,0,2,2,0,0,0,0,0,0,2,2,2,0,2,0,2,2,NA,0,0,0,0,0,0,0,0,0,0,0,0,0,0,0,2,0,0,2,2,0,2,0,0,2,0,0,0,0,0,0,0,2,2,2,0,0,2,2,2,2,0,0,0,0,0,0,0,0,0,0,0,2,0,0,0,0,0,0,0,2,2,2,0,0,2,2,0,0,2,0,0,0,0,0,0,0,0,0,2,2,0,0,0,0,0,0,0,2,0,2,0,0,0,0,0,0,0,2,0,2,0,2,0,0,0,0,0,0,0,2,0,0,0,0,0,0,0,0,0,2,NA,0,2,0,0,0,0,0,0,0,0,0,0,2,0,0,0,0,0,2,0,0,0,0,0,0,0,2,2,2,0,0,2,2,0,0,0,0,0,2,0,0,0,0,0,2,0,2,0,0,0,0,2,0,0,2,0,0,0,0,0,0,0,0,0,0,0,0,0,2,0,0,0,2,0,2,0,0,2,0,2,2,0,0,0,0,2,0,2,2,0,0,2,0,0,0,0,0,0,0,2,0,0,0,0,0,0,0,0,0,0,0,0,0,0,0,0,0,2,0,0,0,0,0,0,0,2,0,0,2,0,2,NA,0,0,0,0,2,2,0,2,0,0,0,0,0,2,0,0,0,2,0,0,0,0,0,0,0,0,0,2,2,2,0,0,2,2,2,0,0,0,0,0,0,0,0,2,0,0,0,0,0,0,0,2,2,0,0,2,0,0,0,0,0,0,0,0,0,2,0,2,0,0,0,2,2,0,0,0,2,0,0,2,0,0,0,0,0,0,0,0,2,0,2,0,0,0,2,0,0,0,0,0,0,0,2,0,0,2,0,0,0,2,0,0,2,2,2,2,0,0,0,0,0,2,0,0,0,2,0,0,0,0,0,2,2,0,0,0,2,0,0,0,0,2,0,2,0,2,0,0,0,0,0,0,0,0,0,0,0,0,0,0,0,0,2,0,0,0,2,0,2,2,0,0,0,0,2,0,0,2,0,0,2,0,0,0,0,2,0,0,0,0,0,0,0,0,0,0,0,0,2,0,0,0,2,0,2,0,0,2,0,0,0,0,0,2,0,0,0,0,0,0,0,0,0,0,0,0,2,0,0,0,0,2,0,0,0,0,0,0,2,0,0,2,0,0,0,0,2,2,0,0,0,0,0,2,0,2,0,0,0,0,0,2,2,0,0,0,2,0,2,0,0,0,0,2,0,0,2,0,0,0,0,0,0,0,2,0,0,0,0,2,0,0,0,0,0,2,0,0,0,0,2,0,2,0,0,0,0,0,0,0,0,0,2,0,2,0,0,2,0,0,0,0,0,0,0,0,0,0,0,0,0,2,0,2,0,0,0,2,0,0,0,0,0,0,0,0,0,0,0,2,0,2,2,0,2,0,0,0,2,0,2,2,0,0,0,2,0,2,0,0,0,0,0,0,0,2,0,0,0,0,0,2,0,2,2,0,0,0,0,0,2,0,2,2,0,0,0,0,2,0,0,0,0,0,0,0,0,2,0,0,0,0,0,0,0,0,0,0,2,0,0,2,0,0,0,0,2,0,0,0,0,0,0,0,2,0,0,NA,0,0,0,0,2,2,0,0,0,0,0,0,0,0,0,2,2,0,0,0,0,0,0,0,0,0,2,0,0,0,0,0,0,2,0,0,0,0,0,0,0,0,0,2,0,0,0,2,0,0,0,2,0,0,2,0,0,0,0,2,2,0,0,0,0,0,0,0,0,0,0,0,2,0,0,0,0,0,0,0,0,0,0,0,0,0,0,2,0,0,0,0,0,0,0,0,2,0,0,0,0,0,0,0,0,0,0,0,2,0,0,0,0,0,0,2,0,0,2,0,0,0,0,0,0,2,0,0,2,0,0,0,0,0,0,0,2,2,0,0,2,0,0,0,0,2,0,0,2,NA,2,0,0,0,0,0,2,0,0,0,0,0,2,0,0,0,0,0,0,0,0,0,0,0,0,0,0,2,2,0,2,2,0,0,0,0,0,0,0,2,0,0,0,2,2,0,0,0,0,0,2,0,2,0,2,0,0,0,0,0,0,2,0,0,2,0,0,0,2,2,0,0,0,0,0,0,0,0,0,2,2,2,0,0,0,0,2,0,2,0,0,0,0,2,0,0,0,0,0,0,2,0,0,0,0,0,0,0,2,0,0,0,0,0,0,0,0,0,2,0,0,2,0,0,0,2,0,0,0,0,0,0,0,0,2,0,0,0,0,0,0,0,0,0,2,0,0,0,0,0,0,2,2,0,0,0,0,0,0,0,0,2,0,0,0,0,2,0,2,0,0,0,0,2,2,0,NA,2,0,0,0,0,0,2,2,0,0,0,2,0,0,0,0,0,0,0,0,0,2,0,0,0,2,0,2,2,0,0,0,0,0,0,2,0,0,0,0,0,0,0,0,0,0,0,2,0,2,0,0,0,0,0,0,0,0,0,2,0,0,0,0,2,2,2,0,0,2,0,0,0,0,0,0,0,0,0,0,0,0,2,0,0,0,0,0,0,0,0,2,0,0,0,0,0,0,0,0,2,2,0,0,0,0,2,0,0,0,0,0,0,NA,2,0,0,0,0,2,0,0,0,0,0,0,0,0,0,0,0,0,0,0,0,0,0,0,0,0,0,0,2,0,0,0,0,0,0,0,0,0,0,2,0,0,2,2,0,0,0,0,0,2,0,0,0,0,0,2,2,0,0,0,0,0,2,2,2,2,0,2,2,0,2,NA,0,0,2,0,0,2,2,2,0,2,0,0,0,0,0,0,2,0,0,0,0,2,0,0,0,0,2,0,0,0,0,0,0,2,0,0,0,0,0,0,0,0,0,0,0,0,0,0,0,0,0,0,0,0,0,0,0,2,0,0,0,0,2,0,0,0,2,0,0,0,2,0,2,2,0,0,0,2,0,0,0,2,2,0,0,0,2,0,0,0,0,0,0,0,0,2,0,0,2,0,2,0,0,2,0,0,0,0,2,0,0,0,0,0,0,0,2,0,2,0,0,2,0,0,2,0,0,0,2,0,0,0,0,0,0,2,0,0,2,0,0,2,0,0,0,0,0,0,0,0,0,0,0,0,2,0,2,0,0,0,0,0,0,0,2,0,2,0,0,0,0,0,2,0,0,0,0,2,0,0,0,0,0,2,0,0,0,0,0,0,0,2,2,0,0,2,2,0,2,0,2,0,0,NA,0,2,0,2,0,0,0,0,0,0,2,0,0,0,0,0,0,0,2,0,0,2,0,2,0,0,0,0,0,0,0,0,0,0,0,0,0,0,0,2,0,2,0,0,0,0,0,0,0,2,0,0,0,0,0,2,0,0,0,0,0,0,NA,0,2,2,2,2,2,0,2,0,2,2,0,2,2,2,2,0,2,0,2,0,0,0,0,0,2,0,0,0,0,0,0,2,0,0,0,0,0,0,0,0,0,0,0,0,0,2,0,0,0,0,0,0,0,0,0,2,0,0,0,0,0,0,0,0,0,2,0,0,2,0,0,0,0,0,0,0,0,2,2,0,0,0,2,0,0,0,2,0,0,0,0,0,0,0,0,0,0,2,0,2,2,0,2,0,0,0,0,0,0,2,0,0,0,0,0,0,0,0,0,0,0,0,0,0,0,0,0,2,0,0,0,2,2,0,0,0,2,2,0,0,2,0,2,0,0,0,0,2,0,2,0,0,0,0,0,0,2,2,0,0,0,2,0,0,0,2,0,0,0,0,0,0,0,0,0,2,2,0,0,0,2,2,2,0,0,2,0,0,0,0,0,0,0,0,2,0,2,0,0,0,0,0,0,0,0,0,0,0,0,0,0,0,2,2,0,0,0,2,0,0,2,2,0,2,0,2,0,0,0,2,0,0,0,0,0,0,2,0,2,0,0,0,0,2,0,0,0,2,0,0,0,0,0,0,0,0,0,0,0,0,0,0,2,2,0,2,0,2,0,0,0,0,0,0,2,0,2,0,2,0,0,0,2,0,0,0,2,0,0,0,2,0,2,0,0,2,2,2,0,2,2,0,2,0,0,0,0,0,0,0,0,0,0,0,0,0,2,0,2,2,0,0,2,0,0,0,0,2,0,0,0,0,0,0,0,0,2,2,0,0,2,0,2,2,0,0,2,0,0,2,0,0,0,0,0,2,0,2,0,0,0,0,0,0,0,0,2,2,2,0,0,0,0,0,0,0,0,0,0,0,0,2,0,0,0,0,2,0,2,0,0,2,2,0,0,0,0,2,0,0,NA,0,0,0,0,2,0,0,2,0,0,2,0,0,0,0,0,2,0,2,0,2,0,0,0,0,0,0,0,0,2,0,0,0,0,0,0,2,0,0,0,0,0,0,0,2,0,0,0,0,0,0,0,0,0,0,0,0,0,0,0,0,0,0,0,0,2,0,0,0,0,2,0,0,0,0,2,0,0,0,0,2,2,0,0,0,0,0,0,0,0,0,2,0,2,0,0,0,0,0,0,0,0,0,0,0,0,0,2,0,0,0,0,2,2,0,2,0,0,2,0,0,0,0,0,0,0,0,0,0,0,2,0,0,0,0,0,0,0,0,0,0,0,2,0,0,0,0,0,0,0,2,0,0,0,0,2,2,0,0,0,0,0,2,0,0,0,0,0,2,0,0,2,0,2,2,0,0,0,0,0,0,2,0,0,0,0,0,0,0,2,0,0,2,0,0,0,0,0,2,2,0,0,2,0,0,0,0,0,2,0,0,0,0,0,0,0,0,0,0,0,0,0,0,0,0,0,2,0,0,0,0,0,0,0,0,0,0,0,0,0,0,2,0,0,0,2,0,0,0,2,0,0,0,0,0,0,0,0,0,0,2,0,0,2,0,2,2,2,0,0,0,0,0,0,0,0,0,0,2,0,0,0,0,0,0,0,0,0,2,0,2,0,2,2,0,0,2,0,0,0,0,0,2,2,0,0,0,0,0,0,0,0,2,0,0,0,2,0,0,0,0,2,2,0,0,0,2,0,0,0,0,0,0,0,0,0,0,0,0,0,0,0,0,2,0,2,2,0,0,0,0,0,2,0,0,0,0,2,0,2,2,0,0,0,0,2,0,0,0,0,0,0,0,2,0,0,0,2,0,0,0,2,0,2,0,0,0,0,0,0,2,0,0,2,2,0,0,0,0,0,0,2,0,0,0,0,0,0,0,0,0,2,0,2,2,0,0,2,0,0,0,0,0,2,0,0,0,0,0,0,0,2,2,0,0,0,0,2,0,2,2,0,0,2,0,2,0,0,0,2,0,0,0,0,0,0,0,0,2,2,0,0,0,0,2,0,0,0,0,2,0,0,2,0,0,0,2,2,0,0,0,2,0,0,0,0,0,0,0,2,2,0,0,0,0,2,0,0,0,0,0,0,0,0,0,0,0,0,0,0,0,2,0,0,0,0,0,0,0,0,0,2,0,0,0,2,0,2,2,0,0,0,2,2,2,0,0,0,0,0,0,0,0,0,0,0,0,0,0,0,0,0,0,0,0,0,0,0,0,0,2,0,0,0,2,0,0,2,0,0,0,0,2,0,0,0,0,0,0,2,0,0,0,0,0,0,0,0,0,0,0,0,0,2,0,0,2,2,2,0,0,2,0,0,2,2,0,0,0,0,0,0,2,0,0,0,2,0,2,0,2,0,0,0,0,0,0,0,2,0,2,0,2,2,2,0,0,0,0,NA,2,2,0,0,NA,0,0,0,0,0,0,0,0,0,0,0,0,2,0,0,0,0,0,0,0,0,0,0,0,0,0,0,0,0,2,0,2,0,2,0,0,0,2,0,0,0,2,2,2,2,0,0,0,0,0,0,2,2,0,0,0,2,0,0,0,0,0,0,0,0,0,2,0,0,0,0,0,0,0,0,0,0,0,0,0,0,2,2,0,0,0,0,0,2,0,0,0,0,2,0,0,0,2,0,0,0,0,2,0,0,0,0,0,0,0,0,0,0,0,0,0,0,0,0,0,2,0,0,0,0,0,0,0,2,0,0,0,0,0,0,0,2,0,0,0,2,0,0,0,0,0,0,0,2,0,0,0,0,0,2,0,0,0,0,0,0,0,0,0,0,0,0,2,0,0,2,0,0,2,2,0,0,0,2,0,0,0,0,0,0,0,0,0,0,0,0,2,0,0,2,2,2,0,0,0,2,2,0,0,0,0,0,0,0,2,0,0,0,0,0,0,0,0,0,0,0,0,2,2,2,2,0,0,0,0,2,0,2,2,0,0,0,0,0,0,0,2,2,2,0,0,2,0,0,2,0,2,2,0,NA,2,0,2,2,0,0,0,0,0,2,2,2,0,0,0,0,0,0,0,0,2,2,NA,0,2,0,2,2,2,0,2,0,0,0,0,0,2,0,2,0,0,0,2,0,2,2,2,0,0,0,0,0,0,0,0,2,0,0,2,2,0,0,0,0,0,0,2,0,2,2,2,0,0,0,2,2,0,2,0,2,2,0,0,0,0,0,0,2,2,2,0,0,0,2,0,0,0,2,2,2,0,2,0,0,0,0,0,0,2,0,0,0,0,2,0,0,0,0,0,0,0,0,0,0,0,2,0,0,2,0,2,0,2,0,2,0,0,0,0,2,0,0,2,0,0,0,2,2,0,0,0,0,0,2,0,0,0,0,0,0,2,0,0,0,2,2,0,2,2,2,0,0,0,2,2,0,0,0,0,2,0,0,2,0,0,0,0,0,0,0,0,0,0,2,0,2,2,2,2,0,2,0,2,0,2,2,2,0,0,2,0,0,0,2,0,0,0,0,0,2,0,0,0,0,0,0,0,0,0,0,0,0,2,0,0,0,2,2,0,2,0,2,0,0,0,2,0,0,0,0,0,2,0,0,0,0,2,0,2,0,0,0,0,0,0,0,2,0,2,0,0,2,2,2,0,0,0,0,2,0,0,0,0,0,2,2,2,0,0,2,0,0,0,0,0,0,0,2,0,0,0,0,0,0,0,2,0,0,0,0,0,0,0,0,2,NA,0,0,0,0,0,0,0,0,0,0,2,0,0,0,0,0,2,0,0,0,0,2,0,0,0,0,0,0,2,0,0,0,2,0,2,2,2,0,0,0,0,0,0,0,0,0,0,0,0,0,0,0,0,0,0,0,0,0,0,0,0,0,0,0,0,0,2,0,0,0,2,2,0,0,0,0,0,0,0,0,0,0,2,0,0,0,0,0,0,0,2,0,0,0,0,0,0,0,2,0,0,2,2,0,0,0,2,0,0,0,0,0,0,0,0,0,0,0,0,0,2,0,0,0,0,0,0,0,2,0,0,0,2,0,0,0,0,2,0,0,0,0,0,0,0,0,0,0,0,0,0,0,2,0,0,2,2,0,2,0,0,0,0,2,0,2,0,0,0,2,0,0,2,0,0,2,0,0,2,0,2,0,0,0,0,0,0,0,0,0,0,0,0,0,0,0,0,0,2,0,0,0,2,0,0,0,2,0,0,0,0,0,0,2,0,0,0,0,0,0,2,0,0,0,0,0,0,0,0,0,0,0,0,0,0,0,0,0,0,0,0,0,0,0,0,0,0,0,0,0,0,0,0,0,0,0,0,0,0,0,0,0,0,0,0,0,0,0,0,0,0,0,0,2,0,0,0,0,0,0,0,0,0,0,0,0,0,0,0,0,0,0,0,0,0,0,0,0,0,0,0,0,0,0,2,2,0,2,0,0,0,0,0,0,0,0,0,0,0,0,0,0,2,0,0,0,0,0,0,0,0,0,0,0,0,0,0,0,0,0,0,2,2,0,0,0,0,0,0,0,0,0,0,0,0,0,0,0,0,0,0,0,0,2,0,0,2,0,0,0,0,0,0,0,0,0,0,0,0,0,0,0,0,0,0,0,0,0,0,0,0,2,2,0,0,0,2,0,0,2,0,0,0,0,0,2,0,0,0,0,2,0,2,2,0,0,0,0,0,0,0,2,0,0,0,0,2,2,0,0,2,0,0,0,0,0,0,0,0,0,2,0,0,0,0,0,2,0,0,0,0,0,0,0,0,0,2,0,0,2,0,0,0,2,2,0,0,0,2,0,0,0,0,0,0,0,0,0,0,0,2,0,0,0,2,2,2,0,2,0,0,0,0,0,2,2,0,2,0,0,0,0,2,2,0,2,0,2,2,0,0,0,2,0,0,0,2,0,0,0,2,2,0,2,0,0,0,2,2,2,2,0,0,0,0,0,0,0,0,0,2,0,0,0,0,2,0,2,0,0,0,0,0,0,0,0,2,2,0,2,0,2,0,0,2,0,0,2,2,0,0,0,0,2,0,2,0,0,0,0,2,0,0,2,0,2,0,0,2,0,0,0,2,2,0,0,0,0,0,2,0,0,0,0,2,0,2,2,0,0,0,0,2,2,0,0,0,0,0,0,0,2,0,0,0,0,0,0,0,0,0,0,0,0,0,0,0,0,0,0,0,0,0,0,2,2,0,0,0,0,0,0,2,0,0,0,0,0,2,0,0,2,0,0,0,0,2,0,0,0,0,0,0,2,0,2,0,0,0,0,2,0,2,0,2,2,0,2,0,2,0,0,0,0,0,0,0,0,2,0,0,0,0,2,0,0,0,0,0,0,0,0,0,2,0,0,0,0,0,0,2,0,0,0,0,0,0,0,2,0,0,0,0,0,2,0,0,0,0,0,0,0,2,0,0,0,0,0,0,0,0,0,0,2,0,0,0,2,0,0,0,0,2,2,0,0,0,0,0,2,2,0,0,0,2,2,0,2,2,2,2,0,0,0,2,2,0,0,0,2,0,0,0,2,2,0,2,0,0,0,0,0,0,0,2,0,0,2,0,0,2,0,0,0,0,0,0,2,0,0,0,0,2,2,2,0,0,0,2,0,0,0,0,0,2,0,2,0,2,0,2,2,0,2,0,0,2,0,0,2,2,2,0,0,0,2,0,0,0,0,0,0,0,2,0,0,0,0,0,0,0,0,2,0,0,0,0,0,2,0,0,0,0,0,0,0,0,0,0,0,0,0,2,0,2,0,0,0,0,2,2,0,2,0,2,0,2,0,0,2,2,2,0,0,0,2,0,0,0,0,0,0,2,2,0,0,0,2,0,0,0,0,0,0,0,2,2,0,0,0,0,2,0,0,0,0,0,0,0,0,0,2,2,0,0,0,0,0,2,2,0,0,0,0,0,0,0,2,0,0,0,0,0,2,0,0,0,0,0,0,0,0,0,0,0,0,0,2,2,0,0,2,0,0,0,0,2,0,0,0,2,0,0,0,0,0,0,0,0,0,0,0,2,0,0,2,0,0,0,0,0,0,0,0,0,2,0,0,0,0,0,0,0,0,0,0,0,0,0,0,0,0,0,0,2,0,0,2,2,0,0,2,2,0,2,0,0,0,0,0,0,0,0,2,0,0,0,0,0,0,0,2,0,0,0,0,0,2,0,0,2,2,0,0,0,0,0,0,0,0,0,2,0,2,0,NA,2,0,2,2,0,0,0,2,0,0,2,0,0,0,0,0,2,0,0,2,2,2,0,2,0,0,2,0,0,0,0,0,0,0,2,2,0,0,0,0,0,0,0,0,0,0,0,0,0,0,0,2,0,0,2,2,0,0,0,0,2,0,0,0,0,0,0,0,0,0,0,0,2,0,0,2,0,0,2,0,0,2,0,2,0,0,0,2,0,0,0,0,0,0,2,0,2,0,2,0,2,0,0,0,0,2,0,0,2,0,0,0,0,0,2,0,0,0,0,0,0,0,0,0,0,0,2,0,0,0,0,0,0,0,0,0,0,0,0,0,2,0,0,0,2,0,0,0,0,2,2,0,0,0,0,0,2,0,0,0,0,0,0,0,0,0,0,0,0,2,0,0,0,0,0,0,0,0,2,0,2,2,2,0,0,0,0,0,2,2,0,0,0,0,0,2,0,2,0,2,0,2,0,2,0,0,0,0,0,0,0,0,0,2,0,0,0,0,2,0,0,0,0,0,0,0,0,0,0,0,0,0,2,0,2,2,0,0,0,0,0,0,0,0,0,0,0,2,0,0,0,0,0,0,0,0,0,0,2,0,0,2,2,0,2,0,0,0,0,2,0,0,0,0,0,0,0,0,0,2,0,0,2,0,0,0,0,0,0,2,2,0,0,0,0,0,0,0,0,0,0,2,0,2,0,0,0,2,0,0,2,NA,2,2,0,2,0,2,0,0,2,0,0,0,0,0,0,0,2,0,0,2,0,0,0,0,0,0,0,0,0,2,0,0,0,2,2,0,0,0,0,0,0,0,0,2,0,0,0,0,0,0,2,0,0,0,0,2,0,2,0,2,2,0,0,0,2,0,0,2,0,0,0,0,0,0,0,0,0,0,0,0,2,0,0,0,0,0,0,0,0,0,0,0,0,2,0,0,0,0,0,0,0,2,0,0,0,0,0,0,2,0,0,0,0,0,0,0,0,2,0,0,0,0,0,0,2,0,2,0,0,0,2,0,0,2,0,2,2,0,0,0,0,2,0,0,0,2,0,2,0,0,0,2,2,0,0,2,2,2,0,0,0,0,0,0,2,NA,0,0,0,2,2,0,0,0,0,0,0,2,0,2,0,0,0,2,2,0,2,0,0,0,2,0,2,2,2,0,0,0,2,0,0,0,0,0,0,0,0,0,0,0,0,0,2,0,0,0,0,0,0,0,0,0,0,0,0,0,0,2,0,2,2,0,0,0,2,2,0,0,0,2,0,0,2,0,0,0,0,0,2,0,2,2,0,0,0,0,0,0,0,0,0,0,0,0,0,0,0,0,0,0,0,2,0,0,2,2,2,0,0,0,0,0,0,2,0,0,0,0,0,0,0,0,0,2,0,2,2,0,0,0,0,0,0,0,0,0,0,0,0,0,0,0,0,2,0,0,2,0,0,0,0,0,0,0,2,0,0,2,0,0,2,0,2,0,0,0,0,2,2,2,0,0,0,0,0,2,0,0,0,2,0,0,0,0,0,0,0,0,0,0,0,0,0,2,0,0,2,0,0,2,0,2,0,0,0,0,2,0,0,0,0,0,0,0,0,0,0,0,0,0,0,2,2,0,2,0,0,2,0,0,0,0,0,0,0,0,0,0,0,2,0,0,0,0,0,0,2,0,0,0,0,0,0,0,2,0,0,0,0,0,0,0,0,0,2,2,0,2,0,2,0,0,0,0,0,2,2,2,2,2,0,0,0,0,0,0,0,0,0
"CC231",0,2,0,0,0,0,0,0,0,0,2,2,0,0,2,2,0,0,0,0,0,NA,0,2,2,0,0,0,2,2,0,2,0,0,2,2,0,0,0,0,2,0,2,2,2,0,2,0,0,0,0,2,0,2,0,2,0,0,0,2,0,0,2,2,0,0,0,0,2,2,0,2,0,2,0,0,0,2,0,0,0,0,0,0,0,0,2,0,0,0,0,2,0,0,2,0,0,0,2,2,0,0,0,0,0,0,0,0,0,0,2,0,0,0,0,0,0,0,0,2,0,2,0,2,0,0,0,2,2,0,0,0,0,0,0,0,0,0,2,0,0,0,0,0,0,0,2,0,0,2,0,2,0,0,2,0,2,0,2,0,0,0,0,2,2,2,0,0,0,0,0,2,2,0,0,2,0,0,0,0,0,0,0,0,0,0,0,2,0,0,0,0,0,0,0,0,0,2,0,0,0,0,0,0,0,0,0,0,0,0,0,0,0,0,0,0,0,0,0,0,0,2,0,0,2,0,0,2,2,0,0,0,2,0,0,0,2,0,2,0,0,0,0,2,2,0,2,0,2,0,0,0,2,0,0,0,0,2,0,0,0,0,0,2,2,0,2,2,0,2,2,2,2,0,0,0,0,0,0,0,2,0,0,0,0,0,0,0,0,0,0,2,2,0,0,0,0,0,0,0,0,0,0,0,0,0,2,0,2,0,0,2,0,0,0,0,0,NA,0,2,0,0,0,0,2,0,0,2,2,0,0,0,0,0,0,0,2,0,2,2,2,2,2,0,0,0,0,2,0,0,2,2,0,0,0,2,0,0,0,0,2,0,2,0,2,2,0,0,0,0,0,0,0,0,0,0,2,0,0,0,0,0,0,0,2,2,0,2,0,0,2,0,0,0,0,0,0,2,0,0,0,0,2,2,0,2,0,0,0,2,0,0,0,0,0,0,0,0,0,0,0,2,0,0,0,2,0,0,0,2,2,0,2,2,0,0,0,0,0,0,0,0,0,0,0,0,0,0,0,0,0,0,0,0,2,2,0,0,0,2,2,0,0,2,0,0,0,2,0,0,0,2,2,0,0,2,0,0,0,2,0,0,0,0,2,0,2,2,0,2,0,0,0,2,0,0,0,2,0,0,2,0,2,0,0,0,0,0,2,0,0,0,2,0,0,0,0,0,0,0,0,0,0,0,0,0,0,0,0,0,2,2,0,0,0,2,0,2,0,2,2,0,0,0,0,0,2,0,0,2,0,0,0,2,0,0,2,0,0,0,0,0,0,0,0,0,2,0,0,0,0,0,2,0,0,0,2,0,0,0,0,0,0,0,0,0,0,0,0,0,0,0,0,0,2,0,2,0,0,0,0,0,0,0,0,0,0,0,2,0,0,0,0,0,0,0,2,0,0,0,0,0,0,0,0,0,0,0,2,0,2,0,0,0,0,0,0,0,0,0,0,0,2,0,2,0,0,0,0,2,0,2,0,0,0,0,0,0,0,0,0,0,0,0,0,0,0,0,0,0,0,0,0,2,2,0,0,2,0,0,0,0,0,0,0,0,0,0,0,0,0,0,0,0,0,0,0,0,0,0,0,0,0,0,0,0,0,0,0,0,0,0,2,0,0,0,0,0,0,0,0,0,0,0,0,0,0,0,2,0,0,0,0,0,0,0,0,0,0,0,0,0,0,0,0,0,0,0,0,2,0,0,0,0,0,0,0,0,0,0,0,0,2,0,0,0,0,0,0,0,0,0,2,0,0,0,2,2,0,0,0,2,0,2,0,2,0,0,0,0,2,0,0,0,2,2,0,0,0,0,0,2,2,0,0,0,0,0,0,0,0,0,0,0,0,2,0,0,0,0,0,0,2,2,2,0,0,0,0,0,0,0,0,0,0,0,2,0,0,2,2,0,0,2,2,0,0,2,0,2,2,0,0,0,2,0,0,0,0,2,2,2,2,0,0,0,0,0,2,2,2,0,0,0,0,0,0,0,0,0,0,2,0,0,0,0,0,0,0,2,0,0,0,0,2,0,2,0,0,0,0,0,0,0,2,0,0,2,0,0,0,0,0,0,2,2,0,0,0,0,2,0,0,0,0,2,0,0,0,2,0,0,0,0,0,2,0,0,0,0,0,0,0,2,2,0,0,0,0,0,2,0,2,2,0,0,0,0,0,0,0,0,0,0,0,0,0,0,0,2,0,0,2,0,0,0,0,0,2,2,0,0,0,0,0,0,0,0,0,0,0,2,2,NA,2,0,2,2,0,0,0,0,0,0,0,0,0,0,2,0,0,0,0,0,0,2,0,0,0,0,0,0,0,0,2,0,2,0,0,0,0,2,0,0,2,0,0,2,0,0,2,2,0,0,2,0,2,0,0,0,2,0,0,0,2,0,0,0,2,0,0,2,0,2,0,0,2,0,0,0,0,2,0,0,2,0,2,2,0,0,0,0,0,0,0,0,0,0,0,0,2,2,0,2,2,0,0,0,2,2,2,0,2,2,0,0,0,0,0,0,0,0,0,0,0,0,0,2,0,0,0,0,0,2,0,0,0,2,0,0,2,0,0,0,0,0,0,0,0,0,0,0,0,2,0,0,0,0,0,0,0,0,0,0,2,0,0,2,2,0,0,0,0,0,2,0,0,0,0,0,0,0,0,0,0,0,0,0,0,0,0,0,0,0,0,0,0,0,0,2,0,0,0,0,0,2,0,0,2,0,0,0,0,0,0,2,0,0,0,0,0,0,0,2,0,0,0,0,0,0,0,0,0,0,2,0,0,0,0,0,0,2,0,0,0,0,0,2,0,0,0,0,0,2,2,2,0,0,0,0,0,0,0,0,0,0,0,0,0,0,0,0,0,0,2,0,0,0,0,0,0,0,0,0,0,0,2,0,0,2,0,0,0,0,2,0,0,0,0,0,2,0,2,0,0,0,0,0,0,0,0,0,2,0,0,0,0,0,0,0,2,0,2,2,0,0,0,2,2,0,0,2,0,0,0,0,0,0,2,0,0,0,2,0,0,0,0,0,0,0,0,0,2,0,0,0,0,2,0,0,0,0,0,2,2,0,0,0,0,0,0,0,2,2,0,0,0,0,0,2,2,0,2,0,0,0,2,0,0,0,0,0,0,0,0,0,0,0,2,0,0,0,0,2,0,0,0,0,0,0,0,2,0,0,2,2,0,0,0,2,0,0,2,0,0,0,0,0,0,0,2,NA,0,2,0,NA,0,0,2,0,0,0,0,0,2,0,0,0,0,0,0,0,0,0,2,0,0,2,0,0,0,2,0,2,0,0,0,0,0,0,0,0,0,0,0,2,0,0,0,0,0,0,0,0,0,0,0,2,0,2,0,0,0,0,2,0,0,2,0,0,2,0,0,0,0,0,0,NA,0,0,0,0,2,0,0,0,0,0,0,2,0,0,0,0,0,0,2,0,0,0,0,0,0,0,0,0,0,0,0,2,0,0,2,0,0,0,0,0,0,0,2,0,0,0,2,2,2,2,0,2,0,0,0,0,0,0,0,0,0,0,0,0,0,0,0,0,0,0,0,0,0,0,0,2,0,0,0,0,0,0,0,2,0,0,2,0,0,0,0,0,0,0,0,0,0,0,2,0,0,0,2,0,0,0,0,0,2,0,0,0,0,0,0,0,0,0,0,0,2,0,0,2,NA,0,0,0,0,2,0,2,0,2,2,0,0,0,0,0,2,0,2,0,0,0,2,2,2,2,0,0,0,0,2,0,0,0,0,0,2,0,0,0,0,0,2,0,0,0,0,0,0,0,2,2,0,2,2,2,2,0,0,0,0,0,0,2,2,0,0,0,2,0,0,0,NA,0,0,0,0,0,0,0,0,0,0,2,0,0,2,2,2,0,0,2,2,0,2,0,0,0,0,0,2,0,2,0,0,0,0,2,0,0,0,0,0,2,0,0,0,0,0,0,0,0,0,0,2,0,0,0,0,0,0,0,0,0,2,0,0,0,0,0,0,0,0,0,0,0,0,0,0,0,0,0,0,0,0,0,0,0,0,0,0,0,0,0,0,0,0,0,0,0,0,0,2,0,0,0,0,0,0,0,0,0,0,0,0,0,0,0,0,0,2,0,0,2,0,0,0,0,0,0,0,0,2,0,0,2,0,0,0,0,0,0,0,0,0,0,0,0,0,0,2,0,0,0,0,0,0,0,0,0,0,0,0,0,0,0,2,0,0,0,NA,0,0,0,0,0,2,0,0,2,0,0,0,0,0,0,0,0,2,0,0,0,0,2,0,0,0,0,0,0,0,0,0,0,2,0,0,0,0,0,2,0,0,0,0,0,2,0,0,2,2,2,0,0,0,0,0,0,2,0,0,2,0,0,0,0,0,0,0,2,2,0,0,2,2,0,0,0,0,2,2,0,2,0,2,0,0,0,2,0,0,0,2,0,0,0,0,0,0,0,0,2,0,0,0,0,0,0,0,2,0,0,0,2,0,2,0,2,0,0,0,2,0,2,0,0,0,0,0,0,0,0,0,0,0,NA,0,0,0,0,2,0,0,0,0,0,0,0,0,0,0,2,0,0,0,2,0,0,0,0,0,2,0,2,0,0,2,0,0,0,0,0,0,0,0,0,2,2,0,2,0,0,0,0,0,2,0,0,0,0,0,0,0,2,0,0,0,0,0,0,0,0,0,0,0,0,0,0,2,0,2,0,0,0,0,2,0,0,0,0,0,0,0,0,0,2,0,0,0,0,0,0,0,0,0,2,0,0,0,2,0,0,2,0,2,0,2,0,0,0,0,0,0,0,0,2,0,0,0,2,0,2,0,0,0,0,0,0,0,0,0,0,0,0,0,0,0,0,0,0,0,2,0,0,0,0,0,0,0,0,0,0,0,0,0,0,0,0,0,0,2,0,0,0,0,0,0,0,0,0,0,0,0,0,0,2,0,2,0,2,0,0,0,0,0,2,0,0,0,0,0,0,0,0,0,0,0,0,0,0,2,0,0,0,0,0,0,2,0,0,2,2,0,0,0,0,0,0,0,0,2,0,2,0,2,0,2,2,0,0,0,0,0,0,0,0,0,0,0,2,2,0,0,0,0,0,0,0,0,0,0,0,2,0,0,0,2,0,2,0,0,0,0,0,0,0,0,0,0,2,2,0,2,2,2,0,0,2,0,2,0,0,0,2,2,0,2,2,0,0,0,2,2,0,0,0,0,0,0,0,2,0,0,0,0,0,0,0,2,0,0,0,0,0,0,0,0,2,0,0,0,2,0,0,0,2,0,0,2,0,0,2,0,0,0,2,0,0,0,0,2,0,0,2,2,2,0,0,0,0,0,0,0,2,0,2,0,0,0,0,0,0,0,2,0,0,2,0,0,0,0,0,2,0,0,2,0,2,0,0,0,0,2,2,0,0,0,0,0,0,0,0,0,0,2,0,0,0,2,2,0,0,0,0,0,0,0,0,0,0,0,0,0,0,0,NA,0,0,2,0,0,2,2,2,0,0,2,0,0,0,0,0,0,0,0,0,0,2,0,0,0,0,0,2,2,0,0,0,0,0,0,0,0,0,0,0,0,0,2,0,0,0,0,2,0,0,0,0,0,0,0,0,2,0,0,0,0,0,2,0,2,0,0,0,0,2,0,0,0,2,2,2,0,2,0,2,2,0,0,0,0,0,0,0,2,2,0,2,NA,0,0,0,2,0,0,2,0,0,2,0,0,0,0,0,0,0,0,2,0,0,0,2,0,0,0,0,0,2,0,0,0,0,2,0,0,0,0,0,0,0,0,0,0,2,0,0,0,0,0,0,2,0,0,2,0,0,2,0,0,0,0,0,0,0,0,2,0,2,0,0,0,0,0,0,0,0,0,2,2,0,0,0,2,0,2,0,0,0,0,0,0,2,0,0,0,0,0,0,2,0,0,0,0,0,0,0,0,0,0,0,0,0,0,0,2,0,2,0,0,0,0,0,0,0,0,2,0,0,2,2,0,0,2,0,0,2,0,0,0,0,0,2,0,2,0,2,0,0,0,0,0,2,0,0,0,2,0,0,0,0,0,0,0,0,0,0,0,0,0,0,0,0,2,0,0,0,2,0,0,0,0,0,0,2,0,0,0,0,0,0,0,2,0,0,0,0,2,0,0,0,0,0,0,0,0,0,0,2,0,2,0,0,0,0,2,2,0,0,0,0,0,0,0,0,0,0,0,0,2,0,0,2,0,2,0,0,0,2,0,2,0,2,0,2,0,0,0,0,0,0,0,0,0,2,0,0,2,0,0,0,2,0,0,0,0,0,0,0,0,0,0,0,0,0,0,0,0,2,2,0,0,2,2,0,2,0,2,0,0,2,0,2,0,2,0,0,0,0,0,2,0,0,0,0,0,0,0,0,0,2,0,0,0,2,0,2,0,0,0,0,2,2,0,2,0,2,0,2,2,0,0,0,0,0,0,0,2,0,0,2,0,2,0,0,0,0,2,0,2,0,0,0,0,0,0,0,0,0,0,2,0,2,2,0,0,0,0,2,2,2,0,0,0,0,0,0,2,2,2,0,2,0,2,2,0,0,2,0,2,2,0,0,0,2,0,0,0,0,0,0,2,0,0,0,0,0,0,0,0,0,0,0,0,0,0,0,2,0,0,0,0,0,0,0,NA,0,0,0,2,0,0,0,0,NA,0,0,0,0,2,0,0,0,0,2,2,0,0,0,0,0,0,0,0,2,0,0,0,0,0,0,2,2,0,0,0,0,0,0,0,0,0,2,2,0,2,2,0,0,2,2,2,0,0,0,0,2,0,0,2,2,0,2,NA,0,0,0,0,2,0,0,0,2,0,0,0,0,2,0,0,2,0,0,0,0,0,0,0,0,0,0,2,0,0,2,0,0,0,2,0,2,0,0,0,2,2,2,2,0,0,0,2,0,2,0,0,0,2,2,0,0,2,0,0,0,0,0,0,0,2,2,0,2,0,2,0,0,0,2,0,0,0,0,0,0,0,0,0,0,0,0,2,0,0,0,2,0,0,2,2,0,0,0,2,0,0,0,0,0,2,0,0,0,0,0,0,0,0,0,0,0,2,0,0,0,0,0,0,2,0,0,0,0,0,2,0,0,0,0,0,2,0,0,0,0,0,0,2,0,0,2,0,0,0,0,0,2,2,2,0,2,0,0,0,0,2,0,0,2,2,0,0,0,0,0,0,0,0,0,2,0,0,0,0,0,0,0,0,0,2,0,0,2,2,0,0,2,0,0,0,0,2,0,2,0,0,0,0,2,0,0,0,0,0,0,0,0,2,0,0,2,0,0,0,0,0,0,0,0,0,0,0,0,0,0,0,0,0,0,0,0,0,0,0,0,0,0,0,0,0,0,0,0,0,0,0,0,0,0,0,0,0,0,0,0,0,0,0,0,2,0,0,0,2,0,0,2,0,2,2,0,0,0,0,0,0,0,0,0,0,0,0,0,0,0,0,0,0,0,2,0,0,0,2,0,0,2,0,0,0,2,0,2,0,2,0,2,0,0,0,2,0,0,0,0,0,2,0,0,0,2,2,2,0,0,2,2,2,0,0,0,0,0,0,0,2,0,0,2,0,0,0,0,2,0,0,0,2,0,0,0,0,0,2,2,0,0,2,0,0,0,0,0,0,2,0,2,0,2,0,0,0,0,0,0,0,2,0,2,0,0,2,2,0,0,0,0,0,0,0,0,2,0,0,2,2,0,0,2,0,2,2,2,2,2,0,0,0,0,0,0,0,0,0,2,2,2,0,0,0,0,0,0,0,2,0,0,2,0,0,0,0,0,0,2,0,2,0,0,0,2,0,0,0,2,0,2,2,2,0,2,0,0,0,0,0,0,0,0,0,2,0,0,0,0,0,0,2,0,0,2,2,2,0,0,0,0,0,0,0,0,0,0,0,0,0,0,2,2,2,2,0,0,2,0,2,0,0,0,0,0,0,2,0,0,0,2,2,0,0,0,0,0,0,0,0,0,0,0,0,0,0,0,0,0,0,0,2,0,0,0,2,2,2,0,0,0,2,0,0,0,0,2,0,2,2,2,0,0,2,0,2,0,0,0,2,0,0,0,0,0,0,0,2,0,2,0,0,0,2,0,2,2,0,0,0,0,0,0,0,0,2,0,0,2,0,0,0,2,0,2,2,0,0,2,0,0,2,0,0,0,2,0,2,0,2,2,0,0,0,0,0,0,0,0,2,0,0,0,0,2,0,2,0,0,2,2,0,0,0,0,0,0,2,0,0,0,0,2,0,0,0,2,2,0,2,2,0,0,0,2,2,0,0,0,0,0,0,0,0,0,0,0,0,0,0,0,0,2,2,0,0,0,0,0,0,0,0,0,0,0,0,0,0,0,0,0,0,0,0,0,0,0,0,0,0,0,0,2,0,0,0,0,0,0,0,0,0,0,0,0,0,0,2,0,0,2,0,0,0,0,0,2,0,0,0,0,0,0,0,0,0,0,0,0,0,2,2,0,0,2,0,0,0,0,2,0,0,0,2,2,2,0,0,0,0,2,0,2,2,2,0,0,0,0,2,0,0,0,2,0,2,0,0,0,2,0,0,2,2,0,0,0,2,0,0,0,0,0,0,0,0,2,2,0,0,0,0,0,0,0,2,0,0,0,2,0,0,2,0,0,0,0,2,2,0,0,0,0,0,2,0,2,0,0,2,0,2,0,0,0,2,0,0,2,0,0,0,0,2,0,0,0,0,0,0,0,0,0,2,0,0,0,0,0,2,0,0,2,0,0,2,0,0,0,0,0,0,0,0,0,2,2,0,0,0,0,0,0,0,0,0,2,2,0,0,0,2,2,2,0,0,0,2,2,0,0,2,0,2,0,2,NA,0,0,0,2,0,2,0,2,0,2,2,0,0,0,0,0,0,0,0,0,0,0,0,0,0,0,0,0,0,2,0,0,0,0,0,0,0,0,0,2,0,0,0,2,0,0,2,0,0,0,0,0,0,0,0,0,0,0,0,0,0,0,0,2,0,0,0,0,0,2,0,0,0,2,0,0,0,0,0,0,0,0,2,0,0,0,2,0,2,0,0,0,2,0,0,0,2,0,2,0,0,0,0,2,0,0,0,0,0,0,0,2,0,0,0,0,2,0,0,0,0,2,0,0,0,0,2,0,2,2,0,0,0,0,0,0,0,2,2,2,0,2,0,0,0,0,0,0,0,2,2,0,0,0,0,0,0,2,2,2,2,0,0,0,2,0,2,2,2,2,0,0,2,0,0,0,0,0,0,0,0,2,2,0,0,0,0,0,0,2,2,0,0,2,0,2,0,0,0,0,0,0,0,0,0,0,2,0,0,2,0,0,0,0,2,0,0,0,0,2,2,0,0,0,2,0,0,0,0,0,0,0,0,0,0,0,0,0,2,0,0,0,0,0,2,0,0,0,0,0,0,0,0,0,0,2,2,0,0,0,2,0,0,0,0,0,0,0,0,0,0,0,2,2,0,0,0,0,0,2,0,0,0,2,0,0,2,0,0,0,0,2,0,0,2,0,0,0,0,0,0,0,2,0,0,0,0,2,2,0,0,0,0,0,0,2,0,0,2,2,0,0,0,0,0,0,2,0,0,2,0,0,0,0,0,0,0,0,2,2,0,2,0,0,0,0,0,0,2,0,0,0,0,2,0,0,0,0,0,0,0,0,0,0,0,2,0,NA,0,2,0,0,0,0,0,0,0,0,0,0,0,0,2,0,0,2,2,0,0,0,0,0,0,0,0,0,0,0,0,0,0,0,0,2,0,0,0,0,0,0,0,2,2,2,0,0,2,0,2,0,0,0,2,0,0,0,0,0,0,0,0,2,2,0,0,0,0,0,0,0,0,2,0,0,0,0,0,0,2,0,0,2,0,0,0,0,2,0,0,0,2,2,0,0,0,0,0,0,0,2,2,0,0,0,0,0,0,2,0,0,0,0,0,0,0,0,2,0,0,0,0,2,2,0,0,0,0,0,0,0,2,0,0,2,2,0,0,0,0,2,0,0,0,0,2,0,0,NA,0,NA,0,0,0,0,2,0,0,0,2,0,0,0,0,0,0,0,0,0,0,2,2,0,0,0,2,0,2,0,2,0,2,0,0,2,0,0,0,0,2,0,0,0,0,0,0,0,0,2,2,0,0,2,2,0,0,2,2,0,0,2,0,0,0,2,0,0,0,2,0,0,0,2,0,0,2,0,0,0,0,0,0,0,0,0,0,2,0,0,2,0,0,0,0,2,0,0,0,0,0,0,0,0,0,0,2,0,0,0,0,0,0,0,0,0,0,0,0,0,0,0,0,0,2,0,2,0,0,0,0,0,2,0,0,0,2,0,2,0,0,2,0,0,0,0,2,2,0,0,0,2,0,0,0,0,0,0,0,2,2,0,0,0,0,0,0,2,0,0,0,0,0,0,0,0,0,0,0,0,0,0,0,2,2,0,0,0,0,0,0,0,0,0,0,0,2,2,0,0,0,0,2,0,2,0,2,0,0,0,0,0,2,0,2,0,0,0,2,2,2,2,0,2,0,0,0,0,2,2,0,0,0,0,2,2,0,0,0,0,0,0,0,0,0,0,0,0,0,0,0,0,0,0,2,0,0,0,0,2,2,0,2,0,0,0,2,0,2,0,0,0,2,0,0,0,0,0,0,0,0,0,0,0,2,2,0,0,0,2,2,0,0,0,0,2,0,0,2,0,0,0,0,0,0,0,0,0,2,0,0,0,0,2,0,0,2,0,0,0,0,0,2,0,2,2,0,0,0,0,0,0,0,0,2,2,0,0,0,2,0,0,2,0,0,0,0,0,0,0,0,0,0,0,0,0,2,0,0,0,0,0,0,0,0,0,0,0,0,0,0,2,0,0,0,0,0,0,0,0,0,0,0,2,0,0,0,0,0,0,0,0,0,0,0,0,0,0,2,0,0,2,0,0,2,2,0,0,2,0,0,0,0,2,0,0,0,0,0,0,0,2,0,2,2,0,0,0,0,0,2,0,0,0,0,0,0,0,0,2,2,2,0,0,0,0,0,0,0,0,0,0,0,0,0,2,0,0,0,0,2,0,0,0,0,0,0,2,2,0,2,0,0,2,2,0,0,0,0,0,2,0,0,0,0,0,0,0,0,0,0,2,0,0,0,0,0,0,0,0,0,0,0,0,0,0,2,0,0,2,2,2,0,0,0,2,0,0,0,0,0,0,0,0,0,2,0,0,0,0,0,0,0,2,0,0,0,0,0,0,0,0,0,0,0,2,2,0,0,0,0,0,0,2,2,2,0,0,0,0,0,0,NA,2,0,0,2,0,0,2,0,2,0,0,0,0,2,0,0,0,0,2,0,0,0,0,0,0,NA,0,2,0,0,2,0,0,0,0,0,0,0,0,0,0,2,2,0,0,0,0,2,0,2,0,0,0,0,0,0,NA,0,2,0,0,0,0,0,0,0,0,0,0,0,0,2,0,0,0,0,0,0,0,0,2,0,2,0,0,2,0,0,0,0,0,0,2,0,0,0,0,NA,2,0,0,0,0,0,0,0,2,0,0,0,2,0,0,2,2,0,0,0,2,0,0,0,0,0,0,0,0,0,0,0,0,2,0,0,0,0,0,0,0,0,0,0,2,0,0,2,0,0,0,0,0,0,0,0,0,2,0,0,0,0,0,2,0,2,0,0,2,0,0,0,0,2,0,0,0,0,0,0,0,0,0,0,0,2,0,0,0,0,2,0,0,0,0,0,0,0,0,0,2,2
"CC232",0,2,2,0,0,0,0,0,0,0,0,0,0,0,0,2,0,0,0,0,2,0,2,2,0,0,0,0,0,2,0,2,0,0,0,2,0,0,0,0,0,0,2,2,2,0,0,0,0,0,2,2,0,2,2,0,2,0,0,0,0,2,0,2,0,2,0,0,0,2,0,0,0,0,0,0,0,0,0,2,0,0,0,0,0,0,0,0,2,2,0,0,2,2,0,0,0,0,0,0,0,0,0,2,0,2,0,0,0,0,0,0,0,0,0,0,0,0,0,0,0,2,0,0,0,0,2,0,0,0,0,0,0,2,0,0,0,0,2,0,0,0,0,0,0,0,2,0,0,0,0,0,0,0,0,0,0,0,0,0,0,0,0,2,2,2,0,0,2,0,0,2,2,0,0,2,0,0,0,0,2,0,0,0,0,0,0,0,0,2,0,0,0,0,0,0,0,0,2,0,0,0,0,0,0,0,0,0,0,0,0,0,0,0,0,0,0,0,2,0,2,0,0,0,0,0,0,2,2,0,0,0,0,0,0,0,2,0,2,0,2,0,0,0,2,0,0,0,2,0,0,0,0,0,0,0,0,2,0,0,0,0,0,2,0,2,0,0,0,2,0,0,0,0,0,0,0,0,0,0,2,0,2,0,0,0,0,2,0,0,0,2,2,0,0,0,0,2,0,0,0,2,2,0,0,0,2,0,2,0,0,2,0,2,2,0,0,0,0,0,0,0,0,0,2,0,0,0,2,0,0,0,2,0,0,0,0,0,2,0,0,2,0,0,0,0,0,0,0,0,NA,0,0,0,0,2,0,0,0,0,2,0,0,0,0,2,0,0,0,0,0,0,0,0,0,0,0,0,0,0,0,0,0,0,0,0,2,2,0,0,0,0,0,0,0,0,NA,0,0,0,0,0,2,2,0,2,0,0,0,2,0,0,0,0,0,0,0,2,0,0,0,2,0,0,0,0,0,0,0,0,2,0,2,0,0,0,0,0,2,0,0,0,0,2,0,0,0,0,2,0,0,0,2,2,2,2,0,0,0,0,0,0,2,0,0,0,0,2,0,0,0,2,2,0,0,0,0,0,0,0,0,0,0,0,0,0,0,0,0,0,0,2,0,2,0,0,0,0,0,0,0,0,2,0,0,0,0,0,0,0,0,2,0,0,0,0,0,0,0,0,0,0,0,0,0,0,0,0,0,2,2,0,2,0,0,2,0,0,0,0,2,0,0,2,0,0,0,2,0,0,2,0,0,0,0,0,0,0,0,2,0,0,0,0,2,0,0,2,0,0,0,0,0,0,0,2,0,0,2,0,0,2,0,2,2,0,0,0,0,2,0,NA,2,0,2,0,0,0,2,0,0,2,0,0,0,0,2,2,0,0,0,0,0,0,0,0,0,0,0,0,2,0,0,0,0,0,0,0,0,0,0,0,0,2,0,0,0,0,0,2,0,0,0,0,0,0,0,2,0,0,0,0,0,0,0,0,2,0,0,0,2,2,0,0,0,0,0,0,0,2,0,0,0,2,2,0,0,2,0,0,0,0,0,0,2,0,2,0,2,0,2,0,0,0,0,0,0,0,0,0,0,0,0,0,0,0,0,0,0,0,0,2,0,0,2,0,2,2,0,0,0,0,0,0,0,0,0,0,0,2,0,2,0,0,0,0,0,0,0,0,0,0,0,0,0,0,0,2,2,0,0,0,0,2,0,0,0,0,2,2,0,0,0,0,0,2,0,0,NA,2,0,2,0,0,0,0,2,0,0,0,0,0,2,0,0,0,0,2,2,2,0,0,2,0,0,0,0,0,0,0,0,0,0,2,0,2,0,0,2,0,0,0,2,0,0,0,2,2,2,2,0,0,0,2,0,2,2,2,0,2,0,0,0,0,0,0,0,0,0,2,0,0,0,0,0,0,2,0,0,0,2,0,0,0,0,0,0,2,0,0,0,0,2,0,2,0,2,0,0,0,0,0,0,0,2,0,2,0,2,0,0,0,0,2,0,2,0,0,0,2,2,0,0,0,2,2,0,0,0,0,0,0,0,2,2,0,0,0,0,NA,0,0,NA,0,2,NA,0,0,0,0,0,NA,NA,2,0,0,2,0,0,2,2,2,0,2,2,2,0,0,0,0,2,2,NA,0,0,0,0,0,0,0,0,0,0,0,0,0,2,0,0,0,0,0,0,0,2,0,0,0,0,0,0,0,0,0,2,0,0,0,0,0,0,0,2,0,2,2,0,0,0,0,0,0,0,0,0,0,2,2,2,0,0,0,2,0,0,0,2,0,0,0,0,0,0,0,0,0,0,2,2,2,0,2,0,0,0,0,2,0,0,0,0,0,0,0,0,0,0,0,0,0,0,0,0,0,0,0,0,2,0,0,0,0,0,0,0,0,0,2,0,2,0,2,2,0,0,0,0,0,0,0,2,0,2,2,NA,0,2,2,0,0,0,0,2,0,0,0,2,2,2,0,0,0,0,0,2,0,0,0,0,0,0,2,0,0,0,0,0,0,0,0,2,0,0,0,0,0,0,0,0,0,0,0,2,0,0,0,0,2,0,2,0,0,2,0,0,2,0,0,0,2,0,2,2,0,0,0,0,0,2,2,0,0,2,0,2,2,0,0,0,0,0,0,0,0,0,0,2,0,0,0,0,2,0,0,0,0,0,2,2,0,0,0,0,0,0,0,0,0,0,2,0,2,0,0,0,0,0,2,0,0,2,0,0,2,0,2,0,0,0,0,0,0,0,2,0,0,0,0,0,0,2,0,0,0,0,0,0,0,0,2,0,0,0,0,0,0,0,2,0,0,0,2,0,2,0,2,0,2,0,2,0,0,0,0,0,0,0,0,0,0,0,0,0,2,2,0,0,0,0,2,2,0,2,0,0,0,2,0,0,0,0,0,0,0,2,2,0,0,0,0,2,0,2,0,0,0,0,0,0,0,0,0,2,2,0,0,0,0,0,0,0,0,2,0,0,0,0,0,0,0,0,0,0,0,0,0,0,0,2,0,0,0,0,0,0,0,0,0,0,0,2,0,2,0,0,0,0,2,0,0,2,0,0,2,2,0,0,0,0,0,0,0,2,0,0,0,0,0,0,2,2,2,0,0,2,0,2,0,0,0,0,0,0,0,0,0,0,0,0,0,0,0,0,2,0,0,0,0,0,0,0,0,0,0,0,0,0,0,2,2,0,0,2,0,0,0,0,0,0,0,0,0,0,0,0,NA,2,0,2,2,2,2,2,2,2,2,2,0,2,0,0,0,2,0,0,0,0,2,0,0,0,2,0,0,0,2,0,0,2,0,0,0,2,0,0,0,0,0,0,0,0,2,0,0,0,0,0,0,0,0,0,0,0,0,0,0,0,2,0,0,0,0,2,2,2,0,0,0,0,0,0,0,2,2,0,2,0,0,0,0,2,0,0,0,2,2,2,0,0,0,2,0,0,0,0,0,0,0,0,2,0,0,0,0,0,2,0,0,2,0,0,2,0,0,0,2,2,0,0,2,2,2,2,0,0,0,0,2,0,0,0,2,0,2,2,2,2,0,0,2,2,0,2,0,0,0,0,0,0,2,0,2,2,2,0,2,0,0,0,2,0,2,0,0,0,2,0,0,0,0,2,0,0,2,0,0,0,0,0,2,0,0,2,0,0,0,0,0,0,0,0,0,0,2,0,0,2,0,0,0,0,0,2,2,0,0,0,2,0,0,0,0,0,0,2,2,2,0,0,0,0,0,2,0,0,0,0,2,0,0,0,0,0,0,0,0,0,2,0,0,0,0,2,0,0,0,2,0,2,0,0,0,0,0,0,2,0,0,0,0,2,0,2,0,0,0,0,0,0,0,0,0,0,0,0,0,2,0,2,0,2,0,0,2,2,2,2,0,0,2,0,2,0,0,2,0,0,0,0,2,0,0,0,0,0,0,0,0,0,0,0,0,0,2,0,0,0,0,0,0,0,0,0,0,0,0,0,0,0,0,0,0,0,0,0,0,0,0,0,0,0,0,0,0,0,0,0,0,0,0,0,0,0,0,0,0,0,0,0,0,0,0,2,0,2,2,2,0,0,2,0,0,0,0,2,0,2,0,0,0,0,0,2,0,0,2,0,0,2,2,0,0,0,0,0,2,0,0,0,0,0,2,2,2,2,0,0,2,0,0,0,0,2,2,2,0,2,0,0,0,2,0,0,0,2,0,0,2,2,2,0,0,0,2,0,0,0,0,2,0,0,2,0,0,2,2,2,2,0,0,2,0,0,0,0,0,0,0,0,0,0,0,0,2,0,0,0,2,0,0,2,0,0,2,0,0,0,0,0,2,2,2,0,0,0,0,0,2,0,2,0,NA,0,0,0,0,2,0,0,0,0,0,0,2,2,0,0,0,0,0,0,0,0,0,2,0,2,0,0,0,0,0,0,0,2,0,0,0,0,0,0,0,0,0,0,0,0,0,0,0,0,0,0,0,0,0,0,0,0,0,0,0,2,0,0,2,0,0,0,0,0,0,0,0,0,0,0,0,0,0,0,0,2,0,0,0,2,0,2,0,2,0,0,2,0,0,0,2,0,0,0,0,0,0,0,0,0,0,0,2,0,0,0,0,2,2,2,2,0,0,0,2,0,0,0,0,0,2,0,0,0,0,0,0,2,2,0,0,0,0,0,0,0,0,2,0,0,0,0,0,0,0,0,0,0,0,NA,0,0,2,0,0,NA,0,0,0,0,0,2,0,0,0,0,0,0,0,0,0,2,0,0,0,2,0,2,0,2,0,0,0,0,0,2,0,0,0,0,0,0,0,2,2,0,2,0,0,0,0,0,0,0,2,0,0,0,0,0,0,2,0,0,0,0,0,2,0,2,0,0,0,2,0,0,2,0,2,0,2,0,0,2,0,2,0,0,0,0,0,0,0,0,0,0,0,2,2,0,0,0,0,0,0,0,0,0,0,0,0,2,2,0,0,0,0,0,2,0,0,2,0,0,0,0,2,0,2,0,0,0,0,0,2,0,0,0,0,0,0,0,0,0,0,2,0,0,0,2,0,0,2,0,0,0,0,0,2,0,0,0,0,0,0,0,2,0,0,0,0,0,0,0,0,0,0,2,0,0,0,0,0,0,0,0,0,0,0,0,0,0,0,0,0,0,2,0,0,0,0,0,0,0,0,0,2,0,2,2,0,0,2,2,0,0,2,0,0,0,0,0,0,0,2,2,0,0,0,0,0,0,0,2,0,0,0,2,0,0,0,2,0,0,0,0,2,0,0,2,0,0,0,0,0,0,0,0,0,0,2,0,0,0,0,2,0,0,0,0,0,0,0,0,0,0,2,0,0,2,0,0,0,0,0,0,2,0,0,2,0,0,0,0,0,0,0,2,0,0,2,2,0,0,0,0,0,0,0,0,0,0,0,0,0,0,0,0,0,0,0,0,0,2,0,0,0,0,0,2,0,0,0,0,0,0,0,0,0,0,0,0,2,0,0,0,2,0,0,0,0,0,0,0,2,0,2,0,0,0,0,2,2,0,0,0,2,0,0,2,2,0,0,0,0,0,0,0,0,0,0,0,0,2,0,0,2,0,0,0,0,0,0,2,0,0,0,2,0,0,0,0,0,0,0,0,0,0,0,0,0,0,2,0,0,0,0,2,0,0,0,2,0,0,0,0,0,0,0,0,0,0,2,2,0,0,0,0,0,0,0,0,0,0,0,0,0,0,0,0,0,0,2,0,0,0,0,0,0,0,2,0,0,2,0,0,0,2,0,0,0,0,0,0,0,0,0,0,0,0,2,0,0,0,2,0,0,0,0,2,0,0,0,0,0,0,0,0,0,0,0,0,2,0,2,0,0,0,0,0,0,0,0,0,0,0,0,0,0,0,0,0,0,0,0,0,2,0,0,0,0,0,0,2,0,2,0,0,0,0,0,0,0,0,0,0,0,0,0,0,0,0,2,0,0,0,2,0,0,0,2,0,0,2,0,0,0,0,2,2,0,2,2,0,0,0,0,0,0,0,0,2,0,0,0,0,0,0,0,0,0,0,0,0,0,0,0,0,0,0,0,0,0,2,0,0,0,0,0,0,0,0,0,0,0,0,0,0,0,0,0,0,0,2,2,0,0,0,0,2,0,0,2,0,0,0,0,0,0,0,0,0,0,0,0,0,0,0,0,0,0,0,0,0,0,0,0,0,0,0,2,0,2,0,0,2,0,0,0,0,0,0,2,0,0,0,0,0,0,0,2,0,0,0,0,0,0,0,0,0,0,0,2,2,0,0,0,0,0,0,0,0,0,0,0,0,0,0,0,2,0,2,0,2,0,0,0,2,0,0,0,2,2,2,2,0,2,0,0,0,2,0,2,0,0,0,0,0,0,0,0,0,0,0,2,2,0,0,2,0,0,0,2,0,0,0,0,0,0,0,0,0,2,0,0,0,0,0,0,0,0,0,0,2,0,2,0,2,0,2,0,0,2,2,2,0,2,0,0,0,0,0,0,0,0,0,0,0,2,0,2,0,2,2,0,0,0,0,0,0,2,0,0,0,0,0,0,0,0,0,0,0,0,0,0,0,2,0,0,0,0,0,0,0,0,0,0,2,0,0,0,0,0,0,0,0,2,0,2,0,2,0,0,0,0,0,0,0,0,NA,0,0,0,2,2,0,0,0,NA,0,0,0,0,0,0,0,0,2,2,2,0,0,0,NA,0,0,0,0,0,2,0,2,0,0,2,0,2,0,0,0,0,0,0,0,0,0,2,0,0,0,2,0,0,0,0,0,0,0,0,0,0,0,0,0,2,0,0,0,0,0,0,0,0,2,0,0,0,0,0,0,0,2,0,0,2,0,2,0,2,0,0,0,0,0,0,2,2,0,0,0,0,2,2,2,2,0,2,0,2,2,2,2,0,0,0,2,2,2,0,0,2,2,2,0,0,0,0,0,0,0,0,0,0,2,0,0,0,0,2,2,0,0,2,0,0,2,0,0,0,0,0,0,0,0,0,2,0,0,0,2,0,0,0,0,0,0,0,0,0,0,0,0,0,0,0,0,2,0,0,0,0,0,0,0,0,0,0,0,0,0,0,0,2,0,NA,0,0,0,2,0,2,2,0,0,0,0,0,0,0,0,0,0,0,0,0,2,0,2,2,2,0,0,2,0,0,2,0,2,0,0,0,0,0,2,0,0,0,0,NA,0,0,0,0,0,0,2,0,2,0,0,0,0,0,0,0,0,2,2,0,0,2,0,0,0,0,2,0,0,0,0,0,0,0,2,0,0,0,2,0,2,2,2,0,0,2,0,0,0,0,0,2,0,0,0,0,0,2,0,2,0,0,0,0,0,0,0,0,0,2,0,0,0,0,0,0,0,0,0,0,0,0,0,0,0,0,0,2,0,0,0,0,0,0,2,0,2,0,0,0,0,0,0,2,0,0,0,0,0,2,0,2,0,0,2,2,0,0,0,2,0,0,0,0,0,0,0,0,0,0,0,0,0,0,2,2,0,0,0,2,0,0,0,2,2,0,0,0,0,0,0,0,0,0,0,0,2,2,0,2,2,0,0,0,0,0,0,0,0,0,0,2,2,0,0,2,0,0,2,0,0,0,0,0,2,2,0,0,0,0,0,0,2,0,0,0,0,0,2,2,0,2,0,0,0,0,0,0,0,0,0,NA,2,0,0,2,0,0,2,2,0,0,2,0,0,0,2,0,0,0,2,0,2,0,0,0,0,0,2,0,2,0,2,0,0,0,0,0,0,0,2,0,0,2,0,2,2,0,0,0,0,0,2,2,0,2,2,0,2,2,2,0,0,0,0,0,2,2,0,2,0,2,2,0,2,2,0,2,0,0,0,0,2,0,0,0,0,0,0,0,0,0,2,0,0,2,2,0,0,2,2,0,0,0,2,0,0,0,0,0,0,0,0,0,0,2,0,0,2,0,2,2,0,2,2,2,0,0,0,0,0,2,0,0,0,0,0,0,0,0,0,0,0,0,0,2,0,0,0,0,2,2,2,0,2,0,0,2,0,0,2,0,2,0,0,0,0,0,0,2,0,0,0,2,2,0,0,0,2,0,0,NA,0,2,0,2,2,2,2,0,0,0,0,0,0,0,0,0,0,0,0,2,0,0,0,2,2,0,0,0,0,0,0,0,0,2,0,0,0,0,0,0,2,2,0,2,0,0,0,0,0,0,2,0,0,0,0,0,0,0,0,0,0,0,0,0,0,0,0,2,2,0,0,2,0,0,0,0,0,0,2,0,0,0,2,2,0,0,0,0,0,0,0,2,2,0,0,0,2,2,0,0,0,0,0,2,0,0,0,0,0,2,2,2,2,0,2,0,NA,0,0,0,0,0,0,2,0,0,0,NA,0,0,0,0,NA,0,2,0,0,0,0,0,0,0,0,0,0,0,2,0,0,2,2,0,0,0,0,0,0,2,0,0,0,0,0,0,0,0,0,0,0,0,0,0,2,2,0,0,0,0,0,0,0,0,0,2,0,0,0,0,0,0,0,0,2,0,2,0,0,0,0,0,0,0,2,0,0,0,0,0,0,0,0,0,2,0,0,0,0,0,0,0,0,2,0,2,0,0,2,0,0,0,2,0,0,0,0,2,2,0,0,0,2,0,0,0,2,0,0,2,0,2,0,0,0,0,0,0,0,0,0,0,0,0,0,0,0,0,0,0,2,0,0,0,0,0,0,2,2,0,0,0,0,0,0,0,2,2,0,2,0,0,2,0,2,0,0,2,0,0,2,0,0,2,0,2,2,2,0,0,0,0,0,0,0,0,0,0,0,0,2,0,0,2,0,0,2,0,2,0,2,0,0,0,0,0,0,0,0,0,0,0,2,0,2,0,0,2,0,0,0,0,0,0,0,2,0,0,0,0,0,0,0,0,0,2,0,0,2,2,0,0,0,0,NA,2,0,2,2,0,0,0,0,0,0,0,0,2,0,0,0,2,0,0,2,2,2,0,0,0,0,0,0,0,2,0,0,0,0,0,0,2,2,0,0,0,0,0,0,0,0,0,0,0,0,0,0,0,0,0,0,0,0,0,0,2,0,0,0,0,0,0,0,0,0,0,2,0,0,0,0,2,0,NA,0,0,0,0,2,0,2,0,0,0,0,0,2,0,2,2,2,0,0,2,0,2,0,0,2,0,0,2,NA,0,0,0,0,0,2,0,0,0,0,0,2,0,0,0,2,2,0,0,0,0,0,0,0,0,0,0,2,2,0,2,0,2,0,0,0,2,0,2,0,0,0,0,2,0,0,0,2,0,0,0,2,2,0,0,0,0,0,0,0,0,0,0,0,0,0,0,0,0,0,2,2,0,2,0,0,0,0,0,2,0,0,0,0,0,0,0,0,0,0,0,0,0,0,0,0,0,0,0,0,0,0,0,0,2,0,0,0,0,0,0,0,2,0,0,0,2,0,0,2,0,0,0,0,2,2,2,0,0,0,0,0,0,0,2,0,0,2,0,0,0,0,0,0,2,0,0,0,0,0,2,0,0,0,0,0,2,0,0,0,0,0,0,0,0,0,2,0,2,2,0,2,2,2,0,0,0,0,0,0,0,0,0,2,0,0,0,0,0,0,0,0,0,0,2,0,0,0,0,0,2,0,0,0,0,0,2,0,0,0,0,0,0,0,0,0,0,0,2,0,0,0,0,0,0,0,0,0,0,0,2,0,0,0,0,0,0,2,0,0,0,0,0,0,0,0,0,0,0,0,0,0,2,0,0,0,0,0,0,2,0,0,0,0,0,0,2,0,2,0,0,0,0,0,0,2,0,0,0,0,0,0,2,0,2,0,0,0,0,0,0,0,0,0,0,0,0,0,0,0,2,0,0,0,0,0,0,0,0,0,0,0,2,0,0,0,0,2,0,0,0,0,0,0,0,0,2,2,0,0,0,2,2,0,0,0,0,0,0,0,0,0,2,0,0,2,2,0,0,0,0,0,0,0,0,0,2,2,2,0,0,0,0,0,0,2,0,0,0,0,0,0,0,0,2,2,2,0,0,0,0,0,0,0,0,0,0,2,0,0,0,0,0,0,0,0,0,0,0,0,0,0,0,0,0,0,2,0,0,2,0,0,0,0,0,0,0,0,2,0,0,0,0,0,2,0,0,0,0,0,0,0,0,2,0,0,0,2,0,2,0,2,0,0,0,0,0,0,2,0,0,0,0,0,0,0,0,0,0,2,0,0,0,0,0,0,0,0,0,0,0,0,0,0,0,0,0,0,0,2,0,0,0,2,0,0,0,2,0,0,0,0,0,0,0,0,0,0,0,0,0,0,0,0,0,0,0,0,0,0,0,2,0,0,0,2,0,0,0,2,0,0,2,0,2,0,0,0,0,0,2,0,0,0,2,0,2,0,0,0,0,0,2,2,2,2,0,0,2,0,2,0,0,0,2,0,0,2,0,0,0,0,0,0,2,0,2,0,0,0,2,0,0,0,0,2,0,0,2,2,0,0,2,0,0,0,0,2,0,2,0,2,0,0,2,2,0,0,NA,0,0,2,2,2,2,0,0,2,0,0,0,0,0,0,0,0,0,0,0,0,0,0,0,0,0,0,2,0,0,0,0,0,0,0,0,2,0,0,0,0,0,0,0,0,2,0,0,0,2,0,0,0,0,2,2,0,0,0,0,0,0,2,0,NA,2,2,0,0,0,0,0,2,0,0,0,2,2,2,0,0,2,0,2,2,0,2,0,0,2,0,2,0,2,2,0,2,0,0,0,0,0,0,0,2,0,0,2,2,0,0,0,0,2,0,0,0,2,0,2,0,2,0,0,0,0,2,0,0,0,0,2,0,0,0,0,0,2,0,0,0,0,0,2,2,2,0,0,0,0,0,0,2,0,2,2,2,0,2,0,0,0,NA,0,2,0,0,0,0,0,0,2,2,0,0,0,0,0,0,0,0,0,0,0,0,0,0,0,0,0,2,0,0,0,2,0,0,0,0,0,0,0,0,0,0,0,0,0,0,0,0,2,0,0,0,0,0,2,0,0,0,0,0,0,0,0,0,0,0,0,0,0,0,0,2,0,0,0,2,0,0,0,0,2,0,0,0,0,0,0,2,0,0,0,2,0,0,0,0,0,0,0,2,0,0,0,2,0,2,0,0,0,0,0,0,0,0,0,0,0,0,0,2,0,0,0,0,0,0,0,2,0,0,0,0,0,0,0,0,0,0,2,0,2,0,0,0,2,2,0,0,0,0,0,0,0,0,0,0,0,2,0,2,0,0,2,0,0,2,0,2,0,0,0,0,0,0,0,2,2,0,0,0,2,0,0,0,0,0,0,2,0,0,0,0,2,2,0,0,0,2,0,0,0,0,0,0,0,0,0,0,0,2,2,0,0,0,0,0,0,2,0,0,0,0,0,0,0,0,0,0,0,0,0,0,0,0,0,0,2,0,0,0,0,0,0,0,0,0,0,2,0,0,2,2,0,2,0,0,0,2,0,0,0,0,0,0,0,0,0,0,0,0,0,0,0,0,0,2,0,0,0,2,0,0,0,0,2,0,0,0,0,0,0,0,0,0,0,0,0,0,2,0,2,0,0,0,0,0,0,0,0,0,0,0,0,0,0,0,0,0,0,0,0,0,0,0,0,0,2,0,2,2,0,0,0,0,0,0,0,0,0,0,0,0,0,0,0,0,0,0,0,0,0,0,2,0,0,0,0,0,0,0,0,0,0,0,0,0,0,0,0,0,0,0,0,0,0,0,0,0,2,0,0,0,2,2
"CC233",2,0,0,0,2,0,0,2,0,2,0,0,0,0,0,2,0,0,0,2,0,0,2,0,0,0,0,0,0,2,0,0,0,0,0,0,0,0,0,0,0,0,0,0,0,0,0,0,0,0,0,0,0,0,0,0,0,0,2,0,0,0,0,0,0,0,2,0,0,0,0,0,2,0,0,2,0,2,0,0,0,0,0,0,0,0,0,2,0,0,0,0,0,2,0,0,0,2,2,2,2,2,0,2,0,0,2,0,0,0,0,2,0,0,0,0,0,0,0,0,2,0,2,0,0,0,2,0,0,0,0,0,0,0,2,0,0,0,0,0,0,2,0,0,2,NA,2,0,0,0,0,2,0,0,2,0,0,0,2,0,0,0,0,2,2,2,0,0,2,0,0,2,0,2,0,0,0,0,0,0,0,2,0,0,2,0,0,0,0,2,2,0,2,0,0,2,0,0,0,2,0,0,2,0,0,0,0,2,2,0,2,0,0,0,2,2,0,0,0,0,0,0,0,0,0,0,0,2,0,0,0,0,0,2,0,0,0,0,0,0,2,0,0,0,0,0,0,0,0,2,0,0,0,0,2,0,0,2,0,0,0,0,0,0,2,0,2,0,0,0,0,0,0,2,0,0,0,0,0,0,0,0,0,0,0,0,0,0,0,0,0,0,0,0,0,2,0,2,2,2,2,0,0,0,2,0,0,0,0,0,0,0,0,2,0,0,2,0,0,0,0,0,0,0,2,0,0,0,0,0,2,2,0,2,2,2,0,2,0,0,0,2,0,0,2,0,0,0,0,0,NA,0,0,0,2,0,0,2,0,0,0,0,0,0,0,0,0,0,0,0,0,0,0,0,0,0,0,0,0,0,0,0,0,2,0,0,0,0,2,0,0,2,2,2,2,2,2,0,0,0,0,0,0,2,0,2,0,2,0,0,2,0,2,0,2,0,0,0,0,0,2,0,0,0,2,0,0,0,2,2,0,0,0,0,0,0,0,0,0,0,0,0,0,0,0,0,0,2,0,0,0,0,0,0,2,0,0,0,0,0,0,0,2,0,0,0,0,0,0,0,0,0,0,0,0,0,0,0,0,0,0,0,0,0,0,0,0,0,0,2,0,0,0,0,0,0,0,0,0,0,0,0,0,0,0,0,0,0,0,0,0,2,0,0,0,0,0,0,0,2,2,2,0,0,0,0,0,2,0,0,0,2,0,0,0,0,0,0,0,0,0,0,0,0,0,0,NA,0,0,0,0,0,0,2,0,0,0,0,2,0,0,2,2,2,0,0,2,0,0,0,0,0,0,0,0,0,0,0,0,2,2,2,2,0,0,0,0,0,0,0,0,2,0,0,2,2,0,2,0,0,0,0,0,2,2,2,0,0,0,0,0,0,0,0,0,0,0,0,2,0,0,0,0,0,0,0,0,2,2,NA,0,2,0,0,0,0,2,2,2,2,0,2,2,0,0,2,0,0,2,0,0,2,2,0,2,0,2,2,0,2,0,0,0,0,0,0,0,0,2,0,0,0,0,2,0,0,0,0,0,0,0,2,0,0,0,0,0,0,0,2,2,2,0,0,0,0,2,2,2,0,0,0,2,0,0,0,0,0,2,0,0,0,0,0,0,0,0,0,2,0,0,2,0,0,0,0,0,0,0,0,2,0,0,0,0,0,0,0,0,0,0,0,0,0,0,0,0,0,0,0,0,0,2,0,2,0,0,0,0,0,2,0,0,2,2,0,2,0,2,0,2,0,0,2,0,0,0,0,2,2,0,2,0,2,0,0,0,2,2,0,0,0,0,0,0,0,0,2,0,0,2,0,0,2,0,0,0,2,0,0,0,0,0,0,0,0,2,0,NA,0,0,0,0,0,0,0,0,0,0,0,0,0,0,2,2,2,2,2,0,0,2,0,2,2,0,0,0,0,0,2,0,0,0,2,2,0,0,2,0,2,2,2,2,0,0,0,0,0,2,2,2,0,0,0,NA,2,0,0,0,0,0,0,0,0,0,0,0,0,2,2,0,0,0,2,2,0,2,2,0,0,0,0,2,0,2,0,0,2,0,0,0,0,2,0,0,0,0,0,0,0,0,0,0,0,2,0,0,0,0,0,0,0,2,0,0,0,2,2,0,0,0,NA,2,NA,0,0,0,0,2,0,0,2,0,0,0,0,0,0,2,0,0,2,2,0,0,2,0,2,0,0,2,0,0,0,0,0,0,2,0,0,2,0,0,0,0,0,2,2,0,0,2,0,0,0,0,0,2,2,0,0,0,2,2,2,2,0,0,0,2,0,2,2,2,0,0,0,0,0,0,2,0,0,2,0,0,0,0,0,0,0,0,0,0,0,0,0,2,0,0,2,0,0,0,2,0,0,0,0,2,0,0,2,0,2,0,0,2,2,0,2,2,0,2,0,0,0,0,2,0,0,0,2,0,0,0,2,0,0,0,2,0,0,0,0,0,2,2,2,0,0,0,0,2,0,0,2,0,2,0,0,0,0,0,0,0,2,0,0,0,0,0,0,0,0,2,2,0,0,2,0,0,2,0,0,2,NA,0,0,0,0,2,0,2,2,2,0,0,0,0,0,0,2,2,0,0,0,0,0,2,2,0,2,0,2,0,0,0,0,0,2,2,2,0,0,0,0,0,0,2,0,0,0,0,2,0,0,0,0,0,0,0,0,0,0,0,0,0,0,0,0,NA,0,0,NA,2,0,0,0,0,2,0,0,2,0,0,0,0,0,0,0,0,0,0,0,0,0,0,0,0,0,2,0,0,0,0,2,2,2,0,0,0,0,2,0,0,2,0,0,0,0,2,2,0,0,0,0,0,0,0,0,0,2,0,0,2,2,0,0,0,0,0,0,0,0,0,0,0,0,0,2,0,0,2,0,0,0,NA,0,0,0,0,0,2,2,0,2,0,2,0,0,0,0,0,0,0,2,0,2,0,0,0,0,0,2,2,0,2,0,0,0,0,0,2,0,0,0,0,0,0,2,0,0,2,0,0,0,0,0,0,0,0,0,0,0,0,0,0,0,0,2,0,0,0,0,0,0,0,0,0,0,0,0,0,0,2,0,0,0,0,0,0,0,0,2,0,0,0,2,2,0,0,0,2,0,0,0,2,0,2,0,0,0,0,2,0,0,0,0,2,0,0,0,0,0,2,0,0,0,0,2,0,2,0,0,2,2,0,2,0,2,0,0,2,2,0,0,0,0,0,0,2,0,0,0,2,2,2,0,2,0,2,0,0,0,0,0,0,0,0,0,0,0,2,0,0,0,2,0,0,0,0,0,2,2,0,0,2,0,0,0,0,2,0,0,2,2,0,0,0,2,0,0,0,0,2,2,0,0,0,0,2,2,0,0,0,0,2,2,2,2,0,0,0,0,0,0,0,2,2,2,0,2,2,2,2,2,0,0,0,0,0,0,2,0,0,0,0,2,2,0,2,2,2,2,2,0,0,2,2,0,0,0,0,0,2,0,0,0,0,0,0,0,0,2,0,0,0,0,0,2,0,0,0,2,0,0,0,0,2,2,0,0,0,2,0,0,2,2,0,0,0,0,2,2,0,0,0,0,0,0,0,0,0,0,0,0,0,0,0,2,0,0,0,0,2,0,0,2,0,0,0,0,2,0,0,0,0,2,0,0,0,0,0,0,2,0,0,2,0,0,0,0,2,0,0,0,0,0,0,0,0,0,2,0,0,0,0,0,0,0,0,0,0,0,2,2,2,0,0,2,0,0,0,0,0,2,0,0,0,0,0,0,0,0,2,0,0,0,2,0,0,2,0,2,2,0,0,0,0,2,0,2,2,0,0,2,0,0,0,0,2,2,0,0,0,0,2,0,0,0,0,0,0,0,0,2,0,2,2,0,0,0,0,0,0,0,0,0,0,2,2,0,0,0,2,0,0,0,0,2,0,2,2,2,2,0,0,NA,0,0,0,0,2,0,2,0,0,2,2,0,0,0,0,0,0,0,0,0,2,2,0,0,0,0,0,0,2,0,0,0,2,2,0,0,2,2,0,0,2,0,0,0,0,0,0,0,2,0,2,0,0,0,2,2,0,0,0,0,0,2,0,0,0,0,0,0,0,0,2,0,2,2,0,2,0,0,0,0,0,0,2,0,0,0,0,0,0,0,2,0,0,0,0,2,2,0,0,2,0,NA,2,0,0,2,0,0,2,0,0,0,0,2,0,0,NA,0,0,0,2,0,0,0,0,0,0,0,0,0,2,0,0,0,0,0,0,0,2,0,2,0,2,0,0,2,0,0,0,0,2,2,0,0,2,2,2,0,0,0,0,0,0,0,0,0,2,2,0,0,0,2,2,0,2,0,2,0,0,2,0,0,0,2,2,0,2,0,0,0,0,0,0,0,2,0,0,0,0,0,0,0,0,0,0,0,0,0,0,0,0,2,0,0,0,2,0,0,0,0,0,0,0,0,0,0,0,0,0,0,0,0,0,0,0,0,0,2,0,0,2,0,0,0,0,0,2,0,0,0,0,0,0,0,0,0,0,0,0,0,0,0,0,2,0,0,0,2,0,0,2,2,0,0,0,0,0,0,0,0,0,0,0,0,0,0,0,0,2,0,0,0,0,2,0,2,2,0,0,0,0,0,0,2,0,0,0,0,0,0,0,0,2,0,0,0,0,0,2,0,0,0,0,0,0,0,0,0,0,0,0,0,0,0,0,2,0,0,NA,0,0,0,2,0,0,0,0,0,2,0,2,0,0,0,2,2,0,0,0,0,2,2,0,0,0,0,0,2,0,0,0,0,0,2,0,0,0,0,0,0,0,0,0,2,0,2,2,0,0,2,0,2,0,0,0,0,2,0,2,2,2,0,2,0,0,2,2,0,0,0,0,0,0,0,0,2,0,0,0,0,0,0,0,0,2,0,0,2,0,2,0,0,0,2,0,0,0,0,2,0,2,0,0,0,0,0,0,0,0,0,0,2,0,0,0,0,2,0,0,0,2,0,0,2,0,2,2,0,0,0,2,0,0,0,0,0,0,0,0,0,2,0,0,0,0,0,0,2,0,0,0,0,2,2,2,0,0,2,0,0,0,0,0,0,2,0,0,0,0,0,0,0,0,0,0,0,2,0,0,0,0,0,0,0,0,0,0,0,0,2,2,0,0,0,0,0,0,0,0,0,0,0,0,0,0,2,0,2,2,0,0,0,0,0,0,2,0,0,0,0,0,0,0,0,0,0,2,0,2,2,0,2,0,0,0,0,2,0,2,0,0,2,0,0,0,0,0,0,0,0,0,2,0,0,2,0,2,0,2,0,0,2,0,2,0,0,0,0,0,2,2,2,0,0,0,0,2,0,0,0,0,0,0,0,0,0,0,0,2,2,0,0,0,0,0,0,0,0,0,2,2,0,2,2,0,0,2,0,0,0,2,0,0,2,0,0,0,2,2,0,0,2,2,0,0,2,0,0,0,0,0,0,2,0,0,2,0,0,0,2,2,0,NA,0,0,2,NA,2,2,0,2,0,0,0,0,0,2,2,0,0,2,0,2,2,0,2,0,0,2,0,0,0,2,0,0,2,2,0,0,2,0,2,0,2,0,2,0,2,2,2,0,0,2,0,0,0,0,0,2,0,0,2,0,0,2,0,0,0,0,2,0,2,0,2,2,2,0,2,0,0,2,0,2,0,0,0,0,0,2,0,0,0,0,0,0,0,0,2,0,0,0,0,2,0,0,0,0,0,0,2,2,0,0,0,0,2,0,0,0,0,0,0,0,0,0,0,0,0,0,0,2,0,0,0,0,0,2,0,0,2,0,0,0,2,0,0,0,2,0,0,2,0,0,0,2,0,0,2,2,0,0,2,2,2,0,0,2,0,0,0,2,0,0,0,0,2,0,0,0,0,0,0,0,2,2,0,0,0,0,0,0,0,2,0,0,0,0,0,0,0,0,0,0,0,0,0,0,0,2,0,2,0,2,0,0,2,0,0,0,0,0,0,0,0,2,2,0,0,2,0,0,0,0,0,0,0,2,0,0,0,0,0,0,2,0,0,0,0,0,2,0,2,2,0,0,0,0,0,2,0,0,2,0,0,2,0,0,0,0,0,0,2,2,2,2,0,0,0,0,0,0,0,2,0,0,0,0,0,0,0,2,2,2,2,0,0,0,0,0,0,2,0,0,0,0,0,0,0,0,0,0,0,0,2,0,0,2,0,2,0,0,0,0,0,0,0,0,0,2,0,0,2,0,0,2,0,0,0,0,0,0,0,0,0,0,0,0,0,0,0,0,2,0,0,0,0,0,2,2,0,0,0,0,0,0,0,2,0,0,0,0,0,0,2,0,0,0,0,0,2,0,2,0,0,0,0,0,2,0,0,0,0,0,0,2,2,0,0,0,0,0,0,0,0,0,0,0,0,0,2,0,0,0,0,2,0,0,0,0,0,0,2,0,0,0,0,0,0,0,0,2,0,0,2,0,2,0,0,0,0,2,0,0,0,2,2,0,0,0,2,2,0,0,0,0,0,0,2,0,2,0,2,2,0,2,0,0,0,2,2,0,0,0,0,0,0,0,0,0,0,0,2,0,0,0,0,0,0,0,0,0,0,0,0,0,0,2,0,0,0,0,0,0,0,0,0,0,0,2,2,0,0,0,0,0,0,0,0,0,0,0,2,0,0,0,2,0,0,0,2,2,2,0,2,0,2,0,0,0,2,2,0,0,0,2,0,0,0,2,0,2,0,2,2,0,0,0,0,0,0,2,0,0,0,0,0,0,0,0,0,2,0,0,0,0,0,0,0,0,0,2,0,0,0,0,0,0,2,2,2,0,0,0,0,2,0,2,2,0,2,0,0,2,0,0,2,2,0,0,0,2,0,0,0,0,0,0,2,2,0,2,0,2,0,0,0,0,0,0,0,0,0,0,2,0,2,0,0,0,0,0,2,0,0,0,0,2,0,0,0,0,0,0,0,0,2,0,0,2,2,2,2,0,0,2,2,0,0,NA,2,0,0,0,0,0,0,0,0,0,0,0,0,0,0,2,2,2,0,2,0,0,0,0,0,0,0,0,0,0,0,2,0,0,0,0,2,0,2,2,0,0,0,0,0,0,2,0,0,0,0,0,0,0,0,0,0,0,0,0,0,2,0,0,2,0,0,0,0,0,0,0,2,0,0,0,0,0,0,0,2,0,0,0,0,0,2,0,0,0,0,0,0,0,2,0,2,0,0,0,0,0,0,2,0,0,0,0,0,0,2,0,0,0,0,0,0,0,2,0,0,0,0,0,0,2,0,2,0,0,0,2,0,0,0,0,0,0,0,0,0,0,0,0,0,0,0,0,0,0,0,0,0,0,0,0,0,0,0,0,0,0,0,0,0,0,0,0,0,0,0,0,2,0,0,0,2,2,2,0,0,2,0,0,0,2,0,0,0,2,0,2,0,2,0,0,2,2,2,0,0,0,0,2,0,0,0,0,0,2,2,0,2,0,2,2,0,0,2,0,0,0,0,2,0,0,0,0,0,0,0,0,0,0,2,0,0,0,0,0,0,0,0,0,2,0,0,2,0,0,0,2,0,0,0,0,0,0,0,0,0,0,2,0,0,0,0,0,0,0,0,0,0,0,0,0,0,0,0,0,0,0,0,0,0,0,0,0,0,0,0,2,0,0,0,2,0,0,0,0,0,0,0,0,0,0,0,2,0,0,0,0,0,0,0,0,0,0,0,0,0,0,0,0,2,2,0,0,0,0,0,0,0,0,2,0,2,0,0,0,0,0,0,0,2,0,0,0,2,0,0,0,0,0,0,0,0,0,2,0,0,0,0,0,0,0,0,0,0,0,0,0,0,0,0,0,0,0,0,0,0,0,0,0,0,0,0,0,0,2,0,0,0,0,0,2,0,0,2,2,0,0,0,0,0,0,0,0,0,0,0,0,0,0,0,0,0,0,0,0,0,0,0,0,0,0,0,0,0,0,0,0,0,0,0,0,0,0,0,0,0,2,0,0,2,0,0,0,2,2,0,0,2,0,0,0,0,0,0,0,0,0,0,0,0,0,2,0,0,2,0,0,0,0,0,2,0,0,0,0,0,2,0,0,0,0,0,0,0,2,0,0,0,2,0,0,0,0,0,0,0,2,0,0,0,0,0,0,0,0,0,0,0,0,0,2,0,0,2,0,0,0,0,0,0,2,0,0,0,0,0,0,2,0,0,0,0,2,0,2,0,0,0,0,0,0,2,0,0,0,2,0,0,0,0,0,0,0,0,0,0,0,0,0,2,0,2,2,0,0,0,0,0,2,2,0,0,2,2,0,2,2,2,0,0,0,0,0,2,0,0,0,2,0,2,0,0,2,0,2,2,0,2,0,0,0,0,0,NA,0,2,0,0,0,0,2,0,0,0,0,0,0,0,0,0,0,0,0,0,0,0,0,0,0,0,0,0,0,0,0,0,0,0,0,0,0,2,2,0,2,0,2,0,0,2,0,0,0,0,0,0,0,0,0,0,2,0,0,0,0,0,0,0,0,0,0,0,2,0,0,0,0,0,0,0,0,0,0,0,0,0,0,2,0,2,0,0,0,2,0,0,0,0,0,0,2,0,0,0,2,0,0,0,2,0,2,0,0,2,2,0,0,0,0,0,0,0,2,2,0,0,2,0,2,0,0,0,2,0,0,0,0,0,0,0,0,0,0,0,0,0,0,0,0,0,0,0,0,0,0,0,0,0,2,2,0,0,0,0,0,0,0,0,0,0,0,0,0,0,0,0,0,0,0,0,0,0,2,0,0,0,0,0,0,0,0,0,0,2,0,0,0,0,0,0,0,0,0,0,0,0,0,0,0,0,0,0,0,0,0,0,2,0,0,0,0,2,2,0,0,0,0,0,0,0,0,0,0,0,0,0,0,2,0,2,0,0,2,2,0,0,0,0,NA,0,0,2,0,0,0,0,2,0,0,2,0,0,2,0,0,0,0,0,0,2,2,2,0,0,0,0,2,0,0,0,0,0,0,0,0,0,0,2,0,2,0,0,0,2,2,0,0,2,0,0,0,0,0,0,0,0,0,0,2,0,0,0,0,0,0,0,2,0,0,0,2,0,0,0,0,0,0,0,0,2,0,0,2,0,2,0,0,0,0,0,0,0,0,0,0,0,0,2,2,2,0,0,0,0,0,0,0,2,2,0,0,0,0,0,0,0,0,0,0,0,2,0,0,0,0,0,0,0,0,0,0,0,0,0,0,0,0,0,2,0,0,0,0,0,0,2,0,0,0,0,0,2,2,0,0,0,0,0,0,0,0,0,0,0,0,0,0,0,0,0,0,0,2,2,0,0,0,0,0,0,2,0,0,0,0,0,2,0,0,2,2,0,0,0,0,0,0,0,0,0,0,0,0,0,0,0,0,0,0,0,0,0,0,0,0,0,0,0,2,0,0,0,0,0,0,0,0,2,0,0,0,0,0,0,0,0,2,0,0,0,0,0,0,0,0,0,0,0,0,0,0,0,0,0,0,2,0,0,0,2,0,0,0,0,0,0,0,2,0,0,0,2,0,2,0,0,0,0,0,0,2,0,0,2,2,0,0,2,2,0,0,2,0,0,2,2,NA,NA,2,0,2,0,0,0,NA,0,2,0,0,0,2,2,2,0,0,2,2,0,0,0,0,0,0,2,0,2,0,2,2,2,2,2,0,0,0,2,2,0,0,0,0,0,0,0,0,0,0,0,2,0,0,0,0,0,0,0,2,0,2,0,0,0,2,0,0,0,0,2,0,2,0,0,2,0,0,0,0,0,0,0,2,2,0,0,0,0,0,0,0,0,2,0,0,0,0,0,2,0,0,0,0,0,0,0,0,2,0,2,0,2,0,0,2,0,2,0,0,0,0,0,0,0,0,0,0,2,0,2,2,0,0,0,0,NA,0,0,0,0,0,2,2,0,0,2,2,2,2,0,0,0,0,0,0,0,2,0,0,2,0,0,0,0,0,0,0,0,2,0,0,0,0,0,0,0,0,0,0,0,0,0,0,0,0,0,2,0,0,0,2,0,2,0,2,0,0,0,0,0,0,0,0,2,0,0,0,0,0,NA,0,2,2,0,0,0,NA,2,0,0,0,0,0,2,0,0,0,0,0,2,2,0,0,0,0,0,0,2,0,2,0,0,0,0,2,0,0,0,0,0,0,0,0,0,0,0,0,0,0,0,2,2,0,2,0,0,0,0,0,0,0,2,0,0,2,0,0,0,0,0,2,0,2,0,2,0,0,0,0,0,0,0,0,0,2,0,0,0,2,2,0,2,0,0,2,2,2,2,NA,0,2,0,2,0,2,0,2,0,2,0,0,2,0,0,0,0,0,0,0,0,2,0,0,0,0,0,0,2,0,0,0,0,0,0,0,0,0,0,0,0,0,2,2,0,0,0,0,0,2,0,2,0,0,0,0,0,2,0,0,0,0,0,0,0,0,0,0,0,0,0,0,0,0,0,0,0,0,0,0,0,2,0,0,0,2,0,0,2,0,2,0,0,0,0,0,0,0,0,0,0,0,0,0,0,2,0,0,2,0,0,0,2,0,0,0,0,2,2,2,0,0,0,0,0,2,0,0,2,2,0,0,2,0,0,0,0,2,0,2,0,0,2,2,0,2,0,0,0,2,0,2,0,0,0,0,0,0,0,0,0,0,2,0,0,0,0,0,0,0,2,0,0,0,0,0,2,0,2,0,0,0,0,0,0,2,2,0,2,0,0,0,2,0,2,2,0,0,0,2,0,0,0,0,0,0,0,0,0,0,0,0,0,NA,2,0,0,0,0,0,2,0,0,0,2,0,0,2,0,0,0,0,0,0,2,0,0,2,2,0,2,0,2,0,0,2,2,2,0,0,2,0,0,0,2,0,0,0,0,0,2,2,0,0,0,0,0,0,0,0,0,0,0,0,0,0,0,0,0,0,0,2,0,0,0,0,2,0,2,2,0,0,0,0,0,0,0,2,0,0,0,2,0,0,0,0,0,0,0,0,0,0,0,2,2,0,0,0,2,0,0,0,2,2,0,2,0,0,2,2,0,2,2,2,0,0,0,2,2,0,NA,0,0,2,0,0,0,2,0,0,2,2,0,0,2,0,2,2,0,0,0,0,0,0,0,0,0,0,0,0,0,0,2,0,2,2,0,0,0,2,0,2,0,0,0,2,0,2,0,0,0,0,0,0,0,NA,0,0,0,2,0,0,0,0,2,0,0,0,0,0,0,0,0,0,0,0,2,0,0,0,0,0,0,0,0,0,0,0,0,2,0,0,0,0,0,0,0,2,0,0,2,0,0,0,0,2,0,0,0,2,0,0,0,2,0,0,0,0,0,2,0,0,0,0,0,0,2,0,0,0,0,0,0,0,0,NA,2,0,0,0,2,0,0,0,0,0,0,0,0,2,0,2,0,0,2,0,2,2,0,0,0,0,0,0,0,0,0,0,0,0,2,0,0,0,0,0,2,0,0,2,0,2,0,0,0,2,2,2,0,0,2,0,2,2,0,0,0,0,0,2,2,0,0,2,0,0,0,0,2,2,2,0,0,0,0,2,2,0,0,0,0,0,0,0,0,0,0,0,0,2,0,2,0,0,0,0,0,2,0,0,0,2,0,2,0,0,0,0,2,0,0,0,0,0,0,2,0,0,0,2,0,0,0,0,0,2,0,0,0,0,0,0,2,0,0,2,0,2,2,0,0,2,2,0,0,0,2,0,0,2,2,2,0,2,2,0,2,2,0,2,2,0,2,0,0,NA
"CC234",0,2,0,0,2,0,0,0,0,0,0,0,0,0,0,0,0,0,0,2,2,0,0,0,0,0,0,0,0,0,0,0,0,0,0,0,0,0,0,0,0,0,0,0,0,0,0,2,0,0,0,0,0,0,0,0,2,0,0,0,0,0,0,0,2,0,0,0,0,0,0,0,0,0,0,0,0,0,0,2,0,0,0,0,0,2,0,2,0,0,0,0,0,0,0,2,0,0,0,0,2,2,0,0,2,2,0,0,0,0,0,2,0,0,0,0,0,0,0,0,0,0,0,0,0,2,0,0,2,0,0,0,0,0,0,0,0,0,0,0,0,0,0,0,0,0,0,2,0,0,2,0,0,0,0,0,0,0,0,0,0,0,0,0,0,0,2,0,0,0,0,0,0,0,0,0,2,0,2,0,0,0,2,0,2,0,0,0,0,0,0,0,2,0,0,0,0,0,2,0,0,0,0,2,0,0,0,0,0,0,0,0,0,2,0,2,0,0,0,0,0,0,0,0,0,0,0,2,0,0,0,0,0,0,0,0,0,0,0,0,2,0,0,0,0,0,0,0,0,2,0,0,0,0,0,0,0,2,0,0,0,0,0,0,2,0,2,0,0,0,0,0,0,2,0,0,0,0,0,0,0,0,0,0,0,0,0,0,0,0,0,0,0,0,0,0,0,0,0,0,0,0,0,2,0,0,0,2,0,2,0,0,0,0,0,0,0,2,0,0,0,0,0,0,2,0,2,0,0,0,0,0,0,0,0,2,0,0,0,0,0,0,0,0,0,2,0,0,0,2,0,0,0,0,0,0,0,0,0,2,0,2,0,0,0,0,0,0,0,2,0,0,0,0,2,2,0,2,0,2,0,2,0,0,2,0,2,0,0,0,0,0,0,0,0,0,0,0,0,0,0,0,0,0,0,0,0,0,0,0,0,0,0,0,0,0,0,2,0,0,0,0,0,0,0,0,0,2,0,0,2,0,2,0,0,2,2,0,0,0,0,0,2,0,0,2,0,0,0,0,0,0,0,0,0,0,0,0,0,2,2,0,0,0,0,0,0,2,2,2,2,0,0,2,2,0,2,2,0,0,0,0,0,0,0,0,0,0,0,0,0,2,0,2,2,2,0,0,0,0,0,0,2,0,0,0,0,0,2,2,0,2,0,2,0,2,2,0,0,0,0,0,0,0,2,2,2,2,0,0,0,2,0,0,0,2,0,2,2,0,2,0,0,0,0,0,0,2,0,2,0,0,0,2,0,0,2,2,0,0,0,0,0,2,0,0,0,0,0,2,0,2,0,0,2,0,0,2,0,0,0,2,0,0,0,0,0,0,0,0,0,0,0,0,2,0,2,0,2,0,2,0,2,0,0,0,2,2,0,0,0,0,0,0,2,2,2,0,0,0,2,0,0,2,0,0,0,0,0,0,0,0,0,2,2,2,0,0,0,2,0,0,2,2,0,0,0,0,0,2,0,0,0,0,0,0,2,0,0,0,2,0,0,0,0,0,0,0,2,0,0,0,0,0,0,0,0,0,0,0,0,0,0,0,0,0,0,0,0,0,0,0,0,0,0,0,0,0,0,0,0,0,0,0,0,0,0,0,0,0,0,2,0,0,0,0,2,0,2,0,0,0,0,0,0,2,0,0,2,0,2,0,2,0,0,0,0,2,0,0,0,2,2,0,0,0,0,2,2,0,2,0,2,0,0,2,0,0,2,0,NA,2,0,0,0,0,0,0,2,0,2,0,0,0,0,0,0,0,0,0,0,0,0,2,0,0,0,2,2,0,0,0,0,0,2,2,0,0,0,0,0,0,0,2,0,2,0,2,2,0,0,0,0,0,0,0,0,0,2,0,0,0,0,2,0,2,2,0,0,0,0,0,0,0,0,2,0,0,0,2,2,0,0,0,0,0,0,0,2,0,0,0,0,0,0,0,0,2,0,0,2,2,2,0,2,2,NA,0,2,2,2,2,0,0,0,0,0,0,0,0,0,0,0,0,2,0,2,0,0,2,0,0,0,0,2,0,2,2,0,0,0,0,2,0,2,2,0,2,0,0,0,0,0,0,0,0,0,0,0,2,2,0,0,0,2,0,0,0,2,0,2,0,0,0,0,0,0,0,0,0,0,0,0,2,2,0,0,0,2,0,2,2,2,2,0,0,0,0,0,0,0,0,0,0,0,0,0,0,0,0,0,2,0,0,0,2,0,2,0,0,0,0,2,2,0,2,2,2,0,0,0,0,0,0,0,0,2,2,0,0,0,2,0,2,0,0,0,2,0,0,0,0,0,0,0,NA,2,2,0,0,0,0,0,2,0,0,0,0,0,0,0,0,2,0,2,2,0,0,0,2,0,0,0,0,0,0,2,0,2,0,0,0,2,0,0,0,0,0,2,2,0,0,2,2,2,0,0,2,0,0,0,0,0,0,0,2,0,0,0,0,2,2,0,0,0,0,0,0,2,0,0,2,2,0,0,2,0,0,2,2,0,0,2,0,0,0,0,2,2,0,2,0,0,0,0,0,2,0,0,2,0,0,0,0,0,0,0,0,0,0,0,0,0,2,0,0,0,0,2,0,0,0,0,0,2,0,0,0,2,2,0,0,0,0,0,0,0,0,0,0,0,0,0,0,2,0,0,0,0,0,2,0,0,0,2,0,0,0,0,0,2,0,0,0,0,0,0,0,2,0,0,2,2,0,0,2,0,0,2,0,0,0,0,0,2,0,0,0,2,0,0,0,0,0,0,0,0,0,0,0,0,0,0,0,2,0,0,0,2,2,2,0,2,0,0,0,0,0,0,0,0,0,2,0,0,0,0,0,0,0,0,0,0,0,0,0,0,0,0,0,0,0,0,0,2,0,0,2,2,0,2,0,0,0,0,0,0,0,0,0,0,0,0,0,0,2,0,0,0,2,0,0,2,2,0,2,0,0,0,0,0,0,0,2,2,0,0,0,0,0,0,2,NA,0,0,0,0,2,0,0,0,0,0,0,2,0,2,0,0,0,2,0,0,0,0,2,2,0,0,0,0,0,0,0,0,0,0,0,0,0,0,2,0,0,0,0,0,0,0,0,2,2,2,0,0,0,0,0,0,0,0,0,0,0,2,0,0,0,0,0,0,0,0,0,0,0,0,0,0,0,0,0,2,0,0,0,0,0,0,0,0,0,0,0,0,0,0,0,0,0,0,0,0,2,2,0,2,0,0,2,0,0,0,0,0,NA,0,0,0,0,2,0,0,0,0,0,0,2,0,0,0,0,0,0,0,0,0,0,2,0,0,0,0,2,2,NA,0,0,0,0,0,0,0,0,0,2,0,0,0,0,0,0,0,0,0,2,0,2,0,2,0,0,2,0,0,0,0,0,0,0,2,0,0,0,0,0,0,0,0,0,2,0,0,0,0,0,0,0,0,2,0,0,0,0,0,0,0,0,0,0,0,0,0,0,0,0,0,0,0,0,2,0,0,0,0,0,2,0,0,0,0,0,0,0,0,2,0,0,2,2,0,0,2,0,0,0,NA,2,2,0,0,0,2,0,0,0,NA,2,0,0,0,0,0,0,0,0,0,0,0,0,0,0,0,2,0,0,0,0,0,0,0,0,0,2,2,0,0,0,0,0,0,2,0,2,0,0,0,2,0,0,0,0,0,0,2,0,0,0,0,0,0,0,2,0,0,0,2,0,0,0,0,0,2,2,0,0,0,0,2,0,0,0,2,0,2,0,0,0,0,2,2,0,NA,0,2,2,0,0,0,0,0,0,2,0,0,0,0,2,0,0,0,0,0,2,2,0,0,0,0,0,0,0,0,0,0,2,0,0,0,0,2,2,0,0,0,2,2,0,0,0,0,0,0,0,0,NA,0,0,2,0,0,0,0,0,0,0,0,0,0,0,0,0,2,0,2,0,0,0,2,2,2,0,0,0,0,0,0,0,0,0,0,0,2,0,0,0,0,0,0,0,0,0,0,0,0,0,0,0,0,0,2,0,0,0,0,0,0,0,0,0,0,0,0,0,0,0,0,2,0,0,0,0,0,0,2,2,0,0,0,0,0,0,0,0,0,0,0,0,0,0,0,0,0,0,2,0,2,0,0,0,2,0,2,0,0,0,0,0,0,0,0,2,0,0,0,0,0,0,2,2,0,0,0,0,0,0,0,2,0,2,0,0,2,0,2,0,0,0,0,2,2,0,0,0,0,0,0,0,0,0,0,0,0,0,0,0,0,0,0,0,0,2,0,0,0,0,0,0,0,0,0,0,2,2,2,0,0,0,2,0,2,2,2,0,2,0,0,0,0,2,0,0,0,2,0,2,0,0,0,0,2,0,2,0,0,0,0,2,0,0,0,0,2,0,0,0,0,2,0,0,0,0,0,0,2,0,0,2,0,0,0,0,0,0,0,0,0,0,0,2,0,2,0,0,0,0,0,0,0,0,0,0,0,0,2,0,0,2,0,0,0,0,0,0,0,0,0,0,0,0,2,2,0,0,0,0,2,2,2,0,0,2,0,0,0,0,0,0,0,2,2,0,NA,2,0,0,0,0,0,0,0,0,0,0,0,0,2,0,0,0,0,0,0,0,0,0,0,0,0,0,0,2,0,0,0,0,0,0,0,0,0,2,0,0,0,0,0,0,0,0,0,0,0,0,0,0,0,0,0,0,0,0,2,0,0,0,0,0,0,0,2,2,0,0,0,2,2,0,0,0,0,0,0,0,0,2,2,0,0,0,0,2,0,0,2,0,0,0,2,2,0,0,0,2,0,2,0,0,2,0,0,2,2,2,0,0,0,0,0,2,0,0,0,0,0,0,0,0,0,0,0,0,0,0,0,0,0,2,0,2,0,0,0,0,0,2,0,0,0,2,0,2,0,0,2,0,0,0,0,2,0,0,0,0,0,0,0,0,0,2,0,0,0,0,0,0,0,0,0,2,0,2,0,0,0,0,0,0,2,0,0,0,0,0,0,2,0,0,0,0,2,0,0,2,0,0,0,0,2,0,0,0,0,0,0,0,0,0,0,2,2,0,0,0,0,0,0,0,0,0,0,0,0,0,0,2,0,0,0,0,0,0,0,2,0,0,0,0,0,0,0,0,0,0,0,0,0,0,0,0,0,0,0,0,0,0,0,0,2,0,0,0,0,2,0,2,0,0,0,0,2,0,0,0,0,0,NA,0,0,2,0,0,0,2,0,0,0,0,0,0,2,0,0,0,0,0,0,0,0,0,0,0,0,2,0,0,0,0,0,2,0,0,0,0,2,0,0,0,0,0,0,0,0,0,0,0,0,0,0,0,0,2,2,2,0,0,0,0,0,0,0,0,0,0,0,0,0,2,0,0,0,0,0,0,0,0,0,0,0,0,0,0,0,0,0,0,0,0,2,0,0,0,0,0,0,0,0,0,0,0,0,0,0,0,0,0,0,0,0,0,0,0,0,0,0,0,0,0,0,0,0,0,0,0,0,0,0,0,0,2,0,0,0,0,0,0,0,0,0,0,2,0,0,0,0,0,0,0,0,2,0,0,0,0,0,0,2,0,0,0,0,0,0,0,0,0,0,2,2,0,0,0,0,0,2,0,0,0,0,0,0,0,0,0,0,0,2,0,0,2,0,0,0,0,0,0,2,0,0,2,0,0,0,0,0,0,0,0,0,2,2,0,0,0,0,0,0,0,0,0,0,0,0,0,0,0,0,0,0,0,0,0,0,0,0,0,0,2,2,0,0,0,0,0,0,0,0,2,0,0,0,0,0,0,0,0,2,0,0,0,2,0,0,0,2,0,0,0,0,0,0,0,0,0,0,0,2,2,0,0,0,0,0,0,0,0,2,0,0,0,0,0,0,0,0,0,0,2,0,0,0,0,0,0,0,2,0,2,2,0,0,2,2,2,0,0,0,2,0,2,0,0,0,2,0,0,0,0,0,0,0,0,0,0,0,0,0,2,0,0,2,0,0,2,0,0,0,0,0,0,0,0,2,0,0,0,2,0,0,0,0,0,0,0,2,0,0,0,0,2,2,2,0,0,0,0,0,0,0,2,2,0,2,0,0,2,0,0,0,0,0,0,0,2,0,0,0,0,0,2,2,2,2,0,0,0,0,0,0,0,0,0,0,0,0,0,0,0,0,0,0,0,0,0,0,0,0,0,0,0,0,2,0,2,0,2,0,0,0,0,0,0,NA,2,0,2,2,0,2,0,0,0,0,2,0,0,0,0,2,0,0,0,2,0,0,0,0,0,0,0,0,0,2,0,0,0,0,0,0,0,0,2,0,0,2,2,0,2,0,2,0,2,2,0,0,2,2,0,0,0,0,0,2,0,0,0,0,0,0,2,2,0,0,0,2,0,0,0,0,2,2,0,0,0,0,0,2,0,0,0,0,2,0,0,0,0,0,2,0,2,0,2,2,0,2,2,0,0,0,2,0,0,2,0,0,0,2,0,2,0,2,2,0,0,0,2,0,0,2,2,0,0,0,0,2,0,0,2,0,0,0,0,0,2,0,0,0,0,0,0,0,0,0,2,0,2,0,0,0,2,0,0,0,0,0,0,0,0,NA,0,0,0,0,2,0,0,0,0,0,0,0,0,0,2,0,0,2,0,0,0,2,0,0,0,2,0,2,0,0,0,0,0,0,0,0,0,0,2,0,0,0,0,0,2,0,0,2,0,0,2,0,0,0,0,0,0,0,2,0,0,0,0,2,0,0,2,0,0,0,0,0,2,0,0,0,0,0,0,0,0,0,0,0,0,0,0,0,0,0,0,0,0,0,0,0,0,0,0,2,0,0,0,0,0,0,0,0,0,0,0,2,0,0,0,0,0,0,2,0,0,2,0,0,2,0,2,0,0,0,0,0,2,0,0,0,0,0,0,2,0,2,0,0,0,2,0,0,0,0,0,0,2,0,2,0,0,0,0,0,0,0,0,2,0,0,0,0,0,0,0,0,0,0,2,0,0,0,0,0,0,0,0,0,0,0,0,0,0,0,0,0,2,0,0,0,0,0,0,0,0,0,0,2,2,2,0,0,0,0,0,0,0,0,0,0,0,0,0,2,0,0,0,0,2,0,0,2,0,0,0,0,2,0,2,2,0,0,0,0,0,0,0,0,0,0,0,0,2,2,0,0,0,2,0,0,0,0,0,0,0,0,0,0,0,0,0,0,0,0,0,0,0,0,0,0,2,0,0,0,0,0,0,0,0,0,0,0,0,2,0,2,0,0,0,0,0,0,0,2,0,0,2,0,0,0,0,0,0,0,2,0,2,0,0,0,0,0,0,0,2,2,0,0,0,0,0,0,0,0,0,0,0,0,0,0,0,0,0,2,0,0,2,0,0,0,0,2,0,0,0,0,0,0,0,2,0,0,0,0,2,2,2,0,2,2,0,0,2,0,NA,0,0,0,0,0,0,0,0,0,2,2,2,0,0,0,0,2,2,0,0,0,0,0,0,0,0,0,0,0,0,0,0,2,0,0,0,0,0,0,0,0,0,0,0,0,0,0,0,0,0,2,0,0,0,0,0,0,0,2,0,0,0,0,2,0,0,2,0,0,2,0,0,0,0,0,0,0,0,0,2,2,0,0,0,0,0,0,0,0,0,0,2,0,0,0,0,0,0,0,0,0,0,0,0,0,0,0,0,2,0,0,0,0,0,0,0,0,0,0,0,0,0,0,2,0,2,0,0,0,0,0,0,0,0,0,0,0,0,0,0,0,2,0,0,0,0,0,0,0,0,0,2,0,2,0,0,0,0,0,0,0,0,0,0,0,2,0,0,0,0,0,0,0,0,0,0,2,0,0,0,0,0,0,0,0,0,0,0,0,0,0,0,0,0,0,2,0,0,0,0,0,0,0,0,0,0,0,0,0,0,0,0,0,0,0,0,0,0,0,0,0,0,0,0,0,0,0,0,0,0,0,0,0,0,0,0,0,0,0,0,0,0,0,0,0,0,0,0,0,0,0,0,0,0,0,0,0,0,2,0,2,0,0,0,0,2,2,0,0,2,0,0,0,0,0,0,0,0,0,0,0,0,0,2,0,0,0,0,0,0,0,0,0,0,0,0,0,0,2,0,0,0,0,0,0,0,2,0,0,2,0,0,2,0,2,0,0,0,2,0,0,0,0,2,0,0,2,0,0,0,0,0,2,2,NA,2,0,2,0,0,2,0,2,2,0,0,0,0,0,2,0,0,0,0,2,0,0,0,2,2,2,0,2,0,0,0,2,2,0,2,0,0,0,0,0,0,0,0,0,0,0,0,0,2,2,0,0,0,0,0,0,2,0,0,0,0,0,0,2,0,0,2,0,0,0,0,0,0,0,0,0,0,0,0,0,0,0,2,0,2,0,0,0,0,2,0,2,0,0,0,0,0,0,0,0,0,0,0,0,0,0,0,0,0,0,0,0,0,0,2,2,0,0,0,0,0,0,0,0,0,0,0,0,2,0,0,0,2,0,0,0,0,0,2,0,0,0,0,0,0,0,2,0,0,0,0,0,0,0,0,2,0,2,0,0,2,0,0,2,0,2,0,0,2,2,0,0,0,0,0,2,2,0,0,0,0,0,0,0,2,2,0,2,0,0,2,0,0,0,0,2,0,0,2,2,0,2,2,0,2,0,2,0,0,0,0,2,0,0,0,2,0,0,0,0,2,0,0,0,0,2,2,0,2,0,0,2,0,0,0,0,2,0,0,0,0,0,2,0,0,0,0,0,2,0,0,0,0,2,2,2,0,0,2,0,0,0,0,2,0,0,2,0,0,0,0,0,0,0,0,0,0,0,0,0,0,2,2,0,2,0,2,0,0,0,0,2,0,0,0,0,0,0,0,0,2,0,0,0,0,0,0,0,2,0,0,0,0,0,0,0,0,2,0,2,2,0,0,0,0,2,2,0,0,2,2,0,0,0,0,0,0,0,2,2,0,0,0,2,0,0,2,0,0,0,2,0,0,0,0,0,2,2,0,0,2,0,0,2,0,0,0,0,0,0,0,0,0,2,0,0,0,2,2,2,0,0,0,0,2,2,0,0,0,0,0,0,2,2,0,2,0,0,0,2,0,0,0,0,0,0,2,2,0,2,0,2,0,0,2,2,0,0,2,2,0,2,0,0,2,0,2,0,0,0,0,0,0,0,0,0,2,0,0,0,0,0,0,2,0,0,2,0,0,0,0,2,0,0,0,2,0,0,0,0,0,0,0,0,0,0,0,0,0,0,0,0,0,0,0,0,0,0,0,0,2,0,0,0,0,0,0,0,0,0,0,2,0,0,0,2,2,0,2,0,0,0,0,0,0,0,0,0,0,0,0,0,0,0,0,2,0,2,0,0,0,0,0,0,0,2,0,2,0,0,0,0,0,0,0,0,0,2,0,0,0,2,2,0,2,0,NA,0,2,0,0,0,0,0,0,2,2,0,2,2,2,0,0,0,2,0,2,0,2,2,0,0,0,0,0,0,0,0,0,0,0,2,0,0,2,0,0,0,0,0,0,0,2,0,0,0,2,2,2,0,2,0,0,2,0,0,0,0,0,0,0,2,0,2,0,0,2,0,0,0,0,0,0,0,0,2,0,0,0,0,0,0,2,2,2,0,0,0,2,0,0,2,0,2,2,0,0,0,0,2,0,0,2,0,2,0,2,0,0,0,0,2,0,0,0,0,0,0,0,0,0,0,0,0,0,0,0,0,0,0,0,0,2,0,0,0,0,2,0,2,0,0,0,0,0,0,0,0,0,2,0,2,0,0,0,0,2,0,0,2,0,2,0,0,0,2,0,0,0,0,0,0,0,0,0,0,2,0,2,0,0,0,0,0,0,0,0,0,0,0,0,2,2,2,2,2,0,2,0,0,0,0,2,0,0,0,0,0,0,0,0,0,0,0,0,0,2,0,2,0,0,0,2,2,0,0,2,0,0,0,0,0,0,0,0,0,0,0,0,0,2,0,0,0,0,0,0,2,0,0,0,0,0,2,0,0,0,2,0,0,0,2,0,0,0,0,2,0,0,2,0,0,0,0,2,0,2,2,0,0,0,2,0,0,0,0,0,0,0,0,0,0,2,2,2,0,0,2,0,2,0,2,2,0,0,0,0,0,0,0,0,0,2,0,0,0,0,0,0,2,0,2,0,0,0,2,0,2,2,0,0,0,0,2,0,0,0,0,0,0,2,0,2,0,0,0,2,0,0,0,0,0,2,0,0,0,0,0,0,0,2,2,0,0,0,2,0,0,2,0,0,2,2,0,2,0,0,0,0,2,0,0,2,0,0,0,0,0,0,0,2,0,0,0,0,0,0,2,2,0,0,0,2,2,0,0,0,0,0,2,0,0,0,0,0,0,0,0,0,0,2,0,0,0,0,0,0,0,0,0,0,0,0,0,0,0,2,2,0,2,2,0,2,0,0,0,0,0,2,0,2,0,2,0,0,0,0,0,2,0,2,0,0,0,2,2,0,0,0,0,0,0,0,2,2,2,2,2,0,0,0,0,0,0,0,0,0,0,0,0,0,0,0,0,0,0,0,0,0,0,0,0,0,0,0,0,0,2,0,0,0,0,0,0,0,0,0,0,0,0,0,0,0,0,0,0,2,0,0,0,0,2,0,0,2,0,2,0,0,0,2,2,0,0,0,2,0,0,0,0,0,0,0,0,0,2,0,0,0,0,2,0,0,0,0,0,2,2,0,0,0,0,0,0,0,0,0,2,0,0,0,0,0,0,0,2,0,0,0,0,0,0,0,0,0,0,0,0,0,2,0,0,0,0,0,0,0,0,0,0,0,0,0,0,2,0,2,0,0,0,2,0,2,2,0,0,0,0,0,0,0,0,0,2,2,0,0,0,2,0,0,0,0,0,2,0,0,0,0,0,2,0,0,0,0,NA,0,0,0,0,0,0,0,0,0,0,0,0,0,2,0,0,2,0,0,0,0,0,0,0,2,0,0,0,0,0,0,0,0,0,0,0,0,0,0,0,0,0,0,0,0,0,0,0,0,0,0,0,0,0,0,0,2,0,0,2,0,0,0,0,0,0,0,2,0,2,0,2,0,0,0,2,0,2,2,0,0,0,0,2,0,0,0,2,0,0,2,2,0,0,0,0,0,0,0,0,0,0,0,2,0,0,0,0,0,0,0,0,0,0,0,2,0,0,0,2,0,0,0,0,0,0,0,0,0,0,0,0,0,0,0,0,0,0,0,0,0,0,0,0,0,0,0,0,0,0,0,0,0,0,0,2,0,2,0,0,0,0,0,0,0,2,0,0,0,0,0,0,0,0,0,0,NA,2,2,2,0,0,0,0,0,2,0,2,0,0,0,0,2,0,0,0,0,0,0,2,2,0,0,0,0,0,0,2,0,0,2,0,0,2,0,2,0,0,0,2,0,0,NA,0,2,0,0,0,0,2,2,0,0,0,0,0,2,2,0,0,0,0,0,0,0,2,0,0,0,0,2,0,0,0,2,0,0,0,0,0,2,2,0,0,0,0,0,0,0,0,0,0,0,0,0,2,0,0,0,2,0,2,0,0,2,0,0,0,0,0,0,0,0,2,2,0,0,0,0,0,0,0,0,0,2,0,0,0,0,0,0,0,2,0,2,0,0,0,0,0,0,0,0,0,0,2,0,0,0,0,2,0,2,0,0,0,2,0,0,0,0,0,0,0,0,0,2,0,0,0,2,0,2,2,0,2,0,0,0,0,0,2,0,0,0,0,0,2,0,0,0,0,0,0,0,0,2,0,2,0,0,0,0,0
"CC235",2,2,0,0,2,0,0,0,2,0,0,0,0,0,0,2,0,0,0,0,2,0,0,0,2,0,0,0,0,0,2,2,0,0,0,2,0,0,0,0,0,0,0,2,2,0,2,2,0,0,2,2,2,2,0,0,2,0,0,0,0,0,2,2,0,0,0,0,0,2,2,0,0,2,0,0,0,0,0,2,0,0,0,0,0,0,0,0,0,0,0,0,0,0,0,0,0,0,0,0,2,2,0,0,2,2,2,0,0,0,0,0,0,0,0,0,0,0,0,0,0,0,2,0,0,0,0,0,2,0,2,0,0,0,2,0,0,0,0,0,0,0,0,0,0,0,0,0,0,0,2,0,0,0,0,0,2,0,0,0,0,0,0,0,0,0,2,0,0,0,0,0,0,0,0,0,2,0,0,0,0,0,0,0,0,0,0,0,0,2,0,0,0,0,0,0,0,0,0,0,2,0,0,2,0,0,0,0,0,0,0,0,0,2,0,0,0,0,2,0,0,0,0,0,0,0,0,2,2,0,0,0,2,0,0,0,0,0,0,0,2,0,0,0,0,0,0,0,2,0,0,0,0,2,0,0,2,2,0,0,0,0,0,2,2,0,0,0,0,0,0,0,0,2,0,0,0,0,0,0,2,0,0,0,0,0,0,0,0,0,0,2,2,0,0,0,0,0,0,0,0,0,0,2,0,0,0,2,0,2,0,0,0,0,0,0,0,2,0,0,0,0,0,0,2,0,2,0,0,0,0,2,2,0,0,2,0,0,0,0,0,2,0,2,2,0,0,0,0,0,0,0,0,0,0,0,0,2,0,0,0,0,0,0,0,0,0,0,0,0,0,0,0,0,0,0,0,0,0,0,0,0,0,0,0,0,2,0,0,0,0,0,0,0,0,0,0,2,0,0,0,0,0,2,0,2,0,2,0,2,2,0,0,0,0,2,0,2,0,0,0,0,0,0,0,0,2,2,0,2,0,0,0,0,0,0,0,0,2,0,0,0,0,0,0,2,0,0,2,0,0,0,NA,0,0,0,2,0,0,2,2,2,0,0,0,0,0,2,0,0,0,2,0,0,0,0,0,2,0,0,0,0,0,0,0,2,0,2,2,0,0,2,0,2,0,0,0,0,0,2,0,0,2,0,0,0,0,0,2,0,0,2,2,0,0,0,0,0,0,0,2,0,0,0,2,2,2,0,0,0,0,0,0,0,0,0,0,0,0,0,0,0,2,2,0,0,0,0,0,0,0,0,2,0,0,0,0,0,0,0,2,0,0,0,0,0,2,0,0,0,0,0,0,0,2,0,0,2,0,0,0,0,0,0,0,2,0,2,2,0,0,0,0,2,2,0,2,2,0,0,0,2,2,0,0,0,0,0,0,0,0,0,0,0,2,0,2,0,0,0,0,0,0,2,0,0,0,0,2,0,2,0,0,0,0,0,0,2,0,0,0,0,0,0,2,0,0,0,0,0,2,0,0,0,2,0,2,0,0,0,2,0,0,0,0,0,0,0,2,0,0,0,0,2,0,0,0,0,0,0,0,0,0,0,0,0,0,0,0,0,2,0,0,0,0,0,2,0,0,0,0,0,0,0,0,0,0,0,0,0,0,2,0,0,0,0,2,0,2,0,0,0,0,0,0,0,0,2,0,NA,0,0,0,0,0,0,0,0,0,0,0,0,2,0,0,0,0,0,0,0,0,0,0,0,2,0,0,0,2,0,0,0,0,0,0,0,0,0,0,0,2,0,0,0,0,2,0,0,0,0,0,0,2,0,0,0,0,0,0,2,0,0,0,0,0,2,0,0,0,0,0,0,0,2,0,2,0,2,2,0,0,0,0,0,2,0,2,0,2,0,0,0,0,0,0,2,0,0,0,0,0,0,0,0,2,0,0,0,0,0,2,0,0,2,0,0,2,0,0,0,0,2,0,0,2,0,0,2,0,2,2,2,2,0,0,2,0,0,0,0,2,0,0,0,0,0,0,0,0,0,0,0,0,2,2,0,2,0,0,2,0,0,0,0,2,0,0,0,0,0,0,0,0,0,2,0,0,0,0,0,0,0,2,0,0,0,0,0,0,0,0,2,2,2,0,0,0,0,0,0,0,2,0,2,2,0,0,0,0,0,2,0,2,0,0,0,0,0,2,0,2,2,0,0,0,0,2,0,0,0,0,2,0,0,0,0,0,2,2,0,0,0,0,0,0,0,2,2,0,0,0,0,0,0,0,0,2,0,0,0,0,0,0,0,0,0,2,2,0,0,0,2,0,2,0,0,0,2,0,0,0,0,0,0,0,0,0,2,0,2,0,0,2,0,0,0,0,0,0,0,0,0,0,0,0,2,2,0,2,2,0,0,0,0,0,2,0,0,2,0,0,0,2,0,0,0,2,0,0,0,0,0,0,0,2,0,0,0,2,0,0,0,0,0,0,2,0,0,0,0,2,2,0,0,0,2,0,0,0,0,0,0,0,0,0,0,0,0,0,0,0,0,0,2,0,2,0,2,2,0,0,0,0,0,2,0,0,0,0,2,0,0,2,0,2,0,0,0,0,0,2,0,0,2,2,0,0,0,0,0,0,0,0,2,2,0,0,0,2,2,0,0,0,0,0,0,0,0,0,2,2,2,0,0,2,0,0,0,0,0,0,0,0,0,0,0,0,0,0,0,2,0,0,0,0,2,0,0,0,0,0,0,2,0,0,2,2,0,2,0,0,0,0,0,0,0,0,0,0,0,0,0,0,0,0,0,0,0,0,0,0,0,0,0,0,0,2,0,0,0,2,0,0,0,0,0,0,0,0,2,0,0,0,0,0,0,2,0,0,0,0,0,0,2,2,0,0,0,0,0,0,0,0,0,2,2,2,0,0,0,0,2,0,0,0,0,0,0,0,2,0,0,0,0,0,0,0,0,0,2,0,2,0,0,0,0,2,0,2,0,0,0,0,0,0,0,0,0,0,0,2,0,2,0,0,0,0,0,0,0,0,0,0,0,0,2,0,0,0,0,0,0,0,0,0,2,0,0,0,0,0,2,0,0,2,0,0,0,0,0,0,2,2,0,0,0,0,0,0,0,2,2,2,0,0,0,2,0,0,0,0,0,0,2,2,0,0,0,0,0,0,2,0,0,0,0,0,0,0,0,0,0,2,2,2,0,2,0,0,0,2,0,0,2,0,0,0,0,0,2,0,2,0,0,0,0,0,0,0,2,0,0,0,0,0,0,0,0,0,0,2,2,0,0,0,0,0,0,0,0,2,0,0,0,0,0,0,0,0,0,0,0,0,0,2,0,0,2,0,0,0,2,0,0,0,0,0,0,0,0,0,2,0,0,0,0,0,2,0,2,0,2,0,0,0,0,0,2,0,0,2,0,2,0,2,0,0,2,0,0,2,0,0,0,0,0,0,0,0,2,0,0,2,0,0,2,0,0,0,0,0,0,2,2,0,0,2,0,0,0,2,0,0,0,0,0,2,0,0,0,0,0,0,0,0,2,0,0,0,2,2,0,0,0,0,2,2,0,2,0,0,0,0,0,0,2,2,0,2,0,2,0,0,0,0,0,0,0,0,0,0,0,0,2,0,0,0,0,0,0,0,0,0,2,2,0,0,0,0,0,0,2,0,2,0,0,0,2,0,0,0,0,0,0,2,0,0,0,0,0,0,0,2,0,2,2,0,0,0,0,0,2,2,2,0,0,0,0,0,0,0,0,0,0,2,2,2,0,0,0,0,0,2,0,0,0,0,2,0,0,0,0,0,0,0,0,0,2,0,0,0,0,0,2,0,0,0,0,0,0,0,0,0,0,0,2,0,0,0,2,2,0,0,0,0,2,0,0,0,2,0,0,0,0,0,0,0,2,2,0,0,0,0,0,0,0,0,0,0,0,0,0,2,0,2,0,0,2,2,2,0,0,0,0,0,2,0,0,0,0,0,0,2,0,0,0,0,0,0,0,0,0,0,0,0,0,0,0,0,0,0,0,0,0,0,0,0,0,0,0,0,0,0,0,0,0,0,2,0,0,0,0,2,0,0,0,0,0,0,0,0,0,0,0,0,0,2,0,0,0,0,0,0,0,2,0,0,0,0,0,0,0,2,0,0,0,0,0,0,0,0,0,0,0,0,0,0,0,0,0,0,0,0,0,0,0,0,2,2,0,0,0,0,0,2,0,0,0,0,0,2,0,0,0,0,2,0,0,0,0,0,0,0,0,0,0,0,0,2,0,0,0,0,0,0,0,0,0,0,0,0,2,0,0,2,0,0,0,0,0,0,0,0,0,0,0,2,0,0,0,0,2,0,2,0,0,0,0,0,2,0,0,0,0,0,0,0,0,0,0,0,0,0,0,0,0,2,0,0,0,0,0,0,0,0,0,0,0,0,2,0,2,0,2,0,2,0,0,0,2,0,0,0,0,0,0,0,0,0,0,0,0,2,0,2,0,0,2,0,0,0,2,0,0,0,0,0,0,0,0,2,2,2,0,0,0,0,0,2,0,0,2,0,0,0,0,0,0,0,2,2,0,NA,2,0,0,0,0,0,2,0,0,0,2,0,2,0,0,0,0,0,0,0,0,2,2,0,0,0,0,0,2,0,2,0,0,0,0,2,2,0,0,0,0,2,0,0,0,0,0,0,0,0,0,0,0,0,0,0,0,0,2,2,0,2,0,0,0,0,0,2,0,0,0,0,0,2,0,0,0,2,0,2,2,0,2,0,0,0,0,0,0,0,0,0,0,0,0,0,0,0,0,0,0,0,0,0,0,0,0,0,0,2,2,2,0,0,0,0,2,0,0,0,2,2,2,0,0,0,0,0,0,0,0,0,0,0,2,0,2,0,0,0,0,0,0,0,0,0,2,0,2,0,0,2,0,0,0,0,2,0,0,0,0,0,0,0,0,0,0,0,2,0,0,2,0,0,0,0,0,0,0,0,0,0,0,0,2,2,0,0,2,0,0,2,0,0,0,0,0,2,2,0,2,0,0,0,0,2,0,0,0,0,0,0,0,0,0,0,0,2,0,2,0,0,0,2,0,0,0,0,0,0,0,0,2,0,0,0,0,0,0,0,2,0,0,0,0,0,0,2,0,0,0,0,0,0,0,0,0,0,0,0,0,0,0,2,0,0,0,0,0,0,0,0,2,0,0,2,0,0,0,0,0,0,2,2,0,0,0,2,0,2,2,0,0,0,0,0,2,2,NA,0,0,2,0,0,0,0,2,2,0,0,2,0,0,0,0,0,0,0,0,0,0,0,0,0,0,0,0,0,0,0,0,0,0,2,0,0,0,0,0,0,2,2,0,0,0,0,0,0,0,2,0,0,0,2,2,0,0,0,0,0,0,0,2,0,0,0,0,0,0,0,0,0,0,0,0,0,2,0,0,0,0,0,0,2,2,0,0,0,0,0,0,2,0,0,0,0,0,2,0,0,0,0,0,2,0,0,0,0,0,0,0,0,0,0,0,0,2,0,0,0,2,2,0,0,0,2,0,0,2,0,0,0,2,0,0,0,2,2,2,0,0,0,0,2,0,0,0,2,0,0,2,0,2,0,0,2,0,0,0,0,2,2,0,0,0,0,0,0,0,0,0,0,0,2,0,0,2,0,0,2,0,0,0,0,2,0,2,0,2,2,0,0,0,0,0,0,2,2,0,0,0,0,0,0,0,0,2,2,0,0,0,0,0,2,0,0,0,0,0,0,0,0,0,0,2,0,2,0,0,0,2,0,2,0,0,0,2,0,0,0,0,2,2,2,2,0,0,0,0,0,0,0,0,0,0,0,0,0,0,2,0,0,0,0,2,0,0,0,0,2,0,0,0,0,0,0,2,0,2,0,0,0,0,0,0,0,2,0,0,0,0,2,0,0,0,0,0,0,0,0,0,0,2,0,0,0,0,2,2,0,0,2,0,0,2,0,0,0,0,0,0,0,0,2,0,2,2,0,2,0,0,0,2,0,2,0,0,2,2,0,0,0,0,0,0,0,2,0,0,0,0,2,0,0,0,0,2,0,2,0,2,0,0,2,2,0,0,2,0,0,0,0,0,0,0,0,2,0,0,0,0,2,0,0,0,0,2,0,0,2,0,0,0,0,0,0,0,0,0,0,2,0,0,0,0,2,0,2,0,0,0,0,2,0,0,0,0,0,0,0,0,0,0,0,0,0,0,0,2,0,2,0,2,2,0,0,0,0,0,0,2,0,0,0,0,0,0,0,0,2,0,0,0,0,2,0,0,0,0,2,0,0,0,0,0,0,0,2,0,0,0,0,2,2,0,0,2,0,0,0,0,0,2,2,0,0,0,0,2,2,0,0,0,2,2,0,2,2,0,0,0,0,2,0,2,0,0,0,0,0,2,0,2,0,0,0,0,0,0,2,0,0,0,0,0,2,0,0,0,0,0,0,0,2,0,2,0,0,2,0,0,2,2,0,2,0,0,0,0,0,0,2,0,0,0,0,2,0,0,0,0,0,0,0,0,0,0,0,0,0,0,0,0,0,0,0,0,0,0,0,0,2,2,0,0,0,0,0,2,0,2,0,0,0,2,0,0,0,0,0,0,0,0,0,0,0,0,0,0,0,2,0,2,0,0,0,0,2,2,0,0,2,0,0,2,0,2,0,2,0,0,0,2,2,0,0,0,0,0,0,2,0,2,0,0,2,0,0,2,2,2,0,0,0,0,2,0,0,0,2,0,0,0,0,0,0,0,0,0,0,0,2,0,2,0,2,0,2,0,0,0,0,0,0,0,0,0,0,0,0,0,0,2,0,0,2,0,0,0,0,0,0,0,0,2,0,0,0,0,2,0,2,0,2,2,0,0,2,2,0,2,0,2,0,0,2,0,0,0,0,0,0,0,0,0,2,0,2,2,0,0,0,0,0,2,0,0,0,2,0,2,0,0,0,0,0,0,0,0,0,2,0,2,0,0,0,0,2,0,0,0,2,0,0,0,0,0,0,0,0,0,0,0,2,2,2,2,0,0,0,0,0,0,0,0,0,0,0,2,2,0,0,0,2,0,0,0,2,2,2,0,0,0,0,2,0,2,0,0,0,0,0,2,2,0,0,0,0,0,0,0,0,0,2,0,0,0,2,0,0,0,2,2,2,0,0,2,2,0,0,0,0,0,0,0,0,0,0,0,0,0,0,0,0,0,0,0,0,0,0,0,0,0,0,0,0,0,0,2,0,0,0,2,0,0,0,0,0,2,0,0,0,0,0,2,0,0,0,0,0,0,0,2,0,2,0,2,0,0,2,2,NA,0,0,0,2,0,0,0,0,0,2,2,0,0,0,2,0,0,0,0,0,2,0,0,0,0,0,0,0,2,0,0,0,2,2,NA,2,2,0,0,0,0,0,2,0,0,0,0,0,0,0,0,2,0,0,0,0,0,0,0,2,0,0,2,0,0,2,0,0,0,2,0,0,0,0,2,0,0,0,0,0,0,0,0,0,0,0,0,2,0,0,0,NA,0,0,0,2,0,2,0,0,0,0,0,0,0,0,0,0,2,0,0,0,2,2,0,0,0,0,2,0,0,0,0,2,0,0,0,0,2,0,0,0,0,0,0,0,0,0,0,0,0,0,0,0,0,0,2,0,0,0,0,2,0,0,2,2,0,0,2,0,0,2,0,0,0,0,2,0,0,0,2,0,0,2,0,0,2,0,0,0,0,2,0,0,2,0,0,0,0,0,0,0,2,0,0,2,0,0,0,0,0,0,0,0,0,0,0,0,0,0,0,2,0,0,0,0,0,0,0,2,0,0,0,0,0,2,2,2,0,0,0,0,0,0,0,2,0,0,0,0,0,0,0,0,0,0,0,0,2,2,0,0,0,2,2,2,0,0,0,2,2,0,2,0,0,0,0,0,2,0,0,0,0,0,0,0,0,0,0,0,0,0,0,0,0,2,0,0,0,0,0,0,0,0,0,0,0,0,2,0,0,0,0,2,0,2,2,0,0,0,2,0,0,0,0,2,0,0,0,0,0,0,0,0,0,0,0,0,0,0,0,0,0,0,0,0,0,0,0,0,0,0,2,0,0,0,0,0,0,0,0,0,0,2,0,0,0,0,0,0,0,0,0,0,0,0,0,0,2,0,2,0,0,0,0,0,0,0,0,0,0,0,0,0,2,0,0,0,0,0,0,0,0,0,0,0,0,0,0,0,0,0,0,0,0,0,0,0,2,2,0,0,0,2,2,2,0,2,0,0,2,0,0,0,0,0,0,0,0,0,0,0,0,0,0,2,0,0,0,0,0,0,0,0,0,0,2,0,0,0,0,0,0,2,0,0,0,0,0,0,0,0,0,0,2,0,0,0,0,0,0,0,0,0,0,0,0,0,0,0,0,0,0,0,0,0,0,0,0,0,0,0,0,0,0,0,0,0,0,0,0,0,0,0,2,2,0,0,0,2,0,0,2,0,0,0,0,2,0,0,0,0,2,0,0,0,0,0,2,0,0,0,0,0,0,0,0,0,0,0,0,0,0,0,0,0,0,0,0,2,0,0,0,2,0,0,0,2,0,0,0,0,0,0,0,0,2,0,0,0,0,0,0,0,0,2,0,2,0,0,2,0,0,0,0,2,0,0,0,0,0,2,2,0,0,0,2,0,0,0,0,2,0,0,0,2,0,0,0,0,2,0,0,0,0,2,2,0,2,2,0,2,0,0,0,0,0,0,0,0,0,0,2,0,0,0,0,0,0,0,0,0,0,2,2,0,0,0,0,0,0,0,0,2,0,0,0,0,0,0,0,0,0,0,0,0,0,0,0,0,0,0,2,0,0,0,0,0,0,0,0,2,0,0,0,0,0,0,0,0,0,0,0,0,0,2,0,0,2,2,0,2,2,0,2,0,0,2,2,0,2,0,0,0,0,0,2,0,0,0,0,0,2,2,2,0,0,2,2,0,0,0,0,0,0,0,0,0,0,0,0,0,0,0,0,0,2,2,0,0,2,0,0,2,0,0,0,0,0,0,0,0,0,0,0,0,0,0,2,0,0,0,2,0,0,0,0,0,0,0,0,0,0,0,0,0,2,0,0,0,0,0,0,0,0,0,0,2,0,0,0,0,0,0,2,0,0,0,0,2,0,2,0,0,2,0,0,0,0,0,0,0,0,0,0,0,0,0,0,0,0,0,0,2,0,0,2,0,0,0,0,2,0,0,0,2,0,0,0,0,0,0,0,0,0,0,0,0,0,0,0,2,2,2,0,NA,0,0,2,0,0,2,0,0,0,0,0,0,0,0,0,2,0,0,2,0,2,0,2,0,0,0,0,0,0,0,2,0,0,0,0,0,0,0,0,0,2,2,0,2,2,0,0,0,0,2,0,0,0,0,0,0,0,2,0,0,0,0,0,0,0,2,2,0,0,0,2,2,0,0,0,0,0,0,0,2,0,0,0,0,0,0,0,2,2,0,2,0,0,2,0,0,0,0,0,0,0,0,2,0,0,2,0,0,0,0,0,0,0,0,0,0,0,0,0,0,2,0,0,0,0,0,0,0,0,0,0,0,0,0,0,0,2,0,0,0,0,0,0,0,0,0,0,0,0,0,0,0,0,0,0,0,0,2,2,0,0,0,0,0,0,2,0,2,0,0,0,0,0,2,0,2,2,2,0,0,2,0,0,0,0,2,0,0,0,0,0,0,0,0,0,0,0,0,0,0,0,0,0,0,0,2,2,0,0,0,0,2,0,0,0,0,0,2,0,0,0,0,0,2,0,2,0,0,0,2,0,0,0,2,0,0,0,0,2,2,2,2,2,2,0,0,0,0,2,0,2,2,2,0,0,0,0,2,0,0,0,0,0,0,0,0,0,0,2,0,2,0,0,0,0,0,0,0,0,0,0,0,0,0,0,0,0,0,0,0,0,0,0,0,2,0,0,0,0,0,0,0,0,0,0,0,0,0,0,2,2,0,0,0,0,0,0,2,0,0,0,2,0,0,2,2,0,2,0,0,0,2,0,0,2,NA,NA,2,0,0,0,0,2,0,2,0,0,2,2,2,0,2,0,0,2,0,0,0,2,0,0,2,0,0,0,0,0,2,2,0,0,2,0,0,0,2,2,2,0,0,0,0,0,0,0,0,2,0,0,0,0,0,0,0,0,0,0,0,0,0,0,2,2,0,0,2,0,2,0,0,0,0,0,0,0,0,0,0,0,0,0,0,0,0,0,0,0,2,0,0,2,0,0,2,2,2,0,0,2,0,0,0,2,0,0,2,0,0,2,0,0,NA,2,0,2,2,2,0,0,2,0,0,0,0,2,0,0,2,0,0,0,2,2,0,0,0,2,0,0,0,2,2,0,2,2,0,0,0,0,0,2,0,0,0,2,0,0,0,0,0,0,2,0,0,0,0,0,0,2,0,0,0,0,0,2,0,2,0,0,0,0,0,0,0,0,0,2,0,0,0,0,0,0,0,0,2,2,0,0,2,0,2,0,0,0,0,0,0,0,2,0,2,2,0,0,0,0,0,NA,0,0,0,0,0,0,0,2,0,0,0,0,0,0,0,0,0,0,2,2,0,0,0,0,0,0,0,0,0,0,0,2,0,0,0,0,0,2,0,2,0,2,0,0,2,0,2,0,0,2,0,0,0,0,2,0,2,0,2,2,2,0,0,0,0,2,0,0,0,2,0,0,0,0,2,2,0,2,0,0,2,2,2,0,0,0,0,0,0,0,2,0,0,0,0,0,0,0,0,0,2,0,0,0,0,2,0,2,2,0,0,0,0,0,2,0,2,0,0,0,0,0,0,0,0,0,2,2,0,0,0,0,0,2,0,0,0,0,2,0,0,0,0,2,0,0,0,0,0,2,0,0,0,0,2,0,0,0,0,2,0,0,2,0,0,2,0,0,0,0,0,0,0,0,0,0,0,0,0,0,0,0,0,0,0,0,2,0,0,0,2,0,0,0,0,2,0,0,0,0,0,0,0,0,0,0,0,0,0,0,0,0,2,0,0,0,0,0,0,2,0,0,0,0,2,0,0,2,0,2,0,2,2,0,2,2,2,0,0,0,2,0,0,2,0,0,0,2,0,2,0,0,2,0,0,0,0,0,2,2,2,0,2,0,0,2,0,0,0,0,2,0,0,0,2,0,0,2,0,0,0,0,0,0,0,0,2,0,0,0,2,0,0,0,0,2,0,0,2,0,0,0,2,0,0,0,0,0,0,2,0,0,0,0,0,0,2,0,0,0,0,0,0,0,0,0,0,0,2,0,0,0,0,2,0,0,0,0,0,2,0,0,0,0,0,0,0,0,0,2,2,0,0,0,0,0,0,2,2,0,0,0,0,0,0,0,2,0,0,0,2,2,0,0,0,2,0,0,2,0,2,0,0,2,2,2,0,2,2,0,0,0,0,2,0,2,NA,0,0,0,2,2,0,0,0,0,2,0,0,0,0,0,0,0,0,2,0,2,2,0,0,0,0,0,0,2,0,2,0,2,0,2,0,0,0,0,0,0,0,0,0,0,0,0,0,0,0,0,0,2,0,0,2,0,0,0,0,0,2,0,0,0,0,2,2,0,2,2,0,2,0,0,0,0,0,2,2,0,2,0,NA,0,0,2,0,2,0,0,0,0,0,0,0,0,0,0,2,2,0,0,2,2,0,2,2,0,0,2,0,0,0,0,0,0,0,0,0,2,0,0,0,2,0,0,2,0,2,0,0,0,0,2,0,0,0,0,0,0,0,0,0,0,0,0,0,0,0,2,0,0,0,0,0,2,2
"CC236",0,0,0,0,2,0,0,2,0,0,0,2,2,0,0,0,0,0,0,0,0,0,0,0,0,0,0,0,0,0,0,0,0,0,0,0,2,0,0,0,0,2,0,0,0,2,0,0,0,2,2,0,0,0,0,0,0,0,2,2,0,0,0,0,2,0,2,0,0,0,0,0,0,0,0,2,2,0,0,0,2,0,0,2,0,0,0,2,0,0,2,0,0,2,0,2,0,0,0,0,0,0,0,0,0,0,0,0,0,2,2,0,2,0,0,2,0,0,0,0,2,0,0,2,0,2,0,2,0,0,0,0,0,2,0,0,2,0,2,0,0,2,0,0,2,0,0,2,0,0,0,0,0,0,0,0,2,0,0,0,0,0,0,0,0,2,0,0,2,0,0,0,2,2,0,2,0,2,0,2,0,2,2,0,0,0,0,0,0,0,2,2,0,0,0,0,0,2,0,2,0,0,2,0,0,0,2,0,0,0,0,0,2,0,2,0,2,0,0,0,0,2,0,0,0,0,0,0,0,0,2,2,0,0,0,2,0,NA,0,0,0,0,0,0,0,0,0,2,0,0,0,2,0,2,0,0,0,0,0,2,0,0,2,0,0,0,0,0,2,0,2,0,0,0,0,0,0,2,2,0,0,0,2,2,0,0,2,2,0,0,2,0,0,0,0,0,0,2,2,0,0,2,2,0,2,0,0,2,0,0,0,0,0,0,0,0,0,0,2,0,0,0,0,0,0,0,0,0,0,0,2,2,0,0,0,0,0,0,0,0,0,0,0,0,0,0,0,0,2,0,0,0,0,0,0,0,0,0,0,0,0,0,0,0,0,2,0,0,0,2,0,0,NA,0,0,0,0,0,2,0,0,0,0,0,0,0,0,2,0,0,0,0,0,2,2,2,2,0,0,0,0,0,2,0,2,0,2,0,0,0,0,0,0,0,0,0,0,0,0,0,2,0,0,0,0,0,0,0,0,0,0,2,0,0,0,0,0,2,0,2,0,2,0,0,0,0,0,0,2,0,0,0,0,NA,0,0,0,0,2,0,0,2,0,0,0,0,0,2,0,0,0,2,0,0,0,2,0,2,0,0,0,0,0,0,0,2,0,0,2,0,0,0,0,0,0,0,2,0,0,2,0,0,0,0,2,0,0,0,0,0,0,2,0,0,0,0,0,0,0,0,2,0,0,0,0,0,0,0,0,0,0,0,0,0,0,0,0,0,0,0,0,0,0,0,0,2,0,0,0,2,0,0,0,0,0,0,0,0,0,0,0,0,0,2,0,0,0,0,0,2,0,0,0,2,0,0,0,2,2,0,0,0,0,0,0,0,0,0,0,0,0,2,0,0,0,2,0,2,0,0,0,0,0,2,2,2,0,0,0,0,2,0,0,0,0,0,0,0,0,0,0,0,0,0,0,0,0,0,2,0,0,0,0,0,0,0,0,2,0,0,0,0,0,0,0,0,0,0,0,0,0,0,0,0,2,0,0,0,0,0,2,2,0,0,0,0,0,0,0,2,0,0,0,0,0,0,0,2,0,0,0,0,0,0,0,0,2,0,0,2,2,0,0,0,0,0,2,0,0,0,0,0,0,0,0,0,0,0,0,0,0,2,0,0,0,0,0,0,2,2,2,0,0,0,0,0,0,0,0,2,2,0,0,0,0,0,0,0,0,0,0,0,0,2,0,0,0,0,0,0,0,0,0,0,2,0,0,0,2,0,2,0,0,0,NA,0,0,2,0,0,2,2,0,0,0,0,2,0,0,0,0,0,0,0,0,0,0,0,0,0,0,0,0,0,0,0,0,0,0,0,0,0,0,0,0,0,0,0,0,0,0,2,0,0,0,0,2,0,0,0,0,2,2,0,0,0,0,0,0,0,2,0,0,0,NA,0,0,0,0,0,0,0,0,0,0,0,0,2,0,0,0,2,0,2,0,0,0,0,0,0,0,2,2,0,0,0,0,0,0,0,2,0,0,0,2,2,0,0,0,0,0,2,0,0,2,2,0,0,0,2,2,0,0,0,2,0,0,0,2,0,0,0,0,0,2,0,0,0,0,0,2,0,0,0,0,0,0,0,2,0,0,0,0,0,0,0,0,0,0,0,0,0,0,0,2,0,0,0,2,0,0,2,0,0,0,0,0,0,0,0,0,0,0,0,0,0,2,0,0,0,0,0,0,0,0,0,0,0,0,0,2,0,0,0,0,0,0,2,0,0,0,0,0,0,2,0,0,0,0,0,0,0,0,0,0,2,2,0,0,0,0,2,0,0,0,0,0,0,0,0,0,0,0,0,0,2,0,0,0,2,0,0,0,0,0,0,0,0,0,2,2,0,0,0,0,0,0,0,2,0,0,2,0,0,0,2,0,0,2,0,0,0,0,0,0,2,0,0,0,0,0,0,0,0,0,0,0,0,0,0,2,0,0,0,0,NA,0,0,2,NA,2,0,0,0,0,0,0,0,0,0,0,0,0,2,0,2,0,0,0,0,0,0,0,0,0,0,0,2,2,0,0,0,0,0,0,0,0,0,0,2,0,0,0,2,2,0,0,0,0,0,2,0,2,0,0,0,0,0,0,0,0,2,0,0,2,0,0,2,2,2,0,0,0,0,0,0,0,0,0,2,2,2,0,0,0,2,2,0,2,2,0,0,0,0,0,0,0,2,0,0,0,0,0,0,0,0,0,0,2,0,0,0,0,0,0,0,0,0,0,0,0,2,0,0,0,0,0,0,0,2,0,0,0,0,0,0,0,0,0,0,0,2,0,0,0,0,0,0,0,0,0,NA,NA,0,0,0,2,0,0,0,0,2,0,0,2,0,2,0,2,0,0,0,0,0,0,0,0,0,0,0,0,0,0,2,0,0,0,0,0,0,0,0,0,0,2,0,0,0,0,0,0,2,2,0,2,0,0,0,0,0,0,0,2,0,0,0,0,0,0,0,2,0,0,0,0,0,2,2,2,2,0,0,0,0,0,0,0,0,0,0,0,0,2,0,0,0,2,0,0,0,0,0,0,2,0,NA,0,0,0,2,0,2,0,0,2,2,0,0,0,0,0,0,2,0,2,0,0,0,0,0,0,2,2,2,0,0,2,0,2,2,2,0,0,0,NA,0,0,0,0,0,0,0,0,0,0,0,0,0,0,0,0,0,2,0,2,0,2,0,0,0,0,0,0,2,0,0,0,0,0,0,0,0,0,2,2,0,0,0,0,0,0,0,2,0,0,0,2,0,0,2,2,0,0,0,0,2,0,0,0,0,0,0,2,0,0,2,0,0,2,2,0,0,0,2,2,0,0,0,0,2,0,0,0,0,2,2,0,0,0,0,0,0,0,0,0,2,0,0,0,0,2,0,0,0,0,0,2,0,0,0,0,0,0,0,0,0,0,0,0,0,0,2,0,0,0,2,0,0,0,0,0,2,0,0,0,0,0,0,0,0,2,0,0,0,2,0,0,0,0,2,0,2,0,0,0,0,0,0,2,2,2,0,0,2,0,0,0,0,0,0,0,0,0,0,2,0,0,0,0,0,0,0,0,2,0,0,0,0,2,0,2,0,2,2,0,0,2,2,0,0,0,0,0,0,0,0,0,0,0,2,0,0,0,0,2,0,0,0,0,0,0,2,2,2,0,2,0,2,0,0,2,0,0,0,2,0,0,2,0,2,0,0,2,0,0,0,2,0,0,0,0,0,0,0,0,0,0,0,2,0,0,0,0,2,0,0,0,0,0,0,2,0,0,0,0,2,0,2,0,0,0,0,0,0,2,0,0,0,0,0,0,2,0,2,0,0,0,0,2,2,0,0,0,0,0,2,0,0,0,0,2,0,2,0,0,0,0,0,0,0,2,0,0,0,0,0,0,0,2,0,2,0,0,2,0,0,2,0,2,0,2,0,0,0,2,0,0,0,0,2,0,2,2,2,0,2,2,0,0,0,0,0,0,0,0,0,0,0,0,0,0,0,0,2,2,0,0,0,0,0,0,0,2,2,0,0,2,0,0,0,0,0,0,2,2,0,0,2,0,0,0,0,0,0,0,0,0,0,2,0,0,0,0,0,0,0,0,0,0,0,0,0,0,2,0,2,0,0,0,0,2,0,0,2,0,0,0,2,0,0,2,0,0,2,0,0,0,0,0,0,2,0,0,0,0,0,0,0,2,0,0,0,0,2,0,0,0,0,0,0,0,0,0,2,2,0,0,0,0,0,0,0,NA,0,0,0,0,0,0,0,0,2,0,0,0,0,2,0,2,0,0,0,0,0,0,0,0,0,0,0,2,0,0,2,0,0,2,0,0,0,0,0,0,2,0,0,0,0,0,0,0,0,0,0,0,0,0,0,0,0,0,0,0,2,0,0,0,0,0,2,0,0,0,0,0,0,2,2,0,0,0,0,0,0,0,0,0,0,0,2,0,0,0,0,2,0,2,0,0,0,0,0,0,0,2,2,2,0,0,0,0,0,0,0,0,0,0,0,0,0,2,2,0,0,0,0,0,0,2,0,0,0,0,0,0,0,2,0,0,2,2,2,NA,0,0,0,0,2,0,0,0,2,0,0,0,NA,0,0,0,2,0,2,0,0,0,0,2,0,0,0,0,0,0,2,0,0,0,0,0,0,0,2,2,2,0,0,0,0,0,0,0,0,0,2,0,0,0,2,0,0,2,0,2,0,0,2,2,0,0,2,2,0,0,0,0,0,2,0,0,0,0,2,2,2,0,2,2,0,0,2,2,0,2,2,0,2,2,0,0,2,0,0,0,NA,2,0,2,0,0,0,0,NA,0,0,0,0,0,0,0,0,0,0,2,0,0,0,2,0,0,0,0,0,0,0,0,0,2,0,2,0,0,0,2,NA,2,2,0,0,0,0,0,0,2,0,0,0,0,0,0,0,0,0,2,2,2,2,0,0,0,0,0,0,0,0,0,0,2,0,2,0,0,0,0,0,0,2,0,0,0,0,0,0,0,0,0,2,0,0,0,0,2,0,2,2,0,0,0,0,2,0,2,0,0,0,2,2,0,0,2,2,0,0,0,0,0,0,0,2,0,0,0,2,0,0,2,2,0,0,0,0,0,0,0,0,0,0,0,0,0,0,0,0,0,0,2,0,0,0,0,0,0,0,0,0,0,0,0,0,2,0,0,0,0,0,0,0,0,0,0,0,0,0,0,2,0,2,2,0,0,0,0,0,0,2,0,0,0,2,0,0,0,2,0,0,0,0,2,2,0,0,2,0,0,0,2,0,0,0,0,0,0,0,0,0,0,0,0,0,0,0,0,0,0,0,2,0,0,0,0,2,0,0,0,0,0,0,0,0,0,0,2,0,0,2,2,0,0,0,0,0,0,0,0,0,0,0,0,0,0,0,0,0,0,2,0,0,0,0,2,0,0,0,0,0,0,0,0,0,0,0,0,0,2,0,0,0,0,2,0,2,0,0,0,0,2,2,0,0,0,0,2,0,0,0,0,0,0,0,0,0,0,0,0,0,NA,0,0,0,2,0,0,0,0,2,2,2,0,0,2,0,0,2,0,0,0,0,0,0,0,0,2,0,0,2,2,0,0,2,0,2,0,0,0,2,0,0,2,2,0,0,2,0,0,0,0,2,2,0,0,2,0,0,2,0,0,0,0,2,0,2,0,2,2,0,0,0,0,0,0,0,0,0,2,0,0,0,0,0,0,0,0,0,0,0,0,2,0,0,0,0,2,2,0,0,0,0,0,2,2,0,0,2,0,2,0,2,2,0,0,0,0,0,0,0,2,0,0,0,0,0,0,2,0,0,2,0,0,0,0,0,0,2,0,0,0,0,0,0,0,0,2,2,0,0,2,2,2,0,0,0,2,2,0,0,2,0,0,0,2,2,0,0,0,0,0,0,0,0,0,0,0,2,2,0,0,0,0,0,0,0,0,2,0,0,0,0,0,0,0,0,0,0,0,0,0,0,0,0,0,0,2,0,0,2,0,2,0,0,0,0,0,0,2,0,0,0,2,0,0,0,2,0,0,0,0,0,0,2,0,0,0,2,0,0,2,0,2,2,0,2,0,0,0,0,2,0,2,0,0,2,0,0,2,0,0,0,0,0,0,0,2,2,2,0,0,0,0,0,0,0,2,0,0,0,0,2,0,0,2,2,2,0,2,0,0,0,0,0,0,0,0,0,0,0,0,0,0,0,0,0,0,0,2,0,0,0,0,0,0,0,0,0,2,0,0,0,2,0,0,0,0,0,2,0,0,0,0,0,0,0,0,0,0,0,0,0,0,0,0,2,2,0,0,2,0,0,2,2,0,0,0,0,2,0,2,0,2,0,0,0,0,2,0,0,0,0,2,2,0,2,2,0,0,0,2,2,0,0,0,0,0,0,2,2,0,2,0,0,0,0,0,0,0,0,0,0,0,0,2,2,0,0,0,0,0,2,0,0,0,2,2,0,0,0,0,0,2,2,0,0,0,0,0,0,2,0,0,0,0,2,2,0,2,0,2,0,0,0,0,0,0,NA,0,0,0,0,0,2,0,0,2,0,0,0,2,2,0,0,0,2,0,2,0,2,0,0,0,2,0,0,0,0,0,0,0,0,0,0,0,0,0,0,0,0,2,0,2,0,0,0,0,0,0,0,0,0,2,0,0,0,0,0,0,0,0,0,2,0,0,2,0,0,0,0,0,2,2,2,2,0,0,2,0,2,0,0,0,2,2,2,0,0,2,0,0,0,2,0,0,0,0,0,0,0,0,0,0,2,0,2,0,2,2,0,0,0,0,0,0,0,0,0,0,0,0,0,0,0,2,2,0,0,0,0,0,2,2,2,2,0,0,0,2,0,2,2,0,0,0,0,0,0,2,0,0,0,0,0,2,0,0,0,0,0,0,0,2,0,0,2,0,0,2,0,0,0,0,0,0,0,2,0,0,0,0,0,0,0,2,0,0,0,0,0,0,0,2,2,0,0,2,2,0,0,0,0,0,0,2,0,2,2,0,0,0,0,0,2,0,2,0,0,2,0,0,0,0,0,0,2,2,2,0,0,0,0,2,0,0,2,2,2,0,2,0,0,0,0,0,0,2,0,0,0,0,2,2,0,0,0,0,0,0,0,0,0,0,0,0,0,2,0,2,0,2,2,2,0,0,0,0,0,0,0,2,0,0,0,0,2,0,0,0,0,0,0,0,0,2,0,0,0,0,0,0,0,2,2,0,0,2,2,0,0,0,2,2,0,0,2,0,0,0,0,2,0,0,0,0,0,0,0,0,0,0,0,0,2,2,0,2,0,0,0,2,0,2,2,0,0,2,2,0,0,0,2,2,0,2,2,0,2,2,0,NA,2,2,0,2,0,0,0,2,0,2,0,0,0,2,2,0,2,0,2,0,0,0,2,0,0,0,0,0,2,0,0,2,0,2,0,2,0,0,0,NA,2,0,0,2,0,2,0,0,2,2,2,0,0,0,0,2,0,0,0,0,0,2,2,2,0,0,2,0,0,0,0,0,0,0,0,0,0,2,0,0,0,2,2,0,0,0,0,0,0,0,2,2,2,0,2,0,0,0,0,0,2,0,0,2,0,0,0,0,0,2,0,0,NA,0,2,0,2,0,0,0,0,2,0,0,0,2,0,2,2,2,0,0,0,0,2,0,0,0,0,0,0,0,0,0,0,0,2,0,0,2,0,2,0,0,0,0,0,0,0,2,0,0,0,0,2,0,0,0,0,0,0,0,0,0,0,2,2,0,0,0,0,0,0,2,0,0,0,0,0,0,0,2,0,0,2,0,0,0,0,2,0,0,0,0,0,2,2,2,0,0,0,0,0,2,0,0,0,0,0,0,0,2,0,0,0,2,0,0,2,0,2,0,0,2,0,0,0,0,0,2,2,0,0,0,0,2,0,0,2,0,0,2,2,0,2,0,0,0,0,2,0,0,0,2,0,2,0,0,0,0,2,2,2,0,0,0,2,0,2,0,0,0,0,0,0,0,0,0,NA,2,0,0,0,0,0,2,0,2,2,0,0,0,0,0,0,0,0,0,0,0,0,0,0,2,0,2,2,0,0,0,0,0,0,0,0,0,0,0,0,0,0,0,0,0,0,0,0,0,0,0,0,0,0,0,0,0,0,0,0,0,0,0,0,0,0,0,0,0,0,0,0,0,0,0,2,0,2,0,0,0,0,0,0,0,0,0,0,0,0,2,2,2,0,0,0,0,0,0,2,2,0,0,0,0,0,0,0,0,2,0,2,0,0,0,0,0,0,0,0,0,0,0,0,0,0,2,0,0,0,0,0,0,0,0,0,0,0,0,0,0,0,0,0,0,2,2,0,0,0,0,0,0,0,0,0,0,0,0,0,0,0,0,0,0,0,0,2,2,0,2,0,0,0,0,2,0,2,0,0,0,0,0,0,0,0,0,0,2,2,0,0,0,0,0,2,0,0,0,2,2,0,0,2,0,0,0,2,0,2,2,0,2,2,0,0,2,0,0,0,2,0,2,0,0,0,0,0,0,2,0,0,2,2,2,0,2,0,0,0,0,0,0,0,2,0,0,2,0,0,2,2,0,0,2,0,0,0,2,0,0,0,0,0,2,0,2,0,2,2,0,2,0,0,0,0,0,2,2,0,0,2,0,0,2,NA,0,0,0,0,2,2,0,0,2,0,2,0,0,0,2,0,0,0,0,0,0,0,2,0,0,0,0,0,0,0,0,2,0,2,0,0,2,0,0,0,0,2,0,0,0,0,0,2,0,0,0,0,0,0,0,0,0,0,0,0,0,0,0,0,0,2,0,0,0,0,0,0,0,0,0,0,0,0,0,2,0,0,0,0,0,2,2,0,0,0,0,0,0,2,0,0,2,0,0,0,0,0,0,2,2,0,0,0,0,0,0,2,0,0,0,2,2,0,0,2,0,0,2,0,2,2,0,0,0,0,2,2,0,2,0,0,0,0,0,0,0,0,2,0,0,0,0,0,0,0,0,0,0,0,0,0,0,2,2,2,0,2,0,0,0,0,0,0,0,0,0,0,0,0,0,0,0,2,0,0,0,0,2,2,0,0,0,2,0,0,0,2,0,0,2,0,0,2,2,0,0,2,2,0,0,0,0,2,0,0,0,0,0,0,2,0,0,0,0,0,0,0,0,0,0,0,0,0,0,2,0,0,0,0,0,0,0,0,0,2,2,0,0,0,0,0,0,2,2,0,0,0,2,2,0,2,0,0,0,0,0,0,0,0,0,0,0,0,0,0,0,2,0,0,0,2,0,0,0,0,0,0,0,0,0,0,0,0,0,0,2,0,0,0,NA,0,0,0,0,0,0,0,2,2,0,0,0,2,0,0,2,0,2,NA,2,0,0,0,0,2,0,0,2,0,0,0,0,0,NA,0,0,0,2,0,0,0,0,0,0,0,2,2,2,2,0,0,2,0,2,0,0,2,2,0,2,0,0,0,0,2,2,2,2,0,2,0,0,2,2,0,2,NA,0,0,0,2,0,0,0,0,0,2,2,0,0,2,0,2,0,0,2,0,2,2,0,0,2,0,0,0,0,0,0,0,0,0,2,0,2,0,0,0,2,0,0,0,0,2,0,0,2,0,0,0,2,0,0,2,0,0,0,0,0,0,0,0,0,0,0,0,2,2,0,NA,0,0,0,0,2,0,2,0,2,0,0,0,0,2,0,2,0,0,0,0,0,2,0,0,0,0,2,0,0,0,0,0,2,0,0,0,0,0,0,0,0,0,0,0,2,0,0,0,0,0,0,0,0,0,0,0,0,0,0,0,0,0,0,0,0,0,0,0,0,2,0,0,0,0,0,0,0,0,2,0,0,2,0,2,2,0,0,0,0,0,0,0,0,2,0,2,0,2,0,0,2,2,2,0,0,2,0,0,2,0,0,0,0,2,2,0,0,0,0,0,0,2,2,0,0,0,0,0,0,0,0,0,2,0,0,0,0,2,2,0,0,0,2,0,2,2,0,0,0,0,0,0,0,2,0,0,0,0,0,2,0,0,0,0,0,0,0,2,0,0,2,0,0,0,0,2,0,2,2,0,2,0,0,0,0,0,0,0,0,2,2,0,2,2,0,2,2,0,2,0,0,0,2,2,2,2,0,0,2,0,0,2,0,0,0,2,0,0,0,2,0,0,0,0,0,2,0,0,0,0,2,0,0,0,0,0,0,0,0,0,0,0,0,0,0,0,2,0,2,2,0,2,0,2,0,0,0,0,2,0,0,0,0,0,0,0,2,0,2,0,2,NA,0,0,0,0,0,0,2,0,0,0,0,0,2,2,0,0,0,0,2,0,2,0,0,0,0,0,0,2,2,0,2,0,0,0,0,0,0,0,2,0,2,0,0,2,0,0,2,0,0,0,0,2,0,0,0,0,0,0,0,0,2,0,0,0,0,2,2,0,0,0,0,0,2,2,2,0,0,2,0,2,2,2,0,0,0,0,0,2,0,2,0,0,2,NA,0,0,0,0,0,0,0,0,0,2,2,0,2,0,0,0,0,0,0,0,0,2,0,0,0,0,0,0,2,2,0,0,0,0,2,0,0,0,2,2,0,2,0,0,0,0,0,0,0,0,2,2,0,0,0,0,0,0,0,0,0,2,2,2,0,0,2,2,0,0,2,0,0,0,0,0,2,0,2,0,2,0,NA,0,0,0,2,0,0,0,2,0,0,0,0,0,2,0,2,0,0,2,NA,2,2,NA,0,0,0,0,0,0,0,2,0,0,0,0,0,0,0,2,0,0,0,2,2,2,0,0,0,2,0,2,0,0,0,0,2,2,0,0,0,0,0,0,0,0,0,0,2,0,0,0,0,0,0,0,0,2,2,2,2,2,0,0,2,2,0,2,2,2,0,0,0,2,2,0,0,0,2,0,0,2,0,0,0,2,0,2,0,0,2,0,2,0,2,0,0,0,0,0,0,0,0,0,2,0,0,2,0,2,2,0,2,2,0,2,NA,0,0,2,0,2,2,0,0,0,2,0,2,0,0,0,0,0,0,0,0,0,2,0,0,0,0,0,0,2,0,2,0,2,2,0,0,0,0,2,0,2,2,2,2,2,0,0,2,2,2,2,2,2,2,2,0,0,0,0,0,0,2,0,0,0,0,2,2,0,2,0,0,0,0,2,0,2,0,0,2,0,0,0,2,0,0,0,0,2,2,2,0,0,0,0,2,0,0,0,0,2,2,0,0,0,NA,2,0,2,2,0,0,0,2,0,0,0,0,2,0,0,0,0,0,2,0,2,2,0,0,0,0,2,0,0,2,2,0,0,2,0,0,0,0,0,2,0,2,2,0,2,0,0,0,0,0,0,0,0,0,0,0,0,2,0,0,0,0,2,2,0,2,0,2,0,2,2,2,0,0,0,0,0,0,0,0,0,0,0,0,2,0,2,2,0,0,2,0,0,0,0,0,0,0,0,0,0,0,0,0,0,0,0,0,0,0,0,0,0,0,0,2,0,0,0,0,0,0,0,0,0,0,2,2,2,2,2,NA,0,0,2,0,2,0,0,0,2,0,0,0,0,0,0,0,0,2,0,0,0,0,2,NA,0,2,0,0,2,0,0,0,0,NA,0,2,0,0,0,0,0,0,2,0,0,2,0,0,2,0,2,0,0,2,0,2,0,0,0,0,0,0,0,0,0,0,2,0,2,0,0,2,0,0,0,2,2,2,0,0,0,0,0,0,0,0,0,0,0,2,0,0,0,2,2,0,2,0,0,0,2,0,0,0,0,2,2,0,2,0,0,0,0,2,0,0,0,0
"CC237",0,0,0,0,2,0,2,2,0,0,0,0,0,0,0,0,0,0,0,2,0,0,0,0,2,0,2,0,0,0,0,0,0,0,0,0,2,0,0,0,0,2,0,0,0,2,0,0,0,0,2,0,0,0,0,0,0,0,2,0,0,0,0,2,0,0,0,0,0,0,2,0,0,0,0,0,2,0,0,0,2,2,0,0,0,0,0,2,0,0,2,0,0,0,0,0,0,0,0,0,2,2,2,2,0,2,2,0,0,2,0,0,2,0,0,0,0,0,0,0,0,0,2,2,0,0,0,0,0,0,0,0,0,2,0,0,0,0,0,0,0,0,0,0,0,0,2,0,0,0,2,0,0,0,0,2,2,2,0,0,0,0,0,2,2,0,2,0,0,0,0,2,0,0,0,0,0,2,0,0,2,0,0,0,0,0,0,0,0,0,0,2,0,0,0,0,2,2,0,0,0,0,0,0,0,0,0,0,0,0,0,0,0,0,0,0,2,2,0,0,0,0,0,0,0,2,0,0,0,0,0,0,0,0,0,2,0,0,0,0,0,0,0,0,0,0,0,0,0,0,0,0,0,0,0,0,0,0,0,0,2,0,0,0,0,0,0,0,0,0,0,0,0,2,2,0,0,0,0,0,0,0,0,2,0,0,0,0,0,0,0,0,0,0,0,0,0,0,0,0,0,0,0,2,0,0,0,2,0,0,0,0,0,0,0,0,0,2,2,0,0,0,0,0,2,0,0,0,0,0,0,2,0,0,0,0,0,0,0,0,0,2,0,0,0,0,0,0,2,0,0,0,0,0,0,0,0,0,0,0,0,0,0,0,0,0,0,0,0,0,0,2,2,0,0,0,0,0,2,0,0,0,0,0,0,2,2,0,0,0,2,0,0,0,0,0,0,0,2,0,0,0,0,2,0,2,2,0,0,0,0,0,0,0,0,0,0,2,0,0,0,2,0,0,0,0,0,0,0,0,0,0,0,0,0,0,0,2,0,2,0,0,0,0,2,2,0,0,0,0,0,2,2,0,2,2,2,0,0,2,0,2,0,0,0,0,0,0,0,0,0,2,2,0,0,0,0,0,0,0,0,0,2,2,0,0,0,0,0,0,0,0,0,0,0,0,0,2,0,0,0,0,0,0,0,2,0,0,0,2,0,2,0,0,0,0,0,0,0,2,0,0,0,0,0,2,2,0,0,0,0,0,0,0,0,0,2,0,0,0,0,0,0,2,0,0,0,2,0,0,0,0,0,0,0,0,2,0,0,2,2,0,0,2,2,0,0,2,NA,0,0,0,0,0,0,2,0,0,2,2,2,0,0,2,2,0,2,0,0,2,0,0,0,0,0,0,0,2,0,0,0,2,0,2,0,0,2,2,0,0,2,2,0,2,0,0,0,0,0,0,2,2,0,2,2,0,0,0,2,0,0,0,2,0,0,0,0,0,0,0,0,0,0,0,0,0,0,2,2,0,2,2,0,2,2,0,0,2,0,2,2,0,0,0,0,0,0,0,2,2,0,0,0,0,0,0,0,0,0,0,0,0,0,0,0,0,0,0,2,0,2,0,0,0,0,0,2,2,2,0,0,2,0,0,0,0,0,0,2,NA,0,0,0,0,2,0,0,0,2,0,0,NA,0,0,0,0,2,2,0,0,0,2,0,0,0,0,0,0,0,0,0,0,0,0,0,0,0,0,0,2,0,0,0,0,2,0,2,0,2,0,0,0,0,0,0,0,0,0,0,0,0,0,0,2,0,0,0,2,0,0,0,2,0,0,0,0,0,0,0,0,0,0,0,2,0,0,0,0,0,2,0,0,0,0,0,2,0,0,0,0,0,0,0,0,0,0,0,0,0,0,0,0,0,0,0,0,2,2,0,0,2,0,2,0,0,0,0,0,0,0,0,0,0,0,0,0,0,2,0,0,0,2,0,0,0,0,2,0,0,0,0,0,0,0,0,0,0,2,0,0,0,0,2,0,0,2,0,0,0,0,0,2,2,0,2,2,0,0,0,0,0,0,0,0,0,0,0,0,0,2,0,0,0,0,0,0,0,0,0,0,0,0,0,2,0,2,0,0,0,0,0,0,0,0,0,0,0,2,0,NA,0,0,0,0,0,0,0,0,0,0,2,0,0,0,0,2,2,0,0,0,2,0,0,0,0,0,2,0,0,0,0,0,0,2,0,0,0,0,0,2,0,0,0,0,0,0,0,2,0,0,0,2,0,0,2,0,0,0,2,0,0,0,0,0,0,0,2,0,0,0,0,0,0,0,0,0,0,0,2,0,0,0,0,0,0,0,0,2,0,0,0,0,0,0,0,0,0,2,0,2,2,0,0,0,2,0,0,0,0,2,0,0,0,0,0,2,0,0,2,2,0,2,0,2,0,2,0,0,2,0,0,0,NA,2,0,0,0,2,0,0,2,0,0,0,0,2,0,0,2,0,2,0,0,0,0,0,0,0,0,2,0,2,0,0,0,0,0,0,0,2,0,0,2,0,0,0,0,2,2,2,2,2,0,0,0,0,2,0,0,2,2,0,2,2,0,0,0,2,0,0,0,0,2,0,2,0,0,0,0,0,0,2,0,0,2,0,0,0,2,2,0,0,2,0,0,0,0,0,2,0,0,0,2,2,0,0,0,0,0,0,0,0,0,2,0,0,0,0,0,0,0,0,0,0,0,2,0,0,2,0,0,0,0,0,2,0,2,0,0,0,0,0,0,0,0,2,0,0,2,0,0,0,0,0,0,0,0,0,0,0,0,0,0,0,0,0,2,2,2,0,0,0,0,0,0,0,0,0,0,0,2,2,0,0,2,0,2,0,0,0,0,0,2,0,0,0,0,0,0,0,0,0,0,0,0,0,0,0,0,0,0,0,0,0,0,0,0,0,2,0,0,2,0,0,2,2,0,0,2,0,0,0,0,0,0,0,2,2,0,0,2,0,0,0,0,0,2,0,0,2,0,0,0,0,2,2,0,0,0,0,0,0,2,0,0,0,2,0,0,2,0,0,0,0,0,2,0,2,0,2,0,0,0,0,0,0,0,0,0,0,2,0,0,0,0,0,0,0,0,0,0,2,2,2,0,0,0,0,2,2,2,2,0,0,2,0,2,0,0,0,0,0,0,0,0,0,0,0,0,0,0,0,2,2,2,0,0,0,2,0,0,0,0,0,0,0,2,0,0,0,0,0,0,0,2,0,0,0,0,0,0,0,0,0,0,0,2,0,0,2,2,0,0,0,0,2,0,0,0,0,0,0,2,0,0,0,0,0,2,0,0,0,0,0,0,0,0,0,0,2,0,0,0,0,0,0,0,0,0,0,0,0,0,0,0,0,0,0,0,0,0,0,2,0,0,0,0,0,0,0,0,0,2,0,2,0,0,0,0,0,0,0,0,0,0,0,0,0,0,0,0,0,0,0,0,0,0,0,0,0,2,0,2,0,2,0,0,0,0,0,0,0,0,0,0,0,0,0,0,0,0,0,0,2,0,0,0,0,0,0,0,0,0,0,0,0,0,0,0,0,0,0,0,0,0,0,2,0,0,0,0,2,2,2,0,0,2,2,2,0,0,0,0,0,0,0,0,0,0,2,0,0,0,0,0,0,0,0,0,0,0,0,0,0,0,0,0,0,0,0,0,0,0,0,0,0,0,0,0,2,0,0,0,0,2,2,0,0,0,0,0,2,2,0,2,0,0,0,2,0,0,2,0,0,2,2,2,2,2,0,0,2,2,0,0,0,0,0,0,0,0,0,0,0,0,2,0,0,0,0,0,0,0,0,0,0,2,0,0,0,0,0,0,0,0,0,0,0,0,0,0,0,2,0,0,2,2,0,0,0,2,0,0,2,0,2,0,0,0,0,0,2,0,0,2,2,0,0,0,2,2,0,0,2,2,2,0,2,0,2,0,0,0,0,0,2,0,0,0,2,0,2,0,0,0,0,0,0,0,0,0,0,0,0,0,0,0,0,2,2,0,0,0,0,0,0,0,0,0,0,0,0,2,0,0,2,2,0,2,0,0,0,2,0,2,2,2,0,2,0,0,0,2,0,0,0,2,2,2,0,0,0,2,0,0,0,0,2,0,0,2,2,0,0,0,0,0,0,0,0,2,0,0,0,0,0,0,0,2,0,0,0,0,2,2,0,0,2,0,2,0,NA,2,2,0,0,2,2,2,0,0,2,0,2,0,2,0,0,2,0,0,0,0,0,2,2,0,2,2,0,0,0,2,0,0,0,0,0,2,0,2,2,0,0,0,0,2,2,2,2,0,0,0,2,0,0,0,0,0,0,0,0,0,0,2,0,0,0,0,2,0,0,0,0,0,0,0,0,0,0,2,2,0,0,2,2,2,0,0,0,0,2,2,0,0,0,0,0,2,0,0,2,2,2,0,2,2,0,0,2,0,0,0,0,2,0,0,0,0,0,0,0,0,0,0,0,0,0,0,0,0,0,0,0,0,0,2,0,2,0,0,0,0,0,0,2,0,0,0,0,2,0,0,0,0,0,0,0,2,0,0,0,0,0,0,0,0,0,0,0,0,0,0,0,0,0,0,0,0,0,0,0,0,0,0,2,0,0,0,0,0,0,0,2,0,0,0,0,0,0,0,0,0,0,0,0,0,0,0,0,0,2,0,0,0,0,0,0,0,0,2,0,0,0,0,0,2,0,2,0,0,0,0,0,0,0,2,0,2,2,2,0,2,2,0,2,0,0,0,0,0,0,2,2,0,0,0,0,0,2,0,0,2,2,0,0,0,0,0,0,0,NA,0,0,2,0,2,0,0,0,0,0,0,0,0,2,0,2,0,0,0,0,0,0,0,0,0,0,NA,0,2,0,0,0,2,0,0,0,2,0,0,0,0,0,0,0,0,0,0,0,2,2,0,2,0,2,0,0,0,0,0,0,0,0,0,0,0,2,0,0,0,0,2,0,2,0,0,0,0,2,0,0,2,0,0,0,0,0,2,0,2,0,0,2,2,0,0,0,2,0,0,0,0,0,0,0,0,0,0,0,2,0,0,0,0,2,0,0,0,0,2,2,2,0,0,0,0,0,0,0,0,0,2,0,0,0,0,0,2,0,0,0,0,0,0,0,0,0,0,0,0,0,0,0,0,0,0,2,2,2,2,0,0,0,2,0,0,0,0,2,2,0,2,2,0,0,0,0,2,0,0,2,0,0,0,0,0,0,2,0,0,0,0,0,2,2,0,0,0,0,0,0,0,0,2,0,0,0,0,0,0,0,0,0,0,0,0,0,0,0,0,0,0,0,0,0,0,0,2,2,2,0,2,0,0,0,0,0,0,0,0,0,0,0,0,2,0,0,2,0,0,0,0,0,0,0,0,2,0,0,0,0,2,0,2,0,0,2,0,0,0,0,2,0,0,0,0,0,0,2,0,0,0,0,0,0,0,0,0,0,0,0,2,0,2,2,0,0,0,0,0,0,0,0,0,2,0,0,0,0,0,0,0,2,0,0,0,0,0,0,0,0,0,0,2,0,0,0,0,0,0,0,0,0,0,0,2,0,0,0,0,0,0,0,0,2,0,2,2,0,0,0,0,0,2,0,0,0,0,2,0,2,0,2,0,2,2,0,0,0,0,0,0,0,0,2,0,0,0,2,0,0,0,2,0,2,0,0,0,0,2,0,0,0,0,2,2,0,2,0,0,0,0,2,0,0,0,0,0,0,0,2,2,0,0,0,2,0,0,0,0,0,0,0,0,2,2,0,0,0,0,0,2,2,0,0,0,0,0,2,0,0,0,0,0,0,2,2,0,0,0,0,2,0,0,0,0,0,0,0,0,0,0,0,0,0,0,0,0,2,0,2,0,0,0,0,0,2,0,0,0,0,0,0,0,0,0,0,0,0,0,0,0,0,0,0,0,0,0,0,2,2,0,0,0,0,0,0,0,0,0,0,2,0,0,0,0,0,0,0,2,2,0,0,0,0,0,0,0,0,0,0,2,0,0,0,0,0,0,2,0,0,0,0,2,0,0,0,0,0,0,2,0,0,0,0,0,2,0,2,2,0,0,2,0,0,2,0,0,2,0,2,0,0,0,0,0,0,0,2,0,0,2,0,0,0,0,0,0,0,0,0,0,0,0,0,0,2,2,2,2,0,2,0,0,0,0,0,0,0,0,0,0,0,0,0,0,0,0,2,0,0,0,0,0,0,0,0,2,0,0,0,0,2,0,0,2,0,0,0,0,0,0,0,0,2,0,0,0,0,0,0,0,2,0,0,0,0,0,0,2,0,2,0,0,0,0,0,0,0,0,0,0,0,0,0,0,0,0,0,0,0,0,0,0,0,2,2,0,0,0,0,0,0,0,2,0,2,0,0,0,2,0,2,2,0,0,0,0,0,0,2,2,0,2,0,0,0,0,2,0,0,2,2,0,0,0,0,0,0,0,0,0,0,0,0,0,0,0,0,0,0,0,2,0,0,0,0,0,0,0,0,2,0,0,0,0,0,0,0,0,2,0,2,0,0,0,0,0,0,0,2,2,0,0,2,0,2,0,0,0,0,0,0,0,2,0,0,0,0,0,2,2,0,2,0,0,2,0,2,0,0,0,0,0,2,2,2,0,0,0,0,0,0,2,2,0,2,0,0,2,2,2,0,0,2,0,0,0,0,0,0,0,2,0,2,0,0,0,0,0,0,0,0,0,0,0,0,2,0,2,0,2,0,0,2,2,0,0,0,2,2,2,0,0,2,0,0,2,0,0,0,0,0,0,0,0,2,2,0,0,0,0,2,0,2,0,0,2,0,2,0,0,0,0,0,0,0,0,0,2,0,2,0,2,0,0,0,0,0,0,0,0,0,0,0,2,2,0,0,0,0,0,0,0,0,0,0,0,0,0,0,0,0,2,0,0,0,0,0,0,0,0,0,0,2,0,0,0,0,0,2,2,0,2,0,0,0,0,0,0,0,0,0,0,0,2,0,0,NA,0,0,2,2,0,0,0,0,0,0,0,0,0,0,0,0,0,0,0,0,0,0,2,0,0,0,0,0,0,0,0,2,0,0,0,0,0,0,0,0,0,0,0,0,0,0,0,0,0,0,0,0,0,0,0,0,0,0,0,0,2,0,0,0,2,0,0,0,0,0,2,0,0,0,0,0,0,0,0,0,0,0,0,0,0,0,0,0,0,0,NA,0,0,0,0,0,2,2,0,0,2,2,0,0,0,2,0,0,0,0,0,0,0,2,2,0,0,2,0,0,0,0,2,0,0,0,0,0,0,2,2,0,0,0,0,0,2,2,2,0,0,0,0,0,0,2,0,0,0,0,0,0,0,0,0,0,0,0,0,2,0,0,0,0,0,2,0,0,2,2,0,0,2,0,0,0,2,0,0,2,0,0,0,0,0,0,0,0,0,0,0,0,0,0,0,0,0,0,0,2,0,0,0,0,0,0,0,0,2,0,0,2,0,0,0,2,0,0,0,0,0,0,0,0,0,0,0,0,0,0,2,0,0,0,0,0,0,0,0,0,0,0,0,0,0,0,0,0,0,0,0,0,0,2,0,0,2,0,0,0,0,0,0,0,0,0,0,0,0,0,0,2,0,2,0,2,0,0,0,0,0,2,0,0,0,0,0,0,2,0,2,0,0,0,2,2,0,2,0,0,0,0,0,2,0,0,0,0,0,0,0,0,0,0,2,0,0,0,0,2,2,0,0,0,0,0,2,0,2,0,2,0,0,0,0,0,0,0,0,0,0,0,0,0,0,0,2,0,0,0,0,0,2,0,2,0,0,0,2,2,0,0,0,0,0,0,0,0,0,0,0,0,0,0,2,2,0,0,0,0,0,0,0,2,0,0,0,0,2,2,2,0,0,0,2,2,0,2,0,0,0,0,0,0,0,0,2,0,0,0,0,0,2,2,0,0,0,0,0,0,0,0,0,0,0,2,0,2,0,0,0,2,0,0,0,0,0,0,0,0,0,0,0,0,0,0,0,0,0,0,0,2,0,0,0,0,0,0,0,0,0,0,2,0,0,0,0,2,0,0,2,2,0,0,0,0,0,2,0,0,0,0,0,0,0,0,0,0,2,0,0,0,0,0,0,0,0,0,0,0,0,0,0,0,0,0,0,0,0,0,0,0,0,0,0,0,0,0,0,2,0,0,0,0,0,0,0,0,0,0,0,0,0,0,2,2,2,0,0,0,0,0,0,2,0,0,0,0,0,0,0,0,0,2,0,0,2,2,0,0,0,0,2,0,0,0,0,0,0,0,2,0,0,0,0,0,0,0,0,0,0,2,0,0,0,0,0,0,2,0,0,0,0,0,0,0,0,0,0,2,2,0,0,0,0,0,0,0,0,0,0,2,0,0,0,0,0,0,0,0,0,0,0,0,0,2,0,0,0,2,0,2,0,0,0,0,0,0,0,0,0,0,0,0,0,0,0,2,0,0,0,0,0,2,0,0,2,0,2,0,0,2,0,0,0,0,0,0,0,0,0,0,2,0,0,0,0,0,0,0,0,0,0,0,0,0,0,0,0,0,0,2,0,0,0,2,0,0,2,0,0,0,2,0,0,0,0,0,2,0,2,0,0,0,0,2,0,0,0,0,0,0,2,0,2,2,0,0,2,0,0,0,0,0,2,0,2,0,0,2,0,2,0,0,2,2,0,0,0,0,0,2,0,2,0,0,2,0,0,0,2,0,0,0,0,0,0,2,0,0,0,0,0,0,0,0,0,0,0,0,0,0,0,0,0,0,0,0,0,0,0,0,0,0,0,0,2,0,0,0,2,0,0,0,0,2,0,0,0,2,0,0,0,0,0,0,2,0,0,0,0,2,0,0,0,0,0,0,2,2,0,0,0,0,0,0,2,0,0,2,0,0,0,2,0,0,0,2,0,0,0,2,0,2,0,0,0,2,2,2,0,0,2,0,0,0,0,0,0,0,0,0,0,0,0,0,0,0,0,0,0,0,0,0,0,2,0,2,0,0,0,0,2,2,0,0,0,2,2,0,0,0,0,2,0,2,0,0,0,0,0,0,0,0,2,0,0,2,0,0,0,2,0,2,2,0,0,0,0,0,2,0,2,2,0,2,0,2,0,0,0,0,0,0,0,0,0,2,0,0,2,0,0,0,0,0,0,0,0,0,2,2,0,0,0,0,0,0,2,0,0,2,0,0,0,0,2,0,0,0,2,0,0,2,0,0,2,0,0,0,2,0,0,0,0,0,0,0,0,0,0,0,0,0,0,2,0,2,0,0,2,2,0,0,0,0,0,0,0,0,0,0,0,0,2,0,0,2,2,2,0,0,0,0,0,0,0,0,0,0,0,2,0,2,2,0,2,0,0,2,0,0,0,0,0,0,2,0,NA,0,0,0,0,0,0,0,0,0,0,0,2,2,2,0,0,0,0,0,0,0,0,0,0,0,0,0,2,0,0,0,0,0,0,0,0,0,0,0,2,0,0,0,0,0,0,0,0,0,2,0,0,0,0,0,0,0,0,2,0,0,0,0,0,0,0,2,2,0,0,0,0,0,0,0,0,0,0,2,0,2,2,2,0,2,0,0,0,0,0,0,NA,0,2,2,0,0,0,NA,0,0,0,0,0,2,0,0,0,2,0,0,0,0,0,0,2,0,0,0,0,0,0,0,0,0,2,0,0,2,0,2,0,0,0,0,0,0,0,0,2,2,2,2,0,0,0,0,0,0,2,2,2,2,0,0,0,0,0,0,0,2,2,0,0,0,2,0,0,0,0,0,2,0,0,0,2,0,0,0,0,2,0,0,2,2,0,2,2,2,2,0,2,0,0,0,0,2,0,0,0,0,2,0,0,0,2,0,0,0,0,2,2,0,0,0,0,NA,0,0,0,0,0,0,2,0,0,0,0,0,2,0,2,0,2,0,0,0,2,0,0,2,2,2,0,0,0,0,0,2,0,0,0,2,0,0,0,0,0,0,0,0,2,0,0,0,0,2,0,0,2,0,0,0,0,2,0,0,0,0,0,2,0,0,0,NA,0,0,0,0,0,2,0,0,2,0,2,0,0,0,0,0,2,2,0,0,2,2,2,0,0,0,0,0,2,0,0,0,2,2,0,0,0,0,2,0,2,0,0,0,0,0,0,0,0,0,0,0,0,0,0,0,0,2,2,0,2,0,2,0,0,0,0,0,0,0,0,2,0,2,0,0,0,2,0,2,0,2,0,0,2,0,2,0,0,0,0,0,0,0,2,2,0,0,2,0,2,0,0,0,0,0,0,0,0,0,0,0,0,0,2,2,2,0,0,0,0,0,0,0,0,0,2,0,0,2,0,0,0,2,2,0,0,0,2,0,2,0,0,0,2,0,0,0,2,2,0,0,0,2,0,0,0,0,0,0,0,0,0,0,0,0,0,0,0,0,0,0,0,0,0,0,0,0,0,0,0,0,0,0,0,0,0,0,0,0,0,0,0,0,0,0,0,0,0,0,0,0,0,2,2,0,2,0,2,0,0,0,0,0,2,NA,0,0,0,0,2,2,0,0,0,0,0,0,0,0,2,0,0,0,0,0,0,0,0,2,0,0,0,2,0,0,2,0,0,0,0,0,0,0,0,0,0,2,0,2,0,0,0,0,0,0,0,2,2,2,2,0,0,2,0,0,2,0,2,0,0,0,0,0,2,0,2,0,0,0,2,0,0,2,0,0,0,0,2,2,0,0,0,0,0,2,2,0,2,0,0,0,0,0,0,2,0,0,0,0,0,2,2,2,2,0,0,2,0,2,2,0,0,0,0,0,0,0,0,0,0,0,2,0,0,0,2,0,0,2,0,0,0,0,0,0,2,0,0,2,0,0,0,0,2,2,2,0,2,0,2,2,0,0,0,0,0,0,0,2,0,0,2,0,0,0,0,0,0,0,0,0,0,0,0,0,2,0,0,0,0,0,0,0,0,0,2,0,0,0,0,0,0,2,NA,0,2,0,0,0,2,0,0,0,0,0,2,0,2,2,0,0,0,2,0,0,0,2,2,0,0,0,2,2,0,0,0,2,2,0,0,0,0,0,0,2,2,0,0,2,2,2,2,2,2,2,2,2,2,2,0,0,0,0,0,2,2,2,0,0,0,2,0,0,0,0,0,0,0,2,0,2,0,0,0,0,0,0,2,0,0,0,0,0,0,2,2,0,0,0,0,0,0,0,0,0,0,0,0,0,2,0,0,0,2,0,0,0,0,0,0,0,0,0,0,0,0,0,0,2,0,0,2,2,0,0,2,0,0,0,0,2,2,0,0,0,0,0,0,0,2,2,2,2,0,2,0,0,0,0,0,0,0,0,0,0,0,0,2,0,0,0,0,2,2,0,0,0,2,0,0,2,0,0,0,0,0,0,0,0,0,2,0,2,0,2,0,2,0,0,0,2,0,0,0,2,0,0,0,0,0,0,2,0,0,2,0,0,0,0,2,0,0,0,0,0,2,0,0,0,0,0,2,0,0,0,0,2,2,0,0,2,0,0,0,0,0,2,0,2,0,2,0,0,0,0,0,0,2,0,0,0,0,0,2,2,0,0,0,0,2,2,0,0,0,0,0,0,0,0,2,0,0,0,2,0,0,0,0,0,0,0,2,0,0,0,2,2,0,0,2,0,0,2,0,0,0,0,0,0,2,0,0,0,0,0,0,0,0,2,0,0,0,0,0,0,0,2,0,0,2,0,2,0,0,0,0,2,0,0,0,0,0,0,2,0,0,0,0,2,0,2,0,2,0,2,0,0,0,0,0
"CC238",0,0,2,0,0,0,0,0,0,0,0,0,0,0,2,0,0,0,0,2,0,NA,0,0,2,0,0,0,2,0,0,0,0,0,2,0,0,0,0,0,2,0,0,0,0,0,0,0,0,0,0,0,0,0,0,0,0,0,0,0,0,0,0,0,2,0,0,0,0,0,0,0,0,0,0,0,0,0,0,2,0,0,0,0,0,0,2,0,0,0,0,0,0,0,0,2,0,0,0,0,2,2,0,2,2,2,0,0,0,0,0,0,0,0,0,2,0,0,0,0,0,0,0,0,0,0,0,0,0,0,0,0,0,0,0,0,0,0,2,0,0,0,0,0,0,0,2,0,0,0,0,0,0,0,0,0,0,0,0,0,0,0,0,2,2,0,2,0,0,0,0,2,2,0,0,2,0,0,2,2,0,0,0,0,0,0,0,0,0,2,0,0,0,2,0,0,0,0,0,0,0,0,0,2,0,0,0,0,0,0,0,0,0,0,0,2,0,0,2,0,0,0,0,0,0,0,0,2,0,0,0,0,0,2,0,0,0,0,0,0,2,0,0,0,0,0,0,0,0,0,2,0,0,2,0,0,2,2,0,0,0,2,0,0,2,0,0,0,0,0,0,0,0,2,0,0,0,0,0,0,0,0,0,0,0,0,0,0,0,2,0,NA,2,0,0,0,0,0,0,0,0,0,0,2,0,0,2,0,2,0,0,0,0,0,0,0,0,2,0,0,0,0,0,0,0,0,0,2,2,0,0,0,0,0,0,0,2,0,2,0,2,0,0,0,0,0,0,2,0,0,0,0,0,0,0,0,2,0,0,0,0,0,2,0,0,2,0,0,0,0,2,0,0,0,0,0,0,0,0,0,0,0,0,0,2,0,2,2,2,0,0,2,0,0,0,0,0,0,0,0,0,0,0,0,0,0,0,0,0,0,0,0,0,0,0,0,0,2,0,0,0,0,2,0,0,0,0,2,0,0,2,0,2,0,0,2,2,0,0,0,0,0,2,0,0,2,0,0,0,0,0,0,0,0,0,0,0,0,0,2,2,0,0,0,0,NA,0,0,2,2,2,0,0,2,0,0,0,0,0,0,0,0,0,0,0,0,0,2,2,0,0,2,0,2,0,0,0,0,0,0,0,0,0,0,0,0,0,0,0,2,0,0,0,0,0,0,0,0,0,2,0,0,2,0,2,2,2,0,0,0,0,0,0,0,0,0,0,0,0,0,2,0,0,0,0,0,0,0,0,0,0,0,0,0,0,0,2,0,0,0,0,0,0,2,0,0,0,0,0,0,0,0,0,0,0,0,2,0,2,0,2,2,0,0,0,0,0,0,0,2,0,0,0,2,0,0,2,2,2,2,0,0,2,2,0,0,0,0,0,0,0,0,0,0,2,0,2,0,0,2,2,0,0,2,0,2,0,0,0,2,0,2,0,0,2,0,0,0,2,2,0,2,0,0,0,0,0,2,0,0,0,2,0,0,0,0,2,0,0,2,0,0,0,0,0,2,0,0,0,0,0,0,0,0,0,2,0,0,0,0,0,0,2,0,2,0,2,0,2,0,0,0,0,0,0,0,0,0,0,0,0,0,0,0,0,0,0,0,0,0,0,0,0,0,0,0,0,2,0,0,0,0,0,0,0,0,0,0,0,0,0,0,0,0,0,0,0,0,0,0,0,0,0,0,0,0,0,2,2,0,0,0,0,0,0,0,0,0,2,0,2,0,0,0,0,0,0,0,0,0,0,0,0,0,0,0,2,0,0,0,0,0,0,0,0,0,2,0,0,0,0,0,2,0,0,0,2,0,0,0,0,0,0,2,0,2,0,2,2,0,0,0,0,0,0,0,0,0,2,0,0,0,0,2,0,2,0,0,0,0,0,0,2,0,0,0,2,0,0,0,0,0,0,0,0,0,2,0,0,0,2,2,0,2,2,0,0,0,0,0,0,0,0,2,0,0,0,2,0,0,0,0,0,0,0,0,0,0,0,0,0,2,0,0,0,0,2,0,0,0,0,0,0,0,0,0,0,0,0,0,0,0,0,0,0,0,0,0,0,0,0,2,2,0,2,0,0,0,0,0,0,2,2,2,0,0,0,2,0,0,0,2,0,2,2,0,0,0,0,0,0,0,0,0,0,0,0,0,0,0,2,0,2,0,0,0,2,0,0,0,0,0,0,0,0,0,0,2,0,0,2,0,0,0,0,0,0,0,2,2,0,0,0,0,2,2,0,0,0,0,2,0,0,0,0,0,0,0,0,0,0,0,0,0,0,0,0,0,0,0,0,0,0,0,0,2,0,0,0,0,0,0,0,0,2,2,0,0,0,0,0,0,0,0,0,0,0,0,0,0,0,0,0,0,0,2,0,0,0,0,0,0,0,0,2,0,0,0,2,0,0,0,0,0,2,0,2,2,0,0,0,0,0,0,2,2,0,0,0,0,2,2,0,0,0,0,0,0,2,0,0,0,2,0,0,2,0,0,0,0,2,0,0,2,0,0,0,2,2,0,0,0,2,0,0,2,0,2,0,2,0,2,0,0,2,0,0,0,0,0,2,0,0,0,2,0,0,0,0,0,0,0,0,2,2,0,0,0,2,2,0,2,0,2,0,0,0,0,0,2,2,2,0,0,2,0,0,0,0,0,0,0,0,2,0,0,0,0,0,0,2,0,0,0,0,0,0,0,2,0,0,0,2,0,0,2,0,0,2,2,0,0,0,0,0,0,0,0,0,0,0,0,0,2,0,0,0,0,0,0,0,0,0,0,2,2,0,0,0,0,2,2,2,0,0,0,0,0,0,2,0,0,0,NA,0,2,0,0,0,0,0,0,0,2,2,0,0,0,0,0,0,2,0,2,2,2,0,0,0,0,0,0,0,0,0,0,NA,0,0,2,0,0,0,0,2,0,0,0,0,2,2,2,0,0,0,0,0,0,0,0,0,0,0,0,0,0,0,0,0,2,0,0,NA,0,0,0,0,0,0,0,0,0,0,0,0,0,2,0,2,0,0,0,2,0,0,0,0,0,0,0,0,2,2,0,2,0,0,0,0,0,0,2,2,2,0,0,0,2,0,0,2,2,2,0,0,0,2,0,2,0,NA,2,0,2,0,0,0,0,0,0,0,2,2,2,0,0,2,0,0,0,0,0,0,0,0,0,2,0,2,2,2,0,0,2,0,0,0,0,0,0,2,0,0,2,2,0,0,0,0,0,0,0,0,0,2,2,2,2,2,0,2,0,0,0,0,2,0,0,0,2,0,2,NA,0,0,0,2,0,0,2,2,0,2,2,0,0,0,0,0,0,0,0,0,0,2,0,0,0,2,0,0,0,0,0,2,2,0,0,2,0,0,0,0,0,0,0,0,0,2,0,0,0,0,0,0,0,0,2,2,0,0,0,0,0,0,0,0,0,2,0,0,0,0,2,0,2,0,2,0,0,2,2,0,0,0,0,0,2,2,2,0,0,0,0,0,0,0,0,0,0,0,0,0,0,0,0,2,0,0,2,2,0,0,2,0,0,0,0,2,0,0,2,0,0,0,2,0,0,2,0,2,2,2,0,0,0,0,0,0,0,0,0,0,0,2,0,0,0,0,2,0,0,0,2,2,0,0,0,0,0,0,0,0,0,2,0,2,2,0,2,0,0,0,2,2,2,0,0,0,2,0,2,2,2,0,0,2,0,0,0,2,0,2,0,0,2,2,0,0,0,0,0,2,0,2,2,2,0,0,2,0,2,2,0,0,2,0,0,0,0,0,0,0,0,0,0,2,2,0,0,0,0,NA,2,0,0,0,0,0,0,0,0,0,0,0,2,0,0,0,2,2,0,NA,0,0,0,0,0,0,0,0,0,0,0,0,2,0,0,2,0,0,0,0,2,2,0,0,0,0,0,2,2,2,0,2,0,0,0,0,2,0,0,0,0,0,2,0,2,0,0,0,0,2,2,0,0,0,0,0,2,0,2,0,0,0,0,2,0,0,0,2,0,0,0,0,0,2,0,0,0,0,0,2,0,0,0,0,0,0,0,0,0,0,0,2,2,0,0,0,0,0,0,0,2,0,0,0,2,2,2,0,0,0,0,0,0,0,0,2,0,0,0,0,2,0,0,2,0,0,0,0,0,0,0,0,0,0,0,2,0,0,0,0,2,2,0,0,2,0,2,2,0,0,0,0,0,2,0,0,0,0,0,2,2,0,0,0,2,2,0,0,0,0,0,2,2,0,0,2,0,0,0,0,0,0,0,0,0,0,0,0,0,0,0,0,0,0,0,2,0,0,0,0,0,0,0,NA,0,0,2,0,2,0,0,0,2,0,0,0,2,0,2,0,0,2,0,0,0,0,0,0,0,0,0,2,0,0,0,0,0,0,0,0,0,0,0,2,0,0,0,0,0,0,0,0,0,0,0,0,2,0,0,0,0,0,0,0,0,0,0,2,0,0,2,2,2,0,2,0,0,0,0,0,0,0,0,0,0,2,0,2,2,0,0,0,0,0,0,0,0,0,2,0,0,0,0,0,0,2,0,0,0,0,0,0,0,0,0,0,0,0,0,0,0,0,0,2,0,0,0,2,0,0,2,0,0,0,0,0,0,0,2,0,2,0,0,0,0,0,0,0,0,0,0,2,0,0,2,0,0,0,0,0,0,0,0,0,0,0,0,0,0,2,0,0,0,0,0,0,0,0,2,0,2,0,0,2,0,0,0,0,0,0,0,0,2,2,0,0,0,0,0,2,2,0,0,0,0,2,2,0,0,0,0,0,0,0,0,2,0,0,2,0,0,0,0,0,0,0,0,0,0,0,2,2,0,0,0,0,0,0,0,0,0,0,0,0,0,2,0,0,0,0,0,0,0,2,0,0,0,0,0,0,0,0,0,0,0,0,0,2,0,0,2,0,0,0,0,0,0,0,0,0,0,2,2,0,0,0,0,0,0,2,0,0,0,2,0,0,2,0,0,2,0,0,0,0,2,2,0,2,0,0,2,0,0,2,0,2,0,0,0,0,0,0,0,0,0,0,0,2,0,0,2,0,2,0,2,0,0,2,2,2,2,0,2,2,0,0,0,0,0,2,0,0,0,0,0,0,0,0,0,0,0,2,0,0,2,0,0,0,0,0,0,0,0,0,0,2,0,0,0,0,2,0,2,0,0,0,0,2,0,0,0,0,2,2,0,0,2,0,0,0,2,0,0,0,0,0,0,0,0,0,0,2,0,0,0,0,2,2,0,0,0,2,0,0,0,0,0,0,0,0,2,0,0,0,0,0,0,0,0,2,0,2,0,0,2,0,0,0,0,0,0,0,2,0,0,0,0,0,0,0,0,0,2,0,0,0,0,0,0,0,0,0,0,0,0,0,0,0,0,0,0,0,0,0,2,2,0,0,2,0,0,2,0,0,0,0,0,0,0,0,0,0,0,2,0,0,0,2,0,0,0,2,2,0,0,0,0,0,0,0,0,2,0,0,2,0,0,2,0,0,2,2,2,0,0,2,0,0,0,0,0,0,0,0,0,0,0,2,0,0,0,0,0,0,0,0,0,0,0,0,0,2,0,2,2,2,2,0,0,0,0,0,0,0,0,2,0,0,0,0,0,0,0,2,0,0,0,0,0,2,0,0,0,2,2,0,0,0,2,2,0,0,0,2,0,0,2,2,0,0,0,0,0,2,2,0,2,NA,0,0,0,2,0,0,0,0,0,0,0,0,0,0,0,0,0,0,2,0,0,0,0,0,0,0,0,0,0,0,0,0,0,2,2,0,0,0,0,0,2,2,0,0,0,0,0,0,0,0,0,2,0,0,0,0,0,2,0,0,0,0,0,0,0,0,0,0,0,0,0,0,0,0,0,0,0,0,2,0,0,0,0,0,0,0,0,0,0,0,0,0,2,2,0,0,0,0,0,2,0,0,2,0,0,0,0,0,0,0,0,0,0,0,0,0,0,0,2,2,2,0,0,0,0,0,0,0,0,0,0,2,0,0,0,0,0,0,2,0,2,0,2,0,2,0,2,0,0,0,0,0,0,0,0,0,2,0,2,2,0,0,0,0,0,0,0,0,2,0,2,0,0,2,0,0,0,0,0,0,0,0,0,0,0,0,0,0,0,0,0,0,0,0,0,0,0,2,0,0,0,0,0,0,0,0,0,0,0,0,0,0,0,0,0,0,0,0,2,0,0,0,0,0,0,2,0,2,0,2,0,2,0,0,2,0,0,0,2,2,2,0,2,2,2,2,0,0,0,2,0,0,0,0,0,0,0,0,NA,0,2,2,0,2,0,0,2,0,0,0,0,2,0,0,0,2,0,0,0,2,0,0,2,2,0,2,0,2,2,2,2,0,2,0,2,0,2,0,2,2,0,0,2,0,0,0,0,0,0,0,0,2,2,0,0,0,0,0,0,0,0,0,0,0,0,0,0,2,0,0,0,0,0,0,2,0,0,0,0,2,0,0,2,0,0,2,0,0,0,0,0,2,0,0,0,0,2,0,0,0,0,0,2,0,0,0,0,0,0,0,0,0,0,0,2,0,0,0,0,0,2,0,2,0,0,0,2,0,2,0,0,0,0,0,0,0,0,0,0,0,0,0,2,0,2,0,0,0,0,2,0,0,0,0,0,0,2,0,0,0,0,0,0,0,0,0,0,0,2,0,0,0,0,0,0,0,2,0,0,0,0,0,0,0,0,0,0,0,2,0,0,0,0,0,2,2,0,0,0,2,0,2,0,0,0,0,0,2,0,2,0,0,0,0,0,0,0,0,0,0,0,0,0,0,2,0,0,2,0,0,0,0,0,0,0,0,0,0,0,0,0,0,0,0,0,0,0,0,0,0,0,0,0,2,2,0,0,0,0,0,0,0,0,0,0,0,0,0,2,0,0,0,0,2,0,0,0,0,0,0,0,0,0,0,0,0,0,0,0,0,0,2,2,2,0,2,0,0,0,0,0,0,2,2,0,2,0,0,0,0,0,0,2,0,0,0,0,0,0,0,0,2,0,0,0,0,2,0,0,0,0,0,0,0,0,0,0,0,0,0,0,0,0,0,0,0,0,2,0,0,0,0,2,0,0,0,0,0,0,0,2,0,2,2,0,0,0,0,2,0,0,0,0,0,0,0,2,0,0,0,0,2,0,0,0,0,0,0,2,0,0,0,0,0,0,0,0,0,0,0,0,0,0,0,2,0,2,0,0,0,0,0,0,0,2,0,0,2,0,0,0,0,0,0,2,0,0,0,2,0,2,0,0,0,0,0,0,0,2,0,2,0,0,0,0,0,0,0,0,0,2,0,0,0,2,2,0,0,2,0,0,0,0,0,0,0,0,0,0,0,0,0,0,0,0,0,0,2,2,0,2,0,0,0,0,0,2,0,2,0,0,0,2,0,0,2,0,0,0,2,0,0,0,2,0,0,0,0,2,0,0,0,0,0,0,0,0,0,2,0,0,0,0,0,0,0,0,0,0,0,0,0,0,0,0,NA,0,0,0,0,0,2,0,2,0,0,0,0,0,0,0,0,2,0,0,0,0,2,0,2,0,0,0,0,0,2,0,0,0,0,2,0,0,0,0,0,2,2,0,0,0,2,2,0,2,0,0,0,0,2,0,0,0,0,0,0,0,0,2,0,0,0,0,0,0,2,0,2,0,0,2,0,2,0,2,NA,0,0,2,0,0,0,0,0,0,2,0,2,0,0,0,0,0,0,0,0,2,0,2,2,0,0,0,0,2,0,0,0,0,0,0,0,0,0,0,0,0,0,0,0,2,0,0,0,0,0,0,0,0,2,2,2,0,0,2,0,0,2,0,0,0,2,0,2,0,0,2,2,2,0,2,0,2,0,0,0,0,2,2,2,2,0,0,2,2,0,2,2,0,0,2,2,0,0,0,0,0,0,0,2,0,0,0,0,0,0,0,0,0,0,0,0,0,0,0,0,0,0,0,0,0,2,0,0,0,0,0,0,0,0,0,0,0,0,0,0,0,0,0,0,2,0,0,0,0,0,0,0,0,0,0,0,0,0,0,0,0,0,0,0,0,0,0,0,2,0,0,0,0,0,0,0,0,0,0,2,2,0,0,2,2,0,2,2,0,0,0,0,0,0,0,2,2,0,0,0,0,2,0,0,0,2,2,0,0,2,0,0,2,0,2,0,2,0,2,2,2,0,0,0,0,2,0,0,0,0,0,0,0,2,0,0,0,0,0,0,0,2,2,2,0,0,2,NA,0,2,0,0,2,0,0,0,0,0,0,0,0,0,0,0,0,0,2,2,0,0,0,2,0,0,0,0,0,0,0,0,0,0,0,0,0,0,0,2,0,2,0,0,NA,2,0,0,0,0,0,0,2,2,2,0,0,0,0,2,0,0,0,0,0,0,0,0,2,0,0,2,0,2,0,0,0,0,0,2,2,0,0,2,0,0,2,0,0,0,2,0,0,0,0,2,2,0,0,2,0,0,2,0,0,0,0,2,2,0,0,2,2,0,0,0,0,0,0,0,2,0,0,0,0,2,0,0,0,0,0,0,0,0,2,0,2,0,0,0,2,2,0,0,0,0,0,0,0,0,0,0,0,0,0,2,0,0,0,0,2,0,0,0,2,0,2,0,0,0,0,2,0,0,0,0,2,0,0,0,2,0,2,0,0,0,0,0,0,2,0,0,0,0,0,0,0,0,0,0,0,0,0,0,0,0,0,0,0,0,0,0,0,0,0,0,2,0,0,0,0,0,0,0,0,0,0,2,0,2,0,0,2,0,0,0,0,2,0,2,0,0,0,0,0,0,0,0,0,0,2,0,0,0,0,0,0,2,2,2,0,0,0,0,0,0,0,0,0,0,0,0,0,2,2,2,0,0,0,0,0,0,0,2,2,0,2,0,0,0,0,0,2,0,0,0,0,0,0,2,2,0,0,0,0,0,0,0,2,0,0,0,0,0,0,0,0,0,0,0,0,0,0,0,0,2,0,0,0,0,0,0,0,2,0,0,0,0,2,0,0,0,0,2,0,0,0,0,2,0,2,0,0,0,0,0,0,0,0,0,0,0,2,2,2,0,2,0,0,0,0,0,0,0,0,2,0,2,0,0,0,0,0,0,0,0,2,0,0,0,0,0,0,0,0,0,0,0,0,0,0,0,0,0,0,0,0,0,2,0,0,2,0,0,2,2,2,0,2,0,0,0,0,0,2,2,2,0,0,0,0,0,0,0,0,2,0,0,0,0,0,0,0,0,0,0,2,2,0,2,NA,0,0,2,0,0,2,0,2,2,0,0,0,0,0,0,2,0,2,0,0,0,0,2,0,0,0,0,0,0,0,0,0,2,0,0,2,2,2,2,0,0,0,2,0,0,0,0,2,0,0,0,0,2,0,0,2,0,0,2,2,2,0,0,0,2,2,2,0,0,0,0,2,0,0,0,0,0,0,0,0,0,0,2,0,2,2,2,0,0,0,0,0,0,0,0,0,0,2,0,0,2,0,0,0,0,0,2,2,0,0,0,0,0,2,0,0,0,0,0,2,2,2,2,0,0,0,0,0,0,0,2,0,2,0,2,0,0,0,2,0,0,0,2,0,0,2,2,0,0,0,0,0,2,2,0,0,0,0,0,0,0,0,0,0,0,0,2,0,2,2,0,0,0,2,0,0,0,0,0,0,0,2,0,0,0,2,0,2,0,0,0,0,0,0,0,0,0,0,0,0,2,2,0,0,0,0,2,0,0,0,0,0,0,0,0,0,0,0,0,0,0,0,0,0,0,0,0,0,0,0,2,0,0,2,0,0,0,0,2,2,2,2,2,0,0,0,0,0,0,0,0,0,0,0,2,0,0,0,0,2,0,0,0,2,0,0,0,0,0,0,0,0,0,0,0,0,0,0,2,0,0,0,0,0,0,0,0,0,0,0,0,0,0,0,0,0,2,0,0,0,2,0,0,0,0,2,0,0,0,2,0,0,2,0,0,0,2,0,0,2,2,0,0,0,0,0,2,0,0,2,0,0,2,2,2,0,0,0,0,0,2,2,0,2,2,0,2,0,0,0,0,0,0,2,2,0,2,0,2,2,0,0,0,0,0,2,0,0,0,2,0,0,0,0,0,0,2,0,2,0,2,0,0,0,2,0,0,0,0,0,0,0,0,0,0,0,0,0,0,0,0,0,0,0,2,0,0,2,0,0,0,0,0,0,0,2,0,0,0,0,0,0,0,0,2,0,0,0,0,0,0,0,0,0,0,0,2,0,2,0,0,0,0,2,0,0,NA,2,0,0,2,0,2,0,0,0,0,0,0,0,0,0,2,0,2,0,0,0,0,0,0,0,0,0,0,2,0,0,2,2,0,0,2,0,0,2,0,2,0,2,0,0,0,0,2,0,2,0,0,0,0,0,0,0,0,0,2,2,0,0,0,2,0,0,0,0,0,2,0,0,2,0,0,0,0,0,0,0,0,2,2,0,0,0,0,0,2,0,0,0,0,0,2,0,0,0,0,2,0,0,0,2,0,NA,0,0,0,0,0,0,0,2,0,0,0,0,0,0,0,2,2,0,2,2,0,2,0,0,0,0,0,2,0,0,0,2,0,0,0,0,0,0,0,0,0,2,0,0,2,0,2,2,0,0,0,2,2,2,2,0,0,0,2,0,2,0,0,0,0,0,0,0,0,2,2,0,0,2,0,0,0,0,0,0,2,0,0,0,0,0,0,2,0,0,0,2,0,0,0,0,0,0,0,0,0,0,0,0,0,2,0,0,2,0,0,0,0,2,0,0,0,0,0,0,0,0,0,0,0,0,2,0,0,0,0,2,0,2,0,0,0,0,0,0,0,0,0,2,0,0,2,0,0,2,2,0,0,0,2,0,0,2,0,0,0,0,0,2,0,0,0,0,0,0,2,2,0,0,0,0,0,0,0,0,0,0,0,0,0,0,0,0,0,0,2,0,0,2,0,0,2,0,2,0,0,0,0,0,0,0,0,0,0,0,0,0,2,2,2,0,0,0,0,0,0,0,2,0,0,0,0,0,0,0,0,0,0,0,2,0,0,0,0,0,0,0,0,0,0,0,0,0,0,0,0,2,0,0,0,0,2,2,2,2,0,0,0,2,0,0,0,0,0,0,2,0,0,0,2,0,2,0,0,0,0,0,2,0,0,0,2,0,0,0,0,0,0,0,0,0,0,0,0,0,0,0,0,0,2,0,0,0,2,2,0,0,0,0,0,0,0,2,0,0,0,0,0,2,0,0,0,0,0,0,2,2,0,0,0,2,2,0,0,0,0,0,0,2,2,0,0,0,2,0,0,0,2,2,0,0,0,2,0,2,0,0,0,0,0,0,0,0,0,0,0,0,0,0,0,2,0,0,0,0,0,0,2,0,0,2,0,2,0,0,0,0,0,0,0,0,0,0,0,0,0,0,0,0,0,0,2,0,0,0,0,2,0,0,0,0,0,0,0,0,0,0,0,0,0,0,0,0,2,0,2,0,2,2,0,2,0,0,0,0,0,0,0,0,0,0,0,0,0,0,0,2,0,2,0,0,0,2,0,0,2,0,0,0,0,2,0,0,0,0,2,0,0,0,0,2,0,0,0,0,0,2,0,2,0,0,2,0,0,0,0,0,0,0,2,0,0,2,0,0,2,0,0,0,0,0,2,0,0,0,0,0,0,0,0,0,0,0,0,0,0,0,0,2,0,0,2,0,0,0,0,0,0,0,0,0,0,0,2,0,0,0,0,2,0,2,0,0,0,2,0,0,0,0,0
"CC239",2,0,0,0,2,0,0,2,0,2,0,0,0,0,0,0,0,0,0,0,0,2,2,0,0,0,0,0,0,2,0,0,0,0,0,0,2,0,0,2,0,2,2,2,0,NA,2,0,0,0,2,NA,0,0,0,0,0,0,2,0,0,0,0,2,0,0,2,0,0,0,2,0,2,0,0,0,0,2,0,0,2,2,0,2,2,0,0,2,0,0,2,0,2,0,0,2,0,0,0,0,0,0,0,2,0,2,2,0,0,0,0,2,0,0,0,0,0,0,0,2,0,0,2,0,0,0,2,0,0,0,0,0,0,0,2,0,0,0,0,2,0,2,2,0,0,0,2,0,0,2,0,0,2,0,0,2,0,0,0,0,0,0,0,2,2,2,0,2,2,2,0,2,0,2,2,0,0,0,0,0,0,2,0,0,2,2,2,0,0,0,2,2,2,0,0,0,0,2,0,0,0,0,0,0,0,0,0,0,2,0,2,0,2,0,0,2,2,0,0,0,0,0,0,0,0,2,0,2,2,0,2,0,2,0,0,0,0,0,0,0,0,0,0,0,0,2,2,0,0,2,0,0,0,0,0,0,2,0,0,0,0,0,0,0,0,0,0,0,0,0,0,2,2,0,0,0,0,0,0,0,0,0,0,0,0,0,0,0,0,0,0,0,0,0,0,0,0,0,0,0,0,2,0,0,0,0,0,0,2,0,0,2,0,0,0,0,0,0,0,0,0,0,2,0,0,0,0,2,2,0,0,0,0,0,0,0,0,0,0,0,0,0,0,0,0,0,0,0,0,0,0,2,0,0,0,2,2,0,2,0,0,2,0,0,0,0,0,2,0,0,0,0,0,0,0,0,2,0,0,0,0,0,0,0,2,0,0,0,0,0,0,0,2,2,2,2,2,0,0,0,0,0,2,0,0,0,0,0,0,2,0,0,0,0,0,0,2,0,0,2,0,0,0,0,0,0,0,0,2,2,0,0,0,0,0,0,0,0,0,0,0,0,0,0,0,0,0,0,2,0,0,0,0,0,0,0,0,2,0,0,0,0,2,0,2,2,0,2,0,0,2,2,0,2,0,0,0,2,2,0,0,0,0,0,0,2,0,0,2,2,2,0,0,2,0,0,0,0,0,2,2,0,2,0,0,0,0,0,2,0,0,0,2,0,0,0,0,0,0,0,2,0,0,0,0,0,0,0,0,0,0,0,0,0,0,0,0,0,0,2,0,0,0,2,2,0,0,0,0,0,0,0,0,0,0,0,0,0,0,0,0,0,0,2,0,0,0,0,0,0,0,0,0,0,0,0,2,0,0,0,0,0,0,0,0,0,0,0,0,2,0,0,0,0,0,0,2,2,0,0,0,0,0,2,0,0,2,0,2,0,0,0,0,0,0,0,2,0,2,0,2,0,0,0,0,0,0,0,0,0,0,0,0,0,0,0,0,0,0,0,0,0,2,0,0,0,2,0,0,0,0,0,0,0,2,2,0,0,0,0,2,2,0,0,0,0,2,0,0,0,0,0,0,2,0,0,0,0,0,0,0,0,0,0,0,0,0,0,0,0,0,0,0,0,2,0,2,0,0,0,2,2,0,0,0,0,0,2,0,0,0,0,2,0,2,0,0,0,0,0,0,0,0,0,0,0,0,0,0,0,0,2,0,0,0,2,0,0,0,0,0,0,0,0,0,0,0,0,0,0,0,0,2,0,0,0,0,0,2,0,0,0,0,2,0,0,0,0,2,0,2,0,0,0,0,0,0,0,0,0,0,0,2,0,0,2,0,2,2,0,0,0,0,0,0,0,2,0,0,0,0,0,2,2,0,2,0,2,2,0,0,0,0,0,0,0,0,0,2,0,0,0,0,0,0,2,2,0,0,2,0,2,0,0,0,0,2,0,0,0,2,0,0,0,0,0,0,0,0,0,0,0,0,2,2,0,0,2,0,0,2,0,2,0,0,0,0,0,2,2,2,2,2,0,2,0,2,0,0,2,0,0,0,0,0,0,0,0,2,2,0,2,0,0,0,0,2,2,2,0,0,0,2,0,2,0,2,2,0,0,0,0,0,0,0,2,0,0,0,0,2,0,0,0,0,0,0,0,0,0,2,0,0,0,0,0,0,0,0,0,0,2,0,0,0,0,0,0,2,0,0,2,2,0,0,0,0,0,0,0,0,0,0,0,0,0,0,0,0,0,2,0,2,0,0,2,0,0,2,2,0,0,2,2,0,0,2,0,0,0,2,0,0,0,2,2,2,2,0,0,0,2,2,0,0,0,0,0,0,0,0,2,NA,2,0,0,0,2,0,0,0,0,0,0,2,0,0,0,0,0,0,2,0,0,2,0,2,0,0,0,0,0,0,0,0,0,2,0,0,0,0,0,0,0,2,0,2,2,2,0,0,0,0,2,0,0,0,2,0,0,0,2,2,0,0,2,0,0,0,0,0,0,2,0,0,2,2,2,0,0,0,2,0,0,0,0,0,0,2,2,0,0,2,2,0,2,NA,0,0,0,0,2,0,0,2,0,2,2,2,0,0,0,0,0,0,0,0,0,0,0,0,0,0,0,0,0,0,0,0,2,0,0,0,2,2,0,0,0,2,2,0,2,0,2,0,0,2,0,0,0,0,0,0,0,0,0,0,0,2,0,2,2,0,0,0,0,0,2,0,0,0,0,0,0,0,2,0,0,0,0,0,0,0,0,0,0,0,0,2,2,0,0,0,0,0,2,0,0,0,0,0,0,2,0,0,0,0,0,0,0,0,0,0,2,2,0,2,2,0,0,0,2,0,2,0,0,0,0,0,0,2,0,0,0,0,0,0,0,0,0,0,0,0,0,2,2,0,0,0,0,0,0,2,0,0,0,0,2,0,0,0,0,0,0,0,0,0,2,0,2,0,0,2,0,0,2,0,0,0,2,0,2,0,0,0,0,0,0,2,0,0,0,0,0,2,0,2,0,0,0,0,0,2,0,0,0,2,2,0,2,0,0,0,0,0,2,0,0,0,0,0,0,0,0,0,0,0,0,0,2,0,2,0,0,2,0,0,0,0,0,0,0,2,0,0,0,0,0,0,0,0,0,0,2,0,0,2,0,0,0,0,0,2,0,2,0,2,0,2,0,0,0,0,2,0,0,0,0,2,0,0,0,0,2,0,0,2,0,0,2,0,2,0,2,2,2,0,2,0,NA,NA,0,2,2,2,0,2,2,2,0,2,0,2,0,0,2,2,0,0,0,0,0,0,2,0,0,2,0,2,0,0,0,2,0,0,0,0,0,2,0,NA,0,2,2,0,0,0,0,0,0,0,2,0,0,2,0,0,0,2,2,0,0,2,0,2,0,2,0,2,0,0,2,0,0,2,2,0,0,0,0,0,2,0,0,0,2,0,0,2,0,0,0,0,0,2,0,0,0,0,0,0,0,0,2,0,2,0,2,0,0,2,0,2,0,0,2,0,2,0,0,0,0,0,0,0,0,0,0,0,0,0,0,0,0,0,0,0,0,0,0,2,0,0,0,0,0,0,0,0,2,0,0,0,0,2,2,0,2,0,2,0,0,0,0,0,0,0,2,0,0,2,0,0,0,2,2,0,0,0,0,0,2,0,0,2,2,0,0,0,0,0,0,0,0,0,0,0,2,0,0,0,2,2,0,2,0,0,0,0,0,0,0,2,0,0,0,0,0,0,0,0,2,2,0,2,0,0,0,0,0,0,0,0,0,2,2,2,0,0,0,0,0,2,0,0,0,0,2,0,0,0,0,0,0,2,0,0,0,0,0,0,2,2,0,0,0,2,0,0,0,0,0,0,0,0,0,0,0,0,2,0,0,0,0,0,2,2,0,0,0,0,0,0,0,2,0,2,2,0,0,0,0,0,0,2,0,0,0,2,2,2,0,2,0,0,0,2,0,2,0,0,0,2,NA,NA,0,0,NA,0,0,NA,0,2,0,2,2,0,2,2,0,0,0,0,0,0,0,2,2,0,0,0,0,0,0,0,0,2,0,0,0,0,0,0,0,NA,0,0,0,0,0,0,0,0,0,0,0,2,0,0,0,0,0,2,2,0,0,0,0,0,2,0,0,0,0,2,0,2,0,2,0,2,0,2,2,0,0,0,0,0,0,0,0,0,0,0,2,0,0,0,0,0,0,0,2,0,0,0,2,0,0,2,0,0,0,2,0,2,0,0,0,2,0,0,0,0,0,0,0,0,0,0,0,0,0,0,0,0,0,0,0,0,0,0,0,2,0,2,0,2,0,0,0,0,0,2,0,0,0,0,2,0,0,0,2,2,0,0,0,0,0,0,0,0,0,2,0,0,2,0,2,2,0,0,0,0,0,0,2,2,0,0,2,2,0,0,0,2,0,2,0,0,0,2,0,2,0,0,0,0,0,2,0,0,0,0,0,0,0,0,0,0,2,0,0,2,0,0,0,2,0,0,0,0,0,0,0,0,0,0,0,0,0,2,0,0,0,0,0,0,0,0,0,0,0,0,0,0,0,0,0,2,0,0,0,0,0,0,0,0,0,0,2,0,0,0,2,2,2,2,0,2,2,0,2,0,0,0,0,0,0,0,0,0,0,0,0,2,0,0,2,2,0,0,2,2,0,0,0,2,2,0,0,0,2,0,0,0,0,0,0,2,0,0,2,0,0,2,0,0,0,2,0,0,0,0,2,2,0,0,2,0,0,0,2,0,0,0,2,0,0,0,0,0,0,0,0,2,0,0,0,0,0,0,0,0,0,0,2,0,2,0,0,0,NA,0,0,0,0,2,0,0,NA,0,0,0,2,2,0,0,0,2,2,2,0,0,2,0,0,0,0,0,0,0,0,0,0,0,0,0,0,0,0,0,2,0,0,0,0,0,0,0,2,0,0,0,0,0,0,0,0,2,0,2,0,0,0,0,0,0,0,0,0,0,0,2,0,0,0,0,0,0,0,0,0,0,0,2,0,0,2,0,0,0,0,0,2,0,2,2,0,0,0,0,0,0,0,2,0,0,2,0,0,2,2,0,0,0,0,0,0,0,0,0,2,0,2,0,0,0,0,0,0,0,2,2,2,0,0,0,0,0,0,0,0,0,2,0,0,0,0,0,0,0,0,0,0,0,0,0,0,0,0,0,0,0,0,2,0,0,0,0,2,0,0,0,0,0,0,0,0,0,0,0,0,0,0,0,0,0,0,0,0,0,0,0,0,0,2,0,0,0,0,2,0,2,0,0,0,0,2,0,0,0,2,0,0,0,0,2,0,0,0,0,0,0,0,2,2,0,0,0,0,0,0,2,2,0,0,0,0,0,2,2,0,0,0,0,2,0,0,0,0,0,0,0,0,0,0,0,0,0,0,0,0,0,0,2,0,0,2,0,2,0,2,0,0,0,0,2,0,2,0,0,0,2,2,0,0,0,0,0,0,0,0,0,2,2,0,0,0,0,0,0,2,2,2,0,0,0,0,2,0,0,2,0,0,0,NA,2,0,2,0,0,0,2,2,2,0,2,0,0,0,0,0,0,2,0,0,2,0,2,2,0,0,0,2,2,0,0,0,2,0,0,2,0,0,0,0,0,0,0,0,0,0,0,2,0,2,0,0,0,0,0,0,0,0,0,0,0,2,0,0,0,0,0,0,0,0,0,2,0,0,0,0,0,0,0,0,0,2,2,2,0,0,0,0,0,0,0,0,0,0,0,0,0,0,0,0,0,0,0,2,0,0,0,0,0,2,2,0,0,2,0,0,0,2,0,2,0,0,0,0,0,0,2,0,0,2,0,0,0,2,2,0,2,0,2,0,0,0,0,0,2,0,0,0,2,0,2,0,0,0,2,0,0,0,2,0,0,0,0,0,0,0,2,0,0,0,2,2,0,0,0,2,0,2,2,0,0,0,2,2,2,0,0,0,2,2,0,2,0,0,0,2,0,2,0,0,0,0,0,0,0,0,0,0,0,0,0,0,0,0,0,2,0,0,0,0,0,2,0,0,2,0,0,0,2,0,0,0,0,0,0,0,0,0,0,0,0,0,0,0,0,2,0,0,2,0,0,0,2,2,0,2,2,0,0,0,0,0,0,0,2,0,2,0,0,0,0,0,2,2,0,0,0,0,0,0,0,0,0,0,0,0,0,0,0,0,0,0,0,0,2,0,0,0,0,2,0,0,0,0,0,0,0,0,0,0,0,0,2,0,2,0,2,0,2,0,0,0,0,0,0,2,0,0,2,0,0,2,0,0,2,0,2,0,0,0,0,0,0,0,0,0,0,0,0,0,0,0,0,0,0,0,0,2,2,0,0,0,0,0,0,0,2,0,0,0,0,2,0,2,0,0,0,0,0,2,0,2,0,0,0,0,0,0,2,0,0,0,0,0,2,0,0,0,0,0,0,0,2,0,0,0,0,0,2,2,0,0,0,0,2,0,0,0,0,0,0,0,0,0,0,0,0,2,0,0,0,2,0,0,0,0,2,0,0,2,0,2,2,0,2,0,2,2,0,2,0,2,0,0,0,0,2,0,0,0,0,2,2,2,0,0,0,2,0,0,0,2,2,0,2,0,0,0,0,0,2,0,2,2,0,0,0,0,0,0,0,0,0,0,2,0,2,0,2,0,0,0,0,0,0,0,2,0,2,0,2,0,2,2,2,0,2,2,2,0,2,2,0,0,0,2,0,2,0,2,0,0,0,0,2,0,0,0,0,2,2,0,0,0,2,0,0,0,0,0,0,0,2,0,0,0,0,0,0,2,0,0,0,0,0,0,0,0,0,0,2,0,0,0,0,0,0,0,0,0,0,2,0,0,0,0,2,0,2,0,0,0,0,2,NA,0,0,2,0,0,0,0,0,0,0,2,2,0,0,0,2,0,0,0,0,2,0,2,2,2,2,0,2,0,0,0,0,2,2,0,2,0,2,0,0,2,2,0,0,0,2,2,0,0,0,0,0,0,0,0,0,0,2,2,2,2,0,0,2,0,2,2,2,0,0,0,0,0,0,2,0,0,0,0,2,2,0,0,0,2,0,0,0,2,2,2,2,0,2,0,0,0,0,0,0,2,0,0,0,0,2,0,0,0,0,2,0,2,2,0,2,0,2,0,0,2,0,0,0,0,0,2,0,0,0,0,0,0,2,0,2,0,0,2,0,2,0,0,0,2,0,2,0,2,0,0,0,0,2,0,0,0,2,0,0,0,0,0,0,2,0,0,2,2,0,0,0,0,0,0,2,2,2,0,0,0,0,2,0,0,0,2,0,2,0,0,0,0,0,0,0,0,0,2,0,0,0,0,0,0,0,0,0,0,0,0,0,0,0,2,0,0,0,0,0,0,0,0,0,0,0,0,0,0,0,0,0,0,0,0,0,0,0,0,0,0,0,0,0,0,0,2,0,0,0,2,0,2,0,0,0,0,0,0,0,0,0,0,0,0,2,2,0,0,0,2,0,0,0,0,0,0,0,2,0,0,0,0,NA,2,0,2,0,2,2,0,2,2,0,0,0,0,2,2,0,0,0,2,2,0,0,0,0,2,2,0,0,2,0,2,2,0,0,2,2,0,2,0,2,2,2,0,0,0,0,0,0,0,0,0,0,0,0,0,0,0,2,0,0,0,2,0,0,0,2,0,0,0,0,0,2,NA,0,0,0,0,0,2,2,2,0,0,0,2,0,0,0,0,2,2,0,0,0,0,0,0,0,2,0,0,0,0,0,0,0,0,0,0,0,0,0,0,0,0,2,0,0,2,2,0,0,0,0,0,0,0,0,0,2,0,0,0,0,2,0,0,0,0,0,0,0,0,0,2,2,0,2,0,0,0,0,0,0,0,0,0,0,0,0,0,0,2,0,0,2,2,0,0,0,2,2,0,0,0,2,0,0,0,2,0,0,0,0,0,2,2,0,2,2,0,0,0,0,0,0,0,0,2,0,0,0,0,2,0,0,0,0,0,0,2,0,0,0,2,0,0,2,0,0,0,2,0,0,0,0,0,0,0,0,0,0,0,0,0,0,0,0,0,0,0,0,0,0,0,0,0,0,0,0,0,0,0,0,0,0,2,0,0,2,0,0,0,2,0,2,0,0,0,0,0,2,0,0,0,0,0,0,0,0,0,0,0,0,0,0,0,0,0,0,0,0,0,0,0,0,0,0,0,0,0,0,0,0,0,2,0,0,2,0,0,0,0,0,0,2,0,0,0,0,0,0,2,0,0,0,0,2,0,0,0,0,0,0,0,0,2,0,0,2,2,0,0,0,0,0,0,0,0,0,0,0,0,0,2,0,2,2,0,0,0,0,0,2,2,0,2,NA,2,0,0,2,0,2,0,0,0,0,0,0,0,0,2,0,0,2,0,NA,0,0,2,0,2,0,0,0,0,0,NA,0,0,0,0,0,0,2,0,0,0,0,0,0,0,0,0,0,0,2,0,2,0,2,0,0,0,0,2,0,2,0,0,2,0,0,2,0,0,2,2,2,2,2,0,0,2,2,0,2,0,2,0,0,0,0,0,2,0,0,0,2,0,0,0,0,0,0,0,2,0,0,0,0,0,0,0,0,0,0,0,0,0,0,0,0,2,0,0,0,0,0,0,0,0,0,0,2,0,2,0,0,0,0,0,2,0,0,0,0,0,0,0,0,0,0,2,0,0,0,2,0,2,0,0,2,0,0,0,2,0,0,0,0,0,0,0,0,0,0,0,0,0,2,0,0,0,0,0,0,0,0,0,0,0,2,0,0,0,0,0,0,0,0,0,0,0,0,0,0,0,2,0,0,2,0,0,2,0,2,0,0,0,0,0,0,0,0,0,0,2,0,0,0,0,0,0,0,2,2,0,0,0,0,0,0,0,2,0,0,0,0,0,2,0,2,0,0,0,0,0,0,0,0,0,0,0,0,0,0,2,2,0,0,0,0,2,0,2,0,2,2,2,0,0,0,0,2,0,0,0,0,2,0,0,0,2,0,0,2,2,2,0,0,2,2,2,2,2,0,0,0,0,0,0,0,0,2,2,0,0,0,0,0,2,0,2,0,0,0,2,2,0,2,2,0,0,0,0,0,0,0,0,0,0,0,2,0,0,0,0,0,0,0,0,0,0,2,2,2,2,2,0,0,0,2,0,0,0,0,0,2,0,0,0,2,2,0,0,0,0,0,0,0,0,2,0,0,0,0,0,0,0,0,2,2,0,0,0,0,0,0,0,0,0,0,0,2,0,0,0,0,2,0,0,0,0,2,2,2,0,0,0,0,2,2,0,2,0,0,2,0,2,2,0,0,0,2,0,0,0,2,0,0,0,0,0,0,0,0,0,0,0,0,0,0,0,0,0,2,2,0,0,0,0,2,0,2,2,0,0,0,0,0,2,0,2,2,0,0,2,0,0,0,0,0,0,2,0,0,0,0,0,0,0,0,0,0,2,0,0,0,0,0,0,0,2,0,0,0,2,0,0,0,0,0,0,0,2,0,0,2,0,2,0,0,0,0,2,0,0,0,0,2,0,0,2,0,0,0,0,0,0,0,0,0,0,0,0,0,2,0,0,0,0,0,0,0,2,0,0,0,2,0,0,0,2,0,0,0,2,2,0,2,0,2,0,0,0,0,0,2,2,0,0,2,0,0,0,0,0,0,0,2,0,0,0,2,2,2,0,0,0,2,0,0,0,2,0,0,2,0,2,0,2,0,2,2,2,0,0,2,2,0,0,0,2,0,2,0,0,0,0,0,0,2,0,0,0,0,0,0,0,2,0,2,2,0,0,2,0,0,0,0,2,0,2,0,0,2,2,0,0,0,0,0,2,0,2,0,0,0,0,0,2,0,0,2,0,0,0,2,0,2,0,0,0,0,0,0,0,2,2,0,0,0,2,0,0,2,0,2,0,0,0,0,0,0,0,0,0,0,0,0,2,2,0,2,0,0,NA,2,0,0,2,2,2,0,2,2,0,0,2,2,0,0,0,0,0,0,0,0,0,0,2,0,2,0,0,0,0,0,0,2,0,0,0,0,0,0,0,0,2,2,0,0,0,0,2,0,0,0,0,0,0,2,0,2,0,2,0,0,0,2,0,0,0,0,0,0,0,0,0,0,0,2,0,2,0,0,0,NA,2,2,0,0,0,0,0,NA,0,0,0,0,2,0,0,0,0,0,0,0,0,0,2,0,0,0,0,2,0,0,0,2,0,0,0,0,0,0,0,0,0,0,0,2,0,2,0,0,2,0,0,0,0,2,0,0,0,2,0,0,0,0,0,2,0,2,0,2,0,0,0,0,0,2,0,2,0,0,0,0,0,0,0,2,0,0,0,0,0,0,0,0,0,2,0,0,0,0,0,0,2,0,0,0,2,2,0,2,0,0,0,0,2,0,0,2,0,2,0,0,0,2,2,0,0,0,2,0,0,0,0,0,0,0,0,0,0,0,2,0,0,0,0,0,0,0,0,0,0,0,0,0,0,0,0,0,2,0,0,0,0,0,2,0,2,0,0,0,2,0,2,0,2,2,0,0,0,0,2,0,0,2,2,0,2,0,0,0,0,0,0,0,0,0,0,0,0,2,0,0,2,0,0,0,0,0,0,0,0,0,2,0,0,0,0,2,0,2,0,0,2,2,0,0,2,0,2,0,0,2,0,0,0,0,2,2,0,0,0,0,0,2,0,2,0,0,0,2,0,0,0,0,0,2,0,0,0,0,0,0,2,0,2,0,0,2,0,0,2,0,0,0,0,2,0,0,0,2,0,0,2,0,0,0,2,0,0,2,0,0,0,2,0,0,0,0,2,2,0,0,0,2,0,0,0,0,0,0,0,0,0,2,0,0,0,0,0,2,0,0,0,0,0,0,2,2,0,0,0,0,2,2,2,0,0,2,0,0,2,0,0,0,2,0,0,0,2,0,0,0,0,2,0,2,0,0,0,0,2,2,0,0,0,0,0,0,0,2,0,0,2,0,0,2,0,0,0,0,2,0,2,2,0,0,0,0,0,0,2,0,0,0,0,2,0,0,0,0,0,0,0,0,0,0,0,2,2,0,0,0,2,0,0,0,2,2,0,0,0,0,0,2,0,2,0,2,0,0,0,2,2,0,NA,2,0,2,0,0,0,0,0,0,2,2,0,2,0,0,2,2,0,0,0,2,2,0,0,NA,0,0,0,0,0,0,0,0,2,2,0,0,0,0,0,2,0,0,0,0,0,2,0,2,0,0,0,0,2,0,0,0,0,2,0,0,0,0,2,0,0,0,0,2,0,0,0,0,0,2,2,0,0,0,0,2,2,0,2,0,0,0,0,2,0,0,0,0,0,0,0,2,0,0,0,0,0,0,0,0,2,0,0,2,0,0,0,0,0,0,0,0,2,2,0,0,0,0,2,0,2,0,0,0,0,0,0,0,0,2,0,0,0,0,0,0,0,0,0,0,0,0,0,0,2,2,0,0,0,0,2,0,0,0,0,2,0,0,0,0,0,0,0,2,0,0,0,0,0,0,2,0,0,0,0,0,2,0,0,0,2,0,0,0,0,0,0,0,0,0,0,0,0,2,2,0,0,2,2,0,0,0,2,2,0,0,0,2,2,2,2,0,0,0,0,0,0,2,0,0,0,0,0,2,0,2,0,0,0,0,0,2,0,0,0,0,0,2,0,2,0,0,2,0,0,0,0,0,0,2,2,0,0,2,0,0,0,2,0,2,0,0,0,0,0,0,2,2,0,2,0,0,2,0,0,0,2,0,0,2,0,0,0,0,2,2,0,2,2,0,2,2,0,2,0,0,2,0,0,0
"CC24",0,2,2,0,0,0,0,0,0,0,0,2,0,0,2,2,0,0,2,0,2,2,0,0,0,0,0,0,2,0,0,2,0,0,2,2,0,0,0,2,2,0,0,0,0,0,0,2,0,0,0,0,0,0,0,0,2,0,0,0,0,0,0,0,2,0,0,0,0,0,0,0,0,0,0,0,0,0,0,2,0,0,0,0,0,0,0,0,2,0,0,0,0,0,2,2,0,0,0,0,0,0,0,0,2,0,0,0,0,0,0,2,0,0,0,0,0,0,0,2,0,0,0,0,0,2,0,0,0,0,0,0,0,0,0,0,0,0,0,0,0,0,2,0,0,0,0,2,0,0,0,0,0,0,0,2,0,0,0,2,0,0,0,0,0,2,0,0,2,0,0,0,0,2,0,0,0,0,0,2,0,2,2,0,2,0,0,0,0,0,2,2,2,0,2,0,0,2,NA,0,0,0,0,0,0,0,0,0,2,0,2,0,0,0,0,0,2,0,0,2,2,0,2,0,2,2,0,2,0,2,0,0,0,2,2,0,2,0,0,0,2,0,0,0,0,2,2,0,0,0,0,0,0,0,2,0,0,0,0,0,2,0,0,0,2,0,2,0,0,2,2,0,0,2,0,0,0,0,0,0,2,0,0,0,0,0,0,0,0,0,0,2,2,0,0,2,2,0,2,2,0,0,0,2,2,0,2,0,2,0,0,0,0,0,0,0,0,2,0,0,0,2,2,0,0,0,0,0,2,2,0,0,2,0,0,0,0,0,0,0,0,0,0,0,0,0,0,0,0,0,0,2,2,0,0,0,0,2,0,0,0,0,0,2,0,0,2,0,0,0,0,0,2,0,0,0,0,0,0,0,0,0,2,0,0,0,2,0,2,2,0,0,0,0,0,0,0,0,2,0,0,0,0,2,0,2,0,0,0,0,0,0,0,0,0,0,2,0,0,0,0,0,2,0,0,2,0,2,2,0,0,0,0,0,0,0,0,0,0,0,0,0,0,0,0,2,0,0,0,0,0,0,0,0,2,2,0,0,0,0,0,0,2,0,0,0,0,0,0,0,0,0,0,0,0,2,0,NA,0,2,0,0,0,2,0,2,2,0,0,0,0,0,0,0,2,0,2,0,0,2,0,0,0,0,0,0,0,0,2,0,0,2,2,0,0,0,0,0,0,2,0,2,2,0,0,0,0,2,0,0,0,0,0,0,0,2,0,2,2,0,0,0,0,0,0,0,0,2,0,2,2,0,0,2,0,0,0,0,2,2,0,0,0,0,2,0,0,2,0,2,0,0,0,0,0,2,0,2,2,0,2,0,0,2,2,0,2,0,0,0,0,0,0,0,2,0,0,0,2,0,0,2,2,0,0,0,2,2,0,0,0,0,0,0,2,0,2,0,0,0,2,0,0,0,0,2,0,0,0,0,0,0,0,2,2,0,0,0,0,0,0,0,0,0,2,2,0,2,0,0,0,0,0,0,0,0,0,0,0,0,0,0,0,0,0,0,0,0,0,0,2,0,2,0,0,2,0,0,0,0,2,2,2,0,2,0,0,0,2,2,0,0,0,0,0,0,0,0,0,0,0,0,NA,0,0,2,0,0,0,0,0,0,2,0,0,0,0,0,0,0,0,0,0,0,2,0,0,0,0,0,0,0,0,2,0,0,0,0,2,0,0,0,0,0,0,0,0,2,0,2,0,0,0,2,0,0,0,0,0,0,0,0,0,2,2,2,2,0,0,0,0,0,0,0,0,0,0,2,0,2,0,0,0,2,0,2,0,0,0,0,0,0,0,0,0,2,0,2,0,0,0,0,2,0,0,0,0,2,0,0,2,0,0,2,0,0,0,0,0,0,0,0,2,2,0,0,2,0,0,2,2,0,0,0,0,0,2,0,0,2,2,0,0,0,0,0,2,0,0,2,2,0,0,0,2,0,0,2,2,0,2,0,0,0,0,0,2,0,0,0,0,0,0,0,2,0,0,2,0,0,0,0,0,2,0,0,NA,0,0,0,0,0,0,0,0,2,2,0,0,0,0,0,0,0,0,0,0,2,0,0,0,2,0,0,0,2,0,0,0,0,0,0,0,0,0,0,0,0,0,0,2,0,0,0,2,0,2,0,0,2,0,0,0,2,2,0,0,0,0,2,0,0,2,0,0,0,0,2,0,2,0,0,0,0,0,0,0,0,0,0,0,0,0,0,0,0,0,0,2,2,0,0,0,0,0,0,0,0,0,0,0,2,2,2,0,0,0,0,0,0,0,0,0,0,0,0,0,0,0,0,0,0,0,0,0,0,2,0,2,0,2,0,2,0,2,0,0,0,0,2,2,0,0,0,2,0,0,2,0,0,0,0,0,0,0,0,0,0,0,2,0,0,0,0,2,0,0,0,0,2,0,0,2,2,0,2,0,0,2,0,0,0,0,2,NA,0,0,NA,0,0,0,0,0,2,2,0,0,0,0,0,0,2,0,2,0,0,0,0,0,NA,0,0,2,0,0,0,0,0,0,0,0,0,0,0,0,0,0,2,0,0,0,0,2,2,0,0,2,2,0,0,0,NA,2,0,0,0,0,2,2,0,0,0,0,0,0,2,0,2,0,0,0,0,0,0,2,0,0,2,2,0,0,0,0,2,0,2,0,2,0,2,0,0,0,0,0,2,0,0,0,2,2,2,0,0,0,0,0,0,0,2,0,2,0,0,0,2,0,0,0,0,2,2,0,2,0,0,0,2,0,2,2,0,0,2,0,2,0,2,2,0,0,2,0,0,0,0,0,0,0,2,NA,0,2,0,2,0,2,0,0,0,0,0,2,NA,0,2,0,0,2,0,2,0,0,0,0,0,2,0,0,0,0,2,0,0,0,0,0,0,0,0,NA,2,0,2,2,2,2,0,0,0,2,2,2,0,2,0,2,0,0,2,2,0,0,2,0,0,0,0,0,0,2,0,0,0,0,0,0,0,2,2,0,2,0,0,0,0,0,2,0,0,0,0,0,0,2,0,2,0,2,0,0,0,0,0,0,2,2,0,0,0,0,0,2,0,0,0,0,0,0,0,0,0,2,2,0,0,0,0,0,0,0,0,0,0,0,0,0,0,0,0,0,0,0,0,2,0,0,0,0,0,0,0,2,0,0,0,2,0,0,0,0,2,0,0,0,0,0,2,2,0,NA,0,0,2,0,0,0,0,0,0,0,0,0,0,2,0,0,0,0,0,0,0,2,2,0,2,0,0,2,0,2,0,0,2,2,0,0,0,2,0,0,0,0,2,0,0,0,0,2,0,0,0,0,0,0,2,0,0,0,0,2,0,0,0,0,0,0,2,2,0,0,0,0,0,2,0,0,2,0,2,0,0,0,0,2,2,0,0,0,0,2,0,2,0,2,0,0,2,2,0,2,2,0,0,2,0,0,0,0,0,0,0,0,0,0,0,0,2,0,2,0,0,2,0,2,NA,0,0,0,0,0,2,0,0,2,0,2,0,0,2,0,2,0,2,0,2,2,0,0,0,0,2,0,0,0,2,2,0,0,2,0,2,0,0,0,0,2,2,0,0,0,0,2,2,0,0,2,2,0,0,0,0,0,2,0,0,2,2,0,2,0,0,2,0,0,0,0,0,0,2,0,2,0,0,2,0,2,0,2,0,0,0,0,0,0,2,NA,0,0,2,2,2,0,0,0,0,0,0,0,0,2,2,0,0,0,2,2,0,0,2,0,0,0,0,0,0,0,0,2,0,0,2,0,0,0,0,0,0,0,0,0,0,0,2,2,0,2,0,0,0,0,0,0,0,0,0,0,0,0,2,2,0,0,0,0,0,0,0,2,0,0,0,NA,0,0,2,2,0,0,0,0,0,0,0,0,0,0,0,0,2,0,0,0,0,0,0,0,0,0,0,0,0,0,0,0,0,0,0,2,0,2,0,0,0,0,2,0,0,0,0,NA,0,2,0,2,0,0,2,2,0,0,0,2,0,0,2,0,0,0,0,0,2,0,0,0,0,0,0,0,0,0,0,0,0,0,0,0,0,0,0,0,2,0,0,0,0,0,0,0,0,0,2,0,0,0,0,0,0,0,0,0,0,2,2,0,2,0,0,0,0,0,0,0,0,0,2,0,0,2,0,0,2,2,0,0,0,0,0,0,0,0,2,0,0,0,0,0,2,0,0,0,0,2,2,0,2,2,0,0,0,0,2,2,0,0,0,2,2,0,0,0,0,2,0,0,0,2,0,0,0,2,2,0,0,0,0,0,0,2,0,2,0,2,0,0,0,0,0,0,2,0,0,0,0,0,2,2,2,2,0,0,0,0,NA,2,0,0,0,0,0,0,2,2,0,0,0,0,0,0,0,0,2,0,2,0,0,0,0,0,0,0,0,0,0,0,0,2,0,0,0,0,0,0,0,0,0,0,2,0,2,0,0,2,2,0,0,0,0,0,0,0,0,0,0,2,0,0,2,2,0,0,0,0,0,0,2,0,0,0,0,2,2,0,0,2,0,0,0,2,0,0,2,0,0,0,0,0,0,0,2,0,0,0,0,0,2,0,0,2,0,0,0,0,2,0,2,0,NA,0,0,0,0,0,0,2,2,0,0,0,0,0,2,0,0,2,0,0,0,0,0,0,0,0,0,2,0,0,0,0,0,0,0,0,0,2,0,0,0,0,2,0,2,2,2,0,0,0,0,0,0,0,0,2,0,2,0,2,2,0,0,0,0,2,2,2,2,0,2,2,0,0,0,0,0,0,0,0,0,0,0,0,0,2,0,0,0,0,0,0,2,0,0,0,0,2,2,0,0,0,0,0,0,0,2,0,0,0,2,0,0,0,0,0,0,0,0,0,0,0,0,2,0,0,0,0,0,0,0,0,0,0,0,0,2,0,0,0,0,0,0,0,2,0,0,0,2,0,0,0,0,0,2,0,0,0,0,0,0,0,NA,2,0,0,0,0,0,0,0,0,0,0,0,0,0,0,0,0,0,0,0,0,0,0,0,2,0,0,0,0,2,0,0,2,0,0,0,0,0,0,2,0,0,0,2,0,0,0,2,2,0,2,0,0,0,0,0,2,0,0,0,0,2,2,0,0,0,0,0,0,0,0,0,0,0,0,2,0,0,0,0,0,2,0,0,0,0,2,2,0,0,0,0,0,0,2,0,2,0,0,2,2,0,0,2,0,0,0,0,2,2,0,2,0,0,0,0,0,0,0,0,2,2,0,0,0,2,0,2,0,0,0,0,0,2,0,0,0,0,0,2,0,0,0,0,0,0,0,0,0,0,0,0,0,0,0,0,0,0,0,0,0,0,0,0,0,0,2,2,0,0,2,0,0,0,2,2,0,2,0,0,0,0,0,0,0,2,0,2,0,0,0,0,0,0,0,0,0,2,0,2,0,0,0,0,0,0,0,0,0,0,2,0,0,0,0,0,0,2,0,0,0,0,0,0,2,2,0,0,0,0,0,0,0,0,0,0,0,0,0,0,0,0,0,0,0,0,0,0,0,0,0,0,0,0,2,0,0,0,0,0,0,0,0,2,0,0,0,2,0,2,0,0,0,0,0,0,0,0,0,0,0,0,0,0,0,0,0,0,0,0,2,0,0,0,0,2,0,0,0,0,0,0,0,0,0,0,0,0,0,0,0,0,0,0,0,0,0,0,0,0,2,0,0,0,0,0,0,0,0,2,2,0,0,0,0,2,0,0,2,2,2,0,0,2,0,0,0,0,0,0,0,2,2,0,0,2,2,0,0,2,0,0,0,0,0,0,0,0,0,0,0,0,0,0,0,0,2,0,0,0,0,0,2,0,0,0,0,0,0,0,0,0,0,2,0,0,0,2,0,2,0,2,0,0,0,2,0,0,0,0,2,0,0,0,0,0,0,0,0,0,0,0,0,0,NA,2,2,0,2,0,2,2,2,0,2,0,2,0,0,0,0,2,0,0,0,2,2,0,2,2,0,0,0,0,2,2,0,0,0,0,0,0,0,0,0,0,0,2,0,0,0,2,0,0,0,0,0,0,0,0,0,0,0,0,0,0,2,2,0,0,0,0,0,2,0,0,0,0,0,0,0,0,0,0,0,2,0,0,0,0,0,0,0,0,0,0,0,0,0,0,2,0,0,0,0,0,0,0,2,0,0,0,0,0,0,0,0,0,0,0,0,2,0,0,0,0,0,0,0,0,2,0,2,0,2,0,0,0,0,0,0,0,2,2,0,0,2,0,0,2,0,0,2,0,0,0,0,0,2,0,0,0,0,2,0,2,0,0,0,0,2,0,0,0,0,2,0,0,0,0,0,0,0,0,2,0,0,0,0,2,0,0,0,0,0,0,2,0,0,0,0,0,0,0,0,2,0,0,0,0,0,2,0,0,2,0,0,0,0,0,0,0,0,0,0,2,0,0,0,2,0,0,0,2,0,2,0,2,0,0,0,0,0,0,0,0,0,0,0,0,0,0,0,2,0,0,0,0,0,0,0,0,0,0,0,0,0,2,0,0,0,2,0,2,2,0,0,0,2,0,0,2,0,0,0,0,0,0,0,2,2,0,2,0,2,0,0,0,2,0,2,2,0,0,0,0,0,0,0,0,0,0,2,0,2,2,2,0,0,0,0,0,2,0,0,0,0,0,2,0,0,0,0,0,2,0,0,0,2,0,0,2,0,0,0,0,0,0,2,0,2,2,0,2,0,0,0,0,0,2,2,0,0,0,0,0,0,0,0,0,0,2,0,2,2,2,0,0,0,0,0,0,0,0,0,0,0,0,0,0,0,2,0,0,0,0,0,0,0,0,2,2,2,0,0,0,0,0,0,0,0,0,0,0,0,0,2,0,2,2,0,0,0,0,0,0,0,0,2,0,0,0,0,0,0,2,0,0,0,0,0,0,0,0,2,2,2,0,0,2,0,2,0,2,0,0,0,0,0,2,0,0,0,0,0,0,0,0,0,0,0,0,0,0,0,2,0,0,2,2,0,0,0,0,0,0,0,0,0,0,0,0,2,0,0,0,2,2,0,0,0,0,0,0,2,0,0,0,0,0,0,0,0,0,0,0,0,0,0,0,0,0,0,0,0,0,0,0,0,0,0,0,2,0,0,2,0,0,2,0,0,0,0,0,0,0,0,0,2,0,0,0,0,0,0,0,0,0,0,2,0,0,0,0,0,0,0,0,0,0,2,0,0,0,0,0,0,0,0,0,0,0,0,0,0,0,0,0,0,0,2,0,0,0,0,0,0,2,0,0,0,0,0,2,2,0,2,0,0,0,0,0,0,0,0,0,0,0,2,0,0,0,0,0,0,0,0,0,0,0,0,0,0,0,0,0,0,0,0,0,0,0,0,2,0,0,0,0,0,0,0,0,0,0,2,0,0,2,0,0,0,0,0,2,2,0,0,0,0,0,0,0,0,2,0,0,0,0,0,0,0,0,0,2,2,0,0,0,0,0,0,0,0,0,0,0,0,0,0,0,2,0,2,0,0,0,0,0,0,0,0,0,0,2,0,0,0,0,0,0,2,0,0,0,0,0,0,0,0,0,0,0,0,0,0,0,0,0,0,0,0,0,0,0,0,0,0,2,2,0,0,0,0,0,0,0,0,0,0,0,2,0,0,0,0,0,0,0,0,0,0,0,0,0,0,0,0,0,0,0,0,0,0,0,0,0,0,0,0,0,2,0,2,2,0,0,0,0,0,2,0,0,0,2,0,0,0,0,0,0,0,0,0,0,0,0,2,0,2,0,0,0,2,0,0,0,0,0,0,2,2,2,0,0,0,0,0,0,0,0,0,0,0,0,0,2,0,0,0,0,0,0,2,0,0,2,2,0,2,0,2,0,0,0,2,0,0,0,0,0,0,0,0,0,0,0,0,0,2,0,2,2,2,0,0,2,0,0,0,0,2,0,0,0,0,0,0,0,0,0,0,0,0,0,0,0,0,0,0,2,2,0,0,0,0,0,0,0,0,0,0,0,0,0,0,0,0,0,2,0,2,0,0,0,2,2,2,0,0,2,0,0,0,0,0,0,0,0,0,0,0,0,0,2,0,2,2,0,0,0,0,0,2,0,0,0,0,0,2,0,0,0,0,0,0,0,0,0,0,0,0,0,0,0,2,0,0,0,0,0,0,0,2,0,0,0,0,0,0,0,2,0,2,0,0,2,0,0,0,0,0,0,2,0,2,0,2,0,0,2,0,0,0,0,0,0,2,0,0,0,0,0,0,0,0,0,0,2,0,0,0,0,0,0,2,2,0,0,0,2,0,0,0,2,2,0,2,2,0,0,0,0,0,0,0,0,0,0,2,0,0,2,0,0,0,0,0,0,0,0,0,0,0,0,0,0,0,0,0,0,0,0,0,0,0,0,2,0,0,0,0,0,0,0,0,0,2,0,0,0,0,0,0,0,0,0,0,0,0,0,0,0,0,0,0,2,0,0,0,0,2,2,0,0,2,0,2,0,2,0,0,0,0,0,0,0,0,0,0,0,0,0,0,0,0,0,0,0,0,0,0,0,0,0,2,2,2,2,0,2,0,0,2,0,2,0,0,0,0,0,0,0,0,0,0,2,0,0,0,0,0,0,0,0,0,2,0,0,0,2,0,2,0,0,0,0,0,0,2,2,0,0,2,0,0,2,0,0,2,0,0,0,0,0,0,0,0,2,2,0,0,0,0,0,2,0,0,2,0,0,0,2,0,0,0,0,2,2,2,2,0,0,0,0,2,0,2,0,0,0,0,0,2,0,0,0,0,0,0,0,2,0,0,0,0,0,0,0,0,0,0,0,0,0,0,0,2,0,0,0,0,0,2,2,0,0,0,0,0,2,0,0,2,0,0,2,0,0,2,0,0,2,0,0,2,2,0,0,2,0,2,0,2,2,0,2,0,2,2,2,2,0,0,0,0,0,0,0,0,0,0,0,0,0,0,0,0,0,0,2,0,0,0,0,0,0,0,0,2,0,0,0,0,0,0,2,0,0,0,0,2,0,2,2,0,0,0,2,0,0,0,0,0,2,0,2,0,2,0,0,2,0,0,0,2,0,0,0,0,0,0,2,0,2,0,0,0,0,0,0,NA,0,0,0,0,2,0,0,0,0,0,0,0,0,0,0,NA,2,0,0,0,0,0,0,0,2,0,2,0,2,0,0,2,0,0,0,0,0,0,0,0,2,2,0,0,0,0,0,0,0,0,0,0,2,0,0,0,0,0,0,0,2,2,2,2,0,0,0,0,0,2,0,0,0,0,0,2,2,0,0,0,0,0,0,0,0,2,0,0,0,0,0,0,0,2,0,0,2,2,2,0,0,0,0,0,0,0,0,0,0,0,0,0,0,0,0,2,0,2,0,0,0,0,0,0,0,0,2,0,0,0,0,0,2,0,0,0,0,0,0,0,0,0,0,0,0,0,0,0,0,0,0,0,0,2,0,2,2,0,0,0,0,2,0,0,0,2,0,0,0,0,2,0,0,0,0,0,0,2,2,0,0,2,0,0,2,2,2,2,0,0,0,0,0,2,2,0,0,0,0,2,0,0,0,0,0,0,2,2,0,2,0,0,0,2,0,0,0,0,0,2,2,2,0,0,0,0,0,0,0,0,0,0,0,2,2,0,0,0,NA,2,0,0,0,0,0,0,0,0,0,2,0,2,0,0,0,0,0,0,2,0,0,0,0,0,0,0,0,0,2,0,0,2,0,0,0,0,0,0,0,0,0,0,0,2,0,0,0,0,0,2,0,0,0,0,0,0,0,0,0,0,2,0,0,0,0,0,0,2,0,0,0,0,2,0,0,0,0,0,0,2,2,0,2,0,0,2,0,0,0,0,0,0,0,0,0,2,2,0,2,0,0,0,0,0,2,0,0,2,2,2,0,2,0,0,0,2,0,0,0,2,0,0,0,2,0,0,0,0,0,0,0,0,0,0,0,0,0,0,0,0,0,0,0,0,2,0,0,0,2,2,0,0,0,0,2,0,2,0,0,0,0,2,0,2,0,0,0,0,0,0,0,0,2,2,2,0,0,0,0,0,0,0,2,0,0,2,0,0,0,0,0,0,0,0,0,0,0,0,0,0,0,0,0,2,0,0,0,0,0,2,0,0,0,0,0,0,0,0,0,2,0,0,2,0,2,0,0,0,2,0,0,2,0,0,0,2,0,2,0,0,0,0,0,0,0,0,0,0,0,0,2,0,0,0,0,2,0,0,0,0,0,0,0,0,0,0,2,0,0,0,0,0,0,0,0,0,0,2,0,0,0,0,0,0,0,0,2,0,0,0,0,0,0,0,2,0,0,0,0,2,2,0,0,0,0,0,2,2,0,0,0,0,0,0,0,0,0,0,0,0,0,0,0,0,0,0,2,0,0,0,0,0,0,0,2,0,0,0,0,0,0,0,0,0,0,0,2,0,0,2,0,0,0,0,0,0,0,0,0,0,0,0,0,0,0,0,2,0,0,0,0,2,0,0,0,0,0,0,0,0,0,0,0,0,0,0,0,2,2,2,0,0,0,0,2,0,2,0,0,0,0,0,0,0,0,0,0,2,0,0,0,0,0,0,2,0,0,0,0,2,2,0,0,0,2,2,0,0,0,0,0,0,2,2,0,0,0,0,0,0,0,0,2,0,0,0,0,0,0,0,0,0,2,0,0,0,0,0,0,0,0,0,0,0,0,0,0,0,0,2,0,0,2,2,2,0,0,2,0,0,2,0,0,2,0,0,2,0,0,2,2,0,0,0,0,0,0,0,0,0,2,2,0,0,0,0,0,2,0,0,0,0,0,0,2,0,0,0,2,0,0,0,0,0,0,0,0,0,2,0,2,0,0,0,0,0,0,0,0,0,0,0,2,0,0,0,2,0,0,2,2,0,0,0,2,0,0,2,2,0,0,0,0,2,0,0,0,2,0,0,2,0,0,0,2,0,0,0,0,0,0,2,2,2,0,2,0,0,0,2,2,0,0,0,2,0,0,0,0,0,0,0,2,2,0,0,0,0,0,0,0,2,0,0,0,2,0,0,0,0,0,0,2,0,0,0,0,0,0,0,0,0,0,0,2,0,0,0,0,2,0,0,0,0,2,0,0,0,0,0,2,2,0,2,0,0,0,0,2,2,0,0,0,0,0,0,2,0,2,2,0,0,0,0,0,0,0,0,0,0,2,2,0,0,2,0,0,0,0,0,2,2,0,2,0,2,0,2,2,2,0,0,0,2,2,2,0,2,0,0,0,0,0,0,0,0,0,2,2,2,2,0,2,0,0,0,0,2,2,0,0,0,0,0,0,0,0,2,0,2,2,0,0,0,0,0,0,2,0,0,0,0,2,0,0,0,0,0,0,0,0,0,0,0,0,0,0,0,0,2,0,0,0,0,0,0,0,2,0,0,0,0,0,2,0,0,0,0,0,0,0,0,0,0,0,0,2,0,0,0,0,0,0,2,2,0,0,2,0,0,0,0,0,2,0,0,0,2,2,0,0,0,0,2,0,0,0,0,0,0,0,0,0,0,0,0,0,0,0,2,2,0,0,0,0,0,2,0,0,0,2,0,0,2,0,0,0,0,2,0,0,0,2,0,0,2,0,0,0,0,0,0,2,2,0,0,0,0,0,0,0,0,0,0,0,2,2,0,0,2,2,0,0,0,0,0,2,0,0,0,0,0,0,NA,0,0,2,0,2,2,0,2,0,0,NA,2,0,2,0,0,0,0,0,0,0,0,2,0,0,0,0,0,0,0,0,0,2,0,2,0,0,0,2,2
"CC240",0,0,0,0,0,0,0,0,0,0,0,0,0,0,2,2,0,0,0,0,2,NA,0,0,0,0,0,0,0,0,0,0,0,0,0,0,2,0,0,0,0,2,0,0,0,0,0,2,2,0,2,0,0,0,0,0,2,0,0,0,0,0,2,0,2,0,0,0,0,0,0,0,0,2,0,0,0,0,0,2,0,0,0,2,0,2,2,0,0,0,0,0,0,0,0,2,0,0,0,0,0,0,0,0,2,2,0,0,0,0,0,0,0,0,0,0,0,0,0,2,0,0,2,2,0,2,0,0,2,0,0,0,0,0,0,0,0,0,0,0,2,0,2,0,0,0,0,2,0,0,0,0,0,0,0,0,0,0,0,0,0,0,0,0,0,2,2,0,0,0,0,0,0,2,0,0,2,0,2,0,0,0,2,0,0,0,0,0,0,2,2,0,0,2,2,0,0,0,2,0,0,0,0,2,0,0,0,0,0,2,0,0,0,0,0,0,0,0,0,0,0,0,0,0,0,0,0,0,0,0,0,0,0,0,0,0,0,2,0,0,2,0,0,0,0,2,0,0,2,0,0,0,0,0,0,0,0,2,0,0,0,0,0,2,0,0,2,0,0,0,2,0,0,0,2,0,0,0,0,0,2,0,0,0,0,0,0,0,0,0,0,2,2,0,0,2,0,0,2,2,0,0,0,2,2,0,0,2,0,0,0,0,0,0,2,0,0,2,2,0,0,0,0,0,2,0,0,0,0,0,0,2,2,0,0,2,0,0,0,0,0,0,0,0,0,0,0,0,0,0,0,0,0,0,0,0,0,0,0,0,0,0,0,0,0,0,0,0,0,0,0,0,2,0,0,0,0,0,0,0,0,0,0,0,0,0,2,0,0,0,0,0,0,0,0,0,0,0,2,0,0,0,0,0,0,0,0,0,0,2,0,0,0,0,0,0,0,2,0,0,0,0,0,0,2,0,0,2,0,2,2,0,0,0,0,2,2,0,0,0,0,0,2,0,0,2,0,0,2,2,0,0,0,2,0,0,0,0,0,2,2,0,0,2,0,2,0,2,0,2,2,0,0,2,0,0,0,2,0,0,0,0,0,0,0,2,0,2,2,0,0,2,0,2,0,0,0,0,0,0,0,0,2,0,0,0,0,0,2,2,0,2,0,2,0,2,2,0,0,0,2,0,0,0,2,2,2,2,0,0,0,2,0,0,0,2,0,2,2,0,0,0,0,0,2,0,0,0,0,2,0,0,0,2,0,0,0,2,0,0,0,0,0,2,0,0,0,0,0,2,0,2,0,0,0,0,0,2,0,0,0,2,0,0,0,2,0,0,0,0,0,0,2,0,2,0,2,2,2,0,0,0,0,0,0,0,0,0,0,0,0,0,0,0,0,2,0,0,2,0,0,0,0,0,0,0,0,0,0,0,0,0,0,0,2,0,0,0,0,2,0,0,2,2,0,0,0,0,0,0,0,0,0,0,0,0,2,0,0,0,2,2,0,0,0,0,0,0,0,0,0,0,0,2,0,0,0,0,0,0,0,0,2,0,2,0,0,0,0,0,0,0,0,0,0,2,0,2,0,0,0,0,0,0,0,0,0,0,0,0,0,2,0,0,0,0,2,0,0,0,0,0,0,0,0,2,0,0,2,0,0,0,0,0,2,0,0,0,0,0,0,0,2,0,0,0,0,2,2,0,0,0,2,0,0,0,0,0,2,0,2,2,0,0,0,0,0,0,2,0,2,0,0,0,0,0,0,0,0,0,0,0,0,0,0,0,0,2,2,0,0,0,0,0,2,0,2,0,0,0,0,0,0,0,0,0,0,2,0,0,2,0,0,0,0,0,0,0,0,0,0,0,2,2,0,0,0,0,0,0,0,2,2,0,0,2,0,0,2,2,2,0,0,0,0,0,0,0,2,0,0,0,0,2,0,0,0,2,0,0,2,2,2,0,2,2,0,0,2,2,2,2,0,0,0,0,0,0,0,0,0,0,0,0,2,0,2,0,0,2,0,0,0,0,2,0,0,2,2,0,0,0,2,0,2,2,2,0,0,0,0,0,0,0,0,0,0,0,0,2,0,0,0,0,2,0,0,0,2,2,0,0,0,0,0,0,0,0,0,0,0,0,0,0,0,0,0,0,2,0,2,2,0,2,0,0,0,0,0,0,0,0,0,0,0,0,0,0,0,0,2,0,0,0,0,2,0,2,0,0,0,0,2,2,0,0,2,2,0,0,0,0,0,0,0,0,2,2,0,0,0,2,0,0,0,0,0,2,0,0,0,0,0,0,0,2,2,2,0,0,0,0,0,2,0,0,0,0,0,0,0,0,0,0,2,0,2,0,0,2,0,0,0,0,0,0,2,0,2,0,0,0,2,0,0,0,2,2,2,2,0,0,2,2,2,0,0,2,0,0,0,0,2,0,0,2,0,0,0,0,0,2,2,0,0,2,0,2,0,0,0,2,2,0,0,2,0,0,2,2,0,0,2,0,0,2,0,0,0,0,0,0,0,0,2,0,2,0,0,0,0,0,NA,0,0,0,0,2,0,0,0,0,0,2,0,0,0,0,0,0,0,0,0,2,0,0,0,0,0,0,0,0,0,0,0,0,0,0,0,0,0,0,0,0,0,0,0,2,0,0,2,0,0,0,2,2,0,0,0,0,2,0,0,0,0,2,0,0,2,2,0,0,0,0,0,0,0,0,0,0,0,0,0,0,0,NA,0,0,2,0,0,0,2,2,NA,0,0,0,0,0,0,0,0,0,0,0,2,2,0,0,0,0,2,0,0,0,0,0,0,0,0,2,2,NA,0,2,0,0,0,0,0,0,0,2,2,0,0,0,0,0,0,0,0,0,2,2,2,2,0,0,2,2,0,0,0,0,2,2,0,0,0,0,0,0,0,0,0,0,0,2,0,2,2,0,0,2,0,0,2,0,0,0,2,0,2,0,0,0,0,0,2,0,0,0,0,0,0,2,0,0,0,0,0,0,2,0,2,0,0,0,0,0,0,0,0,0,2,0,0,0,0,0,NA,0,0,0,0,0,0,0,0,0,0,0,0,0,0,0,0,0,0,0,0,0,0,0,0,0,0,0,0,0,0,0,2,0,0,0,0,0,0,0,0,0,0,0,0,0,0,0,0,0,0,2,0,0,2,0,0,0,2,0,0,2,0,0,0,0,2,2,0,0,0,0,0,0,2,0,0,0,0,0,0,0,0,NA,0,0,0,0,2,2,2,0,0,0,0,0,0,0,0,0,0,0,2,0,0,0,2,0,0,0,0,0,2,NA,0,0,2,0,0,0,0,0,0,2,0,0,2,0,0,2,2,0,0,2,0,2,0,0,0,0,0,0,0,0,0,2,0,2,0,0,0,0,0,0,0,2,0,0,0,0,2,0,0,0,0,0,0,2,0,0,2,2,0,0,0,0,0,0,2,0,0,2,0,2,0,0,0,0,0,0,0,0,2,0,0,0,0,0,2,0,0,0,0,0,0,0,0,0,0,0,2,0,0,0,2,2,0,0,0,0,0,0,2,0,0,0,2,0,2,0,0,0,0,0,0,0,0,0,0,0,0,2,0,0,0,0,0,0,0,0,0,2,2,0,0,0,0,0,2,2,0,2,0,0,0,2,0,0,0,0,0,0,2,0,0,0,0,0,0,0,2,0,0,0,2,0,0,0,0,0,2,0,0,0,0,0,2,0,0,0,2,0,2,0,0,0,0,2,2,0,0,2,0,2,0,0,0,0,0,0,2,0,0,0,0,2,0,2,0,0,2,0,2,0,0,0,2,0,0,0,0,0,0,0,0,0,0,2,2,2,0,0,0,2,0,0,0,0,0,0,0,0,2,NA,0,2,0,0,2,0,0,0,2,0,2,0,0,0,0,0,2,0,0,0,0,0,2,0,0,0,0,0,0,0,2,0,0,0,0,0,0,0,0,0,0,0,0,0,0,0,0,0,0,2,2,0,0,0,0,0,0,0,2,0,2,0,0,0,0,0,0,0,0,0,0,0,0,0,0,0,2,0,2,2,0,0,0,0,0,0,2,2,0,2,0,2,2,0,0,0,2,0,2,0,2,2,2,0,0,0,2,2,0,2,0,0,0,0,0,2,0,0,0,0,0,0,2,0,0,2,0,0,2,0,0,0,2,2,0,0,0,0,2,2,0,0,0,0,2,0,0,0,0,0,0,0,0,0,0,0,0,0,0,0,0,0,2,0,0,2,0,0,0,0,0,0,0,0,2,0,0,2,0,0,0,0,2,0,2,0,0,0,2,0,0,0,0,2,2,2,0,2,0,2,0,0,0,0,2,0,2,0,0,0,0,2,0,0,0,0,2,0,0,0,0,2,0,2,0,0,0,0,2,0,0,2,0,0,0,0,0,0,0,0,0,0,0,0,0,2,0,0,0,0,2,0,0,0,0,0,0,0,2,0,0,0,0,0,0,0,0,0,0,0,0,0,0,0,2,2,0,0,0,0,0,0,0,0,0,2,0,0,0,0,0,0,0,0,0,0,0,2,0,0,0,0,0,0,0,0,0,0,0,2,0,0,0,2,0,0,0,0,2,0,0,0,0,0,0,2,0,0,0,0,0,0,0,0,0,2,0,0,2,0,0,0,0,0,0,0,0,0,0,0,0,0,0,0,0,2,2,2,2,0,0,0,0,0,0,0,0,0,0,0,2,0,0,0,0,0,2,2,0,2,0,0,0,0,0,0,0,0,2,0,0,0,0,0,0,0,0,0,0,2,0,0,0,0,0,0,2,2,2,0,0,0,0,2,0,0,2,0,0,0,0,0,0,0,0,0,0,0,0,0,0,2,0,2,0,0,0,0,0,0,2,0,0,2,0,2,0,0,2,0,0,0,0,2,0,0,0,0,0,0,0,0,0,0,0,0,2,0,2,2,0,0,0,0,0,2,0,0,2,0,0,0,2,0,0,0,0,0,0,0,0,0,0,0,2,0,0,0,0,0,0,0,2,0,0,0,0,NA,0,2,0,0,0,0,0,0,0,0,2,2,0,0,0,0,0,0,0,0,0,2,0,0,0,0,0,0,0,2,2,0,0,0,0,0,2,0,0,0,0,0,0,0,0,0,0,0,0,0,0,0,0,0,2,0,0,0,0,2,0,2,0,0,0,0,2,0,0,0,0,0,0,0,0,2,0,0,0,0,0,0,0,0,0,0,2,0,0,0,2,0,0,2,0,2,0,0,0,2,0,0,0,0,0,2,0,0,0,0,2,0,0,0,0,0,0,0,0,0,0,0,0,0,0,0,0,2,0,2,0,0,0,2,0,0,0,0,0,0,0,0,0,0,0,0,0,0,0,0,0,0,0,0,0,0,0,0,0,0,0,0,0,0,2,0,0,0,0,0,0,0,0,0,0,0,0,0,0,0,0,0,0,0,0,0,0,0,0,0,0,0,0,0,0,0,0,0,2,0,0,2,2,0,0,2,0,0,0,0,2,0,0,0,2,0,2,0,0,2,0,0,0,0,0,2,2,0,0,0,0,0,2,0,0,0,0,0,0,0,0,0,0,2,0,0,0,0,0,0,2,0,0,0,0,0,0,0,0,0,0,0,2,0,0,0,0,0,0,0,0,0,2,0,0,0,0,0,0,0,0,0,0,0,0,2,2,0,0,0,0,2,2,0,0,0,0,0,0,0,0,0,0,0,0,0,0,0,0,0,0,0,0,0,0,2,2,0,2,0,0,0,0,0,0,0,0,0,0,0,2,0,0,0,0,0,2,0,0,0,0,0,0,0,0,0,0,0,0,0,0,0,0,0,0,0,0,NA,2,0,0,0,2,0,0,0,0,0,0,0,0,0,0,0,0,2,0,2,0,0,0,0,0,0,0,0,0,2,2,2,0,0,0,2,0,2,0,0,0,2,0,0,0,0,2,0,0,0,0,0,0,0,0,0,0,0,2,0,2,2,0,0,0,0,2,2,0,0,2,2,0,0,2,0,0,0,0,0,0,0,2,0,0,0,0,2,0,2,0,2,0,0,0,0,0,2,0,2,0,0,0,0,0,0,0,2,0,0,2,0,2,0,2,0,0,2,2,2,2,0,0,0,0,0,0,0,0,0,0,2,0,0,0,0,2,0,2,NA,0,2,0,0,0,0,0,0,0,0,0,0,0,0,0,0,0,0,NA,2,NA,2,0,0,0,0,0,0,0,0,0,0,0,0,0,0,0,0,0,0,0,0,0,2,0,2,2,0,0,0,2,0,0,0,0,0,0,0,2,0,2,0,0,2,2,0,2,2,2,0,0,0,0,NA,2,0,0,0,0,2,0,0,0,0,0,2,0,0,0,0,0,0,0,0,0,0,0,0,0,0,0,2,0,2,0,0,0,0,0,0,0,0,0,2,0,2,0,0,0,2,2,0,0,0,2,0,2,0,0,2,0,2,0,2,0,0,0,0,2,0,0,0,2,0,0,0,0,2,0,0,2,0,0,2,0,2,0,0,0,0,0,0,0,0,0,2,0,0,0,0,0,2,0,0,0,0,0,2,0,0,NA,0,2,0,0,0,0,0,0,0,0,2,0,0,0,0,2,0,0,0,0,0,0,0,2,0,2,0,2,0,0,2,2,2,2,0,2,2,0,2,2,NA,0,2,0,2,0,0,2,0,0,0,0,0,2,0,2,2,0,2,2,2,0,0,0,0,0,0,0,0,0,0,0,0,0,2,0,0,2,2,0,0,2,0,2,0,2,0,2,0,0,2,0,0,2,0,0,0,0,0,0,0,0,0,0,0,0,0,0,0,0,0,0,0,2,2,0,0,2,2,0,2,0,2,2,0,0,0,0,0,0,0,2,2,0,0,2,0,0,2,0,0,0,2,2,0,0,0,0,0,0,0,2,2,2,0,0,0,0,0,2,0,0,0,0,0,0,0,0,0,0,0,0,0,0,0,0,0,0,0,0,2,0,0,0,0,0,0,0,0,0,0,0,0,0,0,0,0,0,0,0,0,0,0,2,0,0,0,0,0,2,0,0,0,0,0,0,0,0,0,0,0,0,0,0,2,2,2,0,0,0,2,0,0,2,0,0,2,0,0,0,0,0,2,0,0,0,0,0,0,0,0,0,0,0,0,2,2,2,0,0,0,0,0,0,0,0,0,0,0,0,0,0,0,0,0,0,0,0,0,0,0,0,2,0,0,0,0,0,0,0,2,0,0,0,2,2,0,2,0,0,0,0,2,0,0,2,0,0,2,0,2,2,0,2,0,0,2,0,2,0,0,0,2,0,0,0,0,0,0,2,0,0,0,0,0,0,0,0,0,0,0,0,0,0,0,0,0,0,0,0,2,0,0,0,0,0,0,0,0,0,0,2,0,0,2,0,2,0,0,0,2,2,0,0,0,0,0,0,0,0,0,0,0,0,0,0,2,2,0,0,0,0,0,0,2,0,0,0,0,0,0,0,0,0,0,0,0,0,0,2,0,0,0,0,0,0,0,0,0,0,0,0,0,0,0,0,2,2,0,0,0,0,0,0,0,2,0,0,0,0,2,0,0,2,0,0,2,0,2,0,2,0,0,0,0,0,0,2,0,0,0,0,0,0,0,0,0,0,0,0,0,0,0,0,0,0,0,0,0,0,0,0,0,0,0,2,0,0,0,0,2,0,0,0,0,0,2,0,0,0,0,0,0,0,2,0,0,0,0,0,0,0,0,0,0,0,0,0,0,0,0,0,2,0,0,0,0,0,0,0,0,0,0,0,0,0,0,0,0,0,2,0,2,2,0,0,0,0,0,0,0,0,2,0,0,0,0,0,0,0,0,0,0,0,0,0,0,0,0,0,2,2,0,0,0,0,0,0,0,0,0,0,0,0,0,0,0,0,0,0,0,0,0,2,0,0,0,0,0,0,0,0,2,0,0,0,0,0,0,2,0,0,0,0,0,0,0,0,0,0,0,2,0,0,0,0,0,2,0,0,0,0,0,0,0,2,0,2,2,0,0,0,2,2,0,0,2,0,0,0,0,0,0,0,0,0,0,0,0,0,2,0,0,2,0,0,2,0,0,2,0,0,0,0,0,0,0,0,0,0,0,0,0,0,0,0,0,0,0,0,0,0,0,0,0,0,0,0,0,0,0,0,0,0,0,0,0,0,0,2,0,0,2,0,2,0,0,0,0,2,0,0,0,0,0,2,2,0,0,0,0,0,0,0,0,0,0,0,0,2,0,0,0,2,2,0,0,0,0,0,0,0,0,2,0,0,0,0,0,0,2,2,0,0,0,0,2,0,2,0,0,0,0,0,0,2,0,0,2,0,0,0,0,0,2,0,2,0,0,0,0,0,0,0,2,0,0,0,0,0,0,0,0,0,0,0,0,0,0,0,0,0,0,0,0,0,0,0,0,0,0,0,0,0,0,0,0,0,0,0,0,0,0,0,0,0,0,0,0,0,2,2,0,2,0,2,0,0,2,0,0,0,0,0,0,0,0,0,0,2,0,0,2,0,0,0,0,0,0,0,0,2,0,2,2,2,0,0,0,0,0,0,0,0,0,2,0,0,2,0,0,0,2,0,0,0,0,0,0,2,0,0,0,2,0,0,0,2,0,2,0,0,2,2,0,0,0,0,0,0,0,2,0,0,0,0,2,2,0,0,0,2,2,2,0,0,2,0,2,0,0,0,0,0,0,2,2,0,0,2,0,0,2,0,0,0,0,0,2,0,0,0,2,0,0,0,0,0,0,0,0,0,0,0,0,0,0,0,2,0,0,0,0,0,0,0,0,0,0,0,0,0,0,2,0,0,0,0,2,2,0,2,0,0,0,0,0,2,0,0,0,0,2,0,0,2,0,2,0,0,2,0,2,0,0,0,0,0,0,2,0,0,2,0,0,0,2,0,2,0,0,2,2,0,0,0,0,NA,0,0,2,2,0,2,0,2,0,0,2,0,0,0,2,0,0,0,0,2,2,2,0,0,0,0,0,2,0,2,0,0,0,0,0,0,0,2,0,0,0,2,2,0,0,0,0,0,0,0,0,0,0,0,0,0,2,2,0,2,0,0,0,2,0,0,2,2,0,0,2,0,0,0,0,2,2,0,0,0,0,0,2,2,0,2,0,0,0,0,0,2,0,0,0,0,0,0,0,0,0,0,0,0,0,2,0,0,2,2,2,0,2,0,0,0,0,0,2,2,2,0,2,0,0,0,0,0,0,0,0,0,2,0,2,0,0,2,0,0,0,0,2,0,2,0,0,0,0,0,0,0,2,2,0,0,0,0,0,0,2,0,2,0,0,0,0,0,0,0,0,2,2,0,0,0,2,2,0,0,0,2,0,0,0,0,0,0,0,0,2,2,0,0,0,0,0,2,0,0,0,0,0,0,0,2,0,0,0,2,2,2,0,0,0,0,0,0,0,0,0,0,0,0,0,2,0,2,2,0,2,0,0,2,0,0,0,2,0,0,0,0,2,0,0,0,0,0,0,0,0,0,0,0,0,0,0,0,0,0,0,0,0,0,2,2,0,2,0,0,0,0,0,0,0,0,0,2,0,2,2,0,0,0,0,0,0,0,0,2,0,0,0,0,0,0,2,0,0,0,0,0,2,0,0,0,0,2,2,0,0,0,0,0,0,0,0,0,0,0,0,0,0,0,0,0,0,0,0,0,0,0,0,0,0,0,0,0,0,0,0,0,0,0,0,2,2,0,0,0,0,0,0,0,0,0,0,0,0,0,2,0,0,2,0,2,0,0,0,0,0,0,0,2,2,2,0,0,2,0,0,0,0,2,0,0,0,0,0,0,2,2,2,0,0,2,0,2,0,0,0,0,0,0,0,2,0,2,0,2,2,0,0,0,0,0,0,0,0,0,0,0,0,0,0,0,0,0,0,0,0,0,0,2,0,0,0,0,0,0,0,0,0,0,0,0,0,0,0,0,2,0,2,0,2,0,0,2,0,0,0,0,0,0,0,0,0,0,0,0,2,2,0,0,0,2,0,0,0,0,2,2,0,2,0,0,0,0,2,2,2,2,0,0,2,2,0,0,0,0,0,0,0,2,0,0,2,2,2,0,0,2,0,0,0,2,2,2,0,0,0,2,0,0,2,0,2,0,0,0,0,0,0,2,0,2,0,0,0,2,0,0,2,0,0,2,0,0,0,0,0,0,0,0,0,0,2,0,0,2,0,0,0,0,0,0,0,0,0,0,0,0,0,0,0,0,0,0,0,0,0,0,2,0,2,0,0,0,2,0,0,0,0,0,0,0,2,2,0,0,0,2,0,2,2,0,0,0,2,0,2,2,2,2,0,0,2,2,2,0,0,0,2,2,0,0,0,0,0,0,0,0,2,0,0,0,0,0,0,0,0,0,0,0,0,2,2,0,2,2,2,0,0,2,0,0,2,2,2,2,0,0,0,0,2,0,2,0,2,0,2,0,2,2,2,0,2,0,2,2,2,0,0,0,0,0,0,0,0,2,2,2,0,0,0,0,0,0,0,0,0,0,0,0,0,0,0,0,0,0,0,0,0,0,2,0,0,0,0,0,0,0,0,0,0,0,0,0,0,0,0,0,0,0,2,0,0,0,0,0,2,0,0,2,0,0,0,2,2,0,0,0,2,0,0,0,0,0,0,0,0,0,0,0,0,0,0,2,2,2,0,0,0,2,2,0,2,0,0,2,0,2,0,0,2,0,0,0,0,2,0,0,0,2,0,0,2,0,0,2,2,0,0,2,2,0,2,0,0,0,0,0,2,2,2,0,0,0,0,0,0,0,0,0,0,2,0,0,0,0,2,0,0,0,2,0,0,2,0,0,0,0,0,0,0,0,0,0,2,2,0,0,2,0,0,0,0,0,0,0,2,0,0,0,2,2,0,2,0,2,2,0,0,0,0,0,0,0,0,0,2,0,0,0,0,0,0,0,0,0,0,0,0,0,2,0,0,2,0,0,0,0,0,0,0,2,0,0,0,0,0,0,0,0,0,0,0,0,0,0,0,0,0,0,0,0,0,0,0,0,0,0,0,0,0,0,0,0,0,0,0,0,0,0,0,0,0,0,0,0,0,0,0,0,0,2,0,2,0,0,0,0,2,0,0,0,0,0,0,2,0,0,0,2,0,0,0,0,0,0,0,2,0,0,0,2,0,0,0,2,0,0,0,0,0,0,0,0,0,0,0,2,0,0,0,0,0,0,0,0,0,0,0,0,0,2,0,0,0,0,0,0,2,0,0,0,0,2,2,0,0,0,2,0,2,2,0,0,0,2,0,0,2,2,2,0,0,0,0,0,2,0,NA,0,0,0,2,0,2,0,0,0,2,0,0,2,0,2,0,2,2,0,0,2,0,0,0,2,0,2,2,0,0,2,0,2,2,2,0,0,2,0,0,0,0,0,0,0,0,2,0,0,0,0,0,0,2,0,0,0,0,0,0,0,2,0,0,2,0,0,2,2,0,0,2,0,2,2,0,0,0,0,2,2,0,0,0,0,0,0,0,0,0,2,0,2,0,0,0,2,0,0,2,0,2,0,0,2,0,0,2,0,0,0,0,0,0,0,0,0,0,0,2,0,0,2,0,2,0,0,0,0,2,2,2,0,0,0,2,0,0,0,0,2,0,2,0,0,0,0,2,0,2,2,0,2,2,0,0,0,0,0,0,0,0,0,2,0,2,0,0,0,2,0,0,0,0,0,0,0,0,0,0,0,0,0,0,0,0,0,0,0,0,0,0,2,2,0,0,0,0,0,0,0
"CC241",0,0,0,0,0,0,2,0,0,0,0,0,0,2,2,0,0,0,0,2,2,2,0,0,2,0,0,0,0,0,0,0,0,0,0,0,0,0,2,0,0,0,0,0,0,0,0,0,0,2,0,0,0,0,0,0,2,0,0,0,0,0,0,0,2,2,0,0,0,0,0,0,0,0,0,0,0,0,0,2,0,0,0,0,0,0,0,0,0,2,0,0,0,0,0,2,0,0,0,0,2,2,2,2,2,2,0,0,0,0,0,0,0,0,0,0,0,0,0,2,0,0,0,2,0,0,0,0,2,0,0,0,0,0,0,2,0,0,0,0,0,0,0,0,0,2,2,0,0,0,0,0,0,0,0,0,2,0,0,0,0,0,0,2,2,2,2,0,0,0,0,2,0,0,0,0,0,0,0,2,0,0,0,0,0,0,0,0,0,2,0,0,0,0,2,0,0,0,0,0,0,0,0,0,0,0,0,0,0,0,0,0,0,0,0,0,0,0,0,0,2,0,0,0,0,0,0,2,0,0,0,0,0,2,0,0,0,0,0,0,2,0,0,0,0,0,0,0,0,0,0,0,0,0,0,2,2,2,0,0,0,2,0,0,2,0,0,0,0,0,0,0,0,2,2,0,0,0,0,0,0,0,0,0,0,0,0,0,0,0,0,0,0,0,0,0,0,0,0,0,0,0,0,2,0,0,0,2,0,0,0,0,0,0,0,0,0,2,0,0,0,0,0,0,2,0,0,0,0,0,0,0,2,0,0,0,0,0,2,0,0,0,0,0,0,0,0,0,0,0,0,0,0,0,0,0,0,2,0,0,0,0,0,0,0,0,0,0,0,0,2,0,0,0,0,0,0,0,0,0,0,0,0,0,0,0,2,2,2,0,0,0,0,0,0,0,0,0,0,0,0,0,0,0,0,0,0,0,0,0,0,0,0,2,0,0,0,2,0,0,0,2,2,0,2,0,0,2,0,2,2,0,2,0,0,2,2,0,0,0,0,0,2,0,0,2,0,0,0,2,0,0,0,0,0,0,0,0,0,2,2,0,0,0,0,0,0,0,2,2,0,0,0,0,0,0,0,0,0,0,0,0,0,2,0,2,0,2,2,0,0,0,0,2,0,0,0,0,0,2,0,0,0,0,0,0,0,0,2,2,0,0,0,0,0,0,0,0,0,2,0,0,2,0,0,0,0,0,0,2,0,0,0,0,0,0,0,0,0,0,2,0,0,0,0,0,0,0,0,2,2,2,0,2,0,0,0,0,0,0,0,0,0,2,0,2,2,0,0,0,0,0,0,0,0,2,2,0,0,0,2,0,0,0,0,0,0,0,0,2,0,2,0,2,2,0,0,0,2,0,0,0,2,0,0,0,0,0,0,0,0,0,0,0,2,0,0,0,0,2,0,0,0,2,2,2,0,0,0,2,0,2,0,2,2,2,0,0,2,0,0,2,0,2,0,0,0,0,0,0,0,2,0,0,0,0,0,0,2,2,0,0,0,2,2,0,0,0,0,0,0,0,0,2,0,0,0,0,0,0,0,0,2,0,0,0,0,2,0,0,2,0,2,2,0,0,0,0,0,0,0,0,0,0,2,2,2,0,0,0,0,2,0,0,2,0,2,2,0,0,0,0,0,0,0,0,0,2,0,0,0,2,0,0,0,0,0,0,0,0,0,0,0,0,0,0,0,0,0,0,0,0,0,0,2,0,0,0,0,0,2,0,0,0,0,0,0,0,0,0,2,0,0,0,0,0,2,0,2,0,2,2,0,0,0,2,2,0,0,0,0,0,0,2,0,0,0,0,0,0,0,0,0,2,0,2,0,2,2,0,0,0,0,0,0,0,0,0,2,0,0,0,0,NA,0,2,0,0,2,0,0,0,2,0,0,0,2,0,0,NA,2,0,0,2,0,0,2,0,0,2,2,0,0,2,2,0,0,0,0,2,2,0,0,2,0,0,0,2,0,0,0,0,0,0,0,0,2,0,0,0,0,2,0,0,0,0,0,0,0,0,0,0,0,0,0,0,2,0,0,0,0,2,0,0,0,0,0,0,0,0,0,2,0,0,0,2,0,0,0,2,0,0,0,0,0,0,0,0,0,0,0,0,0,0,0,0,0,0,0,0,0,0,0,0,0,0,0,2,0,0,0,0,0,0,0,0,2,0,0,0,0,0,0,0,0,0,0,0,0,0,0,0,0,0,2,0,0,0,2,2,2,0,2,0,2,2,0,0,0,0,2,0,2,0,0,0,0,2,0,0,0,0,0,0,0,0,0,0,0,0,0,2,0,2,0,2,0,0,0,NA,0,0,2,0,2,0,0,0,0,0,0,0,0,2,0,2,0,0,0,0,0,0,0,0,0,0,0,0,0,0,0,2,0,2,2,0,0,0,0,0,0,0,0,0,0,0,0,0,0,2,2,0,0,0,0,0,2,2,0,0,0,0,0,0,0,0,2,0,2,0,0,0,0,0,0,0,0,0,0,0,0,0,0,2,0,0,2,2,2,0,0,0,0,0,0,0,0,2,0,2,0,0,0,0,0,2,0,0,0,0,2,0,0,2,2,0,0,0,2,0,0,0,0,2,2,0,0,0,2,2,0,0,0,0,0,0,0,0,0,2,2,2,0,0,2,0,0,0,0,0,0,0,0,2,0,0,0,0,0,0,2,0,0,2,2,0,0,0,2,2,2,0,0,0,2,2,0,0,2,0,0,0,0,0,0,NA,0,0,0,0,0,0,0,2,NA,0,0,0,0,0,0,0,0,0,2,2,0,0,0,0,0,2,2,0,0,NA,0,2,0,2,0,0,0,2,0,2,0,0,0,0,0,0,0,0,0,0,0,0,0,0,0,0,0,0,0,0,0,0,0,0,0,0,0,0,0,0,2,0,0,2,0,0,0,2,0,0,0,2,0,0,2,0,0,0,0,0,0,NA,0,0,0,0,0,0,0,0,2,0,0,0,0,0,2,2,0,0,0,2,0,0,0,0,0,0,0,0,0,0,0,0,0,0,0,0,0,0,0,0,2,2,0,0,0,0,0,0,0,0,0,0,0,2,0,0,0,0,0,0,0,0,2,2,2,2,0,0,0,0,0,2,2,2,0,0,0,0,0,0,0,0,0,0,2,2,0,0,0,0,0,0,0,0,2,0,0,2,0,0,2,0,0,0,0,0,0,0,0,0,0,0,0,0,0,2,2,0,2,0,0,0,0,0,0,0,0,0,2,0,0,2,2,0,0,0,0,2,0,0,0,0,0,0,2,0,0,0,0,0,0,2,0,0,0,2,0,0,0,0,0,0,0,2,0,2,2,0,0,0,0,0,0,0,0,0,0,0,0,0,0,0,0,2,0,0,0,0,0,0,0,0,0,0,0,0,0,0,0,2,2,2,0,2,2,2,0,0,0,0,2,0,0,0,0,2,0,0,0,2,0,0,2,2,0,0,2,2,0,2,2,0,0,0,0,0,0,0,0,0,2,0,0,0,2,0,0,0,2,0,0,0,0,0,0,0,0,0,0,0,0,0,0,0,0,0,2,0,0,0,0,0,0,0,0,0,0,2,0,0,0,0,0,0,2,0,0,2,0,0,0,0,0,0,0,0,2,0,2,0,0,0,0,0,0,0,0,0,0,2,0,0,0,0,0,2,2,0,0,0,0,0,0,0,2,2,2,0,2,0,0,0,0,0,0,0,0,0,0,0,0,0,0,0,0,0,0,2,2,0,0,0,0,0,2,0,0,0,0,2,0,0,0,0,0,0,0,2,0,0,0,0,2,0,2,2,0,2,0,0,0,0,0,0,0,2,0,2,0,2,0,0,2,0,0,0,0,0,0,0,0,0,0,0,0,0,2,0,0,0,2,0,0,0,0,0,2,0,0,0,2,0,2,0,2,0,2,0,0,0,0,2,0,2,2,2,0,2,0,0,0,0,0,0,2,0,0,0,0,0,0,0,2,0,0,2,2,0,2,0,0,0,2,0,2,2,0,0,2,0,0,0,2,2,0,2,2,0,0,0,0,0,0,0,0,0,0,0,0,0,0,0,0,0,2,2,0,2,0,0,0,2,0,0,0,0,2,0,2,2,2,0,0,0,2,2,0,0,0,0,0,0,0,0,0,0,0,0,0,0,0,0,0,0,0,2,0,2,0,2,0,0,2,0,0,0,0,0,2,0,0,0,0,0,0,2,0,0,0,0,2,0,0,0,0,NA,0,0,0,0,2,0,0,0,0,0,0,2,0,0,2,0,2,0,0,0,0,0,0,0,0,2,0,0,0,0,0,0,2,0,0,0,2,2,0,0,2,0,0,0,0,0,2,0,2,0,0,0,0,2,0,2,0,2,0,2,2,0,0,0,0,0,0,0,2,0,0,2,2,0,0,0,0,0,0,0,0,0,0,0,0,2,0,0,0,0,0,0,0,0,0,0,0,0,0,0,2,0,0,2,0,2,0,0,0,0,0,0,0,0,2,0,2,2,2,0,0,0,0,0,0,0,0,2,0,0,0,0,0,0,2,0,0,0,0,0,0,0,0,0,0,0,0,0,0,0,2,0,0,0,2,0,2,0,2,0,0,0,0,0,2,0,0,2,0,0,0,0,0,0,0,0,0,0,0,0,2,0,0,0,0,0,2,0,2,0,0,0,0,0,0,0,0,0,0,0,2,0,0,0,0,0,0,0,0,0,0,0,2,2,0,0,0,0,2,2,0,2,2,0,0,0,0,0,0,0,0,0,0,0,2,2,0,2,0,0,0,0,0,0,2,0,0,2,2,2,0,0,0,0,0,0,0,0,0,2,0,0,0,0,0,0,0,0,0,0,2,0,2,0,2,0,0,0,0,0,2,2,0,0,0,0,0,0,0,0,0,2,0,0,0,0,0,0,0,2,0,0,0,0,0,0,0,0,2,0,0,0,0,2,0,0,0,2,2,0,0,0,2,2,0,0,0,0,2,0,0,2,0,2,0,0,2,0,0,2,0,0,0,0,2,0,0,0,0,0,0,0,0,0,0,0,2,0,0,0,0,2,0,0,0,0,0,0,0,2,0,2,0,2,0,0,0,0,0,2,0,0,0,0,0,0,0,0,0,0,2,0,0,0,0,2,0,0,0,0,0,0,2,0,0,0,0,2,2,0,0,0,0,0,0,2,2,0,0,0,0,2,2,0,2,0,0,0,0,2,0,0,0,0,0,0,2,0,0,0,0,0,0,0,0,0,2,0,0,2,0,0,0,0,0,0,0,0,0,0,0,0,0,0,0,0,0,0,0,0,2,0,0,0,0,0,0,0,0,0,0,0,0,0,0,0,0,0,0,0,0,2,0,0,0,0,2,0,0,0,0,0,0,0,0,0,0,0,0,0,0,0,0,0,2,0,0,0,0,2,2,0,0,2,0,0,0,0,0,0,0,0,0,0,0,0,2,0,0,0,0,0,0,0,0,0,0,0,0,0,0,0,0,0,0,0,2,0,0,0,0,2,0,0,0,0,0,0,0,0,NA,0,0,0,0,0,0,0,0,0,0,2,0,0,0,0,0,0,0,0,0,0,0,0,2,0,0,0,0,0,0,0,0,0,2,0,2,0,2,0,0,0,0,0,0,0,0,0,0,0,0,0,2,0,2,0,0,0,0,2,0,2,0,0,2,0,0,0,0,0,0,0,2,0,0,0,0,0,0,0,0,0,0,0,0,0,2,0,0,2,2,0,0,0,0,0,0,0,0,0,0,2,0,0,0,0,0,0,0,0,0,2,0,0,0,0,0,0,0,2,2,0,0,0,0,0,0,0,0,0,0,0,0,0,2,0,0,0,2,0,0,0,0,0,0,2,0,2,0,0,2,0,0,0,2,0,0,0,2,0,0,0,0,0,0,0,2,2,2,2,0,0,2,0,0,0,2,0,2,0,0,2,0,0,0,0,0,0,2,0,2,0,2,0,0,2,0,2,0,0,0,0,2,0,0,0,0,0,2,0,0,0,2,0,2,2,0,2,0,2,0,2,0,2,2,0,0,0,0,0,0,0,0,2,0,0,2,0,0,0,0,0,0,0,0,0,0,0,2,0,0,0,0,0,0,0,2,2,0,0,0,0,0,0,0,0,0,0,0,0,0,0,0,0,0,2,0,0,2,0,0,0,0,2,0,0,0,2,2,0,0,2,0,0,0,0,0,0,0,0,0,0,0,0,0,0,0,0,2,2,0,0,0,0,0,2,0,0,0,0,2,2,0,0,0,0,0,0,0,0,0,0,0,2,0,NA,0,0,2,0,2,0,0,0,0,0,0,0,0,2,0,0,2,0,0,0,0,0,0,0,0,0,0,0,0,2,2,0,0,0,0,0,0,2,0,2,0,0,0,0,0,0,0,0,0,0,0,2,2,0,0,0,0,0,0,2,0,0,0,0,0,0,0,2,0,2,0,0,0,0,0,0,0,0,0,0,2,0,0,0,0,2,0,0,0,2,0,0,0,0,0,0,0,0,0,0,0,0,0,2,0,0,0,0,0,0,0,0,0,0,0,0,0,0,0,0,0,0,0,0,0,0,0,0,0,0,0,0,0,2,0,0,0,0,0,0,0,0,0,2,0,0,0,0,0,0,2,0,0,0,2,0,2,2,0,0,0,0,0,0,0,0,0,0,0,0,0,0,0,2,0,0,0,2,0,0,0,0,0,0,0,0,0,2,0,2,0,0,0,0,0,2,2,0,0,0,2,2,0,0,0,0,0,0,2,0,0,0,0,0,0,0,0,0,0,0,0,2,0,2,0,0,0,0,0,0,2,0,0,0,0,0,2,0,0,0,0,0,0,0,0,2,0,0,0,0,0,0,2,0,0,0,0,0,0,0,0,0,0,0,2,2,2,0,0,2,0,0,2,0,2,0,0,0,0,0,0,0,0,0,0,0,2,0,0,0,0,2,2,0,0,0,2,0,0,0,0,0,0,2,0,0,0,0,0,0,0,0,2,0,0,0,2,2,0,0,0,2,0,0,0,0,0,0,0,0,0,0,2,2,0,0,0,0,0,0,0,2,0,0,0,0,0,0,2,0,0,0,0,2,0,0,0,0,0,0,2,0,0,0,0,0,0,0,0,0,2,0,0,0,2,0,0,0,0,0,0,0,0,0,0,0,0,2,0,0,0,2,0,0,0,0,2,0,0,0,2,0,0,0,0,0,0,0,0,0,2,0,0,0,0,0,0,0,2,0,0,0,0,2,2,0,0,0,2,0,2,2,2,0,0,0,0,0,0,2,0,2,0,0,0,0,0,0,0,2,2,0,0,0,0,0,0,2,0,0,0,0,0,0,0,0,0,NA,2,0,0,2,0,0,0,0,2,0,0,0,0,0,0,0,0,0,0,0,NA,0,2,2,0,0,0,0,0,2,0,NA,0,0,0,0,0,0,0,0,0,2,0,2,0,0,0,0,2,0,0,0,0,2,0,0,0,0,0,0,0,0,0,0,0,0,0,0,0,0,0,0,0,0,0,0,2,0,0,0,0,0,0,0,0,0,0,0,0,0,0,0,2,0,0,2,0,0,2,0,0,0,0,2,0,0,0,0,0,0,0,0,2,2,0,2,0,2,0,2,0,0,0,0,0,0,0,0,0,0,0,0,0,0,0,0,0,0,0,0,0,0,0,0,0,2,0,0,0,0,0,0,0,0,0,0,2,0,0,0,0,2,0,0,0,0,0,0,0,0,0,0,2,0,0,0,0,2,0,0,0,0,0,0,0,0,0,0,2,0,0,0,0,2,0,0,0,0,0,0,0,0,0,0,0,0,0,2,2,0,2,2,0,0,2,0,0,0,0,2,2,2,0,2,0,0,0,0,0,0,0,0,0,0,0,0,0,0,0,0,2,0,0,2,2,0,0,0,0,0,0,0,2,0,2,2,0,0,0,0,0,0,0,0,0,0,0,2,0,2,0,0,0,0,0,2,0,0,0,2,2,0,0,0,0,0,0,0,0,0,0,0,0,2,0,0,0,0,0,0,0,0,0,0,0,0,0,0,0,0,0,0,0,0,0,0,0,0,0,0,0,0,0,0,0,0,0,2,2,0,0,0,0,0,0,0,0,2,2,0,0,0,2,0,2,2,0,2,0,0,2,0,0,0,0,0,2,0,2,0,0,0,0,0,0,2,2,0,2,2,0,0,0,0,0,0,0,0,0,2,0,0,0,2,0,0,2,2,0,2,0,2,0,2,0,2,0,2,2,0,0,0,0,0,0,0,0,0,0,0,0,0,2,0,0,2,2,0,0,0,0,0,0,0,0,0,0,0,0,0,0,0,0,0,0,0,0,0,0,0,0,2,0,0,0,0,0,0,0,2,0,0,0,0,0,0,0,0,0,0,0,0,0,0,0,0,0,2,2,0,0,0,0,2,0,0,0,0,0,0,0,0,0,0,0,0,0,2,0,2,0,0,0,0,0,0,0,0,0,0,0,0,0,0,0,0,0,0,0,0,2,0,0,0,0,0,0,2,2,0,0,0,2,2,0,0,2,0,0,2,0,2,0,2,0,0,0,0,0,0,0,2,0,2,2,0,2,0,2,0,0,0,0,0,0,0,0,0,2,0,0,0,2,0,0,0,0,2,0,0,0,0,0,0,2,0,0,0,2,0,0,0,2,0,0,0,2,2,0,0,0,0,0,2,0,2,0,2,2,0,0,0,2,2,0,0,0,0,0,0,0,0,0,2,0,0,0,0,0,0,0,0,0,0,0,0,0,0,0,0,0,0,0,0,0,0,2,0,0,0,0,0,0,0,0,0,0,2,0,0,0,0,2,0,2,2,0,0,0,0,0,0,0,2,0,0,0,0,0,0,2,0,2,0,0,0,0,0,0,0,2,2,0,0,0,0,0,0,0,2,0,0,0,0,0,0,2,2,0,0,0,0,0,0,0,2,0,0,0,0,0,0,0,0,0,0,0,0,0,0,0,0,2,0,0,0,0,0,0,0,0,0,0,0,2,2,0,0,0,2,2,0,2,0,0,0,2,2,0,0,0,0,0,0,0,0,0,0,0,2,2,2,0,2,0,0,0,0,0,0,0,0,2,0,0,0,0,0,0,2,0,0,0,2,0,0,0,0,0,0,0,0,0,0,0,0,0,0,0,0,0,0,0,0,0,0,0,0,2,0,0,2,2,2,0,0,0,0,0,0,0,2,2,2,0,0,0,0,0,0,0,0,0,0,0,0,0,0,0,0,0,0,0,0,0,0,2,NA,0,0,0,0,0,0,0,2,2,0,0,0,0,0,0,2,0,2,0,0,0,0,0,0,0,0,0,0,0,0,0,0,2,0,0,0,0,2,0,0,2,0,0,0,0,0,0,0,0,0,0,0,2,0,0,2,0,0,0,0,0,0,0,0,2,0,2,2,0,0,0,0,0,0,0,2,0,0,0,2,0,0,2,0,2,2,0,0,0,0,0,0,0,0,0,0,0,2,0,0,2,0,0,0,0,0,0,2,0,0,0,0,0,2,2,0,0,0,0,2,0,0,2,0,0,0,0,0,0,0,2,0,2,0,2,0,0,0,0,0,0,0,0,0,0,2,2,0,0,0,0,0,2,2,0,0,0,0,0,0,0,0,0,0,0,0,0,0,0,0,0,0,0,2,0,0,0,0,0,0,0,2,0,0,0,0,0,0,0,0,0,0,2,2,0,0,0,0,0,0,0,0,0,0,0,0,2,2,0,0,0,0,0,2,0,0,0,0,2,0,0,0,0,0,2,0,0,0,2,0,0,0,0,0,0,0,0,0,2,2,2,2,0,0,0,0,0,0,0,0,0,0,0,0,2,0,0,0,0,2,0,0,2,2,2,0,0,0,0,0,0,0,0,0,0,0,0,0,2,0,0,0,0,0,0,0,0,0,0,0,2,0,0,0,0,0,0,0,0,0,0,0,0,0,0,0,0,0,0,0,0,0,0,0,0,0,2,0,0,0,0,0,2,0,0,0,2,0,0,2,0,0,0,0,0,0,0,0,0,0,0,0,2,2,2,0,2,0,0,0,0,0,0,2,2,0,2,0,0,0,0,0,0,0,0,0,0,0,0,0,0,0,0,0,0,0,0,0,0,0,0,0,0,0,0,0,0,0,0,0,0,2,0,0,0,0,0,2,0,0,2,0,0,2,2,0,0,2,0,0,0,0,0,0,2,2,0,0,0,2,0,0,2,0,0,0,0,0,0,0,0,0,0,2,0,0,2,2,0,0,0,0,0,2,0,0,NA,2,0,0,2,0,0,0,0,0,0,0,0,0,0,0,0,0,2,0,0,0,0,2,0,0,0,0,0,0,0,0,0,2,0,0,0,0,0,2,0,0,0,2,0,0,0,0,2,0,2,0,0,0,0,0,0,0,0,2,2,0,0,0,0,2,0,2,0,0,0,2,0,0,0,0,0,0,0,0,2,0,0,2,0,0,0,0,0,0,0,0,0,0,0,2,2,2,0,0,0,0,2,0,0,0,0,2,0,0,0,0,0,0,0,2,0,0,0,0,0,0,2,2,0,0,2,0,0,2,0,0,0,0,0,0,0,0,0,2,0,0,0,0,2,0,0,0,0,2,0,0,2,0,2,0,0,0,0,0,0,0,2,0,0,0,0,0,2,0,0,0,0,0,0,0,0,2,2,0,0,2,0,0,2,0,0,0,2,0,0,0,0,2,2,2,0,0,0,2,0,0,2,0,0,2,0,0,2,2,0,0,2,0,0,0,2,0,0,0,0,0,0,2,0,0,0,0,0,0,0,0,0,0,2,0,0,2,0,2,0,2,0,0,0,0,0,0,0,0,0,2,0,0,2,0,0,0,0,0,0,0,2,0,0,0,0,0,0,0,0,2,2,0,0,0,0,2,0,0,0,0,0,0,2,0,0,0,0,0,0,0,0,0,0,0,0,2,2,0,0,2,2,2,0,0,0,0,0,0,0,0,0,0,0,0,0,0,0,0,2,0,0,0,0,0,0,0,0,2,2,0,0,0,0,0,0,2,0,0,0,2,2,0,0,0,0,0,0,0,2,0,0,0,2,0,2,0,0,0,0,0,0,0,0,2,0,2,2,0,2,0,0,2,0,0,0,0,2,0,0,0,0,2,0,0,0,0,0,0,0,0,0,0,2,0,0,2,0,0,0,0,0,2,0,0,0,0,0,2,2,0,2,0,0,0,0,0,0,0,0,0,0,0,0,0,0,0,0,0,0,2,0,0,2,0,2,0,2,2,0,0,0,2,0,2,0,0,0,2,0,2,2,0,0,0,2,0,0,0,2,2,0,0,2,2,0,2,0,0,0,0,0,0,0,0,0,0,2,2,0,0,0,0,0,0,0,0,0,0,2,0,0,2,0,2,0,0,2,2,0,0,0,0,0,0,0,0,0,0,0,0,0,0,2,2,2,2,0,2,0,0,0,0,2,0,0,0,0,0,0,0,0,0,2,0,2,0,2,0,0,2,0,0,0,0,0,0,0,0,0,0,0,0,0,0,0,0,0,0,0,0,0,0,0,0,0,0,0,2,0,0,0,0,0,0,0,0,0,0,0,2,0,0,0,0,0,0,0,0,0,2,0,0,2,0,0,0,0,2,0,0,2,0,2,2,2,0,2,2,0,0,0,0,2,2,0,0,0,0,0,0,2,0,0,2,0,2,0,0,0,2,0,0,2,0,0,0,0,0,0,0,2,0,0,0,2,0,0,0,0,0,0,2,0,2,0,2,0,0,0,0,0
"CC242",0,0,0,0,0,0,0,0,0,0,2,2,2,0,0,2,0,0,0,0,0,0,0,2,0,0,0,0,0,2,0,0,0,0,0,2,0,0,0,0,0,0,2,2,2,0,0,0,0,0,0,2,0,2,0,2,0,2,0,0,0,2,0,2,0,2,0,0,2,2,0,2,0,0,0,0,0,0,0,0,0,0,0,0,0,2,2,0,2,0,0,0,0,2,0,0,0,0,0,0,0,0,0,2,0,0,0,0,0,2,2,0,0,0,0,0,0,0,0,0,0,0,2,2,0,0,0,2,0,0,0,0,0,2,0,0,0,0,0,0,0,0,0,0,0,0,2,0,0,2,0,0,0,0,0,0,0,0,0,0,0,0,0,2,2,2,0,0,2,0,0,2,0,2,0,0,0,0,0,2,2,0,0,0,0,0,0,2,0,0,2,0,0,2,0,0,0,0,0,0,0,0,0,0,0,0,0,0,0,2,0,0,0,0,0,2,0,0,2,0,2,0,0,0,2,0,0,0,0,0,2,2,0,0,0,0,2,0,0,0,0,2,0,2,0,0,2,0,2,0,0,0,0,0,0,0,0,2,0,0,0,0,2,2,0,0,0,2,0,0,0,0,0,0,0,0,2,2,2,0,2,0,0,0,0,0,0,0,0,0,0,2,2,0,0,0,0,0,2,0,0,0,0,0,0,0,2,0,2,0,0,0,0,0,0,0,2,0,0,2,0,0,0,0,0,0,0,0,2,0,0,0,0,0,0,0,0,0,2,0,0,2,0,0,2,0,0,0,0,0,2,2,0,2,0,0,0,2,0,0,2,0,0,0,0,2,0,0,0,2,0,0,0,0,0,0,0,0,0,0,0,0,0,0,0,0,0,0,0,0,0,0,0,0,0,0,0,0,0,0,0,0,2,0,0,2,0,0,0,0,0,0,0,0,0,0,0,0,0,0,0,0,2,0,2,2,0,2,0,0,2,0,2,2,0,0,0,0,0,0,0,2,0,0,0,0,0,0,0,0,0,0,0,0,0,0,0,2,0,2,2,0,0,0,0,0,0,0,0,0,0,2,0,0,0,2,0,2,0,2,0,0,0,0,2,2,2,2,2,2,0,0,0,2,0,0,2,0,0,0,2,0,2,0,0,0,0,0,2,2,0,0,2,0,0,0,2,0,0,2,0,2,2,0,0,0,0,2,0,0,0,2,0,0,0,2,0,2,2,2,0,0,0,0,2,0,0,0,0,2,0,0,0,2,0,0,0,0,2,0,0,0,0,2,0,0,0,0,0,2,0,0,0,0,0,0,0,2,0,0,2,0,0,0,0,0,0,0,0,0,0,0,0,0,2,0,2,0,0,0,0,0,2,0,2,2,0,0,2,0,0,0,0,0,2,0,2,0,2,0,0,0,0,0,0,2,0,0,2,0,0,0,0,2,2,0,0,0,0,0,0,0,2,0,2,0,0,2,0,0,0,0,0,0,0,0,0,0,0,0,0,0,0,0,0,0,0,0,2,0,0,0,2,0,0,2,0,0,0,0,0,0,2,0,2,0,0,0,2,0,0,0,0,0,0,0,0,0,0,2,0,0,0,2,0,0,0,0,0,0,0,0,2,0,0,0,0,0,0,0,0,0,2,2,0,2,0,0,2,0,0,0,0,0,0,0,0,0,0,0,0,0,0,0,0,0,0,2,0,2,0,0,0,0,0,0,0,0,0,0,0,0,2,2,0,0,0,0,0,0,0,0,0,0,0,0,0,2,0,0,0,0,0,0,0,2,0,0,0,0,0,0,0,0,2,2,2,0,0,0,0,0,2,0,0,0,0,2,0,0,0,0,0,0,0,0,0,0,0,0,0,2,2,2,0,0,2,0,0,0,0,2,0,0,0,0,2,0,0,0,2,2,0,0,0,2,2,0,0,2,2,0,2,0,2,2,0,0,0,0,2,0,0,0,0,0,2,2,0,0,0,0,0,2,0,0,0,0,0,0,0,0,0,2,0,0,0,0,0,0,0,0,0,0,0,0,2,0,0,0,2,0,0,0,0,2,0,2,0,0,0,2,0,0,0,2,0,2,0,0,2,0,0,0,0,2,0,0,0,0,0,0,0,0,0,2,0,0,0,0,0,0,0,0,2,0,0,0,0,2,2,0,2,2,0,0,2,0,0,0,2,0,0,0,0,0,2,0,0,2,0,0,0,0,0,0,0,0,2,2,0,0,0,0,2,0,0,0,0,0,0,0,0,0,0,0,2,0,0,0,2,0,0,0,0,2,0,0,2,0,0,0,0,0,0,2,0,0,0,0,0,0,0,0,0,0,0,0,0,0,0,0,0,0,0,0,0,2,0,0,0,0,0,0,0,0,0,0,2,0,0,0,0,0,0,0,0,0,0,0,0,2,0,0,0,0,0,0,2,0,0,0,0,0,0,0,2,2,0,0,0,0,0,0,0,0,0,0,0,0,0,0,0,0,2,0,0,0,0,0,0,0,0,0,0,0,0,0,0,0,0,0,0,0,0,0,0,0,0,0,2,0,0,2,0,0,0,2,2,0,0,0,0,0,0,0,0,0,0,2,0,0,0,2,0,0,0,0,0,0,0,0,0,0,0,0,0,0,0,0,0,0,0,0,2,0,0,0,0,0,2,2,0,0,0,0,0,0,0,0,0,2,0,0,0,0,0,0,0,0,0,0,0,0,0,0,0,0,0,0,0,0,0,0,0,2,0,0,0,0,0,0,0,0,0,0,0,0,0,0,0,0,2,0,0,0,0,2,0,0,0,0,0,0,0,0,0,0,0,2,0,2,0,0,0,0,2,0,0,0,0,0,0,0,0,0,0,0,0,0,0,0,0,0,2,0,2,2,0,0,0,0,0,0,0,0,0,0,2,0,0,0,0,0,2,0,NA,0,0,0,0,0,2,0,0,0,0,0,2,0,0,0,2,0,0,2,0,0,0,0,2,0,0,0,0,0,0,2,0,0,0,0,2,0,0,2,0,0,0,0,0,0,0,0,0,0,0,0,0,0,0,2,2,0,2,0,0,0,0,0,0,0,2,2,0,0,0,0,0,0,0,0,0,2,0,0,2,0,0,2,2,0,0,2,0,2,0,0,0,0,0,2,0,0,0,0,0,0,0,2,2,0,0,0,0,0,2,0,0,0,2,0,0,2,0,0,0,0,2,0,0,0,0,0,2,2,0,0,0,0,0,0,0,0,2,0,0,0,0,0,0,0,0,0,0,0,0,0,0,0,0,0,0,0,0,0,0,0,0,0,0,0,0,2,2,0,0,0,0,2,0,0,0,0,0,2,0,0,0,0,0,0,0,2,0,0,0,2,0,2,0,0,0,0,0,0,0,0,2,0,2,0,0,0,0,0,0,0,2,0,0,0,0,0,2,0,0,0,0,0,0,0,0,0,0,0,2,0,0,0,0,0,2,0,0,2,2,0,0,0,0,0,0,0,0,0,0,0,0,0,0,0,0,0,0,2,0,2,0,0,0,0,0,0,0,0,0,0,0,2,0,0,0,0,2,0,0,2,0,0,0,0,0,0,0,0,0,0,0,0,0,0,0,2,0,0,0,0,0,0,0,0,0,0,0,0,0,2,0,0,2,0,0,0,0,0,0,0,0,0,0,0,0,0,0,0,0,0,2,0,0,0,NA,2,0,0,0,0,0,0,0,2,0,2,0,0,0,2,0,0,0,0,0,0,0,0,0,2,0,0,0,0,2,0,0,0,0,0,0,0,0,2,0,0,0,0,0,2,0,0,0,0,2,2,0,0,0,0,2,0,0,0,0,0,0,2,2,0,0,0,2,0,0,0,0,0,2,0,0,0,0,0,0,0,0,2,0,0,2,0,2,0,0,0,2,2,2,0,0,2,0,0,2,0,2,0,0,0,0,2,0,0,0,0,2,0,0,0,0,0,0,0,0,0,0,0,2,0,0,0,0,0,0,0,0,0,0,0,0,0,0,2,0,0,0,0,0,0,0,0,0,0,0,0,0,0,0,0,0,0,0,0,0,0,0,0,0,0,2,0,0,0,2,0,0,2,0,0,0,0,2,0,0,0,2,0,0,0,0,0,0,0,0,0,0,0,2,0,0,0,0,0,0,0,0,0,0,0,0,0,0,2,0,0,0,0,0,0,0,0,0,0,2,0,0,0,0,0,0,0,0,0,0,0,0,0,0,0,2,0,0,0,0,0,0,0,0,0,2,0,0,0,0,0,0,0,0,0,0,0,2,0,0,0,0,2,0,0,0,0,2,0,0,0,0,0,0,0,0,0,0,0,2,2,0,0,0,0,2,2,0,0,2,2,0,0,0,0,0,0,2,0,0,0,0,0,2,0,0,0,0,2,0,0,0,0,0,0,0,0,0,0,2,0,2,0,2,0,0,2,0,0,0,0,2,0,0,0,0,0,0,0,0,2,0,0,0,0,0,0,0,0,0,0,0,0,0,2,0,0,0,0,0,0,0,2,0,0,0,0,0,0,0,0,0,0,0,0,0,0,0,0,0,0,0,0,0,0,0,0,0,0,0,2,0,0,0,0,0,0,0,0,0,2,0,0,0,0,0,0,0,0,2,0,0,0,0,0,0,0,0,0,0,0,0,0,0,2,0,0,0,0,0,0,0,0,0,0,0,0,0,0,0,0,0,0,0,0,0,0,0,0,0,0,0,0,0,2,0,2,2,0,0,0,0,0,0,0,0,0,0,0,0,0,2,0,0,2,0,0,0,0,0,0,0,0,0,2,2,0,0,0,0,0,0,0,0,0,0,0,2,2,0,2,0,0,0,0,0,0,0,2,0,0,0,0,0,0,2,0,0,0,0,2,2,0,0,0,0,0,0,0,0,0,0,0,0,0,0,0,0,0,2,0,0,0,2,0,0,0,0,2,0,0,0,0,0,0,0,NA,2,0,2,0,0,0,0,0,0,0,0,0,2,0,0,0,0,0,0,0,0,0,0,0,0,0,0,0,2,2,2,0,2,0,0,0,2,0,0,0,0,0,0,0,2,0,0,0,2,2,0,0,0,0,2,0,0,0,0,0,0,2,0,0,2,0,0,0,0,0,0,0,0,2,0,0,0,0,2,0,2,0,0,0,2,0,0,0,0,0,0,2,0,0,2,0,2,0,0,2,0,0,0,0,0,0,0,0,2,0,0,0,0,0,2,0,0,0,0,0,0,0,2,0,2,0,0,2,0,0,0,0,0,0,0,0,0,0,0,2,0,0,0,0,0,0,0,0,0,0,0,0,0,0,0,0,0,0,0,0,0,0,0,0,0,0,0,0,0,0,0,0,0,0,0,0,0,2,0,0,0,0,0,0,0,2,2,0,0,0,0,0,0,0,0,0,2,0,0,2,0,0,0,0,0,0,0,0,0,0,2,0,0,0,0,0,0,0,2,0,0,2,0,0,0,0,0,0,0,0,0,0,0,0,0,0,0,0,0,0,2,0,0,2,0,2,0,2,0,0,0,0,0,0,0,0,0,2,0,2,0,0,0,0,0,0,2,0,0,0,0,0,0,0,0,0,0,0,0,0,2,0,0,0,0,2,0,0,2,0,2,0,0,0,2,0,0,0,0,0,2,0,2,0,0,0,0,0,0,0,0,2,2,0,2,0,0,2,2,0,0,0,0,0,0,0,0,0,0,2,2,0,0,0,0,2,2,0,2,2,2,0,0,0,0,0,0,0,0,0,2,0,2,0,2,0,0,0,2,0,0,0,0,0,0,0,0,0,0,0,0,0,0,0,0,2,2,2,0,0,2,0,2,0,0,0,0,0,0,0,0,2,0,0,2,0,0,0,0,2,0,0,0,0,0,0,0,0,0,0,2,2,0,0,0,0,0,0,0,0,0,0,0,0,2,2,0,0,0,0,2,2,0,2,2,0,0,0,2,0,0,0,0,0,0,0,0,0,0,2,0,0,0,0,0,2,0,0,0,0,0,0,0,0,2,0,0,2,0,0,0,2,0,2,0,2,0,2,0,0,0,0,0,0,0,0,0,0,0,0,0,0,0,0,0,0,0,0,2,0,0,0,0,0,0,0,2,0,0,2,0,0,2,0,0,0,0,0,0,0,2,0,0,0,0,0,0,0,0,0,0,0,0,0,0,0,0,0,0,0,0,2,0,0,0,2,0,0,0,0,0,0,0,2,2,0,0,0,0,0,2,0,0,0,0,2,0,0,0,0,0,2,0,2,0,2,0,0,2,0,0,0,2,0,0,0,0,0,0,0,0,0,2,0,0,0,0,2,0,0,0,0,0,0,2,0,0,0,0,2,2,0,0,2,2,0,0,0,2,0,0,2,0,2,0,0,0,2,0,0,0,2,0,0,0,0,0,0,0,0,0,2,2,0,2,2,0,0,0,0,0,0,0,2,0,2,0,0,0,2,0,0,0,0,0,0,0,0,0,0,0,0,0,0,0,2,0,0,0,2,0,0,0,0,0,0,0,0,0,0,0,2,0,2,2,0,2,0,0,0,0,2,0,0,0,0,0,0,2,2,2,0,2,0,2,2,0,0,2,0,2,2,0,0,0,0,0,0,0,0,0,0,2,0,2,0,0,0,0,0,0,0,0,0,0,0,0,0,2,0,0,0,0,0,0,0,0,0,0,0,2,0,0,0,0,0,0,0,0,0,2,0,0,0,0,0,0,0,0,0,0,0,0,0,0,2,0,0,0,0,2,0,0,0,0,0,0,0,0,0,0,0,0,2,0,0,2,0,0,0,0,2,0,0,0,0,0,0,0,0,0,2,0,0,0,0,2,2,0,0,0,0,0,2,0,2,2,0,2,0,0,0,0,0,0,2,0,0,2,0,0,0,0,0,0,2,0,0,0,0,0,0,0,0,2,2,2,0,0,0,0,0,2,0,0,0,0,0,0,2,0,0,2,0,0,0,0,0,0,0,0,0,0,0,0,2,0,0,0,2,0,0,0,0,0,0,0,0,0,0,2,0,0,2,0,0,2,0,0,0,0,0,0,0,2,0,0,0,0,0,0,0,0,2,0,0,0,0,0,0,0,0,0,0,0,0,0,0,0,2,0,0,0,0,0,2,0,2,0,0,0,2,0,0,0,0,0,0,2,0,0,0,0,0,2,0,0,0,0,0,0,0,0,0,0,0,0,0,0,0,2,0,0,0,0,0,0,0,0,0,0,0,0,2,0,0,0,0,0,0,2,0,0,0,0,0,0,2,0,0,0,0,0,0,2,0,0,0,0,0,0,0,0,0,0,0,0,0,2,0,0,0,0,0,0,0,0,0,0,0,0,0,0,0,0,0,0,0,0,0,0,0,0,2,0,0,0,0,0,0,2,0,0,0,0,0,0,2,0,0,0,0,0,0,0,2,0,0,0,0,0,0,0,0,0,0,0,2,0,0,0,0,0,0,2,0,0,0,0,0,0,0,0,0,0,0,0,0,0,0,0,0,2,0,0,0,0,2,0,0,0,0,0,0,0,0,0,2,0,0,0,0,0,0,0,0,0,2,0,0,0,0,0,2,2,0,0,0,0,0,2,0,0,0,0,0,2,0,0,0,2,2,0,0,0,0,0,0,0,0,0,2,0,0,0,0,0,0,0,0,2,2,2,0,0,0,0,0,2,2,0,0,0,0,0,0,0,0,0,2,2,2,2,2,0,0,0,0,0,2,0,2,0,0,0,0,0,0,0,0,0,0,0,0,0,0,0,0,0,0,0,0,0,0,0,0,0,0,0,0,0,0,0,0,2,0,0,0,0,0,0,0,0,0,0,0,0,0,0,0,0,2,0,0,0,2,0,0,0,0,0,2,0,0,2,0,0,0,0,0,0,0,0,0,0,0,0,0,0,0,0,0,0,0,0,0,0,0,0,0,0,0,0,0,0,0,0,0,0,0,0,0,0,0,0,0,0,0,0,0,0,0,0,0,0,0,0,0,0,0,0,0,0,0,0,0,0,2,0,0,2,2,0,0,0,0,0,2,2,0,2,0,0,0,2,2,2,0,0,0,2,2,0,2,0,0,2,0,0,0,0,0,2,0,0,0,0,0,2,0,0,0,0,0,0,0,0,0,0,0,0,0,0,2,0,2,0,0,0,0,0,0,0,0,0,0,0,0,0,2,0,0,2,0,0,2,0,0,0,0,0,0,2,0,0,0,0,2,0,0,2,0,0,0,0,0,0,0,0,0,0,2,2,0,2,0,0,0,2,2,0,0,0,2,0,0,0,0,2,0,0,2,2,0,0,2,0,0,0,2,2,0,0,0,2,2,0,2,0,0,0,0,0,0,0,2,2,0,0,0,2,2,0,0,2,0,2,2,0,0,0,0,0,0,0,NA,0,2,0,0,0,0,2,0,2,2,2,0,0,2,0,2,0,0,2,0,2,0,2,2,0,2,0,0,0,2,0,0,2,0,0,2,0,0,2,2,2,0,2,0,0,0,0,0,0,0,0,0,0,0,0,0,0,0,0,0,0,0,0,0,0,2,0,0,0,0,0,2,2,2,0,0,2,2,0,0,2,0,0,0,0,0,0,0,0,0,0,0,0,0,0,0,2,0,0,0,2,0,0,0,0,0,0,0,2,0,0,0,0,0,0,0,2,0,0,0,0,0,0,2,0,2,0,0,0,0,0,2,0,0,0,2,0,2,0,0,2,0,0,0,0,2,0,2,0,0,0,0,0,0,0,2,2,0,0,0,2,0,0,0,0,0,0,0,0,0,0,0,0,0,0,0,0,0,0,2,2,0,0,2,0,2,2,0,0,2,0,0,0,2,0,0,0,2,0,0,0,0,2,2,0,0,0,0,0,0,0,0,0,0,0,0,0,0,2,0,0,0,0,0,0,0,0,2,0,0,0,2,2,0,0,2,0,0,0,0,0,0,0,0,0,0,0,0,0,0,0,0,0,0,0,0,0,0,0,0,0,0,0,0,0,0,0,0,0,0,0,0,2,0,0,0,0,0,0,0,0,0,0,0,0,2,0,0,0,0,0,2,0,0,0,0,0,0,0,0,2,0,0,2,2,0,2,0,0,0,2,0,0,0,0,0,0,0,0,0,0,0,0,0,0,0,0,0,0,2,0,0,0,0,0,0,0,0,0,2,0,0,0,0,0,0,2,2,0,0,0,0,0,0,0,0,2,0,0,2,0,0,0,0,0,0,0,2,0,0,0,0,0,0,0,2,2,2,2,0,0,0,0,0,2,0,2,0,0,0,2,0,0,0,0,0,0,0,0,2,2,0,0,0,0,0,0,2,2,0,0,2,0,2,0,0,0,0,0,0,0,0,0,0,2,0,0,0,0,0,0,2,2,0,0,0,0,2,2,0,2,0,2,0,0,0,0,0,0,0,2,0,0,0,0,0,2,0,0,0,0,0,0,0,0,0,0,0,0,0,0,0,0,0,0,0,2,0,0,0,2,0,0,0,0,2,0,0,0,0,2,0,2,0,0,0,2,0,0,0,0,2,2,0,0,0,0,0,0,2,0,0,0,0,0,2,0,0,0,0,2,2,2,0,0,0,0,0,0,0,0,0,0,0,0,2,2,0,0,0,0,0,0,0,0,0,0,0,0,0,0,0,0,0,0,0,2,0,2,0,0,0,0,0,0,0,0,0,0,0,0,0,2,2,0,2,0,2,0,0,2,0,0,0,2,0,0,0,0,0,0,0,2,2,2,2,0,0,0,0,2,0,0,0,2,0,0,0,0,0,0,0,0,0,0,0,0,0,0,0,0,2,0,0,0,0,0,0,0,0,0,0,0,0,0,0,0,0,0,0,2,0,0,0,0,0,0,0,2,0,2,2,0,0,2,0,0,0,0,2,0,0,0,0,0,0,2,0,0,2,0,0,0,0,2,0,0,0,2,0,0,0,0,0,0,0,0,0,0,0,0,0,0,0,0,0,0,0,2,0,0,0,0,0,0,0,0,0,0,0,0,0,0,0,0,0,2,0,2,0,0,0,0,0,0,2,0,0,2,0,0,0,0,0,0,2,0,0,2,0,0,0,0,0,0,0,0,0,0,0,0,2,0,0,0,2,0,0,2,0,0,0,0,0,0,0,0,2,0,0,2,2,0,0,0,2,0,2,0,0,0,2,0,0,0,2,0,2,0,0,0,0,0,0,2,2,0,0,0,0,0,2,2,0,0,0,0,0,0,0,2,0,0,0,2,0,0,2,0,0,2,0,2,2,0,0,0,2,2,0,0,0,2,0,0,0,0,0,0,0,0,2,0,0,0,0,0,0,0,2,0,0,0,0,2,0,0,0,0,0,0,2,2,0,0,0,0,0,0,0,0,0,0,0,0,0,0,0,0,0,0,0,0,2,0,0,0,2,0,0,0,0,0,0,0,0,0,0,0,0,0,0,0,2,0,0,0,0,0,0,0,0,0,0,2,0,0,0,0,0,0,0,0,0,0,0,0,0,0,0,0,0,0,2,0,0,0,0,2,0,2,0,2,0,2,0,0,0,2,0,0,0,0,0,0,0,2,0,0,0,0,0,0,0,0,0,0,0,0,0,2,0,0,0,0,0,2,2,0,0,0,2,0,2,0,0,0,0,0,0,2,0,0,2,0,0,0,0,0,0,0,0,2,0,0,0,0,2,0,0,0,2,0,0,0,0,0,0,0,2,2,0,0,0,2,2,2,0,2,0,0,0,0,0,0,2,0,0,0,0,0,0,0,0,0,0,0,0,0,2,0,0,0,2,0,0,2,0,0,0,0,2,0,0,0,0,0,0,0,0,2,2,2,0,0,0,0,0,0,0,0,2,0,0,0,0,0,0,0,0,0,0,0,0,0,0,0,2,0,0,0,0,NA,0,0,0,0,0,0,2,0,0,0,0,0,0,0,0,0,0,0,0,0,0,0,0,0,0,0,0,0,0,0,0,0,0,0,0,0,2,0,0,0,0,0,0,0,0,0,0,0,0,0,0,0,0,0,0,0,0,0,0,0,0,0,0,2,0,0,0,0,0,0,0,0,0,0,0,0,0,0,0,0,0,0,0,0,0,0,0,0,0,0,0,0,0,0,2,0,0,2,0,2,0,0,0,0,2,0,0,0,0,0,0,0,0,0,0,2,0,0,2,0,0,0,0,2,0,0,0,0,0,0,0,2,0,0,0,0,0,0,0,2,0,0,0,0,0,0,0,0,0,0,2,0,0,0,0,0,2,2,0,2,0,2,0,0,2,0,0,0,0,0,0,2,2,0,0,0,2,2,0,0,0,0,0,0,2,2,0,0,0,2,0,0,2,2,2,0,0,0,2,0,2,0,2,0,0,0,0,0,0,2,0,0,0,0,0,0,0,0,0,2,0,2,2,0,0,2,0,0,0,2,0,0,0,0,0,0,0,2,2,0,0,2,0,2,0,0,0,0,2,0,0,0,0,0,0,2,0,0,0,0,0,0,2,2,0,2,2,2,0,0,0,0,0,0,0,0,0,0,2,2,0,2,0,0,0,2,0,2,2,0,0,2,0,0,2,0,2,0,0,0,0,0,0,0,0,2,0,0,0,2,0,0,2,0,0,0,0,0,0,0,0,0,0,0,0,0,0,0,0,0,0,0,0,0,0,0,0,0,2,0,2,0,0,0,0,0,0,0,0,0,0,0,0,0,0,0,0,0,0,0,0,0,2,0,0,0,0,0,0,0,0,2,0,0,0,2,2,0,2,0,0,0,0,0,0,0,2,2,0,2,0,2,0,0,0,NA
"CC243",0,0,0,2,0,0,0,0,0,0,0,0,2,0,0,0,0,0,0,0,0,0,2,0,0,0,2,0,0,0,0,0,0,0,0,0,2,0,0,0,0,2,0,0,0,0,0,0,0,0,2,0,0,0,0,0,0,0,0,2,0,0,0,0,2,0,0,0,0,0,0,0,2,0,0,0,2,0,0,2,0,0,2,0,0,0,0,2,0,0,0,0,0,0,0,2,2,0,0,0,2,0,0,2,2,2,0,0,0,2,0,0,2,0,0,0,0,0,2,2,0,2,0,2,0,2,0,0,2,0,2,2,0,2,0,0,2,0,2,0,2,0,0,0,0,0,0,2,0,0,2,0,2,0,0,0,2,0,0,0,0,0,0,0,0,0,0,0,2,0,0,0,2,0,0,2,2,2,0,2,0,0,2,0,0,0,0,0,0,0,0,0,0,0,0,0,0,0,0,0,0,0,0,0,0,0,2,0,0,0,0,0,0,0,2,0,0,0,2,0,0,0,0,0,0,0,0,0,0,0,2,0,0,2,0,2,2,2,0,0,0,0,0,0,0,0,0,0,NA,0,0,0,0,2,0,0,2,2,0,2,2,0,0,0,0,0,0,0,0,0,2,2,2,0,0,0,2,2,2,0,2,0,0,0,0,0,0,0,0,0,2,2,2,0,0,0,0,0,2,2,2,0,0,2,2,0,2,0,2,0,0,0,0,0,0,0,0,2,2,0,0,0,0,0,0,0,2,0,2,0,0,0,0,0,0,0,2,0,2,0,2,0,0,0,0,0,0,0,2,0,0,0,0,0,0,0,0,0,2,NA,2,2,0,0,0,0,0,0,0,0,0,0,0,0,0,0,0,0,2,0,0,0,0,0,0,0,2,0,2,0,0,2,2,0,0,0,0,0,0,0,0,0,2,0,2,0,2,0,0,0,0,0,0,0,2,0,0,2,0,0,0,0,0,0,0,0,0,0,0,0,0,0,2,0,2,0,0,2,0,2,2,0,0,0,0,2,0,2,0,0,0,2,0,0,0,0,2,2,0,2,0,2,0,0,0,0,0,0,0,0,0,2,0,0,0,0,0,2,2,0,0,0,0,0,0,2,0,0,2,0,2,NA,0,2,0,0,2,2,0,2,0,0,2,0,0,2,0,0,0,2,0,0,0,0,0,0,0,0,0,2,2,2,0,0,2,2,2,0,0,0,0,0,0,0,0,2,0,0,0,0,0,0,0,2,2,0,2,2,0,0,0,0,0,0,0,0,0,2,0,2,0,2,0,2,2,0,0,0,2,0,0,2,0,0,0,0,0,0,0,2,2,0,0,0,NA,0,2,0,0,0,0,0,0,0,2,0,0,0,0,0,0,2,0,0,2,2,2,2,0,0,0,0,0,2,0,0,0,2,0,0,0,0,0,2,2,0,0,0,2,0,0,0,0,2,0,2,0,2,0,0,0,2,0,0,0,0,0,0,0,0,0,0,0,0,2,0,0,0,2,0,2,0,0,0,0,0,2,0,0,2,0,0,2,0,0,0,0,0,0,0,0,0,0,0,0,0,2,0,0,0,2,0,0,0,2,0,2,2,2,2,0,0,0,0,0,0,0,0,2,0,0,0,0,0,0,0,0,2,2,0,0,0,0,0,0,0,2,0,0,0,2,0,0,0,0,0,0,0,0,0,0,0,0,0,0,0,0,2,0,0,0,0,0,2,2,0,2,0,2,0,2,0,0,0,0,2,0,0,0,0,0,0,0,2,0,0,2,0,0,0,0,2,0,0,0,0,0,0,0,0,0,0,2,0,0,0,0,0,0,0,0,0,0,0,2,0,2,0,0,2,0,0,0,0,0,0,0,0,0,0,0,0,0,2,0,2,0,0,0,2,0,0,0,0,0,0,0,0,0,0,0,2,0,2,2,0,0,2,0,0,2,0,2,2,0,0,0,2,0,2,0,0,0,0,0,0,0,2,0,0,0,0,0,2,0,2,2,0,0,0,0,2,0,0,2,2,0,0,0,0,2,0,0,0,0,0,0,0,0,0,0,0,0,0,0,0,0,0,0,0,2,2,0,0,2,0,0,0,2,2,0,0,0,0,0,0,0,0,0,0,2,0,0,0,2,0,0,0,0,0,0,0,0,0,0,0,0,0,0,0,0,0,0,0,0,0,2,0,0,0,0,0,0,0,0,0,0,0,0,0,0,0,0,0,0,0,0,2,0,0,0,0,0,0,2,0,0,0,0,2,2,0,0,0,0,0,0,0,0,0,0,0,2,0,0,0,0,0,0,0,0,0,0,0,0,0,0,2,0,0,0,0,0,0,0,0,0,0,0,0,0,0,0,0,0,0,0,2,2,0,0,0,0,0,0,2,0,0,2,0,0,0,0,0,0,2,0,0,2,0,0,0,0,0,0,0,0,2,0,0,2,0,0,0,0,2,0,0,2,0,2,0,0,0,0,0,2,0,0,0,2,0,2,0,0,0,0,0,0,0,0,0,0,0,0,0,0,2,2,0,2,2,0,0,0,0,0,0,0,2,0,0,0,2,2,0,2,0,0,0,2,0,2,0,2,0,0,0,0,0,0,2,0,0,2,0,2,0,2,2,2,0,0,0,0,0,0,0,0,2,2,2,0,0,0,0,0,0,2,0,0,0,0,2,0,0,0,0,0,0,2,0,0,0,0,0,0,0,0,0,0,0,0,0,0,2,0,0,2,0,0,2,0,0,0,2,0,0,0,0,0,0,0,0,0,0,0,0,0,0,0,0,0,0,2,0,0,0,2,0,0,0,2,0,0,0,0,0,0,0,0,2,0,0,0,0,2,0,0,0,0,0,0,2,2,0,0,0,0,0,0,0,0,2,2,0,0,0,2,0,2,0,0,0,0,0,0,0,2,0,0,0,0,0,NA,0,0,0,0,0,0,0,2,0,0,0,0,0,0,0,0,0,0,0,2,0,0,0,0,0,0,0,0,0,0,0,2,0,0,0,0,0,2,0,0,0,2,0,0,0,0,0,0,0,0,0,0,0,0,2,0,0,0,0,0,0,0,0,0,0,0,0,0,0,0,0,0,0,0,0,0,0,0,0,2,0,0,0,0,2,2,2,0,0,0,0,2,2,0,0,0,0,0,0,0,0,0,0,0,0,0,2,0,0,0,0,0,0,0,0,0,0,0,0,0,0,0,0,0,0,0,0,0,2,2,0,0,0,0,0,2,0,0,0,0,0,2,0,0,2,0,0,0,2,2,2,2,0,2,0,0,0,2,0,0,0,0,0,2,2,0,0,0,0,0,0,0,0,0,2,0,0,0,0,2,0,2,2,0,0,0,0,0,0,0,0,2,0,0,0,0,0,2,0,0,0,0,0,0,0,0,0,0,0,0,0,2,0,0,0,2,0,0,0,0,0,0,0,0,0,0,0,0,0,0,2,0,0,0,0,2,0,0,0,2,0,0,0,0,2,0,2,0,2,0,0,0,2,2,2,0,0,0,2,0,0,0,0,0,0,0,2,0,0,0,0,0,0,0,2,0,0,0,2,0,0,0,2,0,0,0,2,2,0,0,0,0,0,2,0,0,0,0,0,2,0,0,0,0,2,0,0,0,0,0,0,0,2,0,0,0,2,2,0,0,0,0,2,0,2,0,0,0,0,0,0,0,2,0,2,0,0,0,0,0,0,2,0,0,0,0,0,0,2,0,0,0,0,2,0,0,2,0,2,0,0,NA,0,0,0,2,0,0,0,0,0,0,2,0,0,0,0,0,0,2,0,0,0,0,0,0,2,0,0,0,0,0,0,0,0,0,0,0,0,0,NA,0,0,2,0,0,0,0,0,0,0,0,0,0,0,2,2,2,0,0,0,0,0,0,0,0,0,2,2,2,0,0,2,0,0,0,0,NA,0,2,0,0,0,0,2,0,0,0,0,0,2,0,0,0,0,2,0,2,0,0,0,0,0,0,0,0,0,0,0,0,0,0,0,0,0,0,0,0,0,0,0,2,0,0,0,0,0,0,0,0,0,0,0,0,0,0,0,0,0,0,0,0,0,2,2,0,0,0,2,2,0,0,2,0,0,0,0,0,0,0,0,0,0,2,0,2,2,0,2,0,0,0,0,0,0,2,0,0,0,0,0,0,0,0,0,0,0,0,0,0,0,0,0,2,0,0,0,0,2,0,0,0,0,0,0,0,2,0,0,NA,0,0,0,2,0,2,0,0,0,0,0,0,0,2,0,0,2,0,0,0,0,2,0,0,0,0,0,0,0,0,0,0,0,0,0,2,2,2,2,0,0,2,0,0,0,0,0,0,2,0,2,0,2,0,0,0,0,0,0,0,0,0,0,0,0,0,0,0,2,2,0,0,0,2,0,0,2,0,0,2,0,2,0,0,0,2,0,0,0,0,0,0,2,0,2,0,0,0,0,2,0,0,0,0,0,0,0,0,0,0,0,0,0,0,0,0,0,0,2,2,0,2,0,2,0,0,0,0,0,0,2,0,0,0,0,0,0,0,0,0,0,0,0,0,0,0,2,0,0,0,0,2,2,2,0,2,2,0,0,0,0,0,0,0,0,2,0,0,0,0,0,0,2,0,2,2,0,0,0,0,0,0,0,0,0,0,0,0,0,0,0,0,2,0,0,0,0,0,2,2,0,0,0,0,0,2,0,0,0,0,0,2,0,2,0,2,0,2,0,0,0,0,2,2,2,0,0,0,0,0,0,0,0,0,0,0,0,2,0,0,0,0,2,0,2,2,0,2,2,0,0,0,0,2,0,0,NA,0,0,0,0,2,0,2,0,0,0,2,0,0,0,0,0,2,0,2,0,2,NA,0,0,0,0,0,0,0,0,0,0,0,0,0,0,2,0,0,0,0,0,0,0,2,0,0,0,0,0,0,0,0,0,0,0,0,0,0,0,0,0,0,0,0,2,0,0,2,0,2,0,0,0,0,0,0,0,0,0,2,2,0,0,0,0,0,0,0,0,2,2,0,2,0,0,0,0,2,0,0,0,0,0,0,0,0,2,0,0,0,0,2,2,0,2,0,0,0,0,0,0,2,0,0,0,0,0,0,0,0,0,0,0,0,0,0,0,0,0,0,0,2,0,0,0,2,0,2,0,2,0,0,0,0,0,2,0,2,0,0,2,2,0,0,0,NA,0,0,0,0,2,0,2,2,0,0,0,0,0,0,2,0,0,0,0,0,0,0,2,0,0,2,0,0,2,0,0,2,2,0,0,2,0,0,0,0,0,2,0,0,0,0,0,0,2,0,0,0,0,0,0,0,0,0,0,0,0,0,0,2,0,0,0,0,0,0,0,0,2,0,2,0,0,0,2,0,0,0,0,0,0,0,0,0,0,0,0,0,0,2,0,0,0,0,2,2,2,0,0,0,0,0,0,0,0,0,0,2,0,0,0,0,0,0,2,0,0,2,0,2,0,2,2,0,0,0,0,0,0,0,0,2,2,0,0,0,0,0,2,2,0,0,0,0,0,0,0,0,0,0,2,0,0,2,0,2,0,0,0,2,0,0,0,0,0,0,0,0,0,2,0,0,2,0,0,0,0,0,0,0,0,0,0,2,0,0,2,2,2,0,0,0,2,0,0,0,0,0,0,0,2,2,2,0,0,0,2,2,0,0,0,0,0,0,0,0,0,0,0,2,0,0,2,0,0,0,0,0,0,0,2,0,0,0,2,0,0,2,0,0,2,2,0,2,0,0,0,0,2,0,2,0,2,2,0,2,0,0,0,0,2,0,0,0,0,0,2,0,0,0,0,2,0,0,0,0,0,0,2,0,0,0,0,0,0,0,0,2,2,0,0,0,0,2,0,0,0,0,2,0,0,2,2,0,0,2,2,0,0,0,2,0,0,0,0,0,0,0,0,0,0,NA,2,0,0,0,0,2,0,0,0,0,0,2,0,0,0,0,0,0,0,0,2,0,0,0,0,0,2,0,0,0,0,0,2,0,2,2,0,0,0,0,2,0,0,0,2,0,2,0,2,2,2,0,2,0,0,0,0,0,0,0,0,0,0,0,0,0,0,2,0,0,0,2,2,0,2,0,0,0,0,0,0,0,0,0,2,0,2,2,0,0,0,0,0,0,0,2,0,0,0,0,0,2,0,2,2,2,0,0,2,0,0,2,2,0,0,2,0,0,0,2,0,2,0,0,0,0,0,0,0,0,0,0,2,0,0,2,0,2,0,2,2,2,0,0,2,0,NA,2,2,0,0,NA,2,0,0,0,0,0,0,0,0,0,0,0,2,0,0,0,0,0,0,0,0,0,0,0,0,0,0,0,0,0,0,2,0,2,0,0,0,2,2,0,0,2,0,0,2,0,2,0,0,0,0,2,2,2,0,2,2,0,0,0,0,0,0,2,0,2,2,0,0,2,0,0,0,0,0,0,0,0,0,0,0,2,2,0,0,0,0,0,2,0,0,0,0,2,0,0,2,0,0,0,0,0,0,2,0,0,0,0,0,0,0,2,2,2,0,0,2,2,0,2,0,0,2,2,0,0,0,0,0,NA,0,0,2,0,0,2,2,2,0,0,2,2,2,2,0,0,0,0,2,0,0,0,0,0,2,NA,0,0,0,0,0,2,0,0,0,0,2,2,2,0,2,0,2,2,2,0,0,2,2,2,0,0,0,0,0,0,0,0,2,0,2,0,0,0,0,2,0,0,0,0,0,2,0,0,2,0,2,2,2,2,0,0,0,0,0,2,0,0,0,0,0,0,0,0,0,0,0,0,0,0,2,0,0,2,0,0,0,0,0,0,0,0,2,2,0,0,2,0,0,2,0,0,0,0,0,2,0,2,2,0,0,0,0,0,0,2,0,0,0,2,0,0,0,0,0,0,0,NA,0,2,0,2,2,0,2,2,0,0,0,0,0,0,0,2,0,0,0,NA,0,2,2,0,0,2,0,0,0,0,0,0,2,0,0,2,0,2,0,0,0,2,0,2,2,2,2,2,0,0,0,2,2,0,0,0,2,2,0,0,0,0,0,0,0,0,2,2,2,0,2,0,0,0,0,0,0,0,2,0,0,0,0,2,0,0,0,0,2,0,2,0,0,0,0,2,0,0,2,0,0,0,2,0,2,0,0,0,0,0,0,2,0,0,0,0,2,0,0,2,0,0,2,2,2,0,2,0,0,0,2,0,0,0,0,2,2,2,0,0,0,2,0,0,2,2,2,0,0,0,2,2,0,0,0,0,2,0,0,2,0,0,0,0,0,0,0,0,0,0,2,0,2,2,2,2,0,2,0,2,0,2,2,2,0,0,2,0,0,0,2,0,0,0,0,0,0,0,0,0,0,0,0,0,0,0,0,0,0,0,0,0,0,2,2,0,0,0,0,0,0,2,0,0,0,0,0,0,0,0,0,0,0,0,0,2,0,0,0,0,0,0,0,2,0,0,0,0,2,2,0,0,0,2,0,0,2,0,0,0,2,2,0,0,0,0,0,0,0,0,0,0,2,0,0,0,0,0,0,0,0,0,2,0,0,0,0,0,0,0,0,2,NA,0,0,0,0,0,2,0,0,0,0,NA,0,0,0,0,0,0,2,0,0,0,0,0,0,0,0,0,0,0,0,0,0,0,0,0,0,0,0,0,0,2,0,0,0,0,0,0,2,0,2,0,0,0,0,0,0,0,0,0,NA,0,0,0,0,0,0,2,0,0,0,2,2,2,0,0,0,0,0,2,0,2,0,2,0,0,0,0,0,0,0,0,0,0,0,0,0,0,0,2,0,0,0,0,2,2,0,2,0,0,0,2,2,0,0,0,0,0,0,0,0,2,0,0,0,0,0,0,2,0,0,0,0,0,0,0,0,0,2,0,0,0,0,0,0,0,0,0,0,0,0,0,0,0,0,0,2,2,0,2,0,0,0,0,0,0,0,0,0,0,0,0,0,0,0,0,0,0,2,2,2,0,0,0,2,0,0,0,0,0,2,0,0,0,0,0,0,0,0,2,0,0,0,2,0,0,0,2,0,0,0,0,2,0,2,0,0,0,0,0,0,2,0,2,0,0,0,2,0,0,0,0,0,0,0,0,0,0,0,0,0,0,0,0,0,0,0,0,0,0,0,0,0,0,0,0,0,0,0,0,0,0,0,0,0,0,0,0,0,0,0,0,0,0,2,0,0,0,0,0,0,0,0,0,0,0,0,2,2,0,2,0,0,0,0,0,0,0,0,0,0,0,0,0,0,2,2,0,2,0,0,0,0,0,0,0,0,0,0,2,0,0,2,2,0,0,0,0,0,0,0,0,0,0,0,0,0,0,0,0,0,0,0,0,2,0,0,0,0,0,0,0,0,0,0,0,0,0,0,0,0,0,0,0,2,0,0,2,0,0,0,0,0,0,0,0,0,0,0,0,0,0,0,0,0,0,0,0,0,0,0,0,0,2,0,0,0,2,0,0,2,0,0,0,0,0,2,0,0,0,0,0,0,0,0,0,0,0,0,0,0,0,0,0,0,0,0,0,0,0,0,0,0,2,0,0,0,2,0,0,0,2,0,0,0,0,0,0,0,0,0,0,0,0,0,0,0,2,0,0,0,0,0,0,2,2,0,0,0,2,0,0,0,0,0,0,0,0,0,0,0,2,0,0,0,2,2,2,0,2,0,0,0,0,0,0,2,0,2,0,0,0,0,2,2,0,2,0,2,2,0,0,0,2,0,0,0,2,0,0,0,2,2,0,2,0,0,0,2,2,2,2,0,0,0,0,0,0,0,0,0,2,0,0,0,0,2,0,2,0,0,2,0,0,0,0,0,2,2,2,2,0,2,0,0,2,0,0,2,2,0,0,0,0,2,0,2,0,0,0,0,2,0,0,2,0,2,0,0,2,0,0,0,2,2,0,0,0,0,0,2,0,0,0,0,2,0,2,2,0,0,0,0,0,2,0,0,0,0,0,0,0,0,0,0,0,0,0,0,0,0,0,0,0,0,0,0,0,0,0,0,0,0,0,0,2,2,0,0,0,0,2,0,0,0,0,0,0,2,0,0,0,0,0,2,0,0,2,0,0,0,0,0,0,2,0,2,0,0,0,0,0,0,2,0,0,2,0,2,0,2,0,0,0,0,0,0,0,0,0,0,0,0,0,2,0,0,0,0,0,0,0,0,0,2,0,0,0,0,0,0,2,0,0,0,0,0,0,0,2,0,0,0,0,0,2,0,0,0,0,0,0,0,2,0,0,0,0,0,0,0,0,0,0,2,0,0,0,2,0,0,0,2,2,2,0,0,0,0,0,2,2,0,0,0,2,2,0,2,2,2,2,0,0,0,NA,2,0,0,0,0,0,0,0,2,2,0,2,0,0,0,0,0,0,0,2,0,0,2,0,0,2,0,0,0,0,0,0,0,0,0,0,0,2,2,2,0,2,0,0,0,0,2,0,0,0,0,0,0,2,0,2,2,2,2,0,0,2,0,0,0,2,0,0,0,0,2,0,0,0,0,0,0,0,2,0,0,0,NA,0,0,0,0,2,0,0,0,0,0,2,2,0,0,0,0,0,0,0,0,0,0,0,0,2,0,2,0,2,0,0,2,2,0,0,0,2,0,2,0,0,0,2,2,0,0,0,2,0,0,0,0,0,2,2,0,0,0,0,2,0,0,0,0,0,0,0,2,0,0,0,0,0,2,0,0,0,0,0,0,0,0,0,0,2,0,0,0,0,0,0,2,2,2,0,2,0,0,0,0,0,0,0,0,2,2,0,0,0,0,0,0,0,0,0,0,2,0,0,2,2,0,0,2,0,0,0,0,2,2,2,2,2,0,0,0,0,2,0,0,0,0,0,2,2,0,0,0,2,2,0,0,0,0,0,0,0,2,0,0,0,0,0,0,0,0,0,0,0,0,0,0,0,0,2,0,0,0,0,2,2,2,0,0,2,0,0,0,0,0,0,0,0,0,0,2,0,0,0,0,0,0,0,0,0,0,0,0,0,2,0,0,2,0,0,0,0,0,0,0,0,0,0,2,0,2,0,0,2,0,0,0,0,0,0,2,0,0,2,0,0,0,0,0,2,2,0,0,2,2,0,2,0,0,0,0,0,0,0,0,0,0,0,0,0,0,2,0,0,0,0,0,0,0,0,0,0,0,0,0,0,0,0,0,0,2,0,0,0,0,0,0,0,0,0,0,0,0,0,2,0,2,2,0,0,2,0,0,0,2,0,0,2,0,0,0,0,0,0,0,0,0,0,2,0,0,0,0,0,0,0,NA,0,2,0,0,0,0,0,0,0,0,2,0,0,0,0,0,0,0,0,2,0,0,2,0,0,0,0,0,0,0,2,0,0,0,0,0,2,0,0,0,2,0,0,0,0,2,2,0,0,0,0,0,2,0,0,0,0,0,0,0,0,0,0,0,0,0,0,0,0,0,0,2,0,0,0,0,2,2,2,0,0,0,0,0,2,2,0,0,0,0,0,2,0,0,0,0,0,0,2,2,0,0,0,0,0,2,0,2,0,2,2,0,0,0,0,0,0,0,2,0,0,0,0,0,0,0,0,0,0,0,0,0,0,0,0,2,0,0,0,2,0,0,0,2,0,0,2,0,0,0,0,0,0,0,2,0,2,0,0,0,0,0,0,2,2,2,0,0,0,0,2,0,0,0,0,2,0,0,2,0,0,0,2,0,0,2,0,0,0,0,0,0,2,0,0,0,0,2,0,0,0,0,0,2,0,0,2,0,0,2,0,0,0,2,0,0,2,0,0,0,0,0,0,0,2,0,0,2,0,0,0,0,0,0,0,0,0,2,2,0,0,2,2,0,0,0,0,0,0,0,0,2,0,0,0,0,0,0,0,0,0,0,0,0,0,2,0,0,0,0,0,0,2,0,0,0,0,2,0,0,0,0,0,0,0,0,0,0,0,0,0,0,0,0,0,0,0,0,0,0,0,0,0,0,0,0,0,2,0,0,0,2,0,0,0,0,2,2,0,0,0,0,0,0,0,0,0,0,0,0,0,2,0,0,2,0,0,0,0,0,0,0,0,2,2,0,0,0,0,0,0,0,0,0,0,2,0,0,0,2,0,0,0,2,2,2,0,0,0,0,0,0,2,0,0,0,0,0,0,0,2,0,2,0,0,2,0,2,0,0,2,0,0,0,2,0,0,0,2,0,0,2,2,0,0,0,0,0,0,0,0,0,0,0,2,0,2,0,0,0,2,0,0,0,0,0,0,0,2,0,0,0,2,0,0,2,2,0,2,0,0,0,2,2,0,2,0,2,2,0,0,0,0,0,0,0,2,0,2,2,0,0,0,0,0,0,0,0,0,0,0,0,0,0,2,0,0,0,0,2,2,0,2,2,2,0,0,2,0,0,0,0,0,0,0,0,0,0,0,2,0,2,0,2,0,0,0,0,0,0,0,0,0,0,0,0,0,0,0,0,0,0,2,2,0,0,0,0,0,0,2,0,2,0,0,2,0,0,0,0,2,0,0,0,0,2,0,2,0,0,0,0,0,2,0,0,0,2,0,0,0,0,0,0,0,0,0,0,0,0,2,2,0,0,0,0,0,2,0,0,0,0,0,0,0,0,0,0,0,0,2,0,0,0,2,0,0,0,0,0,0,0,2,0,0,0,0,0,0,0,0,0,2,0,0,0,0,0,0,0,0,0,0,0,NA,0,0,0,0,0,0,0,0,0,0,0,0,0,2,0,0,0,0,2,0,0,0,0,0,0,0,0,0,0,0,2,0,0,0,0,0,0,0,0,0,0,0
"CC244",0,0,0,0,0,0,0,0,0,2,2,0,0,0,0,0,0,0,2,2,2,2,0,2,2,0,2,2,0,2,0,2,0,0,2,2,0,0,0,0,0,0,2,2,2,0,0,0,0,0,2,2,0,2,0,2,0,0,0,0,0,0,2,2,0,2,0,0,0,2,0,0,0,0,0,0,0,0,2,0,0,0,0,0,0,0,0,0,0,0,0,2,2,0,0,2,0,0,0,0,0,0,0,0,0,0,0,0,2,2,2,0,2,2,0,0,0,0,0,0,0,0,0,0,0,0,0,0,0,0,2,0,0,0,2,0,0,0,2,0,0,0,0,0,0,0,0,2,2,2,2,0,0,2,2,0,0,0,NA,2,0,2,0,0,2,2,0,0,0,0,0,NA,2,0,2,2,0,2,0,2,0,0,0,0,0,0,0,2,0,2,0,0,0,0,0,0,0,0,0,0,0,0,0,0,0,0,0,0,0,0,0,0,0,0,0,0,0,0,2,0,2,0,0,0,0,0,0,0,0,0,0,2,0,2,0,0,0,0,0,0,0,2,0,0,0,0,2,0,0,0,0,0,0,0,0,0,0,2,0,0,0,0,2,0,0,0,0,2,2,0,0,0,2,2,0,0,0,2,2,0,0,0,0,2,0,0,0,0,0,0,0,0,0,0,0,0,0,2,0,0,0,0,0,0,0,0,2,0,2,0,0,0,0,2,0,2,0,NA,NA,2,2,0,0,0,0,0,0,2,2,0,0,0,0,0,0,0,0,0,2,0,0,0,2,0,0,0,0,2,2,0,2,2,0,0,0,0,0,2,0,0,2,0,2,0,0,0,0,0,0,0,2,0,0,0,2,0,0,0,2,2,0,0,0,0,0,0,0,2,0,0,0,0,0,0,0,0,0,0,0,0,0,0,2,0,2,2,2,2,2,2,0,0,0,0,0,0,0,2,0,0,0,2,2,0,0,0,0,0,0,0,0,0,2,2,0,0,0,0,0,2,0,0,0,0,0,0,0,0,0,0,0,2,0,0,0,0,2,2,0,2,0,2,2,0,0,0,0,0,2,0,0,2,0,0,2,2,2,0,0,2,0,0,0,0,2,2,0,0,2,0,0,0,0,2,0,0,2,2,0,2,0,0,2,0,0,0,0,0,0,2,0,0,0,0,0,0,0,0,0,0,2,2,0,0,0,0,0,0,0,0,0,0,0,0,0,0,0,0,0,2,0,2,0,2,0,2,0,2,0,0,0,0,0,0,0,0,0,0,2,2,0,0,0,0,2,0,0,0,0,0,0,0,0,0,0,0,2,0,2,0,0,2,0,0,0,0,0,0,0,0,0,0,2,0,2,0,2,2,2,0,0,2,0,0,0,0,2,2,2,0,0,0,0,0,0,0,2,0,2,0,2,0,0,0,0,0,0,0,0,0,0,0,0,0,2,0,0,0,0,0,0,0,2,0,0,0,0,0,0,0,0,0,0,0,0,0,0,0,0,0,0,2,0,0,0,0,0,0,0,0,0,0,0,2,0,0,0,0,0,0,0,0,0,0,0,0,2,0,0,0,2,0,0,0,0,0,0,0,0,2,0,0,2,0,0,0,0,0,0,0,0,2,0,0,2,0,2,2,0,2,0,0,0,0,0,0,0,2,0,2,0,2,0,0,0,0,0,0,0,0,0,0,0,0,0,0,0,0,0,0,0,0,0,0,0,0,2,0,0,0,0,0,0,2,0,0,0,0,0,2,0,2,0,2,2,0,2,0,2,0,0,2,2,0,0,2,0,0,0,2,0,0,0,2,0,0,0,0,0,0,0,0,0,0,2,0,2,0,0,0,0,0,0,0,0,0,2,0,0,0,0,0,2,0,0,0,0,0,0,0,0,0,0,0,0,0,2,0,0,0,0,2,0,2,0,0,0,0,0,2,0,2,2,0,2,0,0,0,0,2,0,0,0,0,0,0,0,0,0,0,0,0,0,2,2,0,2,0,0,0,0,0,0,0,0,0,0,0,0,0,0,0,0,0,0,0,0,0,0,0,0,2,2,0,0,0,0,0,0,0,2,0,0,0,2,0,0,0,0,2,0,2,2,2,0,0,0,0,0,0,0,2,0,0,0,2,0,0,0,0,0,0,0,0,2,0,0,0,2,0,2,2,0,0,0,0,0,0,0,0,0,0,2,0,0,2,0,0,0,0,0,2,0,2,0,0,0,0,2,2,0,0,0,0,0,0,2,0,0,0,0,2,2,2,0,0,0,0,0,2,0,0,2,0,0,0,0,2,0,0,0,2,0,2,0,NA,2,2,0,0,0,0,2,0,2,0,0,2,0,0,0,0,0,2,2,2,2,0,2,0,0,0,2,2,0,2,2,0,0,0,0,2,0,2,2,0,2,2,0,0,0,2,0,2,0,0,0,0,0,0,0,2,0,0,0,2,0,0,0,0,0,0,0,0,0,2,2,2,0,2,0,2,0,0,2,0,0,0,2,2,0,0,2,0,0,2,0,0,0,0,0,0,0,0,2,0,2,2,0,0,2,0,0,0,2,0,0,2,0,0,0,0,0,0,0,0,0,0,0,2,2,2,0,NA,0,0,0,0,0,0,0,0,0,0,0,0,0,0,0,0,0,0,0,2,0,2,0,0,0,0,0,2,0,0,0,2,0,0,0,0,0,0,0,0,2,2,0,0,0,0,2,2,0,0,2,0,2,0,2,0,0,2,0,2,2,0,0,0,0,0,0,0,0,0,0,0,0,2,0,2,2,0,0,0,0,0,2,2,0,2,0,2,2,0,0,NA,0,2,0,2,0,0,0,0,0,0,0,0,0,0,0,0,0,0,0,0,0,0,0,0,0,0,0,0,0,0,0,2,0,2,2,0,2,0,2,2,0,0,0,2,0,0,0,2,2,2,0,2,0,0,0,0,0,2,0,0,0,NA,0,0,2,2,0,2,2,0,0,0,2,0,0,0,0,0,0,0,0,2,0,0,0,2,0,0,0,0,2,0,0,2,2,0,0,0,0,0,0,0,0,0,0,2,NA,0,0,0,0,0,2,0,0,0,0,0,2,0,0,0,2,0,0,2,0,0,0,2,0,0,2,2,2,2,0,0,0,0,0,0,0,0,0,2,0,0,0,0,0,0,0,0,0,0,2,0,2,2,2,0,0,0,0,0,0,0,0,0,2,0,0,0,0,2,0,0,2,0,NA,0,0,0,0,0,0,0,0,2,0,0,0,0,2,0,0,2,0,0,0,0,2,0,0,0,0,0,0,0,0,0,0,0,0,0,0,0,2,0,0,0,2,0,0,0,0,0,0,2,0,0,2,0,0,2,0,0,0,0,0,0,2,0,0,0,0,0,0,0,0,0,0,0,0,0,0,0,0,0,0,2,0,0,0,0,2,0,0,0,0,0,0,0,0,2,0,0,0,2,0,2,0,0,2,2,0,0,0,0,0,2,2,2,0,0,2,0,0,0,0,0,0,0,0,0,0,0,0,0,0,0,0,2,0,0,0,0,2,2,2,0,0,0,0,0,2,2,0,0,0,2,0,0,0,0,2,0,2,2,0,0,0,0,0,0,2,0,2,2,0,0,2,0,2,0,0,2,0,0,0,0,2,0,0,2,0,2,0,0,0,0,0,0,0,0,0,0,0,0,0,2,0,2,0,2,2,0,2,2,2,0,0,0,0,0,0,0,0,0,0,0,0,0,0,0,0,0,0,2,2,0,0,0,0,2,2,0,0,0,0,2,0,0,2,0,0,0,0,0,2,2,0,0,0,0,0,0,0,0,0,0,0,0,0,0,0,0,0,0,0,0,0,0,0,0,2,0,0,2,2,0,0,0,0,0,0,2,0,0,0,0,2,0,0,0,0,2,0,2,0,0,0,2,0,2,0,0,0,0,0,0,0,0,0,0,0,0,0,2,0,0,0,0,NA,0,2,2,2,2,0,2,2,2,0,2,0,0,0,0,0,0,0,0,0,0,0,0,0,0,0,0,0,0,0,0,0,2,2,0,0,0,0,0,0,0,0,0,0,0,0,0,0,0,0,0,2,0,2,2,0,0,0,2,0,0,0,0,2,2,2,2,0,0,0,0,2,0,0,0,0,0,0,0,0,0,0,0,0,2,2,0,0,0,0,0,0,2,2,0,0,2,2,0,0,0,0,0,0,0,0,0,0,2,0,0,0,0,0,0,0,0,2,0,0,0,0,0,0,0,0,0,2,0,0,0,0,0,0,2,2,0,0,0,2,0,0,0,0,0,2,0,0,0,0,0,0,2,0,0,0,0,0,0,0,0,0,0,0,2,0,0,0,2,2,2,2,0,2,0,0,2,0,0,0,0,0,0,2,0,2,0,2,0,0,0,0,0,0,2,0,0,0,0,0,0,0,0,0,0,0,0,0,2,0,0,0,0,0,0,0,0,0,0,0,0,0,0,0,0,0,0,0,0,0,0,0,0,2,0,0,0,0,0,0,0,0,0,0,0,0,0,0,0,0,0,0,0,0,0,0,0,2,0,0,0,0,0,2,0,0,0,0,0,0,0,0,0,0,0,0,2,0,0,0,0,0,0,0,0,2,0,0,0,0,2,0,2,0,0,0,0,0,0,0,0,0,2,2,0,0,0,0,0,0,0,0,0,0,0,0,0,0,0,0,0,2,0,0,0,0,0,0,0,2,0,0,0,0,0,2,0,0,0,0,2,2,2,0,2,2,0,0,2,0,0,0,2,0,0,2,0,0,2,0,2,0,2,2,0,2,0,0,0,0,2,0,0,0,0,0,0,0,0,0,0,0,0,0,0,2,0,0,0,0,0,0,0,2,2,2,0,2,0,0,0,0,NA,2,0,2,0,0,0,0,0,0,0,0,2,0,0,0,0,2,0,2,2,0,2,0,0,2,0,0,0,0,0,2,0,2,0,0,0,0,0,0,0,0,0,0,0,0,2,0,0,0,0,0,0,0,0,0,0,0,0,0,2,0,0,0,0,0,0,0,0,0,0,0,0,2,0,2,0,0,0,0,0,0,2,0,0,0,0,0,2,2,0,0,0,0,0,2,0,0,0,0,2,2,0,0,0,2,0,0,0,2,0,2,NA,0,0,2,0,2,0,0,0,0,0,0,0,2,0,0,2,2,0,0,0,0,0,0,2,0,0,0,0,0,0,0,0,2,2,0,0,0,2,0,0,2,0,0,0,0,0,0,0,2,0,2,2,0,2,0,0,0,2,0,0,0,0,0,0,0,0,0,0,0,0,0,0,0,0,0,0,0,0,0,2,0,0,0,0,0,0,2,0,0,0,0,0,0,0,0,0,0,2,0,2,2,2,0,0,0,2,0,0,0,2,0,0,0,2,0,0,0,2,2,0,0,2,0,2,0,0,0,0,0,0,0,0,0,0,2,0,0,2,0,0,0,0,0,0,2,0,0,0,0,0,2,0,0,0,0,0,0,0,0,0,0,0,0,0,0,0,0,0,0,0,0,0,0,0,0,0,0,0,0,2,0,0,0,0,2,2,0,0,0,0,0,0,0,0,2,0,0,2,2,0,0,2,0,0,0,0,0,0,2,2,2,2,0,0,2,0,2,0,0,0,0,0,0,2,0,0,2,0,0,0,0,0,0,2,0,2,2,0,2,0,0,0,2,0,0,0,0,0,0,0,0,0,0,2,2,0,0,0,0,2,0,0,2,2,2,0,0,0,0,0,0,2,0,0,0,0,0,0,0,0,0,0,2,0,0,0,0,0,0,0,0,0,0,0,0,2,0,0,0,0,0,2,2,0,2,0,NA,0,0,0,2,0,0,0,0,0,0,0,0,0,0,0,0,2,0,0,0,0,0,0,0,0,0,0,0,0,0,0,0,0,2,0,0,0,0,0,0,2,2,NA,0,0,0,0,2,0,0,2,0,0,0,0,0,2,0,0,0,0,0,0,0,2,0,0,0,2,0,0,0,0,0,0,0,0,0,0,0,0,0,0,0,0,0,0,0,2,2,2,0,2,0,2,0,0,0,0,0,2,0,0,0,2,0,0,2,0,0,0,0,0,0,0,0,0,0,0,0,0,0,0,0,0,0,0,0,0,0,0,0,0,0,0,0,0,0,2,0,0,0,0,2,2,0,0,0,0,2,0,0,0,0,2,0,0,0,2,0,0,0,2,0,0,0,0,0,0,0,0,0,0,2,0,0,0,2,0,0,0,0,2,0,0,0,2,0,2,0,0,0,0,0,0,0,0,2,0,0,0,0,0,0,0,0,2,0,2,2,0,0,0,2,0,0,0,0,0,2,0,2,0,0,0,0,0,0,2,0,0,0,0,2,2,2,0,0,2,0,2,0,2,0,0,0,0,2,0,0,0,0,2,0,0,0,0,0,0,0,2,2,0,2,2,2,0,0,0,2,0,0,0,0,0,2,2,0,0,0,0,0,0,0,0,2,0,2,2,0,2,0,0,2,0,2,0,0,0,0,0,2,0,0,2,0,0,0,0,0,0,0,0,0,2,0,0,0,0,0,0,0,0,0,0,0,2,2,0,0,0,2,0,0,0,0,2,0,0,2,2,0,0,0,0,2,2,0,0,0,0,2,NA,0,2,2,0,0,0,0,2,0,2,0,0,0,0,0,0,0,0,0,0,0,0,0,0,0,0,0,0,0,0,0,0,0,0,0,0,2,0,0,0,0,0,0,2,0,0,0,0,0,2,2,0,0,0,2,0,2,0,0,0,0,0,2,0,0,0,0,0,0,0,0,0,2,0,0,2,0,2,0,0,2,0,2,0,2,0,0,2,2,2,2,2,0,0,2,0,0,0,0,2,2,0,0,0,0,0,0,0,2,0,0,0,2,0,2,0,0,0,0,0,0,2,0,2,0,0,0,0,2,0,0,0,2,0,0,0,0,0,2,2,0,0,0,2,0,0,0,0,0,0,0,0,2,2,2,0,0,0,0,0,2,0,0,2,2,NA,0,0,2,0,0,0,0,0,0,0,2,2,0,0,0,0,0,0,0,0,0,2,0,0,0,0,0,0,0,0,0,2,0,0,2,0,0,0,0,0,0,0,0,0,2,2,2,0,0,2,0,0,2,2,0,0,0,0,0,0,0,0,0,0,0,2,0,0,2,2,2,2,2,2,2,2,0,2,0,0,0,0,2,2,0,0,0,0,0,0,2,0,2,2,0,2,0,0,0,0,2,2,0,2,0,0,2,0,0,0,0,2,2,0,0,0,2,0,0,2,2,0,0,0,0,0,0,0,2,2,0,0,0,0,2,2,0,2,2,NA,0,0,0,0,2,0,0,2,0,0,0,0,0,2,2,0,0,2,0,0,0,0,0,0,0,0,2,2,0,2,0,0,0,2,0,2,0,2,0,0,0,0,0,0,0,0,2,0,NA,2,0,0,2,2,0,0,0,0,0,0,0,2,2,2,0,0,0,0,2,0,0,2,0,0,0,0,0,0,0,0,2,0,0,0,0,0,0,0,2,0,2,0,2,0,0,0,2,0,0,0,0,0,2,0,0,2,2,0,2,0,0,2,0,0,0,0,0,0,0,0,0,0,0,0,0,2,2,0,0,2,0,0,0,2,0,0,2,0,2,0,0,0,0,0,0,0,2,0,2,2,2,0,2,2,2,2,0,2,0,2,0,0,0,0,2,0,0,0,0,2,0,2,0,0,0,0,0,0,2,0,0,2,0,0,2,NA,2,0,0,0,0,0,0,2,0,0,0,0,0,2,0,0,0,0,2,2,0,0,0,2,2,0,0,2,0,0,2,2,0,2,2,0,2,2,0,0,2,0,0,0,2,0,0,2,0,2,2,2,0,2,0,2,2,0,2,0,2,0,0,0,0,0,0,0,0,0,0,0,0,0,0,2,0,0,0,0,0,0,0,0,0,0,0,0,2,0,0,0,2,0,2,0,0,2,2,2,0,0,0,0,0,0,0,2,0,2,2,2,2,0,0,0,0,0,0,0,0,0,2,0,0,0,2,0,0,0,2,0,0,0,2,2,2,2,0,0,2,2,2,2,2,2,2,0,2,2,2,0,0,2,2,2,2,0,2,NA,0,2,0,2,2,0,2,2,0,0,0,0,0,0,2,2,0,2,2,0,2,2,2,0,2,2,0,0,2,0,0,0,0,2,2,2,0,2,2,2,2,0,0,0,2,0,2,0,2,0,0,0,2,2,2,0,0,0,2,0,0,2,0,2,0,0,2,0,0,0,2,2,0,0,0,0,0,0,0,0,2,0,0,0,0,2,2,0,2,2,0,0,2,0,0,2,0,2,2,2,0,0,0,2,2,2,2,0,2,0,2,0,2,0,0,0,0,0,0,2,0,0,2,0,2,2,2,2,0,0,2,0,0,0,2,0,2,2,2,0,0,0,0,2,0,0,2,0,2,0,2,2,0,2,0,0,2,2,0,2,0,0,0,0,0,0,0,0,0,0,0,0,2,2,0,0,0,2,0,0,0,0,0,2,0,0,0,0,0,0,0,0,0,0,2,0,0,0,0,0,2,0,2,2,0,0,0,2,0,0,0,2,2,0,0,2,0,0,0,0,0,2,2,0,0,0,0,0,2,0,0,0,0,0,0,2,2,0,0,0,0,0,0,0,2,0,0,0,2,0,0,2,0,0,0,0,2,2,2,0,0,2,0,2,0,2,0,0,2,0,2,2,0,0,2,0,0,0,0,0,0,0,0,0,0,0,0,0,0,0,0,0,0,0,0,0,0,0,0,0,0,0,0,0,0,0,0,0,2,0,0,2,2,0,2,0,0,0,2,0,0,0,0,0,2,2,0,0,2,2,0,0,0,0,0,0,0,0,0,0,0,0,0,0,0,2,2,0,0,0,0,0,0,0,0,0,0,0,0,0,0,0,0,0,0,2,0,2,2,2,0,0,0,0,0,2,0,0,0,0,0,0,0,0,0,0,0,0,0,0,2,0,0,0,0,0,0,0,2,0,2,2,2,0,0,0,2,0,0,2,0,0,0,0,0,2,0,0,0,2,0,0,0,2,0,0,0,0,0,0,2,0,2,0,0,0,2,0,0,0,0,0,0,2,0,0,0,0,0,0,0,0,0,0,0,0,0,0,0,0,2,0,0,0,0,0,0,0,0,0,0,0,2,0,0,2,0,0,0,0,0,2,2,2,0,0,0,0,0,0,2,0,0,0,2,2,0,0,0,0,0,0,0,0,0,0,0,0,0,0,0,0,0,0,2,0,0,2,0,0,0,0,0,0,0,0,0,2,0,2,2,0,0,0,0,0,2,0,0,2,0,2,0,0,0,0,0,0,0,0,0,0,2,0,0,2,0,0,2,0,2,0,0,2,2,0,0,0,0,0,0,0,2,0,0,0,2,2,0,0,0,0,0,0,0,2,0,2,0,0,2,0,2,2,2,0,2,2,0,0,0,2,2,0,2,2,2,0,0,0,2,0,0,0,0,0,0,0,0,0,0,2,2,0,2,0,0,0,0,2,0,0,2,2,0,0,0,0,0,0,2,2,0,0,0,0,0,0,2,0,0,0,0,2,0,0,2,0,2,0,2,2,0,2,2,2,2,0,0,0,2,2,2,0,0,0,0,0,0,0,0,2,0,2,2,2,2,2,0,0,2,0,0,0,0,0,0,2,0,2,0,0,0,0,0,2,0,0,0,0,2,0,0,2,0,2,0,2,0,0,0,0,0,0,0,0,0,0,0,0,2,0,2,0,0,0,2,0,0,0,0,0,2,0,2,0,2,0,2,0,0,2,2,2,2,2,0,2,2,2,2,0,0,0,0,2,0,0,0,0,0,0,0,2,0,2,0,2,0,0,2,2,0,0,0,0,0,2,0,0,0,2,2,0,2,2,0,0,0,0,0,0,2,0,0,0,0,2,2,0,0,2,2,2,0,0,0,0,0,0,0,0,0,2,2,0,0,0,0,0,2,2,0,0,0,0,0,2,2,2,2,NA,2,0,0,0,2,2,0,0,2,2,0,0,0,NA,0,0,0,0,2,2,NA,0,0,0,0,0,0,0,0,0,0,0,2,0,2,2,2,0,0,NA,0,0,2,2,0,0,2,2,2,0,2,0,2,0,0,0,0,0,0,0,0,0,0,2,0,0,0,0,0,0,2,0,2,2,0,0,0,0,0,2,2,0,0,2,0,2,0,2,0,0,0,0,0,0,0,0,0,2,0,0,0,0,0,0,0,0,0,0,0,0,2,0,2,0,0,0,0,NA,0,0,0,0,2,0,2,0,2,0,2,0,2,0,0,0,2,0,0,0,0,0,0,0,2,2,0,0,2,0,0,0,0,0,2,0,2,0,0,0,0,0,2,2,0,0,0,0,2,2,0,0,0,2,0,0,0,0,0,0,0,0,0,2,2,0,0,0,0,0,0,0,0,0,0,2,2,0,2,0,0,2,0,2,0,2,0,2,0,2,0,2,0,0,0,0,2,0,0,0,0,2,2,2,2,0,0,0,0,0,0,0,0,0,0,0,2,0,0,0,0,0,0,0,2,0,2,0,0,0,0,0,0,2,0,0,0,0,0,0,0,0,2,0,0,0,0,0,0,0,0,0,0,2,0,2,2,0,2,0,0,0,0,0,0,2,2,0,0,2,0,0,0,0,0,0,0,0,0,0,0,0,2,0,0,0,2,0,0,2,0,0,2,0,2,0,0,2,0,NA,0,0,2,0,0,0,2,0,0,2,0,2,0,2,0,0,2,2,0,0,2,0,0,0,0,0,2,2,0,2,0,0,0,0,0,0,0,0,0,0,0,0,0,2,0,2,0,0,0,0,0,0,0,0,0,2,0,0,0,0,2,0,0,0,2,0,2,0,0,0,0,0,0,0,2,2,2,0,0,0,2,0,0,0,0,0,0,0,0,0,2,2,0,2,0,0,0,NA,0,0,0,0,2,0,0,2,0,0,2,0,0,0,0,2,2,0,0,0,0,0,0,0,0,0,0,0,0,0,0,0,0,0,0,0,2,0,0,2,0,0,0,0,0,0,0,0,2,2,0,0,2,0,0,0,2,2,0,2,2,0,2,0,0,0,0,0,0,0,0,0,0,2,2,2,2,0,0,0,0,0,0,0,2,0,0,0,0,2,0,0,0,0,0,0,2,0,0,0,0,0,2,0,0,0,0,0,0,0,0,2,0,0,0,2,2,0,2,0,0,2,0,2,0,0,0,0,0,0,2,0,2,0,2,2,0,0,0,0,0,0,2,0,2,0,0,2,0,2,2,2,0,0,0,0,2,0,2,0,2,0,0,0,0,0,0,0,0,0,0,0,2,0,0,2,2,0,0,0,0,0,2,0,0,0,0,0,0,0,0,0,0,0,0,0,2,0,0,2,0,0,0,2,0,0,0,0,0,0,2,2,0,0,0,2,0,0,0,0,2,0,0,2,2,0,0,0,0,0,0,0,0,0,2,0,0,0,0,0,0,2,2,0,0,0,2,2,0,0,0,0,0,0,0,0,0,2,0,2,2,0,0,0,0,2,0,0,0,2,0,2,0,2,0,2,0,0,0,0,0,0,0,0,0,2,0,2,0,0,0,0,0,0,0,0,0,0,0,0,2,0,0,0,2,0,0,0,0,0,0,2,2,2,2,0,0,0,0,0,2,0,0,0,0,0,0,0,0,0,0,0,0,0,0,0,0,2,0,0,2,0,0,NA,0,0,0,2,0,0,0,0,2,0,0,0,0,0,0,0,0,0,0,2,0,0,0,2,0
"CC246",0,0,0,0,0,0,0,0,0,0,0,0,0,0,0,2,0,0,0,0,2,0,0,0,0,0,2,0,0,2,0,0,0,0,0,0,0,0,0,0,0,0,0,2,0,0,0,0,0,0,0,0,0,0,0,0,2,0,0,0,0,0,2,2,0,2,0,0,0,0,2,0,0,2,0,2,2,0,0,2,0,2,0,0,0,2,0,2,0,0,0,2,0,0,0,0,0,0,0,0,2,2,0,0,2,2,0,0,0,2,0,0,2,0,0,0,0,0,0,0,0,0,0,0,0,0,0,0,0,0,0,0,0,0,0,0,0,0,0,0,0,0,0,0,0,0,2,0,0,0,0,0,0,0,0,0,0,2,0,2,0,0,0,2,2,0,2,0,0,0,0,2,0,0,0,0,0,2,0,2,2,0,0,0,0,0,0,0,0,2,2,2,0,0,0,0,2,2,2,0,0,0,0,0,0,0,0,0,0,0,0,0,0,0,0,0,2,2,0,0,2,0,0,2,0,0,0,0,0,2,0,0,0,2,0,2,0,0,0,0,0,0,0,0,2,0,0,2,0,0,0,2,0,2,0,2,0,0,0,0,0,0,0,0,0,0,0,0,0,0,2,0,0,0,0,0,2,2,2,0,0,0,0,2,0,0,2,2,0,2,0,0,2,0,0,2,0,0,2,2,2,0,0,2,0,0,0,0,2,0,0,2,0,0,2,2,0,2,2,0,0,0,0,0,0,0,0,2,2,0,0,0,0,0,0,0,0,0,2,0,0,0,0,0,0,2,0,0,2,0,0,0,0,0,0,2,0,2,0,0,2,0,0,0,0,2,0,0,0,0,2,0,2,2,2,0,2,0,2,0,0,0,0,0,2,0,2,2,2,0,0,2,0,0,0,0,0,0,0,0,2,2,2,0,2,0,2,0,0,2,0,0,0,0,2,0,2,2,0,0,0,2,0,0,2,0,0,2,2,0,0,2,2,0,0,0,0,2,0,2,0,0,0,0,0,2,0,0,2,0,0,0,0,0,0,0,2,0,0,0,0,2,0,0,0,0,0,0,0,0,0,2,0,0,0,0,0,0,0,0,0,0,0,0,0,0,0,0,0,0,0,0,0,0,2,2,2,0,0,0,0,0,0,0,0,0,0,0,0,0,0,2,0,0,0,0,2,0,0,0,2,0,0,0,2,2,2,0,0,0,0,0,0,0,0,0,0,0,0,0,0,0,0,2,2,0,0,0,0,0,0,0,0,0,0,0,0,2,2,0,0,0,0,2,0,0,2,0,0,0,0,2,0,0,0,0,0,0,0,2,0,2,0,0,0,0,0,0,0,0,0,0,0,0,0,0,2,2,0,2,0,0,0,2,2,2,0,0,2,0,2,0,0,2,0,0,0,0,2,0,0,0,0,2,2,0,0,0,2,0,0,0,0,0,0,0,0,0,0,2,0,0,0,0,0,0,0,2,2,0,0,2,0,0,0,0,2,2,2,2,0,0,0,0,0,0,2,0,0,0,0,0,0,0,0,0,0,0,0,0,0,0,0,0,0,0,0,0,0,0,0,0,0,0,0,0,2,2,2,2,0,2,0,2,0,0,0,0,2,0,0,0,0,0,2,0,0,2,2,0,0,NA,0,0,0,0,2,2,0,0,2,2,0,0,0,0,0,0,0,0,0,0,0,0,0,0,2,2,2,0,0,0,2,2,0,0,2,0,2,0,0,0,0,0,0,2,0,0,2,0,2,0,0,2,0,0,2,0,0,0,0,2,0,0,0,0,0,2,2,0,0,0,0,0,0,2,0,0,0,2,0,0,0,0,0,2,0,0,2,0,0,0,0,0,0,0,0,0,2,0,0,0,0,2,0,2,0,0,0,2,0,0,0,0,0,0,0,0,0,2,0,0,0,2,0,2,2,0,0,0,2,2,0,0,0,2,0,0,0,2,0,0,0,0,2,0,0,2,0,0,0,2,0,0,0,0,0,0,0,2,0,0,0,0,2,0,0,2,0,0,0,0,0,0,0,0,0,0,0,0,0,0,0,0,0,0,0,0,0,0,0,0,2,0,0,0,0,2,2,0,0,0,0,0,0,0,0,2,0,0,0,0,0,0,0,0,0,0,0,0,0,0,0,0,0,0,0,2,0,0,2,0,0,0,0,0,2,0,0,0,2,0,0,0,0,0,2,0,0,0,2,0,2,0,0,0,0,2,0,0,0,0,0,0,2,0,0,0,0,0,2,0,0,0,2,0,2,0,0,0,0,0,0,2,0,0,0,0,0,0,0,0,0,0,0,0,0,0,0,0,0,0,2,0,0,0,0,0,0,0,0,0,0,0,0,2,0,0,0,2,0,0,0,0,0,0,0,0,2,0,0,0,0,0,0,2,0,2,2,2,2,0,2,0,0,2,0,2,0,0,2,0,2,0,0,0,0,0,0,2,0,0,2,2,0,0,2,2,2,0,0,0,0,0,0,0,0,0,0,0,0,0,0,0,0,0,2,0,0,0,2,0,0,0,0,0,0,0,0,0,0,0,0,2,2,2,0,2,0,0,2,0,2,0,0,0,0,0,0,0,0,2,2,0,0,2,0,2,0,2,0,0,0,0,0,0,0,0,0,2,2,2,0,0,0,2,2,0,0,0,0,0,0,0,0,0,0,0,0,0,2,0,0,0,0,0,0,0,0,0,0,0,0,0,0,0,0,0,2,0,0,0,0,0,0,0,0,2,0,0,2,0,0,0,0,0,2,0,2,0,2,0,0,0,2,0,0,0,0,0,0,NA,0,0,0,0,0,0,0,0,0,0,0,0,0,0,2,0,0,2,0,0,0,0,0,0,0,0,0,0,2,0,0,2,0,0,0,0,0,0,2,0,0,0,0,0,0,0,2,0,0,2,2,0,2,2,0,2,0,0,0,0,0,0,0,2,0,0,0,0,2,0,0,2,0,0,2,0,2,2,0,2,2,0,0,0,0,2,0,2,0,0,2,0,0,0,0,0,0,0,0,0,0,0,0,0,0,0,0,2,0,0,0,0,0,0,0,0,0,0,0,0,0,0,2,0,0,0,0,0,0,0,0,2,0,0,0,0,0,0,NA,0,2,0,2,0,2,0,2,0,0,0,0,2,0,2,0,0,2,0,0,0,2,0,2,2,0,0,2,2,0,2,0,0,2,2,0,0,0,0,2,0,2,0,2,0,0,0,0,0,2,0,0,0,0,2,2,2,2,0,0,0,0,0,2,2,0,0,0,2,0,2,0,0,0,0,0,0,2,0,2,0,2,0,2,0,0,0,0,0,0,2,0,2,0,2,0,0,0,0,0,0,2,0,2,0,2,0,2,0,2,2,0,0,2,0,2,0,0,0,0,0,0,0,0,0,0,2,2,0,0,2,0,0,0,0,0,0,0,0,0,0,0,0,0,0,0,2,0,0,2,2,0,0,2,0,0,2,0,2,0,0,0,0,0,0,0,0,2,0,2,0,0,2,0,2,0,0,0,2,0,2,0,0,0,0,0,0,0,0,0,0,0,0,0,0,2,0,0,0,0,0,0,2,0,0,0,2,2,0,0,0,2,0,2,2,0,0,0,0,0,0,0,0,0,0,2,0,0,0,0,0,0,0,0,0,2,2,0,0,0,0,0,2,0,0,0,0,0,0,0,2,0,0,2,2,0,0,0,0,0,0,0,0,0,0,0,0,2,0,0,2,0,0,0,0,0,0,0,2,2,0,0,0,0,0,0,0,0,0,0,0,0,0,0,2,0,0,2,0,2,0,0,2,2,2,0,0,0,0,0,0,0,2,0,2,0,2,0,0,0,2,0,0,0,2,2,0,0,0,0,0,0,2,2,2,0,0,0,0,0,0,0,2,2,0,0,0,2,0,2,0,0,0,0,0,2,0,0,0,0,2,2,2,2,0,0,0,0,0,0,0,2,0,0,2,0,0,0,0,0,0,0,0,0,0,0,0,0,2,0,0,0,0,0,0,0,0,0,0,0,0,0,0,0,0,0,0,0,0,0,0,2,0,0,0,0,0,2,0,0,0,0,2,0,0,0,2,2,2,0,0,0,0,0,2,0,0,2,0,0,0,0,2,0,0,0,0,0,0,2,2,0,0,0,0,0,0,2,0,0,0,0,2,2,0,0,0,0,2,0,0,2,0,0,0,0,0,0,0,0,0,0,2,0,2,0,0,2,0,0,0,0,0,2,2,0,0,0,0,0,0,0,0,0,0,0,0,0,0,0,0,0,0,0,0,0,0,2,0,0,0,0,0,0,0,2,0,0,0,0,0,0,0,0,2,0,2,2,0,0,2,0,0,2,0,0,0,0,0,2,0,0,0,0,0,0,0,0,0,0,2,0,0,2,0,0,0,2,0,0,0,0,0,0,0,0,0,0,2,0,0,0,0,2,0,0,0,0,0,0,0,0,2,0,2,0,0,0,0,0,0,0,2,2,0,2,0,0,0,0,0,0,0,2,2,0,0,2,0,2,0,0,0,2,NA,0,0,0,2,0,0,0,0,0,0,0,2,0,0,0,2,0,2,0,0,0,0,0,0,0,0,0,2,0,0,2,0,0,0,0,0,0,2,0,0,2,0,2,2,0,0,2,2,0,2,2,0,0,0,0,0,0,2,0,0,0,0,0,0,2,0,0,0,2,0,2,0,2,0,2,0,0,0,0,0,0,0,2,2,2,0,0,2,0,2,0,0,0,0,0,0,0,2,0,2,0,2,0,0,2,0,0,2,0,0,0,0,2,0,0,0,0,0,0,0,0,0,0,0,2,2,2,0,0,0,0,0,0,2,2,0,2,0,0,0,0,0,0,0,0,0,0,2,2,0,0,2,0,0,0,0,0,2,0,2,0,0,0,0,0,0,2,0,0,2,0,0,0,0,0,0,0,0,2,2,0,0,2,0,0,0,0,0,2,2,0,2,0,0,0,0,0,0,0,0,2,0,0,0,0,0,0,0,0,0,0,0,0,2,0,0,0,0,0,0,0,0,0,0,0,0,0,2,0,2,0,0,0,0,0,2,0,0,0,0,0,0,0,0,0,0,0,0,0,2,0,0,0,0,0,0,0,0,0,0,0,0,0,0,0,0,0,0,0,0,2,0,0,2,0,0,0,0,2,0,0,0,0,2,2,2,0,0,0,NA,2,0,2,0,0,0,0,2,0,0,2,0,2,0,0,0,0,0,2,0,0,0,0,0,0,0,0,0,0,0,0,2,0,0,0,0,0,0,0,0,0,0,0,0,0,0,0,0,0,2,0,0,2,2,0,0,0,0,0,0,2,2,0,2,0,0,0,0,0,2,2,2,0,0,2,0,0,2,2,2,2,2,0,0,2,0,2,0,0,0,2,0,0,2,0,0,0,0,0,0,0,2,0,0,0,0,0,0,2,0,0,0,0,0,0,0,0,0,0,0,0,0,0,0,0,0,0,0,2,0,0,0,0,2,0,0,0,2,0,0,0,0,0,0,0,0,0,0,0,0,0,0,2,0,2,0,0,0,0,0,2,0,0,0,0,0,0,0,0,0,0,2,0,0,0,2,0,0,2,0,0,0,0,0,0,0,0,0,0,0,2,0,0,0,0,0,0,0,0,0,0,0,0,2,0,0,0,2,0,2,0,0,2,0,2,0,0,0,0,0,2,0,0,0,0,0,0,0,0,0,0,0,0,0,0,0,0,0,0,0,0,0,0,0,0,0,0,0,0,0,0,2,0,0,0,2,0,0,2,0,0,0,0,0,0,0,0,0,0,2,2,0,0,0,0,0,2,0,2,0,2,0,0,0,0,0,0,0,0,0,0,0,2,2,0,0,0,0,2,0,2,2,2,0,0,0,0,2,0,0,0,0,0,0,0,0,0,2,0,0,0,0,0,2,0,0,0,2,0,0,0,0,0,0,0,0,0,0,0,0,0,0,0,0,0,0,0,0,0,0,0,2,0,2,2,0,0,0,2,2,0,2,0,0,0,0,0,0,0,NA,0,0,0,0,0,0,0,0,0,0,2,0,0,0,2,2,2,0,2,0,0,0,0,2,0,0,2,2,0,0,0,0,0,2,2,2,2,0,0,0,0,2,0,0,0,2,0,0,0,0,2,0,2,2,2,0,2,0,0,0,0,0,0,0,0,0,0,0,0,0,0,0,2,2,0,0,0,0,0,0,2,2,2,0,0,0,2,0,0,0,2,0,0,0,0,0,0,0,0,2,0,0,0,0,0,0,0,2,0,0,0,0,0,2,2,0,2,0,0,2,2,0,0,0,0,0,2,0,0,0,2,0,0,0,0,2,0,0,0,0,0,2,0,2,2,0,0,0,0,0,0,2,0,0,2,0,2,0,0,2,0,0,0,0,2,0,2,0,2,0,0,0,2,2,0,0,0,0,0,2,0,NA,0,2,0,0,0,0,0,0,0,2,0,0,0,0,2,0,0,2,0,2,0,2,2,2,0,2,2,2,NA,0,0,0,2,NA,0,2,0,2,0,0,0,2,2,0,0,0,2,0,0,0,0,0,0,0,0,2,2,0,2,2,0,0,0,0,0,0,0,2,0,0,0,2,0,0,0,2,0,NA,0,2,2,0,2,0,0,2,0,2,0,2,0,0,0,0,0,0,0,0,0,0,0,2,0,0,0,0,2,0,0,0,2,0,2,2,0,2,0,0,0,0,2,2,0,2,0,2,2,0,2,0,0,0,2,0,0,2,0,0,0,0,2,0,0,0,0,2,0,0,0,2,0,0,0,0,0,0,0,2,0,0,2,0,2,0,0,0,0,0,0,2,0,0,0,2,NA,0,0,0,0,0,0,0,0,2,0,0,0,0,2,2,0,0,0,0,0,0,0,2,0,0,2,2,0,0,0,0,0,0,0,0,2,0,0,0,2,0,2,2,0,2,2,2,0,2,0,0,0,0,0,0,0,0,2,2,0,0,0,0,2,0,2,2,0,0,2,0,0,0,0,0,0,0,0,0,0,0,0,0,0,0,0,2,2,0,0,2,2,0,0,0,0,0,2,0,0,0,0,0,0,0,0,0,0,0,2,0,0,0,0,0,0,0,0,0,2,0,0,2,0,0,0,0,0,0,0,0,2,0,0,0,2,0,2,0,0,0,0,0,0,2,0,0,0,2,0,0,0,0,2,0,0,0,0,0,0,0,0,0,0,0,0,0,0,2,0,2,0,0,2,0,2,0,2,0,0,2,2,2,0,0,0,2,NA,2,2,0,0,2,0,0,0,0,2,2,2,0,0,0,0,0,0,0,0,2,0,0,0,0,0,0,0,0,0,0,0,0,0,0,0,0,2,0,0,2,0,2,0,0,2,0,0,0,0,0,0,0,0,0,2,0,0,0,2,2,0,2,0,0,0,2,0,NA,2,0,0,0,0,2,0,0,2,2,0,2,2,2,0,0,2,2,0,0,0,2,0,0,2,2,2,0,0,0,0,0,0,0,0,0,0,0,2,2,0,2,0,0,0,2,0,0,0,0,2,0,0,0,0,2,0,0,0,0,0,0,0,2,2,0,2,0,2,0,0,0,0,0,0,0,0,0,0,0,0,0,0,0,0,2,0,2,0,2,0,0,0,0,0,2,0,0,0,0,0,0,0,0,0,0,0,0,0,2,0,0,2,0,0,0,0,0,0,0,2,2,0,2,0,0,0,0,0,2,2,0,0,0,0,0,2,0,2,2,2,0,0,0,0,0,0,0,0,0,0,2,0,0,0,0,2,2,0,0,0,2,2,0,0,0,0,0,2,2,0,0,0,2,0,0,0,0,0,2,0,0,0,0,0,2,0,0,0,0,0,0,0,2,0,0,0,0,0,0,0,0,0,0,2,2,0,2,2,0,2,2,2,0,0,2,2,0,0,0,2,0,0,0,0,2,0,2,0,0,0,2,0,2,2,0,0,0,0,2,2,0,0,2,2,2,2,2,2,2,0,0,0,0,0,0,0,0,0,0,0,2,0,0,0,0,0,0,0,0,0,0,2,0,0,2,2,2,NA,2,2,2,0,0,2,0,0,2,0,0,2,0,0,0,0,2,0,2,0,0,2,0,0,0,0,0,2,0,0,0,2,2,0,0,0,2,2,0,2,0,2,0,0,0,0,0,0,0,0,2,0,0,0,0,0,0,0,0,0,0,0,0,0,0,2,2,2,0,0,0,0,0,0,2,0,0,0,0,2,2,2,0,0,0,0,2,2,0,0,2,0,0,0,0,0,0,0,0,0,0,2,0,0,2,0,0,0,0,0,0,2,2,0,2,0,0,0,0,0,0,0,2,0,0,0,0,0,0,0,2,2,0,0,0,0,2,0,0,0,0,0,2,0,0,2,2,0,0,2,0,2,0,2,2,2,0,0,2,0,0,2,2,2,2,2,0,2,0,2,2,0,2,0,0,2,2,0,2,0,0,2,2,0,0,0,0,0,2,2,0,2,2,0,2,0,2,2,0,0,0,0,2,0,0,0,0,0,0,0,0,0,0,0,0,2,0,0,0,0,0,0,0,0,0,0,0,0,0,0,0,0,0,0,0,0,0,0,0,0,0,0,2,0,0,0,0,2,0,0,0,0,0,2,0,0,2,0,0,0,0,0,0,0,0,2,0,2,0,0,0,0,0,0,2,2,2,0,0,0,0,0,2,0,2,0,0,2,0,0,0,2,0,0,0,2,0,0,0,0,0,0,2,0,0,0,0,0,0,2,0,0,0,0,0,0,0,0,0,2,0,0,0,0,2,2,0,2,0,0,2,0,0,2,0,0,2,2,0,0,0,2,0,2,0,0,0,2,2,0,0,0,2,0,0,2,0,0,0,0,0,2,2,2,2,0,0,2,2,2,0,2,2,0,0,0,0,0,0,0,0,0,2,0,0,0,2,0,0,0,0,NA,0,0,2,0,0,0,0,0,0,0,0,0,0,0,0,0,0,0,0,0,2,2,0,0,2,0,0,0,0,2,0,2,2,0,0,0,2,0,0,2,0,0,0,0,0,0,0,0,0,0,0,0,0,2,0,0,2,0,0,2,0,0,2,2,0,0,0,0,0,2,0,0,0,0,2,0,0,0,0,0,0,0,0,0,0,2,0,0,0,2,0,0,0,0,2,0,0,0,0,2,2,0,0,0,0,2,0,0,2,2,0,0,0,0,0,0,0,0,2,2,2,0,0,0,0,0,0,0,0,0,0,0,0,0,0,0,0,0,0,0,2,2,0,0,0,2,0,0,0,0,0,0,2,2,2,2,0,0,0,0,0,0,0,NA,0,0,0,0,0,0,0,2,2,0,0,0,2,2,0,0,0,0,2,0,0,0,0,0,0,0,0,2,0,0,2,0,0,0,0,0,2,0,0,0,0,0,0,0,0,2,2,0,2,0,0,0,0,2,0,0,0,0,0,0,0,0,0,0,0,2,0,2,0,0,0,2,0,0,0,0,2,0,0,0,0,2,0,2,0,0,0,2,0,0,2,0,2,2,0,0,0,0,0,0,0,0,0,0,0,0,0,0,0,0,2,2,0,2,0,0,2,2,0,0,0,0,2,0,0,2,2,0,0,2,0,0,2,2,2,0,0,0,0,0,0,0,0,0,2,2,0,0,2,0,0,0,0,0,0,2,0,2,0,0,0,0,2,0,2,0,0,0,0,0,0,2,0,0,2,0,0,0,0,0,0,0,0,0,0,0,0,0,2,0,0,0,0,0,0,0,0,0,0,0,0,0,0,0,0,2,0,0,0,2,0,0,0,0,2,2,0,0,2,0,0,0,0,2,0,0,0,0,0,0,0,0,0,0,0,0,0,0,0,0,0,0,0,0,0,0,0,0,2,0,2,0,0,0,2,2,0,2,2,0,2,0,0,0,0,0,0,0,0,0,2,2,0,0,0,2,0,0,2,2,0,0,0,0,0,0,2,2,0,0,0,0,0,2,2,0,2,0,0,0,2,2,0,0,0,0,0,0,0,2,0,0,0,2,0,0,0,0,2,0,2,0,0,0,0,0,0,0,0,2,0,0,0,2,0,0,0,2,0,2,2,0,0,0,0,0,2,0,2,0,2,0,0,0,0,0,0,2,0,2,0,2,0,0,2,0,0,0,2,0,0,0,2,0,2,0,0,2,0,0,0,2,0,0,0,2,0,0,2,0,0,0,0,0,0,2,0,2,0,0,2,0,0,0,0,0,2,0,0,2,0,0,0,0,0,0,0,2,0,0,0,0,0,0,0,0,0,2,2,2,0,2,0,2,0,2,0,0,0,0,0,0,0,2,0,0,0,0,0,0,2,0,0,0,0,0,2,2,0,2,0,0,0,2,0,0,2,0,2,0,0,0,2,2,0,2,0,0,0,0,0,0,0,0,0,0,0,0,2,0,2,0,0,0,0,0,0,0,0,0,0,2,2,0,0,0,0,0,2,0,0,2,2,0,0,0,0,0,0,0,0,0,0,0,2,0,0,0,0,0,0,0,0,0,0,0,0,0,0,0,0,0,0,0,0,0,0,0,0,0,0,0,0,0,2,0,2,0,0,0,2,0,0,0,0,2,2,0,0,0,0,0,0,0,2,0,0,0,0,2,2,2,0,0,2,0,0,0,0,2,0,0,0,2,0,2,0,0,0,0,0,0,0,0,0,2,0,0,2,0,2,0,0,0,0,2,0,0,0,0,2,0,0,0,0,0,0,0,2,2,0,0,2,0,0,0,2,0,0,2,0,0,0,2,0,0,0,0,0,0,0,0,0,0,0,0,0,2,2,0,0,0,0,0,2,2,2,0,2,0,0,0,0,0,0,0,0,0,0,0,0,0,0,0,0,0,2,0,2,0,0,0,0,0,0,0,0,0,0,0,2,2,0,0,0,0,0,0,0,0,0,2,0,0,0,0,0,0,0,0,0,0,0,0,0,2,0,0,0,0,2,0,2,0,0,0,0,0,0,0,0,0,0,0,0,0,0,0,0,0,2,0,0,0,0,0,2,0,0,0,0,0,0,0,0,0,2,2,0,0,0,0,0,0,0,0,0,0,0,0,0,0,2,2,0,2,0,2,0,0,0,0,2,2,2,0,0,0,0,0,0,0,0,0,0,2,0,0,0,2,2,0,0,0,0,0,0,2,0,0,0,0,0,0,2,0,0,0,0,0,0,0,0,0,0,0,2,0,2,2,0,0,0,0,0,0,0,0,0,0,2,0,2,0,0,0,0,0,2,0,0,2,0,2,0,2,2,0,0,0,2,0,0,2,0,0,0,0,0,2,0,2,0,0,2,0,0,0,0,0,0,0,2,0,0,0,0,0,0,0,0,0,2,0,0,0,0,2,2,0,2,0,2,0,0,0,0,2,2,0,0,0,0,0,2,0,2,0,0,0,0,0,0,0,0,0,0,0,0,0,0,0,0,0,0,0,0,0,0,0,0,0,2,0,0,0,0,2,0,0,0,0,2,2,0,0,0,0,2,0,2,2,0,0,2,0,2,0,0,0,0,0,0,0,0,0,0,0,0,0,0,0,0,0,0,2,0,0,0,0,2,0,0,0,0,0,0,0,0,0,0,0,0,0,0,0,2,0,0,0,0,2,0,0,0,2,0,0,0,2,2,0,0,0,0,0,0,0,0,0,0,0,0,0,0,0,0,0,2,0,0,0,0,0,0,0,0,0,0,0,0,0,0,0,0,0,0,0,0,0,0,0,0,2,0,0,0,0,2,0,2,2,2,0,0,0,0,0,0,NA
"CC247",2,0,0,0,2,0,0,0,0,0,0,0,0,0,0,0,0,0,0,0,0,0,0,0,2,0,0,0,0,0,0,0,0,0,0,0,0,0,0,2,0,0,0,0,0,0,0,0,0,0,0,0,0,0,0,0,0,0,0,0,0,0,2,0,2,0,0,0,0,0,0,0,0,0,0,0,0,0,2,0,2,0,0,0,0,0,0,2,0,0,2,2,0,0,0,2,0,0,0,0,0,0,0,2,0,2,2,0,2,0,0,2,0,0,0,0,0,0,0,0,0,0,0,0,0,2,2,0,0,0,0,0,0,2,0,0,0,0,2,2,0,0,2,0,0,0,0,2,0,2,2,0,0,0,2,2,0,0,0,0,0,0,0,0,0,0,0,2,0,2,0,0,2,0,0,0,0,0,0,2,0,0,2,0,2,0,2,0,0,2,0,2,2,0,0,0,0,2,0,0,0,0,0,0,0,0,0,0,0,0,0,0,0,0,0,2,2,0,2,0,2,0,0,0,0,2,0,2,0,0,0,0,0,2,0,0,0,0,0,0,2,0,0,0,0,2,0,0,0,2,0,0,0,0,0,0,0,0,0,0,0,0,0,0,2,0,2,0,0,0,0,0,0,2,0,2,0,0,0,0,0,0,0,0,0,2,0,0,0,0,0,0,0,0,0,2,0,0,2,2,2,0,0,0,2,0,2,0,2,0,0,0,0,0,0,0,0,0,0,0,0,0,2,0,2,0,0,0,2,0,0,0,0,2,2,0,2,2,0,0,0,0,0,0,0,0,0,0,0,0,0,0,0,0,0,0,0,0,0,0,0,0,0,0,0,0,0,0,0,0,0,2,0,0,0,0,0,0,0,0,0,0,0,0,0,2,0,2,2,0,2,2,0,2,2,2,2,0,0,0,0,0,0,2,0,2,0,0,0,2,0,0,0,0,2,0,2,0,0,2,0,0,0,0,0,0,0,0,2,2,0,0,0,0,2,0,0,0,2,0,2,0,0,0,2,0,2,2,0,0,0,0,2,0,0,0,0,0,0,0,0,0,0,0,0,0,2,0,0,0,NA,0,0,2,0,0,0,2,0,0,0,2,0,0,0,2,0,0,2,0,0,2,2,0,0,0,0,0,2,2,0,2,0,0,0,0,2,0,0,0,0,0,0,0,0,0,0,0,2,2,2,0,0,0,0,0,0,2,0,0,0,NA,2,0,0,2,0,0,0,2,0,0,0,0,2,0,0,0,0,2,0,0,0,2,0,0,0,0,2,0,0,2,2,0,0,0,0,0,0,2,0,0,0,0,0,0,0,0,0,2,2,2,0,0,0,0,0,0,0,2,0,0,2,0,2,0,2,2,0,2,0,0,0,0,0,0,0,0,2,0,0,0,0,0,0,0,2,0,2,0,0,0,0,0,0,0,0,0,0,0,0,0,0,0,0,0,0,0,0,2,0,0,2,0,0,0,2,2,0,0,0,0,0,0,2,0,2,0,0,0,2,0,0,0,0,0,0,0,0,0,0,0,0,2,0,0,NA,2,0,0,2,0,0,2,2,2,0,2,0,0,2,0,0,0,0,0,2,2,2,2,0,2,0,0,2,0,0,0,2,0,2,0,0,0,0,0,0,0,2,0,0,2,0,0,0,0,0,0,0,0,2,2,2,2,0,2,2,0,0,0,2,0,0,0,0,2,0,0,0,0,0,2,0,0,2,2,0,0,0,0,2,0,2,0,0,0,0,0,0,0,0,0,0,2,0,0,0,0,0,0,0,2,0,0,0,0,0,0,0,0,0,0,2,0,0,0,2,0,0,0,2,0,0,2,0,NA,0,0,0,0,0,0,0,0,0,0,0,0,0,0,0,0,0,0,0,0,2,0,0,0,2,2,0,0,0,0,2,0,0,0,0,0,0,0,0,0,0,2,0,2,0,0,0,2,2,0,0,0,2,0,0,0,0,0,0,0,0,0,0,0,0,0,0,0,2,2,0,0,0,0,0,2,0,0,2,0,0,0,0,0,0,0,0,0,0,0,0,0,2,0,0,0,0,0,0,0,0,0,0,0,0,0,0,0,0,0,0,0,0,0,0,2,2,2,0,0,0,0,0,0,2,2,0,2,2,0,0,0,2,2,0,0,0,0,2,0,0,0,0,0,0,0,0,0,0,0,0,0,0,0,0,0,2,0,0,0,0,0,0,2,0,0,0,0,0,0,0,2,0,0,0,0,0,0,0,0,0,0,0,2,2,2,2,0,0,0,0,0,0,2,2,0,2,0,0,0,0,0,2,0,0,0,0,0,0,2,0,0,0,0,0,0,0,0,0,0,0,0,0,0,0,0,0,2,0,0,2,0,0,0,0,0,0,0,0,0,0,0,2,0,0,2,0,2,0,0,2,2,2,0,0,0,0,0,0,0,0,2,0,0,2,0,2,0,0,0,2,2,0,0,0,0,2,0,0,0,2,2,0,0,0,0,0,0,0,2,0,0,0,0,0,0,0,0,0,0,0,0,0,0,2,2,0,0,0,0,0,0,2,0,0,0,0,2,0,0,0,0,0,0,2,0,2,0,0,0,0,0,0,0,0,0,0,0,0,0,0,0,0,0,0,0,0,0,0,0,0,0,0,2,2,2,2,0,0,0,0,0,2,0,0,0,0,0,0,0,0,0,0,0,0,0,0,0,0,2,0,0,2,0,0,0,0,0,2,0,0,0,0,0,0,0,0,0,0,0,0,0,0,0,0,0,0,0,0,0,0,0,0,0,0,0,0,0,0,2,0,2,0,0,0,0,2,0,0,0,0,0,0,0,2,2,0,0,0,0,0,0,0,0,0,0,0,0,2,2,0,0,0,0,0,0,0,0,0,2,2,0,0,0,0,0,0,0,0,0,0,0,0,0,0,2,2,0,0,0,0,0,0,2,0,2,0,0,2,0,0,0,2,0,0,0,0,0,2,0,2,0,0,0,2,0,0,0,0,0,2,0,2,0,0,0,0,0,0,2,2,0,2,0,0,2,2,NA,0,0,0,0,0,0,0,2,2,0,0,0,0,0,0,0,0,0,0,2,2,0,0,0,0,0,0,0,0,0,0,0,0,0,2,0,0,0,2,0,0,0,2,0,2,0,0,0,0,2,0,0,0,0,2,0,0,0,0,2,0,0,0,0,0,2,0,2,0,0,2,2,0,2,2,2,NA,0,0,2,0,0,0,0,0,0,2,0,0,0,0,0,2,0,0,2,0,0,0,0,0,0,0,0,0,0,0,0,2,0,0,0,0,0,2,2,NA,0,2,2,2,0,0,2,0,2,0,0,0,0,2,0,0,0,0,2,0,0,0,0,2,2,0,0,2,0,0,0,0,0,0,0,0,2,0,0,0,0,0,0,0,0,0,0,2,0,0,0,0,0,2,0,0,0,0,0,0,0,2,2,0,0,0,2,0,0,2,2,2,2,0,2,0,2,2,0,0,0,0,0,0,0,0,0,0,0,0,0,0,0,0,0,0,0,0,0,0,0,0,0,0,2,2,0,0,0,0,0,0,0,2,0,0,0,0,2,0,0,0,0,0,0,0,2,0,0,2,0,0,0,2,2,0,0,0,0,0,2,0,0,2,0,0,0,0,0,0,0,0,0,2,0,0,2,0,0,0,0,2,0,2,0,0,2,0,NA,0,0,2,0,0,0,2,0,0,0,0,0,2,0,2,0,0,0,0,0,0,0,0,0,2,2,2,0,0,0,0,2,0,0,0,2,0,2,0,0,0,0,0,0,2,0,0,0,0,0,0,0,0,2,0,0,2,0,0,2,0,0,0,0,0,2,0,0,0,2,2,0,2,0,0,0,2,0,0,0,0,0,0,0,0,0,0,2,2,0,0,0,0,0,0,0,0,0,0,2,2,0,0,0,2,0,0,0,0,2,0,0,0,0,0,2,0,0,0,0,NA,0,2,0,2,0,0,2,2,2,0,0,0,0,0,0,0,0,0,0,0,0,0,0,0,0,2,0,0,0,0,0,0,0,0,0,0,0,0,0,0,0,0,0,0,0,0,0,0,0,0,0,2,2,0,2,0,0,0,2,0,0,0,0,2,0,2,0,2,0,2,0,2,0,0,0,0,0,0,0,0,0,0,0,0,2,0,0,0,0,0,0,0,2,0,0,0,0,0,0,2,0,0,0,0,0,0,0,0,0,0,0,0,0,0,0,0,0,0,0,0,0,0,0,0,0,0,0,2,0,0,0,0,0,0,0,0,0,0,0,2,2,0,0,0,0,0,0,0,2,0,0,0,2,0,0,2,0,0,0,0,0,0,0,2,0,0,0,0,0,0,0,0,0,0,0,0,0,0,0,0,2,0,2,0,0,0,0,0,0,0,0,2,0,0,0,2,0,0,0,0,0,0,0,0,0,0,0,0,0,0,0,0,0,2,0,0,0,0,0,0,0,0,0,0,0,0,0,0,0,0,0,0,0,0,0,0,0,0,0,0,0,0,0,0,0,0,0,0,0,0,0,0,0,0,0,0,0,0,0,0,2,0,0,0,2,0,0,2,0,0,0,0,0,0,0,0,0,0,2,0,0,0,0,0,0,0,0,0,0,0,0,0,2,0,0,0,0,0,0,0,2,0,2,0,0,0,0,0,0,0,0,0,0,0,0,2,0,0,0,2,0,0,0,0,2,0,2,0,0,0,0,2,0,0,0,0,0,0,0,0,0,0,0,0,0,2,0,0,0,0,0,2,0,0,0,0,2,0,2,0,0,0,0,0,0,0,0,2,0,0,NA,2,2,0,0,2,0,2,0,0,0,0,2,0,0,0,2,0,2,2,0,0,2,0,0,0,2,0,2,2,0,0,0,0,0,0,2,2,0,0,0,0,2,0,0,2,0,0,0,0,0,0,0,0,2,0,0,0,0,0,0,0,0,2,0,0,2,0,0,0,0,0,0,2,0,0,0,0,2,0,2,0,0,2,0,2,0,2,0,2,0,0,0,0,0,2,0,2,2,0,2,0,2,0,2,0,0,0,0,0,0,0,2,0,0,0,0,0,2,0,2,2,0,2,0,0,0,0,0,0,0,0,0,0,2,0,0,0,0,0,0,0,0,0,2,0,2,0,0,0,0,0,0,0,0,0,0,2,2,0,2,2,0,2,0,0,0,0,2,0,0,2,2,0,0,0,0,0,0,0,0,0,0,0,0,2,2,2,0,0,2,0,0,2,0,0,2,0,0,0,0,0,0,2,0,0,0,0,0,0,0,0,0,0,0,0,0,0,0,0,0,0,0,0,0,0,0,0,0,0,0,0,0,0,0,0,0,0,0,0,0,0,0,0,0,0,0,0,0,0,0,0,0,0,0,0,0,0,0,0,0,2,0,0,0,0,0,2,0,2,0,0,0,0,0,0,0,0,0,0,0,2,0,2,2,0,2,0,0,2,0,2,2,2,2,0,0,0,0,0,0,0,2,0,2,0,0,2,0,0,0,0,0,0,0,2,0,0,0,0,0,0,2,2,0,0,0,2,0,0,0,0,2,0,0,0,0,0,0,0,0,0,0,0,2,0,2,0,0,0,0,0,0,2,0,0,0,0,2,0,2,0,0,0,0,0,0,0,0,0,2,0,0,0,0,0,0,0,2,0,0,0,0,0,0,0,0,2,0,0,0,2,0,0,2,0,0,0,0,0,0,0,2,0,0,0,0,0,0,0,0,0,0,2,0,2,0,0,0,0,0,2,0,0,0,0,0,0,0,0,0,2,0,0,0,0,0,0,0,0,0,0,0,0,0,0,2,0,0,0,0,2,0,0,0,0,0,0,0,0,0,2,0,0,0,2,0,0,0,0,2,0,0,2,0,0,0,2,0,0,0,0,2,0,0,0,0,0,0,0,2,2,0,0,0,0,2,0,0,0,0,0,2,0,0,0,0,0,0,0,0,0,0,0,0,0,0,0,0,0,0,2,2,0,0,0,0,0,2,0,0,2,2,0,0,2,0,0,0,0,2,0,2,0,2,2,2,0,0,0,0,0,0,0,2,0,0,0,0,NA,2,0,0,0,0,2,0,0,0,0,0,2,0,0,0,0,0,0,0,2,2,0,0,0,0,0,0,0,0,2,0,0,0,0,0,0,0,2,2,2,0,2,0,0,0,0,0,0,0,0,0,2,0,0,0,0,0,0,0,2,0,2,0,2,0,0,0,0,0,0,0,0,0,0,0,2,0,2,2,0,0,2,0,0,0,0,0,0,0,0,0,0,0,0,0,0,2,0,0,0,0,0,0,0,2,0,0,0,0,0,0,0,0,2,0,0,0,0,0,0,0,0,0,0,0,0,2,0,0,0,0,0,0,0,0,0,0,0,0,0,2,2,2,0,0,2,0,0,0,0,0,2,0,0,0,0,0,0,2,0,0,0,2,0,0,0,0,0,2,0,0,0,0,0,2,0,0,0,0,0,0,0,0,2,0,0,0,0,2,2,0,0,0,0,2,0,2,0,0,0,2,2,0,0,0,0,2,0,0,2,2,0,0,0,2,0,0,0,0,2,0,0,0,0,0,0,0,0,0,0,0,0,0,0,0,0,0,0,0,0,0,0,0,2,2,2,0,0,0,0,0,0,0,2,0,0,2,0,0,2,2,2,0,0,2,2,0,0,0,0,0,0,0,0,2,0,0,0,0,2,0,2,0,0,0,0,2,2,0,0,0,2,0,0,0,2,0,0,0,2,0,0,2,0,0,0,2,2,0,0,0,0,0,0,0,0,2,0,0,0,0,0,0,0,2,0,0,2,0,2,0,0,0,0,0,0,0,0,0,0,2,NA,0,0,0,0,0,0,0,0,0,0,0,0,2,0,0,0,0,0,0,0,0,0,2,0,0,0,2,0,0,0,0,0,0,0,0,0,2,0,0,0,0,0,0,0,2,0,0,0,0,0,0,0,0,0,0,0,0,0,0,0,2,0,0,0,2,2,0,0,0,2,0,0,0,0,0,0,0,0,0,0,0,0,0,2,0,0,0,0,0,0,0,0,0,0,0,0,0,0,0,0,0,0,0,0,0,2,0,0,0,0,2,0,0,0,0,0,0,0,0,0,0,0,2,0,0,0,0,0,0,0,2,2,0,0,0,0,0,2,0,0,0,0,0,0,0,0,0,0,0,0,2,0,0,0,0,2,0,0,0,0,0,0,0,0,2,0,0,0,2,0,0,0,2,0,0,0,2,0,0,0,0,0,0,0,2,0,0,0,0,0,0,0,0,0,0,0,0,0,0,0,0,0,0,0,0,2,0,0,0,0,0,0,0,0,0,0,0,0,2,0,0,0,0,0,0,0,0,0,0,0,2,0,0,0,0,0,0,0,0,0,0,0,0,0,0,0,2,0,0,0,2,0,0,0,0,0,0,0,0,2,0,0,0,0,0,2,0,0,0,0,2,2,2,0,0,0,0,2,0,0,0,0,0,2,0,0,0,0,0,0,0,0,0,0,0,2,2,0,2,0,0,0,2,2,2,0,0,0,0,0,0,0,0,0,0,0,0,0,0,0,2,0,0,0,0,2,0,0,0,0,0,0,0,0,0,0,0,0,2,0,0,0,0,0,2,0,2,0,0,2,0,0,0,0,0,0,0,0,0,0,0,0,0,0,0,0,0,0,0,0,0,0,0,0,0,0,0,0,0,0,0,2,0,0,0,0,2,0,0,0,0,2,0,0,0,0,0,2,0,0,0,0,0,0,0,0,0,0,0,0,0,0,0,2,0,0,0,0,0,0,0,2,0,0,0,2,0,0,0,0,0,0,0,0,0,2,0,0,0,0,0,0,0,0,0,0,0,0,0,0,0,0,0,0,0,0,0,0,0,0,0,0,0,0,0,0,2,0,2,2,2,0,2,2,0,0,0,0,0,0,0,0,2,0,0,0,2,2,2,0,0,0,2,2,2,2,2,0,0,0,2,2,0,0,0,2,0,0,0,0,0,0,0,0,0,0,0,0,0,0,0,0,0,0,0,0,0,0,0,0,0,0,0,0,0,2,0,0,0,0,0,0,0,0,0,0,0,0,0,0,0,0,2,0,0,2,0,0,0,0,0,0,0,2,2,0,0,0,0,2,0,0,0,0,2,0,0,0,2,0,0,0,0,0,0,0,0,2,0,0,0,0,0,0,0,0,2,0,2,0,0,0,0,0,0,0,0,0,0,0,0,2,0,0,0,0,0,0,0,0,2,2,2,0,0,0,2,0,0,0,0,0,0,2,0,2,0,2,0,0,2,2,0,0,0,0,0,0,0,0,0,0,0,0,0,0,0,0,0,0,0,0,0,0,0,0,0,0,0,0,0,0,0,0,0,0,0,0,2,0,0,2,0,0,0,0,0,0,0,0,0,0,0,0,0,0,0,2,2,0,0,0,0,0,2,0,0,0,0,0,0,0,0,0,2,0,0,0,0,0,2,0,0,0,0,0,0,0,0,0,0,0,2,0,0,0,0,2,2,0,0,0,0,0,0,0,2,0,0,2,0,2,0,0,0,0,0,2,0,0,0,0,2,0,0,0,0,2,2,0,0,0,0,0,0,0,2,2,0,0,0,0,2,0,0,2,0,2,2,0,2,2,0,0,0,0,0,2,0,0,0,2,0,0,0,2,2,2,0,2,0,0,2,2,0,0,2,0,0,0,0,0,0,0,0,0,0,0,0,0,0,0,0,2,0,0,0,0,2,0,0,0,0,0,0,0,0,0,0,0,0,0,0,0,0,0,0,0,0,0,0,2,0,0,0,0,0,2,0,0,0,0,2,0,0,0,2,0,0,0,0,0,0,2,0,0,0,0,0,0,0,0,0,0,0,2,0,0,0,0,2,2,0,0,0,0,0,0,0,0,0,0,0,0,0,0,0,0,0,0,2,0,2,2,2,0,0,2,0,2,0,0,0,0,2,0,0,0,2,0,0,2,2,2,0,0,2,0,0,0,2,0,0,2,2,0,0,0,0,2,2,0,0,0,0,0,2,0,2,0,0,0,2,2,0,2,2,0,0,0,0,0,0,0,0,0,0,0,0,0,0,2,2,0,0,2,0,2,0,0,0,0,2,0,0,0,0,0,0,0,0,0,0,0,0,0,0,0,0,0,0,0,0,0,0,0,0,0,0,0,2,2,0,0,0,2,0,0,0,0,0,0,0,0,0,0,0,0,0,2,0,0,0,0,2,0,0,0,0,2,2,0,0,0,0,0,2,0,0,2,0,0,2,0,2,2,0,0,0,0,0,0,NA,2,0,0,0,0,0,0,0,0,0,0,0,0,0,2,0,0,0,2,2,0,0,0,0,0,0,2,0,0,0,0,0,2,0,0,2,2,0,0,0,0,2,2,0,0,0,0,0,0,0,0,0,0,0,0,0,2,0,0,0,0,0,2,0,0,0,0,0,0,0,2,0,0,0,0,2,0,0,0,0,0,0,2,0,0,0,0,0,0,0,0,0,0,0,0,0,0,0,0,0,2,2,0,0,0,0,0,0,0,0,2,0,0,0,0,0,0,0,0,0,0,0,0,0,2,2,2,0,0,0,0,2,0,2,2,0,0,0,0,0,0,2,0,0,2,0,0,0,0,0,0,0,2,0,2,0,0,0,0,0,0,0,2,2,0,0,2,0,0,0,0,2,0,2,0,0,0,0,2,0,0,0,0,0,0,0,0,0,0,0,0,0,0,0,2,0,0,0,0,0,0,0,2,0,0,0,0,0,2,0,0,0,0,2,0,2,0,0,2,0,0,0,0,0,0,2,0,2,0,0,0,0,0,2,0,0,0,0,0,0,2,0,0,0,2,0,0,0,0,0,0,2,0,0,0,0,2,0,0,0,0,2,0,0,0,2,0,0,0,2,0,0,0,2,0,2,0,0,0,NA,2,0,2,0,0,0,2,2,0,0,0,0,0,2,0,2,2,0,0,0,0,0,0,2,2,0,0,0,0,0,0,0,2,0,0,0,2,0,0,0,0,0,0,0,0,2,0,0,0,0,2,0,0,2,2,0,2,2,2,2,0,0,0,0,2,0,0,2,2,0,0,0,2,2,2,0,2,0,0,0,2,2,2,0,2,0,2,0,2,2,0,0,0,0,0,0,0,0,0,2,0,0,2,2,0,0,0,0,2,0,2,0,0,0,0,0,0,0,0,0,0,0,0,0,2,0,2,2,0,2,0,0,2,0,0,2,2,0,2,0,0,0,0,0,2,0,2,0,0,0,0,0,0,2,0,0,2,0,0,0,0,0,0,2,2,0,0,0,0,0,0,0,2,0,2,0,0,2,0,0,0,0,0,0,0,2,2,0,0,0,0,0,0,2,0,0,2,0,2,0,0,2,0,0,0,0,0,0,0,0,0,0,0,0,0,0,2,2,0,0,2,0,2,NA,0,0,0,2,0,0,2,0,0,0,0,0,0,2,0,2,2,0,0,2,2,2,0,0,0,2,0,2,0,2,2,0,2,0,0,2,0,0,0,0,0,2,2,0,0,0,0,0,0,0,0,0,0,0,2,0,0,0,0,0,0,2,0,0,0,0,0,0,0,0,2,0,2,0,0,0,0,0,0,0,0,0,0,2,0,2,2,0,0,0,0,2,2,0,0,0,0,0,2,0,2,0,2,0,0,0,0,0,0,0,0,0,0,0,0,0,0,0,0,2,0,0,0,2,0,2,2,2,2,0,0,2,2,0,2,NA,0,2,0,0,0,2,0,0,2,0,0,0,2,0,0,2,0,0,0,0,0,0,2,0,0,0,0,0,0,2,0,0,0,2,0,0,0,0,0,2,0,2,0,2,0,2,2,0,0,0,2,2,0,0,0,2,2,0,0,2,2,0,2,0,0,0,0,2,0,0,2,0,0,0,0,0,0,0,0,0,2,0,2,0,0,0,0,0,0,2,0,0,0,0,2,0,0,0,0,2,0,2,0,0,2,2,0,0,2,0,0,0,0,0,0,0,0,0,0,0,0,0,0,0,2,0,2,0,2,0,0,0,2,0,0,2,2,0,0,0,0,0,0,0,0,0,2,0,0,0,2,2,0,0,0,0,2,0,0,0,0,0,0,NA,2,0,2,0,0,2,2,0,0,0,2,0,0,2,0,0,0,0,0,0,0,2,0,0,0,0,0,2,0,0,2,0,0,0,0,0,0,0,0,0,0,0,0,0,2,0,0,0,2,0,2,0,0,0,0,0,0,2,0,0,0,0,0,0,0,2,0,0,0,2,2,0,0,2,0,0,0,0,0,0,0,0,0,0,0,0,0,0,2,0,0,0,0,0,0,0,0,0,2,0,0,0,0,0,0,0,NA,0,0,0,0,0,0,2,0,2,0,2,2,0,2,0,0,0,NA,0,0,0,0,0,0,0,0,2,0,0,2,2,2,0,2,2,0,2,0,2,2,0,0,0,0,0,0,0,0,0,0,0,0,2,0,0,0,0,0,2,0,0,0,0,0,0,0,0,0,2,0,0,0,0,0,0,2,0,0,0,0,0,2,2,0,0,2,0,0,0,0,0,0,0,0,0,0,0,2,2,0,0,0,0,0,0,0,0,0,0,0,2,0,0,2,0,0,0,0,0,2,0,0,0,0,0,0,0,0,0,0,0,0,0,2,0,2,0,0,0,0,0,0,0,0,2,2,0,2,0,0,0,0,0,0,2,2,0,2,0,2,2,0,2,2,0,0,0,2,2,0,0,2,2,2,0,0,2,0,2,0,0,2,0,0,2,0,2,2
"CC249",0,0,0,2,0,0,0,2,0,0,2,0,0,0,0,0,0,0,0,0,0,0,0,2,0,2,2,0,0,0,0,0,0,0,0,0,2,0,0,0,0,2,0,0,0,2,0,0,0,2,2,0,0,0,0,2,0,0,2,2,0,0,0,0,2,0,2,0,0,0,0,2,0,0,0,2,2,0,0,0,0,0,2,2,2,2,0,2,0,0,0,0,0,2,0,2,2,0,0,0,2,0,0,2,0,2,0,0,0,2,2,0,2,0,0,0,0,0,2,2,2,0,0,2,0,2,0,2,0,0,0,2,0,2,0,0,0,0,2,0,2,2,0,0,2,0,0,2,0,0,0,0,2,0,0,0,2,0,0,0,0,0,0,0,0,2,0,0,2,0,0,0,2,2,0,2,2,2,2,2,0,2,0,0,0,0,0,0,0,0,2,0,0,0,0,0,0,0,0,2,0,0,2,0,0,0,0,0,2,0,2,0,0,0,0,0,0,0,2,0,0,0,0,0,0,0,0,0,0,0,0,0,0,2,0,2,0,2,0,0,0,0,0,0,0,0,0,0,0,0,0,2,0,0,0,0,2,2,0,0,2,0,0,0,0,0,0,0,0,0,2,0,0,0,0,0,2,2,2,0,2,0,0,0,0,0,0,0,0,0,0,2,2,0,0,0,0,0,2,0,2,0,0,0,2,0,2,0,2,0,0,0,0,0,2,0,0,0,2,0,0,0,0,0,0,0,2,0,2,0,2,0,0,0,0,0,2,0,2,0,2,2,0,0,2,0,0,0,2,0,0,0,0,0,0,0,0,2,2,0,0,2,0,0,0,0,0,0,0,0,0,0,0,0,0,0,0,0,2,0,0,0,0,0,0,0,0,0,2,0,0,2,2,2,2,2,2,0,0,0,0,0,2,2,2,2,2,2,0,0,2,0,0,0,2,0,0,2,0,0,2,0,0,0,2,0,0,0,0,0,0,2,2,0,2,0,0,2,0,2,2,0,0,0,0,0,0,2,0,0,0,2,0,0,2,0,2,2,0,2,0,2,0,0,0,0,0,0,0,0,0,2,0,0,0,0,0,0,2,0,0,0,0,0,0,0,0,0,0,0,0,0,0,2,0,0,2,2,0,0,0,0,2,0,0,2,0,0,0,2,0,0,0,0,0,0,0,0,0,2,2,0,0,0,2,2,2,0,0,0,0,0,0,0,0,2,0,0,0,0,2,0,0,2,0,0,0,2,0,0,0,0,0,0,0,0,0,2,0,2,0,0,0,2,2,0,0,0,2,0,0,2,0,0,0,0,0,0,2,0,2,0,0,0,0,0,2,0,0,0,0,0,0,0,0,0,0,0,0,0,0,2,0,2,2,2,2,2,0,0,2,0,0,2,0,0,0,2,0,0,0,0,0,2,2,0,0,0,2,0,0,0,2,2,0,2,0,0,0,0,0,0,0,0,0,0,0,0,0,0,0,0,0,0,0,2,0,0,2,0,2,0,0,0,0,0,2,0,0,2,0,0,0,NA,0,0,0,0,0,0,0,0,0,0,0,0,2,0,0,0,2,0,0,0,2,0,0,0,0,2,0,0,0,0,0,0,0,0,0,0,0,0,0,2,0,0,0,2,0,0,0,0,0,2,0,2,0,0,2,0,0,0,0,0,2,0,0,0,0,0,0,0,0,0,0,0,0,2,0,0,0,0,0,2,2,0,0,0,2,0,0,0,0,0,0,2,0,0,2,0,0,0,0,0,0,0,0,0,0,0,0,2,2,0,0,0,0,2,0,0,0,0,2,0,0,0,0,0,0,0,0,0,0,0,2,0,2,0,0,0,0,0,0,0,0,0,0,0,0,0,0,0,2,2,0,0,0,0,0,2,0,0,0,2,0,0,0,0,0,0,0,2,0,0,2,0,2,0,0,0,2,2,2,0,0,0,0,2,0,0,0,0,0,0,0,0,0,2,0,0,0,0,0,2,0,2,2,0,0,0,0,0,0,0,2,2,0,0,0,0,0,0,0,0,0,0,0,0,0,0,0,0,0,0,0,0,0,0,0,0,2,2,0,0,2,0,0,0,2,2,0,0,0,0,0,0,2,0,0,0,2,0,0,0,2,2,0,0,0,0,0,0,0,0,2,0,0,0,0,0,0,0,0,0,0,0,2,0,0,0,0,0,0,0,0,0,0,0,0,0,0,0,0,2,0,0,0,2,0,0,0,0,0,0,2,0,0,0,0,2,2,0,0,0,0,0,0,0,0,2,0,0,0,0,0,0,0,0,0,0,0,0,0,0,0,0,2,2,0,0,0,0,0,0,0,0,2,0,0,0,0,0,0,0,0,0,0,0,2,0,0,0,0,2,0,2,0,0,2,0,0,0,0,0,0,2,0,2,2,0,0,0,0,0,0,0,2,2,0,0,2,0,0,0,0,2,0,0,2,NA,0,0,0,0,0,0,2,2,0,0,2,0,2,0,0,2,0,0,0,0,0,0,0,0,0,0,0,0,0,0,2,2,0,2,0,0,0,0,0,0,0,0,0,2,2,0,0,0,0,0,2,0,2,0,2,0,2,0,0,0,0,2,0,0,0,0,0,0,2,2,0,0,0,0,0,0,0,0,0,2,2,2,0,0,0,0,2,0,2,0,0,0,0,2,0,0,0,2,0,0,0,0,0,0,0,0,0,0,2,0,0,0,0,0,0,0,0,0,2,0,2,2,0,0,0,2,0,0,0,NA,0,0,0,0,2,0,0,0,0,2,2,0,0,0,2,0,0,0,2,0,0,0,2,0,0,0,0,0,0,0,0,2,0,0,0,0,2,0,2,2,NA,0,0,2,2,0,NA,2,0,0,2,0,0,2,2,0,0,0,0,2,2,0,0,0,0,0,0,0,2,0,0,0,2,0,NA,2,0,0,0,0,0,0,2,0,0,0,0,0,0,0,0,2,0,0,2,0,0,2,0,0,0,0,0,0,0,0,2,0,0,0,0,0,2,2,0,0,2,0,0,0,0,0,0,0,0,0,0,0,0,2,0,0,0,0,0,0,0,0,2,0,0,0,0,0,0,0,0,2,2,0,0,0,0,2,2,0,0,0,0,0,0,2,0,0,0,0,2,2,0,0,0,0,0,0,0,0,0,2,0,0,0,2,0,0,0,0,0,0,0,2,0,0,0,0,0,0,0,0,0,0,2,0,0,0,2,0,0,0,0,0,0,0,0,0,0,0,2,2,0,0,0,0,0,NA,2,2,2,2,0,2,0,2,NA,0,0,0,0,0,2,2,2,0,2,0,0,0,0,0,0,2,0,0,0,0,2,0,2,2,0,2,0,0,0,0,0,2,2,0,0,2,0,0,2,0,0,0,0,0,0,0,0,0,0,0,0,0,2,0,0,0,2,0,0,0,0,0,0,0,0,0,0,0,0,2,0,2,2,0,0,0,0,0,0,0,2,2,0,0,0,0,0,0,0,2,0,0,0,2,2,0,0,2,0,2,0,0,2,0,0,0,0,2,0,0,0,0,0,0,0,2,0,2,0,2,2,0,0,2,0,0,0,0,2,0,0,0,0,0,2,0,0,2,0,0,2,0,0,0,0,2,0,0,0,0,0,0,0,2,0,0,0,0,0,0,2,2,0,2,0,2,0,0,0,0,0,2,2,2,2,2,0,0,0,0,0,0,2,0,0,0,0,0,0,0,2,0,0,0,2,2,0,2,0,2,0,0,NA,2,2,0,2,2,0,0,0,2,2,2,0,0,0,0,0,0,0,0,0,0,0,0,2,2,0,0,0,0,0,0,0,2,0,0,0,0,0,2,0,0,2,0,0,0,2,0,2,0,2,0,0,0,0,0,2,0,0,0,2,0,0,NA,0,2,2,2,2,2,0,2,0,2,0,0,2,2,2,2,0,2,0,2,0,0,0,0,0,2,0,0,0,0,0,0,2,0,0,0,2,0,0,0,0,0,0,0,0,0,2,0,0,0,0,0,0,0,0,0,NA,2,0,0,0,0,0,0,0,0,2,2,0,0,0,0,0,0,0,0,0,0,2,2,0,0,0,0,2,0,0,0,0,0,0,0,0,0,0,0,0,0,0,0,0,2,0,2,0,0,0,2,0,0,2,0,0,2,2,0,0,0,0,0,0,0,0,0,0,0,0,2,2,0,0,0,0,2,0,0,0,2,2,0,0,2,0,0,0,0,0,0,2,0,2,0,0,0,0,0,0,0,2,0,0,0,2,0,2,0,2,0,0,0,0,0,0,0,0,0,2,0,0,0,0,0,0,2,2,0,2,0,2,0,0,0,0,NA,0,0,0,2,0,0,2,2,0,0,0,2,0,2,0,0,0,0,2,2,2,0,0,0,2,0,0,2,2,0,2,0,2,0,0,0,2,0,0,0,0,0,2,2,0,2,0,2,0,0,2,0,2,0,0,0,0,2,0,0,0,2,0,0,0,2,0,0,0,2,0,0,2,0,2,0,0,0,0,0,0,2,0,2,0,2,0,0,0,2,0,0,0,0,0,0,0,2,0,0,2,0,2,2,2,0,2,2,2,0,0,0,0,0,0,2,2,0,0,0,0,0,0,2,0,2,2,0,0,0,0,0,0,0,0,0,0,2,2,2,0,0,0,2,0,2,0,0,0,2,2,0,0,0,0,0,2,0,0,0,0,0,2,0,2,0,0,0,0,0,0,0,0,2,2,2,0,0,0,0,0,0,0,0,0,0,0,0,2,0,0,0,0,2,0,2,0,NA,2,2,0,0,0,0,2,0,0,NA,0,0,0,0,2,0,2,0,0,0,2,0,0,0,0,2,2,0,2,0,0,0,0,0,0,0,0,0,0,2,0,0,0,0,0,0,2,0,0,0,0,0,0,0,2,0,0,0,0,0,0,0,0,0,0,0,0,0,0,2,0,0,0,0,0,2,0,0,2,0,2,0,0,0,0,0,0,0,0,0,2,2,0,0,0,0,0,0,0,0,2,0,0,2,0,0,0,2,2,0,0,0,0,2,0,0,0,2,0,0,0,2,0,2,0,2,0,0,0,0,0,0,2,2,0,0,0,0,0,0,0,0,0,2,0,0,0,0,0,0,0,2,2,0,0,0,2,0,2,0,2,0,0,0,2,0,0,0,0,0,0,2,2,0,0,0,NA,0,0,0,0,2,0,2,2,0,0,0,0,0,0,2,0,0,0,0,0,0,0,2,0,0,2,0,0,2,0,0,2,2,0,0,2,0,0,0,0,0,0,0,0,0,0,0,0,2,NA,0,0,0,0,0,2,0,0,0,0,0,0,0,2,0,0,0,0,0,0,0,0,2,0,2,0,0,0,0,0,0,0,0,0,0,0,0,0,0,0,0,0,0,2,0,0,0,0,2,2,0,0,0,0,0,0,0,0,0,0,0,2,0,0,0,0,0,0,2,0,0,2,0,0,0,2,2,0,0,0,0,0,0,0,0,0,0,0,0,0,0,0,2,2,0,0,0,0,0,0,0,0,0,0,0,0,2,2,0,0,0,0,2,0,0,0,0,0,0,0,0,2,0,2,2,0,0,0,0,0,0,0,0,0,0,0,0,2,2,0,0,2,0,0,0,0,2,0,0,0,2,0,0,0,2,2,0,0,0,0,2,0,0,0,2,0,2,0,0,0,0,0,0,2,0,0,0,2,0,0,0,0,0,2,0,0,0,0,2,0,0,2,0,0,2,0,0,0,2,0,0,0,2,0,2,0,2,2,0,2,0,0,0,0,0,0,0,0,0,0,0,0,0,0,0,2,2,0,0,0,0,0,2,0,0,0,0,0,0,0,0,2,2,0,0,0,0,0,0,0,0,0,2,0,0,2,2,0,0,2,2,0,0,0,0,0,0,0,0,0,0,0,NA,0,0,NA,2,0,0,0,0,2,0,0,0,0,0,2,0,0,0,0,0,0,0,0,2,0,0,0,0,2,2,0,0,0,0,0,2,0,2,2,0,2,0,0,2,0,0,0,2,0,2,0,2,2,2,0,2,0,0,0,2,0,0,0,0,0,0,0,2,0,0,2,0,0,0,2,0,0,2,0,0,0,0,0,0,0,0,0,2,0,2,2,0,0,0,0,0,0,0,2,0,0,0,0,0,2,0,2,2,2,0,0,2,0,0,2,2,0,0,0,0,0,0,2,0,2,0,0,0,0,0,0,0,0,0,0,2,0,0,0,0,2,0,2,2,2,0,0,2,0,NA,2,2,0,0,NA,2,0,0,0,0,0,0,0,0,0,0,0,2,0,0,0,0,0,0,2,0,0,0,0,0,0,0,0,0,0,0,2,0,2,2,0,0,2,2,0,2,2,0,0,2,0,0,0,0,0,0,2,0,2,0,0,2,0,2,0,0,0,0,2,0,2,2,0,0,0,0,2,0,2,0,0,0,0,0,0,0,2,2,0,0,0,0,0,2,0,2,0,0,0,0,0,2,0,0,0,0,0,0,2,0,0,0,0,0,0,0,2,0,2,0,0,2,0,0,2,0,0,2,2,0,0,0,2,0,NA,0,0,0,0,2,0,2,2,0,0,2,0,2,0,0,0,0,0,2,0,0,0,0,0,2,0,0,0,0,0,0,2,0,0,0,0,2,0,2,0,2,0,2,0,2,2,0,0,0,2,0,0,2,0,0,2,0,0,2,0,2,0,0,0,0,0,0,0,0,0,0,2,0,0,2,0,2,2,2,2,0,0,0,0,0,2,0,0,0,0,0,0,0,0,0,0,0,0,0,0,0,0,0,2,0,0,0,0,0,0,0,2,2,0,0,0,2,0,0,2,2,0,0,0,2,2,0,2,2,0,0,0,0,0,0,2,0,0,0,0,0,2,0,0,0,0,0,NA,0,2,0,2,2,0,2,2,0,0,0,0,0,0,0,2,0,0,0,0,0,2,2,0,0,2,0,0,0,0,0,0,2,0,0,2,0,0,0,0,0,0,0,2,0,2,2,2,0,0,0,2,2,0,2,0,2,2,0,0,0,0,0,0,0,0,2,2,0,0,2,0,0,0,0,0,2,0,2,0,0,0,0,2,0,0,0,0,2,0,2,0,0,0,0,2,0,0,2,0,0,0,0,0,2,0,0,0,0,0,0,0,0,0,0,0,2,0,0,0,0,0,2,2,2,0,2,0,0,0,0,0,0,0,0,0,2,0,0,0,0,2,2,0,2,2,2,0,0,0,2,2,0,0,0,0,2,0,0,2,0,0,2,0,0,0,0,0,0,0,2,0,2,2,2,2,0,2,0,2,0,2,2,2,0,0,0,0,0,0,2,0,0,0,0,0,0,0,0,0,0,0,0,0,0,0,0,0,0,0,0,0,0,2,2,0,0,0,0,0,0,2,0,0,0,0,0,0,0,0,0,0,0,0,0,2,0,0,0,0,0,0,0,2,0,0,0,0,2,2,0,0,0,2,0,0,2,0,0,0,2,2,0,0,0,0,0,0,0,0,0,0,2,0,0,0,2,0,0,0,0,0,2,0,0,2,0,0,0,0,0,2,NA,0,0,0,0,2,2,0,2,0,0,NA,0,0,0,0,0,0,2,0,0,0,0,0,0,0,0,0,0,0,2,0,0,0,0,0,0,0,0,0,2,2,0,0,0,0,0,0,0,0,0,0,0,0,0,0,0,0,0,0,0,0,0,0,0,0,0,2,0,0,0,0,2,2,0,0,0,0,0,2,0,2,0,2,0,0,0,0,0,0,0,0,0,2,0,0,0,0,0,2,0,0,0,0,0,2,0,2,0,0,0,2,2,0,0,0,0,0,0,0,0,2,0,0,0,0,0,0,2,0,0,0,0,0,0,0,0,0,2,0,0,0,0,0,0,0,0,0,0,0,0,0,0,0,0,0,2,2,0,2,0,0,0,0,0,0,0,0,0,0,0,0,0,0,0,0,0,0,2,2,2,0,0,0,2,0,0,2,0,0,0,0,0,0,0,0,0,0,0,2,0,0,2,2,0,0,0,2,0,0,0,0,0,0,2,0,0,0,0,0,0,2,0,2,2,0,0,2,0,0,0,0,0,0,0,0,0,0,0,0,0,0,0,0,0,0,0,0,0,0,0,0,0,0,0,0,0,0,0,0,0,0,0,0,0,0,0,0,0,0,0,0,0,0,2,0,0,0,0,0,0,0,0,0,0,0,0,2,2,0,2,0,0,0,0,0,0,0,0,0,0,0,0,0,0,2,2,0,2,0,0,0,0,0,0,2,0,0,0,2,0,0,0,2,0,0,2,2,0,0,0,0,0,0,0,0,0,0,0,0,0,0,0,0,0,0,0,2,0,0,0,NA,0,0,0,0,0,0,0,0,0,0,0,0,2,0,0,2,0,0,0,0,2,0,2,0,0,0,0,0,0,0,0,0,0,0,2,0,0,0,0,0,2,2,0,0,2,2,0,0,2,0,0,0,2,0,2,0,0,0,2,0,0,2,2,0,0,2,0,2,0,0,2,0,0,0,0,2,2,2,0,0,0,0,0,0,0,0,0,0,0,2,0,0,2,0,0,0,2,0,0,2,0,0,0,2,0,2,0,0,0,2,0,0,2,2,2,0,0,2,2,0,0,0,0,2,0,0,2,0,0,2,0,0,0,0,0,2,0,2,0,0,0,0,0,0,2,0,2,0,0,0,0,2,2,0,2,0,2,2,0,0,0,2,0,0,0,2,0,2,0,2,2,0,2,0,0,0,2,2,2,2,0,0,0,0,0,0,0,0,0,2,0,0,0,0,2,0,2,0,0,0,0,0,0,0,0,2,2,2,2,0,2,0,0,2,0,0,2,2,0,0,0,0,2,0,0,0,0,0,0,2,0,0,2,0,2,0,0,0,0,0,0,2,0,0,0,0,0,0,0,0,0,0,0,2,0,2,2,0,0,0,0,0,2,0,2,0,0,0,0,0,0,0,0,0,0,0,0,0,0,0,0,0,0,0,0,0,0,0,0,0,0,0,0,2,2,0,0,0,2,0,0,0,0,0,0,0,2,0,2,0,0,0,0,0,0,2,0,0,2,0,0,0,2,0,2,2,2,0,0,2,0,2,0,2,2,0,2,0,2,0,0,0,0,0,0,0,0,0,0,0,0,0,0,0,0,0,0,0,0,0,2,0,0,0,0,0,0,0,0,0,2,2,0,0,0,0,0,0,0,0,0,0,0,2,0,0,0,0,0,0,0,2,0,0,0,0,0,0,0,0,0,0,0,0,0,0,2,0,0,0,2,0,2,0,0,0,0,0,0,0,0,0,0,0,2,2,0,0,0,2,0,0,0,2,2,0,0,0,2,0,0,0,2,2,0,2,0,0,0,0,0,0,0,2,0,0,2,0,2,2,0,0,0,0,0,0,0,0,0,2,0,2,2,2,0,2,0,0,0,0,2,0,0,0,0,0,0,2,0,2,2,2,2,0,0,2,0,0,0,2,0,0,0,0,2,0,0,0,0,0,0,0,0,0,0,0,0,2,0,0,0,2,0,0,0,0,0,2,0,0,0,0,0,2,0,0,0,0,0,0,0,2,0,2,0,2,0,0,2,2,0,2,0,2,0,0,0,0,0,2,2,0,0,0,2,2,0,0,0,0,0,2,0,0,0,0,2,0,0,0,0,0,0,0,2,2,0,0,0,0,2,0,0,0,0,0,0,0,0,0,2,0,0,0,0,0,0,0,2,0,0,0,0,0,0,0,0,0,0,0,0,2,2,0,0,0,0,0,0,0,0,0,0,2,0,2,2,0,0,2,0,0,0,0,2,2,2,2,2,0,0,0,0,0,2,0,0,0,0,0,2,2,0,0,0,0,2,NA,2,0,0,0,0,0,2,0,0,0,0,2,2,2,0,0,0,0,0,2,0,0,0,0,0,2,0,0,2,2,0,0,2,2,0,0,0,0,0,0,0,0,0,0,0,2,0,0,0,0,0,0,2,2,0,0,0,2,0,0,0,0,0,0,0,0,2,0,0,0,0,0,0,0,2,NA,0,2,0,0,0,0,2,NA,2,2,0,2,0,0,0,0,0,2,2,0,0,0,0,2,2,0,0,2,0,2,0,0,0,2,2,2,0,0,0,0,0,0,0,0,0,0,0,0,0,0,0,0,2,0,2,0,2,0,0,2,0,0,0,2,0,0,0,0,0,0,0,0,0,2,0,2,2,0,0,2,0,0,2,0,0,0,0,0,0,0,0,0,0,0,0,2,0,2,0,0,0,0,0,0,2,0,2,0,0,2,0,0,2,0,0,0,0,0,0,0,0,0,0,0,0,0,0,2,0,2,2,0,0,2,0,0,0,0,0,0,0,0,0,0,2,0,0,0,0,0,0,2,0,0,2,0,0,0,0,0,0,0,0,0,0,0,0,0,0,0,0,0,0,0,0,0,NA,0,0,0,0,2,2,2,0,0,0,0,0,0,2,0,0,0,0,0,2,0,2,0,2,0,2,0,2,2,0,2,0,2,0,0,0,0,2,0,0,0,0,2,0,0,0,0,0,0,0,0,0,0,0,0,0,0,0,2,2,0,2,0,0,0,0,0,0,0,0,0,2,0,0,0,0,0,0,0,0,0,2,0,0,0,2,2,0,2,0,0,2,2,2,0,0,0,0,0,2,0,0,0,2,0,0,0,0,0,0,0,0,NA,0,2,0,0,0,0,2,0,0,0,0,2,2,2,2,0,0,2,0,0,0,2,NA,2,2,0,2,0,2,0,0,2,2,2,2,0,0,0,0,2,2,0,2,0,0,0,0,0,0,0,0,0,2,2,0,0,0,2,0,0,0,0,0,0,0,0,2,2,0,0,0,0,0,2,0,0,2,2,0,0,0,0,0,0,0,0,0,2,0,0,0,0,2,0,0,0,0,0,0,0,0,0,0,2,0,0,0,0,0,0,0,0,0,0,0,0,2,0,0,0,0,0,0,0,0,0,2,0,0,0,0,2,2,0,0,0,0,2,0,0,2,0,0,0,0,0,2,0,0,2,0,0,0,2,2,0,0,0,2,2,0,0,0,0,2,0,2,2,2,0,2,0,0,0,2,2,2,0,2,2,2,0,0,0,0,0,0,2,NA,0,0,0,0,0,0,2,0,2,0,0,2,0,2,0,0,2,2,2,0,2,0,0,0,2,2,2,2,2,0,0,0,2,0,0,0,0,2,2,0,2,0,NA,2,0,0,2,0,0,0,2,0,0,0,2,0,0,0,2,0,0,2,2,0,2,0,0,0,2,0,0,2,2,2,2,0,2,0,0,0,0,0,2,0,2,2,0,0,0,0,0,0,0,0,0,0,0,0,0,0,0,0,0,0,0,2,0,0,2,0,2,0,0,2,2,0,0,0,0,0,0,0,0,0,0,0,0,2,0,2,2,0,0,2,NA,0,0,0,0,0,0,0,0,0,0,0,0,2,2,0,0,0,0,0,0,0,NA,0,2,0,0,0,0,0,2,2,0,0,0,2,0,2,0,2,NA,0,0,NA,0,2,0,0,0,2,0,0,0,0,0,0,2,0,0,0,0,0,2,2,0,0,0,0,0,2,0,0,0,0,0,0,2,0,0,0,0,0,2,0,0,2,0,0,0,0,0,0,2,0,2,0,0,2,0,0,0,0,0,0,0,0,0,0,0,2,0,0,0,0,0,0,2,0,0,0,0,0,0,0,2,2,0,0,2,0,0,0,0,0,0,2,0,2,0,0,0,0,0,0,0,2,2,2,2,0,0,0,0,0,0,0,0,0,0
"CC25",2,0,0,0,2,0,0,0,0,0,0,0,0,0,0,0,0,0,0,0,0,0,0,0,0,0,0,0,0,0,2,0,0,0,0,0,0,0,0,2,0,0,0,0,0,0,0,2,2,0,0,0,0,0,0,0,2,0,0,0,0,2,0,0,2,2,2,0,0,0,0,0,0,0,0,0,0,2,0,0,2,0,0,0,0,2,0,0,0,0,2,0,0,0,0,0,0,0,0,0,0,0,0,0,0,0,0,0,0,0,0,0,2,0,0,0,0,0,0,0,0,0,0,0,0,0,2,2,0,0,2,0,0,0,2,0,0,0,0,2,0,0,2,2,2,0,0,0,0,2,2,0,0,0,0,2,0,0,0,0,0,0,0,0,0,0,0,2,2,2,0,0,0,0,0,0,0,0,2,2,0,0,0,0,0,0,2,0,0,0,0,2,0,0,0,0,0,2,0,0,2,0,2,2,0,0,0,0,0,0,0,0,0,0,2,2,2,0,0,0,0,0,0,0,0,2,0,0,0,0,0,0,0,2,0,0,0,2,0,0,0,0,0,0,0,2,2,0,NA,0,0,0,0,0,0,0,0,0,0,0,2,0,0,0,0,0,2,0,0,0,0,0,0,0,0,0,2,2,2,0,2,0,0,0,0,0,0,0,0,0,0,2,2,0,0,0,0,0,0,0,2,0,0,0,0,0,0,2,0,0,0,0,0,0,0,0,0,0,0,0,0,0,2,0,0,0,0,0,0,0,0,2,0,0,0,0,0,2,0,0,0,0,0,2,0,0,0,0,0,0,0,0,0,0,0,0,0,2,0,0,0,2,0,2,0,0,0,0,0,0,0,0,2,0,2,2,0,0,0,2,0,2,0,0,0,0,0,0,2,0,0,0,0,2,0,2,2,2,2,0,0,0,2,0,0,0,0,0,0,0,0,0,0,2,2,2,2,0,0,2,0,2,0,0,2,0,2,2,2,0,0,0,0,0,0,0,0,0,2,0,0,0,0,0,0,0,0,2,0,0,0,0,0,0,0,0,0,0,0,2,2,0,0,0,0,0,0,0,2,0,0,0,0,0,2,0,2,0,0,0,0,0,0,0,0,0,2,2,0,0,2,2,0,0,2,2,0,0,0,0,0,0,0,0,0,0,0,2,2,2,0,2,0,0,0,0,2,0,0,2,0,0,0,0,2,2,0,2,2,0,0,2,0,0,0,0,0,2,2,2,0,0,2,0,0,0,0,0,2,2,0,2,2,2,0,0,0,0,0,0,2,0,0,0,0,0,0,0,0,2,2,NA,0,0,0,0,0,2,0,0,2,2,0,0,0,2,0,0,0,0,0,0,2,0,0,0,2,0,0,0,0,0,2,0,0,0,0,0,2,0,0,0,0,0,2,2,2,0,0,0,2,0,0,0,0,0,0,0,0,0,0,0,0,2,2,0,0,0,0,0,0,0,2,2,0,0,0,0,0,2,0,0,0,0,0,0,0,0,0,0,2,0,0,0,0,0,0,0,0,0,0,0,0,2,0,0,NA,0,0,0,2,0,0,2,2,2,0,0,0,0,2,0,0,0,0,0,0,0,0,0,0,0,0,0,0,0,0,0,0,0,2,0,2,0,0,0,0,0,0,0,0,0,0,0,0,2,0,0,0,0,0,0,2,0,0,0,0,0,0,0,2,0,0,0,0,0,0,0,0,2,0,0,0,0,0,2,0,0,0,0,0,0,0,2,0,0,0,0,0,0,0,0,0,0,2,0,0,2,0,0,0,0,0,2,0,0,0,0,0,0,0,0,0,2,2,0,0,0,0,0,0,0,0,0,0,0,0,2,0,0,2,0,0,0,0,0,0,0,0,0,0,2,2,0,0,0,2,0,0,0,2,0,0,0,0,0,0,0,0,0,2,2,0,0,0,0,2,0,0,0,0,2,2,0,2,0,0,0,0,0,2,0,0,0,2,0,0,2,0,0,0,0,0,2,0,0,0,0,0,0,0,0,2,2,0,0,0,0,0,0,0,0,0,0,0,0,2,0,0,0,0,0,0,0,0,0,0,2,0,0,0,2,0,2,0,0,0,0,0,2,2,2,2,2,0,2,0,0,0,0,0,0,0,0,2,0,0,0,0,2,0,0,0,2,0,0,0,0,0,2,2,0,2,2,0,0,2,0,0,0,0,0,0,0,2,0,0,0,0,2,0,0,0,0,0,0,0,0,0,0,0,0,0,0,2,0,0,0,2,0,0,0,0,0,0,0,0,0,0,0,0,0,0,0,0,0,2,0,2,0,0,0,0,0,0,2,0,0,0,0,0,2,0,0,0,0,0,0,0,2,2,0,0,0,0,0,0,0,2,0,0,0,0,0,0,2,0,2,0,0,2,0,0,0,0,0,0,0,0,0,0,0,0,0,0,0,0,0,0,0,0,0,0,0,0,0,2,2,0,0,2,0,0,0,0,0,2,0,0,0,0,0,0,2,2,0,0,0,0,0,0,0,0,0,0,0,0,2,2,0,0,0,0,0,0,0,0,0,0,2,2,0,0,2,0,0,0,0,0,2,0,0,0,0,0,0,0,2,2,2,0,0,0,2,0,0,0,2,0,0,0,0,2,0,0,0,0,0,0,0,0,0,0,0,2,2,0,0,0,2,2,2,0,0,0,2,0,2,0,0,0,2,0,0,0,0,0,0,0,0,0,0,0,0,0,2,0,0,0,0,0,2,0,0,0,0,0,0,0,2,0,0,0,0,0,0,0,0,0,0,0,2,2,0,0,0,0,0,0,0,0,0,0,0,0,0,2,0,0,0,0,2,0,0,0,0,2,2,2,2,2,0,0,0,0,0,2,0,0,0,0,0,0,0,2,0,2,2,0,0,0,0,0,2,0,0,0,0,2,0,2,2,0,0,2,0,0,0,0,0,0,0,2,0,2,0,0,0,2,0,0,0,2,0,0,0,0,0,0,0,2,0,0,0,0,0,0,2,2,0,0,2,2,0,0,2,0,2,0,0,0,2,0,0,0,0,0,0,0,2,0,2,2,2,2,0,0,2,NA,0,0,0,2,0,0,0,0,0,0,0,0,0,2,0,0,0,2,0,0,2,2,2,0,2,2,0,0,0,0,0,0,2,0,0,2,0,0,0,0,2,0,0,0,2,0,0,2,0,0,0,2,0,0,2,0,0,0,0,2,2,0,0,0,2,0,0,0,0,0,0,0,0,0,0,0,0,0,0,0,2,2,0,2,0,0,0,0,0,0,0,0,0,0,0,0,0,2,0,0,0,0,0,0,0,0,0,0,0,0,2,0,0,0,0,0,0,0,0,0,0,0,0,0,0,0,0,0,2,0,2,0,0,0,0,0,0,0,2,0,0,2,0,0,0,0,0,0,0,0,2,2,0,0,0,0,0,0,0,0,0,0,0,0,0,0,0,0,0,0,0,0,0,2,0,0,2,0,0,0,0,0,0,0,0,0,0,2,2,0,0,0,0,0,0,0,2,0,2,2,0,0,0,0,0,0,0,0,0,0,0,0,0,0,0,2,0,0,0,0,0,0,0,0,0,0,0,0,0,0,0,0,0,0,0,2,0,0,0,2,0,2,0,0,0,0,0,2,0,0,0,2,0,0,0,0,0,2,0,0,0,0,0,0,0,0,0,0,0,0,0,0,2,0,0,0,0,0,0,2,0,0,2,0,0,0,0,0,2,0,0,0,2,0,0,0,0,0,0,0,0,0,0,2,0,0,0,0,0,0,0,0,2,0,0,2,0,0,2,0,0,0,0,0,0,0,0,0,0,2,0,2,0,0,0,0,2,0,0,2,2,0,0,0,0,0,0,0,0,0,0,0,0,0,0,0,2,0,0,0,0,2,0,0,0,2,0,2,0,0,2,0,0,0,0,0,0,0,0,0,0,0,0,0,0,0,2,0,2,0,0,2,0,0,0,0,0,0,0,0,0,0,0,0,0,0,2,0,0,0,0,0,0,0,0,0,0,0,0,0,0,0,0,0,0,0,0,0,2,0,0,0,0,0,0,0,0,0,0,2,0,0,0,0,0,0,0,2,0,0,0,0,0,2,2,0,2,0,0,0,0,0,0,2,0,0,2,0,0,2,2,0,0,0,0,0,0,0,0,0,0,0,2,0,0,0,0,0,2,0,0,0,0,2,2,0,0,0,0,0,0,0,0,0,2,0,0,0,0,0,0,0,0,0,0,0,0,0,0,0,0,0,0,0,0,0,0,0,0,0,0,0,0,2,0,2,0,0,0,0,0,0,0,0,0,2,0,0,0,0,0,2,0,0,0,0,0,0,0,0,2,2,0,2,0,0,0,0,2,2,0,0,0,2,0,0,0,2,0,0,0,0,0,2,0,0,0,0,0,0,0,0,0,0,0,0,0,0,0,0,0,0,2,0,0,0,0,0,2,0,0,0,0,0,0,2,0,0,2,0,0,0,0,0,0,0,0,0,2,0,0,2,2,0,2,2,0,0,0,0,0,0,2,0,0,0,0,0,0,2,0,0,0,0,0,0,0,0,0,0,0,0,0,2,0,0,2,0,0,0,0,0,0,0,0,2,0,0,0,0,0,0,2,0,0,0,0,0,0,0,0,0,2,0,0,0,0,2,2,0,0,0,0,0,0,0,0,0,0,0,0,0,2,2,0,0,0,0,2,0,0,2,0,0,0,2,0,2,0,0,0,0,0,2,2,0,2,0,2,0,0,0,0,0,0,0,0,0,0,0,0,0,0,0,0,2,0,2,0,0,0,0,0,0,0,2,0,2,0,NA,0,0,0,0,2,0,0,0,0,0,0,0,0,0,2,0,0,0,0,0,0,0,0,0,0,0,0,2,0,0,0,0,0,0,0,0,0,0,0,0,0,0,0,0,0,0,2,0,0,0,0,0,2,0,2,2,2,0,0,0,0,0,0,2,0,0,0,0,0,0,2,0,0,2,0,0,0,0,0,2,0,0,0,2,0,0,0,2,0,0,2,0,0,2,0,0,0,0,0,0,0,0,0,0,2,0,2,0,0,2,0,0,0,0,0,0,0,0,0,0,0,2,2,2,0,2,0,0,0,0,0,0,0,0,0,0,2,0,0,0,0,0,0,0,0,0,0,2,0,0,0,0,2,0,0,2,0,0,0,0,0,2,0,0,0,0,0,0,0,0,0,0,0,0,0,0,2,0,0,0,0,2,0,0,0,2,0,0,0,0,2,0,0,0,2,0,0,0,0,0,2,0,0,0,0,0,0,0,0,0,0,0,0,0,0,0,0,0,0,0,0,0,0,0,0,0,0,2,2,0,0,0,0,0,0,0,0,0,2,0,0,0,0,0,0,0,2,0,0,0,0,2,0,0,0,0,0,0,0,0,2,0,0,0,2,0,2,0,0,0,2,0,0,0,0,0,0,0,2,0,0,2,2,0,0,0,NA,0,0,0,0,0,0,0,0,0,0,0,0,0,0,0,0,0,2,0,0,0,0,0,0,0,0,0,0,0,0,0,2,0,0,2,0,0,0,0,0,0,0,2,2,0,0,0,0,2,0,0,0,2,0,0,0,0,0,0,0,0,0,0,0,0,0,0,0,0,0,2,0,0,0,0,2,2,0,0,0,2,2,2,0,0,2,2,0,0,0,0,0,2,0,2,0,0,0,0,2,0,0,0,2,2,0,0,0,0,0,0,0,0,2,0,0,0,0,2,0,0,0,0,0,0,0,0,2,0,0,0,0,0,2,0,0,0,0,2,0,0,0,0,0,0,0,0,0,0,0,2,2,0,0,0,0,2,0,0,0,0,0,0,0,0,0,0,0,0,0,0,2,2,2,0,2,0,0,0,0,2,0,0,NA,0,0,0,0,0,0,0,0,0,0,0,0,0,0,0,2,2,0,2,0,2,2,0,0,2,0,0,0,2,0,2,2,0,0,0,2,0,0,0,0,0,0,0,0,2,2,0,0,0,0,0,0,0,0,0,0,0,2,0,0,0,2,2,0,2,0,0,0,0,0,0,2,0,2,2,0,2,0,0,0,2,0,0,2,0,0,0,0,0,0,0,0,0,0,0,0,0,2,0,2,0,0,0,0,2,2,0,2,0,0,0,0,0,0,0,0,0,0,0,0,0,2,0,0,0,0,0,0,0,0,0,0,0,0,0,2,0,0,0,0,0,0,0,0,2,2,2,0,2,0,0,0,0,2,0,0,0,2,0,0,0,0,0,0,0,2,0,0,0,0,0,0,0,0,0,0,0,0,0,0,0,2,2,0,0,0,2,2,0,0,0,0,2,0,2,0,0,0,0,2,0,2,0,0,0,0,0,2,0,0,0,0,0,0,0,0,0,0,0,0,2,0,0,0,0,0,0,0,2,0,0,0,0,0,0,2,0,0,0,0,0,0,0,2,0,2,0,2,2,0,0,0,0,0,0,2,0,0,0,0,0,0,0,2,0,0,0,0,0,0,2,0,2,0,0,0,0,0,0,0,0,2,0,0,2,0,0,0,0,0,2,2,0,0,0,0,2,0,0,2,0,0,2,0,2,0,0,0,2,2,2,2,0,2,0,0,0,0,0,0,2,0,2,0,0,0,0,0,0,0,0,0,0,0,0,0,2,0,0,0,0,0,0,0,2,0,2,0,2,0,0,0,0,0,0,2,0,0,0,0,2,2,0,2,0,0,0,0,0,2,0,0,0,0,0,0,0,0,0,2,0,0,0,0,0,0,0,0,0,0,0,0,0,0,0,0,0,2,0,0,0,2,0,0,2,0,0,0,0,0,0,2,0,0,0,0,0,0,0,0,0,0,0,0,0,0,0,0,2,0,0,0,0,0,0,2,0,0,0,0,0,0,0,0,0,0,0,0,0,0,0,0,0,0,0,2,2,0,0,0,0,2,2,2,0,0,0,0,0,2,0,2,2,2,0,0,2,0,0,0,0,0,0,0,2,2,0,0,0,2,0,0,0,0,0,0,0,0,0,0,0,0,2,0,0,0,2,0,0,0,0,0,2,0,0,0,0,0,0,0,0,0,0,0,0,0,0,2,0,2,0,0,0,0,0,0,2,0,0,2,0,2,0,0,2,2,0,0,0,0,0,0,0,0,0,0,0,2,2,2,2,0,2,0,0,0,0,0,0,0,0,0,0,0,0,0,0,0,0,0,2,0,0,0,0,2,0,0,0,0,0,2,0,0,0,0,0,0,2,2,2,0,0,0,0,2,0,0,2,2,0,2,0,0,0,0,0,0,0,0,0,2,0,0,0,0,0,0,0,2,2,0,0,0,0,0,0,0,0,0,0,0,0,0,0,0,0,0,0,0,0,0,0,0,0,0,0,0,0,0,0,0,0,0,0,0,0,0,0,0,0,0,0,2,2,0,0,0,0,0,0,0,0,0,0,0,0,0,0,0,2,0,0,0,2,0,0,0,0,0,0,0,0,0,0,0,0,0,0,0,0,0,0,2,2,0,0,0,0,0,0,2,0,2,0,2,0,0,0,0,0,0,0,0,0,0,0,0,0,0,2,0,2,2,0,0,0,2,0,0,2,2,0,0,0,0,2,0,0,2,2,0,2,2,2,2,0,0,0,0,0,0,0,0,0,0,0,0,2,0,0,0,0,0,0,2,0,2,2,0,0,0,0,2,0,0,0,2,0,0,2,2,0,0,0,0,0,0,0,0,0,0,2,0,0,2,2,0,0,0,0,2,0,0,0,2,0,0,2,0,0,0,0,0,0,0,0,0,NA,2,2,2,0,0,0,2,0,0,2,0,0,0,0,2,0,2,0,2,0,0,0,2,0,0,0,2,2,0,0,0,2,0,0,0,0,0,0,0,0,0,0,0,0,0,0,0,2,0,2,0,2,0,2,0,0,0,0,2,2,2,0,0,0,0,2,0,0,0,0,0,0,0,0,0,0,0,0,2,0,2,2,2,0,0,0,0,0,0,0,0,0,0,0,2,0,0,0,0,2,0,0,0,0,0,0,2,2,2,0,2,2,0,0,0,0,2,2,0,0,2,2,2,2,2,0,2,2,0,2,0,0,2,2,0,2,0,0,0,0,0,2,2,0,2,2,0,0,0,0,0,0,2,2,0,2,0,2,0,2,0,0,0,2,0,2,0,2,0,0,0,0,0,2,2,2,2,0,2,0,0,2,0,2,0,2,0,2,0,0,2,0,0,0,0,0,0,2,0,0,0,0,0,0,0,0,0,0,2,0,0,0,0,2,2,2,0,0,2,0,2,0,0,0,2,2,0,2,2,0,0,0,2,0,0,0,0,0,0,2,0,0,0,0,0,0,0,0,0,0,0,0,0,0,0,0,0,0,0,0,0,0,0,0,0,0,0,0,0,0,0,0,0,0,0,0,0,0,2,0,0,0,0,0,0,0,0,0,0,0,2,0,0,0,0,0,0,0,0,0,0,0,0,0,2,2,0,2,0,2,0,0,0,0,0,0,0,0,0,0,0,0,0,0,0,0,0,0,0,0,0,0,0,0,0,2,0,0,0,0,0,0,0,0,0,2,0,0,0,0,2,0,0,0,2,0,0,0,0,0,0,2,0,0,0,2,0,0,0,0,0,0,0,0,0,0,0,0,2,0,0,0,0,2,0,0,0,0,0,0,0,0,0,0,0,2,2,0,0,0,0,0,2,2,2,2,0,2,0,0,0,0,2,0,2,2,0,2,2,0,0,0,0,2,0,0,0,0,0,0,0,0,0,0,0,0,0,2,0,0,0,0,0,0,0,2,0,0,0,0,0,0,0,0,0,0,2,0,0,0,0,0,0,2,0,0,0,0,0,0,0,0,2,0,0,0,0,0,0,0,0,0,2,0,0,2,0,0,0,0,0,2,0,2,2,0,2,0,2,2,2,0,0,0,0,0,0,0,0,0,0,0,0,0,0,0,0,2,0,0,0,0,0,0,0,0,0,0,0,0,0,0,0,0,0,0,0,0,0,0,0,0,0,0,0,0,0,0,0,2,0,0,0,0,2,0,0,0,0,0,0,0,0,0,0,2,0,0,0,0,0,0,2,0,0,0,0,0,0,0,0,2,0,2,2,0,2,0,0,0,0,0,2,0,0,0,0,0,2,0,0,0,0,0,0,2,0,0,0,0,0,0,0,0,0,0,0,0,0,0,2,2,0,0,0,2,0,0,0,2,0,2,0,0,0,0,2,0,0,0,0,0,0,0,0,0,0,0,0,0,0,2,0,0,0,0,0,0,0,0,0,0,2,0,2,2,0,2,0,0,0,0,0,0,0,2,0,0,2,2,2,0,0,0,0,0,2,0,0,0,0,2,0,0,0,0,0,2,0,2,0,0,0,0,0,0,0,0,2,0,0,0,0,0,0,0,0,0,0,0,2,0,0,0,0,0,0,0,0,0,0,0,0,0,2,0,0,0,0,0,2,0,0,0,0,2,0,0,0,0,0,0,0,0,0,0,0,2,2,0,NA,0,0,0,0,2,0,2,2,0,0,0,0,0,0,0,0,0,0,2,0,0,0,0,0,2,0,2,0,2,0,0,0,2,0,0,0,0,0,0,0,0,2,2,2,0,2,0,0,0,0,0,0,0,0,0,0,0,0,2,0,0,0,0,0,2,0,0,0,0,0,2,0,0,0,0,0,2,2,0,2,0,0,0,0,2,0,0,0,0,0,0,0,0,0,2,0,0,0,0,0,0,0,0,0,NA,0,0,2,0,0,2,0,0,0,2,0,0,0,0,0,0,2,0,0,2,0,2,0,0,0,0,0,0,0,0,0,0,0,0,0,2,2,0,2,0,0,2,0,2,0,0,0,0,0,0,0,2,2,0,0,0,2,2,0,2,2,2,2,0,0,0,2,2,0,0,0,0,2,0,0,2,2,0,0,2,0,0,0,2,0,0,0,0,0,0,0,0,0,0,0,2,0,0,2,0,2,2,0,0,0,2,0,0,0,0,0,0,0,0,0,0,0,2,0,0,0,0,0,0,0,0,2,2,0,2,0,0,0,0,0,0,2,0,2,0,0,2,0,0,0,0,0,0,0,2,0,0,2,0,0,0,0,0,0,2,0,0,0,0,0,2,0,2,0,0,2,0,0,0,0,2,0,0,2,0,0,0,0,0,0,0,2,2,0,0,0,0,0,0,0,0,0,0,0,0,0,0,2,0,0,0,2,0,0,0,0,0,0,0,0,2,0,2,0,0,0,0,0,0,0,0,0,0,2,2,0,0,0,0,0,0,0,0,0,0,0,0,2,2,0,2,0,0,0,2,2,2,0,0,0,0,2,0,0,2,0,0,2,2,0,0,0,2,0,0,0,0,0,0,0,0,0,0,0,0,0,0,2,0,2,0,0,0,0,2,2,2,2,0,0,0,0,0,0,0,0,2,0,2,0,2,2,0,0,0,2,0,2,0,0,0,0,0,0,0,0,0,0,2,0,0,0,2,0,0,0,0,0,0,2,0,0,0,0,0,0,0,0,0,NA,0,2,0,0,0,0,0,2,0,0,0,0,0,0,0,0,0,0,2,2,0,0,0,0,0,2,0,0,0,0,2,2,0,0,0,2,0,0,0,0,0,0,0,2,2,0,0,0,0,0,0,0,0,0,0,0,0,0,2,0,2,0,0,0,0,0,0,0,2,0,2,0,0,0,0,0,0,2,0,0,2,2,2,2,0,0,0,0,2,0,2,0,0,0,0,0,0,0,0,0,2,0,0,0,0,0,0,0,0,0,0,2,0,0,2,0,0,0,0,0,0,0,0,0,0,0,0,0,0,2,0,2,0,0,0,0,0,0,0,0,0,0,0,0,0,2,0,0,0,0,0,0,0,2,0,0,0,0,0,2,0,0,2,0,2,2,0,0,0,0,0,0,0,0,0,0,0,0,0,0,0,0,0,0,0,0,0,0,0,0,0,0,0,0,0,2,0,0,0,0,2,0,2,0,0,0,0,2,0,0,0,0,0,0,0,0,0,0,0,2,0,0,0,0,0,0,0,0,0,0,0,0,0,2,0,0,0,0,0,0,0,2,0,0,0,2,0,0,0,0,2,0,0,0,0,0,2,0,0,0,0,0,0,2,0,0,0,0,0,0,2,0,0,0,0,0,0,2,0,0,0,0,2,0,0,0,0,0,0,0,0,0,0,0,0,0,0,0,0,0,0,2,0,0,0,0,0,2,0,2,2,0,0,0,0,NA,2,0,2,0,0,0,0,2,0,0,2,0,2,2,0,2,2,2,0,2,2,0,0,0,0,0,0,2,0,0,0,0,2,0,0,2,2,2,0,0,0,2,0,2,0,0,0,0,0,0,0,0,2,0,0,0,0,0,0,0,0,2,2,0,2,2,2,0,2,2,0,0,2,0,0,0,0,0,0,0,0,0,0,0,2,2,0,2,0,0,0,2,0,0,0,0,0,0,0,0,0,0,2,0,0,2,2,0,0,2,0,0,2,2,0,0,0,0,2,2,0,0,2,0,0,0,0,0,2,0,0,0,0,2,2,0,2,0,0,2,2,0,0,0,0,0,0,0,2,2,2,2,0,0,0,0,0,0,0,0,0,0,0,0,NA,0,0,0,0,2,0,0,0,0,0,0,0,0,0,0,0,0,0,2,0,0,0,2,0,0,0,0,0,0,2,0,0,0,0,0,0,0,0,0,0,2,2,0,2,0,0,0,0,0,0,0,0,0,0,0,0,2,0,0,0,0,0,0,0,0,2,0,0,0,0,0,0,0,0
"CC250",0,0,0,2,0,0,0,0,0,0,0,0,0,2,2,0,0,0,0,0,2,2,0,2,0,0,0,0,0,0,0,2,2,0,0,2,2,0,0,0,0,2,0,2,2,0,2,2,2,0,2,2,2,2,2,NA,2,0,0,0,0,0,2,2,0,2,0,0,0,0,2,0,0,2,0,0,0,0,2,2,0,2,0,0,0,0,2,0,0,0,0,0,0,0,0,0,0,0,0,0,2,2,0,0,0,2,2,0,0,0,0,0,0,0,2,0,0,0,0,0,0,0,0,2,0,0,2,0,2,0,0,0,0,0,0,0,0,0,0,0,0,0,0,0,0,0,2,0,0,0,2,0,0,0,0,0,0,0,0,0,0,0,0,2,2,0,2,0,0,0,0,2,0,0,0,0,2,0,0,0,0,0,0,0,0,0,0,0,0,0,0,0,0,0,0,0,0,0,0,0,0,0,0,0,0,0,0,0,0,0,0,0,0,2,0,0,0,0,0,0,2,0,0,0,0,0,0,2,0,0,0,0,0,0,0,0,0,2,0,0,2,0,0,0,0,0,0,0,2,0,0,0,0,2,0,0,0,2,0,0,0,2,0,2,2,0,2,0,0,0,0,0,0,2,0,0,0,0,0,0,2,0,0,0,0,0,0,0,0,0,0,2,2,0,0,0,0,0,0,0,0,2,0,0,0,0,0,2,0,2,0,0,0,0,0,2,0,0,0,0,2,0,0,0,0,0,2,0,0,0,0,2,0,0,0,0,0,0,2,0,0,0,0,0,0,0,0,0,0,0,NA,0,0,0,0,0,0,0,0,0,0,0,0,0,0,0,0,0,0,0,2,0,2,0,2,2,0,0,0,2,0,0,0,0,0,0,2,2,0,0,0,0,2,0,0,0,0,0,0,0,0,0,0,0,0,0,0,0,0,2,0,0,0,0,2,0,0,2,0,2,0,0,0,0,0,0,0,2,0,2,2,0,2,0,2,2,2,0,0,0,2,0,2,2,0,0,0,2,0,0,0,0,0,2,0,0,0,0,0,2,2,0,0,0,0,0,0,0,0,2,2,0,0,2,0,0,0,2,0,0,0,0,0,0,0,2,0,2,2,0,0,2,0,2,0,0,0,0,0,2,0,0,0,0,0,0,0,0,2,2,0,2,0,2,0,2,0,0,0,2,2,0,0,0,0,0,0,0,0,0,0,0,0,0,0,2,0,0,0,0,0,0,0,2,0,0,0,0,0,0,2,2,0,0,0,0,0,0,0,0,0,0,0,2,0,0,0,0,0,0,0,2,0,0,0,0,2,0,0,0,0,2,0,0,0,2,0,0,0,0,0,NA,0,0,0,0,0,2,2,0,0,0,0,2,0,0,0,0,0,0,0,0,0,0,2,0,0,0,0,0,0,0,0,0,0,0,0,0,0,0,0,0,0,0,2,0,0,0,0,2,0,0,0,2,0,0,0,0,0,0,2,0,0,2,2,0,2,0,0,0,2,0,0,0,0,0,0,0,2,0,0,0,2,0,0,0,0,0,0,0,0,0,0,0,0,2,0,0,0,0,0,0,0,0,0,0,2,0,0,0,0,2,0,0,0,0,0,0,0,0,0,2,2,0,0,0,2,2,0,0,0,0,0,0,0,0,0,2,0,NA,0,0,0,0,0,0,0,0,0,0,0,0,2,0,0,0,0,0,2,0,0,0,0,0,0,0,0,0,2,0,0,0,0,0,0,0,0,0,0,0,0,0,0,0,0,2,2,0,0,0,0,0,2,0,0,0,2,0,0,2,0,0,0,2,0,2,0,0,0,0,0,0,0,2,0,2,0,0,2,0,0,0,0,0,2,0,2,0,2,0,0,0,0,0,0,2,0,0,0,0,0,0,2,0,2,0,0,0,0,0,2,0,0,2,0,0,0,2,0,0,0,2,0,0,0,0,0,0,0,2,2,2,2,0,2,2,0,2,0,0,2,0,0,0,0,0,0,0,0,0,0,2,0,0,2,0,2,0,0,2,0,0,0,0,2,0,2,0,0,0,0,0,0,0,2,0,0,2,0,0,0,0,0,0,0,0,0,0,0,2,2,0,0,0,0,0,0,0,0,0,0,0,0,0,0,0,0,0,0,0,0,NA,2,0,0,0,0,0,0,0,2,0,2,0,0,0,0,0,0,0,0,2,0,0,0,0,0,2,2,0,0,0,0,0,0,0,2,0,NA,2,0,0,0,0,0,2,0,0,0,0,0,0,0,0,0,0,0,2,0,0,0,2,0,0,0,0,0,0,0,0,0,0,0,0,0,0,0,2,0,2,0,0,2,0,0,0,0,0,0,0,0,0,2,0,0,2,0,0,2,0,0,0,0,0,0,2,0,2,0,0,0,0,0,0,0,0,0,2,0,0,0,0,0,2,0,0,0,0,0,0,2,0,2,0,0,2,0,0,0,0,0,0,2,0,0,0,NA,2,0,0,0,2,0,0,0,0,0,0,2,2,0,0,2,0,0,0,2,2,0,0,0,0,0,0,0,0,2,0,2,0,0,0,0,2,2,2,0,2,0,2,0,0,0,2,0,0,0,0,2,0,0,0,0,2,0,0,0,2,0,0,0,0,2,0,0,0,0,0,0,0,0,0,0,0,2,0,0,2,0,0,2,0,2,0,0,2,0,0,0,0,2,0,0,0,0,0,0,0,2,0,0,2,2,0,0,2,0,0,2,0,0,0,0,0,2,0,0,0,0,0,0,0,0,0,0,0,0,0,0,0,0,0,0,0,2,0,0,0,0,2,2,0,0,0,0,0,0,0,0,2,0,0,2,0,0,0,0,0,0,0,0,0,0,2,2,0,0,0,0,0,0,0,0,0,0,2,0,2,0,0,0,2,0,0,0,0,0,0,0,2,0,0,0,0,0,0,0,0,2,2,0,2,0,0,0,0,0,0,0,0,0,0,0,0,0,0,0,0,0,0,0,0,2,2,0,0,0,2,0,0,0,0,0,0,2,0,0,0,0,0,0,0,0,0,0,2,0,2,0,0,0,0,2,0,0,0,0,0,0,0,2,2,0,2,0,0,0,0,0,0,2,2,2,0,0,0,0,0,0,0,0,0,0,0,2,0,0,2,0,0,0,0,0,0,0,0,0,0,0,0,0,0,2,2,0,2,0,0,0,0,0,0,0,0,0,0,0,0,0,2,0,2,0,0,0,0,0,0,0,2,0,0,0,0,0,0,0,0,0,0,0,0,0,0,0,0,0,0,0,0,2,0,0,0,0,0,0,0,2,2,0,0,0,2,2,0,0,0,0,0,0,2,0,2,0,2,0,0,0,0,0,0,0,0,0,0,0,2,0,2,0,2,0,0,0,0,0,2,0,0,2,0,0,0,0,0,0,2,0,0,2,0,0,0,0,0,0,0,0,2,0,0,NA,2,0,0,0,0,0,0,0,0,0,2,0,2,0,0,0,0,2,0,0,0,0,0,2,0,2,0,0,0,0,0,0,2,0,0,0,0,0,0,2,0,0,2,2,2,0,0,0,0,0,0,2,0,0,0,2,0,2,0,0,0,0,0,0,0,0,0,0,0,0,2,0,0,0,0,0,0,0,0,0,2,2,0,0,0,0,0,0,2,0,0,0,0,0,2,0,0,0,0,0,0,0,2,0,0,0,0,0,0,0,0,0,0,2,0,2,0,0,0,2,2,0,0,0,0,0,0,0,2,2,0,2,2,2,0,0,2,0,0,2,0,0,0,0,0,0,0,0,0,0,0,0,0,0,2,0,0,0,0,0,0,0,0,0,0,2,0,2,0,0,0,0,0,0,0,2,2,0,0,0,0,0,2,0,0,0,2,0,0,0,0,0,2,0,2,0,0,2,0,0,0,0,0,2,0,0,0,2,0,2,0,0,0,0,0,2,0,0,0,0,0,0,0,0,0,0,0,2,0,0,0,0,0,0,0,0,0,0,0,0,0,0,2,0,0,0,0,0,0,0,0,0,0,0,0,0,0,0,0,2,0,0,0,0,2,0,0,0,0,2,0,2,2,0,0,0,0,0,0,2,0,0,2,2,0,0,0,0,0,2,0,2,0,2,0,0,0,0,0,2,0,0,2,0,0,0,0,0,0,0,0,0,0,0,0,2,0,0,0,0,0,0,0,0,2,0,2,0,0,2,0,2,0,0,0,0,0,2,0,0,2,0,2,0,0,0,0,0,0,0,0,0,2,0,0,0,0,0,0,0,0,0,0,0,0,0,0,0,2,0,0,2,0,0,0,2,0,0,0,0,0,0,0,NA,0,0,2,0,0,0,0,0,0,0,0,0,2,0,2,0,0,0,0,0,0,0,0,0,0,0,0,0,0,0,0,2,0,0,0,0,0,2,0,2,0,0,2,0,2,0,2,0,2,0,0,0,0,0,0,0,0,0,0,0,0,0,0,0,0,2,0,2,0,0,2,0,0,0,2,0,0,0,0,0,0,0,0,2,2,2,2,0,0,0,0,2,0,0,2,0,0,2,0,0,0,0,NA,0,0,0,2,0,0,2,0,0,2,2,0,0,2,0,0,2,0,0,0,2,0,0,0,0,0,0,0,0,0,0,2,0,2,0,2,0,0,2,2,2,2,0,0,2,0,2,0,0,0,0,0,0,0,0,0,0,0,0,0,0,0,0,0,2,0,0,0,0,0,2,0,0,0,0,0,0,0,0,0,0,0,0,0,0,2,0,0,0,0,0,0,2,2,0,0,0,0,0,0,0,0,0,0,2,0,2,0,0,0,0,0,2,2,2,0,0,0,0,2,0,0,0,NA,0,0,0,0,0,0,0,0,0,0,0,0,0,2,0,0,0,0,0,0,0,0,2,0,0,0,0,2,0,0,0,0,0,0,0,2,0,0,0,2,0,0,0,0,0,0,0,2,0,0,2,0,0,0,0,0,0,2,0,0,0,0,0,0,2,0,0,0,0,0,0,0,0,0,0,0,2,0,0,2,0,0,0,0,2,0,0,0,0,2,0,0,0,0,0,0,2,0,0,0,0,2,0,0,0,0,0,0,0,0,0,2,0,0,0,0,0,0,0,2,0,0,0,0,0,0,2,0,0,0,0,0,0,0,0,0,0,0,0,0,0,0,2,0,0,0,0,0,0,2,0,2,0,0,0,0,0,0,0,0,0,0,0,0,0,2,0,0,0,0,0,0,0,0,0,2,0,0,2,0,0,0,0,0,0,0,0,0,0,0,2,0,0,0,0,0,0,0,2,0,2,0,0,0,0,0,0,0,0,0,0,0,2,0,0,0,0,0,2,2,0,0,0,0,0,2,0,0,0,0,0,0,0,2,0,0,0,0,0,0,0,2,0,0,0,0,0,0,0,0,0,0,0,0,0,2,2,0,0,0,0,0,0,0,0,0,0,0,0,0,0,0,0,0,0,0,0,0,0,0,0,0,0,0,0,0,0,0,0,0,0,0,0,0,0,2,0,0,0,2,2,0,0,0,2,0,0,0,0,0,0,2,0,0,0,2,0,2,0,0,0,0,0,0,0,0,2,0,0,2,0,0,0,0,0,0,2,0,0,0,0,0,0,0,0,0,0,0,0,0,2,0,2,0,0,2,0,0,2,0,0,0,2,2,0,2,0,2,2,0,0,0,0,0,0,2,NA,0,0,0,0,0,0,0,0,2,2,0,0,0,0,0,0,0,0,0,0,0,0,0,0,0,0,2,0,2,0,0,0,2,0,0,0,0,0,2,0,0,0,0,2,0,2,0,0,0,0,0,0,0,0,0,0,0,0,0,0,0,0,0,0,0,0,2,2,0,0,0,2,0,0,0,0,0,0,2,0,0,0,0,0,0,0,2,0,2,0,0,0,0,0,0,0,2,2,2,0,0,0,2,0,0,0,2,0,NA,0,0,0,2,0,0,0,2,2,0,2,0,0,0,0,0,0,0,0,0,2,0,0,2,0,0,0,0,2,0,0,0,2,0,0,0,2,0,0,0,0,0,0,0,2,0,0,0,0,2,0,2,0,0,0,0,0,0,0,2,2,0,0,0,0,0,0,0,0,2,0,2,0,0,2,0,0,0,0,2,0,0,2,0,0,0,0,0,0,0,0,0,0,0,2,0,0,0,0,0,2,0,2,0,0,2,0,0,0,0,0,0,2,0,0,0,0,0,0,0,0,0,0,2,0,0,0,0,0,0,0,2,2,0,0,0,0,0,0,0,0,0,0,0,2,2,0,0,0,0,0,0,2,0,0,0,0,0,0,NA,2,0,2,0,2,2,0,0,0,2,0,0,0,0,0,2,2,0,0,0,0,0,0,0,0,0,0,0,0,2,2,0,0,2,0,0,0,0,0,2,0,0,0,0,0,0,0,0,0,0,0,0,0,0,0,0,0,2,0,0,0,2,2,0,2,2,0,0,2,0,0,0,2,2,0,2,2,0,0,2,2,0,0,0,0,2,0,0,0,2,0,0,2,0,2,0,0,2,0,0,0,0,0,2,2,0,0,0,0,0,0,0,0,2,0,2,2,0,0,2,0,0,NA,0,0,0,0,0,0,2,0,0,0,2,0,0,0,0,0,0,0,0,0,2,0,2,2,0,0,0,2,0,0,0,2,0,0,0,0,0,0,0,0,0,0,0,2,2,0,0,2,2,0,2,0,2,2,0,2,0,0,2,0,2,0,0,0,0,0,2,0,0,2,0,0,2,2,0,0,0,2,0,0,0,2,0,0,0,2,0,2,0,0,2,0,0,0,0,0,0,0,0,0,0,0,2,0,0,2,0,0,0,0,0,2,0,0,2,0,0,0,0,0,0,0,0,2,2,0,0,2,0,0,2,0,0,0,0,2,0,0,0,0,0,0,0,0,0,2,2,2,2,0,0,0,0,0,2,0,0,0,2,2,2,0,0,0,0,0,0,0,0,0,2,0,0,2,0,0,0,0,0,0,2,2,0,0,0,0,0,0,0,2,0,0,0,2,2,2,2,0,0,0,2,0,0,0,0,0,0,0,0,2,2,0,0,2,0,0,0,0,0,0,0,0,0,0,2,2,2,0,0,0,2,0,2,2,0,0,2,0,2,0,0,2,2,2,0,0,0,0,0,0,0,0,2,2,2,0,2,2,0,2,0,0,0,0,0,0,0,0,0,0,0,0,0,0,0,0,0,0,0,0,0,0,2,0,0,0,0,0,2,0,2,0,0,0,0,2,0,0,2,0,0,0,0,0,0,2,0,0,2,0,0,0,2,0,2,0,0,0,2,2,2,0,0,0,0,0,2,2,0,0,0,2,0,0,0,0,2,0,0,0,0,0,2,0,0,2,0,0,2,0,2,0,0,2,2,0,0,0,0,0,0,0,0,0,0,NA,2,2,2,0,0,2,0,2,2,0,NA,0,0,0,0,2,0,0,0,0,2,2,2,0,0,0,0,2,0,0,2,0,0,0,0,0,0,0,0,0,0,0,0,2,0,0,0,NA,0,0,0,0,0,2,0,0,0,0,0,0,0,0,0,0,2,0,0,0,0,2,0,0,0,0,2,2,0,2,0,2,0,0,0,0,2,0,0,0,0,0,0,2,0,0,0,0,0,0,0,0,0,0,0,0,0,0,0,0,0,0,2,0,0,0,0,0,0,2,0,2,0,0,2,0,0,0,2,NA,0,0,0,0,0,0,2,0,2,2,0,0,0,0,0,0,0,0,0,0,2,0,0,0,0,0,0,0,0,0,0,0,0,0,2,0,2,0,0,0,0,0,0,0,0,0,0,0,2,NA,0,0,0,2,2,2,0,0,0,2,0,2,0,2,0,0,0,0,0,0,0,0,0,0,0,0,2,0,0,0,0,2,2,0,0,0,0,2,2,0,2,0,0,0,0,0,2,0,0,2,0,0,0,0,0,0,0,0,0,0,0,0,0,2,0,0,0,0,0,0,0,0,0,0,0,0,2,0,0,0,0,2,0,2,2,0,0,0,2,0,0,0,0,0,0,0,0,0,0,0,0,0,0,0,0,0,0,0,0,0,0,0,0,0,0,0,0,0,0,0,0,0,0,0,0,0,0,0,0,0,0,0,0,0,0,0,0,0,0,0,0,0,0,0,0,0,0,0,0,0,0,0,0,0,0,0,0,0,0,0,0,0,0,0,0,0,0,0,0,0,0,0,0,0,0,0,0,0,0,0,0,0,0,0,0,0,0,2,0,0,0,2,2,2,0,0,0,0,2,2,0,0,0,0,0,0,0,0,0,0,0,0,0,2,0,0,0,0,0,0,0,0,0,0,0,0,0,0,0,0,0,2,0,0,0,0,0,0,0,0,0,0,2,2,0,0,0,0,0,0,0,0,0,0,0,0,0,0,0,0,0,0,0,0,0,0,0,0,0,2,0,0,0,0,0,0,0,0,0,0,0,0,0,0,0,0,0,0,0,0,0,0,0,0,0,2,0,0,0,0,2,2,0,0,2,0,2,0,0,0,0,0,0,0,0,2,0,0,0,0,0,0,0,0,0,0,0,2,0,0,0,0,0,0,0,0,0,0,0,0,0,0,0,0,2,0,0,0,0,0,0,0,0,2,0,2,0,0,2,0,0,0,0,2,0,0,0,2,0,2,2,0,0,0,0,2,0,0,0,2,0,0,2,0,2,0,0,0,2,0,0,0,0,2,2,0,2,0,0,2,0,0,0,0,0,0,0,0,0,0,2,0,0,0,0,0,2,0,0,0,0,2,0,0,0,0,0,0,0,0,0,2,2,0,0,0,0,0,0,0,0,0,0,0,0,0,0,0,0,0,2,0,0,0,2,0,0,0,0,0,0,0,2,0,0,0,0,0,2,0,0,2,0,2,0,0,2,0,0,2,2,0,2,0,0,2,2,0,2,0,2,0,0,0,0,0,0,2,2,0,0,0,0,0,0,0,2,0,0,0,0,0,0,0,0,0,0,0,0,0,0,0,0,0,0,0,0,0,2,0,0,0,0,0,0,2,2,0,0,0,2,0,0,2,0,0,0,2,2,0,0,0,0,0,0,0,0,2,0,0,0,0,2,0,2,0,2,0,0,0,0,0,0,0,0,0,0,0,2,0,0,0,0,0,2,0,2,0,0,0,0,0,0,0,0,2,0,0,0,2,0,0,0,0,0,0,0,0,0,2,0,0,2,2,0,0,0,0,0,0,0,0,2,2,2,0,2,0,0,0,0,0,0,0,0,0,2,0,2,0,0,0,0,0,0,0,0,0,2,0,2,0,0,0,0,0,0,0,0,0,0,0,0,0,2,0,0,0,0,0,0,0,0,0,0,0,0,0,0,0,0,2,0,0,0,2,0,2,0,0,0,0,0,2,2,2,0,0,0,0,0,0,0,0,0,0,0,0,0,0,2,0,0,0,2,0,0,0,0,0,0,0,0,2,0,2,0,2,2,2,0,0,2,0,0,0,2,2,0,0,0,2,0,0,0,0,0,2,0,0,0,0,0,0,0,0,2,0,0,0,2,0,0,0,2,2,2,0,0,0,0,2,0,0,0,0,0,0,0,0,0,0,0,2,0,0,0,0,0,0,0,0,0,2,0,0,0,0,0,0,2,0,0,0,0,0,0,0,0,0,0,0,0,0,2,0,0,2,0,0,0,2,2,0,2,0,0,0,0,2,0,0,0,0,0,0,0,0,0,0,0,0,0,0,0,0,0,0,0,2,2,0,0,0,0,0,0,0,0,0,0,2,0,0,0,0,0,2,0,0,0,2,0,2,0,0,0,2,0,0,0,0,0,0,2,2,2,0,0,0,0,0,2,0,2,2,2,0,0,2,0,0,0,2,0,0,0,0,0,2,2,2,2,2,0,2,0,0,0,0,2,0,0,0,0,0,0,0,0,0,0,0,0,0,2,0,2,2,0,0,0,2,0,0,0,2,0,0,0,0,0,0,0,0,0,0,2,0,0,0,0,2,0,0,0,0,0,0,0,0,0,0,0,0,2,0,0,0,0,2,0,0,0,0,0,2,0,0,0,2,0,2,2,2,0,2,0,0,0,0,0,0,0,2,0,2,0,0,0,0,0,2,2,0,0,2,0,0,0,2,2,0,0,2,0,0,0,0,0,0,0,0,0,0,0,0,0,0,0,0,0,0,0,0,2,2,2,0,0,2,2,2,0,0,0,0,0,0,0,0,2,0,2,2,0,0,0,0,0,0,0,0,0,0,0,0,0,0,2,2,0,0,0,2,0,0,2,0,0,2,0,0,2,0,0,0,0,0,0,0,2,0,0,2,0,0,0,0,2,0,0,0,0,2,0,2,2,0,0,0,2,2,0,0,0,2,0,2,0,0,0,0,0,0,0,0,0,0,0,0,0,0,0,0,0,0,0,0,0,0,0,0,2,0,0,0,2,2,2,0,2,0,0,0,0,0,0,0,2,0,0,0,0,0,0,0,2,0,0,0,0,0,2,2,0,0,0,0,0,0,0,2,0,2,2,2,2,0,0,0,0,0,0,0,0,0,0,0,0,0,0,0,0,0,0,0,0,0,2,2,0,0,0,2,0,2,0,0,0,0,0,0,0,0,0,0,0,2,2,0,0,0,0,0,2,0,0,2,0,0,0,0,2,0,2,2,2,2,2,2,0,0,0,0,0,0,0,0,0,0,0,2,0,2,0,0,0,0,2,0,2,0,0,0,2,2,0,0,0,2,0,0,0,2,0,0,0,0,2,0,0,0,0,2,0,0,2,0,0,0,0,0,0,0,0,0,0,2,0,2,0,0,0,0,0,0,0,0,0,2,2,2,2,0,0,0,2,0,0,0,0,0,0,0,0,0,2,2,0,0,0,0,0,0,0,0,2,2,0,0,0,0,0,0,0,2,0,2,2,0,0,0,0,0,0,0,0,0,0,0,0,0,0,0,0,0,0,0,0,0,0,0,0,2,0,0,0,0,2,0,0,0,0,0,0,2,0,0,0,0,0,0,0,0,0,0,0,0,0,0,0,0,2,0,0,2,0,0,0,0,0,0,0,0,0,0,0,2,0,0,0,0,0,0,0,0,0,0,2,0,2,2,0,0,0,2,0,2,0,0,0,2,2,0,0,2,0,0,0,0,0,0,0,2,0,0,0,0,2,0,0,0,0,0,0,2,0,0,0,0,0,2,2,0,0,0,0,2,0,0,0,0,0,0,0,0,0,0,0,0,2,0,0,0,0,0,0,0,0,2,0,0,0,0,0,0,2,0,0,2,0,2,0,2,0,0,2,0,2,2,0,2,0,0,0,0,2,2,0,0,2,2,0,0,0,0,0,0,0,0,0,0,2,0,2,0,2,0,0,0,0,0,0,0,0,0,0,0,0,0,0,2,0,2,2,0,0,2,2,2,0,2,0,0,2,0,0,0,0,2,2,0,0,2,2,0,0,0,0,2,0,0,0,0,0,0,0,0,0,0,0,2,0,0,0,2,0,0,2,0,0,0,0,0,2,0,2,0,0,0,0,0,0,0,0,0,0,0,0,2,0,0,0,2,0,0,0,0,2,0,0,0,0,0,0,0,0,0,0,0,0,0,0,0,0,0,2,0,2,2,0,0,2,0,0,0,0,0,0,0,0,0,0,0,0,0,0,0,0,2,0,2,0,0,2,0,0,0,0,2,2,0,0,0,0,0,0,0,0,0,2,0,2,0,0,0,2,0,0,0,0,0,0,0,0,0,0,0,0,0,0,0,0,0,0,0,0,0,0,0,2,0,0,0,0,0,0,0
"CC252",0,0,0,0,0,0,0,0,0,0,0,0,0,0,0,0,2,2,0,0,0,2,2,2,0,0,0,0,0,2,0,0,0,0,0,0,2,0,0,2,0,2,2,0,0,0,0,0,0,0,2,0,0,0,0,0,0,0,0,2,0,0,0,0,2,0,0,0,0,0,0,0,2,0,0,0,2,0,0,0,2,0,2,0,0,2,0,0,0,0,0,0,2,0,0,2,0,2,0,0,2,2,0,2,0,0,2,0,0,2,0,0,2,0,0,2,0,0,0,2,0,0,0,2,0,2,2,0,0,0,2,0,0,0,0,0,0,0,0,0,0,0,0,0,0,0,0,2,0,2,2,0,0,0,0,0,2,0,0,0,0,0,0,0,0,0,0,2,2,2,0,0,0,0,0,0,0,0,0,2,0,0,2,0,0,0,0,0,0,2,0,0,0,0,0,0,0,0,0,0,0,0,0,2,0,2,0,0,0,0,0,0,0,0,2,0,0,0,2,0,0,2,0,0,0,0,0,0,0,0,0,2,0,2,0,0,0,0,0,0,0,2,0,0,0,2,0,0,0,2,0,0,0,2,0,0,0,2,0,0,0,0,2,0,0,0,2,0,2,0,0,0,0,2,0,0,0,2,2,0,0,0,0,2,0,0,0,0,0,0,0,0,0,0,0,2,0,2,2,2,2,0,0,0,2,0,0,2,0,0,0,0,0,0,0,0,2,0,2,0,0,0,2,0,0,0,0,0,0,0,0,2,0,0,0,2,0,2,0,0,2,2,2,0,2,0,0,2,2,0,0,0,0,0,0,0,2,2,0,0,0,0,0,0,0,0,0,0,0,0,2,0,0,0,0,0,0,0,2,0,0,0,0,0,0,0,0,2,2,0,0,0,0,2,2,2,2,0,0,0,0,0,0,2,NA,2,2,2,0,0,2,0,0,0,2,0,2,0,0,2,0,0,0,NA,2,0,0,0,2,0,0,0,0,0,0,0,2,0,0,0,0,0,0,0,0,0,0,2,0,0,0,2,0,0,2,0,0,0,0,2,0,0,0,0,0,0,0,0,0,0,0,0,0,0,0,0,0,0,0,0,0,0,2,0,0,0,0,0,0,0,0,2,0,0,0,0,0,2,0,0,0,0,0,0,0,0,0,0,2,2,0,0,0,0,0,0,0,NA,0,2,2,0,0,0,2,2,2,0,0,0,0,NA,0,0,0,0,0,0,0,0,0,0,0,2,2,0,0,2,0,0,0,0,0,0,0,0,0,0,0,0,0,0,0,2,0,0,0,0,2,0,0,0,0,0,0,0,2,0,0,0,2,0,0,0,0,0,0,0,0,2,0,2,2,0,0,0,0,0,0,0,0,0,0,2,2,2,2,0,0,0,2,0,0,0,0,0,0,0,2,0,2,0,0,0,NA,0,0,0,2,0,0,0,0,2,0,2,0,2,0,0,0,0,2,0,0,0,0,0,0,0,0,0,0,0,2,0,0,0,0,0,0,2,0,2,2,0,2,0,0,0,0,0,0,0,0,0,0,0,0,0,0,0,0,0,2,0,0,0,0,0,2,0,0,0,2,0,2,0,0,2,0,0,0,0,0,0,0,0,0,0,0,0,0,0,0,0,0,2,2,0,0,0,0,0,0,0,0,0,0,0,2,0,0,0,0,2,0,0,0,0,0,0,0,0,0,0,0,0,0,0,0,0,0,0,2,0,0,0,2,0,2,0,2,0,2,0,0,0,0,0,2,0,0,0,0,0,2,0,0,0,0,0,0,0,0,0,0,0,0,0,0,0,0,0,0,0,2,0,0,2,0,0,0,0,0,2,0,0,2,0,0,0,0,0,0,0,0,0,2,0,0,0,0,0,0,2,2,0,0,0,0,2,0,0,0,0,0,0,0,0,2,0,0,0,0,0,0,2,0,0,0,2,0,2,0,0,0,0,2,0,2,0,0,0,2,0,0,0,0,0,0,2,0,0,2,0,0,0,0,0,0,2,0,0,2,0,0,0,0,0,0,0,0,0,0,0,2,0,0,0,0,0,0,0,0,0,0,2,0,0,0,0,0,0,0,0,0,0,0,0,2,2,2,2,0,0,0,0,0,0,2,2,0,2,2,0,0,0,0,0,0,0,0,0,2,0,0,0,0,0,0,0,2,0,0,0,0,0,2,0,0,0,0,0,0,0,0,0,0,0,2,0,0,0,0,0,0,2,0,0,2,0,0,0,0,0,0,0,0,0,2,2,2,0,0,0,0,0,0,0,2,0,2,0,0,0,0,0,2,0,0,2,0,2,0,0,0,0,0,0,0,0,0,0,0,2,0,0,0,0,0,0,0,2,0,0,0,0,0,0,0,0,0,0,0,0,0,0,2,0,0,2,0,2,0,0,0,2,2,0,0,0,0,0,0,0,0,2,0,0,2,0,2,0,0,0,2,2,0,0,0,0,2,0,0,0,2,2,0,0,0,0,0,0,0,0,0,0,0,0,0,0,0,0,0,0,2,0,0,0,2,0,0,0,0,0,0,0,2,0,0,0,0,0,0,2,0,0,0,0,2,0,2,0,0,0,0,0,0,0,2,0,0,0,0,0,0,2,0,0,0,0,0,0,0,0,0,0,2,0,0,0,0,2,0,0,0,0,2,0,0,0,0,0,0,2,0,0,0,0,2,0,0,0,2,0,0,0,2,0,2,0,0,0,2,0,0,0,0,0,0,0,0,2,0,2,0,0,0,0,0,2,0,2,0,0,0,NA,0,2,2,0,0,0,0,0,0,0,2,0,0,0,0,0,0,NA,0,2,0,0,0,2,2,2,2,2,2,0,2,0,0,0,0,0,0,0,0,0,0,2,0,0,0,0,0,0,0,0,0,NA,0,0,2,0,2,0,2,0,0,2,0,0,0,2,0,2,0,2,0,0,0,0,0,0,0,0,0,NA,0,0,0,0,0,0,0,0,2,0,0,2,0,0,2,2,0,0,0,2,0,0,0,0,2,2,0,0,0,0,0,2,0,0,0,2,2,0,0,0,2,2,0,2,0,0,2,0,2,0,0,0,0,0,2,0,0,0,2,0,0,0,0,0,0,2,0,0,0,0,0,2,2,0,0,0,0,0,0,0,2,0,0,0,2,2,0,2,0,0,0,0,0,0,2,0,0,2,0,2,2,0,0,0,0,0,0,0,0,2,0,0,0,0,0,0,2,0,2,2,2,0,0,0,0,0,0,0,2,0,0,2,2,2,0,0,0,2,0,0,0,0,0,0,2,0,0,0,0,0,2,2,0,0,0,2,0,0,0,0,2,0,0,2,0,2,0,0,0,0,0,0,0,0,2,0,0,0,0,0,0,0,0,2,2,2,2,0,0,2,0,0,0,2,0,0,0,0,0,2,2,2,0,0,2,2,0,0,2,0,0,0,0,0,2,2,0,2,0,2,0,0,2,2,0,2,0,0,0,0,2,2,0,0,0,0,0,0,0,0,2,0,0,0,2,0,0,0,2,0,NA,0,0,0,0,0,0,0,0,0,0,0,0,2,2,0,0,2,0,2,NA,0,0,2,2,0,2,0,0,0,2,0,0,0,0,0,2,0,0,0,0,2,0,0,0,0,0,0,0,0,0,0,0,2,0,0,0,0,0,2,0,2,0,0,0,0,0,0,2,0,0,2,0,0,0,0,0,0,2,0,0,0,0,0,0,2,0,0,0,0,0,0,0,2,0,0,0,2,2,0,0,0,0,2,0,0,0,0,0,2,0,0,0,0,0,0,2,0,0,0,0,2,0,0,0,0,0,0,0,0,0,2,0,2,2,0,0,0,0,0,0,0,0,0,2,0,NA,0,0,0,0,0,2,2,0,0,2,0,0,0,0,0,0,0,0,2,0,0,0,0,0,0,0,0,0,0,0,0,NA,0,0,0,0,2,2,2,NA,0,2,0,0,0,2,2,2,0,0,2,NA,0,0,0,0,0,0,0,2,0,0,0,2,2,0,0,0,2,0,0,NA,2,0,0,0,0,0,2,2,2,2,0,2,0,0,0,0,0,0,0,0,0,2,0,0,0,2,0,0,2,0,0,0,0,0,0,2,0,2,0,2,0,0,0,2,0,2,0,0,0,0,0,0,0,0,0,0,2,0,2,0,2,0,0,2,0,0,2,2,0,0,0,0,0,2,0,0,0,2,0,0,2,2,0,2,0,0,0,0,0,0,0,2,0,0,0,0,0,2,0,0,0,2,0,0,0,2,0,0,2,0,0,0,0,0,0,0,0,0,0,2,2,0,0,0,0,2,0,2,0,2,0,0,0,0,0,2,0,2,2,0,0,2,0,2,0,0,0,0,0,0,2,2,0,2,2,2,2,2,0,0,0,0,0,0,2,2,0,2,0,2,0,2,0,0,0,0,0,0,0,0,0,0,2,0,0,0,0,2,0,0,0,2,0,0,0,0,0,0,2,0,0,0,2,0,0,0,0,0,0,2,0,2,0,2,2,2,0,2,2,0,0,0,0,0,0,0,0,0,0,2,0,2,0,0,2,0,0,0,0,0,2,0,0,0,2,0,0,0,NA,0,2,0,0,2,2,0,0,0,0,2,0,0,0,0,0,0,0,0,0,2,0,0,0,0,0,2,2,0,2,0,0,0,0,0,0,0,2,0,0,0,2,0,2,0,0,2,0,0,0,0,0,0,0,2,0,0,0,0,0,2,0,0,0,2,0,2,2,0,2,2,0,0,0,0,0,0,0,0,0,0,2,0,2,2,0,0,2,0,0,NA,0,2,0,0,2,2,2,0,2,0,0,0,0,0,0,0,0,0,0,0,2,2,0,2,0,2,0,0,0,0,2,0,2,2,0,0,0,0,0,0,0,0,0,0,2,0,0,0,2,0,0,0,0,0,0,2,2,0,0,0,0,0,0,0,0,0,0,0,0,0,0,0,0,0,0,0,0,2,2,0,0,0,2,0,0,0,0,0,2,2,0,2,0,2,0,0,2,2,0,0,0,2,0,0,0,0,0,0,0,0,0,2,0,0,0,0,0,0,0,0,0,0,0,2,2,2,0,0,0,0,0,0,0,0,0,2,0,0,2,0,0,0,0,0,0,0,0,0,0,0,2,0,0,0,0,0,0,0,0,2,2,0,0,2,0,2,0,0,0,0,0,0,2,0,0,0,0,0,0,0,0,2,0,0,2,0,0,0,0,2,0,0,0,2,0,0,0,2,0,0,2,0,2,0,0,0,2,0,0,0,0,0,0,0,0,0,0,0,0,0,2,0,0,0,0,0,0,2,2,0,0,0,0,0,0,2,0,0,0,0,0,0,0,0,2,0,2,0,0,0,0,0,0,0,0,0,0,0,0,0,0,0,0,0,0,0,0,0,0,0,2,2,0,0,0,0,0,0,0,0,0,0,0,2,0,0,0,0,0,0,0,0,2,0,0,0,0,0,0,0,0,0,0,2,0,0,0,0,0,0,0,0,0,0,0,0,2,NA,0,0,0,2,0,0,0,0,2,2,2,0,0,2,0,0,2,2,2,0,0,0,0,0,0,2,0,0,2,0,0,0,2,0,0,0,0,0,0,2,0,0,2,0,0,0,0,0,0,0,2,0,0,0,2,0,0,0,0,0,0,0,0,0,2,0,0,0,0,0,0,2,0,0,0,0,0,0,0,0,0,2,0,0,0,0,0,0,0,0,0,0,0,0,0,0,0,0,2,0,0,0,2,2,0,0,2,0,0,0,2,2,2,0,0,0,0,0,0,0,0,0,0,0,0,0,2,2,0,2,0,0,0,0,0,0,0,0,0,0,0,2,0,0,0,0,2,2,0,0,0,2,0,0,0,0,2,0,0,2,2,0,0,2,0,0,0,0,2,0,2,2,0,0,0,0,2,2,0,NA,2,0,0,0,0,2,0,0,0,0,0,2,0,0,2,0,0,0,0,0,0,2,2,2,0,2,2,0,0,0,0,0,0,0,2,0,0,2,2,0,0,0,0,0,2,0,2,2,2,2,2,0,2,0,0,0,2,0,2,0,0,0,0,0,0,0,2,0,0,0,0,0,2,0,0,0,0,0,0,0,0,0,0,0,2,2,2,2,0,0,0,0,0,0,0,0,0,0,0,0,0,0,0,2,2,2,0,2,0,0,0,0,0,0,0,2,0,2,0,0,0,0,0,0,0,0,0,0,0,0,0,0,0,0,0,0,0,2,0,0,0,2,0,0,0,0,0,0,0,0,0,0,0,0,0,0,0,0,0,0,0,0,2,0,2,0,0,0,0,0,0,0,0,0,0,0,0,0,2,0,0,0,0,0,0,0,0,0,0,0,0,0,0,0,0,0,0,0,0,0,0,0,2,0,2,0,0,2,0,0,0,2,0,0,0,0,0,2,0,0,0,2,0,0,2,0,0,0,0,0,0,0,0,0,2,0,0,0,0,0,0,0,0,2,0,2,0,0,0,2,0,0,2,2,2,0,0,0,0,2,2,0,2,0,2,0,0,0,0,2,0,0,2,0,0,0,0,0,0,0,0,0,0,0,0,2,0,0,0,2,0,0,0,0,0,0,0,0,2,0,0,0,0,2,0,0,0,0,2,0,0,2,0,2,0,2,0,0,2,2,2,2,2,0,2,0,2,0,0,0,2,0,0,0,0,0,0,0,0,0,0,0,2,0,0,0,0,2,0,0,0,0,2,2,2,2,0,2,0,0,0,2,0,0,0,0,2,0,0,0,2,2,0,2,0,0,0,0,0,0,0,0,0,0,0,0,0,0,0,0,2,2,0,2,0,2,0,0,0,NA,0,0,0,0,0,0,2,NA,0,0,0,0,0,0,0,0,0,0,0,0,0,2,2,0,0,0,0,0,0,2,2,0,0,0,2,0,0,0,0,0,2,2,0,0,0,0,0,0,0,0,0,0,2,0,0,0,0,2,0,0,0,2,0,0,0,0,0,0,2,0,0,0,0,0,0,0,0,2,0,0,0,0,0,0,0,0,0,0,0,0,2,2,0,0,0,0,0,2,0,0,2,0,0,0,0,0,0,0,0,0,0,0,0,2,0,0,0,0,2,0,0,2,0,0,0,0,0,0,0,0,2,0,0,0,0,0,0,0,0,0,0,0,0,0,0,0,0,0,0,0,0,0,0,0,0,0,0,0,0,0,0,0,0,0,0,0,2,0,0,0,0,0,0,0,0,0,2,0,2,0,0,0,0,2,0,0,0,0,0,0,2,0,0,2,0,0,2,0,0,0,2,0,0,0,0,0,2,2,0,0,0,0,0,0,2,2,2,0,0,0,0,0,0,0,0,0,0,0,0,0,0,0,0,0,0,0,0,0,0,0,0,0,0,0,0,0,0,0,0,2,0,0,0,0,2,0,0,0,0,2,0,0,0,0,0,2,0,0,2,0,0,0,0,2,0,2,0,0,2,0,0,0,0,0,0,0,0,0,0,0,0,2,0,0,0,0,0,2,0,0,0,0,0,2,0,0,2,0,0,0,2,2,2,0,0,0,0,0,0,0,2,2,2,0,0,0,0,0,2,0,0,0,0,2,0,0,0,0,0,0,0,0,0,0,2,0,2,0,0,0,0,0,2,0,2,0,0,2,0,0,0,0,0,0,0,0,0,0,0,0,0,0,0,0,0,0,0,0,0,0,0,0,0,0,0,0,0,0,0,2,0,0,0,0,2,0,0,0,0,2,0,0,0,0,0,2,2,2,2,0,0,0,0,2,0,0,0,0,0,0,0,2,0,0,0,0,0,0,0,2,0,0,0,2,0,0,0,0,0,0,0,0,0,2,0,0,0,0,0,0,2,0,0,0,0,0,2,0,0,2,0,0,0,2,2,2,0,0,0,2,2,0,2,0,0,0,2,2,2,0,2,2,0,0,0,0,0,0,0,0,0,0,0,2,2,2,2,0,0,0,2,2,2,2,2,NA,0,0,2,0,0,0,0,2,0,0,0,0,0,0,0,0,0,0,0,2,0,0,0,2,0,0,0,0,0,0,0,0,0,0,2,0,0,2,0,2,2,0,0,0,0,0,0,0,0,2,0,0,0,0,0,0,2,2,0,0,0,0,0,0,0,0,0,0,0,0,2,0,0,0,0,2,0,0,2,0,0,0,0,0,0,0,0,0,2,0,0,0,0,0,0,0,0,0,0,0,0,0,0,0,0,2,0,0,0,0,0,0,0,0,0,0,0,0,0,0,0,0,2,0,2,0,2,0,0,0,0,2,0,0,0,0,0,0,0,2,0,0,2,0,0,0,0,0,0,0,0,0,0,0,0,0,0,0,0,0,0,0,0,0,0,0,0,0,2,2,0,0,0,0,0,0,0,0,0,0,2,0,0,2,0,0,0,0,0,0,0,0,0,0,0,0,0,0,0,2,2,0,0,0,0,0,0,0,2,2,0,2,0,2,0,0,2,0,0,0,0,0,2,0,0,0,0,2,0,0,0,0,0,0,0,2,0,0,0,0,0,0,0,0,0,0,0,0,0,0,0,0,0,0,0,0,0,0,0,0,0,0,0,0,0,0,0,0,2,0,0,0,0,2,0,0,0,0,0,0,0,0,0,2,0,2,0,0,0,0,0,2,0,2,2,0,0,0,0,0,0,0,0,2,0,2,2,0,2,0,2,0,0,2,0,0,0,0,0,0,0,0,0,0,0,0,0,0,0,0,0,0,0,0,0,0,2,2,2,0,0,0,0,0,0,2,0,0,0,0,0,0,0,0,0,0,0,0,0,2,0,0,0,0,0,0,0,0,0,0,0,0,0,0,2,0,0,0,2,0,0,0,2,0,0,2,0,2,0,0,0,2,0,0,0,0,0,2,0,0,2,0,2,0,0,0,0,0,0,0,0,0,0,0,0,0,0,0,0,0,0,0,0,2,2,0,0,0,0,0,0,0,2,0,0,0,0,0,2,0,0,0,0,0,0,0,0,2,0,0,0,0,2,0,0,0,0,0,0,0,0,2,2,0,0,0,2,0,0,2,0,0,0,0,0,0,0,0,0,0,0,0,0,2,0,0,2,0,0,0,2,0,2,2,0,0,2,2,0,0,2,0,2,0,2,0,0,0,0,0,0,0,0,0,0,0,0,2,0,0,0,0,0,0,0,0,2,0,0,0,2,0,2,2,0,0,0,2,0,0,0,0,0,0,0,2,0,0,0,2,0,0,2,0,2,0,0,0,0,0,0,0,0,0,0,0,0,0,2,0,0,2,0,0,0,0,0,2,0,0,0,0,0,0,0,0,2,0,0,0,0,0,0,0,0,0,0,0,0,2,2,0,0,0,0,0,0,0,0,0,2,2,NA,2,0,0,0,0,2,0,2,2,0,0,2,0,2,0,0,2,0,0,0,0,0,0,0,2,0,2,2,0,0,0,2,0,0,0,0,0,0,0,0,0,0,2,0,2,0,0,0,0,0,0,0,2,0,0,2,2,0,2,2,0,0,2,0,2,0,2,0,0,2,0,0,2,0,0,0,2,0,0,0,0,2,2,0,0,0,0,0,0,2,0,0,0,2,2,0,2,0,0,0,0,2,2,0,0,0,2,2,0,0,0,0,0,2,0,0,0,0,0,0,0,0,0,0,0,0,0,0,0,2,2,0,0,0,0,0,0,0,0,0,0,2,0,0,0,0,0,0,0,0,0,0,0,0,0,0,0,0,0,0,0,2,0,2,0,0,0,0,0,0,0,0,0,0,0,0,2,2,0,0,2,0,0,0,0,0,0,0,0,0,2,2,2,0,0,0,0,0,0,0,2,2,2,2,0,0,0,0,2,0,0,0,2,0,2,0,0,0,0,0,0,2,0,2,0,0,0,2,0,0,0,0,2,0,0,0,0,0,0,0,0,0,0,0,0,0,2,0,0,0,0,2,0,0,0,0,0,2,0,0,0,0,2,0,0,0,0,0,0,0,0,0,0,0,2,2,0,2,0,0,0,0,0,0,2,NA,2,0,0,0,2,0,0,0,0,0,0,2,0,0,2,0,0,0,2,2,0,2,NA,0,0,0,0,2,0,0,0,0,0,0,0,0,2,2,0,NA,0,0,2,0,0,2,2,2,0,2,0,0,0,0,2,0,0,0,0,0,0,0,0,2,2,0,2,2,0,0,2,0,0,2,2,0,0,0,0,0,0,0,0,0,0,0,0,0,0,0,2,2,0,0,0,0,0,0,0,0,0,0,0,0,2,0,0,0,0,0,0,0,2,2,0,0,0,2,0,2,2,0,NA,2,0,0,2,0,0,0,0,0,0,0,0,0,0,0,0,0,0,0,0,2,0,0,2,0,0,0,0,0,2,0,0,2,0,2,0,0,0,2,0,0,0,0,2,0,0,0,0,2,2,0,0,2,0,0,0,0,0,2,2,0,0,0,2,2,2,0,0,0,0,2,0,0,2,2,0,0,0,0,2,0,0,2,0,2,0,0,0,0,2,0,2,0,0,0,0,2,2,0,2,0,0,0,0,0,0,2,0,0,0,0,0,0,0,2,0,0,0,0,0,0,2,0,0,2,2,2,0,2,0,0,0,0,0,0,0,0,0,2,0,0,0,0,0,0,0,0,0,0,0,0,0,0,2,0,0,0,0,0,0,0,0,0,0,0,2,0,0,0,2,0,0,0,0,0,0,0,0,0,0,0,0,0,2,0,0,0,0,0,0,0,0,2,0,0,0,0,0,0,0,0,2,2,0,2,0,0,0,2,0,2,2,0,0,0,2,0,0,2,0,0,0,0,2,0,2,0,0,0,0,0,0,2,0,2,0,2,0,0,0,0,0,0,0,0,0,2,0,0,0,0,0,0,0,0,0,2,0,0,0,0,0,2,0,0,0,0,0,0,0,2,0,0,0,0,0,0,2,2,2,0,0,0,2,2,2,0,0,0,0,0,0,0,0,0,0,2,0,0,0,0,0,0,0,2,0,0,0,2,0,0,2,0,0,0,0,0,0,0,0,0,0,0,0,0,0,0,0,0,2,0,0,0,0,0,0,0,0,2,2,0,0,0,0,0,0,0,2,0,0,2,0,0,0,2,2,2,0,0,2,0,0,0,0,0,0,0,2,0,0,0,0,2,2,NA,0,0,0,0,0,2,0,2,0,0,0,0,0,0,0,0,0,0,0,0,0,2,2,0,0,0,0,0,0,2,0,0,0,0,0,0,0,0,0,0,2,0,0,0,0,0,0,0,2,2,0,0,0,2,0,0,0,2,2,0,0,0,0,2,0,0,0,2,0,2,0,0,0,0,0,0,2,0,2,2,0,2,0,0,0,0,0,2,0,0,0,0,0,0,2,0,0,0,0,0,2,0,2,2,2,0,0,0,0,0,0,0,2,0,0,0,0,0,0,2,2,2,0,2,0,0,0,2,NA,0,0,0,0,2,0,0,0,0,0,0,0,0,2,0,0,0,0,0,0,0,2,0,0,0,0,0,0,0,0,0,0,0,0,2,0,2,0,2,0,2,0,0,0,0,0,0,0,0,0,0,0,0,0,0,2,0,0,0,0,0,0,0,0,0,0,0,0,2,0,0,0,0,0,0,0,0,0,0,0,0,0,0,0,0,0,0,2,2,0,0,0,0,2,0,2,0,0,0,0,0,0,0,0,0,0,2,0,0,0,0,2,0,0,0,0,0,2,0,0,0,0,0,0,2,0,0,2,0,2,0,0,0,0,2,0,0,0,0,0,2,0,0,0,0,0,2,0,2,0,0,0,0,0,0,0,0,0
"CC253",2,0,0,0,2,0,0,2,0,2,0,0,0,0,0,0,0,0,0,0,0,0,2,0,0,0,0,0,0,2,0,0,0,0,0,0,0,0,0,2,0,0,0,0,0,0,0,0,0,0,0,0,0,0,0,0,0,0,2,0,0,0,0,0,2,0,0,0,0,0,0,0,2,0,0,0,2,2,0,0,2,0,0,0,0,2,2,2,0,0,2,0,0,0,0,2,0,0,0,0,2,2,0,2,0,2,2,0,2,2,0,0,2,2,0,0,0,0,0,0,0,0,2,0,0,2,2,0,0,0,0,0,0,2,0,0,0,0,0,2,0,0,2,0,0,0,0,2,0,2,0,0,0,0,2,0,0,0,NA,0,0,0,0,0,0,2,0,2,0,2,2,0,2,2,0,0,0,0,2,0,0,2,2,0,2,2,2,0,0,0,2,0,2,0,0,0,0,0,0,0,0,0,0,0,0,2,0,0,2,0,2,0,0,0,0,2,0,0,2,0,2,0,0,0,2,0,0,2,0,0,0,0,0,0,0,0,0,0,0,0,2,0,0,0,0,2,2,0,0,2,0,0,0,2,0,0,0,2,0,0,0,0,0,0,2,0,2,0,0,0,0,2,2,2,0,2,0,0,0,0,0,0,0,0,0,0,0,0,0,0,0,0,0,0,0,2,0,0,2,2,0,2,0,0,2,0,0,0,NA,0,0,0,0,0,0,0,0,0,2,0,0,0,2,2,0,0,0,2,2,0,0,2,0,0,0,2,2,0,0,0,2,0,2,0,0,0,0,2,2,0,0,2,0,0,0,0,0,0,0,0,0,0,2,2,2,0,0,0,0,0,0,2,0,0,0,0,0,0,2,0,0,0,0,0,0,NA,0,2,0,0,2,2,0,2,2,2,2,0,0,2,0,0,0,0,2,0,2,0,0,2,0,0,0,0,0,0,2,0,0,2,0,0,0,0,0,0,0,0,2,2,0,0,0,0,0,0,0,0,2,0,0,0,0,0,2,0,0,0,0,0,0,2,2,0,0,0,0,0,0,2,0,0,0,0,0,0,2,2,0,0,NA,0,0,2,0,2,0,2,0,2,0,2,2,0,0,2,2,0,2,0,0,2,2,0,0,0,0,2,2,2,0,2,0,0,0,0,2,0,0,2,0,2,2,0,0,0,0,NA,2,0,2,0,0,0,0,0,0,2,0,0,0,0,2,0,0,2,0,0,0,2,0,0,0,0,2,0,NA,2,0,2,0,0,0,2,0,0,0,0,2,0,0,2,2,0,0,0,0,0,2,2,0,0,0,0,0,0,0,0,0,2,0,0,0,0,0,0,0,0,0,2,0,0,2,0,0,0,2,0,0,2,0,0,0,2,0,0,2,0,2,0,0,0,0,0,0,0,2,0,2,0,2,0,0,0,0,0,0,0,0,0,0,0,0,0,0,0,0,0,0,0,0,0,2,0,2,0,2,2,0,0,0,0,0,0,2,0,2,0,0,0,2,2,0,0,0,0,2,0,0,0,0,0,0,2,0,0,0,2,0,0,0,0,0,0,0,0,0,0,0,0,2,0,0,0,2,0,2,2,2,0,0,2,0,0,0,0,0,0,2,0,0,0,0,0,0,0,0,0,2,0,0,2,0,0,0,0,0,0,0,0,2,0,0,0,0,2,0,0,0,0,0,0,0,0,0,2,0,0,0,0,0,0,0,0,2,0,0,0,2,0,2,0,0,0,0,0,0,0,0,0,0,0,0,2,0,0,0,0,0,0,0,2,0,0,0,0,0,0,0,0,0,0,2,0,0,0,2,0,0,0,2,0,0,2,0,NA,0,0,0,0,0,0,0,0,0,0,0,0,NA,0,0,0,0,0,0,0,2,0,0,0,2,2,0,2,0,2,2,0,0,0,0,0,0,0,0,0,0,2,0,2,0,0,0,2,2,0,0,0,2,0,0,0,2,0,0,0,NA,0,0,0,2,2,0,0,2,2,0,0,0,0,0,2,0,0,0,0,0,0,0,2,0,0,0,0,0,0,0,0,2,0,0,0,0,0,2,0,2,0,0,0,0,0,2,0,0,0,0,0,0,0,0,0,0,0,2,0,0,0,0,0,2,0,0,0,0,0,0,0,0,0,0,2,0,0,0,0,0,0,0,0,2,0,0,0,0,0,2,0,0,0,0,0,0,0,0,0,0,0,0,0,2,0,0,0,0,0,0,2,0,0,2,0,0,0,2,0,0,2,0,2,2,0,0,0,0,0,0,2,0,0,2,2,2,0,0,0,0,0,2,0,2,0,0,0,0,2,0,0,0,0,0,0,0,0,0,0,0,0,0,2,2,0,0,0,0,0,0,0,0,0,0,0,0,0,0,0,0,0,2,0,0,0,0,0,0,0,0,0,2,0,0,0,0,0,0,0,0,2,0,0,2,0,0,0,0,2,0,0,0,0,2,0,0,0,0,0,2,0,0,0,0,0,0,0,0,2,0,2,0,0,0,0,0,0,0,0,NA,2,2,0,2,0,0,0,0,2,0,0,0,2,0,2,0,2,0,0,0,0,0,0,2,0,2,0,0,0,0,0,0,0,0,0,0,0,2,0,0,0,2,2,0,0,0,2,0,0,0,0,0,2,2,2,0,0,0,0,0,0,2,0,0,0,0,0,0,0,0,0,0,0,0,0,0,0,0,2,0,0,0,0,0,0,0,NA,0,0,0,0,0,2,0,0,0,0,0,0,0,0,0,0,0,0,2,0,0,0,0,0,0,0,0,0,0,0,0,0,0,2,0,0,0,0,0,0,0,0,0,0,0,0,2,2,0,0,0,0,2,0,0,0,0,0,0,0,2,2,0,0,0,0,0,0,0,0,0,0,2,0,0,0,0,0,0,0,0,0,0,0,0,0,0,0,2,0,0,0,0,0,2,2,0,2,0,0,0,0,0,0,2,0,0,0,0,0,2,2,0,0,0,0,0,0,0,0,0,0,2,0,0,0,0,0,2,0,0,0,2,0,0,0,0,0,0,0,0,0,0,0,0,2,0,0,0,2,0,0,0,0,0,0,0,0,0,0,0,0,0,0,0,0,0,0,0,2,0,0,2,0,2,0,0,0,2,0,0,0,2,0,2,0,0,0,0,2,2,0,0,0,2,2,0,0,0,0,0,0,2,0,0,2,0,2,0,2,2,2,0,0,0,0,2,0,0,2,2,0,0,NA,0,0,2,0,2,0,0,0,2,2,0,0,0,0,0,2,0,2,2,0,2,0,0,0,2,0,0,0,0,0,2,2,0,0,2,0,0,0,0,0,0,0,0,2,0,0,2,0,0,0,0,2,0,0,2,0,2,2,0,0,2,0,0,2,0,0,NA,0,0,0,0,0,0,0,0,0,0,0,0,2,2,2,0,0,2,2,2,0,0,0,0,0,0,0,0,2,0,0,0,2,0,0,2,2,2,0,0,2,0,2,2,0,0,0,0,0,0,0,0,0,0,0,0,0,0,0,0,0,0,0,0,0,0,0,0,0,0,0,0,0,0,2,0,0,0,0,2,0,0,2,0,2,0,0,0,2,0,0,0,2,0,0,2,0,0,0,2,2,0,2,0,0,0,2,2,0,2,0,0,2,0,0,0,0,0,0,2,0,0,2,0,0,0,0,2,0,0,0,0,2,0,2,0,0,2,0,0,0,2,0,0,0,0,0,2,0,0,0,0,0,2,0,0,0,0,0,2,0,NA,0,0,0,2,2,0,0,0,2,0,2,0,0,0,0,0,0,2,0,0,0,0,0,0,0,0,2,0,0,2,0,0,2,0,0,0,0,0,2,0,0,0,2,2,0,2,0,0,0,2,0,0,0,0,0,0,0,2,0,0,2,2,0,0,0,0,0,0,0,0,0,0,2,2,0,0,0,0,0,0,0,0,0,0,0,0,0,2,0,0,0,0,0,0,0,2,0,2,0,0,2,2,2,0,0,0,0,0,0,0,0,0,0,0,0,0,0,0,0,2,0,0,0,2,2,0,0,0,0,0,0,0,0,0,0,0,0,0,0,2,0,2,0,2,0,2,2,0,0,0,2,0,0,0,0,2,0,2,0,2,0,2,0,2,0,2,0,0,0,0,0,0,0,0,0,0,0,0,0,0,0,0,0,0,0,0,2,2,0,0,0,2,0,0,0,0,0,2,0,2,0,0,0,2,0,0,0,0,0,0,0,0,0,0,0,0,0,0,0,0,0,0,0,0,0,0,0,0,0,2,0,2,0,0,0,0,0,2,0,0,0,0,2,0,0,2,2,2,0,2,0,0,0,0,0,0,0,2,2,0,0,0,0,2,0,0,0,2,0,0,2,0,2,0,2,2,2,0,0,0,0,0,0,0,0,2,0,2,0,2,0,0,0,0,2,0,2,0,0,0,0,0,0,2,2,0,2,2,0,0,0,0,0,0,0,0,0,0,0,0,0,0,0,0,0,2,0,0,0,0,0,0,0,0,0,0,2,0,0,0,0,0,0,0,0,0,0,0,0,0,2,0,0,0,2,0,0,0,2,0,2,2,0,0,2,0,2,0,0,0,0,0,2,0,0,0,0,0,0,0,0,0,0,0,0,0,0,2,0,0,0,2,2,0,2,0,2,0,0,0,0,0,0,0,0,0,2,0,2,2,0,0,0,2,0,0,0,0,2,0,0,0,0,0,0,2,0,0,0,0,0,0,0,0,0,0,0,0,0,2,0,0,0,0,0,2,0,0,0,0,2,0,2,0,0,2,2,0,NA,0,0,2,0,0,2,2,2,0,0,2,0,2,0,2,0,2,0,0,0,0,2,0,2,2,0,0,2,0,0,0,2,0,2,2,0,0,2,0,0,0,2,0,0,0,2,0,2,0,0,0,2,0,0,0,0,2,0,0,2,0,0,0,0,0,0,0,0,2,0,2,0,0,0,0,0,0,0,2,0,0,0,2,2,0,0,0,0,0,0,2,0,2,0,2,0,0,2,0,0,2,0,2,0,0,0,0,2,0,0,0,0,0,0,0,0,0,0,0,2,0,0,0,2,2,2,2,0,2,0,0,0,0,0,0,0,0,0,0,2,0,0,2,0,0,0,2,0,0,2,0,0,0,0,0,0,0,0,0,0,0,0,2,2,0,0,0,0,2,0,0,0,0,2,2,0,2,0,0,0,0,0,2,0,0,0,0,0,0,0,2,2,2,0,0,0,0,0,2,0,0,2,0,0,0,0,0,0,2,0,0,0,2,0,0,0,0,0,0,0,0,0,NA,0,0,0,0,0,0,0,0,0,0,2,0,0,0,2,0,0,0,0,0,0,0,0,2,0,2,0,2,0,0,0,0,0,0,0,0,0,0,2,0,0,0,0,2,0,0,0,0,2,2,0,2,0,0,0,0,0,0,0,0,0,0,0,2,0,0,2,0,2,0,2,0,0,2,2,0,0,0,0,0,0,2,0,0,2,0,2,0,0,2,0,0,0,0,2,NA,0,2,0,2,0,0,0,0,0,0,0,0,0,0,0,0,0,0,0,0,0,0,0,0,0,0,0,0,0,0,2,0,2,2,0,0,2,0,0,2,0,0,0,0,2,0,2,0,0,0,2,0,0,0,0,0,2,0,0,0,0,0,0,0,2,0,0,0,0,0,0,0,0,0,0,0,0,0,0,0,2,0,0,0,0,0,0,0,2,0,0,0,0,0,0,0,2,0,0,0,0,2,0,2,0,0,2,2,0,0,2,2,0,0,0,0,0,0,0,0,0,0,0,0,0,0,0,0,0,2,2,0,0,0,0,0,0,0,0,0,0,0,0,0,0,2,0,2,0,0,0,2,0,0,0,0,0,0,0,2,2,0,0,2,0,0,0,0,2,0,0,0,0,0,0,0,2,2,0,NA,2,0,2,0,0,0,0,0,0,0,0,0,0,0,2,0,0,0,0,0,0,2,0,2,0,0,0,0,2,0,0,0,0,0,2,0,0,2,2,0,0,2,0,0,0,0,0,0,0,0,0,0,0,0,0,0,0,0,0,0,0,0,0,0,0,2,2,0,0,0,0,2,0,0,0,0,0,2,0,2,0,0,0,0,0,2,0,0,0,0,0,0,0,0,0,0,0,0,0,0,0,0,0,2,2,2,0,2,0,0,0,0,0,0,0,0,0,2,0,0,0,0,0,0,0,2,0,2,0,0,0,2,0,0,0,0,0,0,0,0,0,2,0,0,2,0,0,2,0,0,0,0,0,0,0,0,0,0,0,0,0,0,0,0,0,0,0,0,0,0,0,2,0,0,0,0,0,0,0,2,0,0,0,0,0,0,2,0,0,0,0,0,2,0,0,0,0,0,0,0,0,0,0,0,0,0,0,2,2,0,0,0,0,0,0,0,0,0,0,0,0,0,2,0,2,0,0,2,0,0,0,0,NA,0,2,0,0,0,0,0,2,0,0,0,0,0,0,0,0,2,0,0,0,0,2,2,0,2,0,0,2,0,2,0,0,0,2,2,0,0,0,0,2,0,0,2,2,0,0,0,2,0,0,0,0,2,0,0,0,0,0,0,0,0,0,0,0,0,0,0,0,0,0,0,0,0,0,0,0,2,2,0,0,0,0,0,0,0,0,2,0,0,2,2,0,2,2,2,0,0,2,2,0,0,2,0,0,0,2,0,2,0,0,2,0,0,2,2,2,0,0,0,2,2,0,0,0,2,0,0,0,0,0,0,0,2,0,0,0,0,0,0,2,2,0,0,0,0,0,0,0,0,0,0,0,0,0,0,0,0,2,0,0,2,0,0,0,0,0,0,0,0,2,0,0,2,2,NA,0,0,0,0,0,0,0,0,0,0,0,0,2,0,0,0,0,0,0,0,0,0,2,0,0,0,0,0,0,0,0,0,0,0,0,0,0,0,0,0,0,0,0,0,2,0,0,0,0,0,0,0,0,0,0,0,0,0,0,0,2,0,0,0,0,2,0,0,0,2,0,0,0,0,0,0,0,0,0,0,0,0,0,0,0,0,0,0,0,0,2,2,0,0,0,0,0,0,0,0,0,0,0,0,0,2,0,0,0,0,2,0,0,0,0,0,0,0,0,0,2,0,0,0,0,2,0,0,0,0,2,0,0,0,0,2,0,2,0,0,0,0,0,0,0,0,0,0,0,0,2,0,0,0,0,2,0,0,0,0,0,0,0,0,0,0,0,0,2,0,2,0,2,0,0,0,0,2,0,0,2,2,0,0,2,0,0,0,0,2,0,0,2,0,0,0,0,2,0,2,0,0,0,0,0,2,0,0,0,0,0,0,0,0,0,0,0,0,0,0,0,0,0,0,0,0,0,0,0,0,0,0,0,0,0,0,0,0,0,0,0,0,0,0,0,0,2,0,0,2,0,2,2,0,0,0,0,0,0,2,2,0,0,0,0,2,0,2,0,0,2,2,2,0,0,0,0,2,0,0,0,0,0,2,2,0,2,0,2,2,0,0,0,0,0,2,0,2,2,0,0,0,2,0,0,0,0,0,2,0,0,0,0,0,0,0,0,0,2,0,0,2,0,0,0,2,0,0,0,2,0,0,0,0,0,0,2,0,0,0,0,0,0,0,2,0,2,0,0,0,0,0,0,0,0,0,0,0,0,0,0,0,0,0,0,0,0,2,0,2,0,0,0,0,0,0,0,0,0,0,0,2,0,0,0,0,2,0,0,0,0,2,0,0,0,0,0,0,2,2,0,0,0,0,0,0,0,0,0,0,0,0,0,2,0,0,0,0,0,0,0,2,0,0,0,2,0,0,0,0,0,0,0,0,0,2,0,0,0,0,0,0,0,0,0,0,0,0,0,0,0,0,0,0,0,0,0,0,2,0,0,0,0,2,0,0,0,0,0,2,0,0,2,2,0,0,0,0,0,0,0,0,2,0,0,0,0,0,0,0,0,0,0,0,0,0,0,0,0,0,0,2,0,0,0,0,0,0,0,2,0,0,0,0,0,0,0,0,2,0,0,0,0,0,0,0,0,0,0,0,0,0,0,0,0,0,0,0,0,0,0,0,0,0,0,0,0,2,0,0,0,0,0,0,0,2,0,0,0,0,0,0,0,0,0,0,0,0,0,0,0,0,0,0,2,0,0,0,2,0,0,0,0,0,0,0,0,0,0,0,0,0,0,0,0,0,2,0,2,0,0,0,0,0,0,0,0,0,0,0,0,2,0,0,0,0,0,0,0,0,2,0,2,0,0,0,0,0,0,0,0,0,0,0,0,0,0,2,0,0,0,0,0,0,0,0,0,0,2,0,0,0,0,0,0,0,0,0,0,0,0,0,0,0,0,0,0,0,0,0,0,0,0,0,0,0,2,0,0,0,0,2,0,2,0,0,0,0,0,0,0,0,0,0,0,0,0,0,0,0,0,0,0,0,2,0,0,0,0,0,0,0,0,0,0,0,0,0,0,0,2,2,0,2,0,2,0,0,2,0,0,0,0,0,0,0,0,0,0,2,0,0,0,0,0,0,0,0,0,0,0,2,0,0,0,0,0,0,0,0,0,0,0,2,0,0,0,0,2,0,0,0,0,0,0,0,0,2,0,2,0,0,0,2,0,2,0,2,0,2,0,0,0,0,0,0,0,2,0,0,0,2,0,0,0,2,0,2,0,0,0,0,0,0,0,0,0,0,0,0,0,0,0,0,0,0,0,0,0,0,0,0,0,2,0,0,0,0,2,0,2,0,0,0,0,0,0,2,0,0,2,0,0,0,0,0,0,0,2,0,0,0,0,2,0,0,0,2,0,0,0,0,0,0,0,0,0,0,0,0,0,0,0,0,0,0,0,0,0,0,0,0,0,0,0,2,0,0,0,0,2,2,0,0,0,0,0,0,0,0,0,0,0,0,0,0,0,0,0,0,0,2,2,0,0,0,0,2,0,2,0,0,0,0,0,0,0,0,0,0,0,2,2,2,0,2,2,0,0,0,2,0,0,2,0,0,0,0,0,2,2,2,0,0,0,0,2,0,2,0,0,0,2,2,0,0,2,0,0,0,0,0,0,0,2,0,0,2,0,0,0,2,0,0,0,2,0,0,0,0,2,0,2,0,0,0,0,0,0,0,0,0,0,0,0,0,0,0,2,0,0,0,0,0,0,0,0,2,0,2,2,0,2,0,0,0,0,0,0,0,0,0,0,0,0,0,0,0,0,2,0,0,0,0,2,0,0,0,0,2,2,0,0,0,0,0,0,0,0,2,0,0,2,0,2,2,0,0,0,0,2,0,0,2,0,0,0,0,2,0,0,0,0,0,0,2,0,0,0,0,0,0,0,0,0,0,0,0,0,2,0,0,0,0,0,2,0,0,2,2,0,0,0,0,2,NA,0,0,0,0,0,0,0,0,0,0,0,0,0,2,0,0,0,0,0,2,0,2,0,0,0,NA,0,0,0,0,2,2,0,0,0,2,0,0,0,2,0,0,0,0,0,0,0,0,0,2,0,0,0,0,0,0,0,2,2,0,0,0,2,0,0,0,2,0,0,0,2,0,0,0,2,0,0,0,2,0,0,0,2,0,0,0,2,2,0,0,0,2,0,0,0,0,0,2,2,0,0,0,0,0,0,0,0,0,0,2,0,0,0,0,2,2,0,0,0,2,0,2,0,0,0,0,2,0,0,0,2,0,0,2,0,0,0,0,2,0,0,0,0,0,0,0,0,0,2,0,0,2,0,0,0,0,0,0,0,2,0,2,0,0,0,2,0,0,0,0,2,0,2,0,0,2,0,0,0,0,0,0,0,0,2,0,0,0,0,0,0,0,0,0,0,0,0,0,2,0,0,0,0,0,0,0,0,0,2,0,2,0,0,0,0,0,2,0,0,0,0,0,0,2,0,0,0,0,0,0,2,2,0,0,0,0,0,0,0,0,0,0,2,0,0,0,0,2,2,2,2,0,0,2,0,0,0,0,0,2,2,2,0,0,0,0,0,0,0,2,0,0,0,0,0,0,0,0,0,0,0,0,2,0,0,2,0,0,0,0,0,2,2,2,2,2,0,0,0,0,0,0,0,0,2,0,0,0,2,0,0,2,0,2,0,0,0,NA,NA,2,0,0,0,0,2,0,0,0,0,0,2,2,0,0,0,0,0,0,2,0,2,0,0,0,0,2,0,0,0,0,0,0,0,0,0,0,0,0,0,0,0,2,0,2,2,0,2,0,0,0,0,0,2,0,0,2,0,0,0,0,0,2,0,2,0,2,0,0,0,0,0,0,0,2,0,0,0,0,0,0,2,2,0,0,0,0,0,0,0,2,0,0,0,0,0,0,0,2,0,0,0,0,2,2,0,0,0,0,0,0,2,2,0,2,0,2,0,0,2,0,0,0,0,0,0,0,0,0,0,0,0,0,0,0,0,0,0,2,0,2,0,0,0,0,0,0,0,2,2,2,0,0,0,0,2,0,0,2,0,0,0,0,2,0,0,0,2,0,2,2,2,2,0,0,0,2,0,0,0,0,0,0,2,2,0,0,0,0,0,0,0,0,0,0,0,2,0,0,0,0,0,0,2,0,0,0,0,2,2,0,0,2,0,0,0,0,0,0,0,0,0,0,2,0,2,2,2,2,0,2,0,0,2,2,0,0,0,0,0,2,0,2,0,2,0,0,0,0,2,0,0,0,2,0,0,0,0,0,0,0,0,2,0,0,0,0,2,0,2,2,0,0,0,2,0,2,0,0,2,0,0,0,2,0,0,2,0,0,0,2,0,0,0,0,2,0,0,0,0,2,0,0,0,0,0,0,0,0,2,2,0,0,0,0,0,0,0,0,0,0,0,0,2,2,0,0,0,0,2,0,2,0,2,0,0,0,2,2,0,0,2,0,0,0,2,0,0,2,0,0,0,2,0,0,2,0,0,0,0,0,0,0,0,0,0,0,0,0,2,0,0,0,0,0,0,0,2,0,2,2,0,2,0,0,0,2,0,0,0,0,0,2,2,0,0,0,0,0,0,0,0,2,0,2,0,0,0,0,2,2,0,0,2,2,0,0,0,0,0,2,0,2,0,0,0,0,0,2,2,0,NA,0,0,2,0,0,0,0,0,0,0,2,0,0,0,0,2,2,0,0,0,2,0,0,2,0,0,0,0,0,0,2,2,0,0,0,0,0,0,0,0,2,0,0,0,0,0,0,2,0,0,0,0,0,0,2,0,0,0,2,0,2,0,0,0,0,0,2,0,0,0,2,2,0,0,2,2,0,0,0,2,2,0,0,2,0,2,0,0,0,0,0,0,0,0,2,0,0,0,2,2,0,0,0,0,0,0,0,0,0,0,0,0,0,0,0,0,0,0,0,0,0,0,2,0,0,2,0,0,0,0,0,0,0,0,NA,0,0,0,0,2,0,0,0,2,0,0,0,0,2,0,2,2,0,2,0,2,0,0,0,0,2,0,0,0,0,0,0,0,2,2,0,0,0,0,0,2,0,0,0,0,0,2,0,0,0,2,0,0,0,0,0,0,2,0,0,0,0,0,2,2,0,0,2,0,0,2,0,2,2,0,0,0,0,0,2,2,0,0,0,0,0,0,0,0,0,0,0,2,2,0,2,0,0,0,0,0,0,0,0,0,2,0,2,0,0,0,0,2,0,0,2,0,0,0,2,0,0,0,2,0,0,0,2,0,2,0,0,0,0,0,0,2,2,0,2,0,0,2,0,0,2,2,0,0,0,2,0,0,0,2,2,0,2,2,0,2,0,0,2,0,0,2,0,2,2
"CC254",0,0,0,0,2,0,0,2,0,0,0,0,0,0,0,0,0,0,0,0,0,0,0,0,2,0,0,0,0,0,0,0,0,0,0,0,0,0,0,0,0,0,0,0,0,2,0,0,0,0,0,0,0,0,0,0,0,0,2,0,0,0,0,0,2,2,2,0,0,0,0,0,0,0,0,0,0,0,0,0,2,0,0,0,0,0,0,0,0,0,2,0,0,0,0,2,0,0,0,0,0,0,0,0,0,2,0,0,0,0,0,0,0,0,0,0,0,0,0,2,0,0,2,2,0,2,2,0,0,0,0,0,0,0,0,0,0,0,0,2,0,0,0,0,0,0,0,2,0,2,2,0,0,0,0,2,0,2,0,2,0,0,0,0,0,0,0,2,2,2,0,0,0,0,0,0,0,0,2,2,2,0,2,0,0,0,2,0,0,2,0,2,0,0,2,0,2,2,0,0,0,0,0,0,0,0,0,0,0,0,0,0,2,0,2,2,2,2,0,0,0,0,0,0,0,2,0,2,0,0,2,0,0,2,0,0,0,0,0,0,2,0,0,0,0,0,0,0,0,0,0,0,0,0,0,0,0,0,0,0,0,2,0,0,2,0,0,0,0,0,0,0,0,0,0,2,0,0,0,0,0,0,0,2,0,0,0,2,0,2,0,0,2,0,0,2,0,0,2,2,0,2,0,0,2,0,2,0,2,0,0,0,0,0,2,0,0,0,0,0,0,0,0,0,0,0,0,2,2,0,0,0,0,0,0,0,2,0,0,0,2,0,2,0,0,0,0,2,0,0,0,0,0,2,0,0,0,0,0,0,0,0,2,0,2,0,0,0,0,2,0,0,0,0,0,0,0,0,0,0,2,0,2,0,0,2,0,0,2,0,2,2,2,2,2,2,2,0,0,0,0,0,2,2,0,2,0,0,0,0,0,0,0,0,0,0,2,2,0,2,0,0,2,0,0,0,0,0,0,2,0,0,0,0,2,0,0,0,0,0,2,0,0,0,0,0,0,2,2,0,0,0,0,0,0,2,0,0,2,2,2,2,0,0,0,0,0,0,0,0,0,2,2,0,0,0,0,0,0,0,0,0,0,0,0,0,0,2,0,0,2,NA,0,0,0,0,0,0,0,0,0,0,0,0,2,0,0,0,0,2,0,2,0,0,0,0,0,0,0,2,0,0,2,0,2,2,2,0,0,0,0,0,0,0,0,0,2,0,0,0,0,0,0,2,0,0,2,0,0,0,0,0,0,0,0,0,2,0,0,0,0,2,0,2,0,0,0,0,0,0,0,0,0,0,2,0,2,0,2,2,2,2,0,0,0,0,2,0,2,2,0,0,0,2,0,0,0,2,0,0,0,0,0,2,2,2,0,2,0,0,0,0,0,2,0,0,0,0,0,0,0,0,0,0,0,2,0,0,2,0,0,0,0,2,0,0,0,2,0,2,0,0,0,0,0,0,0,0,0,0,0,0,0,0,2,2,2,0,0,0,2,2,0,2,2,2,0,2,0,2,0,2,0,0,0,2,2,0,2,0,0,0,2,0,2,0,0,0,2,0,0,0,0,0,0,0,2,2,2,0,2,0,0,0,0,0,0,2,2,0,0,2,0,0,0,2,2,0,2,0,0,0,0,0,0,0,0,0,0,2,2,0,0,0,0,0,0,0,0,0,0,0,0,0,2,2,0,2,2,0,0,0,0,0,0,0,0,0,2,0,2,0,0,0,0,0,0,0,0,2,0,2,0,0,0,0,0,0,0,0,0,0,0,0,0,0,0,0,0,2,2,0,0,0,0,0,0,0,0,0,0,0,0,2,0,2,0,0,2,0,0,0,2,0,0,0,2,0,2,2,0,0,0,2,0,2,0,0,0,0,2,0,0,0,0,0,0,0,0,0,0,0,0,0,0,0,0,2,0,0,2,2,0,2,0,0,0,0,0,0,0,0,2,0,2,0,0,2,0,0,2,0,0,0,0,0,0,0,0,0,0,2,0,0,2,2,0,0,0,2,0,0,0,0,0,0,0,0,0,0,0,0,0,0,2,0,2,0,0,0,2,0,0,0,0,0,0,0,2,0,0,0,0,0,0,0,0,0,0,0,0,0,0,0,2,0,0,0,0,0,0,2,0,0,0,0,0,0,0,0,2,0,0,0,0,0,2,0,0,0,0,0,0,0,0,0,0,0,0,2,0,0,0,0,0,0,2,2,0,0,0,0,0,0,2,0,0,0,2,0,2,0,0,0,0,0,0,0,0,0,0,0,2,0,0,0,0,0,0,0,0,0,0,0,0,2,0,0,0,0,0,0,0,0,0,0,0,0,2,2,2,0,0,0,0,0,0,0,2,2,0,0,0,0,0,2,0,0,2,0,0,0,0,0,0,2,0,0,2,2,0,0,NA,0,0,0,0,2,0,0,0,0,0,0,0,2,0,0,2,0,2,0,0,0,0,0,0,0,0,0,0,0,2,0,0,2,0,0,0,0,0,0,0,0,0,0,0,2,2,2,2,0,0,0,0,0,0,0,0,2,0,0,2,2,0,0,0,0,0,0,2,0,0,0,0,0,0,0,0,0,0,2,0,2,2,0,0,2,2,2,0,0,0,0,0,0,0,0,0,2,2,2,0,0,0,2,0,0,0,2,0,0,0,0,2,0,0,0,0,0,0,0,0,0,0,0,0,0,0,0,0,0,0,0,0,0,0,0,0,0,0,2,0,0,0,0,0,0,2,2,0,0,0,0,0,0,0,0,0,0,0,2,0,0,0,0,0,2,0,0,0,0,0,0,0,0,2,0,0,0,0,2,0,0,0,0,2,0,2,0,2,0,2,0,0,0,2,0,0,0,0,0,0,0,0,0,0,0,0,0,2,0,0,2,0,0,0,0,2,2,0,2,0,0,2,0,0,0,0,0,0,0,0,0,2,2,2,0,0,0,2,0,0,0,0,0,2,0,2,2,0,0,2,0,0,0,0,0,2,2,0,0,2,0,2,0,0,0,0,2,0,0,0,0,0,0,0,2,0,2,0,0,0,0,0,0,0,0,0,0,2,0,0,0,0,0,0,0,0,0,0,2,2,2,0,0,0,0,2,0,0,0,0,0,0,0,2,2,0,0,0,0,0,0,0,0,0,0,0,0,0,0,2,0,2,2,0,0,0,0,0,0,0,0,0,0,2,0,0,0,0,0,2,0,2,0,0,0,0,0,0,0,0,0,0,2,0,0,2,0,2,0,0,0,0,0,0,0,0,0,0,0,0,0,0,0,0,0,2,2,0,0,0,0,2,0,0,0,0,0,0,2,0,2,0,0,0,0,0,0,0,0,0,0,0,2,0,0,0,0,0,2,0,0,2,0,0,0,0,0,0,0,2,0,2,0,0,0,0,0,0,0,0,0,0,0,0,0,0,0,0,2,0,0,0,2,0,0,0,0,2,0,0,0,0,0,0,0,0,2,0,0,0,0,0,0,0,0,0,0,0,0,0,0,2,0,0,0,0,2,2,0,0,0,0,0,0,0,0,0,0,0,0,2,0,2,2,0,0,0,0,2,2,0,2,0,0,0,0,0,0,0,2,2,0,2,0,0,0,2,0,0,0,0,2,0,0,0,0,0,0,0,0,0,0,0,0,2,0,0,2,0,0,2,2,2,2,2,0,2,0,0,2,2,0,0,0,0,0,0,0,2,2,0,0,0,0,0,2,2,0,0,0,0,0,2,2,0,0,0,0,0,0,0,0,2,0,0,0,2,0,0,0,0,0,0,0,2,0,2,0,0,0,0,0,0,0,0,0,2,0,2,2,0,0,0,0,0,2,0,0,0,2,0,0,2,2,0,0,0,2,0,0,2,2,0,0,0,0,0,0,0,0,2,0,2,0,0,0,2,2,0,2,0,0,0,2,0,0,0,0,2,2,2,NA,0,0,0,0,0,0,2,2,0,0,2,0,0,0,0,0,0,0,0,2,0,2,0,2,2,2,2,0,2,0,0,0,0,0,0,0,0,0,2,2,2,0,0,2,0,0,0,2,2,0,0,0,0,2,0,0,0,0,0,0,0,0,0,0,0,0,0,2,0,0,0,0,0,0,2,0,0,0,0,0,0,0,0,0,0,0,0,0,0,0,0,0,0,0,0,2,2,0,2,0,0,0,2,0,0,2,0,0,0,0,0,0,0,0,0,0,0,0,0,0,2,0,0,2,0,0,0,0,0,2,0,0,0,0,0,0,0,0,0,0,0,0,0,2,0,0,0,0,0,0,0,0,2,0,2,2,2,2,0,0,0,2,0,0,0,0,0,0,2,2,2,0,2,2,0,0,0,0,0,2,0,0,0,2,0,2,0,0,2,0,2,0,0,0,0,0,2,0,0,2,0,2,0,2,0,0,0,0,0,0,0,2,0,2,2,0,2,0,2,2,2,0,0,2,0,2,2,0,0,0,2,0,0,0,2,0,0,0,0,0,2,2,0,0,2,0,0,0,0,2,2,0,0,2,0,2,2,0,0,0,0,0,0,0,2,2,2,0,0,0,0,2,2,0,0,0,2,0,2,0,0,0,0,0,2,2,0,0,0,0,0,0,0,0,0,0,0,0,2,0,0,0,0,0,0,0,0,2,0,0,2,0,0,0,0,0,0,0,2,0,0,0,0,0,0,2,0,0,0,0,0,2,0,2,0,0,0,0,0,0,0,2,0,2,2,2,0,2,2,0,2,0,0,0,0,0,0,2,0,0,0,0,0,0,0,0,0,2,2,0,0,0,0,0,0,0,0,2,2,2,0,0,0,0,0,2,0,0,0,0,0,0,2,0,0,0,0,0,0,0,0,0,2,0,2,2,2,0,0,0,0,0,0,2,0,0,0,0,0,0,2,0,0,0,0,2,0,0,0,0,0,0,0,0,0,0,0,0,0,0,0,0,0,0,0,0,0,0,0,0,2,0,0,0,2,0,0,0,0,0,0,0,0,0,0,0,2,0,2,0,0,0,0,0,0,2,0,0,0,0,2,0,0,0,2,2,0,0,0,0,2,0,2,0,2,0,0,0,0,0,0,0,0,0,0,0,0,0,0,0,0,0,0,0,0,0,0,0,0,0,0,0,2,0,0,0,0,2,0,0,0,0,0,2,0,0,0,2,0,2,0,0,2,0,2,2,2,2,2,0,0,0,0,2,0,0,0,0,0,0,0,2,0,0,0,0,2,2,0,2,0,0,0,0,0,0,2,0,0,2,0,0,0,2,0,0,2,0,2,0,0,0,0,0,0,0,0,0,0,0,0,0,2,2,0,0,0,0,0,0,2,2,2,0,2,0,0,0,0,0,2,0,2,0,0,0,0,0,0,0,2,2,0,0,2,0,0,2,0,0,0,2,0,0,2,0,0,0,0,2,0,0,0,0,0,0,0,0,0,0,0,2,0,0,0,0,0,2,0,2,2,0,0,0,0,0,0,0,0,0,2,0,2,0,0,2,0,0,0,0,2,0,0,0,0,0,0,0,0,0,2,0,0,0,0,0,2,0,0,0,0,0,0,0,0,2,0,0,2,2,2,0,2,2,2,0,0,0,2,0,2,0,0,0,2,0,2,0,0,0,0,2,0,0,2,0,0,2,0,0,2,0,2,0,2,2,2,2,0,0,0,0,0,2,0,0,0,2,0,0,2,0,2,0,2,NA,0,0,2,2,0,0,2,0,0,2,0,0,0,0,0,2,2,0,0,0,0,0,2,0,0,0,0,0,2,0,0,0,2,0,0,0,0,0,2,0,0,0,0,0,0,0,0,0,0,0,2,0,0,0,2,0,0,0,0,0,0,0,0,0,0,2,0,0,2,2,0,2,0,2,0,0,0,2,0,0,0,0,0,0,0,2,0,0,0,0,2,2,0,0,0,0,0,0,2,2,0,0,2,0,0,0,0,0,2,0,0,0,0,0,2,2,2,0,0,2,0,0,0,0,0,0,0,0,2,2,0,0,0,0,0,2,0,2,2,2,2,2,0,0,0,2,0,2,0,0,2,0,2,0,0,2,0,0,0,2,2,0,0,0,0,0,0,0,2,0,2,2,0,0,0,0,0,0,2,2,2,2,0,0,2,0,0,0,0,0,2,0,0,0,0,2,2,2,2,0,0,2,0,0,0,0,0,0,0,0,0,0,0,0,0,2,2,0,2,0,0,0,0,0,0,0,2,2,2,0,0,2,0,0,0,2,0,0,0,0,0,2,0,0,0,0,2,0,0,0,0,0,0,0,2,0,2,0,2,0,0,0,0,0,0,0,0,0,0,0,0,0,0,0,0,0,0,0,0,0,0,0,0,0,0,0,2,0,0,0,0,0,0,0,0,0,0,0,0,0,2,0,0,0,0,0,0,0,2,0,0,0,0,0,0,0,2,0,2,0,0,2,2,0,2,0,0,0,2,0,0,0,0,0,0,2,0,0,0,0,0,0,0,0,2,0,0,0,0,NA,0,0,0,2,2,0,0,0,0,0,2,0,2,0,0,0,0,0,2,2,2,0,0,0,0,0,0,0,0,2,0,0,0,2,0,0,0,0,0,0,0,2,0,0,0,0,0,0,0,0,0,0,0,0,0,0,0,0,0,0,0,0,0,2,0,2,2,0,0,0,0,0,0,0,0,0,0,0,0,0,0,0,0,0,0,0,2,0,0,2,0,0,0,0,0,0,2,2,2,0,0,2,0,2,0,2,0,0,0,0,0,0,0,0,0,0,0,0,0,0,0,0,0,0,0,0,2,2,0,0,0,0,2,0,0,0,0,2,0,2,0,0,0,0,0,0,0,0,0,2,2,0,0,0,0,0,0,0,0,0,0,0,0,0,0,0,0,0,0,0,0,0,0,2,2,0,0,0,2,0,0,0,0,2,0,0,0,0,0,0,0,0,0,0,0,2,0,0,0,0,0,2,0,2,0,0,0,0,0,0,0,0,2,0,0,2,0,2,0,0,0,0,2,0,2,0,0,0,0,0,0,2,0,2,0,0,0,2,0,0,0,0,0,0,0,0,2,2,0,0,0,0,0,0,0,0,0,2,0,0,0,0,2,0,0,2,0,0,0,0,0,0,2,0,0,0,0,0,2,0,0,0,0,0,0,0,0,0,0,0,2,0,0,0,0,0,0,0,2,0,0,0,0,0,0,0,0,0,0,0,0,2,0,2,0,0,2,0,2,0,0,0,2,0,2,0,0,2,0,0,0,0,0,0,2,0,0,0,2,0,2,0,0,0,0,0,0,0,0,0,2,0,0,0,0,0,0,0,0,2,2,0,0,0,2,0,0,0,0,0,0,0,0,0,0,0,0,0,0,0,0,0,0,0,0,0,0,2,2,0,2,0,0,0,0,0,2,0,2,0,0,0,2,2,0,0,0,0,0,2,0,0,2,0,0,0,0,0,2,0,0,0,2,0,0,0,0,0,0,0,0,0,0,0,0,0,0,0,0,0,0,0,0,0,0,0,0,0,0,2,0,0,0,0,0,0,0,0,0,2,0,0,0,0,0,0,0,0,0,0,0,0,2,0,0,0,0,0,0,0,0,0,0,0,0,0,0,0,0,0,0,0,0,0,0,2,0,0,0,2,0,0,2,2,0,0,0,2,0,0,0,0,0,0,2,0,2,0,0,0,0,0,0,0,0,0,0,0,0,0,0,0,0,2,0,0,0,0,2,2,0,0,0,0,0,2,0,2,0,2,0,0,0,0,0,2,0,2,0,0,0,0,0,0,0,2,0,NA,2,2,0,2,0,2,0,0,0,2,2,0,0,0,0,0,0,0,0,0,0,0,0,0,0,0,0,2,0,0,0,2,2,0,0,0,2,0,0,0,0,0,0,0,0,0,0,0,0,0,0,2,0,0,0,0,0,2,0,0,0,0,2,0,2,0,2,0,2,0,0,0,0,0,0,0,0,2,0,0,0,0,0,0,0,2,0,2,0,0,2,0,0,0,0,0,0,0,0,0,0,2,2,0,0,0,0,0,0,2,0,0,0,0,0,2,0,0,0,2,0,2,2,0,2,0,0,2,0,0,0,0,0,2,0,0,0,0,0,0,0,0,0,0,0,0,0,0,0,0,0,0,2,0,0,0,0,2,0,0,0,0,0,0,0,0,0,0,0,0,0,0,2,2,0,0,2,0,0,0,0,0,0,2,0,0,0,2,0,0,0,2,0,0,0,0,2,0,0,0,0,0,2,2,0,0,0,0,0,0,0,0,0,2,2,0,0,0,0,0,0,0,0,0,0,0,0,0,0,0,0,0,0,0,0,0,0,0,0,0,0,0,0,0,0,0,0,2,0,0,0,2,0,0,0,0,0,0,2,0,0,0,0,0,0,0,0,0,0,0,0,0,0,0,0,0,2,2,0,0,0,0,2,0,0,0,0,0,0,0,0,0,0,0,0,0,0,0,0,0,0,0,0,0,2,2,0,2,0,0,0,0,0,0,0,0,0,0,0,0,0,0,0,0,2,NA,0,0,2,0,0,0,0,0,0,0,0,0,0,2,0,0,0,0,0,0,0,0,0,0,2,0,0,0,2,0,0,0,0,0,0,NA,0,2,0,2,0,0,0,0,0,0,0,2,0,2,2,0,0,2,0,0,0,0,0,2,2,0,2,0,2,0,2,0,0,2,0,0,0,0,0,0,0,0,0,0,0,0,0,0,0,0,0,0,0,0,0,0,0,0,0,0,2,0,0,0,0,0,0,0,0,0,0,2,0,0,0,0,2,0,0,0,0,2,0,0,2,2,0,0,2,2,0,2,0,0,0,2,0,0,2,0,0,0,0,2,2,2,0,0,0,0,0,0,0,0,0,0,0,2,2,2,0,0,2,0,0,0,0,2,0,0,2,0,0,0,0,0,0,0,0,0,2,2,0,0,0,0,2,2,2,0,2,2,0,0,0,0,0,0,0,0,0,0,0,0,0,0,0,0,0,0,2,2,0,0,0,0,0,2,0,0,0,0,2,0,0,2,2,0,2,0,2,0,2,0,2,0,0,2,2,0,0,2,2,0,0,0,2,0,2,2,0,0,0,2,0,0,0,2,2,0,0,2,0,0,0,0,2,0,0,0,2,0,0,0,0,2,0,0,0,0,2,0,0,0,0,0,0,0,0,2,0,2,0,0,2,0,0,0,0,0,0,0,2,0,0,0,0,0,0,2,0,0,2,0,2,0,0,0,0,2,0,2,2,2,0,0,0,0,0,2,2,0,0,0,0,0,0,0,0,0,2,0,0,0,0,2,0,0,0,2,2,0,0,0,0,0,0,2,0,0,0,0,0,0,0,0,0,2,0,0,2,2,0,2,0,0,0,2,0,0,0,2,0,0,0,0,0,0,0,2,2,0,0,2,2,0,0,0,0,0,0,0,2,0,2,0,2,0,0,0,2,0,0,0,0,0,0,2,0,0,0,0,0,0,0,0,0,2,0,0,0,0,2,0,0,0,0,0,0,2,2,0,0,0,2,0,0,0,0,0,0,0,0,2,2,0,2,0,0,2,2,0,0,0,2,0,0,2,2,2,0,0,2,0,0,2,NA,2,0,2,2,2,2,0,0,0,2,2,2,0,0,0,0,0,0,0,2,0,0,2,0,0,0,0,2,0,0,0,0,2,0,0,0,2,2,0,0,2,2,0,0,NA,0,0,0,0,0,0,2,0,0,0,0,0,2,0,2,0,0,0,0,0,0,0,0,0,0,2,0,2,2,0,2,0,0,0,0,0,0,0,0,0,0,0,2,2,0,0,2,2,2,0,0,0,0,0,0,2,2,2,0,0,0,0,0,0,0,0,0,2,0,0,2,0,0,NA,0,0,0,0,0,0,2,0,2,0,0,0,2,2,0,2,2,0,0,0,0,0,0,2,0,0,0,0,2,2,0,0,0,2,2,2,0,0,0,0,0,0,0,0,0,0,0,0,0,0,0,0,0,2,0,0,0,0,0,0,0,0,0,2,0,0,2,0,0,0,0,0,0,0,2,0,0,2,0,2,0,0,2,0,2,2,NA,2,0,0,0,0,0,2,0,0,0,0,0,2,2,0,NA,0,2,2,0,0,0,2,2,0,0,0,0,0,0,2,0,0,0,0,0,0,0,0,2,0,0,0,2,0,0,0,2,0,0,2,2,0,0,0,0,0,0,0,2,0,2,0,2,0,0,2,2,0,0,0,0,0,0,0,0,2,0,0,0,2,0,0,0,0,0,0,0,0,0,2,0,0,0,0,0,2,0,0,0,0,0,0,0,0,0,0,0,0,0,0,0,0,0,0,0,0,0,0,2,0,0,0,0,2,0,2,2,0,0,2,0,0,0,2,0,0,0,0,2,0,0,0,2,0,0,0,0,0,0,0,0,0,0,0,0,0,2,2,2,0,0,0,0,0,0,0,0,0,2,2,0,2,2,0,0,0,0,0,2,0,2,0,0,0,2,0,0,0,2,0,0,0,0,2,0,2,0,0,0,0,0,0,2,0,0,0,0,0,0,0,0,0,0,0,0,0,0,0,0,2,0,2,2,0,0,0,0,0,0,0,2,2,2,0,0,2,0,2,0,0,0,0,2,2,0,0,2,0,2,0,0,2,0,2,0,0,2,2,2,0,0,2,0,0,0,2,2,0,0,0,0,0,0,2,0,0,0,0,0,0,0,0,0,0,2,0,2,0,2,0,0,2,0,0,0,0,2,0,0,0,2,0,0,2,0,0,0,2,2,0,2,0,2,2,0,2,2,0,2,0,0,2,0,0,2,0,0,0,0,0,0,2,2,0,0,0,0,2,0,0,0,0,0,0,0,2,2,2,0,0,0,0,2,0,2,0,0,0,0,0,0,0,0,0,0,0,0,0,2,0,0,0,2,0,2,2,2,0,0,2,0,2,2,0,0,0,0,0,0,0,0,0,0,0,2,0,0,2,0,2,2,0,0,0,0,2,0,0,0,2,0,0,2,0,2,0,0,2,0,0,2,0,2,0,0,0,0,2,0,0,0,0,2,0,2,0,0,0,0,0,0,0,0,0,0,2,2,0,0,0,0,0,0,2,2,0,2,0,0,0,0,2,0,0,0,0,2,0,2,0,0,0,0,2,0,0,0,0,2,0,2,2,0,2,0,0,0,2,0,0,0,0,0,0,2,0,0,0,0,0,0,0,0,0,0,0,0,0,0,0,0,0,0,2,2,0,0,0,0,0,0,0,2,0,0,0,0,0,2,0,0,2,0,0,0,2,0,0,0,0,2,2,0,2,0,0,0,0,2,2,2,2,0,0,2,0,0,0,0,0,0,0,0,0,2,0,0,2,0,0,0,0,0,2,0,2,2,0,0,0,2,0,2,0,0,0,0,2,0,0,0,0,2,0,0,0,2,0,0,0,2,NA,NA,0,0,0,0,0,0,2,0,0,0,0,2,0,0,0,0,0,0,0,2,0,0,0,0,2,0,0,0,2,0,0,0,0,2,0,2,0,0,0,0,0,0,0,0,0,0,0,0,2,0,0,0,0,0,2,0,0,2,0,0,0,0,2,0,0,0,0,0,0,0,0,0,0,2,0,0,2,0,0,0,0,0,0,2,0,0,0,0,0,0,0,0,0,2,0,0,2,0,0,0,0,2,0,0,0,0,0,0,0,0,0,0,2,0,0,0,0,0,0,0,0,0,0,2,2,0,2,0,0,0,0,0,0,0,0,0,2,0,0,0,0,0,0,0,0,0,2,2,0,0,0,0,0,0,0,0,0
"CC255",0,0,0,0,2,0,0,2,2,0,0,2,2,0,2,0,0,0,0,0,2,2,0,0,0,2,0,0,0,0,0,0,0,0,0,0,0,0,0,0,2,2,2,0,0,2,0,0,0,0,2,0,0,0,0,0,2,0,2,2,0,0,2,0,2,0,2,0,0,0,0,0,0,0,2,2,2,2,2,0,2,0,2,2,2,0,0,0,0,2,2,2,0,2,0,2,2,0,0,0,0,0,0,0,0,0,0,0,2,2,0,0,2,0,0,0,0,0,2,0,2,2,0,2,2,2,2,0,0,0,0,2,0,0,0,2,2,2,2,2,2,2,0,0,0,0,0,2,0,2,0,0,0,0,2,2,2,0,NA,0,0,0,0,0,0,2,0,2,0,2,0,0,2,2,0,2,2,2,0,0,0,2,2,0,0,0,0,0,0,0,2,2,0,0,0,0,0,2,0,0,0,2,0,0,0,0,2,0,2,0,2,0,2,0,2,0,2,0,2,2,0,0,2,0,0,2,0,0,0,2,2,2,0,0,0,2,0,0,0,0,0,0,0,0,0,0,0,0,2,0,0,2,0,2,2,0,0,0,0,2,0,0,2,2,0,0,2,0,2,0,2,0,0,2,0,0,0,2,2,0,0,0,2,2,0,0,0,2,0,2,2,0,0,2,0,0,0,2,2,0,0,0,2,0,2,0,0,2,0,2,0,0,2,NA,0,0,2,0,2,0,0,0,0,0,0,0,2,0,0,0,0,2,2,0,0,0,0,0,0,0,0,2,0,0,2,0,0,0,2,0,0,0,0,0,2,0,0,2,0,2,0,2,0,0,0,0,0,2,0,0,0,0,2,0,0,0,0,2,2,0,0,0,0,2,0,0,0,2,0,0,0,2,0,2,2,2,2,0,2,0,0,0,0,2,2,2,2,2,0,0,2,0,0,0,0,0,2,0,0,2,0,0,0,0,2,0,0,0,2,2,0,2,0,0,0,0,0,0,0,0,0,0,0,0,0,0,0,0,2,0,2,0,0,0,2,0,0,0,0,2,2,0,2,0,0,0,2,0,0,0,NA,0,0,2,0,0,0,0,0,0,0,2,0,0,0,0,0,2,0,0,0,2,2,0,0,0,2,0,2,0,0,2,0,0,0,0,2,0,0,2,0,2,0,0,0,0,0,0,2,0,2,0,0,0,2,2,2,0,0,0,0,0,0,0,0,0,0,0,0,0,0,0,0,2,0,0,0,0,0,0,0,0,0,0,0,0,0,0,0,0,0,2,0,2,0,0,0,0,0,0,0,0,0,0,2,0,0,0,2,0,0,0,0,0,0,0,2,2,0,2,0,0,0,2,0,0,0,2,0,0,0,0,2,2,2,2,0,0,0,0,2,0,0,2,0,0,0,0,0,0,0,2,0,2,2,0,0,0,2,2,0,2,0,2,0,0,0,2,0,0,0,2,0,0,0,0,0,0,0,0,0,0,2,0,2,0,0,0,0,0,0,2,0,0,0,0,0,0,0,2,0,0,0,0,0,0,0,2,2,0,0,0,0,0,0,0,0,0,0,0,2,0,0,0,0,0,2,0,0,0,0,0,0,0,0,0,0,0,0,0,0,2,0,0,2,0,0,0,2,2,2,0,0,0,0,0,0,0,0,2,2,2,0,2,0,2,2,0,0,2,0,0,0,2,0,2,0,0,0,0,0,2,0,0,2,0,0,2,0,0,2,0,0,0,0,0,0,2,0,0,0,2,0,0,2,0,2,0,2,0,0,2,0,0,0,0,0,0,0,0,0,0,0,0,0,0,0,0,0,0,0,0,0,0,2,0,2,0,0,0,0,2,0,0,0,0,2,0,0,0,0,0,2,0,0,0,0,0,0,0,0,0,0,0,0,0,0,0,0,0,2,2,0,0,0,0,0,2,0,0,0,2,0,2,0,0,0,0,0,0,2,0,2,0,0,0,0,0,0,0,2,0,0,0,2,2,0,0,0,0,0,2,0,0,2,2,0,0,0,2,2,0,0,0,2,0,2,0,2,0,0,0,0,0,2,0,0,2,0,0,2,0,0,0,0,0,0,0,2,0,0,0,0,0,0,0,0,0,0,0,2,0,0,0,2,0,0,0,2,0,0,0,0,0,0,0,0,0,0,0,0,0,0,0,0,0,2,0,0,0,0,0,0,0,0,0,0,0,0,0,2,0,0,0,0,0,0,2,0,0,2,0,0,0,2,0,0,0,0,0,0,0,0,0,0,2,0,0,0,2,0,2,0,0,0,0,0,0,2,0,0,0,0,0,0,0,0,0,0,2,0,0,0,0,0,2,0,0,0,0,0,0,0,0,0,0,0,0,2,0,0,0,0,0,0,2,0,2,0,0,0,0,0,0,0,2,0,0,0,0,0,0,0,0,0,0,0,0,0,0,2,0,0,0,0,0,2,2,2,NA,2,2,0,0,0,0,0,0,0,0,0,0,0,0,0,2,0,0,0,0,0,0,0,0,0,0,0,2,2,0,0,0,0,0,0,2,0,0,0,2,0,2,0,2,0,0,0,0,0,2,2,0,2,0,2,0,0,0,0,0,0,2,0,0,2,0,0,0,2,2,0,2,2,2,0,0,0,0,0,2,2,2,0,0,0,0,2,0,2,0,0,0,0,0,0,0,0,0,0,0,0,0,2,0,0,0,0,2,2,0,0,0,0,2,0,0,0,0,0,0,0,2,0,0,0,2,0,0,0,0,0,0,0,0,0,0,0,0,0,0,0,0,0,0,0,0,0,0,0,0,0,0,0,0,0,0,0,0,0,0,0,2,0,0,0,0,2,0,2,2,NA,0,0,2,2,0,NA,2,0,0,2,0,0,2,0,2,0,0,0,0,0,0,0,0,0,0,0,0,2,0,0,2,0,0,0,0,0,0,2,2,0,2,0,0,0,0,0,0,0,0,0,2,0,0,0,0,0,2,0,2,0,0,0,0,0,0,0,0,0,0,0,0,2,0,0,0,2,0,0,2,0,0,0,2,2,0,0,0,0,2,0,2,0,0,0,0,2,0,2,0,0,0,2,0,2,0,0,0,2,0,0,0,0,0,0,2,2,0,2,2,2,2,0,0,0,0,2,2,NA,0,0,0,0,2,0,2,0,2,2,0,0,2,2,0,2,0,2,0,0,0,0,2,2,2,0,0,0,0,0,0,0,0,0,2,2,0,0,2,0,0,0,0,2,0,0,0,2,0,0,2,0,0,0,NA,0,2,2,2,0,0,0,0,2,0,0,2,0,0,2,2,0,0,0,0,2,0,0,0,0,2,0,0,0,0,0,2,2,2,0,0,0,0,0,0,0,2,0,0,0,2,2,0,0,2,0,0,2,0,0,0,0,2,0,0,0,0,2,0,2,0,2,2,0,0,0,0,2,2,0,2,0,0,0,0,0,0,0,2,0,0,0,0,0,0,2,NA,0,0,2,0,0,2,0,2,0,0,0,2,2,2,0,2,0,2,0,0,2,0,2,0,0,0,0,0,0,0,0,0,0,0,2,2,2,2,0,0,0,NA,0,0,0,0,2,2,0,0,2,2,2,0,0,0,0,0,0,0,0,0,0,2,0,0,0,0,0,0,0,0,0,2,0,2,0,0,2,2,0,2,0,0,0,0,0,0,0,2,NA,2,2,2,2,0,0,0,0,0,2,0,0,0,0,0,0,2,2,0,0,0,0,2,0,2,0,2,0,2,2,2,2,0,0,0,0,0,0,2,2,2,0,0,0,0,0,0,2,0,0,0,0,0,0,0,0,0,0,0,2,0,0,0,0,0,0,0,0,0,0,0,2,0,0,0,2,0,2,0,0,0,0,2,2,2,0,0,0,0,0,0,0,0,0,2,2,2,0,0,0,2,2,0,2,0,NA,2,0,2,2,2,0,0,0,2,2,2,0,2,0,0,0,2,2,2,2,0,0,2,2,0,0,0,0,0,0,2,2,0,0,0,0,0,0,0,2,2,0,0,NA,2,0,0,0,0,0,2,2,0,0,2,2,2,0,0,0,0,0,0,2,2,2,0,0,0,2,0,0,0,0,2,0,0,0,0,2,0,0,0,0,0,0,2,0,0,0,2,0,0,0,2,0,0,0,0,0,0,0,0,2,0,0,0,2,0,0,2,0,0,2,0,2,0,0,0,0,0,0,0,0,2,2,0,0,0,0,2,0,0,0,2,0,0,0,2,2,0,0,0,2,0,0,0,0,2,2,2,0,0,2,0,0,0,0,0,0,0,0,0,2,2,0,0,0,2,2,2,0,2,2,2,2,0,0,0,0,NA,0,2,0,0,0,2,0,2,0,0,0,2,0,0,0,0,0,0,0,0,2,0,0,0,0,0,2,0,2,0,2,0,0,0,0,2,0,2,0,2,0,2,2,0,0,2,0,0,0,0,2,0,0,0,0,0,0,0,0,0,0,2,0,0,0,0,2,0,0,0,0,0,0,0,2,0,0,0,0,0,0,0,0,0,0,0,0,0,0,0,0,0,0,0,0,0,0,0,0,2,0,0,0,2,2,0,0,2,0,0,0,0,0,2,0,2,0,2,0,0,0,0,2,2,0,0,0,0,0,2,0,0,0,0,0,0,0,2,2,2,0,0,0,2,0,0,0,0,0,2,2,0,0,0,0,2,2,0,2,0,0,2,2,0,0,2,2,0,0,0,0,0,0,0,0,0,0,0,0,0,0,0,2,0,0,0,2,0,2,2,0,0,0,2,0,2,2,0,2,0,0,2,NA,0,2,0,0,0,2,0,0,0,0,0,0,2,0,0,0,0,0,0,0,2,0,0,2,0,0,0,0,0,2,0,2,0,2,0,0,0,2,2,0,0,0,0,0,0,0,0,0,2,2,0,0,0,0,0,0,2,0,0,0,0,0,0,0,0,0,0,0,0,0,0,0,0,0,0,0,0,0,2,0,2,0,0,0,0,0,0,0,0,0,0,0,0,2,0,0,0,0,0,0,0,2,2,0,0,0,0,0,2,0,0,0,2,0,0,0,0,0,0,0,2,0,0,2,2,2,0,0,2,0,0,0,2,0,0,2,0,0,0,2,0,0,0,0,0,0,0,0,NA,0,0,0,0,0,0,0,0,0,0,0,2,2,0,2,0,2,0,0,0,0,0,0,2,0,2,0,2,0,0,0,0,2,0,0,0,0,0,0,0,2,0,0,0,0,2,0,0,0,0,2,0,0,0,0,0,0,0,2,0,0,0,NA,0,0,0,0,0,0,0,2,0,0,0,0,0,0,0,2,0,0,0,0,2,0,0,0,0,0,0,0,0,0,0,0,0,0,2,0,0,0,0,0,0,0,0,2,2,0,0,0,0,0,0,2,0,0,0,0,2,0,2,2,0,0,0,0,0,0,0,0,0,0,0,2,0,0,0,0,0,0,0,0,0,2,0,0,0,0,0,0,2,2,0,0,2,0,0,0,0,0,2,0,2,2,0,0,0,2,2,0,0,2,2,0,2,0,0,0,2,2,0,0,0,0,2,2,0,0,0,0,0,0,0,2,0,2,2,2,0,0,2,0,2,0,0,0,0,0,0,2,2,0,0,0,0,0,0,0,0,0,0,0,2,NA,0,0,2,2,0,0,0,0,0,2,0,0,0,0,0,0,0,2,0,0,0,2,2,0,0,0,0,0,0,0,2,2,0,0,0,0,0,0,0,0,0,0,0,0,0,0,2,0,2,0,0,0,0,0,0,0,0,0,0,0,0,0,0,2,0,0,0,0,0,0,2,0,0,0,2,0,2,0,0,0,2,0,2,0,0,0,0,0,0,2,2,0,0,0,0,2,0,0,0,2,2,0,0,0,0,0,0,NA,2,0,0,0,0,0,0,0,0,0,0,2,2,2,2,0,0,2,2,0,0,0,0,0,0,0,0,0,0,0,0,0,2,0,0,0,0,0,0,0,0,2,0,0,2,0,0,0,0,0,0,0,0,2,0,2,0,2,0,0,0,0,0,0,0,0,0,0,0,0,0,0,2,0,0,0,0,0,0,0,2,0,0,0,0,0,0,2,2,0,0,0,0,2,0,2,0,0,0,0,0,2,2,0,0,0,0,0,0,0,0,0,0,0,0,0,2,2,0,2,2,2,0,0,0,0,0,0,0,0,0,2,0,0,0,0,0,0,0,2,0,2,0,2,0,0,0,0,0,0,2,2,0,0,2,2,2,2,0,0,0,0,2,2,2,0,0,0,0,0,0,0,0,0,0,0,0,0,0,0,2,0,0,0,0,0,0,2,0,0,0,0,0,0,0,0,0,2,0,0,0,0,2,0,0,0,0,0,2,0,2,2,0,0,0,2,0,0,2,0,0,0,0,2,0,0,2,0,0,0,0,0,0,2,0,0,0,2,0,2,2,2,0,0,0,0,2,0,0,0,2,0,0,0,0,0,0,2,2,0,0,0,0,0,0,2,0,0,0,0,2,2,0,0,0,2,0,0,2,0,0,0,NA,0,0,0,0,0,2,2,0,2,0,0,0,2,2,0,0,0,0,0,2,0,2,0,0,0,2,0,0,0,0,0,0,0,0,0,0,0,0,0,0,0,0,0,0,2,0,0,0,0,0,0,0,0,0,2,2,0,0,0,0,0,0,0,0,2,0,0,2,0,0,0,0,2,2,0,0,2,0,0,2,0,2,0,0,0,0,0,0,0,0,2,0,0,0,2,0,0,0,2,0,0,0,0,0,0,2,2,2,0,2,2,2,0,0,0,0,0,2,0,0,0,0,0,2,2,0,2,2,0,0,0,0,0,0,0,2,2,0,0,0,0,0,0,0,0,0,0,2,0,0,0,0,0,0,0,0,2,0,0,0,0,0,0,0,0,0,2,2,2,0,0,0,0,0,0,0,0,0,2,0,2,0,0,0,0,0,0,0,0,0,0,0,0,0,0,2,0,0,0,0,0,2,0,0,0,0,2,0,2,2,0,0,0,0,0,2,0,2,0,0,0,0,0,2,0,0,0,0,0,2,0,0,0,0,2,0,0,0,0,2,0,2,0,0,0,0,2,0,0,0,0,2,0,2,2,0,0,0,0,NA,0,0,0,0,0,2,0,0,2,0,0,0,2,2,2,2,0,0,0,0,2,0,2,0,0,0,0,2,0,0,0,0,0,0,0,0,0,0,0,0,2,0,0,0,0,2,0,0,0,2,0,0,0,2,0,2,0,2,0,0,0,0,0,0,2,0,0,0,0,0,0,2,2,0,2,2,0,0,0,0,0,0,0,2,0,0,0,0,2,NA,2,0,0,2,0,0,2,0,0,2,2,0,0,0,0,0,2,0,0,0,2,0,2,0,0,0,2,2,0,0,0,2,0,0,2,0,2,2,2,0,2,2,0,0,2,2,2,2,2,0,0,0,NA,2,0,0,2,0,2,0,0,2,0,2,0,0,2,0,2,2,0,0,0,2,2,2,2,0,0,2,0,0,0,0,0,0,0,0,0,2,2,0,0,0,2,0,0,0,2,0,0,0,0,0,0,0,0,2,0,0,2,0,0,2,0,0,2,0,0,0,2,0,2,0,0,NA,0,2,0,2,0,0,0,0,2,2,0,0,2,0,2,2,2,0,0,2,2,2,0,2,0,0,0,0,0,0,0,0,0,2,0,0,2,0,2,0,0,0,0,0,0,0,2,0,2,0,0,2,0,0,0,0,0,0,0,0,0,0,2,2,0,0,0,0,0,0,2,0,2,0,0,0,0,0,0,0,0,2,2,0,0,0,2,0,0,0,2,0,2,2,2,0,0,0,0,0,2,0,0,0,0,0,0,0,2,0,0,0,2,0,0,2,0,2,0,0,2,0,0,0,0,0,2,2,0,0,0,0,2,0,0,2,0,0,2,0,0,0,0,2,0,2,0,0,0,2,2,0,2,0,0,2,0,0,2,0,0,0,0,0,0,0,2,0,2,0,0,2,0,0,0,2,2,2,0,0,0,2,2,0,2,2,0,2,0,0,0,0,2,0,2,0,0,0,0,2,2,0,2,2,0,2,0,0,0,2,0,0,2,0,0,2,0,0,0,2,0,2,0,2,2,0,2,0,0,0,0,0,0,0,0,0,0,2,0,0,0,0,0,0,0,0,0,0,0,0,2,0,NA,2,0,0,0,0,0,0,0,0,0,0,0,0,2,2,2,0,2,0,0,0,0,2,0,0,0,0,0,0,0,0,2,2,0,2,0,0,0,0,0,0,2,0,0,0,2,0,0,0,2,0,0,0,0,0,0,0,0,0,0,0,0,0,0,0,0,0,0,2,2,0,0,0,0,0,0,0,0,0,0,0,0,0,0,0,0,0,0,0,0,2,0,0,2,0,0,0,0,0,0,0,0,0,0,0,0,0,0,0,0,0,0,0,0,0,0,0,2,2,2,0,0,0,2,2,0,2,0,0,0,0,0,0,0,0,0,0,0,0,2,2,2,0,0,0,0,2,0,2,0,0,0,NA,2,2,0,0,0,0,0,2,0,0,0,0,0,2,2,0,0,2,0,0,2,2,0,2,2,0,0,0,2,0,0,0,0,2,2,0,0,0,2,2,0,0,0,2,0,0,0,0,0,0,0,0,0,0,2,NA,0,0,2,2,2,0,0,0,2,0,0,0,2,0,2,0,0,0,0,0,0,0,2,0,0,2,0,0,0,0,0,2,0,2,0,0,2,0,0,0,0,2,0,0,0,2,0,2,0,0,0,0,0,0,0,2,0,0,0,0,0,0,0,0,0,0,2,0,2,0,0,0,2,0,2,0,2,0,2,0,2,0,0,0,0,2,2,2,0,0,0,0,0,0,0,0,0,2,2,0,2,0,0,2,0,0,0,0,0,0,0,0,0,0,0,0,2,0,0,2,0,0,2,0,2,2,0,0,0,0,2,0,0,2,0,2,0,2,0,2,2,2,2,0,2,2,2,0,0,2,0,0,0,0,2,0,0,2,0,2,0,2,2,2,0,2,2,0,0,2,2,2,0,0,0,0,2,0,2,2,0,0,2,2,0,0,0,2,0,0,0,2,0,0,2,2,0,0,0,0,0,0,0,0,0,0,0,2,0,2,0,0,0,0,2,0,0,0,0,2,0,0,0,0,0,0,0,2,0,2,0,0,0,0,0,0,0,0,0,2,2,0,0,2,0,0,0,0,0,0,0,0,2,0,0,2,0,0,0,0,2,0,0,0,0,0,0,0,0,0,0,0,2,0,0,0,0,0,0,0,0,2,0,0,0,2,0,2,0,0,2,0,0,0,0,0,0,0,2,0,0,2,0,0,0,0,0,0,0,0,0,2,0,NA,0,0,0,0,0,0,2,0,2,0,0,0,0,2,0,0,2,0,0,0,0,0,0,0,0,0,2,2,2,0,0,2,0,0,2,0,0,0,0,0,2,0,0,0,2,2,2,2,2,0,2,0,0,2,2,0,0,2,0,2,0,0,0,0,0,0,2,0,0,0,0,0,2,0,0,0,2,0,0,0,0,2,2,0,2,0,0,0,2,0,0,0,0,0,2,0,0,0,0,0,0,0,2,0,0,0,2,0,0,0,2,0,0,2,0,0,0,0,0,0,0,0,0,0,0,0,2,0,0,2,0,0,0,0,2,0,0,0,2,0,2,2,0,2,0,2,0,0,0,0,0,0,0,0,0,2,2,0,0,0,0,2,0,0,2,2,0,2,0,0,0,0,0,0,2,0,0,2,0,0,0,0,0,0,0,2,0,2,0,0,2,2,0,0,0,0,0,2,0,2,0,2,2,2,0,2,0,0,0,0,0,0,0,2,0,0,0,0,0,0,2,0,0,2,0,0,0,0,0,0,0,0,0,0,0,0,0,0,0,0,0,0,0,0,0,0,0,0,0,0,0,2,0,0,0,0,0,0,2,2,0,0,2,0,0,0,0,0,2,0,0,2,0,0,2,2,2,0,0,0,2,0,0,0,0,0,0,0,0,2,0,0,0,0,0,0,0,2,0,0,2,0,2,0,0,2,0,2,2,0,2,0,0,0,0,2,0,0,2,0,0,0,2,2,0,NA,2,0,2,0,0,2,2,2,2,2,0,0,0,NA,2,0,0,0,0,0,0,0,0,0,0,0,0,2,2,0,0,0,0,0,0,0,0,0,0,0,0,0,0,2,0,0,2,0,2,2,0,0,2,2,0,2,0,0,0,0,0,0,0,0,0,0,0,0,2,0,2,0,2,0,0,0,0,2,0,2,0,0,NA,2,0,0,2,0,0,2,2,0,0,0,0,0,0,2,0,0,0,0,2,2,0,0,2,0,0,0,0,0,2,0,0,2,0,2,0,0,0,2,0,0,0,0,2,2,NA,0,0,0,2,0,0,0,0,0,0,0,0,2,0,2,0,0,0,2,0,0,0,0,2,0,0,0,2,2,0,0,0,0,2,0,0,2,0,0,0,0,0,2,0,0,0,2,2,2,0,0,2,0,2,0,0,0,0,2,0,2,0,0,2,0,0,0,2,2,0,0,0,0,0,0,2,0,0,0,2,0,0,2,0,0,0,0,0,2,0,0,2,2,0,0,2,0,2,0,0,0,0,2,2,2,0,2,0,0,0,0,0,2,2,NA,0,0,0,0,0,0,0,0,NA,0,0,0,2,0,0,0,0,0,2,0,NA,0,0,0,2,0,0,NA,0,2,2,0,0,0,2,0,0,0,0,0,2,2,0,2,0,0,0,2,0,2,2,2,2,2,0,0,0,2,2,2,0,2,2,0,0,0,0,0,0,0,0,2,0,2,0,0,2,0,0,0,0,0,0,0,0,2,2,0,0,0,2,0,0,0,0,2,2,2,2,0,0,2,2,2,0,0,2,0,2,2,2,0,0,0,0,0,0,0,2,2,0,0,0,0,0,0,0,0,0,0,0,0,2,0,2,0,2,2,0,0,0,0,2,0,NA,0,0,2,2,2,2,0,0,2,2,0,2,0,0,2,0,0,0,2,0,2,0,0,0,0,2,0,2,2,0,2,2,2,2,0,0,0,0,0,2,2,2,0,2,2,0,0,2,2,2,2,2,2,2,2,0,0,0,0,0,NA,2,NA,0,0,0,2,0,0,0,0,0,0,0,2,0,2,0,0,0,2,2,0,2,0,0,0,0,0,0,2,2,0,0,0,0,0,0,0,0,0,0,0,0,0,0,0,0,0,2,2,0,0,0,0,0,NA,0,0,0,0,0,0,2,2,0,0,2,0,0,0,0,2,2,0,0,2,0,0,0,0,0,0,0,0,2,0,2,2,0,2,0,0,0,0,0,0,0,0,0,0,0,0,2,0,0,0,0,2,0,0,2,2,2,2,2,0,0,0,0,2,0,0,0,0,0,0,0,2,0,2,2,2,0,0,0,2,0,0,0,0,0,0,0,2,0,0,2,0,NA,2,0,0,0,0,0,0,0,0,0,2,2,0,0,0,0,0,2,0,0,0,0,2,2,0,2,0,0,0,0,NA,0,2,2,0,NA,2,0,0,0,0,NA,0,0,0,2,2,0,2,0,2,NA,2,0,0,2,0,0,0,0,0,0,0,0,2,0,0,0,0,0,2,0,0,2,0,0,2,2,0,2,0,2,0,0,2,0,0,0,0,0,0,0,2,0,2,0,2,0,0,0,2,0,2,0,0,0,2,0,0,0,2,2,0,0,2,0,2,2,0,0,0,2,0,2,2,0,2,0,2,2,0,0,2,2,0,2,2,0,0,0,0,2,0,2,0,0
"CC256",0,0,0,0,0,0,0,0,0,0,2,0,0,0,2,2,0,0,0,0,0,0,0,2,0,0,0,0,2,2,0,0,0,0,2,2,0,0,0,0,2,0,2,2,2,0,0,0,0,0,0,2,0,2,0,2,0,2,0,0,0,0,0,2,0,2,0,0,0,2,0,2,0,0,0,0,0,2,0,0,0,0,0,0,0,0,0,0,2,0,0,0,0,0,2,0,0,0,0,0,0,0,0,2,0,0,0,0,0,0,2,2,0,0,0,0,0,0,0,2,0,0,2,0,0,0,0,2,2,0,0,0,0,2,0,0,0,0,0,0,0,0,0,0,0,0,2,0,0,2,2,0,0,0,0,2,0,0,0,0,0,0,0,2,2,0,0,0,2,0,0,2,0,0,2,0,0,0,0,0,2,0,0,0,2,0,0,2,0,0,0,2,2,0,2,0,0,2,0,0,0,0,0,NA,0,0,0,0,0,0,0,0,0,0,0,2,2,0,2,0,2,0,0,0,0,2,0,0,0,0,0,0,0,0,0,0,2,0,0,0,0,0,0,0,0,0,2,0,0,0,0,0,0,0,0,0,0,0,0,0,2,0,0,0,0,0,0,2,0,2,0,0,0,0,2,0,2,2,2,0,2,0,0,0,0,0,0,2,0,0,0,2,2,0,0,0,0,2,0,0,0,0,0,0,0,0,2,0,2,0,0,0,0,2,0,0,0,0,0,2,0,0,0,0,0,0,0,0,2,0,0,0,0,0,0,0,0,0,2,0,0,2,0,0,0,0,0,0,0,0,2,2,0,0,0,0,0,0,0,0,0,0,0,0,0,0,0,0,0,2,0,0,2,0,0,0,0,0,0,0,0,0,0,0,0,0,0,0,0,0,0,0,0,0,0,0,0,0,0,0,0,0,2,2,0,2,0,0,0,0,0,0,0,0,0,0,0,2,0,0,0,2,0,0,0,2,0,0,0,2,0,0,2,2,0,0,0,0,0,0,0,0,0,0,0,0,0,0,0,0,0,0,0,0,2,2,0,2,2,2,2,2,0,0,0,0,0,2,0,0,0,2,2,0,0,2,0,0,0,2,0,0,0,0,2,0,2,2,0,0,0,0,0,0,0,0,2,0,0,0,0,0,0,0,2,0,0,0,0,2,0,0,2,0,0,0,0,0,0,0,0,2,0,0,0,0,0,2,0,0,2,0,0,0,0,2,0,2,0,2,0,2,0,0,0,0,2,0,0,2,0,0,0,2,0,0,0,0,2,0,0,2,0,0,0,0,2,0,0,0,0,0,0,0,0,0,2,0,2,2,0,0,0,0,0,0,0,0,0,0,0,0,0,0,2,0,2,0,2,0,0,0,0,0,0,0,0,0,2,0,0,0,0,0,0,2,2,0,0,0,0,0,0,0,0,2,0,0,0,0,0,0,0,2,2,0,0,0,0,0,0,0,0,0,2,0,0,2,0,0,0,0,0,0,0,0,0,0,0,0,0,0,0,0,0,0,0,0,0,2,0,0,2,0,0,0,0,0,0,0,0,0,2,0,2,0,0,0,2,0,0,0,0,0,0,0,0,2,2,2,0,0,0,0,0,0,0,0,2,0,0,0,2,0,0,2,0,0,0,0,0,0,0,2,0,0,0,0,0,0,0,0,0,0,0,0,0,0,0,0,0,0,0,0,0,0,2,2,0,2,0,0,2,0,0,0,0,0,0,0,0,0,2,2,0,0,0,0,2,0,0,0,0,0,0,0,0,2,0,0,0,0,0,0,0,2,0,2,2,0,0,0,0,0,0,2,0,0,0,0,0,0,2,2,0,2,0,2,2,0,0,0,0,0,0,0,0,0,2,0,0,2,0,2,0,2,2,0,0,0,0,0,0,0,0,0,2,0,0,0,0,2,0,0,0,0,0,0,0,2,2,0,2,0,2,0,0,0,0,0,0,0,0,0,0,0,2,2,0,0,0,0,0,2,0,0,0,0,0,0,0,0,0,0,0,2,0,0,0,0,0,0,0,0,0,0,0,0,0,0,0,0,2,0,0,0,0,0,0,0,0,2,0,0,0,2,0,0,0,0,0,0,0,0,0,2,0,0,0,0,0,0,0,0,0,2,0,0,0,0,0,0,0,0,2,0,0,0,2,0,2,2,0,0,0,0,0,0,2,0,0,0,0,0,0,0,0,0,0,2,0,0,0,0,0,0,0,0,2,2,0,0,0,0,0,0,2,0,0,0,0,2,2,0,0,0,2,0,2,0,0,0,0,0,0,2,0,2,2,0,0,0,0,0,0,2,0,0,0,0,0,2,0,0,0,0,0,0,0,2,2,0,0,0,0,0,2,2,0,0,0,0,0,0,0,0,0,0,0,0,0,0,0,0,NA,0,2,0,2,0,0,0,0,0,0,0,0,0,0,0,0,0,0,0,0,0,2,2,0,0,0,0,0,0,0,2,0,0,0,0,0,0,0,2,0,0,0,0,0,0,0,0,0,0,0,0,0,0,0,0,0,0,0,0,0,0,0,0,0,0,2,0,0,0,0,0,0,2,0,0,0,0,0,0,0,0,0,2,2,2,0,0,0,2,0,0,0,0,0,0,0,0,0,0,0,0,0,0,0,0,0,0,0,0,0,2,0,0,0,2,2,2,2,0,0,0,0,0,0,0,0,2,0,0,0,0,0,0,0,0,0,0,0,0,0,0,0,0,2,0,0,2,0,0,2,2,0,0,0,2,0,0,0,2,0,0,0,0,0,0,0,2,2,0,0,0,0,2,0,0,0,0,0,0,2,0,2,2,0,2,2,0,0,2,0,2,2,0,2,2,2,0,0,0,0,0,2,0,0,0,0,0,0,0,2,0,0,2,0,0,0,0,0,2,0,0,2,0,2,2,0,2,0,0,2,0,NA,0,0,0,2,0,2,0,2,0,0,0,0,0,0,2,2,0,0,2,0,2,0,0,0,0,2,0,0,0,0,0,2,0,0,0,2,0,0,0,2,0,0,0,0,2,0,0,0,0,0,0,0,2,0,0,0,2,0,0,0,2,0,0,0,0,0,0,0,0,0,0,0,0,0,0,2,0,0,0,0,0,0,2,2,0,0,0,2,0,2,0,0,2,0,0,0,0,2,0,NA,0,0,2,0,0,0,2,0,0,0,0,0,0,0,0,0,0,0,0,0,0,2,2,0,0,2,2,0,0,NA,0,0,0,0,2,0,2,2,2,0,0,0,2,0,0,2,0,2,0,0,0,0,0,0,0,0,0,0,0,0,0,0,0,0,2,0,0,2,0,0,0,2,0,0,0,2,0,0,2,0,0,0,0,0,2,0,0,0,0,0,0,0,0,0,0,0,0,0,0,0,2,0,0,0,0,0,0,0,0,0,0,2,0,0,0,2,2,2,0,0,0,0,0,0,0,0,0,2,2,0,0,0,0,0,0,0,0,0,2,2,0,0,2,0,0,0,0,0,2,0,0,0,0,0,2,0,0,0,2,2,2,0,0,2,0,0,0,0,0,0,0,0,0,0,2,0,0,2,2,0,0,0,0,0,0,0,0,0,0,0,0,0,2,0,0,0,2,0,0,0,0,0,0,0,0,0,0,0,2,2,0,0,0,2,0,0,0,0,0,0,0,0,2,0,0,0,0,0,0,0,0,2,0,0,2,2,2,2,2,0,0,0,0,0,2,0,0,0,0,0,2,0,0,0,0,0,0,0,0,0,2,0,0,0,0,2,0,0,0,0,0,0,0,0,2,0,0,0,2,0,0,0,0,2,0,2,2,0,0,0,0,2,0,0,0,0,0,0,2,2,0,0,0,2,0,0,0,0,0,2,0,0,0,0,0,0,0,0,2,0,0,2,2,2,0,0,2,2,2,2,0,0,2,2,0,2,0,2,0,0,0,0,2,0,0,0,0,2,0,2,0,0,0,0,0,0,0,0,0,2,0,0,0,0,0,0,0,0,0,2,0,0,0,0,2,0,0,0,0,0,0,0,0,0,0,0,0,0,0,0,0,0,0,0,0,0,0,0,0,0,0,NA,0,0,0,0,0,0,0,0,0,0,0,0,0,0,0,0,0,0,0,0,0,0,0,0,0,0,0,0,0,2,2,0,0,0,0,0,0,0,0,0,0,0,2,0,0,0,0,0,0,0,0,0,0,2,2,0,0,0,0,0,0,0,0,0,2,0,2,0,0,2,0,0,0,0,0,0,0,0,0,2,0,0,0,0,0,0,0,0,0,0,0,2,0,0,0,0,2,0,0,0,0,0,0,0,0,0,0,0,0,0,0,0,0,2,0,0,0,0,0,2,2,0,0,0,0,0,0,2,0,0,0,2,0,0,0,0,0,2,0,0,0,0,2,2,0,0,0,0,0,0,0,0,0,2,0,2,0,2,0,0,0,0,0,0,0,2,0,0,0,0,0,0,0,0,0,0,0,0,0,0,0,0,0,0,0,0,0,0,2,0,0,0,0,0,0,0,2,0,0,0,0,2,0,0,0,0,0,0,0,0,0,0,0,0,0,0,0,2,0,0,0,2,0,0,2,0,0,0,0,0,0,0,0,0,0,0,2,0,0,0,0,0,0,0,0,0,2,0,0,0,0,2,0,0,0,0,0,2,2,0,0,0,0,0,0,0,0,0,0,0,0,0,0,0,0,0,0,0,0,0,0,2,0,0,0,0,0,0,2,0,0,2,0,0,0,0,0,0,2,0,0,0,0,0,0,0,0,0,2,0,0,0,0,0,0,2,0,2,2,2,0,0,0,2,0,0,0,0,0,0,0,0,2,0,2,0,0,0,2,0,0,0,0,0,0,0,0,0,2,0,0,2,0,0,2,0,0,0,0,0,0,0,0,0,0,0,0,0,0,0,0,0,0,2,0,0,0,2,0,0,0,0,2,2,0,0,0,0,0,0,0,2,0,0,0,0,0,0,0,0,0,0,0,0,0,0,0,0,0,0,0,0,0,0,0,0,0,0,0,0,2,2,0,2,0,0,0,2,0,0,0,0,0,2,0,2,0,2,0,2,2,2,0,0,0,2,0,0,0,0,0,0,2,0,0,0,0,0,0,0,0,0,0,0,2,2,0,0,0,2,0,2,2,0,0,0,2,0,0,0,0,0,2,0,0,2,0,2,0,0,2,0,0,0,0,0,2,2,0,2,0,0,2,0,2,0,0,0,0,0,0,0,0,2,0,0,2,0,2,2,0,2,0,0,0,0,2,0,0,0,2,0,0,0,0,0,0,0,0,0,0,0,0,0,0,0,0,0,0,0,0,0,0,0,0,0,0,2,2,0,0,0,0,0,0,0,2,0,2,0,0,2,0,0,0,2,2,2,0,0,2,0,0,0,0,0,0,2,0,0,2,0,0,0,0,2,0,0,0,0,0,2,0,0,0,0,0,2,0,2,0,0,2,0,0,0,0,0,0,0,0,0,0,0,0,0,0,0,2,0,0,NA,0,0,2,0,2,0,0,0,0,0,0,0,0,0,0,0,0,0,2,0,0,0,0,0,0,2,0,0,0,0,0,0,0,2,0,0,2,0,2,2,0,0,0,0,0,0,0,0,0,0,0,0,0,2,0,2,0,0,0,0,0,2,0,0,0,0,2,0,0,0,2,2,0,0,0,0,0,2,0,0,0,0,0,0,0,0,2,0,2,0,0,0,0,2,0,0,2,0,0,2,0,0,0,0,0,0,0,0,0,0,0,2,2,0,0,0,0,0,2,2,0,0,0,0,0,0,0,0,0,0,0,0,0,0,0,2,2,0,0,2,0,2,0,0,2,0,0,0,0,0,2,0,0,0,0,0,2,0,2,2,0,2,0,0,0,0,0,0,0,2,0,0,0,0,0,2,0,0,0,0,0,0,2,2,0,0,2,0,0,0,0,0,2,0,0,0,0,0,2,0,0,0,0,0,0,0,2,0,0,0,0,0,0,0,0,0,0,0,0,0,0,0,0,0,0,0,2,0,0,0,2,2,2,0,2,0,2,0,0,0,0,0,2,0,0,0,0,0,0,0,0,0,0,0,0,0,0,0,0,0,0,0,0,0,2,0,0,0,0,0,0,0,0,0,0,0,0,0,0,2,0,0,0,0,0,0,0,0,0,0,0,0,0,0,0,0,0,0,0,0,0,0,0,0,0,0,0,0,2,0,0,0,0,2,0,0,0,2,0,2,0,0,0,0,2,2,0,0,2,0,2,2,2,0,0,0,0,0,0,0,0,0,2,0,0,0,0,0,0,0,0,0,0,0,0,0,0,0,0,0,0,0,0,2,0,0,0,0,2,2,0,0,2,2,0,0,0,2,0,0,2,0,2,0,0,0,0,0,0,2,2,0,0,0,0,0,0,0,2,0,0,0,0,0,2,0,2,0,2,0,0,2,2,0,2,0,2,0,2,0,0,0,0,0,0,0,0,2,0,0,2,0,0,0,2,0,0,2,0,0,0,0,0,0,0,0,0,0,0,0,2,0,2,2,0,0,0,0,0,0,2,0,0,0,0,0,0,2,2,2,0,2,0,2,2,0,0,2,0,2,2,0,0,0,0,0,0,0,0,2,0,2,0,2,0,0,0,0,2,0,0,2,0,0,0,0,0,2,0,0,0,0,0,0,0,0,0,0,0,0,0,0,2,0,0,0,0,0,0,2,0,0,0,0,0,0,0,0,0,0,0,2,0,0,2,0,0,0,0,2,0,2,0,0,0,0,0,0,0,0,0,0,0,0,0,0,2,0,0,0,2,0,0,0,0,0,0,0,0,2,2,0,0,2,0,2,0,0,0,0,0,0,0,0,2,0,0,2,0,0,0,0,0,0,2,0,0,0,0,0,0,0,0,0,0,0,0,0,0,0,0,0,0,2,2,2,0,0,0,0,0,0,0,0,0,0,0,0,2,0,2,2,0,0,0,0,0,0,0,0,0,0,0,0,2,0,0,0,2,0,0,0,0,0,0,0,0,0,0,0,0,0,0,0,0,2,0,0,0,0,0,0,0,2,0,0,0,0,0,0,0,0,0,0,0,0,0,0,0,0,0,0,0,0,0,0,0,0,0,0,2,2,0,2,2,0,0,0,0,0,2,0,0,0,0,0,2,2,0,0,0,2,0,0,0,0,0,0,0,0,0,0,0,0,0,0,0,0,0,2,0,0,0,0,2,0,0,0,0,0,0,0,0,0,0,0,0,0,0,2,0,0,0,0,0,0,2,0,0,0,0,0,0,2,0,0,0,0,2,0,0,0,0,0,0,0,0,2,0,0,2,0,0,0,0,0,0,0,0,0,0,0,0,0,0,0,0,0,0,0,0,0,2,0,0,0,0,0,0,0,0,0,0,0,0,0,0,0,0,0,0,0,0,0,0,0,0,0,0,2,0,0,0,2,0,0,2,0,2,0,0,0,0,0,0,0,0,0,0,0,0,0,0,0,0,0,0,0,0,2,0,2,0,2,0,0,2,0,0,0,2,0,2,0,2,0,2,0,0,0,0,0,0,0,0,0,2,0,0,0,0,2,0,2,0,0,2,0,0,2,0,0,0,0,0,0,2,2,0,0,0,0,0,2,0,0,0,0,0,2,0,0,0,0,0,0,0,2,0,0,0,0,0,0,2,0,2,0,0,0,0,0,0,0,0,0,2,0,0,0,0,0,2,0,0,0,0,0,2,0,0,2,0,0,2,2,0,NA,0,0,0,0,0,2,0,2,0,2,0,0,0,0,0,0,0,2,0,NA,2,2,0,0,0,2,0,0,0,2,0,0,0,0,0,0,0,0,2,0,0,0,0,0,0,0,2,2,0,0,0,2,2,0,0,0,0,0,0,0,0,0,0,0,0,0,0,0,0,0,0,2,0,0,0,0,0,0,2,2,2,0,0,0,0,2,0,0,0,0,0,0,0,0,0,0,0,0,2,0,0,0,2,0,0,0,0,0,2,0,0,0,0,0,2,0,0,0,0,0,0,0,2,0,0,0,0,0,2,2,0,2,0,0,0,2,2,2,0,0,0,2,2,0,2,0,2,2,2,0,0,0,0,2,0,0,0,0,0,0,0,0,0,0,0,0,0,0,0,0,0,0,0,2,0,0,0,0,0,2,0,0,0,2,0,2,0,2,0,0,0,0,2,2,2,2,2,0,2,0,0,2,0,2,0,0,0,0,2,0,0,2,2,0,0,0,2,0,2,0,2,0,0,0,0,2,0,0,0,2,2,0,0,0,2,0,0,0,0,2,0,0,0,0,2,2,0,2,2,0,0,2,0,0,2,NA,2,0,0,0,0,0,0,0,0,0,0,2,0,0,0,2,0,0,2,0,0,0,2,0,0,0,0,0,0,0,2,0,0,2,0,2,0,2,2,0,2,2,0,0,2,0,2,0,0,2,0,0,0,2,0,0,0,0,0,0,2,0,0,0,0,2,2,2,0,2,0,2,0,2,0,0,0,0,0,0,0,0,0,0,0,0,0,0,0,0,0,0,0,0,0,0,0,0,0,2,0,0,2,0,2,0,0,2,0,0,0,0,0,0,2,0,0,0,2,0,0,0,0,0,0,NA,2,0,0,2,0,0,0,0,0,0,0,0,0,2,0,0,2,2,0,0,0,2,0,0,0,0,0,0,2,0,2,0,0,0,2,0,2,0,0,0,2,0,2,0,0,2,0,0,0,0,0,0,2,0,0,0,0,0,0,0,0,2,0,0,0,0,0,0,0,0,0,0,0,0,0,0,0,0,0,0,0,0,0,0,0,2,2,2,2,0,0,2,0,0,0,0,0,0,2,0,0,0,2,2,0,2,0,0,2,0,0,0,0,0,0,0,0,0,0,2,0,0,2,0,0,2,0,0,2,0,2,2,2,0,0,0,2,0,2,0,2,0,0,0,0,0,2,2,2,0,0,2,0,0,0,0,0,0,0,0,0,0,0,0,0,0,0,0,0,2,0,NA,0,0,0,0,0,0,0,0,0,0,0,0,0,0,0,0,0,0,0,0,0,0,0,0,2,0,0,0,0,0,0,0,0,0,0,0,0,2,0,0,0,0,0,0,0,0,0,0,0,0,2,0,0,0,0,0,0,0,2,0,0,0,0,0,0,0,0,0,0,0,0,2,2,0,0,0,0,0,0,2,0,0,0,0,0,0,0,0,0,2,0,2,0,0,0,0,0,0,0,0,2,2,0,0,0,0,0,0,2,2,2,2,0,0,0,0,0,2,2,0,0,0,0,2,0,0,0,0,0,0,0,0,0,2,0,0,0,0,0,0,2,2,0,0,2,0,2,0,0,0,0,0,0,0,0,0,0,0,0,0,0,0,0,2,0,2,0,0,0,0,0,0,0,2,0,2,0,0,0,0,0,0,0,0,0,0,0,0,0,2,0,0,0,0,0,NA,0,0,0,0,0,0,0,0,0,2,2,0,2,0,0,2,0,0,0,0,0,0,0,0,2,0,0,2,2,0,0,0,0,0,0,0,0,0,0,0,0,0,0,0,0,0,2,0,0,2,0,0,0,0,0,0,0,0,0,0,0,0,2,2,0,0,0,0,NA,0,0,0,0,0,2,0,0,0,0,0,0,0,0,0,2,0,0,0,0,0,0,0,0,0,0,2,0,0,0,0,0,2,0,0,0,0,0,0,2,0,0,0,0,0,0,0,0,0,0,0,2,0,0,0,0,0,0,0,0,0,0,2,0,0,0,0,0,0,0,0,2,2,2,0,0,0,0,0,0,0,0,0,0,0,0,0,2,2,2,0,0,0,0,0,0,0,2,2,2,0,0,0,0,2,0,0,0,2,0,0,0,0,0,0,0,0,2,2,2,0,2,2,0,0,0,0,2,0,0,0,0,0,0,2,0,0,2,0,0,0,0,2,0,0,0,2,0,0,0,0,0,0,0,0,0,0,0,0,0,0,0,0,0,0,0,2,2,0,0,0,0,0,0,0,0,0,0,0,0,0,0,0,0,0,0,2,0,0,0,0,0,2,2,0,0,2,0,0,2,0,0,0,2,0,0,NA,0,0,0,0,0,0,0,2,0,0,0,0,2,0,0,0,0,0,0,2,0,0,0,0,0,0,0,0,0,0,0,0,2,2,0,2,2,0,0,0,0,0,2,0,0,0,2,0,2,0,0,0,0,0,0,0,0,0,2,0,0,0,2,0,0,0,0,0,0,0,0,0,0,0,2,2,0,0,2,0,0,2,0,2,2,0,0,0,2,2,0,0,0,2,0,0,0,0,0,0,0,0,0,0,0,0,0,2,2,0,0,0,0,0,0,0,0,0,0,0,0,0,2,2,0,0,0,0,0,0,0,0,0,0,0,0,0,0,0,0,0,0,2,0,0,0,0,0,0,0,0,0,0,0,0,0,0,0,2,0,0,0,0,0,2,0,0,0,0,0,0,0,0,0,0,2,0,0,0,0,0,0,0,0,0,0,0,0,0,0,0,0,0,0,2,0,0,0,0,2,0,2,0,2,0,2,0,0,0,2,0,0,0,0,0,0,0,2,0,0,0,0,0,0,0,0,0,0,0,0,2,2,0,0,0,2,0,0,2,0,0,0,0,0,0,0,0,0,2,0,0,2,0,0,0,0,0,0,0,0,0,0,0,2,0,0,0,0,2,2,0,0,0,0,0,0,0,0,0,0,0,0,0,0,0,0,2,0,2,2,0,0,0,0,0,0,2,0,0,0,0,0,0,0,0,2,0,0,0,0,2,0,0,0,2,0,2,2,0,0,0,0,2,0,0,0,0,0,0,0,0,2,2,0,0,0,0,0,0,2,0,0,2,0,0,0,0,0,0,0,0,NA,0,0,0,0,0,0,2,0,0,0,0,0,0,0,0,0,2,0,0,0,0,0,0,0,0,0,0,0,2,0,0,0,0,0,0,0,0,0,0,0,0,0,0,0,0,0,0,0,2,0,0,0,2,0,0,0,0,0,2,0,0,0,0,0,0,0,0,0,0,0,0,0,0,0,0,2,0,0,0,0,0,0,0,0,0,0,2,0,0,0,0,0,0,0,0,0,0,0,0,0,0,0,0,2,2,0,0,0,0,2,0,0,0,0,0,0,2,0,0,0,0,0,0,0,0,0,0,0,0,0,2,0,0,0,0,2,2,0,0,2,0,0,0,0,0,0,0,0,0,0,0,2,0,0,2,2,0,0,0,0,2,0,2,0,0,0,0,0,2,2,0,2,0,2,0,0,2,0,0,0,0,0,0,0,2,0,2,0,2,2,2,0,0,0,0,2,2,2,0,0,0,2,0,0,0,2,2,NA,2,0,2,0,2,0,2,0,0,0,0,0,0,2,0,0,0,0,0,0,0,0,0,0,0,0,0,0,0,0,0,0,0,0,0,0,0,0,0,0,0,2,2,0,0,0,2,2,0,0,0,0,0,0,0,2,0,0,0,2,0,0,0,NA,0,0,0,2,0,2,0,2,0,0,0,0,0,0,0,2,0,0,2,0,0,2,0,0,0,0,0,2,2,0,0,2,0,NA,2,0,2,0,0,0,0,0,2,0,0,2,0,0,0,2,0,0,2,0,2,0,0,0,0,0,0,0,0,0,0,0,0,0,0,0,2,0,0,2,0,0,0,0,2,0,2,0,0,0,0,0,0,0,0,0,0,0,0,0,0,2,0,0,0,2,0,0,2,0,0,0,0,0,0,0,0,2,0,0,0,0,2,0,2,0,0,0,0,0,0,0,2,2,0,0,0,0,0,0,0,NA
"CC257",2,0,0,0,2,0,0,2,0,2,0,0,0,2,2,0,0,0,0,0,0,2,2,0,0,0,0,0,0,2,0,0,0,0,0,0,0,0,0,0,0,0,0,0,0,0,0,0,0,0,0,0,0,0,0,0,0,0,2,2,0,0,0,0,0,0,2,0,0,0,0,0,2,0,0,0,0,2,0,0,2,0,0,2,2,0,0,0,0,0,2,0,0,2,0,0,0,0,0,0,0,0,0,2,0,0,0,0,0,0,0,2,0,0,0,0,0,0,0,0,2,0,2,0,0,0,2,0,0,0,0,0,0,0,2,0,0,0,0,0,0,2,0,0,2,0,2,0,0,0,0,0,0,0,0,0,0,0,0,0,0,0,0,2,2,2,0,0,2,0,0,2,0,2,0,0,0,0,2,2,0,2,0,0,2,2,0,0,0,0,2,0,2,0,0,2,0,0,0,2,0,0,2,0,0,0,0,2,2,0,2,0,2,0,2,2,0,0,0,2,0,2,2,0,2,0,0,0,0,2,0,0,0,2,0,0,0,0,2,0,2,0,0,0,2,0,2,0,0,2,0,0,0,0,0,0,0,2,0,0,0,0,0,0,2,0,2,0,0,0,0,2,2,2,0,0,0,2,0,0,0,0,0,0,2,0,2,2,0,0,0,0,0,0,0,0,0,2,2,0,2,2,0,0,2,0,0,0,2,0,0,0,0,2,0,0,2,0,0,0,0,0,0,0,2,0,0,2,2,0,2,0,0,2,2,2,0,2,0,0,0,2,0,0,2,0,0,0,0,0,NA,2,0,0,2,0,0,2,0,0,2,0,0,0,0,0,0,0,0,0,0,0,0,0,2,0,0,0,0,2,0,0,0,2,0,0,0,0,2,0,2,2,0,2,2,2,2,0,0,2,0,0,0,2,0,2,0,2,0,0,2,0,0,0,2,0,0,2,0,0,2,0,0,0,2,0,0,0,0,0,0,0,0,0,2,0,0,0,0,0,0,0,0,0,2,0,0,2,2,0,0,0,0,0,2,0,2,0,0,0,0,2,2,0,0,0,0,0,0,0,0,2,0,0,0,2,0,0,0,2,0,0,0,0,0,0,2,0,0,2,0,0,0,0,0,0,0,0,0,0,0,0,2,0,0,0,0,0,0,0,0,2,2,0,0,0,0,0,0,2,0,2,0,0,0,0,0,0,0,0,0,2,0,0,0,0,0,0,0,0,0,0,0,0,0,0,NA,0,0,0,0,0,0,2,0,0,2,0,0,0,0,2,2,2,0,0,2,0,0,0,0,0,0,0,0,0,2,0,0,2,2,0,2,0,0,0,0,0,0,0,0,2,0,0,2,2,0,2,0,2,0,0,0,2,2,2,0,0,0,0,0,0,0,0,0,0,0,0,2,0,0,0,0,0,0,0,0,0,2,0,0,0,0,0,0,0,0,2,0,0,0,0,2,0,2,0,0,0,0,0,0,0,0,0,2,0,2,0,0,0,0,2,0,2,2,0,0,0,0,0,0,0,0,2,0,0,2,0,0,0,0,2,0,0,2,0,0,0,0,2,2,2,0,0,0,0,0,2,2,0,0,0,2,0,0,2,2,0,2,0,0,0,0,0,2,0,0,0,0,0,0,2,0,0,0,0,0,0,0,0,0,2,0,0,0,0,0,0,0,0,0,0,0,0,0,0,0,0,0,0,0,0,2,0,2,0,0,0,2,0,0,0,0,2,2,0,2,0,2,0,0,0,0,2,2,0,0,0,2,2,0,2,2,2,0,0,0,2,2,0,0,0,0,0,0,0,0,2,0,0,2,0,0,2,2,0,2,2,0,0,0,0,2,0,0,0,2,0,NA,2,0,0,0,0,0,0,0,0,0,0,0,0,0,0,0,0,2,0,0,0,2,2,0,2,0,0,0,0,0,2,0,0,0,0,2,0,0,2,0,2,2,0,2,0,0,0,0,0,0,2,2,0,0,0,NA,2,0,0,0,0,0,0,0,0,0,0,0,0,2,2,0,2,0,0,0,0,2,0,0,0,0,0,2,0,2,0,2,2,0,0,0,0,2,0,0,0,0,0,0,0,0,0,0,0,0,0,0,0,0,0,0,0,0,0,0,0,2,0,0,0,0,2,0,0,0,0,0,0,2,0,0,2,0,0,0,0,2,0,2,0,0,2,2,0,0,2,0,2,0,0,2,0,0,0,0,0,0,2,0,0,0,0,0,0,2,0,0,2,0,0,2,0,0,0,0,0,2,2,0,0,0,2,2,2,2,0,0,0,0,0,2,2,2,0,0,0,0,0,0,0,0,0,2,0,0,0,0,0,0,0,0,0,0,0,0,0,0,0,0,0,0,0,0,0,0,0,0,0,2,0,0,2,0,2,0,0,0,0,0,2,2,0,2,0,0,0,0,0,0,0,2,0,0,0,0,2,0,0,0,0,2,0,0,0,0,0,2,0,2,0,0,0,0,0,0,2,0,2,0,2,0,0,0,0,0,0,NA,2,2,0,2,0,0,2,0,2,0,0,2,2,0,2,0,0,2,NA,0,0,0,0,2,0,2,2,2,0,0,0,0,0,0,2,2,0,2,0,0,0,2,2,0,2,0,2,0,0,0,0,2,0,0,0,0,2,0,0,0,0,2,0,0,0,0,2,0,0,0,0,0,0,0,0,0,0,0,2,0,0,0,0,NA,0,0,NA,0,0,0,0,0,2,0,0,2,0,0,0,0,0,0,0,0,0,2,2,0,0,NA,0,0,2,2,0,0,2,0,2,2,2,0,0,0,0,2,2,0,2,0,2,0,0,2,2,0,2,0,2,0,0,0,0,0,2,0,0,2,2,0,0,0,0,0,0,0,0,0,0,2,2,0,0,0,0,0,0,0,0,2,0,0,2,0,0,2,2,0,2,0,2,0,0,0,0,0,0,0,0,0,2,2,0,0,0,0,0,2,0,2,0,0,0,0,0,2,2,0,0,2,0,0,0,0,0,0,0,0,2,0,0,2,0,0,0,2,0,0,0,0,0,0,0,2,2,0,0,2,0,0,0,0,0,2,0,2,2,0,0,0,0,0,0,0,0,0,2,2,0,2,2,2,0,0,0,2,0,0,0,0,2,2,0,0,0,2,2,2,0,0,0,2,2,0,2,0,0,2,0,2,0,2,0,0,2,0,2,2,2,0,0,0,0,0,0,0,2,2,0,2,0,0,0,2,0,2,0,2,NA,0,0,0,0,0,0,0,2,0,0,2,0,2,0,0,0,0,2,0,0,2,0,0,0,0,0,0,0,0,0,2,0,0,0,0,2,0,0,2,2,0,2,0,0,0,0,0,0,0,2,0,0,0,0,2,2,0,0,0,2,2,0,0,0,0,0,0,0,0,0,0,2,2,2,0,0,2,2,2,0,0,0,0,0,0,0,0,0,0,0,0,2,2,2,2,2,2,0,0,0,0,2,2,0,0,0,0,0,0,0,0,0,0,0,0,0,0,0,0,0,0,0,0,2,0,0,0,2,0,0,0,0,2,2,0,0,0,0,0,0,2,2,0,0,0,2,2,2,0,0,0,2,0,0,0,0,0,0,2,0,0,0,0,2,0,0,0,0,2,0,0,0,0,0,0,0,0,0,2,0,0,2,0,0,0,2,0,0,2,0,0,0,0,2,0,0,2,0,0,0,0,0,0,0,2,0,2,0,0,0,2,0,0,0,0,0,0,0,2,2,2,0,0,2,0,2,0,0,0,2,0,0,0,0,0,0,0,0,2,0,2,0,2,0,0,0,0,2,2,0,0,0,0,2,0,0,0,0,0,2,0,0,0,2,2,2,NA,0,0,0,2,0,0,0,0,0,0,0,0,2,0,2,2,0,0,0,0,0,0,0,0,2,2,2,2,2,0,0,2,0,0,2,0,2,0,2,2,2,2,0,0,0,2,0,NA,0,2,0,2,0,0,2,2,2,0,2,0,2,2,0,0,0,0,0,0,0,2,2,0,0,2,0,0,0,2,NA,2,2,2,0,0,0,0,0,2,0,0,0,0,2,2,0,0,0,0,0,2,2,0,0,0,0,0,0,0,2,2,0,2,0,2,0,2,0,2,0,2,2,0,0,0,0,0,0,0,0,0,0,0,0,0,0,2,0,2,0,2,2,2,0,0,2,2,2,0,0,0,0,2,0,2,0,0,0,2,0,0,0,0,0,0,2,2,2,0,0,0,2,2,0,0,0,2,0,0,0,0,0,0,0,2,2,0,2,0,0,0,0,0,0,0,0,2,NA,0,0,0,2,2,0,0,0,0,2,0,0,0,0,0,0,0,0,0,2,2,0,2,0,0,0,0,2,0,0,0,0,2,0,0,2,0,0,2,0,0,0,2,2,0,0,0,0,0,0,2,0,0,0,0,0,2,0,0,2,0,2,0,0,0,0,0,0,0,0,0,0,0,0,0,2,0,0,0,0,0,0,0,0,0,0,0,0,2,0,0,0,0,0,0,0,0,0,0,0,0,0,0,0,0,0,0,0,0,0,0,2,0,0,0,0,2,2,2,2,2,2,0,0,0,0,0,0,0,0,0,0,0,0,0,0,2,0,0,2,2,2,0,2,2,0,0,0,0,0,0,2,2,2,2,0,0,0,0,0,2,0,0,2,2,0,0,0,0,0,0,0,0,0,0,0,0,0,0,0,0,0,2,2,0,0,0,0,0,0,0,0,0,0,0,0,2,0,0,0,0,0,2,2,0,0,0,2,0,2,0,0,2,0,0,2,0,0,2,0,0,2,0,0,0,0,0,0,0,0,2,2,2,0,2,0,0,0,2,0,0,0,0,0,0,0,0,0,0,0,0,0,0,2,0,0,0,0,0,0,2,2,0,2,0,0,0,2,0,2,0,0,2,2,0,2,0,2,0,2,0,2,0,0,0,NA,2,0,2,0,0,0,0,0,0,0,0,0,2,2,0,0,0,0,2,0,0,0,2,0,0,2,0,2,2,0,0,2,2,0,0,0,0,0,0,0,0,0,2,2,0,0,0,2,0,0,0,0,2,2,2,2,2,0,0,0,2,0,0,0,0,0,2,0,0,2,0,2,NA,2,0,0,0,0,0,0,2,0,0,0,0,0,0,0,0,0,2,0,0,0,0,0,0,0,2,0,2,2,0,2,0,2,0,0,0,0,0,0,2,0,0,0,0,0,0,0,0,0,0,2,0,0,0,0,0,0,0,2,0,0,0,0,2,0,2,0,2,0,2,2,0,0,0,0,0,2,0,0,2,2,0,0,0,0,0,0,0,0,0,0,0,0,0,0,2,0,0,0,2,0,0,0,2,0,0,2,2,0,0,0,2,0,0,0,2,0,2,2,0,0,0,0,2,0,0,0,0,0,2,0,2,0,0,0,0,0,0,0,0,0,0,0,0,0,0,2,0,0,0,2,2,0,0,2,0,0,2,0,0,0,2,0,0,2,0,2,0,0,2,0,0,0,0,2,NA,0,2,0,2,0,0,2,0,0,0,0,0,0,2,0,0,0,0,2,0,0,2,0,0,0,0,0,0,0,0,2,0,2,0,0,0,2,0,2,2,2,0,0,0,2,0,2,0,0,0,0,0,0,0,0,0,2,0,0,0,0,0,0,0,2,0,0,0,0,0,0,0,0,2,0,2,0,0,0,0,2,0,0,0,0,0,0,0,2,0,0,0,0,0,0,0,0,0,0,0,0,2,0,2,0,0,0,2,0,0,0,0,0,0,0,0,0,0,2,0,0,0,0,2,2,0,2,2,0,2,0,0,2,0,0,0,2,0,0,0,0,0,0,0,0,0,0,2,0,0,0,2,0,0,0,2,2,0,0,2,0,0,0,2,0,0,2,0,2,0,0,0,0,0,0,0,2,2,0,0,0,0,2,0,0,0,0,0,0,0,0,0,0,0,0,0,0,0,0,0,0,2,0,2,0,2,0,0,2,0,0,0,0,0,0,0,0,2,2,0,0,2,0,0,0,0,0,0,0,0,0,0,0,0,0,0,0,0,0,0,0,0,2,0,2,2,0,0,0,0,0,2,0,0,2,0,0,2,0,2,0,2,0,0,0,2,2,0,0,0,0,0,0,0,0,0,0,0,0,0,0,0,0,2,2,2,2,0,0,0,0,0,0,2,0,0,0,2,0,0,0,0,0,0,0,2,2,2,0,0,0,0,0,0,0,0,0,0,0,0,0,2,0,0,2,0,0,2,0,0,0,0,0,0,0,0,0,0,0,0,0,0,0,0,0,0,0,0,0,0,0,2,0,0,0,0,0,0,0,0,0,0,0,0,0,0,0,0,0,0,0,0,2,0,2,0,0,0,0,0,2,0,0,0,0,0,2,2,2,0,0,0,0,0,0,0,0,0,0,0,0,0,2,0,0,0,0,2,2,0,0,0,0,0,2,0,0,0,0,0,2,0,0,2,2,0,2,0,0,2,0,0,0,2,2,0,0,2,0,0,0,0,2,0,0,0,2,0,0,0,0,0,2,0,2,2,2,0,0,0,0,0,0,0,0,2,0,0,0,0,0,0,0,0,2,0,0,0,0,0,0,0,0,0,0,0,0,0,0,0,0,0,0,0,0,0,0,0,0,2,0,2,2,2,0,2,2,2,0,2,2,0,0,2,2,0,0,0,2,0,0,0,2,2,0,2,2,2,2,0,0,0,2,2,0,0,0,2,0,0,0,0,0,2,0,2,2,0,0,0,0,0,2,2,0,0,0,0,0,0,0,0,0,2,0,0,0,0,0,0,0,0,0,2,0,2,0,0,0,2,0,2,2,0,0,2,NA,2,0,2,2,0,2,0,0,2,0,0,2,2,2,0,0,0,0,0,0,0,0,0,0,2,0,2,0,2,0,0,0,0,0,0,0,0,0,0,2,0,2,0,0,0,0,0,2,0,0,0,2,2,0,0,0,0,0,0,0,0,2,0,0,2,2,2,2,0,0,0,2,0,0,0,2,0,0,0,0,0,2,0,0,0,0,0,0,0,0,2,2,2,0,2,0,0,0,0,0,0,0,0,0,0,2,2,0,0,0,0,2,0,0,0,0,0,0,0,0,0,2,0,0,0,0,0,2,0,0,0,0,0,0,0,0,2,0,0,2,0,0,2,0,2,0,0,2,2,0,0,0,0,0,0,2,0,0,0,0,0,2,0,0,0,0,2,0,0,2,0,2,0,0,0,0,0,0,2,0,0,0,0,0,0,2,0,0,0,0,0,0,0,2,0,0,0,0,0,0,2,0,2,0,0,0,2,0,0,0,0,0,0,0,0,0,2,0,0,0,2,0,NA,0,0,0,2,0,0,0,2,0,0,0,0,0,0,0,0,0,0,0,0,0,0,0,2,2,2,0,0,2,2,2,0,0,0,0,0,0,0,0,0,0,2,0,2,2,2,0,0,2,0,0,0,0,0,0,0,0,0,0,0,0,2,0,0,0,0,0,2,0,0,0,0,0,0,0,2,0,0,0,0,0,0,0,0,0,0,0,0,0,0,0,0,0,0,0,0,0,0,2,2,0,2,0,2,0,0,0,0,0,0,0,0,0,0,2,0,0,0,0,0,0,0,0,0,0,0,0,0,0,0,0,0,0,0,0,0,0,0,0,0,0,0,0,2,0,0,0,2,0,0,0,0,0,0,0,0,0,0,0,2,0,0,0,0,2,0,0,0,0,0,0,0,0,0,0,0,2,0,0,0,0,0,0,0,0,0,0,0,0,0,0,0,0,0,0,0,0,0,0,2,0,0,0,0,0,0,0,0,0,0,0,0,0,0,0,0,2,0,0,0,0,0,0,0,0,0,0,0,0,0,0,0,0,0,0,0,0,0,0,0,0,2,0,2,0,0,0,2,0,0,0,2,0,0,0,2,0,0,0,0,0,0,0,0,2,0,0,0,0,0,0,0,0,2,2,NA,0,2,0,0,0,0,0,0,0,0,0,0,0,0,0,0,0,0,0,0,2,0,0,0,0,0,0,0,0,0,0,0,0,0,0,0,0,0,0,0,0,0,0,0,0,0,0,0,0,0,0,0,0,0,0,0,0,2,2,NA,2,2,0,2,0,0,0,2,0,0,0,0,0,0,0,0,2,0,0,0,2,0,0,0,0,0,0,0,0,0,0,0,0,0,0,0,0,2,2,0,2,0,0,0,0,0,0,0,0,0,0,0,0,0,0,0,0,0,0,0,0,0,2,0,2,2,0,0,0,0,0,0,0,0,0,0,0,0,0,2,0,0,0,0,0,0,0,0,0,0,2,0,0,0,2,0,2,0,0,0,0,0,0,0,2,0,0,0,0,0,2,0,2,0,0,0,0,0,0,0,2,0,0,2,2,0,0,2,0,0,0,2,0,2,0,0,0,0,0,0,0,0,0,2,0,2,2,2,0,0,2,0,2,0,2,0,2,2,0,0,2,0,0,0,2,0,0,2,0,0,2,2,0,0,0,0,2,2,0,0,0,2,0,0,0,0,0,0,0,0,0,0,0,2,0,0,0,0,0,0,0,0,0,0,2,0,0,0,0,0,0,0,0,0,2,0,0,0,0,0,0,2,0,0,0,2,0,2,0,0,0,2,0,0,2,0,0,0,0,0,0,0,0,2,0,2,0,2,0,2,0,0,0,0,0,0,0,0,0,0,0,0,0,0,2,0,0,0,0,0,0,0,0,0,0,0,0,0,0,0,2,0,0,0,2,0,2,0,0,0,0,2,0,0,0,0,2,0,0,0,0,2,0,2,0,0,0,0,0,0,0,0,0,0,2,0,0,0,0,0,0,0,0,2,0,0,0,0,0,0,0,0,0,0,0,0,0,2,2,0,0,0,0,0,0,0,0,0,0,0,0,0,0,0,0,2,0,0,0,0,2,0,0,2,2,0,0,0,0,NA,0,0,2,0,0,0,0,2,0,0,2,0,0,2,0,0,0,0,0,2,2,2,2,0,0,0,0,2,0,0,0,0,0,0,0,0,0,0,2,0,2,0,2,0,2,2,0,0,2,0,0,0,0,0,0,0,2,0,0,2,0,0,0,2,0,0,0,2,0,0,0,2,0,0,0,0,0,0,0,0,2,0,0,2,0,2,0,0,0,0,0,0,0,0,0,0,0,0,2,2,0,0,0,0,2,0,0,0,0,0,2,0,0,0,0,0,0,0,0,0,0,2,0,0,0,0,0,0,0,0,0,0,0,0,0,0,0,0,0,2,0,2,0,0,0,0,0,2,0,0,0,0,2,2,0,0,0,0,0,2,0,0,0,0,0,0,0,0,0,0,0,0,0,2,2,0,0,0,0,0,0,2,0,0,0,0,0,2,0,0,2,2,0,0,0,0,0,0,0,0,0,0,0,0,0,0,0,0,0,0,0,0,0,0,0,0,0,0,0,2,0,0,0,0,0,2,0,0,2,0,0,0,0,0,0,0,0,2,0,0,0,0,2,0,0,0,0,0,0,0,0,0,0,0,0,0,0,0,0,2,2,0,0,0,0,0,0,0,2,0,0,0,2,0,2,0,0,0,0,2,0,2,0,0,2,2,0,0,2,2,0,0,2,0,0,2,2,NA,2,2,0,2,0,0,0,NA,0,2,0,0,0,2,0,2,0,0,2,2,0,2,0,0,0,0,2,0,0,0,2,2,2,2,2,0,0,0,2,0,0,0,0,0,0,0,0,0,2,0,0,2,0,0,0,0,0,0,0,2,0,2,2,0,2,2,0,0,0,0,0,0,0,0,0,2,2,2,0,0,0,0,0,0,0,0,0,0,0,0,0,0,2,2,0,0,0,0,0,2,0,2,0,0,0,0,0,0,2,0,0,0,2,0,0,2,2,2,0,0,2,2,0,2,2,0,0,0,2,0,2,2,0,0,0,0,0,2,0,0,0,2,2,2,0,0,0,0,2,2,0,0,0,0,0,0,0,2,0,0,2,0,0,0,0,0,0,0,0,2,0,0,0,0,0,0,0,0,0,2,0,0,0,0,0,2,0,2,0,0,0,2,0,2,0,2,0,0,0,0,0,2,0,0,0,0,0,0,0,0,0,0,0,NA,0,0,2,NA,2,0,0,2,0,0,0,2,0,0,0,0,2,2,0,0,0,0,0,0,2,0,2,0,0,0,0,2,0,0,0,0,0,0,0,0,0,0,0,0,0,0,0,2,2,0,2,0,0,0,0,0,0,2,2,0,0,2,0,0,0,0,0,0,0,2,0,2,0,0,2,0,0,0,0,0,0,0,0,0,0,0,2,0,0,0,0,0,0,0,0,2,0,2,0,2,0,0,0,2,0,2,0,0,2,0,0,0,0,0,2,0,0,0,0,0,0,2,0,0,2,0,0,0,0,0,0,0,0,0,0,0,0,0,2,2,0,0,2,0,0,0,0,0,0,0,2,0,0,2,0,0,0,0,2,0,2,2,2,2,0,0,2,0,0,0,0,0,0,0,0,2,0,2,0,0,0,2,0,0,0,0,0,0,0,0,0,0,0,0,0,0,0,0,0,0,0,2,0,0,0,0,0,0,2,0,0,0,0,2,2,NA,0,0,0,0,0,0,0,0,0,0,0,0,2,0,0,0,0,2,0,2,0,0,0,0,0,0,0,0,0,2,0,2,0,0,0,0,0,0,0,0,0,0,0,0,0,0,0,0,0,0,0,0,0,0,0,0,2,0,0,0,0,0,2,0,0,2,2,0,2,0,0,0,2,0,2,2,0,0,0,2,0,0,0,0,2,0,0,2,0,0,0,0,0,0,0,0,0,0,2,0,0,0,0,0,0,0,0,0,0,0,0,0,0,0,0,0,0,0,2,0,2,0,2,0,0,0,2,2,0,0,2,0,0,0,2,0,0,0,0,0,2,2,0,0,0,0,0,0,0,0,0,0,0,0,0,0,0,0,0,0,0,0,0,0,0,0,2,0,2,2,0,0,0,0,0,0,2,2,0,0,0,2,2,0,0,0,0,0,0,0,0,2,0,0,0,0,0,0,2,2,0,0,2,2,0,0,0,0,0,2,0,2,0,2,0,0,0,2,2,2,0,0,0,2,0,0,0,2,0,0,0,2,0,0,2,0,2,2,0,0,0,2,0,0,0,NA,2,0,0,0,0,0,2,0,0,2,0,0,0,2,2,2,0,0,0,2,0,2,0,0,0,0,0,0,0,0,0,0,0,2,0,0,0,0,2,0,0,0,0,0,0,0,0,0,0,0,2,2,0,0,0,0,2,0,2,2,0,0,0,2,0,0,0,0,0,0,0,2,0,0,2,0,0,0,0,2,0,0,0,2,0,0,0,2,0,0,0,0,0,2,0,0,0,0,0,0,0,0,0,0,0,2,0,0,0,NA,0,0,0,0,2,0,2,0,0,0,0,0,0,2,0,2,0,0,2,0,2,0,0,0,0,0,0,0,0,0,0,0,0,0,2,0,0,0,0,0,2,0,0,0,0,0,2,0,0,0,2,2,0,0,2,0,2,2,0,0,0,0,0,2,2,0,0,2,0,0,0,0,2,2,2,0,2,2,2,2,2,0,0,0,0,0,0,2,2,0,0,0,0,2,0,2,0,0,0,0,0,0,2,0,0,2,0,2,0,0,0,0,2,2,0,0,0,0,0,2,2,0,0,2,0,0,0,0,0,2,0,0,0,0,2,0,2,0,0,2,0,0,2,0,0,2,2,0,0,0,2,0,2,0,2,2,0,0,2,0,2,2,0,2,0,0,2,0,0,0
"CC258",2,0,0,0,2,0,0,2,0,2,0,0,0,0,0,0,0,0,0,2,0,0,2,0,0,0,0,0,0,2,0,0,0,0,0,0,0,0,0,2,0,0,0,2,NA,0,0,0,0,0,0,0,0,0,0,0,0,0,2,0,0,0,0,2,0,0,2,0,0,0,2,0,2,0,0,0,0,2,0,0,2,2,0,2,2,0,0,2,0,0,2,0,0,2,0,0,0,0,2,2,2,2,0,0,0,0,2,0,0,0,0,2,0,0,0,0,0,0,0,0,2,0,2,0,0,0,2,0,0,0,0,0,0,0,0,0,0,0,0,2,0,2,0,0,0,0,2,0,0,2,0,2,0,0,2,0,0,0,2,0,0,0,0,2,2,2,0,2,2,2,0,2,0,2,0,0,0,0,0,2,0,2,0,0,2,2,0,0,0,0,2,0,2,0,0,2,0,0,0,0,0,0,0,0,0,0,0,0,2,0,2,0,0,0,2,2,0,0,0,0,2,0,0,0,0,0,0,2,0,0,0,0,0,2,0,0,0,0,0,0,2,0,0,0,0,0,0,0,0,2,0,0,0,0,0,2,0,2,0,0,0,0,0,0,2,0,2,0,0,0,NA,2,2,2,0,0,0,0,0,0,0,0,0,0,0,0,0,0,0,0,0,0,0,0,0,2,0,2,2,2,2,2,0,0,2,0,0,0,NA,0,0,0,0,2,0,2,0,0,0,0,0,0,0,0,2,0,0,2,2,0,0,0,0,2,2,2,2,2,0,0,2,2,0,0,2,0,0,0,0,0,0,0,0,0,2,0,0,2,0,0,0,0,0,0,0,0,0,0,0,0,0,0,0,0,0,0,0,0,0,0,0,0,0,2,0,0,0,0,2,0,0,0,0,2,2,2,2,0,0,0,0,0,0,2,0,2,0,0,0,0,2,0,0,0,2,0,2,0,0,2,0,0,0,0,2,0,0,0,2,0,0,0,0,0,0,0,0,0,0,0,0,0,0,0,0,0,0,2,0,0,0,0,0,0,0,0,0,0,0,0,0,0,0,0,0,0,0,0,0,0,0,0,0,0,0,0,0,0,0,0,2,0,0,0,0,0,0,0,0,0,2,2,0,0,0,0,0,0,0,0,0,0,0,0,0,0,0,0,0,0,0,0,0,0,0,0,0,0,0,2,2,2,0,0,2,2,2,0,0,0,0,2,0,0,0,0,0,0,0,0,0,0,0,0,0,0,0,0,0,0,0,0,0,2,0,0,0,0,0,0,0,2,2,2,0,0,2,0,0,0,0,0,0,0,0,0,2,0,0,2,2,2,0,0,0,0,0,0,0,0,0,0,0,0,2,0,2,2,0,0,0,0,0,2,2,2,0,0,2,0,0,0,0,0,0,0,2,0,2,0,0,0,0,0,0,0,0,2,2,0,0,2,0,0,0,0,2,2,2,2,0,2,2,0,0,0,0,0,2,0,0,2,0,0,2,0,2,2,0,2,2,0,0,0,0,0,0,0,0,0,0,0,0,2,0,0,0,0,0,0,2,2,0,0,0,0,0,0,0,0,2,2,0,0,0,0,0,2,2,2,0,0,0,0,0,0,0,0,2,0,0,0,0,0,0,0,0,0,0,0,NA,2,0,0,0,0,0,0,0,2,0,0,0,0,0,0,0,0,0,0,0,0,0,0,0,0,0,0,0,0,0,0,2,0,2,0,0,0,0,0,2,0,0,2,0,0,2,NA,2,2,0,2,2,2,0,0,0,0,2,2,0,2,0,2,0,0,0,2,2,2,0,0,2,0,0,0,0,0,0,0,2,0,0,2,2,0,0,2,0,0,0,0,2,0,0,0,2,0,NA,2,0,0,0,0,0,0,0,0,0,0,0,0,0,2,0,2,2,0,0,0,0,0,0,2,0,0,0,0,0,2,0,0,0,2,2,0,0,2,0,2,0,0,2,0,0,0,0,0,0,0,2,0,0,0,NA,2,0,0,0,0,0,0,0,0,0,0,0,0,0,2,0,0,0,0,0,0,0,0,0,0,0,0,2,0,2,0,2,0,0,0,0,0,2,0,0,0,0,0,0,0,0,0,0,0,2,0,0,0,0,0,0,0,0,0,0,0,2,0,0,0,0,2,0,0,0,0,0,0,2,0,2,2,0,0,0,0,0,0,2,0,0,0,2,0,0,2,0,0,0,0,2,0,0,0,0,0,0,2,0,0,0,0,0,0,0,0,0,2,0,0,0,0,0,0,0,0,2,2,0,0,0,2,0,2,0,0,0,0,0,0,2,2,0,2,0,0,0,0,0,0,0,0,2,0,0,0,0,0,0,2,2,0,0,0,0,0,0,0,0,2,0,0,0,0,0,0,0,0,2,0,0,0,0,0,0,0,0,2,2,2,2,0,2,0,0,0,0,2,0,0,2,0,2,0,0,2,0,0,0,0,0,0,2,0,0,0,2,2,2,0,0,0,0,0,0,2,0,2,0,0,0,0,0,0,0,0,NA,0,0,0,2,2,0,0,0,2,0,0,2,0,0,2,0,0,2,0,0,0,0,0,2,0,2,2,2,0,0,0,0,0,0,2,2,0,0,0,0,0,2,2,0,2,0,2,0,0,0,0,0,2,2,2,2,0,0,0,0,0,0,0,0,2,0,2,0,0,0,0,0,0,0,0,0,0,0,2,0,0,0,0,0,0,0,0,0,0,2,0,2,2,0,0,0,0,0,0,0,0,0,0,0,0,0,0,0,0,0,0,0,0,0,0,0,0,2,2,2,2,0,0,0,0,2,0,0,0,0,0,0,0,2,0,0,0,0,0,2,0,0,0,0,0,0,0,2,2,0,0,0,0,0,0,0,0,0,0,2,0,0,0,0,0,0,0,0,0,0,0,0,2,0,0,2,0,0,0,0,0,0,2,0,2,0,0,0,0,0,0,0,0,0,0,0,0,2,0,2,0,0,0,0,0,2,2,0,0,0,0,0,0,0,0,2,0,0,0,0,0,0,0,0,0,0,0,0,0,0,0,0,2,2,0,0,0,0,0,0,0,0,0,2,0,0,0,0,0,0,0,0,0,0,0,0,2,0,0,0,2,2,0,0,0,2,0,2,0,0,0,2,0,0,0,2,2,0,0,0,0,2,0,0,0,0,0,2,0,0,0,0,0,0,2,0,0,2,2,0,0,0,2,0,0,0,2,0,0,2,NA,0,0,2,0,0,0,0,0,0,0,0,0,2,0,0,0,0,0,0,0,0,0,0,0,0,0,0,0,2,0,0,0,0,0,0,2,0,0,2,0,0,2,0,0,0,0,2,2,0,0,0,0,0,0,0,0,0,2,0,0,0,0,2,0,0,0,0,0,0,2,0,2,0,0,0,0,0,0,0,0,2,0,0,0,0,0,2,0,0,0,0,0,0,0,2,0,0,0,0,2,2,0,2,2,2,2,0,0,0,2,2,0,0,0,0,0,2,0,0,0,0,0,0,0,0,0,0,0,0,0,0,2,0,0,0,2,0,0,0,0,2,2,0,0,0,0,2,0,2,2,0,2,0,2,0,0,0,2,0,0,0,0,0,0,0,0,2,0,0,0,0,0,0,0,0,0,2,0,0,2,0,0,0,0,0,0,0,0,2,2,0,0,0,0,0,0,0,0,0,0,0,0,0,2,2,0,0,0,0,0,0,0,0,2,2,0,0,0,0,0,0,0,0,2,2,0,2,2,2,0,0,2,0,0,0,0,0,0,0,0,0,0,0,0,2,0,2,0,0,0,0,0,0,2,0,0,2,0,0,0,0,2,0,0,0,0,0,2,2,0,0,2,0,2,0,0,0,0,2,0,0,0,0,0,0,0,0,2,0,0,0,0,0,0,0,0,0,0,0,0,2,2,2,0,0,0,2,0,0,0,0,2,0,2,2,2,0,2,0,NA,2,0,0,0,2,0,0,0,0,0,0,0,0,0,0,0,0,0,0,0,2,2,0,0,0,0,0,0,2,0,0,0,2,2,0,0,2,2,0,0,2,0,0,0,0,0,0,0,2,0,2,0,0,0,2,2,0,0,0,0,0,0,0,0,2,0,0,0,0,0,2,0,0,2,0,2,0,0,0,0,0,0,2,0,0,0,0,0,0,0,2,0,0,0,0,2,2,0,0,2,2,0,0,0,0,2,0,0,2,0,2,0,0,2,0,0,0,0,0,0,2,0,0,0,0,0,2,0,0,2,2,0,0,0,2,0,0,0,2,0,2,0,0,0,0,0,0,0,2,2,2,2,0,0,2,2,2,0,2,0,0,0,0,0,0,0,2,2,0,0,0,0,2,0,2,0,2,0,0,2,0,0,0,2,2,0,2,0,0,0,2,0,0,0,2,0,2,0,0,0,0,0,2,0,0,0,0,0,0,0,0,2,0,0,0,2,0,0,0,0,0,0,0,0,0,0,0,2,0,0,0,0,0,0,0,0,0,0,0,0,2,0,0,0,0,0,0,0,0,0,0,0,0,0,0,0,0,0,0,0,0,0,0,2,0,0,0,2,2,2,2,2,2,2,0,0,0,0,0,0,0,0,0,0,0,0,0,0,2,0,0,2,2,0,0,2,2,0,0,0,0,0,0,0,2,2,0,0,0,0,0,0,2,0,0,2,0,0,2,0,0,0,2,0,0,0,0,2,2,0,0,2,0,0,0,2,0,0,0,2,0,0,0,0,NA,0,0,0,2,0,2,0,0,0,2,0,0,0,0,0,2,2,0,0,0,NA,0,0,0,0,0,0,0,NA,2,0,0,0,2,0,0,0,2,2,2,0,2,0,0,2,2,0,0,0,0,0,0,0,0,2,0,0,2,0,0,2,0,0,0,0,0,0,0,2,0,0,0,0,0,0,0,2,0,2,2,2,0,2,0,0,0,2,0,2,0,0,0,0,2,0,2,0,0,0,0,0,0,0,0,0,0,2,0,0,0,2,0,0,0,0,2,0,2,2,0,2,2,0,0,0,2,0,0,0,0,0,0,0,0,0,2,0,0,0,0,0,0,2,0,0,2,0,2,2,2,0,0,0,0,0,0,0,0,0,2,0,0,0,2,0,0,0,0,0,0,0,2,0,0,0,0,0,0,0,0,0,0,0,0,0,2,0,0,0,0,0,0,0,0,0,0,0,0,0,0,0,0,2,2,0,0,0,0,0,0,2,0,0,0,0,0,0,2,0,0,0,2,0,2,2,0,2,0,0,0,2,0,0,2,2,2,0,0,2,0,0,0,0,2,0,0,0,0,0,2,0,2,0,2,0,0,0,0,0,2,0,0,0,0,0,2,2,2,0,0,2,0,2,0,0,0,0,2,0,0,2,2,0,2,0,0,0,0,0,0,0,0,0,0,2,2,0,2,2,0,0,2,0,0,0,2,0,0,2,0,0,0,2,2,0,0,2,2,0,0,2,2,2,0,0,0,0,2,0,0,2,0,0,0,2,2,2,NA,0,0,0,NA,2,2,0,2,0,0,0,2,0,2,2,0,0,2,0,2,2,0,2,0,0,2,0,0,0,2,0,0,2,2,0,0,2,0,2,0,2,0,0,0,0,2,2,0,0,2,0,0,0,0,2,2,0,0,2,0,0,2,0,0,0,2,2,2,2,0,2,2,2,0,2,0,0,0,0,0,0,0,0,0,0,0,0,0,0,0,0,0,0,0,2,0,0,0,0,2,0,0,2,0,2,0,2,2,0,0,0,2,2,0,2,0,0,0,0,0,0,0,0,0,2,0,0,2,0,0,0,0,0,2,0,0,0,0,0,0,2,0,0,0,2,0,0,0,0,0,0,2,0,0,2,2,0,0,0,2,2,0,0,2,0,0,0,2,0,0,0,0,0,0,0,0,2,0,0,0,2,2,0,0,0,0,0,0,0,2,0,0,0,0,0,0,0,0,0,0,0,0,0,0,0,2,0,2,0,2,0,0,2,0,0,0,0,0,0,0,0,2,2,0,0,2,0,0,0,0,0,0,0,2,0,0,0,0,0,0,2,0,0,2,0,0,2,0,2,2,0,0,0,0,0,2,0,0,2,0,0,0,0,0,0,0,0,0,2,0,0,2,0,0,0,0,0,0,0,0,0,0,0,0,0,0,0,2,0,2,2,0,0,0,0,0,0,2,0,0,0,0,0,0,0,0,0,0,0,0,2,0,0,0,0,2,0,0,0,0,0,2,0,0,0,2,0,0,0,0,0,2,0,0,0,2,0,0,0,0,0,0,0,0,0,0,0,0,0,0,0,0,0,0,0,2,0,0,0,0,0,0,0,0,0,0,0,0,0,0,0,0,0,0,0,0,2,2,0,0,2,0,0,0,2,0,2,0,0,0,2,2,2,0,0,0,0,0,0,0,0,2,2,0,0,0,0,0,0,0,0,0,0,0,0,0,0,0,2,2,0,0,0,0,0,0,0,2,0,0,2,0,2,0,0,2,0,2,0,NA,0,2,2,0,0,0,0,0,0,0,2,0,0,0,2,0,2,0,2,2,2,2,0,0,0,2,2,0,0,2,0,0,0,0,0,0,0,0,2,0,0,0,0,0,0,0,0,0,0,0,0,0,0,2,0,0,0,0,0,0,0,0,0,2,0,2,2,0,0,2,2,2,0,0,2,0,0,0,2,0,0,2,2,0,0,0,2,2,2,0,2,2,2,0,0,0,2,0,0,NA,0,0,0,0,0,2,0,2,0,2,2,0,0,0,0,0,0,2,0,0,0,0,0,0,0,0,0,2,0,0,0,0,0,0,0,0,0,2,2,0,0,0,0,2,0,2,2,0,0,0,0,0,0,0,2,0,0,0,2,0,0,0,0,2,0,0,0,2,NA,0,0,0,0,0,0,2,2,2,2,2,0,2,0,0,0,0,0,0,0,2,2,0,2,0,0,0,0,0,0,0,0,0,0,0,0,0,0,0,0,0,0,0,2,0,0,0,0,2,0,2,0,0,0,0,0,0,2,0,0,0,0,0,2,0,0,0,0,0,0,0,0,2,2,2,0,2,0,0,0,0,0,0,2,0,0,0,0,2,0,0,0,0,2,0,0,2,0,2,0,0,0,0,2,0,0,0,0,0,0,0,0,0,0,0,0,0,0,2,0,0,0,0,2,0,0,0,0,0,2,2,0,0,0,0,2,0,2,0,0,0,0,2,0,0,0,0,2,0,0,0,2,0,2,0,2,2,0,0,0,2,0,0,2,2,0,0,0,2,0,0,2,2,0,0,2,0,2,0,0,2,2,2,0,0,0,0,0,0,0,2,0,0,0,0,2,0,0,2,0,0,0,2,0,NA,0,0,0,2,0,0,0,2,0,0,0,0,0,2,2,0,0,0,0,0,0,0,2,2,2,2,0,0,0,2,2,0,0,0,0,0,0,2,0,0,0,0,0,2,0,2,0,0,2,2,2,0,0,0,0,2,0,0,0,0,0,2,0,0,0,2,0,2,0,0,0,0,0,0,0,2,0,0,0,0,0,0,0,0,0,0,0,0,0,0,0,0,0,0,0,0,2,0,0,2,0,0,0,2,0,0,0,0,0,0,0,0,0,0,2,0,0,0,0,0,0,0,0,0,0,0,0,2,0,0,0,0,0,0,0,0,0,0,0,0,0,0,0,0,0,0,0,2,2,0,0,0,0,0,2,0,0,0,2,0,0,0,0,0,0,0,0,0,0,0,0,0,0,0,0,2,2,0,0,0,0,0,0,0,0,0,2,0,0,0,0,2,0,0,0,0,2,0,0,0,0,0,0,0,2,0,0,0,2,0,0,0,0,0,0,0,0,0,0,0,0,0,0,0,0,0,0,0,0,2,0,0,0,0,0,0,0,0,0,0,0,2,0,2,0,0,2,2,0,0,0,2,0,0,0,0,0,0,0,0,0,0,0,0,2,0,2,0,0,2,0,2,0,0,2,2,0,2,0,2,0,0,0,0,0,0,0,0,0,0,0,0,0,0,0,2,2,0,0,0,0,0,0,0,0,0,0,0,2,0,0,0,0,2,0,0,0,2,0,0,0,0,0,2,0,0,2,0,0,0,0,0,0,2,0,0,0,0,0,2,0,2,0,2,0,2,0,0,0,0,0,0,0,2,0,0,0,0,0,0,0,0,0,2,0,0,0,0,0,0,0,0,0,2,0,0,0,0,0,2,0,0,0,0,0,0,0,0,0,2,0,0,0,0,0,0,0,0,0,0,2,0,0,0,0,0,0,0,0,0,0,0,0,0,0,2,0,0,2,NA,0,0,0,0,0,0,2,0,0,0,0,0,0,0,0,0,0,0,0,0,0,0,0,0,0,0,0,0,0,0,0,0,0,0,2,0,2,0,0,2,0,0,0,0,0,0,0,0,0,0,0,0,2,0,0,0,0,0,2,0,0,0,0,0,0,0,0,0,2,0,0,0,0,2,0,0,2,0,2,2,2,2,0,2,0,0,2,0,0,0,0,0,0,0,0,0,0,2,0,0,0,0,0,0,0,0,0,0,0,2,0,0,0,0,0,0,0,0,0,0,0,0,0,0,2,0,2,0,0,2,0,0,0,0,0,0,0,0,0,0,0,2,0,0,2,2,0,2,0,0,2,2,0,0,0,0,0,0,0,2,2,2,0,2,0,2,0,0,0,2,0,0,0,2,0,0,0,0,0,0,2,0,2,0,0,0,0,0,0,0,0,0,0,2,2,2,2,0,0,2,2,2,0,0,0,0,0,0,0,0,0,0,0,0,0,2,0,0,0,0,0,0,0,0,0,0,0,0,0,0,0,0,0,0,0,0,0,2,0,0,0,0,0,0,0,0,0,0,0,0,0,0,0,0,0,0,2,0,2,2,0,0,0,0,0,2,0,0,0,0,0,2,0,0,2,0,2,0,0,2,2,0,0,0,0,0,0,0,2,0,0,0,0,2,0,0,2,0,0,2,0,0,0,0,0,2,2,2,0,0,2,0,0,0,0,0,0,2,2,0,0,0,0,0,2,0,2,0,2,0,2,2,0,0,2,0,0,0,0,2,0,0,0,0,0,2,0,0,2,0,0,0,0,2,0,0,0,0,2,0,2,0,0,0,0,0,0,0,0,0,0,2,0,0,0,0,0,0,0,0,0,0,0,0,0,0,0,0,0,0,0,0,0,0,2,2,2,0,0,0,0,0,0,0,0,0,0,2,0,0,0,0,0,0,0,0,0,0,0,0,0,0,0,0,0,NA,0,2,0,0,0,2,0,2,2,0,0,0,2,2,0,0,0,0,0,2,0,0,0,0,0,0,0,0,0,0,0,0,0,2,2,2,0,0,2,0,0,2,0,0,0,0,0,2,0,0,2,2,0,0,0,0,0,0,0,0,0,0,0,0,0,0,0,0,0,0,0,0,0,0,0,0,0,0,0,2,0,0,0,0,0,2,0,0,2,0,0,0,0,2,0,0,0,2,2,0,0,0,2,0,0,0,0,2,0,0,0,0,0,0,0,0,0,0,0,0,2,0,0,0,0,0,0,0,2,0,2,0,2,0,0,0,2,0,0,2,0,0,0,0,2,2,0,0,2,2,0,0,0,0,0,2,2,NA,2,2,0,2,0,0,0,NA,0,2,0,0,0,0,0,2,0,0,2,2,0,2,0,2,0,0,2,0,2,0,2,2,0,2,0,0,0,0,2,0,0,0,2,0,0,0,0,0,0,0,0,2,0,0,0,0,0,0,0,2,0,2,2,0,2,2,0,0,0,0,2,0,0,0,0,2,2,0,0,0,0,0,0,0,2,0,2,2,2,0,0,0,0,0,0,0,0,0,0,0,0,2,0,0,0,0,2,0,2,0,0,0,0,2,0,0,2,0,0,0,0,0,0,2,0,0,0,0,0,0,2,2,0,0,0,0,0,0,0,0,0,0,2,2,0,0,2,2,2,2,0,0,0,0,0,0,0,0,0,0,2,0,2,0,0,0,0,0,0,2,0,0,0,2,0,0,0,0,2,2,0,0,0,0,2,2,0,2,0,0,0,2,0,2,0,2,0,0,0,0,0,2,0,0,2,0,0,0,0,0,0,2,0,2,0,0,0,2,2,2,0,0,0,0,2,0,0,0,0,0,2,2,0,0,0,0,0,0,0,0,2,0,0,0,0,2,0,0,0,2,0,0,0,0,0,0,0,0,0,0,0,2,0,2,2,0,2,0,0,0,0,2,0,0,0,2,0,0,0,0,0,0,0,2,0,2,0,0,0,0,0,2,0,2,0,0,0,0,0,0,0,0,0,0,0,0,0,0,0,NA,0,2,0,2,0,0,0,2,0,0,0,0,2,0,0,0,0,0,0,0,2,2,0,2,0,2,0,0,2,0,0,0,0,0,0,0,0,0,0,0,0,0,2,2,0,0,2,0,0,0,0,0,0,0,2,0,0,0,0,0,0,0,0,0,2,0,2,0,0,0,0,0,0,0,0,0,0,0,0,2,0,2,0,2,0,0,0,0,2,0,0,0,0,0,0,0,0,0,2,0,0,0,0,0,0,0,0,0,2,2,2,0,2,0,0,0,2,0,2,2,0,2,2,2,0,2,0,0,2,2,0,0,0,0,0,2,0,0,0,0,0,0,2,2,0,0,0,0,0,2,0,2,0,0,0,0,0,0,0,0,0,0,2,0,0,0,0,0,0,0,2,2,0,0,0,0,2,2,0,0,0,0,0,0,0,2,2,0,2,0,0,0,2,0,2,2,0,0,0,2,0,0,0,0,0,0,0,2,0,0,0,0,2,0,0,0,0,0,2,0,2,0,0,0,0,0,0,0,0,0,0,0,0,0,0,0,0,0,0,0,2,0,2,0,0,0,2,2,0,0,0,0,0,0,2,0,0,0,0,0,0,2,2,0,0,0,0,0,2,0,NA,0,0,0,0,0,0,0,0,0,0,0,0,0,0,0,2,0,2,0,0,0,0,0,0,0,2,2,0,0,0,0,0,0,0,0,0,0,0,0,0,0,0,0,0,0,0,0,2,0,2,0,2,2,0,0,0,0,0,2,0,2,0,2,0,0,0,2,2,0,2,0,0,2,0,0,0,2,0,0,0,2,0,0,2,0,2,2,0,0,0,2,0,0,0,0,0,0,0,0,0,0,2,0,0,2,0,0,0,0,0,2,2,0,0,0,0,2,0,0,0,0,0,0,0,0,0,0,0,2,0,0,0,0,2,0,0,0,0,0,0,0,0,0,0,0,2,2,0,0,0,0,0,0,0,0,0,0,0,0,0,0,0,0,0,0,0,2,2,0,2,0,0,0,0,2,0,0,0,2,0,0,0,2,0,0,0,0,0,2,0,0,0,0,0,0,0,0,0,2,0,0,0,0,0,NA,0,0,0,0,2,0,2,0,0,0,2,0,NA,2,0,2,0,0,2,0,2,0,0,0,0,0,0,0,0,0,0,0,0,0,2,0,0,0,0,0,2,0,0,0,0,0,2,0,0,2,0,2,0,0,2,0,2,2,0,0,0,0,0,2,2,0,0,2,0,0,0,0,2,2,2,0,0,0,0,2,2,0,0,0,0,0,0,0,0,0,0,0,0,2,0,2,0,2,0,2,0,0,0,0,0,2,0,2,0,0,0,0,2,0,0,0,0,0,0,2,0,0,0,2,0,0,0,0,0,2,0,0,0,0,0,0,2,0,0,2,0,0,2,0,0,2,2,0,0,2,2,0,0,0,2,2,0,2,2,0,0,2,0,2,0,0,2,0,0,0
"CC259",0,2,0,0,0,0,0,0,0,0,0,0,0,2,2,2,0,0,0,2,2,2,0,0,0,0,0,2,0,0,0,2,0,0,0,2,2,0,0,0,0,2,2,2,2,0,2,2,2,0,2,2,2,2,0,0,2,0,0,0,0,0,0,2,0,0,0,0,0,2,2,0,0,0,0,0,0,0,0,2,0,0,0,0,0,0,0,0,0,0,0,2,2,0,0,2,0,0,0,0,2,2,0,0,2,2,2,0,0,0,0,2,0,2,0,0,0,0,0,2,0,0,2,0,0,0,0,0,0,0,2,0,0,0,0,2,0,0,0,0,0,0,0,2,0,0,0,2,2,0,2,0,0,2,0,2,2,0,0,0,0,2,0,0,NA,0,0,0,0,0,0,0,0,0,0,0,2,0,0,0,0,0,0,0,0,0,0,0,0,0,0,2,0,0,2,0,0,2,0,0,0,0,0,2,0,0,0,0,0,0,0,0,0,2,0,0,2,0,2,0,0,0,0,0,0,2,0,2,0,0,0,0,0,0,0,0,0,2,0,0,2,0,0,0,0,0,2,0,2,0,0,0,0,2,0,2,2,0,0,0,0,0,0,2,2,0,0,0,0,0,0,0,0,2,0,0,0,0,0,0,0,0,0,0,0,0,0,0,0,0,0,0,0,0,0,0,0,0,0,0,0,0,0,2,0,0,0,2,0,0,0,0,0,0,0,0,0,2,0,0,0,0,0,0,0,0,0,0,0,0,0,2,2,0,0,0,0,0,2,2,0,0,0,0,0,0,0,0,0,0,0,2,0,0,0,0,0,0,0,0,0,0,0,0,0,0,0,0,0,0,0,0,0,0,2,2,0,0,0,2,0,2,0,0,0,0,2,0,0,0,0,0,0,0,0,0,0,0,0,0,0,0,2,0,0,0,0,0,0,2,0,0,0,0,2,0,0,2,0,0,0,0,0,0,0,0,0,2,0,2,2,0,0,0,0,2,2,0,2,0,0,0,2,0,0,2,0,2,0,0,0,0,2,0,0,0,0,2,0,2,2,0,0,2,0,0,0,0,0,2,0,0,0,0,0,0,0,0,2,0,0,0,0,0,0,0,0,2,0,0,0,0,0,2,2,2,0,0,0,0,0,0,0,0,0,0,0,0,2,2,0,0,0,0,0,2,2,0,0,2,2,0,0,0,0,2,2,0,0,0,0,2,2,0,0,0,0,0,0,0,0,0,0,2,0,0,2,0,0,0,2,0,0,0,0,0,2,0,0,0,2,2,0,0,0,0,0,0,0,0,0,0,0,0,2,0,0,0,0,2,0,0,2,0,0,0,2,0,0,2,0,0,0,0,0,0,0,2,0,0,0,0,2,2,0,0,0,0,0,0,0,0,0,0,2,0,0,0,0,0,0,0,0,0,0,0,0,0,0,0,2,0,0,0,0,0,0,0,0,0,0,0,2,2,0,0,0,0,0,2,2,0,0,2,2,0,0,0,0,0,0,0,0,0,0,0,0,0,2,0,0,0,2,0,0,0,0,0,0,0,0,0,2,0,0,0,0,0,0,0,0,0,0,0,0,0,2,2,2,0,0,2,0,0,0,0,0,0,2,0,0,0,2,0,0,0,0,0,0,0,0,0,0,0,0,0,0,0,0,0,0,0,0,0,0,0,0,0,0,0,0,0,0,0,0,0,0,0,0,0,0,2,0,0,0,0,0,2,0,0,0,0,0,0,0,0,0,0,0,0,0,0,0,0,0,0,0,0,0,0,0,0,2,2,0,2,2,0,0,0,0,0,0,0,2,2,0,0,0,0,0,0,0,0,0,0,0,2,0,0,2,0,0,0,2,0,0,0,0,0,0,0,2,0,0,0,0,0,0,0,0,0,0,0,0,2,2,0,0,0,2,0,0,2,0,0,2,0,2,2,0,2,0,0,2,0,0,2,0,2,2,0,0,0,0,2,2,0,0,0,0,2,0,0,NA,2,2,0,0,0,0,0,0,2,0,0,0,0,0,0,0,0,0,0,0,0,0,0,0,0,0,0,0,0,0,2,0,0,0,0,0,0,0,0,0,0,0,2,0,0,0,2,2,2,2,0,0,0,2,0,0,2,0,2,2,0,0,0,0,0,2,0,0,2,0,0,0,0,0,2,0,0,0,2,0,0,2,0,0,0,0,2,0,0,0,0,0,2,0,0,0,2,0,0,0,0,0,2,0,0,0,0,0,0,2,2,0,2,0,0,0,0,0,0,0,0,2,0,0,0,0,0,0,0,0,0,0,0,0,0,0,0,0,0,0,0,2,2,0,0,0,0,0,2,0,0,0,0,0,0,0,0,0,0,0,0,0,0,2,0,0,0,0,0,0,2,0,0,2,0,0,0,0,0,0,0,0,2,0,0,0,0,0,0,0,0,2,0,0,0,2,0,2,0,2,2,0,0,0,0,0,0,2,0,0,0,2,2,0,0,0,0,0,0,0,0,0,2,0,0,2,0,0,2,0,0,0,0,0,0,0,0,0,0,0,0,0,0,0,0,0,0,0,2,2,0,0,2,0,0,2,0,0,2,0,0,0,0,0,0,0,2,0,2,0,0,0,0,0,0,0,0,0,0,0,0,0,0,0,2,2,2,0,0,0,2,0,2,0,0,0,0,0,0,2,2,2,0,0,0,2,0,0,2,0,0,0,0,0,0,0,0,0,0,0,2,0,0,2,0,0,0,0,0,0,0,2,0,0,0,0,0,0,0,0,0,0,0,0,0,0,0,0,0,0,0,0,0,0,2,0,0,0,0,0,0,2,0,0,0,0,0,0,0,0,0,0,0,0,0,0,0,0,2,2,0,0,0,2,0,0,0,2,0,2,2,0,2,0,0,0,2,0,0,0,0,0,2,0,0,0,2,0,0,0,0,0,0,0,2,0,2,0,0,0,0,0,0,0,2,0,0,0,0,0,0,2,0,0,0,2,0,0,0,0,0,0,2,2,0,0,0,0,0,0,2,0,0,0,0,0,0,0,0,0,0,0,0,0,0,0,2,0,2,2,0,0,2,0,0,0,0,0,0,0,0,0,0,0,0,0,0,0,2,0,0,0,0,0,0,0,0,0,0,2,0,0,0,0,0,0,0,0,0,0,0,0,0,0,0,0,0,0,2,0,0,0,0,0,0,0,0,0,0,0,0,0,2,2,2,0,0,0,0,0,2,0,0,0,0,0,0,0,0,0,0,0,0,0,0,2,0,0,0,0,0,0,0,0,0,0,0,0,0,2,0,2,0,0,0,0,0,0,0,2,0,0,0,2,2,0,0,0,0,0,0,0,0,0,0,0,2,0,0,0,0,0,2,0,2,0,0,0,0,2,0,0,2,0,2,2,0,0,2,0,0,0,0,0,0,2,0,0,0,0,0,0,0,0,2,0,0,2,2,0,0,0,0,0,0,0,0,0,2,0,2,0,0,0,0,0,0,0,0,2,0,2,0,0,0,0,0,0,0,0,2,0,0,0,0,0,0,2,0,0,0,2,2,0,0,0,0,0,0,2,0,0,0,0,0,0,0,0,0,0,2,0,0,0,0,0,0,0,2,0,0,0,0,0,0,0,0,0,2,2,0,0,0,0,0,0,2,0,0,0,0,0,2,0,0,0,0,0,0,2,0,0,0,0,0,0,0,2,0,2,2,2,0,0,0,0,0,2,0,0,0,0,0,0,0,0,0,2,0,2,2,2,0,0,2,0,0,0,0,2,0,0,0,0,0,0,0,0,0,0,0,0,2,0,2,0,0,2,2,0,0,2,0,2,0,0,0,0,0,0,2,0,0,0,2,2,0,0,0,0,0,0,0,0,0,0,0,0,0,0,2,0,2,2,0,2,0,0,0,0,0,2,0,0,0,0,0,2,0,2,0,0,0,0,2,0,0,0,0,0,0,0,0,0,0,2,0,0,0,0,0,0,0,0,0,0,0,0,0,0,0,2,0,0,0,0,0,0,0,0,0,0,0,0,0,0,0,2,0,0,0,0,2,0,0,0,0,2,0,2,2,0,0,0,0,0,0,2,0,0,2,0,0,0,2,0,0,2,0,2,0,2,0,0,0,2,0,2,0,0,0,0,0,0,0,0,0,0,0,0,0,0,0,2,0,0,0,0,0,0,0,0,2,2,2,0,0,0,2,2,0,0,0,0,2,2,0,0,0,2,2,0,0,0,0,0,0,0,0,0,2,0,0,2,0,0,0,0,0,0,0,0,0,0,0,0,2,0,0,2,0,0,0,2,0,0,2,2,0,0,0,0,0,0,2,0,2,0,2,0,2,0,0,0,2,0,0,0,0,0,0,0,0,0,0,0,0,0,0,0,2,0,0,0,0,0,0,0,0,2,0,2,0,0,2,0,2,0,0,0,0,2,0,0,0,2,0,0,0,0,0,0,0,0,0,0,0,2,0,0,0,0,0,0,0,0,2,0,0,2,0,0,0,0,0,0,0,0,0,0,0,0,0,2,0,2,0,0,0,0,0,0,0,0,2,2,2,0,2,0,0,0,0,0,0,0,0,0,0,0,0,0,0,0,0,0,2,0,0,0,0,2,0,0,0,0,2,0,0,0,0,0,0,0,0,0,2,0,0,2,0,0,0,0,0,2,0,0,0,0,0,0,0,0,0,0,2,2,2,2,0,0,0,0,0,2,0,0,0,0,0,2,0,0,0,0,0,2,2,0,2,0,0,0,0,0,0,0,0,0,0,0,0,0,0,0,0,0,NA,0,0,0,0,0,0,0,0,2,2,2,0,0,0,0,2,0,0,2,0,0,0,0,0,0,0,0,0,0,0,0,0,0,2,0,2,0,0,0,0,0,0,2,0,0,2,0,2,0,0,2,0,0,0,0,2,0,0,0,0,0,0,0,0,0,0,0,0,2,0,2,2,0,0,0,0,0,2,0,0,0,0,0,0,2,0,0,0,0,0,0,0,0,0,0,0,2,0,0,2,0,0,0,0,2,0,0,0,0,0,0,0,0,0,0,0,2,0,0,0,0,0,0,0,0,0,0,0,0,0,0,2,0,0,0,0,0,0,0,2,0,0,0,0,0,0,2,0,2,0,0,0,0,0,0,0,0,0,0,0,0,0,0,0,2,0,0,0,0,2,0,2,0,0,0,0,2,0,0,0,0,0,0,0,0,2,0,0,0,0,0,0,0,0,0,2,2,NA,0,0,0,0,0,0,0,0,0,0,0,2,0,0,2,0,0,2,0,0,0,0,2,2,0,0,0,2,0,0,0,0,0,0,0,0,0,0,0,0,0,2,2,0,0,0,0,0,0,0,2,0,0,0,2,0,0,0,0,0,0,0,0,0,0,0,0,0,0,0,0,0,0,0,0,0,2,0,2,0,0,0,0,0,2,2,0,0,0,0,0,0,0,0,0,0,0,0,0,0,0,0,2,2,0,0,0,0,0,0,0,0,0,0,0,0,0,0,0,0,0,0,2,0,0,0,2,0,0,0,0,0,0,0,0,0,0,2,2,0,0,0,0,0,2,0,0,0,0,0,0,0,0,2,0,0,2,0,2,0,0,0,0,0,0,0,0,0,0,0,0,0,2,0,2,0,0,0,0,0,0,0,0,0,2,0,0,2,0,0,0,0,0,0,0,0,0,2,0,0,2,0,0,0,0,0,0,0,0,0,0,0,0,0,0,0,0,0,0,0,0,0,0,0,0,0,0,2,2,0,0,0,0,0,0,0,0,0,0,0,0,0,2,0,0,2,0,0,0,0,0,0,0,0,0,0,0,0,0,0,2,0,0,0,0,0,0,0,0,0,0,0,0,0,0,0,0,2,0,0,0,0,0,0,0,0,0,2,0,2,0,0,0,0,0,0,0,0,0,2,2,0,0,0,0,0,0,2,2,0,0,2,0,0,0,0,2,0,0,0,0,0,0,0,0,0,0,0,2,0,0,2,0,0,0,0,0,2,0,0,2,0,0,0,2,0,0,0,0,0,0,0,2,0,0,0,0,0,0,2,0,2,0,0,0,0,0,2,2,2,0,NA,0,0,0,0,0,2,2,0,2,0,2,0,2,0,0,2,2,2,2,0,0,0,0,0,0,0,0,0,0,2,0,0,0,0,2,2,2,0,0,0,0,0,0,0,0,0,0,0,0,0,0,0,0,0,0,0,0,2,0,0,0,2,0,0,0,0,0,0,2,2,0,0,0,0,0,2,0,0,0,0,0,2,0,0,0,0,0,0,0,0,0,0,0,0,0,0,2,0,2,0,2,2,0,0,0,0,0,2,0,0,0,0,0,0,0,0,0,0,0,0,0,0,0,0,0,0,0,0,0,2,0,0,0,0,0,2,0,0,0,2,0,0,0,0,0,0,0,2,0,0,0,0,0,0,0,2,0,0,0,0,0,0,0,0,0,2,0,0,0,0,0,2,0,0,2,0,2,2,0,0,2,0,0,0,2,2,0,0,0,0,0,2,0,2,0,0,0,0,0,0,0,0,0,0,0,0,0,0,0,0,0,2,0,0,0,0,0,0,0,0,0,0,0,0,0,0,0,0,0,2,0,0,0,0,0,0,0,0,0,2,0,2,2,0,0,0,2,0,0,0,2,0,0,2,0,0,0,0,0,0,0,0,0,0,0,0,0,0,0,0,0,0,0,0,2,0,0,2,0,2,0,0,0,0,2,0,0,0,0,0,0,0,0,0,0,0,2,0,0,0,0,0,0,0,0,0,2,0,0,0,0,0,0,0,0,0,0,0,0,0,0,0,0,0,2,0,0,0,0,0,0,0,2,0,0,0,0,2,NA,0,0,2,0,0,0,0,0,0,2,0,0,2,2,2,0,0,0,0,0,0,0,2,2,0,0,0,0,0,0,0,2,2,2,0,0,0,0,0,0,2,0,0,2,0,0,0,0,0,2,2,0,0,0,0,0,0,0,0,0,2,0,0,0,0,0,0,0,0,0,0,0,0,2,2,0,0,0,2,0,0,0,0,2,0,0,0,0,0,2,0,0,0,0,0,0,0,0,0,0,0,0,0,0,2,2,0,0,0,0,2,0,2,0,0,0,0,0,0,0,0,0,2,0,0,0,0,0,0,0,0,0,0,2,0,0,0,0,0,0,0,0,0,0,0,0,0,2,0,0,0,0,0,0,2,0,0,0,0,0,0,0,0,0,0,0,0,0,0,0,2,0,0,0,0,2,0,0,0,0,0,0,2,0,0,2,0,0,2,0,0,0,0,0,0,0,0,0,2,0,0,2,0,0,0,0,0,0,0,0,0,0,0,0,2,0,0,0,0,0,2,0,2,0,0,0,0,0,0,0,2,0,2,0,0,0,0,0,0,0,0,0,0,0,2,0,2,0,0,0,2,0,0,0,0,0,0,0,0,0,0,2,0,0,0,0,2,2,0,0,2,0,0,0,0,0,0,0,0,0,0,0,0,0,0,0,0,0,0,0,0,0,0,2,0,2,0,0,2,2,0,0,2,0,0,0,0,0,0,0,0,0,0,0,0,2,0,0,0,0,2,0,0,2,0,0,0,0,0,0,2,0,0,0,0,0,0,0,0,0,0,0,0,0,2,2,2,0,0,0,0,0,0,0,0,0,NA,0,0,0,0,0,0,2,2,0,0,0,2,0,0,0,0,2,0,2,0,0,2,0,0,0,0,2,0,0,0,0,0,0,0,0,0,0,0,0,0,2,0,0,0,0,0,2,0,0,0,0,0,0,0,0,0,2,0,0,0,0,2,0,0,0,2,0,0,0,0,0,2,2,0,2,2,2,0,0,0,0,0,2,0,0,0,0,2,2,0,0,0,0,2,0,0,0,0,2,0,0,0,0,2,0,0,2,0,0,0,0,0,2,0,0,0,2,0,0,0,2,0,0,0,0,2,0,0,0,0,0,0,0,0,0,0,0,0,2,2,0,0,0,0,2,0,0,0,0,0,2,2,0,0,0,2,0,2,NA,0,0,2,0,0,0,0,0,2,0,0,2,0,0,0,0,0,2,0,0,0,0,0,0,0,2,0,0,0,0,0,0,0,0,0,0,0,0,0,0,0,0,0,0,0,0,0,0,0,0,0,0,0,0,2,0,2,0,0,0,0,0,0,0,0,0,0,0,0,0,2,0,0,0,0,0,0,0,0,0,0,0,0,0,0,0,0,0,0,0,0,0,2,0,0,2,0,0,0,0,0,0,2,0,2,0,2,2,0,0,0,0,0,0,0,0,0,0,0,0,0,2,0,0,0,0,0,0,0,0,0,0,2,2,0,0,0,0,0,2,0,0,0,2,2,0,0,0,0,2,0,0,0,0,0,0,0,0,0,0,0,2,0,0,2,2,0,0,0,0,0,0,0,0,0,0,0,0,0,0,0,2,2,0,0,0,0,0,0,0,2,0,0,2,0,0,2,2,0,0,2,0,0,0,0,0,0,0,0,0,0,0,0,0,0,0,0,0,0,0,0,0,0,0,0,0,0,0,0,0,0,0,0,0,0,0,0,0,0,0,0,0,0,0,0,0,0,2,0,0,0,0,2,0,0,0,0,0,0,0,0,2,0,0,0,0,2,0,0,0,0,2,2,2,0,2,2,0,0,0,0,0,0,0,0,2,0,0,0,0,2,2,0,0,0,0,0,2,0,0,2,2,0,0,0,0,0,0,0,0,2,0,0,2,0,0,2,0,2,0,2,0,0,0,0,0,0,0,0,2,0,0,0,0,0,0,0,0,0,2,0,0,2,0,0,2,0,0,0,0,0,0,0,0,0,0,2,0,2,0,0,0,2,2,0,2,0,0,0,0,0,0,0,0,0,0,2,0,0,2,0,2,0,0,2,0,0,2,2,0,2,2,0,2,2,0,2,0,2,0,2,0,2,0,2,0,2,0,2,0,0,0,0,2,2,0,0,0,0,2,0,0,2,0,0,0,2,0,0,0,0,2,2,2,0,0,0,0,0,0,0,0,0,2,2,0,2,0,0,0,0,2,0,2,0,2,2,0,0,0,2,0,0,0,0,2,0,0,0,0,2,2,0,0,2,2,0,0,0,0,0,0,2,0,0,2,2,2,0,0,2,2,2,0,2,0,0,2,NA,0,2,0,0,0,0,0,0,0,0,0,0,0,0,0,0,NA,0,0,0,2,0,0,0,0,0,0,0,2,2,0,0,2,0,0,0,0,0,0,0,0,0,0,0,0,0,0,0,0,0,0,0,NA,0,0,0,0,0,2,0,0,0,0,0,0,0,0,0,2,0,0,0,0,2,0,0,0,2,0,0,0,0,0,2,0,0,0,0,0,0,0,0,0,0,0,0,0,0,2,0,0,0,2,0,0,0,0,0,0,2,0,0,0,0,0,0,2,0,2,2,0,0,0,NA,0,0,0,0,0,0,0,0,2,0,0,0,2,0,0,0,2,2,0,0,0,0,2,0,0,0,2,0,0,0,0,2,2,0,0,0,0,0,0,0,0,2,0,0,0,0,0,0,0,2,0,0,0,0,0,0,2,0,0,0,0,0,0,0,0,2,0,0,0,0,0,0,0,0,0,0,0,0,2,0,0,0,0,0,0,0,2,2,0,2,0,0,0,0,2,0,2,0,0,0,0,2,2,0,0,2,2,0,0,0,0,0,0,0,0,0,0,0,2,0,0,0,0,0,0,0,0,0,0,0,0,0,0,0,2,2,0,0,0,0,2,0,0,0,0,0,2,0,0,0,0,0,2,0,0,0,0,0,0,0,0,0,2,0,2,0,0,0,0,2,0,0,0,0,0,0,0,2,0,2,2,2,0,0,0,0,2,0,0,0,0,0,0,2,0,2,2,2,2,2,2,0,2,0,2,2,0,0,0,0,0,0,0,0,0,2,0,0,0,2,0,2,0,0,0,0,2,0,0,0,2,0,0,0,0,0,0,0,2,0,0,2,0,0,0,0,2,0,0,0,2,0,0,0,0,0,0,0,0,0,2,0,0,2,0,2,0,0,0,2,2,2,2,0,2,0,2,2,2,2,2,0,0,2,2,0,0,2,0,0,0,0,2,0,0,2,2,2,0,0,2,0,0,0,2,2,0,0,0,0,0,0,0,0,0,0,0,0,0,0,0,0,0,0,0,0,0,0,0,0,0,0,0,0,0,2,2,0,0,0,0,0,0,0,0,0,0,0,2,2,0,0,0,0,0,2,0,0,0,0,0,0,0,0,0,0,0,0,0,0,0,0,2,0,0,0,0,2,0,0,NA,2,0,0,2,2,0,0,2,0,0,0,0,2,0,0,0,0,2,2,2,2,0,0,0,2,0,0,0,0,2,0,2,0,0,0,0,0,0,0,0,0,0,2,0,0,0,0,0,0,0,0,0,0,0,0,0,0,0,0,0,2,2,0,0,2,0,0,0,0,0,0,0,2,0,0,0,2,0,2,0,2,2,0,0,0,0,2,2,0,0,0,0,0,0,0,0,2,2,2,2,0,0,0,0,0,2,0,0,0,0,0,0,0,0,0,0,0,0,0,0,0,0,2,2,0,0,0,0,0,0,0,0,0,0,0,2,0,0,0,0,0,0,2,0,0,0,0,0,0,0,2,2,0,0,0,2,0,0,0,0,0,0,0,2,0,0,0,2,0,0,0,2,0,0,0,0,0,2,0,0,0,2,0,0,2,0,0,2,2,2,2,0,0,0,0,0,0,2,0,2,0,0,0,0,0,0,2,0,0,0,0,0,0,0,0,0,2,0,2,0,0,2,0,0,0,2,0,0,0,0,0,0,0,2,0,0,2,0,2,0,0,2,2,0,0,0,0,0,0,0,0,0,0,0,0,0,2,2,0,0,2,0,0,0,0,0,0,0,0,0,0,0,2,0,0,2,0,2,2,0,0,0,2,0,0,0,0,2,0,0,0,0,0,0,0,0,0,0,0,0,0,0,0,NA,0,2,0,0,0,0,0,0,0,0,0,0,0,0,0,0,0,0,0,0,0,0,2,0,0,2,0,0,0,0,0,0,0,2,0,0,2,0,0,0,0,0,0,0,0,0,0,0,0,0,2,0,0,2,0,2,0,0,0,2,0,0,0,0,0,0,2,0,0,0,0,0,0,2,0,0,0,0,0,0,2,0,0,0,0,2,2,0,0,0,0,0,0,2,0,0,0,0,0,0,0,2,0,0,0,0,0,0,0,NA,0,0,2,0,0,0,0,0,NA,2,0,2,0,0,0,0,2,0,0,0,0,2,0,0,0,0,2,0,2,2,0,0,0,0,0,0,2,2,0,0,0,0,0,0,0,0,0,0,2,0,2,0,2,0,0,0,0,0,0,2,0,0,0,0,0,0,0,2,0,0,0,0,0,0,2,0,0,0,0,0,2,0,0,0,0,0,2,0,0,0,0,0,0,0,2,0,0,0,0,0,0,0,0,2,0,0,0,0,0,0,0,NA,0,0,0,2,0,0,0,0,0,2,0,0,0,0,2,2,0,0,0,0,0,0,0,0,0,0,0,2,0,0,0,2,0,0,0,0,2,0,0,2,0,0,0,0,0,0,0,0,0,0,2,0,0,0,2,0,2,2,0,2,0,0,0,0,2,0,0,0,0,0,0,0,0,0,0,0,0,2,0,2,0,2,2,0,0,2,0,2,2,0,0,0,0,0,0,0,0,0,2,0,2,0,2,0,2,0,0,2,0,0,0,0,0,0,0,0,0,0,0,2,0,0,0,0,0,0,0,0,2,0,2,0,0,0,2,2
"CC260",0,2,0,0,0,0,0,0,0,0,0,0,0,0,0,2,0,0,0,2,2,0,0,2,0,0,0,0,0,0,0,2,0,0,0,2,2,0,0,0,0,2,0,2,2,0,0,0,2,0,2,0,2,0,2,NA,2,0,0,0,0,0,0,2,0,2,0,0,0,0,2,0,0,0,0,0,0,2,0,2,0,2,0,0,0,2,0,2,0,0,0,0,0,0,0,0,0,0,2,2,0,0,0,0,0,0,0,0,0,0,0,0,0,0,0,0,0,0,0,0,0,0,0,2,0,0,2,0,0,0,0,0,0,0,0,0,0,0,0,0,0,0,0,2,0,NA,2,0,0,0,2,2,0,0,2,2,0,0,2,0,0,0,0,2,2,0,0,0,2,0,0,2,0,0,0,0,0,0,2,0,0,0,0,0,0,0,0,0,0,0,0,2,0,0,0,0,0,2,0,0,0,0,0,0,0,0,0,0,0,0,0,0,0,0,0,0,2,0,0,0,0,0,0,0,0,2,0,0,0,0,0,0,0,0,0,0,0,2,0,0,0,0,0,0,0,0,0,0,2,0,0,0,0,0,0,0,0,0,0,0,0,0,0,2,0,0,2,0,0,0,0,0,0,0,0,0,2,2,2,0,2,0,0,0,0,0,0,0,0,0,0,2,2,0,0,0,0,0,0,0,0,0,0,0,0,0,0,2,0,2,0,0,0,0,0,0,0,0,0,0,0,0,0,0,0,0,2,0,0,0,NA,0,2,0,0,0,0,0,0,2,0,0,0,0,0,0,0,0,0,0,0,0,0,0,0,0,0,2,0,0,0,0,0,2,0,0,0,0,0,0,0,0,0,0,0,0,0,0,0,0,0,0,0,0,0,0,2,0,0,0,0,0,0,0,0,0,0,0,0,0,0,0,2,0,0,0,0,0,0,0,0,0,0,0,0,0,0,2,0,0,0,2,0,0,2,0,0,2,0,2,2,0,0,0,0,2,2,0,0,0,0,0,2,2,0,0,0,0,0,0,0,0,0,0,0,0,0,0,0,2,2,0,0,0,0,0,0,2,2,0,0,0,0,0,2,0,2,0,0,0,0,0,0,0,0,0,0,2,0,0,0,2,0,0,2,2,0,0,0,0,0,0,0,0,0,0,0,2,2,2,0,2,0,2,0,2,2,0,0,0,0,0,0,0,0,0,0,2,2,0,0,2,0,0,0,2,0,2,2,0,0,0,0,0,0,0,0,0,2,2,2,0,0,2,2,0,0,0,0,0,0,0,0,2,0,0,0,0,0,2,2,0,0,0,2,0,0,2,0,0,0,2,2,0,0,2,0,0,0,0,0,NA,0,0,0,0,0,0,2,2,0,0,2,2,0,0,0,0,0,0,0,0,0,0,2,0,0,0,0,0,2,0,0,0,0,0,0,0,0,0,0,0,0,0,2,2,0,2,0,2,0,0,2,2,0,0,0,0,0,2,0,0,0,0,0,0,2,0,0,0,2,0,0,0,0,0,0,0,2,0,0,0,2,0,0,0,0,0,0,0,0,0,0,0,0,0,0,0,0,0,0,0,0,0,0,0,0,0,0,2,0,0,0,0,0,0,0,0,0,0,0,0,0,0,0,0,0,0,0,0,0,0,0,0,0,2,2,0,0,0,0,0,0,0,0,0,0,0,0,0,0,2,0,0,0,0,0,0,2,0,2,2,0,0,0,2,0,2,0,0,2,2,0,0,0,0,0,0,0,0,2,0,0,0,2,0,0,0,2,0,0,2,0,2,2,0,0,0,0,0,0,0,0,2,2,0,0,0,0,0,0,0,0,0,2,0,2,2,0,2,0,0,0,0,0,0,0,0,2,0,0,0,0,0,0,2,0,0,0,0,0,0,0,0,0,2,0,0,0,0,2,0,0,2,0,0,2,0,2,0,0,2,0,2,0,0,2,0,0,2,2,0,0,0,2,0,0,2,0,0,0,0,2,0,0,0,0,0,0,0,0,0,0,2,2,0,2,0,0,0,0,0,0,0,0,0,2,0,0,0,0,0,0,0,0,2,0,2,0,0,0,0,0,0,0,0,2,0,0,0,2,0,0,0,2,0,0,0,2,0,0,0,0,0,0,0,0,0,0,0,0,0,0,2,0,0,0,2,0,2,2,NA,2,2,0,0,2,0,0,0,0,0,0,0,2,0,0,0,2,0,0,0,0,0,0,0,2,0,0,0,0,0,0,0,2,0,0,2,0,2,0,0,0,0,0,0,2,0,0,0,0,0,0,2,0,0,2,0,0,0,0,0,0,0,0,0,0,2,0,0,0,0,0,2,0,0,0,0,0,0,0,0,0,0,2,0,0,0,2,2,0,0,0,0,0,2,2,2,0,0,2,0,2,0,0,0,0,0,0,2,0,2,2,2,2,0,2,0,0,0,0,0,0,0,2,2,0,0,0,0,2,2,0,0,0,2,0,0,0,0,0,2,0,0,2,2,0,0,2,2,2,0,2,2,0,0,0,2,2,0,0,0,0,0,0,0,0,0,0,2,0,0,NA,2,2,0,0,0,0,2,0,0,0,2,0,0,0,0,0,0,0,2,0,2,2,0,0,2,0,0,0,0,0,0,0,0,0,0,0,0,0,0,2,0,0,0,0,2,0,0,2,0,0,0,0,2,2,0,0,0,0,0,0,2,0,2,0,0,0,0,0,0,0,0,0,2,2,0,0,0,0,0,0,0,0,0,2,0,0,0,0,0,0,0,0,0,0,0,0,0,0,0,0,0,0,0,2,0,0,2,0,0,0,0,0,0,0,0,0,2,0,2,2,0,0,0,0,0,0,0,0,0,0,2,2,0,0,0,2,2,0,0,0,0,0,2,2,2,0,0,0,2,0,0,0,0,0,0,0,0,0,2,0,0,0,0,0,0,0,2,0,2,0,0,0,0,0,0,2,0,0,0,0,0,0,0,0,0,0,0,2,2,0,0,0,0,0,2,0,0,0,0,0,0,2,0,0,2,0,0,0,0,0,0,0,2,2,0,0,0,0,0,NA,0,0,0,0,0,0,0,0,2,0,0,0,0,0,0,0,0,2,2,2,0,0,0,0,0,0,0,0,0,0,0,2,0,0,0,0,0,2,NA,0,0,0,0,0,0,0,0,0,0,0,2,0,0,2,0,0,0,2,0,0,2,0,0,0,0,0,2,0,0,0,0,0,0,0,0,0,0,0,0,0,0,0,0,0,0,0,0,2,2,2,0,0,0,0,0,0,0,2,0,0,0,0,0,2,0,0,0,0,0,0,0,2,NA,0,0,0,2,0,0,0,0,0,2,0,0,0,0,0,0,0,0,0,0,0,2,0,2,0,0,0,0,0,0,0,2,0,0,2,0,0,0,0,0,0,0,0,0,2,0,0,0,0,0,0,0,0,0,0,0,0,0,0,0,0,0,0,0,0,0,0,2,0,0,0,0,0,0,2,0,0,0,0,0,2,0,0,0,0,0,0,0,0,2,0,0,0,2,0,0,2,0,0,2,2,2,2,0,0,0,0,0,0,0,0,0,2,0,2,0,0,0,0,0,0,0,0,0,0,0,0,2,0,0,2,2,0,0,0,0,2,2,2,0,0,0,0,0,0,2,0,2,0,0,0,2,2,0,0,0,0,0,0,0,0,0,0,0,0,0,0,2,0,0,2,0,2,0,0,0,2,0,0,0,0,0,0,0,0,2,2,0,2,2,2,0,0,2,0,0,2,0,0,0,0,0,0,0,0,0,2,0,0,0,0,2,0,0,0,0,0,0,2,0,0,0,0,0,2,0,0,0,2,0,0,0,2,2,0,2,0,0,0,0,0,0,0,2,0,0,0,0,0,NA,0,2,0,0,0,0,0,0,0,0,2,0,0,0,0,0,0,0,0,0,0,0,0,0,0,0,0,0,0,0,0,0,0,0,0,0,2,2,0,0,0,0,0,0,0,0,0,0,0,2,0,0,0,0,0,0,0,0,0,0,0,0,0,0,0,0,0,0,0,0,0,2,0,0,0,0,2,0,2,2,0,0,0,0,0,0,2,0,0,2,2,0,0,0,0,0,2,0,2,2,2,0,0,0,0,0,2,0,0,2,0,0,0,0,0,0,0,0,0,0,0,0,2,2,0,0,0,0,0,0,0,2,0,2,0,0,2,0,0,0,0,0,0,0,0,0,0,0,0,2,0,0,0,0,0,0,NA,0,0,0,0,0,0,0,0,2,0,0,0,0,0,0,0,0,0,0,2,2,2,0,0,0,0,0,2,0,0,0,2,0,0,0,0,2,0,0,0,2,0,2,0,0,0,2,2,0,0,0,2,0,0,2,0,0,0,0,2,0,0,0,0,0,0,0,0,0,0,0,2,0,2,0,0,2,0,2,0,0,0,0,0,0,0,0,2,2,0,0,0,0,0,0,0,0,0,0,2,0,2,0,0,2,0,0,0,0,0,0,0,0,0,0,0,0,2,2,0,0,0,0,2,2,0,0,2,2,0,0,0,0,0,0,0,0,0,0,0,2,0,0,0,0,0,0,0,0,0,0,0,0,2,2,0,0,0,0,0,0,0,0,0,0,0,0,0,2,0,0,0,0,0,0,0,0,0,2,0,0,2,0,0,2,0,0,0,0,0,0,0,0,0,0,0,0,0,0,2,0,0,0,0,0,0,0,2,2,0,0,0,0,2,0,0,0,0,0,0,0,0,2,0,0,0,0,0,2,0,0,2,0,0,0,2,0,0,0,0,2,0,2,0,0,2,0,0,0,2,2,0,0,0,0,2,2,0,0,0,0,0,0,0,0,0,0,0,0,0,0,0,0,0,2,0,2,0,0,0,0,0,0,2,2,0,2,0,2,2,2,2,2,0,0,2,2,0,0,0,0,0,2,0,2,2,2,2,0,0,0,2,0,0,0,0,0,0,2,0,2,0,0,0,0,2,0,0,0,0,0,2,0,0,0,0,0,0,0,0,2,0,0,0,0,0,0,0,0,2,0,0,0,0,0,0,0,2,0,0,0,0,2,0,0,0,2,0,0,0,0,0,2,0,0,0,0,0,0,0,2,2,0,0,0,0,0,2,0,0,0,0,0,0,0,0,0,0,0,0,0,0,0,2,0,0,0,0,0,0,2,0,2,0,0,0,0,2,0,0,0,0,0,0,0,0,2,0,0,0,0,0,0,0,0,0,2,0,NA,0,0,2,0,0,0,0,2,0,0,0,0,2,0,2,0,0,2,0,0,0,0,2,2,0,0,0,2,0,0,0,0,0,0,0,0,0,0,0,0,0,2,0,0,0,0,0,0,0,0,0,0,0,0,0,2,0,0,0,0,0,0,0,2,0,0,0,0,0,0,0,0,0,0,0,0,0,2,2,0,0,0,0,0,0,0,0,0,0,0,0,0,0,0,0,0,0,0,0,0,0,0,0,0,0,0,0,0,0,0,0,0,0,0,0,0,0,2,0,0,0,0,2,0,0,0,2,0,2,0,0,0,0,2,0,0,0,2,0,0,2,0,2,0,2,0,0,0,2,0,0,2,0,0,0,0,2,0,2,0,0,0,0,0,0,0,0,0,0,0,0,0,2,0,2,0,0,0,0,0,2,0,0,0,2,2,0,2,0,2,2,0,0,0,0,0,0,2,2,0,0,0,0,0,2,0,0,2,2,0,0,0,0,0,0,0,0,0,0,0,0,0,0,0,0,0,0,2,0,0,0,2,0,0,0,0,0,2,0,0,0,0,2,0,0,0,0,0,2,0,0,0,0,0,0,0,0,0,0,0,0,0,0,0,0,0,0,0,0,NA,2,0,0,0,2,0,0,0,0,0,0,0,2,0,0,0,2,2,0,0,0,0,0,0,0,2,0,0,0,2,2,0,0,0,0,0,0,2,2,2,0,2,2,0,0,0,0,0,0,0,0,0,0,0,0,0,0,0,2,0,0,2,0,2,0,0,2,0,0,0,2,0,0,0,2,0,0,0,0,0,0,0,2,0,0,0,0,0,0,2,0,0,0,0,0,2,0,2,2,0,0,0,0,0,0,0,0,2,0,2,2,0,2,0,0,0,0,2,2,2,0,0,0,0,0,0,0,0,0,0,0,0,0,0,0,0,0,0,0,0,2,0,0,0,0,0,0,0,0,2,0,2,0,2,0,0,0,0,0,0,0,0,0,2,0,0,2,0,0,0,0,0,0,0,0,0,0,0,0,0,2,0,0,0,2,2,2,0,0,0,2,0,0,0,0,0,0,0,0,2,0,0,2,2,0,0,2,2,2,0,2,0,0,0,0,2,0,0,0,0,0,0,0,0,0,0,0,0,0,0,0,0,2,0,0,0,0,2,2,0,0,0,0,0,0,2,0,0,0,0,2,0,2,0,0,0,0,0,0,0,0,0,2,2,2,0,2,0,0,2,2,2,0,2,2,2,0,0,0,0,0,2,0,0,0,0,0,0,0,0,2,0,2,2,0,2,0,0,0,0,0,0,2,0,0,0,0,0,0,0,0,0,2,0,0,0,0,0,0,2,0,2,2,0,0,2,0,0,0,0,0,0,0,0,0,0,2,0,0,0,0,2,0,2,2,0,2,0,2,2,0,2,2,2,0,2,0,2,0,2,0,0,2,2,0,0,2,0,0,0,2,0,0,0,0,0,2,0,0,2,2,2,0,0,0,0,2,2,0,0,0,0,0,0,0,0,0,0,0,0,0,0,0,0,2,0,0,0,2,0,0,0,0,2,0,0,0,0,0,0,0,0,0,0,2,0,2,0,0,0,0,0,0,0,0,0,0,0,0,2,NA,0,0,0,0,0,0,0,0,0,0,0,0,0,0,0,2,0,0,2,0,0,0,2,0,0,0,0,0,0,0,0,2,2,2,0,0,0,0,2,0,2,0,0,0,0,0,0,0,0,2,2,0,0,2,0,0,0,0,0,0,2,2,0,0,0,0,0,0,0,0,0,0,0,0,0,0,0,0,0,2,0,0,0,2,2,0,0,0,0,2,0,0,0,0,0,0,0,0,0,0,0,0,0,0,2,2,2,0,0,0,2,0,0,2,0,0,0,0,0,2,0,0,2,0,0,0,0,0,0,0,0,0,0,0,0,0,2,2,0,0,0,0,0,0,0,0,2,0,0,0,0,0,0,0,0,0,0,0,0,0,0,0,0,0,0,0,0,0,0,0,0,0,0,0,0,0,0,0,0,0,0,0,0,0,2,0,0,0,0,0,0,0,0,0,0,0,0,0,0,0,0,0,0,0,0,2,0,0,0,0,0,0,0,0,0,0,0,0,0,0,0,0,0,0,0,0,0,0,0,0,2,0,0,0,0,0,0,0,0,0,0,0,0,0,2,0,2,0,0,0,0,2,0,0,0,0,0,0,0,0,0,0,0,0,0,0,0,2,0,0,0,2,0,0,0,0,0,0,0,0,0,0,0,0,0,0,0,0,0,2,0,0,0,0,0,0,0,0,0,0,0,0,0,0,0,0,2,0,0,0,0,0,0,0,0,2,0,0,0,0,2,2,0,0,0,0,2,0,0,0,2,0,0,0,0,0,0,2,0,0,0,0,0,0,0,0,0,0,0,0,0,0,0,2,0,0,0,2,0,0,2,0,0,0,0,2,0,0,0,0,0,0,0,0,0,2,0,0,2,0,2,0,0,0,0,0,0,0,0,0,0,0,0,0,0,0,0,0,0,0,0,0,0,2,0,0,0,0,0,2,0,0,0,0,0,0,0,0,2,0,0,0,0,0,0,0,0,0,0,0,0,0,2,0,0,0,0,0,0,2,0,0,2,0,0,2,0,0,0,0,0,0,0,0,0,0,0,0,0,0,0,0,0,0,0,2,0,0,2,2,0,0,2,2,0,0,0,2,0,0,0,0,2,0,0,0,0,0,0,0,0,0,0,0,0,0,0,0,0,0,0,2,0,0,0,0,0,0,0,0,0,0,0,0,2,0,0,0,0,0,0,0,0,0,2,0,0,2,0,0,0,0,0,2,0,0,0,0,0,0,0,0,0,0,0,0,2,0,0,0,0,0,0,0,0,0,0,0,0,0,0,0,0,2,0,0,2,0,0,0,0,2,0,0,0,2,0,0,0,0,2,0,0,2,0,0,0,0,0,0,0,0,0,0,0,0,0,0,0,0,0,0,0,0,0,2,0,0,0,0,0,0,0,0,0,0,0,0,0,0,0,0,2,0,0,0,0,0,0,0,0,0,0,2,0,0,0,2,0,0,0,0,0,0,0,0,2,0,2,0,0,0,0,0,0,0,0,0,2,0,0,0,0,0,2,0,0,0,0,0,0,0,0,0,2,0,0,0,0,0,0,2,0,0,0,0,0,0,0,0,0,0,0,0,0,0,0,0,0,0,0,0,0,0,0,0,2,2,0,0,0,0,2,2,2,0,2,0,0,2,0,0,0,2,2,2,0,0,2,0,2,0,0,0,0,0,0,0,0,2,0,0,0,0,0,0,0,0,0,2,0,0,2,0,0,0,0,2,0,0,2,2,0,2,0,0,0,2,0,0,2,0,0,0,0,0,2,0,0,2,0,0,2,0,0,0,0,0,2,0,2,2,0,0,0,0,2,0,2,0,0,0,2,0,0,2,0,0,0,0,0,2,0,0,0,0,0,0,0,0,0,0,0,0,0,0,0,0,2,0,0,0,0,0,2,0,0,0,0,0,2,0,2,0,0,2,2,2,2,0,2,0,0,0,0,2,0,0,2,0,0,0,0,0,0,0,0,0,0,0,0,0,0,2,0,0,0,0,2,2,2,0,0,0,0,0,0,0,0,0,0,0,2,0,0,0,0,0,0,0,2,2,0,0,0,0,0,0,0,0,0,0,0,0,0,0,2,2,2,0,2,0,0,0,2,2,2,0,0,2,0,0,2,0,0,0,0,2,0,0,0,0,0,0,0,0,0,0,2,2,0,0,2,2,0,2,0,2,0,0,0,0,0,0,0,0,0,0,0,0,2,0,0,0,2,0,0,2,0,0,0,0,0,0,0,0,0,2,0,0,0,2,0,0,0,0,0,0,2,2,0,2,0,2,0,0,0,0,0,0,2,2,2,2,NA,0,0,0,0,2,0,0,2,2,0,0,0,0,0,0,2,2,0,0,0,0,0,0,2,0,0,0,0,0,0,0,0,2,0,0,0,2,0,0,0,0,0,0,0,0,0,0,0,0,0,0,2,0,0,2,0,0,2,0,0,2,0,0,0,0,0,0,0,2,0,0,0,0,2,0,0,0,0,0,0,0,0,2,0,0,0,0,0,0,0,0,0,0,0,0,0,2,0,0,0,0,0,0,0,0,2,0,0,0,0,0,0,0,0,0,0,0,0,0,0,0,0,2,2,0,0,0,0,0,0,0,0,0,0,0,0,2,0,0,0,2,2,0,0,0,0,2,0,0,0,2,0,0,0,0,2,0,2,0,0,0,2,0,0,2,0,0,0,0,0,0,0,0,0,0,0,0,2,2,0,2,0,0,0,0,0,0,0,0,2,2,0,0,0,0,0,0,0,0,0,0,0,2,2,0,0,0,0,0,2,0,0,0,0,0,0,0,0,0,0,2,0,0,0,0,0,2,0,2,0,0,0,0,2,0,0,0,2,2,0,2,0,0,0,0,0,0,0,0,0,0,0,0,0,0,0,0,0,0,2,0,0,0,0,2,0,2,0,0,0,0,0,0,0,0,0,2,0,2,0,2,0,0,2,0,0,2,0,2,0,0,2,2,0,0,0,2,0,0,0,0,0,0,2,2,2,0,0,2,0,2,0,0,0,0,0,0,0,2,0,2,2,2,2,0,0,2,0,2,0,0,0,0,0,0,0,0,0,0,2,0,0,0,0,0,0,2,0,0,0,0,0,0,2,0,0,0,0,0,2,0,0,0,2,0,2,0,2,2,0,2,0,0,0,2,0,0,2,0,0,0,2,0,2,2,0,0,2,0,0,0,0,0,0,2,2,0,2,0,0,0,2,2,0,2,0,0,2,2,0,0,0,0,0,0,0,0,0,0,0,2,0,0,0,2,0,0,0,2,2,0,0,0,0,0,0,0,0,0,0,0,0,0,0,0,0,0,0,0,0,0,0,0,0,2,0,0,0,2,0,2,0,0,0,0,0,0,0,0,2,0,0,0,2,0,2,0,0,0,0,0,0,0,0,0,0,0,2,2,0,0,0,0,0,0,0,0,0,2,0,0,0,0,0,0,0,0,0,0,2,0,0,0,0,0,0,0,2,0,0,0,0,0,0,2,2,0,0,0,2,2,0,0,0,0,0,2,0,0,0,0,0,0,0,0,0,0,2,2,2,0,0,0,0,0,0,0,2,0,0,0,0,0,0,0,0,2,2,0,2,0,0,0,0,0,0,0,2,0,2,0,2,0,2,0,2,2,0,0,2,0,2,2,0,0,0,2,0,0,0,0,0,2,2,2,0,0,0,0,0,0,0,0,0,0,0,0,0,0,0,0,0,0,0,0,0,2,0,0,0,0,0,2,0,0,0,0,0,0,2,0,0,2,0,0,0,2,2,0,2,0,2,0,2,0,2,2,0,0,0,2,2,0,2,2,0,2,0,2,0,NA,0,0,0,2,2,0,0,0,0,2,2,2,0,0,0,2,2,0,2,0,0,2,2,2,2,0,0,2,0,0,0,2,0,2,0,0,2,0,0,0,2,2,0,0,2,0,0,0,0,0,0,0,2,2,0,2,0,2,0,0,0,0,0,0,0,0,0,0,0,0,2,0,0,0,2,0,0,0,0,0,0,0,0,0,2,2,0,0,0,0,0,0,0,0,2,2,0,0,0,0,0,0,2,2,0,2,2,2,0,2,0,0,0,2,0,0,0,0,0,0,0,2,2,0,0,0,0,0,0,0,0,2,0,0,0,0,0,NA,0,0,0,0,0,2,0,0,0,2,0,0,0,0,0,0,0,0,0,0,0,0,2,0,0,0,0,0,0,0,0,0,0,0,0,0,0,2,0,0,0,0,0,0,0,0,0,0,2,0,0,0,0,2,0,0,0,2,0,2,0,2,2,0,0,0,2,0,0,0,0,0,0,0,0,0,0,2,0,0,0,0,0,0,0,2,0,0,0,0,0,0,0,0,2,0,0,0,0,0,0,0,0,0,0,2,0,2,0,0,2,0,0,0,0,0,0,0,0,0,0,0,0,0,0,2,2,0,0,0,0,2,0,0,0,0,0,0,2,0,0,0,0,0,2,0,2,2,0,0,0,2,0,2,0,0,0,0,0,2,0,0,2,0,2,0,2,0,0,2,0,0,0,2,2,0,0,0,0,0,0,2,0,0,2,0,0,2,2,2,2,0,0,2,0,0,0,0,0,2,2,0,0,2,0,0,0,0,0,2,2,2,0,0,0,0,0,0,2,2,0,0,0,0,2,0,0,0,2,0,2,0,0,0,2,0,2,2,2,0,0,0,0,0,0,0,0,0,0,0,0,0,0,0,0,0,0,0,0,0,0,0,0,0,0,0,0,0,0,0,0,0,2,0,0,0,0,0,0,0,0,0,2,0,0,0,2,0,2,2,0,0,0,0,0,0,0,0,0,2,0,0,0,2,2,0,2,0,0,2,2,0,2,2,2,0,0,0,0,0,2,0,0,0,0,0,2,0,2,2,0,0,0,0,0,0,0,0,0,0,0,2,0,0,0,0,0,0,0,0,2,0,2,0,0,0,2,2
"CC261",0,0,0,0,0,0,0,2,0,2,0,0,0,0,0,2,0,0,2,0,0,0,2,0,0,0,0,0,0,0,0,0,0,0,0,0,0,0,0,0,0,0,0,2,NA,2,0,0,0,0,0,0,0,0,0,0,0,0,2,2,2,0,0,2,0,0,2,0,0,0,2,0,2,0,0,2,0,0,0,2,0,2,0,2,0,0,2,0,0,0,0,0,0,0,0,0,0,0,0,0,2,0,0,2,2,0,0,0,0,0,0,2,0,0,0,0,0,0,0,2,0,2,0,0,0,0,0,0,2,0,0,0,0,0,0,0,0,0,0,0,0,0,0,0,0,0,2,0,0,0,2,0,0,0,0,2,0,0,0,2,0,0,0,2,2,0,0,0,2,0,0,2,0,0,0,0,0,0,0,2,2,0,0,0,0,0,0,0,0,2,0,2,0,0,2,2,0,2,0,0,0,0,0,0,0,0,0,2,0,0,0,0,0,0,0,0,2,0,0,0,2,0,0,0,0,2,0,0,0,0,0,0,0,2,0,0,0,0,0,0,0,0,0,0,0,0,0,0,0,0,0,0,0,0,0,2,2,0,0,0,2,0,0,0,2,0,0,0,0,2,0,0,0,0,2,0,0,0,0,0,0,0,0,0,0,0,0,0,0,0,0,0,0,0,0,0,0,0,0,0,0,0,0,2,0,0,0,2,0,0,0,0,0,0,2,0,0,2,0,0,0,0,0,0,0,0,0,0,0,0,0,2,0,0,0,0,0,0,0,0,0,2,0,0,2,0,0,0,0,0,0,0,0,0,2,0,0,2,0,0,0,0,0,0,0,0,0,0,0,2,0,0,NA,0,0,0,0,0,0,0,2,0,0,2,0,0,2,2,2,0,0,0,0,0,0,0,0,0,0,2,0,0,2,2,0,2,0,2,0,0,2,0,0,0,0,0,0,2,0,0,0,2,0,0,2,0,0,2,0,0,0,0,0,0,0,0,0,0,0,0,0,0,0,0,0,2,0,0,0,0,0,0,0,0,0,0,0,0,2,2,2,2,2,0,0,0,0,0,2,0,0,2,0,0,0,0,2,0,0,0,0,0,0,2,0,2,0,2,2,0,0,0,0,0,0,0,0,0,0,2,0,0,0,0,2,0,0,2,0,2,0,0,0,0,0,0,0,0,0,0,0,0,0,0,0,0,0,2,0,0,0,0,0,0,0,2,0,0,0,0,0,0,0,0,2,0,2,0,0,2,2,0,0,2,0,0,2,2,0,0,0,2,0,0,0,2,0,0,0,2,0,2,0,2,2,0,2,2,0,2,2,2,0,0,0,0,0,0,2,0,0,2,0,2,0,0,0,2,2,0,0,0,2,2,0,0,0,0,0,2,0,0,0,2,2,0,0,0,2,0,0,0,0,2,2,2,0,0,0,2,0,2,0,2,2,0,NA,0,2,2,0,2,2,0,0,0,0,0,0,0,0,2,0,0,0,0,2,0,0,2,2,0,0,2,2,2,0,0,0,2,0,0,0,0,0,0,0,0,0,0,0,0,2,0,0,0,0,2,0,0,0,0,0,0,0,0,0,2,2,2,0,0,0,0,2,0,0,0,0,0,0,0,0,0,0,0,0,0,0,0,0,0,0,0,0,0,0,0,0,0,0,2,0,0,0,0,2,0,0,0,0,0,0,0,0,0,0,2,2,0,0,0,0,2,0,0,0,0,2,0,2,0,0,0,0,2,0,0,0,0,2,0,0,0,2,0,2,0,0,0,0,0,0,0,0,0,0,0,0,0,0,0,0,0,0,0,0,0,0,0,0,0,0,2,0,2,0,0,2,0,0,0,0,0,0,0,0,2,2,0,0,0,0,2,0,2,0,0,0,2,0,0,2,0,0,0,0,0,0,2,0,0,0,2,0,0,2,0,0,0,2,0,0,2,0,0,0,2,2,2,0,2,2,0,2,0,0,0,2,2,2,0,0,0,2,0,2,0,0,0,0,0,0,2,2,2,0,0,0,2,0,0,0,0,2,0,0,2,0,0,0,0,0,0,2,2,0,0,0,0,0,0,0,0,0,0,0,0,0,0,0,2,2,2,0,0,0,0,0,0,2,2,0,2,2,0,0,0,0,0,0,0,0,0,2,0,0,0,0,2,0,0,0,0,2,2,0,0,0,0,0,0,0,0,0,0,0,0,0,0,0,0,0,0,0,0,0,0,2,2,0,0,0,0,0,0,0,0,0,0,0,0,0,0,0,0,2,0,0,0,0,0,0,0,2,0,0,0,0,0,0,2,2,0,0,0,0,2,0,0,0,0,0,0,2,0,0,2,0,0,0,0,0,0,2,0,0,0,0,0,0,0,0,0,0,0,0,0,0,2,0,2,0,2,2,2,0,0,2,0,0,0,0,2,0,0,0,2,0,0,2,0,0,0,0,2,0,0,2,0,2,0,0,0,0,0,0,0,0,0,0,2,0,0,0,0,0,0,0,2,0,0,2,0,0,0,2,2,2,0,2,2,0,0,0,0,0,2,0,2,0,0,0,0,0,2,0,0,0,0,0,0,0,0,0,0,0,0,2,0,0,2,0,2,2,0,0,0,2,2,0,0,0,0,2,0,0,0,2,0,0,0,2,0,0,2,0,0,0,2,0,0,0,0,0,0,2,2,0,0,2,0,0,2,0,0,0,0,0,0,0,0,0,0,2,2,0,0,0,0,0,0,0,0,0,0,2,0,0,0,0,0,0,0,0,0,0,0,0,0,0,0,0,2,0,0,2,0,0,0,0,2,0,0,0,0,0,0,0,0,0,2,0,0,0,0,2,0,0,0,0,0,0,0,0,0,0,0,2,0,0,0,0,0,0,0,2,2,0,0,0,0,0,0,0,0,0,0,0,2,0,2,2,0,0,2,0,0,2,0,0,0,0,0,0,0,0,0,0,0,0,0,0,0,0,0,2,0,0,2,0,0,0,0,2,2,0,0,0,0,0,0,2,0,2,0,2,0,0,0,0,0,0,0,0,NA,0,2,0,2,0,2,0,0,0,0,0,0,0,0,2,0,0,0,2,0,0,0,0,2,0,0,0,0,0,0,0,0,0,0,NA,0,0,0,2,0,2,2,0,0,0,0,0,0,0,0,0,2,0,0,0,2,0,0,0,2,0,0,0,2,0,0,0,0,0,0,0,0,2,2,2,0,0,0,0,2,0,0,0,0,0,0,0,0,0,2,2,2,2,0,0,0,0,2,0,2,2,0,2,2,0,2,NA,0,0,0,0,0,0,0,2,0,2,0,0,0,0,0,0,2,0,0,0,2,0,0,2,0,0,0,0,0,2,0,0,0,0,0,2,0,0,0,0,0,2,0,0,2,0,2,0,0,0,0,0,0,0,0,0,0,0,0,0,0,0,0,0,0,0,0,0,0,2,2,0,0,0,0,0,0,0,0,0,2,0,2,0,0,0,2,0,0,0,0,0,0,2,0,0,0,0,0,0,0,0,2,0,0,0,0,0,0,0,0,0,0,0,0,0,0,0,0,0,0,2,0,0,0,0,0,0,0,2,0,0,0,0,0,0,0,0,0,0,0,0,0,0,0,0,2,0,0,0,0,0,0,0,0,0,0,0,0,0,0,0,0,0,0,0,0,2,0,0,0,0,0,0,0,0,2,0,0,0,0,2,2,2,0,0,0,0,0,0,2,0,0,0,0,2,0,0,2,0,0,0,2,2,0,0,0,0,0,2,0,0,0,0,2,0,2,0,0,0,0,0,2,0,0,0,0,2,0,0,0,0,0,0,0,0,0,0,0,0,0,0,2,0,0,0,0,0,0,0,0,0,0,0,2,0,0,0,0,0,0,0,0,0,0,0,0,0,2,0,2,2,2,0,0,0,2,2,0,0,2,0,2,2,2,0,0,0,0,0,0,2,0,0,0,0,0,0,0,2,0,0,2,0,0,0,0,0,0,0,0,0,0,0,0,0,0,2,0,0,0,0,0,0,0,0,0,0,0,0,0,0,0,2,0,0,0,0,0,0,0,0,0,0,0,2,0,0,0,2,0,0,2,0,0,0,0,0,0,2,0,2,0,2,0,0,0,0,0,2,0,0,0,0,0,0,0,0,0,0,0,0,0,0,2,0,0,0,0,0,2,0,0,0,2,0,2,2,0,0,0,2,0,0,2,2,0,2,0,0,0,0,0,0,0,2,0,0,0,0,0,0,0,0,2,2,0,0,0,2,0,0,0,0,0,0,0,2,0,0,0,0,0,2,2,0,0,0,0,0,2,0,0,2,0,0,0,0,0,0,0,0,0,0,0,0,0,2,2,0,0,0,0,0,2,0,2,0,0,2,0,0,0,2,0,0,0,0,0,0,0,0,0,0,0,0,0,0,0,0,0,0,0,0,0,0,2,0,0,0,0,0,0,0,0,0,0,0,0,0,0,0,0,0,0,0,0,0,0,0,0,2,0,2,0,0,0,0,0,0,0,0,2,0,0,2,0,0,0,0,0,2,0,0,0,2,2,0,2,0,0,0,0,0,0,2,0,0,2,0,0,0,0,0,0,0,0,0,0,0,0,0,0,2,2,0,0,0,0,0,2,0,0,0,0,0,0,0,0,0,0,0,0,2,0,0,0,0,0,0,0,2,0,0,0,0,0,2,0,2,0,0,0,2,0,2,0,0,2,0,0,0,0,0,0,2,2,2,0,0,0,0,0,0,0,0,0,0,0,2,0,0,0,0,2,0,2,2,2,2,0,0,0,2,0,2,0,0,2,2,2,0,0,0,0,0,0,0,0,0,0,0,0,0,2,0,0,0,0,0,0,2,0,2,2,2,2,2,0,0,0,2,0,0,0,0,0,0,0,0,0,0,0,0,0,0,0,0,2,0,0,0,0,0,0,0,0,0,0,0,0,0,0,0,0,0,0,0,0,2,0,0,0,2,0,0,2,0,0,2,0,0,0,0,2,2,0,0,0,0,2,2,0,0,0,0,0,0,0,0,0,2,2,0,0,0,0,2,0,0,0,0,2,0,0,0,0,2,2,2,2,0,2,0,0,0,0,0,0,2,0,0,0,0,0,2,0,0,0,2,0,2,0,0,0,0,0,2,2,0,0,0,2,0,0,2,0,2,0,0,0,0,0,0,0,0,2,0,2,0,0,0,2,2,0,2,0,0,0,0,2,0,0,2,2,0,0,0,0,0,0,0,0,0,0,0,0,2,0,0,0,2,0,0,0,0,0,2,2,0,0,0,0,0,2,0,2,0,0,0,0,0,2,0,0,0,2,0,0,2,0,0,2,0,0,2,0,0,0,0,2,0,2,0,2,0,2,0,2,0,0,2,0,0,0,0,2,0,0,0,0,0,0,0,2,2,0,0,0,0,0,2,0,0,0,0,0,2,2,0,0,0,0,2,0,0,0,0,0,0,0,0,0,0,0,0,0,0,0,0,0,0,0,0,2,0,0,2,0,0,2,0,2,0,0,0,0,0,0,0,0,2,0,2,0,0,0,0,0,2,0,0,2,2,0,0,0,0,2,2,0,2,0,0,2,2,0,0,0,0,0,0,0,2,0,0,0,2,0,0,0,0,2,0,0,0,0,0,0,2,2,2,0,0,0,0,0,0,0,2,0,0,0,2,0,0,0,0,0,0,2,0,0,2,0,0,0,0,2,0,0,0,2,0,0,0,0,2,0,0,2,0,0,0,0,0,0,0,2,0,0,2,2,2,0,0,0,0,0,0,0,2,0,0,0,2,0,0,2,0,2,2,0,0,0,0,0,0,0,0,0,0,NA,0,0,2,0,0,0,0,0,2,2,2,0,0,0,2,2,0,2,2,0,0,0,2,0,0,2,0,2,0,0,0,0,0,0,0,0,0,0,0,0,0,2,0,0,0,0,0,0,0,0,0,0,0,0,0,0,0,0,0,0,0,2,0,0,2,0,0,0,0,0,0,2,0,0,2,0,2,0,0,2,0,2,0,0,0,0,2,0,2,0,0,0,0,0,0,2,0,2,0,0,0,0,0,2,2,0,2,0,0,0,2,0,0,2,0,0,0,0,2,0,2,0,0,2,0,2,2,0,0,0,0,0,2,0,0,0,0,0,0,0,0,0,0,2,0,0,0,2,0,0,2,2,0,0,2,2,0,0,2,2,0,0,0,0,0,0,0,0,0,0,0,0,0,0,0,0,0,2,0,0,0,0,0,0,0,0,0,0,2,0,0,0,0,0,0,0,0,0,0,0,2,0,0,NA,0,0,0,0,2,0,0,0,0,0,0,0,0,0,0,0,2,0,0,0,0,2,0,0,0,0,0,2,2,2,2,0,0,2,0,0,0,2,0,0,0,2,2,0,0,0,0,0,0,0,0,0,2,0,0,0,2,0,0,2,0,0,0,2,0,0,0,2,0,0,2,0,0,0,0,0,0,0,0,2,0,0,0,2,0,0,0,2,0,0,0,0,0,0,2,0,0,0,0,2,0,2,0,2,2,0,0,0,0,0,0,2,2,0,0,0,0,2,0,2,2,0,2,0,2,2,0,0,2,2,2,0,2,0,2,0,2,2,0,2,0,0,NA,0,0,2,0,2,0,0,0,0,0,0,0,0,0,2,0,0,0,0,0,0,0,0,0,0,0,2,0,0,0,0,0,0,0,0,0,0,2,0,0,0,0,0,0,0,0,0,2,0,0,0,0,0,2,0,0,0,0,2,0,2,0,2,0,0,2,0,2,0,0,0,0,0,0,2,2,0,0,0,0,2,0,2,0,0,0,0,0,0,0,0,0,0,0,0,0,0,2,0,0,0,0,0,0,0,0,0,0,0,0,0,0,0,0,0,0,0,0,0,0,0,2,2,0,0,0,2,0,0,2,0,2,0,0,0,0,0,0,0,0,0,0,0,0,0,0,0,0,2,0,0,0,0,0,0,0,0,0,0,0,2,0,0,0,0,2,0,0,0,0,0,0,2,0,0,0,0,0,0,2,0,2,0,0,0,2,0,0,0,0,2,0,0,0,2,2,0,0,2,0,0,0,0,0,0,2,0,0,0,0,2,0,0,0,0,0,0,0,0,0,0,0,0,0,0,0,0,2,0,0,0,2,0,0,0,0,2,2,2,0,0,0,0,0,0,0,2,0,0,0,2,0,0,2,0,2,0,2,0,0,0,0,0,0,0,0,0,0,0,0,0,0,2,0,0,2,0,0,0,0,0,0,0,0,0,2,0,0,2,0,0,0,0,0,0,0,2,0,2,0,0,0,0,0,0,0,2,2,2,0,0,0,2,0,0,0,0,0,0,0,0,0,0,0,0,2,0,0,2,0,0,0,0,2,0,2,2,0,0,0,0,0,0,0,2,0,2,2,2,0,2,2,0,0,2,0,NA,2,0,2,2,0,0,0,0,0,0,2,2,0,0,2,2,2,0,2,0,2,2,0,0,0,2,0,2,0,2,0,2,0,0,0,2,0,0,0,0,2,2,0,0,0,0,2,0,0,0,0,2,0,0,0,0,0,0,0,0,0,2,2,0,0,2,0,0,0,0,0,0,0,0,0,0,0,0,0,2,0,0,0,0,0,0,0,2,0,0,0,0,0,0,0,0,0,2,2,0,0,0,0,0,0,0,0,0,2,0,0,0,0,2,0,0,0,0,0,0,0,0,0,0,0,2,0,0,0,0,0,0,0,0,0,0,0,0,0,0,0,2,0,0,0,2,0,0,2,0,0,2,0,0,0,0,0,2,NA,2,2,0,0,0,0,2,NA,0,0,0,0,0,0,0,0,0,2,0,0,0,0,0,0,0,0,0,2,0,0,0,2,2,0,0,0,0,0,0,0,0,0,0,0,0,0,0,0,0,0,0,2,0,0,2,0,0,0,0,0,0,0,2,0,2,0,0,0,2,0,0,2,0,2,0,0,0,2,0,0,0,0,0,2,0,0,0,2,2,0,2,0,0,0,0,0,0,0,0,0,0,0,0,0,0,0,0,0,0,0,0,0,0,2,0,0,0,0,0,2,0,0,0,0,0,2,0,0,0,0,0,0,0,0,0,0,2,0,0,0,2,0,2,2,0,2,0,2,2,2,0,0,0,2,2,0,2,2,0,2,2,2,0,0,2,0,0,2,0,0,0,0,2,0,0,0,0,0,0,0,0,0,0,0,0,0,0,0,0,0,0,0,0,0,2,2,0,0,0,0,0,0,0,0,0,0,2,0,0,0,0,2,0,0,0,0,0,0,0,0,0,2,0,0,0,0,0,0,0,0,0,0,2,0,0,0,0,0,0,0,0,0,0,0,0,0,0,0,0,0,0,0,0,0,0,0,0,0,0,0,0,0,2,0,0,2,0,0,0,0,0,0,0,0,0,0,0,0,0,0,0,0,0,0,0,0,0,0,0,0,2,2,0,0,0,2,2,0,2,0,0,0,0,0,0,0,0,0,0,0,0,2,0,0,0,0,0,0,0,2,0,2,0,0,0,0,0,0,0,0,2,0,2,0,2,0,0,0,2,0,0,0,0,0,0,0,0,0,0,0,2,0,2,0,0,2,0,0,0,0,0,0,0,0,0,0,0,2,0,0,0,2,0,2,0,0,2,0,0,2,0,0,0,0,0,2,0,2,0,0,0,2,0,0,0,0,2,0,0,0,0,2,2,0,2,0,0,2,0,0,0,2,0,0,0,0,0,0,0,0,0,0,2,0,0,0,0,0,0,2,0,0,0,0,0,0,0,0,0,2,0,0,0,0,0,0,0,0,0,0,0,2,0,0,0,0,0,0,2,0,0,0,0,0,0,0,0,0,0,2,0,0,0,0,0,0,2,0,0,2,0,0,0,0,2,2,0,0,0,0,0,0,0,0,0,0,0,0,2,0,0,0,2,0,0,0,0,0,2,2,2,0,0,2,0,0,0,0,0,0,0,0,2,0,NA,2,2,2,0,0,2,0,2,2,0,0,0,0,2,0,0,2,0,2,2,0,0,2,0,0,2,2,2,NA,0,2,2,0,0,2,2,0,0,0,0,0,0,0,2,0,2,2,0,0,0,2,0,0,0,0,0,2,0,0,0,0,0,0,0,0,0,0,2,0,0,0,0,2,0,0,0,0,0,0,0,0,0,0,0,0,0,0,0,0,0,0,0,0,0,0,2,2,0,0,0,0,0,0,0,2,0,0,0,2,2,0,0,0,2,0,0,0,0,2,2,2,0,0,0,0,0,2,0,0,0,0,0,0,0,0,2,0,0,0,0,0,0,2,0,0,0,0,2,0,2,0,0,0,0,0,0,0,0,0,0,0,0,2,0,0,0,0,0,2,0,0,0,0,0,0,2,0,0,2,0,0,0,0,0,2,0,0,0,0,0,0,0,0,0,0,0,2,2,2,0,0,0,0,0,0,0,0,0,0,0,0,0,0,0,2,2,0,2,0,0,2,0,0,0,0,0,2,0,0,2,0,2,2,0,0,0,0,0,2,2,0,0,0,0,0,0,2,0,0,0,0,0,2,0,2,0,2,0,0,0,0,0,0,0,0,0,0,0,0,2,NA,0,0,0,0,2,NA,0,2,0,0,0,0,2,0,0,2,0,0,0,0,0,0,2,0,0,0,0,0,0,2,0,0,0,2,0,2,0,0,0,0,0,0,2,0,0,0,0,0,0,0,0,0,0,2,2,0,0,0,0,0,0,2,0,0,0,0,0,0,0,0,0,0,0,2,0,0,2,0,2,0,0,0,0,0,0,2,0,0,0,0,2,2,0,0,0,0,0,2,2,0,0,0,0,0,0,2,0,0,0,0,0,0,2,0,0,0,0,0,0,0,0,0,2,2,2,2,0,2,0,0,2,0,2,0,0,0,0,2,0,2,0,0,0,0,0,0,0,2,0,0,0,0,0,0,2,0,0,0,0,0,0,0,0,0,0,0,0,0,0,0,0,0,0,2,2,0,0,0,0,0,0,2,2,2,0,0,0,0,0,0,0,0,2,2,0,0,2,0,2,2,0,0,0,0,0,0,2,0,0,2,0,0,0,0,0,0,0,0,0,0,0,0,2,0,0,0,2,0,0,0,2,0,0,0,0,0,0,2,0,2,0,2,0,2,0,0,2,0,2,0,0,0,0,0,2,0,0,0,0,2,0,0,0,0,0,2,0,0,0,0,2,0,0,0,0,2,0,0,0,0,0,0,0,0,0,2,0,0,0,0,0,0,0,0,0,2,0,2,0,2,0,0,2,0,0,0,0,0,0,2,0,0,0,2,0,0,0,0,0,0,0,0,0,2,0,0,0,0,0,0,0,2,0,2,0,0,2,0,0,2,0,0,2,2,0,0,0,0,2,0,0,0,2,0,0,0,2,0,0,0,0,0,0,0,0,0,2,2,0,0,2,0,0,0,0,0,0,0,2,0,0,2,2,0,0,2,0,0,0,0,2,2,0,0,0,0,0,0,0,0,0,0,0,2,2,0,0,0,0,2,0,0,0,0,0,2,0,0,0,0,0,0,0,0,0,0,0,0,0,2,2,0,0,0,0,0,2,0,0,0,2,2,0,0,0,2,0,0,0,0,0,0,0,0,0,0,2,0,2,0,0,2,0,0,0,0,2,2,0,0,0,2,0,2,0,2,0,0,0,0,0,0,0,2,0,2,0,0,0,0,0,2,0,0,0,0,2,0,2,0,0,2,0,0,0,0,2,0,0,0,0,0,0,0,0,0,0,0,0,0,0,0,0,2,0,0,2,0,0,0,0,0,0,0,0,0,0,0,0,0,0,2,0,2,2,0,0,0,0,0,0,0,0,0,0,0,0,0,0,0,0,0,0,0,0,0,0,0,0,0,2,0,0,0,0,0,0,0,2,0,0,0,0,0,0,0,0,0,0,0,0,2,0,0,2,0,0,0,0,0,0,0,0,0,0,0,0,0,0,0,2,0,2,0,0,0,0,0,0,0,2,0,0,0,0,0,0,0,0,0,0,0,0,0,0,0,0,0,0,0,0,0,0,0,0,0,2,2,0,0,0,0,0,0,0,0,2,2,0,0,2,2,2,2,0,2,0,2,0,0,2,0,0,2,0,2,0,2,0,2,2,2,0,0,0,0,0,0,0,2,2,0,0,0,0,2,0,0,0,0,0,2,0,0,2,2,0,2,0,0,0,0,0,0,0,0,0,0,0,0,0,0,0,2,0,0,0,0,0,0,0,0,0,0,0,0,0,0,0,0,0,2,0,0,0,2,2,0,2,0,0,2,0,2,0,0,0,0,0,0,0,2,2,0,0,0,0,0,0,0,0,0,0,2,0,0,0,2,0,0,0,0,0,2,0,0,0,0,0,0,2,0,0,0,0,2,0,2,2,0,2,0,0,0,0,0,2,0,0,0,0,0,0,0,0,0,0,0,0,0,0,0,0,0,2,0,0,0,0,0,0,0,2,0,0,0,0,0,0,0,0,2,0,2,0,0,0,0,2,0,0,0,0,0,0,0,0,0,0,0,0,0,0,0,0,0,0,0,0,0,0,0,0,0,0,0,0,0,0,0,2,0,0,0,0,0,0,0,0,2,0,0,0,0,0,0,0,0,0,0,0,0,0,0,0,0,2,0,0,2,0,0,2,0,0,0,0,0,0,0,0,0,0,0,0,2,0,0,2,0,0,0,0,0,0,0,0,0,0,0,0,0,0,0,0,0,0,0,0,0,0,0,2,0,0,0,0,0,2,0,2,2,0,0,0,0,0,0,0,0
"CC263",0,0,0,0,0,0,0,2,0,2,0,0,2,0,0,0,0,0,0,0,0,0,0,2,0,0,0,0,0,0,0,0,0,0,0,0,2,0,0,2,2,2,2,0,0,NA,0,0,0,0,2,0,0,0,0,2,0,0,2,0,0,0,0,0,2,2,2,0,0,0,0,2,0,0,2,0,0,2,0,0,0,0,0,2,2,0,0,0,0,0,0,0,0,2,0,2,0,0,0,0,2,2,0,2,0,2,2,2,0,0,2,0,0,0,0,0,0,0,0,2,2,0,0,0,0,2,0,2,0,2,0,0,0,0,0,0,2,2,0,0,0,2,2,0,2,0,0,2,0,0,0,0,2,0,0,2,0,0,0,0,0,0,0,0,0,2,0,0,2,0,0,0,0,2,0,0,2,0,2,0,0,2,2,0,0,0,0,0,0,0,2,2,0,0,0,0,0,2,0,2,0,2,2,0,0,0,2,0,2,0,0,0,0,2,0,0,2,0,0,0,2,0,0,0,0,2,0,2,0,0,2,0,2,0,0,0,2,0,0,2,0,0,2,0,0,2,0,0,0,0,0,0,0,2,0,0,2,0,0,2,0,0,0,0,0,0,0,0,0,0,2,2,2,0,0,0,0,0,0,0,0,0,0,0,0,0,0,2,0,2,2,NA,2,0,0,0,0,0,0,0,2,2,0,0,0,0,2,0,2,0,2,2,2,0,0,0,0,0,0,0,0,0,2,0,2,2,0,0,0,0,2,2,0,2,2,0,0,2,0,0,0,0,0,0,0,2,2,0,0,2,0,0,0,NA,0,2,0,0,0,0,0,0,0,0,0,0,0,0,0,0,2,0,0,0,0,0,0,0,0,0,0,0,0,0,0,0,0,2,2,0,0,0,2,2,2,2,2,0,0,0,0,0,2,0,0,0,0,0,0,2,0,0,0,0,2,0,0,0,0,NA,2,0,0,0,0,0,0,0,2,2,0,0,0,0,0,0,2,0,0,0,0,0,0,0,0,0,0,2,0,2,2,0,0,0,0,0,0,0,0,0,0,0,2,0,0,0,0,0,0,0,0,2,0,0,0,0,0,2,0,0,0,0,0,0,0,2,0,0,2,2,0,0,0,2,0,0,0,0,0,2,2,0,2,0,0,0,0,0,0,0,0,2,0,0,0,2,0,0,0,2,0,0,0,0,2,0,0,2,0,0,0,0,0,0,0,0,0,0,0,0,0,0,0,2,2,0,0,0,0,0,2,0,0,0,0,0,2,2,2,0,0,0,0,0,0,0,2,0,0,0,0,2,0,0,2,0,0,0,0,0,2,2,0,0,0,0,0,0,0,2,0,2,0,0,0,0,0,0,0,0,0,0,0,2,0,0,0,0,0,0,2,2,0,0,0,0,0,0,2,0,0,2,0,0,2,0,0,2,0,0,0,2,0,0,0,0,2,2,2,2,0,2,2,0,0,0,0,0,2,0,2,2,2,2,2,0,2,2,0,2,0,0,2,0,0,0,0,2,0,0,0,0,0,0,0,0,0,0,0,0,0,0,0,0,2,0,2,0,0,0,0,0,0,0,0,0,2,0,0,0,0,2,0,0,0,2,2,0,0,0,0,2,2,0,2,0,2,2,0,0,0,0,0,0,0,0,0,0,0,2,0,2,0,0,0,2,0,0,0,0,0,0,0,0,0,0,0,0,2,2,0,0,0,0,0,0,0,0,2,0,0,0,0,0,0,0,0,0,0,2,0,2,2,0,0,0,2,2,0,0,0,0,0,0,0,0,0,0,0,2,2,2,0,0,0,0,2,0,2,0,0,0,0,2,0,2,0,0,2,0,0,0,2,0,0,0,2,0,2,2,2,0,0,2,0,2,2,0,2,0,0,2,0,0,0,2,2,0,0,0,0,0,0,0,0,0,2,0,0,2,2,2,0,0,2,0,0,0,0,0,0,0,2,2,0,0,0,2,0,0,0,2,0,0,0,0,2,0,0,0,0,0,0,2,0,0,0,2,2,2,2,0,0,0,2,0,0,0,2,0,0,0,0,2,2,0,0,0,2,2,0,0,0,0,2,2,0,0,0,0,0,2,2,2,2,0,0,0,0,0,0,2,0,2,2,0,0,0,0,0,0,2,2,0,0,0,0,0,0,0,0,0,2,0,2,2,2,0,0,0,0,0,0,0,0,0,0,0,0,0,2,0,2,0,2,0,0,0,2,2,2,0,0,0,2,0,0,2,0,2,0,0,0,0,2,0,2,2,0,0,0,0,0,0,0,0,0,0,2,0,2,0,0,0,0,0,0,0,2,0,0,0,2,0,2,0,0,0,0,0,0,2,0,0,2,2,0,0,0,NA,0,2,0,0,0,0,2,0,0,0,0,0,0,0,2,0,0,0,0,2,0,0,2,0,0,0,0,0,0,0,2,0,0,0,0,2,0,0,0,0,2,0,0,0,0,0,2,0,0,0,0,0,0,0,0,0,0,2,0,0,0,0,2,2,0,0,0,2,2,0,0,0,0,0,0,2,0,2,0,2,0,2,2,0,0,0,0,0,0,0,0,0,0,2,0,2,0,0,0,0,2,2,0,2,2,0,0,0,2,0,0,2,0,2,2,2,0,0,0,0,NA,0,0,0,0,0,2,0,0,0,0,2,0,0,0,2,0,2,0,0,0,2,0,0,0,0,2,0,0,0,0,0,0,0,0,0,0,0,2,0,2,0,0,0,0,2,0,0,0,0,0,0,2,2,0,0,2,0,0,2,2,0,2,2,2,0,2,0,0,0,0,2,0,2,0,0,0,2,0,2,0,0,0,2,2,2,2,0,0,0,0,0,0,0,0,0,0,0,0,2,0,0,2,0,2,0,2,2,0,NA,0,0,2,0,0,0,2,2,0,2,0,0,0,0,0,2,0,0,0,0,2,0,0,0,0,0,0,0,0,0,0,2,0,0,0,0,0,0,0,2,0,0,2,0,0,0,0,0,0,2,0,0,2,0,0,0,0,0,0,2,0,0,0,0,2,0,0,0,0,2,2,0,0,0,0,0,2,0,0,0,2,0,0,2,0,2,2,0,0,0,0,0,0,2,0,0,0,2,2,0,0,0,0,0,0,0,2,0,2,0,0,0,0,2,0,2,0,0,0,0,0,0,2,0,2,0,0,0,2,0,0,0,0,0,0,0,0,0,0,0,0,0,2,0,2,0,0,2,2,0,0,0,0,0,0,2,0,0,2,0,2,0,0,2,0,0,2,0,2,0,0,0,0,0,0,0,0,2,0,2,0,2,0,2,0,2,0,2,0,0,0,0,0,0,2,0,0,0,2,0,0,0,2,0,2,0,0,0,0,0,0,0,0,2,2,0,0,0,0,0,0,2,2,0,2,0,0,2,2,2,0,0,2,2,0,0,2,0,0,2,0,0,0,0,0,0,0,2,0,0,2,0,0,2,0,NA,0,0,0,0,0,2,0,0,0,0,0,0,2,2,0,0,0,0,2,0,0,0,0,0,0,0,0,0,0,0,0,2,0,0,0,0,0,0,0,0,2,2,0,0,0,2,0,0,2,0,0,0,0,0,0,0,0,2,0,0,0,0,0,2,0,0,0,0,2,0,0,0,0,0,0,2,0,0,0,0,0,2,0,0,0,0,0,0,2,0,0,0,0,0,0,0,2,2,0,0,2,0,0,0,0,0,0,0,0,0,0,0,2,0,0,0,0,0,0,0,0,0,0,0,2,0,0,0,0,2,0,2,0,0,0,0,0,2,2,0,0,0,0,0,0,0,2,2,0,0,2,0,2,2,0,0,0,0,0,0,0,0,0,0,0,0,0,0,0,0,2,0,0,0,0,0,0,0,2,0,0,2,0,0,2,0,0,0,0,2,2,0,2,2,2,0,2,0,0,0,2,0,0,0,0,2,2,2,NA,0,0,0,0,0,0,2,0,2,0,2,0,0,0,0,0,0,0,2,2,0,2,0,2,2,0,0,2,2,0,0,2,0,0,0,0,0,0,2,2,0,0,0,0,0,0,0,0,0,0,0,0,0,2,0,0,2,0,2,0,0,0,0,0,0,0,0,2,2,0,NA,0,0,2,0,0,0,0,2,0,0,0,0,2,0,0,0,0,2,0,0,0,2,0,0,2,0,0,0,0,0,0,2,2,0,0,0,0,2,0,0,0,0,0,0,0,2,0,2,0,0,2,0,0,0,0,0,2,0,2,0,2,0,0,0,0,2,0,0,0,0,2,0,0,0,0,2,0,0,0,0,0,0,0,0,0,0,0,2,0,2,0,2,2,0,0,0,0,NA,2,0,0,0,0,2,0,2,0,0,0,0,0,0,2,0,0,2,0,0,0,0,2,0,0,0,0,0,0,0,2,0,0,0,0,0,0,0,2,0,0,0,2,0,0,2,0,0,0,2,2,0,0,0,2,0,0,0,0,0,0,2,0,0,0,0,0,0,0,0,0,2,0,0,0,0,0,0,0,0,0,0,0,0,2,0,0,2,0,0,0,0,0,0,0,0,0,0,0,2,0,0,0,2,2,0,0,2,0,0,0,0,0,0,0,0,0,0,0,0,0,0,0,2,0,0,0,0,0,0,0,0,0,0,0,0,0,2,2,0,0,2,0,0,0,0,0,0,0,2,2,0,0,0,0,0,2,0,2,0,0,2,2,0,0,2,0,0,0,0,2,0,2,2,0,0,0,2,2,2,0,2,0,0,0,2,0,0,2,0,0,0,2,0,0,0,0,0,2,NA,0,0,2,0,0,0,0,0,2,0,0,2,2,0,0,2,0,0,2,0,0,2,2,2,0,0,0,0,0,0,0,0,0,2,0,2,2,0,2,0,0,0,2,2,0,0,0,2,2,2,2,0,0,0,0,0,0,0,2,0,2,0,0,0,0,0,0,0,0,0,2,0,2,0,2,0,0,0,0,0,0,0,0,0,0,2,0,0,2,0,0,0,0,0,2,0,2,0,0,2,0,0,2,0,2,0,0,0,0,0,0,0,0,0,2,2,0,0,0,0,0,0,0,2,0,0,0,0,0,0,0,0,0,0,0,0,2,0,2,0,0,0,0,0,0,0,0,0,0,0,0,0,0,0,0,0,0,2,0,0,0,2,0,0,0,2,0,0,0,0,0,2,0,0,0,0,0,0,0,2,0,0,0,0,0,0,0,2,0,0,0,0,0,0,0,0,2,2,0,0,0,0,0,0,0,0,0,0,0,2,0,0,0,0,2,0,0,0,0,2,0,0,0,0,0,0,2,0,2,0,2,0,0,2,0,0,0,0,2,0,0,2,0,0,0,0,0,0,0,0,0,2,0,0,2,0,0,0,0,2,0,0,0,0,2,0,0,2,0,NA,2,0,0,0,0,0,0,0,2,0,0,0,0,0,0,0,0,0,0,0,0,0,0,2,0,0,0,0,0,0,2,2,0,0,0,0,0,0,0,0,0,0,0,0,0,0,0,0,0,0,0,0,0,0,0,0,0,0,0,0,0,0,0,0,0,0,0,0,0,0,0,0,0,0,0,0,0,0,0,0,0,0,0,2,0,0,0,0,0,2,2,2,0,0,0,0,0,0,0,0,0,0,2,0,0,0,2,0,0,0,0,0,0,0,0,2,0,0,0,2,0,2,0,2,2,0,2,0,0,0,0,0,2,0,0,0,0,0,0,0,0,0,0,0,0,0,0,2,0,2,0,0,0,0,0,0,0,0,0,0,0,2,0,2,0,0,0,0,2,0,0,2,0,2,0,0,0,2,2,0,0,2,2,0,0,0,0,0,2,0,0,0,2,0,0,0,0,0,0,0,0,0,0,0,0,0,0,2,0,0,2,0,0,0,2,0,0,0,0,2,0,2,0,0,0,0,2,0,0,2,0,0,2,0,0,0,2,0,0,0,0,2,0,0,0,0,0,0,2,0,0,0,0,0,0,0,0,2,0,0,0,0,0,0,0,2,0,0,0,0,2,0,0,0,0,2,0,2,2,2,0,2,0,2,0,0,2,0,0,2,0,0,0,0,0,0,2,2,0,2,0,0,2,0,0,0,0,0,0,0,0,0,0,0,0,0,0,0,0,0,0,0,0,0,0,0,2,0,0,0,0,0,0,0,2,2,0,0,2,0,0,0,0,0,0,0,0,2,2,0,0,2,0,0,0,0,2,0,2,0,2,0,2,0,0,0,0,0,0,2,0,0,2,0,0,0,0,0,0,0,0,2,0,0,0,0,0,0,0,0,0,0,0,2,0,0,0,0,2,0,0,0,0,0,0,0,0,0,0,2,2,0,0,0,0,0,2,0,0,0,2,0,0,2,2,0,0,2,0,0,0,2,0,0,0,0,2,2,2,0,0,0,0,0,0,0,0,0,0,0,0,0,2,0,0,2,0,0,0,2,0,2,0,0,2,0,0,0,0,0,0,2,0,0,0,0,0,0,0,0,0,2,0,2,0,2,0,0,2,0,2,2,0,2,2,0,0,2,2,2,0,0,0,2,0,0,0,2,0,0,0,2,0,0,0,0,0,0,0,0,0,0,2,0,0,0,0,0,0,2,0,0,2,0,0,0,0,0,0,0,2,NA,2,2,0,0,0,0,0,0,0,0,2,2,0,0,0,0,0,0,0,0,0,0,0,2,0,0,0,2,0,0,0,2,0,2,0,0,0,2,0,0,0,0,0,0,0,0,0,0,0,0,2,0,2,0,0,2,0,0,0,0,0,0,0,0,0,0,0,0,0,0,0,0,2,0,0,0,0,2,0,0,0,0,2,0,0,0,0,0,0,0,2,0,0,0,2,0,0,0,0,2,0,0,0,0,0,0,2,0,0,0,0,0,2,0,0,0,0,0,0,0,0,0,0,2,0,0,0,0,2,0,0,0,0,0,0,0,0,0,0,0,0,0,0,0,0,0,0,2,0,0,0,0,0,0,0,0,2,0,2,0,2,0,2,2,0,0,0,0,0,0,0,0,0,0,2,0,2,0,0,0,2,2,0,2,2,0,0,0,2,0,0,0,0,0,2,0,0,0,0,0,0,0,0,0,0,0,0,0,0,2,2,0,0,0,0,2,0,0,2,2,0,0,0,0,0,0,0,0,0,0,2,2,2,2,2,2,2,0,0,0,0,0,2,2,0,0,0,0,0,0,0,0,0,0,0,0,0,0,0,2,0,0,0,0,0,0,0,2,0,0,0,0,2,0,2,2,2,0,0,2,0,0,2,0,0,2,0,0,0,0,0,2,0,0,0,2,0,2,2,0,0,0,0,2,2,0,0,0,NA,0,0,0,0,0,0,0,0,0,0,2,0,0,0,0,0,0,0,2,0,0,0,0,2,NA,0,2,0,0,2,2,0,0,0,0,0,0,0,0,2,0,0,0,0,0,0,2,0,2,2,2,0,0,0,2,0,0,2,2,0,0,0,0,0,0,0,0,0,0,0,0,0,0,0,0,0,0,2,0,0,0,0,0,0,0,2,0,2,0,0,0,0,0,2,0,0,0,2,0,0,2,0,2,2,0,2,0,0,2,0,0,2,0,0,0,0,0,0,0,0,0,0,0,0,0,0,2,0,0,0,0,0,0,2,0,0,0,0,0,0,2,0,0,0,NA,0,0,0,0,0,0,2,0,0,0,0,2,0,0,0,0,2,0,0,0,0,2,0,0,0,0,0,2,2,0,0,2,0,0,0,0,0,0,0,0,2,0,0,0,0,0,0,0,0,0,0,0,0,0,0,0,2,0,0,0,0,2,0,0,0,0,0,0,0,0,0,2,2,0,2,2,2,0,2,2,0,0,2,0,0,0,0,2,2,0,0,2,0,2,2,0,0,0,2,0,0,0,0,2,0,0,2,0,0,0,0,2,2,0,0,2,0,0,0,0,2,0,0,2,0,0,0,0,0,0,0,2,0,0,2,0,NA,0,0,2,2,0,0,0,0,0,0,0,0,0,0,0,0,0,0,0,0,0,0,0,2,2,2,2,0,0,0,0,0,0,0,0,0,0,0,0,0,0,2,0,0,0,0,0,0,0,0,0,0,0,0,0,0,0,0,0,0,0,0,0,0,0,0,0,0,0,0,0,0,0,0,0,0,2,0,2,0,0,0,0,0,0,0,0,0,0,0,0,0,2,0,0,0,0,0,0,0,0,2,0,0,0,0,0,2,0,2,0,0,0,0,0,0,0,0,0,2,0,0,0,0,0,2,2,0,2,2,0,0,0,0,0,2,0,0,0,0,0,0,0,2,0,0,2,2,0,0,0,2,0,0,2,2,0,0,0,0,0,0,0,0,0,2,2,NA,0,0,0,2,0,0,0,0,0,0,0,0,0,0,0,2,2,0,2,2,0,0,0,0,0,0,0,0,0,0,2,0,0,0,2,2,0,0,0,0,0,0,0,0,0,0,0,0,0,0,0,0,0,0,0,0,0,0,2,0,0,0,0,0,0,0,0,0,0,0,0,2,0,0,0,0,0,0,0,0,0,2,0,0,0,2,0,0,0,0,0,0,0,2,0,0,0,0,0,0,0,0,0,0,2,0,0,0,0,2,0,0,0,0,0,0,2,2,0,0,0,2,0,0,0,0,0,2,0,0,2,0,0,0,0,0,0,0,0,2,0,2,0,0,0,0,0,0,2,0,2,0,0,0,0,2,2,2,2,0,0,0,0,0,0,0,2,0,2,2,0,2,0,0,0,2,0,2,0,0,0,0,0,2,0,0,0,0,0,0,2,2,0,2,2,0,0,2,0,0,0,0,0,2,0,0,0,0,0,0,0,0,2,0,0,0,0,2,0,2,0,0,0,0,0,0,0,2,0,0,0,0,0,2,0,0,0,0,2,0,0,2,0,0,2,0,0,2,2,0,2,0,0,0,0,0,0,2,0,0,0,0,0,0,2,2,0,2,0,0,0,0,0,0,0,0,0,0,0,0,0,0,0,0,0,2,0,2,0,0,0,0,0,0,0,0,0,2,2,0,0,0,0,0,0,2,0,0,2,0,0,0,0,0,0,0,0,0,0,0,0,0,0,0,0,0,2,0,0,0,0,0,0,0,0,0,0,0,0,0,2,0,0,0,0,0,0,0,0,0,0,0,0,2,2,2,0,0,0,0,0,0,0,2,0,2,0,0,0,2,0,0,0,0,2,2,2,0,0,0,0,0,0,0,2,2,0,2,0,0,0,0,0,0,0,0,0,0,0,0,0,0,0,0,0,0,0,2,0,0,0,2,2,2,0,0,0,2,0,0,0,2,0,0,0,0,0,0,0,0,0,0,0,0,0,2,0,0,0,2,2,0,0,2,0,2,0,2,2,2,0,0,0,0,2,0,0,2,0,0,0,0,0,0,2,0,0,2,0,0,0,0,0,0,0,2,2,0,2,0,0,0,0,0,0,0,2,2,0,0,0,2,0,0,2,0,0,0,0,2,0,0,0,2,2,0,0,0,2,0,0,0,0,0,0,0,2,0,0,0,0,2,0,0,0,2,0,0,0,0,0,2,0,2,0,0,0,0,0,0,0,0,0,0,0,2,0,0,0,0,0,0,0,0,0,0,0,0,0,2,2,0,0,2,0,0,0,0,0,0,0,2,0,0,0,0,0,2,2,2,0,0,2,2,0,0,0,0,0,0,0,0,0,0,2,0,2,0,0,0,0,0,0,0,0,0,0,0,0,0,0,2,2,2,0,0,0,0,0,0,2,0,0,2,0,2,2,0,0,2,0,0,0,0,0,0,0,0,0,2,2,2,0,0,0,0,0,0,0,0,2,2,2,0,0,2,0,0,0,0,0,0,0,0,0,0,2,2,0,2,2,0,0,0,0,0,0,0,0,0,0,0,0,0,2,2,2,0,0,0,0,2,0,0,0,2,0,0,0,0,2,0,0,0,0,0,0,0,2,2,0,0,0,0,0,2,2,0,2,0,0,0,0,2,0,2,0,0,0,0,0,2,0,0,0,0,0,0,2,2,2,0,0,0,0,0,0,2,2,0,0,0,0,2,2,NA,0,2,2,0,0,0,0,2,2,0,0,2,2,0,0,2,0,0,0,0,0,2,0,0,0,2,2,0,2,0,0,0,2,0,0,0,0,0,0,0,0,0,2,0,0,0,0,0,0,0,0,0,0,0,0,0,0,0,0,0,0,0,2,0,2,0,0,0,0,2,2,0,0,0,0,0,2,0,0,0,2,0,0,2,0,0,0,0,0,0,0,0,0,2,0,2,2,0,0,0,0,NA,2,0,0,2,0,2,0,2,0,0,0,2,0,2,0,2,2,0,0,2,2,0,0,2,0,0,0,0,2,2,0,NA,2,2,2,0,0,0,2,0,0,0,0,0,0,2,2,0,0,2,2,2,0,2,0,0,0,2,0,0,2,0,0,0,2,2,2,2,2,2,0,0,0,2,0,0,0,0,0,0,0,0,0,2,0,0,0,0,2,2,0,0,0,0,0,0,2,2,0,2,0,0,0,0,0,0,NA,0,0,0,0,0,0,0,2,0,0,0,0,0,0,2,0,0,0,2,2,0,2,0,0,0,0,0,0,0,0,0,2,0,0,0,2,0,0,2,0,0,2,2,2,2,0,0,0,0,0,0,0,0,0,2,0,0,0,2,0,2,0,0,0,0,0,0,0,0,0,2,0,0,2,0,0,0,0,0,0,2,0,0,0,0,2,2,0,2,0,0,2,2,0,2,0,0,0,0,0,0,2,0,0,0,2,2,2,2,0,0,0,0,2,0,0,0,0,2,2,0,0,0,0,0,0,0,0,0,0,0,0,0,0,2,0,0,0,0,0,2,2,2,0,0,0,0,2,0,2,2,0,0,0,0,0,0,2,0,0,0,2,0,2,0,0,2,2,2,2,2,0,0,0,2,0,0,0,0,0,0,2,0,0,0,0,0,0,0,0,2,0,2,0,2,0,2,0,2,0,2,0,0,0,2,0,0,0,0,0,0,0,0,2,2,0,0,2,0,0,2,0,0,0,0,0,2,0,2,0,0,0,0,0,0,0,0,0,0,0,0,0,0,0,0,0,2,0,0,0,2,0,0,0,0,0,0,0,0,2,0,0,2,0,0,0,0,0,0,0,2,0,0,2,0,0,2,0,0,0,0,0,0,2,0,2,0,0,0,0,2,2,2,0,0,0,0,0,0,0,0,0,2,2,0,0,2,0,2,2,2,0,0,0,0,0,0,0,0,0,0,0,0,0,0,0,0,0,0,2,0,2,0,0,0,0,2,0,0,0,0,0,0,0,0,0,0,0,2,0,0,0,0,0,0,0,0,0,2,0,0,0,0,0,0,0,0,0,0,NA,0,0,0,2,0,2,0,0,0,0,0,0,0,0,0,0,0,0,0,0,2,0,0,2,0,0,2,2,0,0,0,2,0,0,2,0,0,0,2,0,0,0,0,0,2,0,2,2,0,0,0,0,0,0,0,0,0,0,0,0,0,0,2,0,0,2,0,0,0,0,0,0,0,0,0,0,0,0,0,0,0,0,0,2,0,0,0,0,0,0,2,0,0,0,2,0,0,0,0,0,2,0,0,0,0,2,2,2,0,0,0,2,0,2,0,0,2,0,0,0,0,0,0,0,2,0,2,NA,0,0,2,2,0,0,0,0,0,2,0,0,0,0,0,2,0,0,0,2,0,0,0,0,2,0,0,0,0,0,0,0,NA,2,2,0,0,0,0,0,0,0,0,0,2,0,0,2,0,2,0,0,0,0,0,2,2
"CC264",0,0,0,0,0,0,0,2,2,0,0,2,0,0,2,0,0,0,0,0,0,2,0,0,0,2,0,0,0,0,0,0,0,0,0,0,0,0,0,0,2,2,0,0,0,2,0,0,0,0,2,0,0,0,0,0,0,0,2,2,2,0,2,0,2,0,2,0,0,0,0,0,0,0,2,2,2,2,2,0,2,0,0,2,2,0,0,0,0,2,0,2,0,2,0,2,0,2,0,0,0,0,0,0,0,0,0,2,2,2,0,2,2,0,0,0,0,0,0,0,2,2,0,0,2,2,2,0,0,0,0,0,0,0,0,2,0,2,2,0,0,2,0,0,2,0,0,2,0,0,0,0,0,0,2,2,2,0,NA,0,0,0,0,0,0,2,0,0,0,0,0,0,2,2,0,2,0,2,0,0,0,2,2,0,0,0,0,0,0,0,2,2,0,0,0,0,0,2,0,2,0,2,2,0,0,NA,0,0,2,0,2,0,2,0,0,0,2,0,2,2,0,2,2,0,0,2,NA,0,0,2,2,2,0,0,0,2,0,0,0,0,0,0,0,0,0,0,0,0,2,0,0,2,0,0,2,0,0,0,0,0,0,0,2,2,0,0,2,0,2,0,2,0,0,2,0,0,0,2,2,0,0,0,2,0,0,2,0,2,0,0,0,0,0,0,0,0,0,0,2,0,0,0,2,0,2,0,0,2,0,0,0,0,2,0,0,0,0,0,2,0,0,0,0,0,0,0,2,0,0,0,2,2,2,0,0,0,0,0,0,0,0,2,0,0,2,0,0,0,2,0,0,0,0,0,0,0,2,2,0,2,2,2,0,0,0,0,0,2,0,0,0,0,2,0,2,0,0,2,2,2,0,0,0,0,0,0,0,2,0,0,0,0,0,2,2,2,2,0,2,0,0,0,0,2,2,2,2,0,2,0,2,0,0,0,0,0,2,0,0,0,2,0,0,NA,2,0,0,0,2,2,0,2,0,0,0,0,0,0,0,0,0,0,0,0,0,0,0,0,2,0,2,2,0,0,2,0,0,0,0,2,2,0,2,0,0,0,0,0,0,0,0,0,0,0,0,0,0,0,0,0,0,0,0,0,0,0,2,2,0,0,0,0,0,0,0,0,2,0,0,0,0,0,0,0,0,0,0,0,0,2,0,0,0,0,0,0,0,0,0,0,2,0,0,0,0,0,0,0,0,0,0,0,0,0,0,0,0,0,0,0,0,0,0,2,0,0,0,0,0,0,0,0,0,0,0,0,0,2,0,0,0,0,0,2,2,0,0,0,2,0,0,0,0,0,2,0,0,0,2,0,0,0,0,0,0,0,0,2,0,2,0,2,0,0,0,2,0,2,0,0,0,2,0,2,2,0,2,2,0,0,2,0,0,0,0,0,0,2,0,0,0,2,NA,2,2,0,0,0,0,0,0,0,2,0,0,0,0,0,0,0,0,0,0,0,0,0,2,0,2,0,0,2,2,0,2,0,0,0,2,2,2,2,0,0,0,0,2,0,0,2,0,0,0,0,0,0,0,2,2,0,0,0,0,0,0,0,0,0,0,0,2,0,0,0,0,0,2,0,0,2,0,2,0,0,2,2,2,0,0,0,0,2,0,2,2,0,0,0,2,2,2,0,0,0,0,2,0,0,2,2,2,0,0,2,2,0,0,0,0,0,0,0,0,2,0,2,0,0,0,0,0,0,0,0,2,0,0,0,0,0,2,0,0,0,0,0,0,2,0,0,0,2,0,0,2,0,2,2,2,0,0,2,0,0,0,0,0,0,0,0,0,0,0,0,0,0,0,0,0,0,0,0,0,0,2,0,2,2,0,2,0,2,0,0,0,0,2,0,0,0,0,0,2,0,0,0,0,0,0,0,0,0,0,0,NA,0,0,0,0,0,0,2,0,0,0,0,0,2,0,0,0,2,0,2,0,0,0,0,0,0,0,0,2,0,0,0,0,0,0,0,2,0,0,0,2,2,2,0,0,0,0,2,0,0,2,2,0,0,2,2,2,0,0,0,2,2,0,0,2,0,0,0,0,0,2,0,0,0,0,0,2,0,0,0,0,0,0,0,2,0,0,0,0,0,0,0,0,0,0,0,2,0,0,0,2,0,0,2,2,0,0,0,0,0,0,0,0,0,0,2,0,0,0,0,0,0,2,0,0,0,0,0,0,0,0,0,0,2,0,0,2,0,0,0,0,0,0,0,0,0,2,0,0,0,2,0,0,0,0,2,0,0,0,0,0,0,0,0,0,2,0,0,0,0,0,0,0,2,2,0,0,0,0,0,0,0,0,2,0,0,0,0,0,0,0,2,0,0,0,0,0,0,0,0,0,0,0,0,2,2,0,0,0,0,0,2,0,2,0,0,0,0,0,0,0,2,0,0,0,2,2,0,2,0,2,0,0,0,0,0,0,0,0,0,0,0,2,2,2,NA,2,2,0,0,0,0,0,0,0,0,0,0,0,0,0,2,0,0,0,0,0,0,0,0,0,0,0,2,2,0,0,0,0,0,0,2,0,0,0,2,0,2,NA,2,0,0,0,0,0,2,2,0,2,0,0,0,0,0,0,0,0,2,0,0,2,0,0,2,2,2,0,2,2,2,0,0,0,0,0,2,2,2,0,0,0,0,2,0,2,0,0,0,0,0,0,0,0,0,0,0,2,0,2,0,0,0,2,2,2,0,0,0,0,2,0,0,0,0,0,0,0,2,0,0,0,2,0,0,0,0,0,0,0,2,0,0,0,0,0,0,0,0,0,0,0,0,0,0,0,0,0,NA,0,0,0,0,0,0,0,0,0,2,0,NA,0,2,2,0,2,0,0,0,0,2,2,0,0,2,0,0,0,2,0,2,0,2,0,0,0,0,0,0,0,0,0,0,NA,0,2,0,0,2,2,0,0,0,0,0,0,2,2,2,0,0,0,0,0,0,0,0,0,0,0,0,0,0,0,0,0,2,0,0,0,0,0,0,0,0,0,0,0,0,2,2,0,0,2,0,0,2,0,0,0,2,2,0,0,0,0,2,0,2,0,0,2,0,2,0,2,0,0,0,0,0,2,0,0,2,2,2,0,0,0,0,0,2,0,0,2,0,NA,2,0,0,0,0,0,0,0,0,0,0,2,2,0,2,2,0,2,0,0,0,2,0,2,0,0,0,0,2,0,2,2,2,0,0,0,0,0,0,0,0,0,0,2,0,0,2,0,0,0,0,2,0,0,2,2,2,2,0,0,0,0,0,0,2,0,0,0,0,0,0,2,0,0,2,0,0,2,2,2,0,2,0,2,2,0,0,0,0,0,0,0,0,2,2,0,0,2,0,0,0,0,0,0,2,0,0,0,0,2,2,0,2,0,0,2,0,0,0,0,2,2,0,0,0,0,0,2,0,0,0,0,0,0,0,2,2,0,2,0,0,0,0,0,0,0,2,0,0,2,0,0,0,0,0,0,0,2,0,0,2,0,2,0,0,0,2,2,2,0,2,0,0,0,0,2,0,2,0,0,0,0,0,0,0,0,0,0,0,0,2,2,2,0,0,2,NA,0,0,0,0,2,0,0,NA,0,0,0,0,0,0,0,0,2,0,0,0,0,2,0,0,0,0,2,0,0,0,0,2,0,2,2,0,0,2,0,2,0,0,0,0,0,0,2,2,2,2,0,2,0,0,2,0,0,0,NA,0,0,0,0,0,0,2,0,0,0,0,0,2,0,0,NA,0,0,2,2,0,2,2,0,0,0,0,0,2,0,0,0,0,0,0,0,0,2,0,0,0,2,0,0,0,0,0,2,0,0,0,0,0,0,0,0,0,0,0,0,0,2,0,0,2,2,0,0,0,0,0,0,2,2,2,0,0,0,2,0,0,0,0,0,2,0,2,0,0,NA,2,2,0,2,0,NA,2,0,2,2,2,0,0,0,2,2,2,0,2,0,0,2,0,2,0,2,0,0,2,0,0,0,0,0,0,0,2,2,0,0,0,0,0,0,0,2,2,0,0,2,0,0,0,0,0,0,2,2,0,2,2,0,2,0,0,0,0,0,0,0,2,2,0,2,0,0,0,0,0,0,2,0,0,0,0,2,0,0,0,0,0,0,2,0,0,0,2,0,2,0,2,0,0,0,0,0,2,0,0,0,0,2,0,2,0,0,2,0,0,2,0,2,2,0,0,0,0,0,0,2,2,2,0,0,0,0,2,0,0,0,2,0,2,0,2,NA,0,0,0,0,2,2,0,0,2,2,2,0,0,0,0,0,0,0,0,0,2,0,0,2,2,2,0,2,2,2,2,0,0,0,0,0,0,0,0,0,2,0,2,0,0,0,2,0,0,0,0,0,2,0,0,0,0,0,0,0,2,2,0,0,0,0,0,2,0,0,0,2,0,0,0,0,2,0,2,0,2,0,2,2,0,0,2,0,0,0,0,2,0,0,0,0,0,0,0,0,0,0,2,0,0,0,0,0,0,0,0,0,0,0,0,2,0,0,0,0,0,0,0,0,2,0,2,0,0,0,2,0,0,0,0,0,0,0,0,0,2,2,0,0,2,2,0,0,2,2,0,0,0,0,2,0,2,0,0,0,0,0,0,2,2,0,0,0,0,0,2,0,0,0,0,0,0,0,0,2,2,0,0,0,2,0,2,0,0,0,2,2,0,0,0,0,0,2,0,0,0,0,2,2,0,0,2,2,0,0,0,0,0,0,0,0,0,0,0,0,0,0,0,2,0,0,0,2,0,2,2,0,0,0,2,0,2,2,0,2,0,0,0,2,0,2,0,0,0,0,0,0,0,0,0,0,2,0,0,0,0,0,0,0,2,0,0,2,0,0,0,0,0,2,0,2,0,2,0,0,0,2,2,0,0,0,0,0,0,0,2,0,2,2,0,0,0,0,0,0,2,0,0,0,2,0,0,0,0,0,0,0,0,2,0,0,0,0,0,0,0,0,2,0,2,0,0,0,0,0,0,2,0,0,0,0,0,2,2,0,2,0,0,0,0,2,0,0,0,0,0,0,2,0,0,2,2,0,0,0,0,0,0,0,2,0,2,2,2,2,0,0,2,0,0,0,2,0,0,2,0,0,0,2,0,0,0,0,0,0,0,0,NA,0,0,0,0,0,0,0,0,0,0,0,2,2,0,2,0,0,0,0,0,0,2,0,2,0,0,0,2,0,0,0,0,2,0,0,0,0,0,0,0,0,0,0,0,0,2,0,0,0,2,2,0,0,0,0,0,0,0,2,0,2,0,0,2,0,0,0,0,0,2,0,0,0,2,0,0,0,0,2,0,0,0,0,0,2,0,0,0,0,0,0,0,0,0,0,0,0,0,2,0,0,0,0,0,0,0,2,0,0,0,0,0,0,0,0,0,0,0,0,0,0,0,2,0,2,0,0,0,0,0,0,0,0,0,0,0,0,0,0,2,0,2,0,0,2,0,0,2,2,2,2,0,0,0,0,0,0,2,0,0,0,0,2,0,0,2,0,0,2,0,2,0,2,0,0,2,0,2,0,2,2,0,2,0,0,2,2,0,0,0,0,0,0,0,2,0,2,2,0,0,0,2,0,2,0,0,0,0,0,0,2,2,0,0,2,0,0,0,0,0,0,0,0,2,0,0,2,2,2,0,0,0,0,2,0,0,2,0,0,0,0,0,2,0,0,0,2,2,0,0,0,0,0,0,0,2,0,0,0,2,0,0,0,0,2,0,0,0,0,0,0,2,0,2,0,0,0,0,2,0,0,0,0,0,0,0,0,0,2,0,0,0,0,0,0,2,0,2,0,0,0,2,0,0,0,2,0,0,0,0,0,0,0,0,2,2,0,0,2,2,2,0,0,2,2,2,0,0,0,0,0,0,0,2,0,0,0,0,0,0,0,0,0,0,0,2,2,2,0,0,0,2,0,0,0,0,0,0,0,0,0,0,0,0,0,0,0,0,0,0,0,0,0,0,2,0,0,2,0,0,0,0,0,0,0,0,2,0,0,0,2,0,0,0,0,0,0,0,0,0,0,0,0,0,0,2,0,0,0,0,0,0,0,2,0,0,0,2,0,0,2,2,0,2,0,2,0,0,2,0,0,0,0,2,0,0,2,0,0,0,0,0,2,0,0,0,0,0,2,2,0,0,2,2,2,0,2,0,0,2,0,0,0,0,2,0,0,0,0,0,0,0,0,0,2,0,2,0,0,0,0,0,0,0,0,0,2,0,0,0,2,0,0,0,0,0,2,0,0,0,0,0,0,0,0,0,0,0,0,0,0,2,0,2,0,0,0,2,0,0,2,0,0,0,0,0,0,2,0,0,2,0,0,0,0,2,0,0,0,0,0,2,0,2,2,0,0,0,0,0,0,0,0,0,0,0,2,0,0,2,2,0,0,0,0,0,0,0,0,0,2,0,2,0,2,0,0,0,0,0,0,0,2,0,0,0,0,0,0,2,0,2,2,0,0,0,0,0,2,0,0,2,0,2,0,0,2,0,2,0,0,2,0,2,0,NA,0,0,2,0,0,2,2,0,2,0,0,0,2,2,0,0,0,2,0,2,2,2,0,0,0,2,2,0,2,0,0,0,0,2,0,0,0,0,0,2,NA,0,0,0,2,0,0,0,0,0,0,0,0,0,2,2,0,0,0,0,0,0,0,0,0,2,0,2,0,0,0,0,0,0,2,0,2,0,0,2,0,2,0,0,0,0,0,2,0,0,2,0,0,0,2,0,0,0,2,0,0,0,0,0,0,2,2,2,2,2,2,0,0,0,0,0,0,2,2,0,2,0,0,2,2,0,0,2,0,0,0,2,0,0,0,2,2,2,0,0,0,0,0,0,0,2,0,2,0,2,0,2,0,0,0,0,2,0,0,0,2,2,0,0,0,0,2,2,2,0,0,0,0,0,0,0,2,0,2,0,0,0,2,0,0,0,0,0,0,0,0,0,0,0,2,2,0,0,2,2,0,0,0,0,0,0,2,0,2,2,0,0,0,2,0,2,0,2,2,0,0,0,2,2,0,0,2,2,2,2,0,0,0,2,2,2,2,2,2,2,0,2,0,0,0,0,0,0,2,0,0,0,0,2,2,0,0,0,0,NA,0,0,0,0,0,2,0,0,2,0,2,0,2,2,2,2,0,0,0,0,2,0,2,0,0,0,0,2,0,2,0,0,0,0,0,0,0,0,0,0,2,0,0,NA,2,2,0,0,2,2,2,0,0,2,2,2,0,0,0,0,0,0,2,0,2,0,0,0,0,0,0,2,2,2,2,2,2,0,2,0,2,0,2,2,2,2,0,0,2,NA,2,0,0,2,0,0,2,0,0,2,2,0,NA,0,0,0,2,0,0,0,2,0,2,0,0,0,2,2,0,0,0,2,0,0,2,0,2,2,2,0,2,2,0,0,2,2,2,2,2,0,0,0,2,2,0,0,2,0,2,0,0,2,0,2,0,0,2,0,2,2,0,0,0,2,2,2,2,0,0,2,0,0,0,0,0,0,2,0,0,2,2,0,0,0,2,0,0,0,2,0,0,0,0,0,0,0,0,2,0,0,2,0,0,2,0,0,2,0,0,0,0,0,2,0,0,NA,0,2,0,0,0,0,0,0,2,2,0,0,2,0,2,2,2,0,0,2,2,2,0,0,0,0,0,0,0,0,0,0,0,2,0,0,2,0,2,0,0,0,0,0,0,0,2,0,2,0,0,2,0,0,0,0,0,0,0,0,0,0,2,0,0,0,0,0,0,0,0,0,2,0,0,0,0,0,2,0,0,0,0,2,0,0,0,2,0,0,2,0,2,2,2,2,0,2,2,0,2,0,0,0,0,0,0,0,0,0,0,0,0,0,0,2,0,2,0,0,2,NA,0,0,0,0,2,2,0,0,0,2,0,2,2,2,0,2,2,0,0,0,0,0,0,0,0,0,0,0,2,2,2,2,0,0,0,0,2,0,2,2,0,0,0,0,2,0,0,0,0,0,0,0,0,0,0,2,0,0,0,2,2,0,0,0,0,2,0,0,0,0,0,0,0,0,0,0,0,0,2,0,2,2,0,2,0,0,0,2,0,0,2,0,0,2,0,0,0,0,0,2,0,2,2,0,2,0,0,0,0,0,0,2,0,0,0,2,2,0,0,2,0,0,0,0,0,0,0,0,2,0,0,2,2,0,0,2,0,0,0,0,0,0,0,0,2,2,2,0,0,0,0,0,0,2,0,0,0,0,0,0,0,0,2,2,0,2,0,0,0,0,0,0,2,0,0,0,0,0,0,0,2,0,0,0,0,0,0,0,0,0,0,0,0,0,0,0,0,0,0,2,2,0,0,0,0,0,0,0,0,0,0,0,0,0,0,0,0,0,0,0,0,2,0,0,2,0,0,0,0,0,0,0,0,0,0,2,0,0,0,0,0,0,0,0,0,0,0,0,0,2,2,0,0,0,2,0,0,2,0,0,0,0,0,2,0,0,0,0,0,2,2,2,0,0,0,0,0,0,0,2,0,0,0,0,2,2,0,0,0,0,0,0,0,0,0,0,0,0,2,0,0,2,0,0,2,2,0,0,2,0,0,0,2,0,0,0,0,2,2,0,2,0,0,2,0,2,0,2,0,0,0,0,0,0,0,0,2,0,2,2,0,0,2,2,2,0,0,2,0,0,0,0,2,0,2,0,0,0,0,0,0,0,2,0,0,0,0,0,0,0,0,0,0,2,0,0,2,0,2,2,0,2,0,0,0,0,2,2,0,0,0,0,0,0,0,0,0,0,0,0,0,0,0,0,0,2,2,0,0,0,0,0,2,0,0,2,2,0,2,0,2,0,0,2,0,2,2,2,0,2,0,0,0,2,0,0,2,2,2,0,2,0,0,2,0,0,2,2,0,0,0,0,0,0,2,0,0,0,0,2,0,0,2,0,2,2,0,0,0,0,2,2,0,2,0,0,0,2,0,2,0,2,2,0,2,2,2,0,2,2,0,0,0,0,2,0,0,2,2,2,0,2,0,0,0,0,2,2,0,2,0,2,0,0,0,2,0,2,0,0,0,0,2,2,0,0,0,0,0,0,0,2,0,0,0,0,0,0,0,0,0,0,2,0,0,0,0,0,0,2,0,0,0,0,2,0,0,0,0,2,0,0,0,2,0,2,0,2,0,2,0,0,0,0,NA,0,2,0,0,2,2,0,0,0,0,0,0,0,0,2,2,2,0,0,0,2,0,0,0,0,0,0,0,2,0,0,0,0,0,0,0,0,0,0,0,0,0,0,0,0,0,0,0,0,0,0,0,2,0,0,2,0,0,0,NA,0,0,0,0,0,0,0,2,2,0,0,0,2,0,0,0,0,2,0,2,0,0,0,0,0,2,0,2,0,0,0,0,2,NA,0,0,0,0,0,0,2,0,0,0,0,0,0,2,0,0,0,0,0,2,0,2,0,NA,0,2,0,0,0,2,2,2,2,0,0,2,0,0,2,2,0,0,0,0,2,0,0,0,0,0,0,0,0,0,0,0,0,2,0,0,0,2,2,0,0,0,2,0,0,2,2,2,2,2,0,0,0,0,0,2,0,0,0,0,0,0,0,0,0,0,0,2,2,0,0,0,0,0,2,2,NA,0,0,2,0,0,0,0,0,0,0,2,0,0,2,0,0,0,2,0,0,0,0,2,0,2,2,0,0,0,0,2,0,0,0,0,0,0,0,0,2,2,0,0,0,0,2,0,0,2,2,0,2,0,0,0,0,0,0,0,0,0,2,0,0,0,0,0,0,0,2,0,2,0,0,2,2,2,0,0,0,2,0,0,0,0,2,2,2,0,0,0,0,2,0,0,0,0,2,2,0,0,0,0,0,2,0,2,2,0,0,0,2,0,0,2,0,2,0,0,0,0,0,0,0,0,0,0,2,0,0,0,0,2,0,0,2,0,0,0,2,0,2,2,0,0,2,2,0,0,0,0,0,2,0,0,2,2,NA,0,2,2,0,0,2,2,0,0,0,0,0,2,0,0,0,0,0,0,0,0,0,0,2,0,0,2,0,2,0,2,2,0,2,0,0,0,0,0,0,0,0,0,2,2,0,2,0,0,2,2,0,2,0,NA,0,2,0,2,2,2,0,0,0,2,NA,2,2,0,0,0,0,0,0,0,2,0,2,0,0,2,2,0,0,0,0,0,0,0,0,0,0,0,0,0,2,0,2,2,0,2,2,0,0,2,2,0,2,0,2,0,2,0,0,2,0,0,0,0,0,2,0,2,0,0,0,0,0,0,0,0,0,0,0,2,0,0,0,0,0,2,2,2,0,0,0,2,0,2,2,0,0,0,0,2,2,2,0,0,0,2,0,0,0,2,0,2,0,2,0,0,0,2,0,0,0,0,0,2,2,0,0,0,0,0,0,0,0,2,0,0,0,0,2,0,2,0,0,0,0,2,0,2,0,0,0,2,0,0,2,0,0,0,0,0,2,0,2,0,0,2,2,0,2,0,2,0,2,2,2,0,0,2,0,2,0,0,0,0,2,0,0,0,0,2,0,0,0,2,0,0,0,0,0,0,0,2,0,0,0,2,2,0,0,0,0,0,0,0,2,0,0,2,2,2,0,2,0,0,0,0,0,0,2,0,2,0,2,2,0,2,0,0,2,2,NA,0,0,0,0,2,0,0,0,2,0,0,0,0,0,0,0,0,2,NA,2,2,0,0,0,2,0,0,0,0,2,2,0,0,0,0,0,0,2,0,0,2,2,2,2,0,2,0,2,0,2,2,0,0,0,0,0,0,2,2,2,0,2,2,0,0,0,0,0,0,2,0,2,0,2,0,0,2,0,0,0,0,0,2,0,0,2,2,0,0,0,0,0,0,0,0,2,2,0,0,0,0,0,0,0,0,0,2,0,0,2,0,0,0,0,0,0,2,NA,2,2,0,0,2,0,0,0,0,0,0,0,0,0,2,0,2,2,0,2,0,0,0,0,0,2,2,0,0,2,0,2,0,0,0,0,2,0,0,0,0,2,0,0,0,2,0,0,0,0,0,0,0,0,2,0,0,2,0,2,2,0,0,0,0,0,2,0,0,0,0,2,0,0,2,2,2,0,0,2,2,2,0,0,0,0,0,0,2,2,0,0,0,2,2,0,0,0,0,0,0,0,0,2,0,0,0,2,2,2,2,0,2,0,0,0,0,2,0,0,0,0,0,0,2,2,0,0,0,0,0,0,0,0,0,2,2,2,0,0,0,2,0,0,0,2,0,0,0,0,2,0,0,2,2,0,0,0,0,2,0,0,0,2,0,0,0,0,0,0,0,0,2,0,2,2,0,0,0,0,0,0,0,0,0,0,0,0,0,0,2,0,0,0,0,2,2,0,2,0,2,0,2,0,2,0,0,2,0,0,0,0,0,0,0,0,0,2,0,2,2,0,0,0,0,0,0,0,0,0,0,0,0,0,0,0,0,2,0,0,0,0,0,0,0,0,0,0,2,0,0,0,0,0,2,0,2,0,0,0,2,2,2,0,0,0,0,0,0,2,0,0,NA,2,0,0,0,0,0,0,0,0,2,0,0,2,0,2,NA,2,2,0,2,2,0,0,0,0,0,0,2,2,0,0,0,0,0,0,0,0,2,0,0,2,0,2,2,0,2,0,0,2,0,0,0,0,0,0,0,0,0,2,0,2,0,0,0,2,0,2,2,0,0,2,0,0,0,2,2,0,0,2,0,2,2,0,0,0,2,0,2,2,0,2,0,2,2,0,0,2,0,2,2,2,0,0,0,0,2,0,2,0,0
"CC265",0,0,0,0,2,0,0,0,0,0,0,0,0,0,0,0,0,0,0,0,2,0,2,0,0,0,0,0,0,0,0,0,0,2,0,0,0,0,0,2,0,0,0,0,0,0,0,0,0,0,0,0,0,0,0,0,0,0,0,0,0,0,0,0,2,0,0,0,0,0,0,0,2,0,0,0,2,2,0,0,2,0,0,0,0,0,0,0,0,0,2,0,0,0,0,2,0,0,0,0,2,2,2,2,0,0,0,0,0,2,0,2,2,0,0,0,2,0,0,0,0,0,0,0,0,2,2,0,2,0,0,0,0,0,0,0,0,0,2,0,0,0,2,0,2,0,0,2,0,0,2,0,0,0,0,0,0,0,0,0,0,0,0,0,0,0,0,0,2,0,0,0,2,0,0,2,0,2,2,0,0,0,2,0,2,2,0,0,0,0,0,0,2,0,0,0,0,0,0,0,0,0,0,0,0,0,0,0,2,0,2,0,0,0,0,2,0,0,0,2,2,0,2,0,0,0,0,2,0,2,2,0,0,0,0,2,0,0,0,0,2,0,0,0,0,2,0,0,0,2,0,0,0,0,0,0,2,2,0,0,0,0,0,0,2,0,0,0,0,0,0,0,0,2,0,0,0,0,0,0,0,0,2,0,0,0,0,0,0,2,0,0,0,0,0,2,0,2,2,2,2,0,2,0,2,0,0,2,0,0,0,0,0,0,0,0,0,0,2,0,0,0,2,0,0,0,0,0,0,0,0,2,2,0,0,2,0,0,0,0,0,0,0,2,0,0,0,0,2,0,0,0,0,2,0,0,0,2,0,0,0,0,0,0,0,0,0,0,0,0,0,0,0,0,0,0,0,0,2,0,0,0,0,0,0,0,0,2,0,0,0,0,0,2,2,2,2,0,0,0,0,0,0,0,2,0,2,0,0,0,0,0,0,0,0,2,0,0,0,0,0,0,0,0,0,0,0,0,2,2,0,0,0,0,0,0,0,2,0,2,0,0,0,0,0,0,0,0,0,0,0,0,0,2,0,0,0,2,0,0,0,0,0,0,0,0,0,0,0,0,0,0,0,0,0,0,0,2,0,0,0,0,0,0,0,2,0,0,2,0,0,2,0,0,0,0,0,0,0,2,0,0,0,0,0,0,0,0,2,0,0,0,0,0,0,0,0,0,0,0,2,0,0,0,2,2,0,0,0,0,0,0,0,2,0,0,2,0,0,2,0,0,0,2,0,0,2,0,0,0,0,0,0,0,0,0,0,0,2,0,0,2,0,2,0,0,0,0,0,0,0,0,0,0,0,0,0,0,2,2,0,2,0,0,0,0,0,0,0,2,2,0,0,0,0,0,2,2,0,2,0,0,0,2,2,2,2,0,2,0,0,0,0,0,0,0,2,0,0,0,2,0,0,0,0,0,0,0,2,0,0,0,0,0,0,0,0,0,0,2,0,0,0,2,0,0,0,0,0,2,0,0,0,0,0,0,2,0,0,0,0,2,0,0,0,0,2,0,0,0,2,0,2,0,0,0,0,2,0,0,0,2,0,0,0,0,0,0,0,0,0,2,0,0,0,0,0,2,2,0,0,0,0,0,2,0,0,2,0,0,0,2,0,0,0,0,0,0,0,2,2,0,0,2,0,0,0,0,0,2,0,2,0,0,0,2,2,0,0,0,0,0,0,2,0,0,2,0,2,0,0,2,2,0,0,0,0,0,0,0,0,0,0,0,0,0,2,0,2,2,0,2,0,0,2,NA,2,0,2,2,0,2,2,2,0,0,0,2,2,0,2,2,0,0,0,0,0,0,2,0,0,0,0,0,0,0,2,2,0,0,0,0,0,0,0,0,2,0,0,2,2,0,2,0,0,0,2,2,0,0,0,0,0,0,0,2,0,0,0,0,2,0,0,0,0,0,0,0,0,0,0,0,0,0,0,0,0,0,2,0,2,2,2,0,2,0,0,0,0,0,0,0,2,0,2,0,0,0,2,0,0,0,0,0,0,0,2,0,2,2,0,2,0,0,2,0,2,0,2,0,0,0,2,0,0,0,0,2,0,0,0,0,NA,0,0,NA,0,0,0,0,2,NA,NA,2,0,0,0,0,0,0,0,2,2,2,2,0,0,2,0,0,2,2,0,NA,0,0,0,0,2,0,2,2,2,0,0,0,2,0,0,0,0,2,2,0,0,0,0,2,0,0,2,0,0,0,0,0,0,2,0,0,2,0,0,0,2,0,2,0,0,0,2,0,0,0,0,2,2,0,0,0,0,2,0,0,0,0,0,2,2,0,0,2,NA,2,2,0,0,0,0,2,0,0,2,0,0,0,0,0,0,0,0,0,0,2,0,0,2,0,0,0,0,0,0,0,0,0,0,0,2,0,2,2,0,2,0,0,2,0,0,0,0,0,0,0,0,2,0,2,0,2,2,0,0,2,0,0,0,NA,0,0,2,0,0,2,0,2,2,0,0,0,0,0,0,0,0,0,0,0,0,0,0,0,0,0,0,2,0,2,0,0,0,0,0,0,2,0,0,0,0,2,0,0,0,0,0,0,0,0,0,0,2,0,2,0,0,0,0,2,0,0,0,0,0,0,0,0,0,0,0,0,0,0,0,0,0,0,0,0,0,2,2,2,2,0,0,2,0,0,0,2,0,0,0,0,0,2,0,0,0,0,0,0,0,0,0,2,0,2,0,0,0,2,0,0,2,0,2,0,0,2,2,2,0,0,0,0,0,0,0,0,2,0,0,0,0,0,2,0,0,2,2,0,0,0,0,0,2,2,0,2,0,0,2,0,0,0,0,0,0,0,2,2,0,0,0,0,0,0,0,0,0,0,0,0,2,2,0,0,0,2,0,0,0,0,0,0,2,0,0,NA,0,0,2,2,0,0,0,0,2,0,0,0,2,0,2,2,0,0,2,2,0,0,0,0,2,2,0,2,2,0,2,0,0,0,0,0,2,0,2,0,0,0,NA,0,0,0,2,0,2,0,0,0,0,0,0,0,2,0,2,2,0,2,2,2,2,0,0,0,0,0,0,2,0,2,0,0,0,0,0,0,2,0,0,0,0,0,0,0,0,0,0,0,0,2,0,0,0,2,2,0,0,2,0,0,0,0,0,0,0,0,0,0,0,0,0,0,0,0,0,0,0,0,2,2,2,0,0,0,0,0,0,0,0,0,0,0,2,0,0,2,0,0,0,0,0,0,0,0,0,0,0,0,0,0,0,2,0,0,2,0,0,0,0,0,0,0,0,0,0,0,0,0,0,0,0,0,0,0,2,0,0,0,0,2,0,0,0,0,0,0,0,0,0,0,0,0,0,0,2,0,0,0,0,0,2,0,0,0,2,0,0,0,0,0,0,0,0,2,0,2,0,0,0,0,0,0,2,2,0,0,2,0,2,0,0,0,0,0,0,0,0,0,2,2,0,0,0,0,0,0,2,0,2,2,0,0,0,0,2,0,0,0,0,0,2,0,0,0,0,0,0,0,0,0,0,0,0,0,0,0,0,0,0,0,0,2,2,0,0,0,2,0,2,2,2,0,0,0,0,2,0,0,2,0,0,0,0,0,2,0,2,0,0,0,2,2,0,0,0,2,0,2,0,0,0,0,0,0,0,0,0,0,0,0,0,0,0,2,0,0,0,0,2,0,0,0,0,0,0,0,0,0,2,0,2,2,2,0,0,0,0,0,2,0,0,0,0,2,0,2,0,0,0,0,2,0,0,0,0,0,0,0,0,0,0,0,0,2,0,0,0,2,0,2,2,0,0,0,0,0,0,0,0,0,0,0,0,0,0,2,0,0,0,0,0,2,0,0,0,2,0,0,2,2,NA,0,2,0,0,0,2,0,2,0,0,0,0,2,0,0,0,0,0,0,0,0,0,0,0,2,2,0,0,0,0,0,2,0,0,0,0,0,0,0,0,2,0,0,0,0,0,0,0,0,0,2,NA,0,0,0,2,0,0,0,0,0,0,0,0,0,0,0,0,0,2,2,NA,2,0,0,0,0,0,0,0,0,0,0,0,0,0,0,0,2,0,0,0,0,0,0,0,0,0,0,0,0,0,0,0,2,0,0,0,0,0,2,0,0,0,0,2,0,0,0,2,0,0,0,0,0,2,0,0,0,0,2,0,0,0,0,0,0,0,2,0,0,0,0,0,0,2,2,0,2,0,0,2,0,0,0,0,2,NA,2,0,0,0,2,0,2,0,0,0,2,0,0,0,0,2,0,2,0,0,0,0,0,0,2,0,0,2,0,0,0,0,0,0,0,0,0,0,0,0,2,2,0,2,0,0,0,0,0,0,0,0,0,2,0,0,0,2,0,0,0,0,0,0,2,0,0,0,2,2,2,0,0,0,0,0,0,0,0,2,2,0,0,2,0,0,0,0,0,0,0,0,0,0,0,0,2,0,2,0,2,2,0,0,2,0,0,0,0,0,0,0,0,0,0,0,0,2,0,0,0,0,0,0,0,2,0,0,0,0,0,0,0,0,0,0,0,0,0,0,0,0,0,0,0,0,0,0,2,0,0,0,0,0,0,2,0,0,0,0,0,0,0,0,0,0,0,0,0,0,0,0,0,0,2,0,0,0,0,0,2,0,0,0,0,0,0,0,2,0,2,0,2,0,0,0,0,0,0,0,0,2,0,0,0,0,2,2,0,0,0,0,2,0,2,0,0,0,0,0,0,2,0,0,0,0,0,2,0,0,0,0,0,2,0,0,0,0,0,2,2,0,0,0,2,0,2,0,0,2,0,0,0,2,0,2,2,0,NA,0,0,0,2,2,0,2,0,2,0,0,2,0,0,0,2,0,0,2,0,0,2,0,0,0,0,0,0,0,0,2,0,0,0,0,0,0,0,0,2,2,0,0,0,2,0,0,2,0,2,0,2,2,2,0,0,0,0,0,0,0,0,0,0,0,0,0,0,0,0,0,0,2,0,0,0,0,0,2,0,2,0,0,0,2,0,0,0,0,0,0,2,0,0,0,0,0,0,2,0,0,0,0,0,0,2,2,2,0,0,0,0,0,0,NA,2,0,0,0,2,2,0,2,0,0,2,0,0,0,0,0,0,0,2,0,0,0,0,0,0,0,0,0,0,0,0,2,0,2,0,0,0,0,0,2,0,0,2,0,2,0,0,2,0,0,0,0,0,2,0,0,2,0,0,0,0,0,0,0,0,0,0,0,0,0,2,2,0,0,2,0,0,2,0,0,0,0,0,0,0,0,0,2,0,0,0,2,0,0,2,0,0,0,0,0,0,NA,0,0,0,0,0,2,0,0,0,0,0,0,0,0,0,0,0,0,0,0,0,0,0,0,0,0,0,0,0,0,0,0,0,2,0,0,0,0,2,2,0,0,0,2,0,0,0,0,2,0,2,2,0,0,0,0,0,0,0,0,0,0,0,2,0,0,2,0,2,0,0,0,0,2,2,2,2,0,0,0,0,0,0,0,0,0,2,0,0,0,0,0,0,0,0,0,0,0,2,0,0,0,0,2,2,0,0,0,0,2,0,0,0,0,0,0,0,0,2,0,2,0,0,0,2,0,2,0,0,0,0,0,0,2,0,2,0,0,0,2,2,0,2,0,0,0,0,2,0,2,0,0,2,0,2,2,0,2,0,0,2,0,0,0,0,0,0,0,0,0,2,2,0,0,2,0,2,0,0,0,0,0,0,2,2,0,0,0,0,0,0,0,0,0,0,0,0,2,2,0,0,0,0,2,0,0,0,0,0,0,0,0,0,0,0,0,0,0,0,0,0,0,0,0,0,0,0,2,0,0,2,0,0,2,0,0,0,2,0,0,0,0,0,0,2,0,0,2,0,0,0,0,2,0,2,2,0,0,0,2,0,0,0,0,2,0,2,0,0,0,0,0,2,2,0,0,0,0,0,0,0,0,2,0,0,0,0,0,0,0,0,0,0,0,0,0,0,2,2,2,0,0,0,2,0,0,2,2,0,0,0,0,0,0,0,0,0,2,0,0,2,0,0,0,0,0,0,2,0,0,0,2,2,0,0,2,2,0,2,0,0,2,0,0,2,0,0,0,0,0,0,0,0,2,0,0,2,0,2,0,0,2,2,0,0,0,0,0,0,0,2,2,0,2,0,0,0,0,0,0,2,0,0,2,0,0,0,0,0,0,0,0,2,2,0,0,2,0,0,0,0,0,0,0,0,2,0,0,0,0,0,0,0,2,2,0,0,0,0,0,0,0,0,2,0,0,0,0,0,0,0,0,0,0,0,0,0,0,2,2,2,0,0,0,0,0,2,0,0,2,2,0,0,0,2,2,2,2,0,0,0,0,0,2,0,0,2,2,0,0,0,2,0,0,0,0,2,0,0,0,0,2,2,2,0,0,0,2,0,2,0,2,0,0,0,0,0,0,0,0,2,0,0,0,2,0,0,0,0,2,0,0,0,0,0,0,2,0,0,0,0,0,0,0,2,0,0,0,0,0,0,2,0,0,0,0,0,0,2,2,0,2,2,2,2,0,0,2,2,0,0,2,2,0,0,0,2,0,0,0,0,2,0,0,0,0,0,0,2,0,0,0,0,0,2,0,2,0,0,0,0,2,2,2,2,2,0,2,0,0,0,2,0,0,0,2,0,2,2,0,2,0,2,0,0,0,2,2,0,0,2,0,0,2,2,0,2,0,2,0,0,0,2,2,0,0,0,0,2,2,0,0,0,0,0,0,0,2,0,0,0,0,0,0,0,0,0,2,0,0,0,0,0,0,0,2,0,0,0,0,0,2,0,0,0,0,0,0,0,2,0,0,0,0,2,0,2,2,2,0,0,0,0,2,0,2,2,0,0,0,2,0,0,2,2,0,0,0,0,0,NA,0,0,0,2,0,0,2,0,2,0,2,0,0,0,0,0,0,0,0,0,2,2,0,2,0,0,2,0,0,0,0,0,2,0,0,0,0,2,0,0,0,0,0,2,0,0,0,0,2,0,2,0,0,0,2,0,2,2,0,2,2,2,2,2,2,0,0,2,2,0,0,2,0,0,0,2,0,2,2,0,0,2,0,2,0,0,0,2,2,2,0,0,0,2,0,0,2,0,0,0,0,0,0,0,0,0,0,2,0,0,2,0,0,0,2,0,0,0,0,2,2,0,0,0,2,0,0,0,0,2,0,0,0,0,0,0,0,0,2,0,0,0,0,0,2,0,0,2,0,0,0,2,0,2,0,2,0,0,2,2,0,0,0,0,0,2,0,0,0,2,0,2,2,0,0,0,0,0,0,0,0,2,0,0,0,0,0,0,0,0,0,0,0,0,0,2,0,0,0,0,0,0,0,0,0,2,0,0,0,0,0,0,0,2,0,0,0,0,2,2,0,2,0,0,2,2,0,2,0,2,0,0,0,2,2,0,0,0,0,0,0,2,0,2,2,2,0,0,2,0,0,0,0,2,2,2,0,0,0,0,2,0,2,0,0,0,2,2,2,0,0,2,2,0,0,2,NA,0,2,0,2,2,2,0,0,2,2,0,2,0,0,2,0,0,0,0,0,0,2,0,0,2,0,0,0,0,0,0,2,0,0,0,0,0,0,0,0,0,0,0,0,0,0,0,0,0,0,2,2,2,0,0,2,0,0,0,0,0,0,0,0,0,0,0,0,0,2,2,0,0,0,2,0,0,0,0,2,0,0,0,0,0,0,0,2,0,2,0,0,2,0,2,0,0,0,0,0,0,0,0,2,0,2,0,0,0,0,0,2,0,0,0,0,0,0,0,2,0,0,0,0,2,0,0,0,2,0,0,0,0,0,0,0,2,0,2,0,0,2,0,0,0,0,0,0,0,0,0,2,0,0,2,0,0,2,0,0,0,0,0,0,0,0,0,0,0,0,0,0,2,0,2,2,2,0,2,2,0,0,0,0,0,2,0,0,0,0,0,0,2,2,2,0,0,0,0,0,0,2,2,0,0,0,0,0,0,0,2,2,0,0,0,0,0,0,0,0,0,0,0,2,0,0,0,0,0,0,0,0,0,0,0,2,0,0,0,0,0,0,0,2,0,0,0,0,0,0,0,0,0,0,0,0,0,0,0,0,0,2,0,0,0,0,0,0,0,0,0,0,0,0,0,0,0,0,0,0,0,0,0,0,0,0,0,0,0,0,0,0,0,0,0,0,0,0,0,0,0,0,0,0,0,0,0,0,0,2,0,2,0,0,0,0,0,0,0,2,0,0,0,0,2,2,0,0,2,0,0,0,0,0,0,0,0,0,0,2,2,0,0,2,0,0,2,2,0,0,0,0,0,0,2,0,0,0,0,0,0,0,0,0,0,0,0,0,0,0,0,0,0,0,0,0,0,0,0,0,0,0,2,0,0,0,0,2,0,0,0,0,0,0,0,0,0,0,0,0,0,0,2,0,0,0,0,0,0,0,0,0,0,0,0,0,0,0,0,0,2,0,0,0,0,0,2,2,0,2,0,2,0,0,2,0,0,0,2,0,0,0,0,0,2,0,0,0,0,0,0,0,2,NA,0,0,2,0,0,0,0,2,0,0,0,0,0,0,0,0,0,0,2,0,0,0,0,2,0,0,0,0,0,0,2,2,0,0,0,2,0,0,0,0,0,2,0,0,2,0,0,2,0,0,0,0,0,2,0,2,0,0,0,2,0,0,2,0,2,0,0,0,0,2,0,0,0,0,2,0,0,0,0,0,0,0,0,2,0,2,0,0,0,0,2,0,2,2,2,0,2,2,0,0,0,0,0,0,0,0,0,2,0,0,0,0,2,0,0,0,2,0,0,0,2,0,0,2,0,0,0,0,2,0,0,0,0,0,0,2,0,0,0,0,0,2,0,0,0,0,0,2,0,0,2,0,0,2,0,0,0,0,0,2,0,0,0,0,0,2,0,0,0,0,0,0,0,0,0,0,2,2,2,2,0,2,0,0,0,0,0,0,2,0,0,0,0,0,0,0,0,0,0,0,0,0,0,0,0,0,0,0,0,0,0,2,2,0,0,0,0,0,0,0,0,0,0,0,2,0,0,0,0,0,0,0,0,2,2,0,0,0,0,0,0,0,2,2,2,0,0,2,0,2,0,0,2,0,2,0,0,0,0,0,0,0,0,0,0,0,0,0,0,0,0,0,0,0,0,0,2,0,0,0,0,0,0,0,0,0,0,0,2,2,0,0,0,0,0,0,0,0,0,0,0,2,0,0,0,0,0,2,2,0,0,2,2,2,0,0,0,0,0,0,0,2,0,0,2,0,2,2,2,0,0,0,0,0,NA,2,0,0,0,0,2,0,0,0,0,0,0,2,0,0,2,0,0,0,0,2,0,0,0,0,2,2,0,2,0,0,2,0,2,0,0,0,0,0,0,0,2,0,0,2,0,0,2,0,0,0,0,2,0,2,2,0,0,0,2,0,0,0,0,0,0,0,0,0,0,2,2,0,0,0,0,0,0,0,0,0,0,0,0,0,0,0,0,0,0,2,0,0,0,2,0,0,0,0,0,2,2,0,0,2,0,0,0,2,0,2,0,0,0,2,2,0,2,2,0,0,0,0,0,2,2,2,0,2,2,2,2,0,0,2,0,0,0,0,0,2,0,0,0,0,0,0,0,2,0,0,0,2,0,2,0,0,NA,0,0,0,0,2,0,0,0,2,0,0,2,2,2,0,2,0,0,2,0,2,0,0,2,0,2,2,0,2,0,2,0,0,0,2,2,2,2,0,0,0,0,2,0,2,0,0,0,0,2,2,2,0,0,0,2,0,2,0,0,2,0,0,0,2,0,0,2,0,0,2,0,0,2,0,2,2,0,0,0,0,0,0,2,0,0,2,0,0,0,2,0,0,2,0,2,0,0,2,0,0,0,0,2,2,0,0,0,0,0,0,0,2,0,0,2,0,2,0,0,0,NA,2,0,2,0,2,2,0,0,0,0,0,2,2,2,0,0,2,0,0,2,0,0,2,0,2,0,0,2,0,0,0,0,2,0,0,0,0,0,0,2,0,0,0,0,0,0,0,0,2,0,0,0,0,0,2,0,2,2,2,0,0,0,0,2,0,0,2,0,2,0,0,0,0,NA,0,0,2,2,0,0,2,NA,0,0,0,2,2,2,2,2,0,2,0,2,0,0,0,0,0,0,0,0,0,2,0,0,0,0,0,0,0,0,0,0,0,2,0,2,2,0,0,0,0,2,0,0,0,0,0,0,0,0,0,2,2,0,2,0,0,0,0,0,0,0,2,0,0,2,2,0,2,2,0,2,0,2,2,0,2,2,0,0,2,0,2,0,0,0,2,0,2,0,0,0,2,0,2,NA,2,0,2,0,0,0,0,0,2,0,0,0,0,2,0,2,0,0,2,0,0,0,0,0,0,0,0,0,0,0,2,0,2,2,0,0,0,0,0,0,0,0,2,0,2,0,2,2,0,0,0,0,2,0,0,0,0,0,0,2,0,0,0,0,2,0,0,0,0,0,0,0,0,0,2,2,2,0,2,0,0,0,0,0,0,0,0,2,2,0,2,0,0,0,2,2,0,0,0,0,2,0,0,0,0,0,0,2,0,2,0,0,0,0,0,0,0,0,2,0,0,0,0,2,0,2,0,2,0,0,0,2,0,2,0,2,2,0,0,0,0,0,2,0,2,0,2,2,0,0,0,0,0,0,0,0,0,0,0,0,0,2,2,0,0,0,0,0,0,0,0,0,0,2,2,0,0,2,0,0,0,NA,0,0,0,0,2,0,0,0,0,2,2,2,2,0,0,0,0,2,0,0,0,0,2,0,0,0,0,0,0,0,0,0,0,0,2,0,0,0,0,0,0,0,0,2,2,0,0,0,0,0,0,0,0,2,2,2,0,0,0,0,2,0,0,0,2,0,0,0,0,0,2,0,0,0,2,2,0,0,0,0,0,2,0,0,0,0,0,0,0,0,2,0,0,0,0,2,0,0,0,2,0,0,0,0,2,2,0,2,0,0,0,0,2,0,0,0,0,0,0,0,0,0,0,2,2,2,2,0,0,0,0,2,2,0,0,2,2,0,0,0,0,0,0,0,2,0,0,2,0,0,0,2,2,2,0,NA,2,2,0,0,0,0,2,0,2,0,0,0,0,2,2,0,0,0,0,2,2,2,2,2,0,0,0,0,0,0,2,0,0,0,0,0,0,2,2,2,0,0,0,0,0,0,0,0,0,0,0,0,2,0,0,0,2,0,2,0,0,0,0,0,0,2,0,0,0,0,0,2,0,2,2,0,0,2,2,0,0,0,0,2,0,0,0,0,0,0,0,0,2,0,0,0,2,2,0,0,0,0,0,0,0,0,0,0,0,2,0,0,0,2,0,2,0,0,0,0,2,0,2,2,0,2,0,0,0,0,2,0,0,0,0,0,0,2,0,0,0,2,0,2,0,NA,0,0,0,0,0,0,0,0,0,0,0,0,0,2,0,0,0,0,0,0,0,0,2,0,0,0,0,0,0,0,0,0,0,2,0,2,0,2,0,0,0,2,0,2,0,0,0,2,0,0,0,0,0,0,2,0,0,0,0,2,0,2,0,0,0,0,0,2,0,0,0,0,0,0,0,0,0,0,0,0,0,0,0,0,0,0,0,0,0,0,0,0,2,0,0,0,0,0,0,0,0,0,0,0,0,0,0,0,0,0,0,2,0,0,0,0,0,0,0,0,0,0,0,2,2,0,2,2,0,0,0,0,0,0,0,0,2,0,2,0,0,0,0,0,0,2,0,2,0,0,0,2,0,0,0,0,0
"CC266",0,0,0,2,NA,0,0,0,0,0,0,0,0,0,0,0,0,0,0,0,0,0,0,2,2,0,0,0,0,0,0,0,0,0,0,0,0,0,0,2,0,0,0,0,0,0,0,0,0,0,0,0,0,0,0,2,0,0,0,0,0,0,0,0,2,0,0,0,0,0,0,2,2,0,0,0,0,0,0,0,0,0,0,0,0,0,2,2,0,0,0,0,0,0,0,2,0,0,2,0,0,0,0,2,0,2,2,0,0,0,2,0,0,0,0,0,0,0,0,0,0,0,0,0,0,2,0,2,0,0,0,0,0,2,0,0,0,0,2,0,0,0,2,0,2,0,0,2,0,0,2,2,0,0,2,0,0,0,2,0,0,0,0,0,0,0,0,0,2,0,0,0,2,0,0,0,0,0,0,0,0,0,2,0,2,0,0,0,0,2,0,0,2,0,0,0,0,0,0,2,0,0,2,0,0,0,0,0,0,0,0,0,2,0,0,0,0,0,2,0,2,0,0,0,0,0,0,2,0,0,0,0,0,0,0,0,0,0,0,0,2,0,2,0,0,2,0,0,0,0,0,0,0,2,0,0,2,2,0,0,0,0,0,0,2,0,0,0,0,0,0,0,0,2,0,2,0,0,0,0,0,0,0,0,0,0,0,2,0,0,0,0,0,0,0,0,0,0,0,0,0,2,0,0,0,0,2,0,2,0,0,2,0,0,0,0,0,0,0,0,0,0,2,0,0,2,0,2,2,0,2,0,0,2,2,2,2,2,0,0,2,2,0,0,0,2,2,0,2,2,0,0,0,0,0,2,0,0,0,0,0,0,0,0,0,2,0,0,0,0,0,2,0,2,2,0,0,0,0,0,2,0,0,0,0,0,0,2,2,0,0,0,2,2,2,2,2,0,0,0,0,0,0,2,0,2,0,0,0,2,0,0,0,0,2,0,0,0,0,NA,2,2,0,0,0,0,0,0,2,0,0,0,0,0,0,0,0,0,0,0,2,0,0,0,0,0,0,2,2,0,0,0,0,0,2,2,0,0,0,0,0,0,0,0,0,0,0,0,0,0,0,0,2,0,0,0,0,0,0,0,0,0,0,0,0,0,2,0,2,2,0,0,0,0,0,0,0,0,0,2,0,0,0,0,0,0,0,0,0,0,0,2,2,0,0,0,0,0,0,2,2,0,0,0,0,0,0,0,0,0,0,0,0,2,0,0,0,0,0,0,0,0,0,2,2,0,0,0,0,0,0,0,0,0,0,0,0,0,2,0,0,0,0,0,0,0,0,0,0,0,0,0,0,0,0,0,0,0,0,0,2,0,0,0,0,0,0,0,0,2,0,2,0,0,0,2,0,2,0,2,0,0,0,2,0,0,0,0,0,0,2,0,0,0,0,0,0,0,2,0,0,0,0,0,2,0,0,2,0,NA,0,2,0,0,0,0,2,2,2,0,0,2,2,0,0,0,0,2,2,0,2,2,0,2,2,2,2,2,0,2,0,2,0,0,0,0,0,0,0,0,0,2,0,0,2,0,0,2,2,0,0,0,0,0,0,0,0,0,0,0,2,0,0,0,0,0,2,0,0,0,2,2,0,0,0,0,0,2,0,0,0,2,2,0,0,0,2,0,0,0,NA,2,0,0,0,0,2,2,0,2,0,0,0,0,0,2,0,0,0,0,0,0,0,0,2,0,0,2,0,2,0,0,0,2,2,0,0,0,2,0,0,0,0,0,0,2,0,0,0,2,2,2,0,2,0,0,0,2,0,0,0,0,0,0,0,0,0,0,0,2,0,0,0,0,0,2,2,0,0,0,2,0,0,2,0,0,0,0,0,0,0,0,2,0,2,0,2,0,NA,2,0,0,0,0,0,0,2,0,0,0,2,2,0,0,0,0,2,0,0,0,0,0,0,0,0,0,0,2,0,2,0,2,0,0,0,0,0,0,2,0,0,0,2,0,0,0,0,0,0,0,2,0,0,0,2,0,0,0,2,0,0,2,0,0,0,0,0,0,2,2,0,0,0,0,0,0,0,0,2,0,0,0,0,0,2,0,2,0,0,0,0,0,2,0,0,0,0,0,0,0,0,0,0,0,0,0,0,0,0,0,0,0,0,0,0,0,0,0,0,2,0,2,0,0,0,0,0,0,0,0,2,0,0,0,0,0,2,0,2,0,0,0,0,0,0,0,0,0,0,0,2,0,0,0,0,0,0,2,0,0,2,0,0,0,2,0,0,0,0,0,0,0,0,0,0,0,0,2,0,0,0,2,0,0,0,0,0,0,2,0,2,0,0,0,2,2,0,0,2,2,0,0,0,0,0,0,0,0,0,0,0,0,0,0,0,0,0,0,0,0,0,0,0,0,0,0,0,0,2,0,0,0,0,0,0,0,0,0,0,2,0,0,2,0,0,0,0,0,0,0,2,0,0,0,0,2,0,0,0,0,2,0,0,0,0,0,2,0,0,0,0,0,0,0,0,2,0,2,0,0,0,0,0,0,0,0,0,2,2,0,2,0,0,0,0,2,0,0,0,2,0,2,2,2,0,0,0,0,0,0,2,0,2,2,0,0,0,2,0,0,0,2,2,0,2,0,0,0,2,2,0,0,0,0,0,0,0,0,0,2,2,2,0,0,0,0,0,0,2,0,0,0,0,0,0,2,0,0,0,0,0,0,0,0,0,0,0,0,2,0,0,0,0,0,0,0,0,0,0,0,0,0,0,0,0,0,0,0,0,0,0,0,0,0,0,0,0,0,0,2,2,0,0,0,0,0,0,2,0,0,0,NA,0,0,0,0,0,0,0,2,2,2,0,0,0,0,2,0,0,0,0,0,0,0,2,2,0,0,0,2,0,0,0,0,0,2,0,0,0,NA,0,0,2,0,0,0,0,0,0,0,0,0,2,0,0,2,0,0,0,2,0,2,0,0,0,0,0,0,0,0,0,0,0,0,2,0,2,0,0,0,0,0,0,0,0,0,2,0,0,0,0,0,2,0,0,0,2,0,0,0,0,0,0,0,0,0,0,0,0,2,0,0,0,0,0,0,0,0,0,0,NA,0,0,0,2,2,2,0,0,0,0,0,0,0,0,0,0,0,2,0,0,0,0,0,0,0,2,0,2,0,0,0,0,2,0,0,0,0,0,0,0,0,0,0,0,0,0,0,0,2,0,0,0,0,0,0,0,0,0,0,2,0,0,0,2,0,0,2,2,0,0,0,0,0,0,0,2,2,0,0,0,0,0,0,0,2,0,0,0,0,0,0,2,0,0,0,0,0,0,0,0,0,2,2,0,2,0,0,0,2,0,0,0,0,2,2,0,0,0,2,0,0,0,0,2,2,0,0,2,0,0,0,0,2,0,2,0,0,0,0,0,2,2,0,2,0,0,0,2,0,0,0,0,0,0,0,2,2,0,0,0,0,0,2,0,0,0,2,0,0,2,0,2,0,0,2,0,0,2,0,0,0,0,0,0,0,0,0,0,0,0,0,0,0,0,0,0,0,0,0,0,0,0,0,0,0,0,0,0,2,2,0,0,0,2,0,2,2,0,2,0,0,0,0,0,0,0,0,2,0,2,0,0,0,2,2,0,0,0,0,0,2,0,0,0,0,0,2,0,0,0,0,0,0,0,0,2,2,0,0,0,0,2,0,0,0,0,0,0,0,0,2,2,0,0,0,0,0,0,0,0,2,2,0,0,0,0,0,2,0,0,0,0,0,2,0,NA,0,0,0,2,0,0,0,0,2,0,0,0,2,0,0,0,2,2,0,0,0,0,0,0,0,0,0,0,0,2,0,2,2,0,0,0,0,0,2,0,0,0,2,0,0,0,0,0,0,2,0,0,0,0,0,0,0,0,0,0,2,0,0,2,0,2,0,0,0,2,2,2,2,2,0,0,0,0,0,0,0,0,0,0,2,2,2,0,2,0,0,0,2,0,0,0,0,2,2,0,2,2,0,0,0,0,2,2,0,0,0,0,0,0,0,2,2,0,0,2,0,0,0,0,0,0,2,2,0,0,0,0,0,0,0,0,2,0,0,0,0,2,0,0,2,2,2,0,2,0,0,0,0,0,0,2,2,2,NA,2,0,2,0,2,0,2,2,0,0,0,0,2,0,0,0,0,0,0,0,0,0,0,0,2,0,0,0,0,0,0,0,2,0,0,0,0,2,0,0,0,0,0,0,0,2,0,2,0,0,2,0,0,0,0,0,0,0,0,0,0,0,0,0,0,0,0,0,0,0,2,0,0,0,2,2,0,0,0,0,0,0,0,0,0,0,0,2,0,0,2,0,0,0,0,0,0,0,0,0,0,0,0,0,0,0,2,0,0,0,0,0,2,0,0,0,0,2,0,0,0,0,0,0,0,0,2,0,0,0,2,0,0,0,0,0,0,0,0,0,0,0,0,2,0,0,0,2,2,0,0,0,2,0,0,0,0,0,0,0,0,0,0,0,2,0,0,0,0,2,0,0,0,0,0,0,0,0,0,0,0,0,2,0,0,0,0,0,0,0,0,0,0,0,0,0,0,0,0,0,0,0,0,0,0,0,0,0,0,0,0,0,0,2,2,0,0,0,0,0,2,0,0,0,0,0,0,2,0,0,0,0,0,0,0,2,0,0,0,2,0,0,0,0,0,0,0,0,0,0,0,0,0,0,2,0,0,0,0,2,2,0,0,2,0,0,0,2,2,0,0,0,0,0,0,0,0,0,0,0,2,0,0,0,0,0,2,2,0,0,0,2,0,2,0,0,0,0,0,NA,2,0,2,0,0,NA,0,0,0,2,2,0,0,2,2,0,2,0,0,0,0,2,2,2,2,0,0,0,0,0,0,0,0,0,2,0,2,2,0,0,0,0,0,0,0,2,2,0,0,0,0,0,0,0,0,0,2,2,2,2,0,0,0,0,0,0,0,0,2,0,2,0,0,0,0,0,0,0,2,0,0,0,0,2,0,0,2,0,0,0,2,0,2,0,2,0,0,2,0,0,2,0,2,0,0,0,0,2,0,2,0,0,0,2,0,0,0,0,0,0,0,2,0,2,0,2,2,0,2,0,0,0,0,0,0,0,0,0,0,2,0,0,0,0,0,0,0,0,0,2,0,0,0,0,0,0,0,0,0,0,0,0,2,2,0,2,0,0,2,0,0,0,0,0,0,0,2,2,0,0,0,0,0,0,0,0,0,0,0,0,0,0,2,0,0,0,0,0,2,0,0,0,0,0,0,0,0,0,2,0,0,0,2,2,0,0,0,0,0,0,0,0,0,0,0,0,0,0,0,0,0,0,0,0,0,0,0,0,0,0,0,0,0,0,0,0,0,0,0,0,0,0,0,0,0,0,0,0,0,0,0,0,0,0,0,0,2,0,0,0,0,0,0,0,0,0,2,0,0,0,0,0,0,0,0,0,2,0,0,0,0,2,0,0,2,0,2,0,2,2,2,0,0,0,2,0,0,0,0,2,0,0,0,0,0,0,0,0,2,0,0,0,2,0,0,2,0,2,0,2,0,0,2,0,0,2,0,2,0,0,0,0,0,0,2,0,0,2,0,2,0,2,0,0,0,0,0,2,2,0,0,2,0,2,0,2,0,0,0,0,2,0,0,2,0,2,0,0,0,0,0,0,0,0,2,0,0,0,0,0,0,0,2,0,0,0,2,0,0,2,0,0,0,0,0,0,0,2,0,0,0,0,0,0,0,0,0,0,0,0,2,2,2,0,0,0,2,0,0,0,0,0,0,0,0,0,0,0,0,0,0,0,0,0,0,2,2,0,0,0,0,2,0,0,0,2,0,0,0,0,0,0,0,0,0,0,0,0,0,0,2,0,2,0,0,0,0,0,2,0,2,0,2,0,0,0,0,0,0,0,2,0,0,0,0,2,2,0,0,0,0,0,0,0,2,2,0,0,2,0,0,0,0,0,0,0,2,0,0,0,0,0,0,0,0,2,2,0,0,2,0,0,0,0,0,0,0,0,0,0,0,0,0,2,0,2,0,2,0,2,2,2,0,0,0,0,0,0,0,2,0,2,0,0,2,0,0,2,0,0,0,0,0,0,0,0,2,0,0,0,0,2,0,2,2,2,2,0,0,0,0,0,0,2,0,0,2,0,0,0,0,0,2,2,2,2,2,0,0,0,0,0,2,0,0,0,2,0,0,0,0,0,0,0,0,2,0,0,0,0,0,0,0,0,0,0,0,2,0,0,2,0,0,0,0,0,2,0,0,0,0,0,0,0,0,0,0,0,0,0,0,0,0,0,0,0,0,0,0,0,0,0,0,0,0,0,0,0,2,0,0,0,0,0,0,0,0,0,0,0,2,2,0,0,0,0,0,0,0,2,0,2,0,0,0,2,2,2,0,0,0,0,0,0,0,0,2,0,2,0,0,0,0,2,0,0,0,2,0,0,0,0,0,0,0,0,0,0,0,0,0,0,0,0,0,0,0,0,2,0,0,2,0,2,2,0,2,0,2,0,0,2,0,0,0,2,0,2,0,0,0,0,0,0,2,2,0,0,0,2,0,0,0,0,0,0,0,0,0,0,0,0,0,2,0,0,2,0,0,0,0,0,0,0,0,0,0,0,0,0,0,0,0,0,0,0,0,0,2,0,2,2,2,0,0,0,0,0,0,0,2,0,0,2,0,0,0,2,0,2,0,2,0,0,0,0,0,0,0,0,0,2,2,0,0,0,2,0,0,0,0,0,0,0,0,0,0,0,0,0,0,0,2,0,0,0,0,0,0,0,0,0,0,0,0,0,0,0,0,2,0,0,2,0,2,0,0,0,0,0,0,0,0,0,0,NA,2,0,2,0,0,0,0,2,0,0,0,0,0,0,2,2,0,0,0,0,0,0,0,0,0,0,0,0,0,0,0,0,0,2,2,0,0,0,0,0,0,0,0,0,0,0,0,0,0,0,0,0,0,0,0,0,0,0,0,0,0,2,0,0,0,0,2,0,0,0,0,0,0,0,0,0,0,0,0,0,0,0,0,0,2,0,0,0,0,0,2,0,2,0,0,0,0,0,0,0,0,0,0,0,0,2,2,2,0,0,0,2,0,0,2,0,0,0,0,0,0,0,0,2,0,0,0,0,0,0,0,0,0,0,0,0,2,2,2,0,0,0,0,0,0,0,0,0,0,0,0,0,0,0,0,0,0,0,0,0,0,0,0,0,0,0,0,0,0,2,0,2,0,0,0,0,0,2,0,0,0,0,0,0,0,2,0,0,0,0,0,0,0,0,0,0,0,0,0,0,0,0,0,0,0,0,0,0,0,0,0,0,0,0,0,0,2,0,0,0,0,0,0,0,0,0,0,0,0,0,0,2,0,0,0,0,0,0,0,0,0,0,0,0,0,0,0,2,0,0,0,2,2,0,0,0,0,0,0,0,2,2,0,0,0,0,2,0,0,0,0,2,2,2,0,0,0,0,2,0,0,0,0,0,2,2,0,2,0,2,0,0,0,2,0,0,0,0,2,0,0,0,0,0,2,0,0,0,0,2,0,0,0,0,0,0,0,0,0,2,0,0,0,0,0,0,2,0,0,0,0,0,0,0,0,0,0,2,0,2,0,0,0,0,0,0,0,0,0,0,2,0,0,0,0,0,0,0,0,0,0,0,0,0,0,0,0,0,0,0,0,0,0,0,0,0,0,0,0,0,0,0,2,0,0,0,0,2,0,0,0,0,0,0,0,0,0,0,2,0,0,0,0,0,0,0,0,0,0,0,0,0,0,0,2,0,0,0,0,0,0,0,2,0,0,0,0,0,0,0,0,0,0,0,0,0,2,0,0,0,0,0,0,0,0,0,0,0,0,2,0,0,0,0,0,0,0,0,0,0,0,0,0,0,0,0,0,0,0,0,0,2,0,0,2,0,0,0,0,0,0,0,0,0,0,0,0,0,2,0,0,0,0,0,0,0,0,0,0,0,0,0,0,0,0,0,2,0,0,0,0,0,0,0,0,0,0,0,0,0,2,2,0,0,0,0,0,0,0,0,0,0,0,0,0,0,0,0,0,0,0,0,0,0,0,0,0,0,0,0,0,0,0,0,0,0,2,0,0,0,0,0,0,0,0,0,0,0,0,0,0,0,0,0,0,0,0,0,0,0,0,0,0,0,0,0,0,0,0,0,0,0,0,0,0,0,0,0,0,0,0,0,0,0,0,0,2,0,0,0,0,0,2,0,0,0,0,0,0,0,2,2,0,2,0,0,0,0,0,0,2,0,0,0,2,0,0,0,2,0,0,0,0,0,0,0,0,0,0,2,0,0,0,0,0,0,0,0,0,0,0,0,0,0,0,0,0,0,0,0,0,0,0,0,0,0,0,2,0,0,0,0,2,0,0,0,0,0,0,0,0,0,0,0,2,0,0,0,2,2,0,0,0,0,0,0,0,0,0,0,2,0,0,0,0,2,0,0,0,0,0,2,2,0,2,0,2,0,0,2,0,0,0,2,2,0,0,0,0,2,2,0,0,0,2,0,0,0,0,0,2,0,0,0,0,0,2,0,2,0,0,0,0,0,2,0,0,0,0,2,0,0,2,0,0,0,0,0,0,0,2,0,0,0,2,0,0,0,2,0,0,0,0,0,0,0,0,0,0,0,0,0,2,0,2,0,0,0,2,0,2,0,0,2,0,0,0,0,2,2,2,2,0,2,0,0,0,0,0,0,0,2,0,0,2,0,0,0,0,0,2,0,0,2,0,0,0,0,0,0,0,0,0,0,0,0,0,0,0,0,0,0,0,0,0,0,0,0,2,0,0,0,2,0,0,0,0,0,0,0,0,0,0,0,0,0,0,0,0,0,0,0,0,0,0,0,0,0,2,2,0,2,0,0,0,0,0,0,0,0,0,0,0,0,0,0,0,0,0,0,0,0,0,0,0,0,0,0,0,0,0,2,0,0,0,2,0,0,0,2,0,NA,2,2,2,0,0,2,0,0,0,0,2,0,0,2,0,2,0,2,2,2,0,0,0,2,0,2,0,2,0,2,0,2,0,0,0,0,0,0,0,0,2,0,0,0,0,0,0,0,0,2,2,2,0,0,2,0,0,0,2,2,0,2,0,0,0,0,0,0,0,0,0,0,0,0,2,0,0,0,0,0,0,0,0,0,2,0,0,0,0,0,2,0,0,0,2,0,0,2,0,0,0,0,2,0,0,0,2,0,0,0,0,2,0,0,0,0,0,0,0,0,0,0,0,0,0,2,0,0,0,0,0,2,0,2,0,0,0,0,0,0,0,0,2,0,0,0,0,2,0,0,0,0,0,0,0,0,2,0,2,2,0,0,0,2,0,0,0,0,2,NA,0,0,0,0,0,2,0,0,0,0,0,0,0,2,2,0,0,0,0,0,0,0,0,0,0,0,2,2,2,0,0,0,0,0,2,0,0,0,0,0,2,0,2,0,0,2,2,0,0,0,2,0,0,0,2,0,0,0,0,0,0,0,0,0,0,0,0,0,0,0,0,0,2,2,0,0,2,0,2,2,0,2,2,0,0,0,0,0,0,0,0,0,0,2,0,0,2,2,0,0,0,0,0,0,0,0,2,0,0,0,0,0,0,2,0,0,0,0,0,0,0,0,0,0,0,0,0,0,0,NA,2,0,0,0,2,0,0,0,0,0,0,0,0,0,2,2,0,0,0,0,0,2,0,0,0,0,0,0,0,0,0,0,0,2,0,0,0,0,0,0,0,0,0,0,2,0,0,0,0,0,2,0,0,0,0,0,0,0,0,0,2,0,2,0,0,2,2,2,0,0,0,2,2,2,2,2,2,0,2,0,0,2,2,0,2,0,2,0,0,0,0,2,2,0,0,0,0,2,0,0,2,NA,2,0,0,0,0,0,2,0,0,0,0,2,2,0,0,0,2,0,2,2,0,0,0,2,0,0,0,2,0,0,0,0,0,0,2,2,0,0,0,0,2,2,2,2,2,0,0,0,0,0,0,0,2,0,0,0,0,2,0,0,0,0,0,0,0,2,0,2,0,0,0,0,2,2,0,0,2,2,0,0,0,0,0,0,2,0,2,0,0,0,2,0,0,NA,0,0,2,0,0,2,2,2,0,0,0,0,0,0,2,0,0,0,0,0,0,0,0,0,0,2,0,0,0,2,0,0,0,0,2,0,2,0,0,0,0,0,0,0,0,0,0,0,0,0,2,0,0,2,0,0,0,0,0,0,2,2,0,0,2,0,0,0,0,2,0,0,2,0,2,0,0,2,0,0,0,0,2,0,0,0,0,0,2,2,2,0,0,0,2,0,2,0,2,2,2,0,2,2,0,0,2,0,0,0,0,2,2,0,0,0,2,2,0,2,0,0,2,0,0,0,0,2,NA,0,0,0,0,0,2,0,2,0,0,0,2,0,2,0,0,0,0,0,2,0,2,2,0,2,0,0,2,0,0,0,0,0,0,2,0,2,2,0,0,2,0,0,0,0,0,0,0,0,2,0,2,0,2,0,0,2,0,2,0,0,0,0,0,0,0,0,0,0,0,0,0,0,0,0,2,0,0,0,0,0,0,2,0,0,0,0,0,2,0,0,2,0,0,0,0,0,0,0,0,0,0,2,0,2,2,0,2,0,0,0,0,2,2,0,0,0,2,0,2,0,0,0,NA,0,0,0,0,2,2,0,0,0,0,0,0,0,0,0,0,0,2,2,0,0,0,0,2,0,2,0,0,0,0,0,0,2,0,0,0,0,0,0,0,2,0,2,2,2,2,2,0,0,0,2,0,0,0,0,0,0,0,0,0,0,0,0,0,0,2,0,0,0,0,0,0,0,0,0,0,0,2,0,0,0,0,0,0,0,0,2,0,0,0,0,0,2,0,0,0,0,0,0,0,2,0,0,0,0,0,0,2,2,2,0,0,0,2,2,0,0,2,0,0,0,0,0,0,2,0,0,2,0,0,0,0,2,0,2,0,0,2,0,0,0,2,0,2,0,0,0,0,2,0,0,0,0,0,0,0,0,2,2,2,0,0,0,0,2,2,0,0,2,2,0,0,0,0,0,2,0,2,0,2,0,0,0,2,2,2,2,0,0,2,0,0,0,0,0,0,2,2,0,2,0,0,2,2,0,0,0,0,0,0,2,0,2,0,0,0,0,0,2,0,0,0,0,0,2,0,2,2,2,0,0,0,0,0,0,0,2,2,0,0,0,0,2,0,0,2,0,2,0,2,0,0,0,2,0,0,0,2,0,0,0,2,0,2,0,0,2,2,0,2,2,2,0,0,0,0,0,0,0,0,0,0,0,0,0,2,2,0,0,0,0,0,0,0,2,2,0,0,0,0,0,0,0,0,0,0,0,2,0,0,2,2,2,2,0,0,0,0,0,0,0,0,0,0,0,0,0,2,2,2,2,0,0,2,2,2,0,0,2,0,2,0,0,2,0,0,0,2,0,0,0,0,0,0,0,0,2,0,0,0,0,0,0,0,0,0,0,0,0,0,0,0,0,0,0,0,0,0,0,2,0,0,0,0,0,0,0,0,0,0,0,0,0,0,0,0,0,0,2,0,0,2,2,0,0,0,0,0,0,0,0,0,0,0,2,0,0,0,0,2,0,0,0,2,0,0,0,0,0,0,0,0,0,0,2,0,0,2,0,0,0,0,0,0,0,0,0,2,2,0,0,0,0,0,0,0,0,0,0,2,0,0,0,2,0,0,0,0,2,0,0,0,0,0,2,2,0,0,0,0,2,0,0,0,0,0,0,0,0,0,2,2
"CC267",2,0,0,0,2,0,0,2,0,2,0,0,0,0,0,0,0,0,0,0,0,0,2,0,0,0,0,0,0,0,0,0,0,0,0,0,0,0,0,2,0,0,2,2,2,NA,0,0,0,0,0,0,0,0,0,0,0,0,2,0,0,2,2,2,0,0,2,0,0,0,2,0,2,0,0,0,0,2,2,0,2,2,0,2,2,2,0,0,0,0,2,2,2,0,0,0,0,0,0,0,0,0,0,2,0,0,2,0,2,0,0,2,0,0,0,0,0,0,0,0,0,0,2,0,0,0,2,0,0,0,0,0,0,2,0,0,0,0,0,2,0,2,0,0,0,0,2,0,0,2,0,0,0,0,2,0,0,0,NA,0,0,0,0,2,2,2,0,2,0,2,0,2,0,2,2,0,0,0,2,0,0,2,0,0,2,2,2,0,0,0,2,0,2,0,0,0,0,0,0,0,0,0,0,0,0,0,0,0,2,0,2,0,2,0,2,2,0,0,2,0,0,0,0,0,0,0,0,2,0,0,2,0,0,0,0,0,0,0,0,0,2,0,0,0,0,0,0,0,0,2,0,0,0,0,0,0,0,2,0,0,0,0,0,0,2,0,2,0,0,0,0,2,2,2,0,0,0,0,0,0,0,0,0,0,0,0,0,0,0,0,0,0,0,0,0,0,0,0,0,0,0,0,2,0,0,0,0,0,0,0,0,0,0,0,0,0,0,0,0,0,0,0,0,0,0,0,0,2,2,0,0,0,2,2,2,2,0,2,0,0,0,0,0,0,0,0,0,0,0,0,0,0,0,0,0,0,0,0,0,2,0,0,0,0,0,0,0,0,0,0,0,0,0,0,0,0,0,0,0,0,0,0,0,0,0,0,0,0,0,0,0,2,0,2,2,2,2,0,0,0,0,0,0,0,0,0,0,0,0,0,0,0,0,0,0,0,2,0,0,2,0,0,0,0,0,0,0,0,2,0,0,0,0,0,2,0,0,0,0,0,2,0,0,0,0,0,0,0,2,0,0,0,0,0,0,0,0,2,0,0,0,0,0,0,0,0,2,2,0,0,NA,2,0,2,0,0,0,2,2,0,2,2,0,0,0,2,0,0,2,0,2,0,2,0,0,0,0,0,2,2,0,2,2,0,0,0,2,0,0,0,0,0,0,0,0,0,0,0,2,0,2,0,0,0,2,2,2,0,0,0,0,NA,0,2,2,2,0,0,0,0,0,0,0,0,2,0,0,0,0,2,0,0,0,2,0,0,0,0,0,0,0,2,0,2,0,0,0,0,0,2,0,0,0,0,0,0,2,0,0,2,0,2,0,0,0,0,2,0,0,2,0,0,0,0,0,0,0,2,0,0,0,0,0,2,2,2,2,0,0,0,0,0,0,2,0,0,0,0,2,0,2,0,0,2,2,0,0,0,2,0,0,0,0,0,0,0,0,2,0,2,0,0,2,0,0,0,0,0,0,0,0,0,0,0,2,2,2,0,0,0,2,2,0,0,0,0,2,0,0,0,0,0,0,2,0,0,0,0,0,0,0,0,0,0,0,0,0,0,0,0,0,0,0,0,2,0,0,2,2,0,2,0,0,0,0,0,0,2,2,0,0,0,0,0,0,0,0,0,0,0,0,2,0,0,0,0,0,0,0,0,0,0,0,0,0,2,0,0,0,0,0,0,0,0,0,0,0,0,2,0,0,0,0,0,0,0,0,0,2,0,0,0,0,2,0,0,0,0,0,0,0,0,0,2,0,0,0,0,0,0,0,2,2,0,0,0,0,0,0,0,0,0,0,0,0,0,2,0,0,0,2,0,0,2,0,0,0,0,0,0,0,0,0,0,0,0,0,0,NA,0,0,0,0,0,0,0,0,2,0,0,2,2,0,0,0,0,2,0,0,0,0,0,0,2,0,0,0,2,0,2,0,0,0,0,2,0,0,0,0,2,0,0,2,0,0,0,0,0,0,0,2,2,0,0,2,2,0,0,0,0,0,2,0,0,0,0,0,0,0,2,0,0,0,0,0,0,0,0,2,0,0,0,0,0,2,0,2,0,0,0,0,0,2,0,0,0,0,0,0,0,0,0,0,0,0,0,0,0,0,0,2,0,0,0,0,0,0,0,2,0,0,2,0,0,0,0,0,0,0,0,2,0,0,0,0,0,0,0,0,0,0,0,2,0,0,0,0,0,0,0,2,0,0,0,0,0,0,2,0,0,2,0,0,0,0,0,0,0,0,0,2,0,0,0,0,0,2,2,0,0,0,2,2,0,0,0,0,0,2,0,2,0,0,0,0,2,0,0,0,2,0,0,0,0,0,0,0,0,0,2,2,0,0,0,0,0,0,0,0,0,0,0,0,0,0,0,0,0,2,0,0,0,0,0,0,0,0,2,0,0,0,0,0,0,0,0,0,0,0,0,0,0,2,0,0,2,0,0,0,0,0,0,2,0,0,0,2,2,0,0,0,0,0,0,0,2,0,2,0,0,0,0,0,0,0,2,NA,0,0,0,2,2,0,0,0,2,0,0,2,0,0,2,0,2,0,0,0,0,0,0,2,0,2,0,0,0,0,0,0,0,2,0,2,0,2,0,0,0,2,2,0,2,0,2,0,0,0,0,0,2,2,2,0,0,0,0,0,0,2,0,0,0,0,0,0,0,0,0,0,0,0,0,0,0,0,0,0,0,0,0,0,0,0,2,0,0,0,0,0,0,0,0,0,0,0,0,0,0,0,0,0,0,0,0,0,0,0,0,0,0,0,0,0,0,0,0,2,2,0,0,0,0,0,0,0,0,0,0,0,0,2,2,0,0,0,0,0,0,0,0,0,0,0,0,2,2,0,0,0,0,0,0,0,0,0,2,2,0,0,0,0,0,0,2,0,0,0,0,2,2,0,0,2,2,0,2,0,2,0,2,0,2,0,0,2,2,0,0,2,0,0,0,0,0,2,0,2,0,0,0,0,0,2,0,0,0,2,2,2,2,0,0,0,0,0,2,0,0,2,0,0,2,2,0,0,0,0,0,0,0,0,2,0,2,2,0,0,0,0,0,0,0,2,2,0,0,0,0,0,0,0,0,0,2,0,0,2,0,2,0,0,0,2,0,0,0,2,0,2,0,0,NA,0,2,2,0,0,0,2,2,0,0,0,0,0,0,2,0,0,2,0,2,0,2,2,2,0,2,0,0,NA,0,2,2,2,0,0,0,0,0,2,0,2,0,0,2,2,0,2,0,0,2,0,2,0,0,2,0,2,0,0,0,2,0,0,0,0,0,2,0,0,0,2,0,0,0,0,0,0,0,0,2,0,0,2,0,0,0,0,2,0,0,2,2,2,2,0,0,2,0,0,2,0,0,NA,0,0,0,0,0,0,0,0,0,0,0,0,0,2,0,0,0,0,0,2,0,0,0,0,0,0,0,0,2,0,0,0,2,0,0,2,2,2,0,0,2,0,2,2,0,0,2,0,0,0,0,0,0,2,0,0,0,0,0,0,0,0,0,0,0,0,0,0,0,0,0,0,0,0,2,0,2,0,0,2,0,0,2,0,2,0,0,0,0,0,0,0,2,0,0,2,0,0,0,2,2,0,2,0,0,0,2,2,0,2,0,0,0,0,0,0,0,0,0,0,0,0,2,0,0,0,0,2,0,2,0,0,0,0,0,0,0,2,0,0,0,2,0,0,0,0,0,2,0,2,0,0,0,0,0,0,0,0,0,2,2,2,0,0,0,0,0,0,0,0,2,0,2,0,0,0,0,0,0,2,0,0,0,0,0,0,0,0,0,0,0,0,0,0,2,0,0,0,0,0,2,0,0,0,2,0,0,0,0,0,2,2,0,0,0,0,0,0,0,2,0,0,2,0,0,0,0,0,0,0,0,0,0,0,2,2,0,0,0,0,0,2,0,0,0,0,0,0,0,NA,0,0,0,0,0,0,0,2,0,2,2,0,2,2,0,0,0,0,0,0,0,0,0,0,0,0,0,0,0,0,0,2,0,0,0,0,0,0,0,0,0,0,0,0,0,0,0,0,2,0,0,2,0,0,0,0,0,2,2,0,0,0,2,0,2,0,0,0,0,2,0,2,0,2,0,2,0,2,2,0,0,0,0,0,0,0,0,0,0,0,2,0,0,0,0,0,0,0,2,2,0,0,2,0,0,2,0,0,0,2,0,2,0,0,0,2,0,0,2,0,0,0,0,0,0,0,0,0,0,0,2,0,0,0,0,0,0,0,0,0,0,2,0,2,0,0,0,0,0,2,0,0,0,0,2,0,0,2,2,2,0,2,0,0,0,0,0,0,0,2,2,0,0,0,0,2,0,0,0,2,0,0,2,2,0,0,2,2,2,0,0,0,0,0,0,0,0,0,0,2,0,2,0,0,0,0,0,0,0,0,0,0,0,0,0,0,2,0,2,2,0,0,0,2,0,0,0,0,0,0,0,0,0,0,0,0,0,2,0,0,0,0,0,0,0,0,0,0,0,0,0,0,0,0,0,0,0,0,0,0,0,0,0,0,0,0,2,0,0,0,2,0,2,2,0,0,2,0,2,0,0,0,0,0,2,0,0,0,0,0,0,2,0,0,0,0,0,0,2,2,0,0,0,2,2,0,0,0,2,0,0,0,0,0,0,0,0,0,2,0,0,2,0,0,0,2,0,0,0,0,2,2,0,0,2,0,0,0,2,0,0,0,0,0,0,0,0,0,0,0,0,2,0,0,0,0,0,2,0,0,0,0,0,0,2,0,0,0,NA,0,0,0,0,0,0,0,0,2,2,2,0,2,0,0,0,2,0,2,0,0,0,0,2,0,2,0,0,0,0,0,0,0,2,0,2,2,0,0,0,0,0,0,2,0,0,0,2,0,2,0,0,0,0,0,0,0,0,0,0,0,2,0,2,2,0,0,0,0,0,2,0,0,0,2,0,0,0,0,0,0,0,2,0,0,2,0,2,0,0,2,0,0,2,2,0,2,0,0,2,0,0,2,0,2,0,0,0,0,2,2,2,0,0,0,0,2,0,0,0,0,2,0,0,0,0,0,2,2,2,2,2,0,0,0,0,0,0,0,0,0,2,0,0,0,0,0,0,0,0,0,0,0,0,0,0,0,0,0,0,0,0,2,0,0,0,0,2,0,0,0,0,0,0,0,0,0,0,0,0,0,0,0,0,0,0,0,0,0,0,0,0,0,0,0,0,0,0,0,0,2,0,0,2,0,2,0,0,0,0,2,0,0,0,2,0,0,0,0,0,0,0,0,0,0,0,0,0,0,0,2,2,0,0,0,0,0,2,2,0,0,0,0,2,2,0,0,0,0,0,0,0,0,0,0,0,0,0,0,0,0,0,0,0,0,0,0,0,0,0,0,0,0,0,2,0,2,0,0,0,0,0,0,0,0,0,0,0,0,0,0,2,0,2,0,2,2,0,0,2,2,2,2,0,0,0,2,0,0,2,0,0,0,0,2,0,0,0,0,0,2,0,2,0,2,0,0,0,2,0,2,2,0,0,2,0,2,2,0,0,0,0,2,0,0,0,2,0,0,2,0,0,0,2,0,0,0,0,0,2,2,0,0,2,0,0,0,0,0,0,0,0,0,0,0,2,0,0,0,0,0,0,0,0,0,2,0,0,0,0,0,0,0,0,2,0,0,0,2,0,0,0,0,0,0,0,0,0,0,0,0,0,0,0,0,0,0,0,0,0,0,0,0,2,2,0,0,0,0,0,0,0,0,2,0,0,0,0,0,0,0,0,0,0,0,0,0,0,0,0,2,0,0,2,0,0,0,0,0,0,0,0,2,0,2,0,2,0,2,0,0,0,2,0,0,0,0,2,0,0,2,0,0,0,2,0,0,0,0,2,0,2,0,0,0,0,0,2,2,0,0,0,0,2,0,0,0,0,0,0,0,0,0,0,0,0,0,0,0,0,0,0,2,0,2,0,0,0,0,2,0,0,0,0,0,2,0,0,2,2,0,0,2,0,0,0,0,0,0,0,0,0,0,0,0,0,0,0,0,2,0,0,0,0,0,0,2,2,0,0,0,0,0,0,0,0,0,0,2,0,2,0,0,0,0,0,2,2,0,0,0,0,0,0,0,0,0,0,0,0,0,0,0,0,2,2,2,0,0,0,0,0,0,0,0,0,0,0,0,0,0,0,0,0,0,0,2,0,2,0,0,0,2,0,0,0,0,0,0,0,0,0,2,0,0,2,0,0,2,0,2,0,0,0,0,0,0,0,0,0,0,0,0,2,0,0,0,0,0,0,0,2,2,0,0,0,0,0,0,0,2,0,0,0,0,0,0,2,0,0,0,0,0,2,0,2,0,0,0,0,0,0,0,0,0,0,0,0,2,2,0,0,0,0,0,0,0,0,0,0,0,0,0,2,0,0,0,0,2,0,0,0,2,0,0,0,0,2,0,0,0,2,0,0,0,0,0,0,0,0,2,0,0,0,0,2,0,0,2,0,0,2,0,2,0,0,0,0,0,0,0,0,0,0,0,0,0,2,0,0,0,0,0,0,0,0,2,0,0,0,0,0,0,0,0,0,0,0,0,0,0,0,0,2,0,0,0,0,0,0,2,0,0,0,0,0,0,0,0,0,2,0,2,2,2,0,2,2,2,0,0,2,0,0,0,0,0,0,0,2,0,0,0,0,0,0,0,0,2,0,0,0,0,2,2,0,0,0,2,0,0,0,0,0,0,0,2,0,0,0,0,0,0,2,2,0,0,0,0,0,0,0,0,0,2,0,0,0,0,0,0,2,0,0,2,2,2,0,0,0,2,2,0,0,0,0,0,2,NA,0,0,0,0,0,0,2,0,0,0,0,0,0,2,2,0,NA,0,0,0,0,0,2,0,2,0,0,0,0,0,0,0,2,2,0,0,0,2,0,0,0,0,0,0,0,0,0,0,0,2,0,0,0,0,0,0,0,0,0,0,2,0,0,0,0,2,0,2,0,0,0,0,0,0,0,0,0,0,0,0,2,0,0,2,0,0,0,0,0,2,0,2,0,0,0,0,0,0,0,0,2,0,0,0,0,2,0,0,0,0,2,0,0,2,0,2,0,0,0,0,0,0,2,0,0,0,0,0,0,0,0,2,0,0,0,2,0,0,0,0,2,0,0,0,0,0,0,0,0,0,0,0,0,0,0,0,0,0,0,0,0,0,0,0,2,0,0,0,2,0,0,0,2,0,0,2,0,2,0,0,0,0,2,0,0,0,2,0,2,0,0,0,2,0,0,0,0,0,2,2,0,0,0,0,0,0,0,0,0,0,0,0,0,0,0,0,0,0,0,0,0,0,0,0,0,0,0,0,0,0,0,0,0,0,0,0,0,0,0,0,0,0,0,0,0,0,2,0,0,0,2,0,2,0,0,0,0,0,0,2,0,0,0,0,0,2,0,2,0,0,2,2,2,0,0,0,0,2,0,0,0,0,0,2,2,0,2,0,2,2,0,0,2,0,0,2,0,0,2,0,0,0,2,0,0,0,0,0,2,0,0,0,0,0,0,0,0,0,2,0,0,2,0,0,0,2,0,0,0,0,0,0,0,0,0,0,2,0,0,0,0,0,0,0,2,0,2,0,0,0,0,0,0,0,0,0,0,0,0,0,0,0,0,0,0,0,0,0,0,2,0,0,0,0,0,0,0,0,0,0,0,0,2,0,0,0,0,0,0,0,0,0,0,0,0,0,0,0,2,2,0,0,2,0,0,0,0,0,0,0,0,0,0,2,0,0,0,0,2,0,0,0,0,0,0,2,0,0,0,0,0,0,0,0,0,0,0,0,0,0,0,0,0,0,0,0,0,0,0,0,0,0,0,0,0,0,0,0,0,0,0,0,0,2,0,0,0,0,2,2,0,0,2,2,0,0,0,0,0,0,0,0,2,0,0,0,0,0,0,0,0,0,0,0,0,0,0,0,0,0,0,2,0,0,0,0,0,0,0,0,0,0,0,0,0,0,0,0,2,0,0,0,0,0,0,0,0,0,0,0,0,0,0,0,0,0,0,0,0,0,2,0,2,2,0,0,0,2,0,2,0,0,0,0,0,2,0,0,0,0,0,0,0,0,0,0,0,0,0,0,0,0,0,0,2,0,0,0,2,0,0,0,0,0,0,0,0,0,0,2,0,0,2,0,0,0,2,0,2,2,0,0,0,0,0,0,2,0,0,0,0,2,0,0,0,0,0,0,0,0,2,0,0,0,2,0,0,0,0,0,0,0,0,0,0,0,0,0,0,0,2,2,0,0,0,0,0,0,2,0,0,0,0,0,0,2,0,0,0,0,0,0,0,0,0,0,2,0,0,0,0,0,0,0,2,0,2,0,0,0,0,0,0,2,0,0,0,0,0,0,0,0,0,0,0,0,0,0,0,0,0,0,0,0,2,0,0,0,0,0,2,0,0,0,0,2,0,0,2,0,2,2,2,2,2,2,0,0,2,0,0,2,0,2,0,0,0,2,0,2,0,0,0,2,0,0,0,0,2,0,0,2,0,2,2,0,0,0,0,0,0,0,0,0,0,0,0,0,2,0,0,2,0,0,0,0,0,0,0,2,0,0,0,2,0,2,0,2,0,0,0,0,0,0,0,0,0,0,2,0,0,0,0,2,0,0,0,2,0,0,0,0,0,0,0,0,0,0,0,0,0,0,0,0,0,0,0,0,2,0,0,0,0,2,0,2,2,0,2,0,0,2,0,2,0,0,0,0,0,0,0,0,0,0,0,0,0,2,0,0,0,0,0,0,0,0,0,2,0,0,0,0,0,0,0,0,0,0,0,0,0,0,0,0,0,0,0,0,0,0,0,0,0,0,0,2,0,2,0,0,0,2,0,0,0,0,0,0,0,0,0,0,0,2,0,0,0,0,2,0,2,0,2,2,2,0,0,NA,0,2,0,0,0,0,2,0,0,0,2,0,0,2,2,2,0,0,2,0,2,2,2,0,0,2,0,0,0,0,0,2,2,0,0,0,0,0,2,0,2,0,0,0,2,2,0,2,2,0,0,0,0,0,0,0,0,0,0,0,2,0,0,0,0,0,0,0,0,0,0,2,2,2,2,2,0,0,0,2,0,0,2,0,0,2,0,0,0,0,2,0,0,0,0,0,0,2,0,0,0,0,2,0,0,0,0,0,2,2,0,0,0,0,0,0,0,0,0,0,0,2,0,0,0,0,2,0,0,0,0,2,2,2,0,0,0,0,0,2,0,2,0,0,2,0,0,2,2,0,0,0,0,0,NA,2,0,0,0,0,0,0,0,0,0,0,0,0,0,0,0,0,0,2,2,2,0,0,0,2,0,2,0,0,0,0,0,2,0,0,2,2,0,0,0,0,2,2,0,0,0,2,0,0,0,0,0,0,0,0,0,2,2,0,0,0,0,0,0,2,2,0,0,0,2,0,0,0,0,0,2,0,2,0,0,2,0,2,0,0,0,0,0,0,0,0,0,2,0,0,2,0,0,0,0,2,2,0,0,2,2,0,0,0,2,0,0,0,2,0,0,0,0,0,0,2,2,0,0,0,2,0,0,0,0,0,0,0,0,2,0,0,0,0,0,0,2,0,0,2,0,0,0,0,0,0,0,2,0,0,0,2,2,2,0,0,0,2,0,0,0,0,0,0,0,0,0,0,2,0,2,0,2,0,0,2,0,0,0,0,2,0,2,0,0,0,2,0,0,2,0,0,0,0,0,0,0,2,0,2,0,0,2,2,0,0,0,0,2,0,0,0,0,2,0,2,0,0,0,0,2,0,2,2,2,2,2,0,2,0,0,2,0,0,0,0,2,2,0,0,0,0,0,0,2,0,2,2,0,0,2,0,0,2,0,2,0,0,0,0,0,0,0,0,0,0,0,0,2,2,0,2,0,0,0,2,0,0,2,2,2,0,2,0,0,0,2,2,2,0,0,2,0,0,0,0,0,0,2,2,0,0,0,0,0,0,0,2,0,0,0,0,0,0,0,0,2,2,0,0,2,0,2,0,0,0,0,0,0,2,0,2,2,2,0,0,0,0,0,0,0,0,0,0,0,0,0,0,NA,2,0,2,0,0,2,NA,2,2,0,0,0,0,0,2,0,0,0,0,2,0,0,0,0,0,0,0,0,0,2,0,0,0,0,2,0,0,0,2,0,0,0,0,0,0,0,0,0,0,0,2,0,2,0,2,2,0,0,0,0,2,2,0,0,2,0,0,0,0,0,2,0,2,0,2,0,0,0,0,0,0,0,2,0,0,0,0,0,0,0,2,0,0,0,0,0,0,0,2,0,2,0,2,NA,0,0,2,0,0,0,0,2,2,0,2,0,0,0,0,2,2,0,2,0,2,0,0,2,0,0,0,0,0,0,0,0,0,0,0,0,0,2,2,0,0,2,0,0,0,0,0,0,0,2,0,0,2,0,0,0,0,0,0,2,0,2,2,0,0,2,0,0,0,0,0,0,0,0,0,0,2,0,0,0,0,2,0,2,0,0,0,2,0,0,0,0,0,0,0,0,0,0,0,0,2,0,0,0,0,0,0,2,0,0,0,0,0,2,0,0,0,0,2,0,2,0,0,0,0,0,0,2,0,0,0,0,2,0,2,0,0,2,2,0,0,0,0,0,2,0,2,0,2,0,2,0,0,0,0,0,0,0,0,2,0,0,0,0,0,2,0,0,0,0,0,2,0,0,2,0,0,0,0,0,2,2,0,2,0,0,0,2,0,2,2,0,0,0,2,0,0,0,0,2,0,0,2,0,0,0,0,0,0,0,0,0,0,2,2,0,0,0,0,0,2,0,0,0,0,0,0,2,2,0,0,0,0,2,0,2,0,0,2,0,0,2,0,0,0,2,0,0,0,2,0,0,0,0,0,0,2,0,0,0,0,2,2,0,0,0,0,0,0,0,0,0,0,0,0,0,2,0,0,0,0,2,0,2,2,0,2,0,0,0,0,2,2,0,0,0,2,2,2,0,0,0,0,0,0,0,0,0,2,2,0,0,0,2,0,0,0,2,2,0,0,0,0,0,2,0,2,0,0,0,0,0,2,2,0,NA,0,0,2,0,0,0,2,0,0,NA,2,2,0,2,0,2,2,0,0,0,2,0,0,0,0,0,0,0,0,2,2,2,0,2,2,0,0,0,0,0,2,0,0,0,0,0,2,0,0,0,0,0,0,0,0,0,0,0,2,0,2,0,0,2,0,0,0,0,2,0,0,0,0,0,2,2,0,0,0,2,0,0,0,2,0,0,0,0,0,0,0,0,0,0,0,0,0,0,0,2,0,0,0,0,0,2,0,2,2,0,0,0,0,0,0,0,0,0,0,0,0,0,0,2,0,2,0,0,0,0,0,0,0,0,NA,0,0,0,0,2,0,0,0,0,0,0,0,0,2,0,2,0,0,2,0,2,2,0,0,0,2,0,0,0,0,0,0,0,NA,2,0,0,0,0,0,2,0,0,0,0,0,2,0,0,0,2,2,0,0,2,0,2,2,0,0,0,0,0,2,2,0,0,2,0,0,0,0,2,2,2,0,0,2,0,2,2,0,0,0,0,0,0,2,0,0,0,0,0,2,0,2,0,0,0,0,0,2,0,0,0,2,0,2,0,0,0,0,2,0,0,0,0,0,0,2,2,0,0,2,0,0,2,2,0,2,0,0,0,0,0,0,2,2,0,2,0,2,2,0,0,2,2,0,0,2,2,0,2,2,2,2,0,2,2,0,2,2,0,2,0,0,2,0,0,0
"CC268",2,0,0,0,0,0,0,0,0,0,0,0,0,0,0,0,0,0,0,2,2,0,0,0,2,0,2,0,0,2,0,0,0,0,0,0,0,0,0,0,0,0,0,0,0,0,0,0,0,2,0,0,0,0,0,0,2,0,0,0,0,0,0,0,2,2,0,0,0,0,0,0,0,0,0,0,2,0,0,2,0,0,0,0,0,0,0,2,0,0,0,0,0,0,0,0,0,0,0,0,0,0,0,0,2,0,2,0,0,2,0,0,2,0,0,0,2,0,0,2,0,0,2,0,0,0,0,0,0,0,2,0,0,0,2,0,0,0,0,0,0,0,0,0,0,0,0,0,0,0,0,0,0,0,0,2,0,2,0,0,0,0,0,0,0,0,2,0,0,0,0,0,0,0,0,0,0,2,0,0,2,0,0,0,0,0,0,0,0,2,0,2,0,0,0,NA,2,2,0,0,0,0,0,0,0,0,0,0,0,0,0,0,0,0,0,0,2,2,0,0,2,0,0,0,0,2,0,0,0,0,0,0,0,0,0,2,0,0,0,0,0,0,0,0,0,0,0,0,0,0,2,0,0,0,0,2,0,0,0,0,0,0,2,0,0,0,0,0,2,0,0,0,0,2,0,0,2,2,2,0,0,0,2,2,0,0,0,0,0,2,0,NA,2,0,0,0,0,0,0,0,0,0,0,2,0,0,2,0,2,0,0,2,0,0,0,2,0,2,2,0,0,0,0,0,2,0,0,2,2,0,0,0,0,0,0,0,0,0,2,0,0,2,0,0,0,0,0,0,2,0,0,0,0,0,0,2,0,0,0,0,2,0,0,0,0,0,0,0,0,0,2,0,2,0,2,0,0,0,2,2,0,0,0,0,0,0,2,2,0,0,0,2,2,0,0,0,0,0,2,0,0,0,0,2,0,2,2,0,0,0,0,0,0,0,0,0,0,2,0,0,0,2,0,0,0,0,0,0,0,0,0,0,2,0,2,0,0,2,2,2,2,0,0,0,2,2,0,0,0,0,0,2,2,0,2,2,2,0,0,2,0,2,2,0,2,2,0,0,2,0,2,2,2,2,2,0,2,0,0,0,0,0,2,2,0,0,0,0,0,0,0,0,0,0,0,0,0,2,0,0,0,0,0,0,0,2,0,2,0,2,0,2,0,0,0,0,0,0,0,2,0,0,0,0,0,0,0,0,2,0,0,0,2,0,0,0,0,0,0,0,2,0,0,2,0,0,0,2,2,0,2,0,2,0,0,0,2,0,0,2,2,0,0,0,2,0,0,2,NA,0,0,0,0,0,2,2,2,0,2,2,2,2,0,2,2,0,0,0,0,2,0,2,0,0,0,0,0,0,0,0,0,2,0,2,0,0,2,2,0,2,2,0,0,0,0,0,0,0,0,0,2,0,0,0,2,0,0,0,0,0,0,0,2,0,2,0,0,0,0,2,0,2,0,0,0,0,0,0,0,0,0,2,0,0,0,0,2,0,0,2,0,0,0,0,0,0,0,0,0,2,0,0,0,0,0,0,0,0,0,0,0,0,0,0,0,0,0,2,2,0,0,0,0,0,0,0,2,2,2,0,0,2,0,0,2,0,0,0,2,2,2,0,0,0,0,0,0,0,0,0,0,NA,0,0,0,0,2,0,0,0,0,2,2,0,0,0,2,0,0,0,0,0,0,0,0,0,0,0,2,0,0,0,0,0,0,2,2,0,2,0,0,0,0,0,0,0,0,0,0,0,2,0,0,2,0,0,2,0,0,0,0,2,0,0,0,0,0,0,0,0,0,0,0,2,0,2,0,0,0,0,0,0,0,0,0,0,0,0,0,0,0,0,0,0,2,0,0,0,0,0,0,0,0,0,0,0,0,2,0,0,0,0,2,0,0,0,0,0,0,0,0,0,0,0,0,0,0,2,0,0,0,2,0,0,0,0,2,0,0,0,0,2,2,0,2,0,0,2,2,2,2,2,2,0,0,0,2,0,0,0,0,2,2,0,2,2,0,0,0,2,0,0,0,0,2,0,0,2,2,2,0,0,0,0,2,0,0,0,0,0,0,2,0,2,0,0,0,0,0,0,0,2,2,2,0,0,0,2,0,0,0,2,0,2,2,0,0,0,0,0,0,0,0,0,0,2,2,0,0,0,0,0,0,0,0,0,2,0,0,0,0,0,0,2,0,0,0,0,0,0,2,0,0,0,0,0,2,2,0,0,0,2,0,0,2,0,2,0,2,0,2,2,2,0,0,0,2,0,0,0,2,0,2,0,0,0,0,0,0,2,0,0,0,0,0,0,0,2,0,0,0,0,0,0,0,0,0,0,2,0,0,0,0,0,0,0,2,0,0,2,0,0,0,0,0,2,0,0,2,0,0,0,0,0,0,2,2,2,2,2,0,0,NA,0,0,0,0,2,0,0,0,0,2,0,0,2,0,0,2,0,0,0,2,0,0,2,0,2,0,0,0,0,2,0,0,2,0,0,2,2,0,0,2,0,0,0,2,2,2,2,2,0,0,0,0,0,2,0,0,2,0,0,2,0,0,2,0,2,0,0,0,0,2,0,0,0,0,0,0,0,2,2,0,0,0,0,0,0,2,2,0,0,2,0,2,2,0,0,0,0,0,0,0,0,0,0,0,0,2,0,0,0,0,0,2,0,0,0,2,0,2,0,0,0,0,0,0,0,0,0,0,0,0,0,0,0,0,2,0,0,0,0,0,2,0,0,0,0,2,0,0,2,0,0,0,0,0,0,0,0,0,0,0,0,0,0,0,2,2,0,0,0,0,0,0,0,0,0,0,0,0,2,2,0,2,0,2,0,0,0,0,0,2,2,2,0,0,0,0,0,0,0,0,0,0,0,0,0,0,0,0,0,0,0,0,0,0,0,2,2,0,2,0,0,2,0,0,0,0,0,0,0,0,0,0,2,2,0,0,0,2,0,0,0,0,0,2,0,2,2,0,0,2,0,0,0,0,0,0,2,0,0,2,0,0,0,0,0,0,2,0,0,0,0,0,0,0,0,0,2,0,0,0,0,0,0,0,0,0,0,0,0,0,0,0,0,0,0,0,0,0,2,2,2,0,0,0,0,2,2,2,2,0,0,0,0,2,0,0,0,0,0,0,0,0,0,0,0,0,0,0,0,2,0,0,2,0,0,2,0,0,0,0,0,0,0,2,0,0,0,0,0,2,0,2,0,0,0,0,0,0,0,0,0,0,2,2,0,2,2,0,0,0,0,2,2,0,0,0,0,0,0,2,0,0,0,2,0,2,0,0,0,0,0,0,0,0,0,0,0,0,2,0,2,2,0,2,0,0,0,0,0,0,0,0,0,2,0,0,0,0,2,2,0,0,0,0,0,0,0,0,0,2,0,2,0,0,2,0,0,0,0,0,0,0,0,0,0,0,0,0,0,0,2,0,2,0,0,0,0,2,0,2,0,0,2,0,0,0,0,0,0,0,0,0,0,0,0,2,0,0,0,0,0,0,0,0,0,0,2,2,2,0,0,0,0,0,0,0,0,0,0,0,2,0,2,2,0,0,0,0,2,2,0,2,0,0,0,0,0,0,0,2,0,2,2,0,0,0,2,0,0,0,0,2,0,0,0,0,0,0,0,2,2,0,0,2,2,0,0,2,0,0,0,2,0,0,2,0,2,0,2,2,0,2,2,0,0,0,0,0,2,0,0,0,0,0,0,2,0,0,0,0,0,0,2,2,0,0,0,0,0,0,0,0,0,0,0,0,0,0,0,0,0,0,2,0,0,0,0,2,0,0,0,0,2,2,0,0,0,0,0,0,2,0,0,0,2,2,0,0,0,2,0,0,2,0,0,0,0,2,0,0,2,0,2,0,0,0,0,0,0,0,0,2,0,0,0,2,0,2,0,0,0,2,0,0,0,0,2,0,2,2,2,0,2,0,0,0,0,0,2,2,0,0,0,0,0,0,0,0,0,0,2,2,0,0,0,2,2,2,0,2,2,0,0,0,0,0,0,0,0,2,2,0,2,0,0,2,0,0,0,2,0,2,2,0,0,2,0,0,0,0,0,0,0,0,2,NA,0,2,0,0,0,0,0,0,0,0,0,0,0,0,0,0,0,0,0,0,0,0,0,0,0,0,0,0,2,2,0,0,0,0,2,0,0,0,2,0,2,2,0,0,2,0,0,0,0,0,0,0,0,0,2,0,2,0,0,2,0,0,0,0,0,2,2,0,0,2,0,0,0,0,0,0,0,0,0,0,0,0,0,0,0,0,0,0,0,2,0,0,0,0,2,0,0,2,0,0,2,0,0,0,0,0,2,0,0,0,2,0,2,0,0,2,0,0,0,0,0,0,0,0,0,0,0,2,0,0,0,0,0,0,0,0,0,0,0,0,0,0,0,0,0,0,0,0,0,2,2,0,2,0,0,0,2,0,0,0,0,2,2,0,0,0,2,0,0,0,2,0,0,0,2,0,2,0,0,0,2,0,0,0,0,2,0,0,0,2,0,2,2,0,0,0,0,0,0,0,2,2,0,0,0,0,0,0,2,0,0,0,2,0,2,0,0,0,0,0,0,0,0,0,0,0,2,0,0,0,0,0,2,0,0,0,0,0,0,2,2,0,0,2,0,0,0,0,2,0,0,0,0,0,2,0,0,0,0,0,0,0,0,0,0,0,0,0,0,0,0,0,0,0,2,0,0,0,0,2,2,0,0,0,2,0,2,0,0,0,0,2,0,2,2,0,2,0,2,0,0,0,0,0,0,0,0,0,0,2,0,0,0,0,0,0,0,0,0,0,0,0,0,0,2,0,2,0,2,0,0,2,0,2,0,0,0,0,0,NA,0,2,0,0,2,2,2,0,0,2,0,0,0,0,0,0,2,0,0,0,0,2,2,2,2,0,2,0,0,0,0,0,0,0,0,0,0,0,0,0,0,0,0,2,0,2,2,0,0,0,0,0,0,2,0,0,0,0,0,0,0,2,0,0,0,0,0,0,0,2,2,0,0,0,0,0,0,0,0,0,0,0,0,0,2,0,2,0,0,0,2,0,2,2,0,0,2,0,0,0,0,0,0,0,0,0,0,0,0,2,0,0,0,0,0,2,0,0,0,0,0,0,0,0,0,0,0,0,0,2,0,0,0,0,0,0,0,0,0,0,2,2,0,0,2,0,2,2,0,2,0,0,2,0,2,0,0,0,0,0,0,0,0,0,0,2,2,0,0,0,2,2,0,0,0,2,0,0,0,0,0,2,2,0,0,0,0,0,0,0,0,0,0,0,0,0,0,0,0,2,2,0,0,2,0,0,0,0,0,0,0,0,0,0,2,0,2,0,2,0,0,0,0,0,0,0,2,0,0,0,0,0,0,0,0,0,0,0,2,0,2,0,0,0,0,0,0,0,0,0,0,2,0,0,0,0,0,0,0,0,0,2,0,0,0,0,0,0,0,0,0,0,0,0,0,2,0,0,0,0,0,0,0,2,0,0,0,0,0,0,0,0,0,0,2,0,0,0,0,2,0,2,0,0,0,0,0,2,0,0,0,0,0,0,2,0,0,0,2,0,0,0,0,0,0,2,0,0,2,0,0,0,0,0,0,0,0,2,0,0,2,0,0,0,0,0,0,2,0,2,2,0,0,0,0,0,0,0,0,0,0,0,0,2,0,0,0,0,0,2,0,0,0,0,0,0,0,0,0,0,0,0,2,2,0,0,0,0,2,0,0,0,0,0,0,0,2,2,0,0,0,0,0,2,0,2,0,0,0,0,0,0,0,0,0,0,0,0,2,0,0,0,2,0,0,0,0,0,0,0,0,0,0,0,0,0,0,2,0,2,0,0,2,0,0,2,0,2,2,2,0,0,0,2,0,0,0,0,0,0,0,0,0,0,0,0,0,0,0,0,0,2,0,0,0,0,0,0,0,0,0,0,0,2,2,0,0,0,0,0,0,2,0,0,0,0,0,0,2,0,0,2,0,2,0,0,2,0,2,0,0,0,0,0,0,2,0,0,0,0,0,0,2,0,0,0,0,0,2,0,2,2,0,2,0,0,0,2,0,0,2,0,2,0,0,0,0,0,0,0,2,0,0,2,0,0,0,0,2,0,0,0,2,0,0,0,0,2,0,2,0,2,0,2,0,0,0,0,0,0,0,0,0,0,0,0,0,0,0,0,2,0,NA,0,0,0,0,2,2,2,0,0,0,0,2,0,0,2,0,0,0,0,0,0,0,0,2,0,0,0,0,0,0,0,2,0,0,0,0,0,2,2,0,2,0,0,2,2,0,0,0,0,2,2,0,0,0,0,0,0,0,0,2,0,0,0,2,2,2,2,0,0,2,0,0,0,2,0,0,0,0,0,0,0,0,0,2,0,0,0,0,2,0,0,2,2,0,0,2,0,0,0,0,2,0,0,0,0,0,0,2,0,0,0,0,0,0,0,0,0,0,2,0,0,2,0,0,0,2,0,0,0,0,0,0,2,0,0,2,0,0,0,0,0,2,0,0,0,0,0,0,0,2,2,0,0,0,0,2,0,0,0,2,0,2,2,2,0,2,0,0,0,0,0,0,0,0,0,0,0,2,0,0,0,0,0,NA,0,2,0,0,0,0,0,0,0,0,0,0,0,0,0,2,2,0,0,0,0,0,0,2,0,0,2,2,0,0,2,0,0,0,0,0,0,0,0,0,0,2,2,0,0,0,2,0,0,0,2,0,0,0,2,0,0,0,0,0,0,0,2,0,0,0,0,0,0,0,0,2,0,0,0,0,0,0,0,0,0,0,0,0,0,0,0,0,0,0,2,0,0,0,0,NA,2,0,2,0,0,0,2,0,0,0,0,0,0,0,0,0,0,0,0,0,0,0,0,0,0,0,0,2,0,0,0,0,2,0,NA,0,0,0,0,0,0,0,0,2,0,2,0,2,0,2,0,0,2,0,0,0,0,0,0,0,0,0,0,0,2,0,0,0,0,0,2,2,0,0,0,0,0,0,0,0,0,0,0,0,0,0,0,0,0,0,2,0,0,0,0,0,0,0,0,0,0,0,0,0,0,0,0,0,0,0,0,0,0,0,0,0,0,0,0,0,0,2,0,0,0,0,0,2,0,0,0,2,0,0,0,0,0,0,2,0,0,0,0,0,0,0,0,0,0,0,0,2,0,0,0,0,2,0,0,0,0,0,0,0,0,2,0,0,0,0,0,0,0,2,0,0,0,0,0,0,0,0,0,0,0,2,0,0,0,0,0,0,0,0,0,0,0,0,0,0,0,0,0,0,0,0,2,0,0,0,0,0,0,0,0,0,0,0,0,0,0,0,0,0,0,0,0,0,0,0,0,0,0,0,0,0,0,0,0,0,0,0,0,0,0,0,0,0,0,0,0,0,0,0,0,0,0,0,0,0,2,0,0,0,0,2,0,0,0,0,0,2,2,2,0,0,2,0,2,2,0,0,0,2,0,2,0,2,2,2,0,0,0,2,0,0,0,0,2,0,0,2,0,0,0,0,0,0,0,2,0,0,0,2,0,2,0,0,0,2,0,0,0,0,0,0,0,0,0,0,0,0,0,0,0,0,0,0,0,0,0,0,0,0,0,0,0,0,0,0,0,0,0,0,0,0,2,0,0,0,0,0,0,2,0,2,0,0,0,0,0,0,0,0,0,0,0,0,0,0,0,0,2,0,0,0,0,2,2,0,0,0,0,0,2,0,2,0,0,0,0,0,2,0,0,0,0,0,0,0,0,0,0,0,2,0,2,0,0,0,2,0,2,0,0,0,2,2,0,0,0,0,0,0,0,0,0,0,0,0,0,0,0,2,0,0,0,0,0,2,0,0,0,0,0,0,0,0,0,0,0,0,0,0,0,0,0,0,0,0,0,0,0,0,2,0,0,0,0,0,2,2,0,0,0,0,0,0,0,0,0,0,0,2,2,2,0,0,0,2,0,0,0,0,0,0,0,0,0,0,0,0,0,0,0,0,0,0,2,2,0,0,0,0,0,0,2,0,0,0,2,0,2,0,0,2,2,0,0,0,0,2,0,2,2,2,0,0,0,0,2,0,0,0,0,0,2,0,0,0,0,0,0,0,0,0,2,0,0,0,0,0,0,0,0,0,0,0,0,0,2,0,0,0,0,0,0,2,0,0,2,0,0,2,0,0,0,0,0,0,2,0,0,0,0,2,0,0,2,0,0,0,0,0,0,0,0,0,0,0,2,0,0,0,0,0,0,0,0,0,0,0,0,0,0,0,0,0,0,0,0,0,0,0,0,0,0,0,0,0,0,0,0,0,0,0,0,0,0,0,0,0,0,0,2,0,0,0,2,0,0,0,0,0,0,2,0,0,0,0,0,0,0,0,0,0,0,0,0,0,0,0,0,2,2,0,0,0,0,2,0,0,0,0,0,0,0,0,0,0,0,0,0,0,0,2,0,0,0,0,0,2,0,0,2,0,2,0,0,2,0,0,0,0,0,0,0,0,0,0,2,0,0,0,0,0,0,0,0,0,0,0,0,0,0,0,2,0,0,0,0,0,0,0,0,0,0,2,0,0,0,0,2,0,0,0,0,0,0,0,2,0,0,0,2,0,0,0,0,0,2,0,2,2,0,0,2,0,0,0,0,0,2,0,2,0,0,2,0,2,0,0,2,2,0,0,0,0,0,2,0,2,0,0,2,0,0,0,2,0,0,0,0,0,0,2,0,0,0,0,0,0,0,0,0,0,0,0,0,0,0,0,0,0,0,0,0,0,0,0,0,0,0,0,2,0,0,2,0,0,2,0,0,0,0,0,0,2,0,0,0,0,0,0,2,0,0,0,0,0,0,0,0,0,0,0,0,0,0,0,0,0,2,0,2,0,0,2,0,0,0,2,0,0,0,2,0,0,0,2,0,2,0,0,2,0,2,2,0,0,2,0,0,0,0,0,0,0,0,0,0,0,0,0,0,0,0,0,0,2,2,0,0,2,0,0,2,0,0,0,0,0,0,0,0,2,2,0,0,0,0,2,0,0,0,0,0,0,0,0,0,0,0,0,0,2,0,0,0,2,0,0,2,0,0,0,0,0,0,0,0,0,0,0,0,2,0,0,0,0,0,0,2,0,2,NA,2,0,0,0,0,0,0,0,0,0,2,2,2,0,0,0,0,0,0,0,2,0,0,2,0,0,0,0,0,0,0,0,0,0,2,0,0,2,0,0,0,0,2,0,0,0,0,0,0,0,0,0,0,0,0,0,2,NA,0,0,0,0,0,2,0,2,2,0,2,0,0,0,0,0,0,0,0,0,0,0,2,0,0,2,0,0,0,2,0,0,2,0,2,2,0,2,2,0,2,0,0,2,0,0,0,0,0,0,0,0,0,0,0,2,0,2,0,0,0,0,0,0,2,2,0,2,0,0,0,0,0,0,0,2,0,0,0,2,0,0,0,2,0,0,0,2,2,2,0,0,2,0,0,0,0,0,0,0,0,0,0,0,0,0,0,0,0,0,0,2,0,0,0,0,0,0,0,2,2,2,2,0,2,0,0,0,0,0,2,0,0,2,2,2,0,2,NA,0,0,0,0,0,NA,0,2,0,0,0,0,2,0,0,0,0,0,2,0,0,0,2,0,0,0,0,0,0,0,0,0,0,0,0,0,0,0,0,2,0,0,0,0,2,0,0,0,0,0,0,0,0,0,2,0,0,0,0,0,0,0,0,0,0,0,0,0,0,0,0,0,0,0,0,2,0,0,2,2,0,0,0,0,0,0,0,2,0,2,0,0,0,0,2,0,0,0,2,2,2,2,2,2,0,NA,0,0,0,0,2,0,0,0,0,2,0,0,0,0,2,0,0,2,2,2,0,0,0,0,NA,0,0,0,2,2,0,2,2,2,0,0,0,2,0,2,0,2,0,0,0,2,0,0,2,2,0,0,0,0,0,0,0,0,0,0,2,0,0,0,0,0,0,0,0,2,0,0,0,0,2,2,0,2,0,0,0,0,0,0,0,0,2,2,0,0,0,0,2,0,0,0,0,0,0,0,0,0,NA,2,0,0,0,0,0,2,2,0,0,0,0,0,0,0,0,0,0,0,0,0,0,0,0,0,0,0,0,2,0,0,0,0,0,2,0,0,2,0,0,0,0,0,0,0,0,0,2,2,0,2,2,0,0,0,0,0,0,0,0,0,0,0,2,0,0,0,0,2,2,0,2,0,0,0,0,0,0,0,0,0,0,0,0,2,0,2,0,2,0,2,0,0,NA,0,0,0,0,0,0,0,0,0,0,2,2,0,0,0,0,0,0,0,2,0,0,2,0,0,0,0,0,0,0,2,0,0,0,0,0,2,0,0,0,2,0,0,0,0,2,2,0,0,2,0,0,2,0,0,0,0,0,0,0,0,0,0,0,0,0,0,0,0,0,0,0,0,0,0,0,2,0,2,0,0,0,0,0,0,2,0,0,0,0,0,2,0,0,0,0,0,0,0,0,2,0,0,0,0,0,0,0,0,0,0,2,0,0,0,0,2,0,0,2,0,0,0,0,0,0,0,0,0,0,2,2,0,0,0,2,0,0,0,2,0,0,2,2,0,0,0,2,0,0,0,0,0,0,0,2,0,0,0,0,0,0,0,2,2,0,2,0,2,0,2,0,2,0,0,0,0,0,0,0,2,0,2,0,0,0,0,0,0,0,0,0,0,2,2,2,0,0,2,0,0,0,0,2,0,0,0,2,0,0,0,0,0,0,0,2,0,0,0,0,2,0,0,2,0,0,0,0,2,0,0,0,0,0,0,0,0,0,0,0,0,2,2,0,0,2,0,0,0,0,0,0,0,0,0,2,2,0,0,0,0,2,0,2,0,0,2,2,2,2,0,0,0,2,2,2,2,0,0,0,2,0,2,2,0,0,0,0,0,2,0,0,0,2,0,0,0,0,0,0,0,0,2,0,0,0,0,0,2,0,0,0,2,0,2,0,0,0,0,0,0,0,0,0,2,2,0,0,0,2,0,2,0,0,2,0,0,0,2,0,0,0,2,0,0,2,0,0,0,2,2,0,0,2,2,2,2,2,2,2,2,0,2,2,2,2,0,0,0,0,0,2,2,2,0,0,0,2,0,0,0,0,0,0,0,0,0,2,0,0,0,0,0,0,2,0,0,0,0,0,0,2,2,0,0,0,0,0,0,0,0,0,0,0,0,0,2,0,0,0,2,0,0,0,0,2,0,0,0,0,0,0,0,0,0,2,0,0,2,0,0,0,2,2,0,0,0,2,2,0,0,0,0,0,0,0,2,2,0,0,2,0,0,0,2,2,0,0,0,2,0,0,0,0,NA,0,0,0,0,2,0,2,0,0,2,0,0,2,0,0,0,0,0,0,2,0,2,2,0,0,0,2,0,2,0,0,0,0,0,0,0,0,2,0,0,0,0,2,2,0,0,2,0,0,0,0,0,0,0,0,0,0,2,0,0,0,0,2,2,0,2,2,0,0,2,2,0,2,NA,0,0,NA,0,2,0,2,0,2,0,0,2,2,0,0,0,0,0,0,0,0,0,2,0,0,0,0,0,2,0,0,0,0,0,0,0,0,2,0,0,0,0,0,2,0,2,0,0,0,2,0,0,0,2,2,0,0,2,0,0,2,0,0,0,0,0,0,0,0,2,0,0,0,0,0,0,0,0,0,0,0,0,0,0,0,0,2,0,0,2,2,0,0,0,0,0,0,0,0,0,2,2,2,2,0,0,2,0,2,2,2,2,2,0,2,0,0,0
"CC269",0,0,0,0,NA,0,0,0,2,0,0,2,0,0,2,0,0,0,0,0,0,2,0,2,0,0,0,0,0,0,0,0,0,0,0,0,0,0,0,2,2,0,0,0,0,0,0,0,0,0,0,0,0,0,0,2,0,0,0,0,0,0,2,0,2,2,0,0,0,0,0,2,0,2,2,0,2,0,0,0,0,0,0,0,0,0,0,0,0,0,0,2,0,0,0,2,0,0,2,2,0,0,0,0,0,2,0,0,0,2,2,0,2,0,0,0,0,0,0,2,0,2,0,0,2,2,0,2,2,0,0,0,0,0,0,0,0,2,2,0,0,0,2,0,2,2,0,2,0,0,2,2,2,0,2,2,0,0,2,2,2,0,0,0,0,0,0,0,0,0,0,0,2,0,0,2,2,2,2,2,2,0,2,0,0,0,0,0,0,0,0,2,0,0,0,2,0,2,0,2,0,2,2,0,0,0,0,2,0,0,0,0,2,2,0,2,2,0,2,0,0,0,0,0,0,2,0,0,0,0,0,0,0,2,0,2,0,0,0,0,0,0,0,0,0,2,0,0,0,0,NA,2,0,0,2,0,0,0,0,0,0,0,2,0,2,0,2,0,2,0,2,0,0,0,0,0,0,2,2,0,0,0,0,2,0,0,0,2,0,2,0,NA,2,0,0,0,0,2,0,0,0,2,0,0,0,0,2,0,2,0,0,0,2,2,0,0,0,NA,2,0,0,2,2,0,0,0,0,0,0,0,2,2,0,2,2,0,0,2,2,0,0,2,0,0,0,2,2,0,2,2,NA,0,0,0,2,0,0,0,0,0,2,0,0,0,0,0,0,0,0,0,0,0,0,0,2,0,0,0,2,2,0,0,2,2,0,0,0,2,2,0,0,2,0,2,2,2,2,0,0,0,0,0,2,2,2,2,2,0,2,0,0,0,0,0,0,0,0,0,0,NA,2,2,2,0,0,0,0,0,2,2,0,2,0,0,0,0,0,0,0,0,0,0,0,0,0,0,0,0,2,0,2,0,0,0,2,2,0,0,0,2,0,0,2,0,0,0,0,0,0,0,0,2,2,0,0,0,0,0,0,0,0,0,0,0,0,0,0,2,0,0,0,0,0,2,0,0,2,0,0,0,2,0,2,0,0,0,0,0,0,2,0,2,0,0,0,0,0,0,0,2,0,0,2,0,2,0,0,2,0,0,0,0,0,0,0,0,0,0,0,0,0,0,0,2,0,0,0,0,0,0,2,0,0,0,0,0,2,0,0,0,0,0,0,0,0,0,2,0,0,0,0,0,0,0,2,0,0,0,2,0,2,2,0,0,0,0,0,0,0,2,0,2,0,0,0,0,0,2,0,0,0,0,0,2,0,0,0,0,0,0,2,0,0,0,0,0,0,0,0,0,0,2,0,0,2,2,0,2,0,0,0,2,0,2,0,0,2,2,2,2,0,2,0,2,0,2,0,0,2,0,2,2,2,2,2,0,2,2,0,2,0,2,0,2,2,0,0,0,0,2,0,0,0,0,0,2,2,0,2,0,0,0,2,0,2,0,2,0,0,0,0,0,0,0,0,0,2,0,0,0,0,2,0,0,0,2,2,0,0,0,0,2,2,0,2,0,0,2,0,2,2,0,0,0,0,0,0,0,0,2,0,2,0,2,0,2,0,0,0,2,0,0,0,2,0,0,0,0,2,2,0,0,0,0,0,0,0,0,2,0,0,0,0,0,0,0,0,2,0,0,2,2,2,0,0,NA,2,2,0,0,0,0,0,0,0,0,0,0,0,0,0,0,0,0,0,0,0,0,0,0,0,0,0,2,0,0,0,0,2,0,0,2,0,0,0,0,2,0,2,0,0,0,0,0,0,2,2,0,0,0,0,0,0,0,NA,0,0,0,0,0,2,0,0,0,0,0,0,2,0,0,0,2,0,0,0,0,0,0,0,0,2,0,2,0,2,0,0,0,0,0,2,0,0,0,2,0,2,0,0,0,0,2,0,0,2,2,0,2,2,2,0,0,0,0,2,0,2,0,0,0,0,0,0,0,2,0,0,2,0,0,0,0,0,0,2,0,0,0,0,0,NA,2,2,2,0,0,0,0,0,0,2,2,0,2,2,0,0,0,0,0,0,0,0,0,0,0,0,0,0,0,0,0,0,0,0,0,2,0,0,0,0,0,0,0,0,0,0,0,0,0,2,0,0,0,0,0,0,0,2,2,2,0,0,0,2,0,0,0,0,2,2,0,0,0,0,0,2,0,0,2,0,0,0,0,0,0,0,0,2,0,0,2,0,0,0,0,0,0,2,0,0,0,0,0,2,0,0,0,0,0,0,0,0,2,0,0,0,0,2,NA,0,0,0,0,0,2,0,0,0,0,0,0,0,0,2,2,0,0,2,2,0,2,2,0,0,0,0,2,0,0,2,0,0,0,0,2,0,0,2,0,2,2,0,0,0,0,0,0,0,0,0,0,0,0,2,0,0,0,0,0,0,0,0,0,0,0,0,2,2,0,2,2,0,0,0,2,0,2,0,2,0,2,2,2,0,2,0,0,0,0,2,0,2,0,0,2,0,0,0,2,0,2,0,0,2,0,0,2,2,0,0,2,0,2,0,0,0,0,0,2,2,2,0,0,0,0,2,0,2,0,0,2,0,0,0,2,0,0,0,0,0,0,2,0,0,0,0,2,0,0,2,0,0,2,2,0,0,0,2,0,0,2,2,0,0,2,0,0,0,0,0,0,0,0,0,0,0,0,0,2,2,0,0,0,2,0,0,0,0,0,0,2,0,0,0,0,0,0,0,0,0,0,0,0,0,0,2,0,2,0,NA,2,0,2,2,0,NA,2,0,2,0,0,0,2,2,2,0,0,0,0,0,0,2,0,0,0,0,0,2,0,0,0,0,0,0,2,0,2,0,2,2,2,0,0,0,0,0,2,0,0,0,2,0,0,0,0,0,0,0,2,0,0,0,0,0,0,0,0,0,0,0,0,2,2,0,0,2,0,0,2,0,0,0,2,0,0,0,0,0,2,0,2,0,0,2,0,2,0,2,0,0,0,2,0,2,2,2,0,2,0,0,0,0,2,0,0,2,0,2,2,2,0,0,0,0,0,0,0,2,0,0,0,2,2,0,2,2,0,0,0,0,0,2,0,2,0,0,0,0,0,0,0,0,0,0,0,0,2,0,0,0,0,0,0,2,0,0,2,2,0,0,0,0,0,0,2,0,0,0,0,2,0,0,2,0,0,2,0,2,0,0,0,0,0,0,0,0,0,2,0,0,0,0,2,0,2,0,0,0,0,0,0,0,0,0,0,0,0,2,0,0,0,0,0,0,0,0,0,0,2,0,2,0,2,2,0,0,0,0,0,0,2,2,0,2,0,0,0,NA,0,2,0,0,0,0,0,2,0,0,2,0,0,0,0,0,0,0,0,0,0,0,0,0,0,0,0,0,0,0,0,0,2,0,0,0,0,0,0,0,2,0,2,0,0,0,0,2,0,2,0,0,0,0,0,0,0,0,0,0,0,2,0,0,0,0,0,2,2,0,0,0,0,0,0,0,0,0,0,2,0,0,0,0,0,2,0,0,0,0,2,0,0,0,2,0,0,0,0,0,0,0,2,0,2,0,2,0,2,0,0,0,0,0,0,0,0,0,0,2,0,0,0,0,0,0,0,2,0,0,0,0,0,2,0,0,0,0,0,2,2,0,2,0,0,2,0,NA,2,2,0,2,0,0,0,0,0,2,2,0,0,0,0,0,2,2,0,0,0,0,0,0,0,2,0,0,2,2,2,2,0,0,0,0,0,0,0,0,0,2,0,0,0,0,0,2,0,0,0,0,2,0,0,0,0,0,0,0,0,0,0,2,2,0,2,0,0,2,2,0,0,2,0,2,2,0,2,2,2,0,0,0,0,0,0,0,2,0,0,2,0,0,0,0,0,0,2,2,0,0,0,0,0,0,0,0,0,2,0,0,0,0,0,0,0,0,0,NA,2,0,0,0,0,0,0,0,0,2,2,0,2,0,0,0,0,0,0,0,2,2,0,0,2,0,0,0,0,0,2,0,0,0,0,2,2,0,0,0,0,0,2,0,0,0,2,0,2,0,2,2,0,0,0,0,0,0,0,0,2,0,0,0,0,0,2,0,0,2,0,2,0,0,0,0,2,0,0,0,2,2,0,0,2,0,2,0,2,2,0,0,0,0,2,0,0,0,0,0,2,0,0,0,2,2,2,0,0,2,0,0,0,0,2,0,0,0,0,2,2,0,0,0,2,2,2,0,0,0,0,0,0,0,0,0,0,0,2,0,0,0,2,0,2,0,0,0,0,0,0,2,0,0,0,0,0,0,0,2,0,0,2,2,0,2,0,0,0,0,0,0,2,0,2,0,2,0,2,0,0,0,2,0,0,0,0,0,0,2,0,2,0,0,0,0,0,2,2,0,0,0,0,0,0,0,0,0,2,0,0,0,0,2,2,0,0,0,0,0,0,0,0,2,0,0,0,0,0,2,0,0,0,0,2,0,2,0,0,0,2,0,0,0,2,0,0,0,NA,0,0,0,0,0,2,0,0,0,0,2,0,0,0,0,2,0,2,0,0,0,0,0,0,2,2,2,2,2,2,0,2,0,0,0,0,0,2,0,0,0,0,0,2,2,0,2,0,0,2,2,0,0,2,0,0,0,0,0,0,2,0,0,0,2,2,2,2,0,2,2,0,0,2,0,0,0,2,0,0,2,0,0,2,0,0,0,0,0,0,0,0,0,0,0,0,0,0,0,0,0,0,0,2,0,0,0,0,0,2,2,2,0,0,0,0,0,0,0,0,2,0,2,0,2,0,0,NA,2,0,2,2,0,0,0,0,0,2,0,0,0,0,0,0,0,0,2,2,0,0,0,0,0,0,0,2,0,0,2,0,2,0,0,0,0,0,2,2,0,2,NA,0,0,0,0,0,2,0,0,0,0,0,2,0,2,0,0,2,0,0,2,0,2,0,0,0,0,2,0,0,0,0,2,0,0,0,0,0,0,2,0,0,0,2,0,2,2,0,0,2,0,0,0,0,0,0,2,0,0,0,0,0,0,0,0,0,0,0,2,NA,0,0,2,0,2,0,0,0,0,0,0,0,2,0,0,2,0,0,0,2,0,2,0,2,0,0,0,0,0,2,2,0,2,0,0,0,0,2,0,0,0,0,0,0,0,0,0,0,0,0,2,0,0,0,2,0,0,0,2,0,0,0,0,0,0,2,0,2,0,0,0,0,0,0,2,0,0,0,2,0,0,2,0,0,0,0,2,0,0,0,0,0,0,0,0,0,0,2,0,0,0,0,0,0,0,0,0,0,0,0,2,0,0,2,0,2,0,0,0,0,0,2,2,0,0,2,0,0,2,2,0,0,2,0,0,0,0,2,0,0,0,0,0,0,2,0,0,0,2,2,0,0,0,0,0,0,0,0,0,0,0,0,0,0,0,0,0,0,0,0,0,0,0,0,0,0,0,0,0,2,0,0,0,0,0,2,0,0,0,0,2,0,0,0,2,0,0,2,2,0,0,0,0,0,0,0,0,0,0,0,0,2,0,0,2,0,0,0,0,0,0,0,0,2,2,0,0,0,0,0,2,0,2,2,0,0,0,0,0,0,2,2,0,0,0,0,2,0,0,0,2,0,0,0,0,0,2,0,0,0,0,0,0,0,2,0,0,2,0,2,0,2,0,0,0,0,0,0,0,2,0,0,0,0,0,0,0,0,0,2,0,0,0,0,0,0,0,0,0,2,0,0,0,0,0,2,0,0,0,0,0,0,0,0,2,2,0,0,0,0,0,0,0,2,0,2,0,0,2,0,0,0,2,0,0,0,0,0,0,0,0,0,0,0,0,2,2,0,0,0,0,0,0,0,2,0,0,0,0,0,0,0,0,0,2,0,0,0,0,0,0,0,2,0,2,0,0,2,0,0,0,0,0,0,0,0,2,0,2,0,2,0,0,0,2,0,2,0,2,2,0,2,0,0,0,2,0,2,0,0,2,2,0,2,0,0,0,2,2,0,2,0,0,2,0,0,0,0,0,0,0,0,2,2,0,0,2,0,0,2,0,0,0,0,0,0,0,0,0,0,0,2,2,0,0,2,0,0,0,0,0,0,0,0,0,0,0,0,0,0,2,2,0,0,0,0,0,0,0,0,0,0,0,0,0,0,0,0,0,0,2,0,0,0,0,0,0,0,0,2,0,0,0,0,0,0,0,0,0,0,0,0,0,2,0,0,2,2,0,0,2,0,0,0,0,0,0,0,0,0,0,0,0,0,0,2,0,0,0,0,2,2,2,0,0,0,0,0,0,2,0,0,0,0,0,0,0,2,0,2,0,0,0,0,2,2,0,0,0,0,0,2,2,2,2,0,2,0,0,0,0,2,0,0,0,0,0,0,0,0,0,2,2,0,0,2,0,0,2,0,0,0,2,2,0,0,2,0,0,0,0,2,0,0,2,0,0,0,0,0,0,2,0,0,0,0,0,0,2,2,0,0,0,0,0,2,0,2,0,0,0,2,0,0,0,0,0,0,0,2,0,0,0,0,0,0,0,0,0,0,2,0,0,0,0,0,0,0,0,0,2,2,0,0,0,0,0,0,0,0,0,0,0,0,0,0,0,0,0,0,0,0,2,0,0,2,0,2,0,0,0,0,0,2,0,0,0,0,0,0,2,0,0,0,2,0,0,2,0,0,0,2,2,2,0,2,2,0,2,0,0,2,0,2,2,0,2,0,0,2,0,0,2,2,0,0,0,2,0,0,0,0,2,2,2,0,0,0,0,0,0,0,0,2,0,2,0,2,0,0,0,0,0,0,0,0,2,2,0,2,0,0,0,2,0,0,0,0,2,0,0,0,2,0,2,2,0,0,2,0,0,0,2,0,0,0,0,2,0,0,0,2,0,0,2,2,0,0,0,0,0,0,2,0,2,2,0,0,0,0,0,2,0,2,0,0,2,0,2,0,0,2,2,2,2,2,0,0,2,0,2,2,2,2,2,0,0,2,0,2,0,2,0,0,2,2,0,0,0,2,0,0,0,0,0,0,0,0,0,2,0,2,0,0,0,0,2,0,0,2,2,0,2,0,0,2,0,0,2,0,0,0,0,2,2,0,0,0,2,0,0,2,0,0,0,0,2,0,0,0,0,0,0,0,2,0,0,0,0,0,2,2,0,0,2,0,0,0,2,0,2,0,0,0,0,0,0,0,2,0,2,2,2,2,2,0,0,0,0,0,2,2,0,0,2,NA,2,0,0,0,0,0,2,0,0,2,2,0,NA,0,0,0,2,0,0,0,2,0,2,0,0,0,2,2,0,2,0,2,2,0,0,0,2,2,2,0,2,2,0,0,2,2,2,2,NA,0,0,0,2,2,0,0,0,2,0,0,0,2,0,2,0,0,0,0,2,0,0,0,0,0,0,2,2,0,0,2,2,0,0,0,0,0,0,0,2,0,2,0,0,0,0,0,0,0,0,0,2,0,0,2,0,2,0,2,0,0,0,0,0,0,0,0,0,0,0,0,0,0,2,0,0,NA,0,0,0,0,0,0,0,0,2,0,0,0,2,0,0,2,2,0,0,0,0,2,2,2,2,0,0,0,0,0,0,2,0,2,0,0,2,0,2,0,0,0,0,2,0,0,2,2,2,0,2,0,0,0,0,0,0,0,0,0,0,0,2,0,0,0,0,2,0,0,2,0,0,0,0,0,0,0,2,0,NA,2,0,2,0,0,0,0,0,0,0,0,2,2,2,0,0,2,0,0,0,0,0,0,2,0,0,0,2,2,2,0,2,0,0,2,2,0,0,0,2,0,0,0,0,2,2,2,2,0,0,0,0,0,0,0,0,0,0,0,0,0,0,2,0,2,0,0,0,2,0,0,0,0,0,2,0,0,2,0,0,0,0,0,0,0,0,0,2,0,0,2,0,0,0,0,0,2,0,0,NA,0,2,2,2,2,0,2,0,0,0,0,0,0,2,0,0,0,0,2,2,0,0,0,0,2,0,0,0,2,0,0,0,0,0,2,0,0,0,0,NA,0,0,2,0,2,2,0,0,0,0,0,0,2,0,2,0,2,2,0,0,2,2,0,0,0,0,2,0,2,0,2,NA,2,0,0,0,0,0,2,2,0,0,0,0,0,2,0,2,0,0,0,0,0,0,0,0,0,2,0,0,0,0,0,2,0,0,2,2,0,0,0,0,0,0,0,2,0,0,0,0,2,2,0,0,2,2,0,2,2,0,0,0,0,0,0,0,0,0,0,0,0,0,0,0,0,0,0,0,0,0,0,0,0,0,0,0,0,0,0,0,0,0,2,0,0,2,0,0,0,0,0,0,0,0,0,0,0,0,0,0,2,0,0,0,0,0,0,0,0,2,0,0,0,0,0,0,2,0,0,0,0,0,0,0,0,2,0,2,0,0,0,0,0,2,0,0,0,0,2,0,0,0,0,0,2,0,0,0,2,0,0,0,2,0,0,0,0,0,2,2,0,0,2,0,0,0,2,0,2,2,0,0,0,2,0,0,0,0,0,2,0,0,2,2,2,0,0,0,2,0,0,0,0,0,0,2,0,0,0,2,0,0,0,2,0,0,0,0,0,2,2,0,2,0,2,2,0,0,0,0,0,0,0,0,0,0,0,0,0,0,0,0,0,0,2,2,0,0,0,0,0,2,2,0,0,0,0,0,0,0,0,0,0,0,0,2,0,2,0,0,2,0,0,2,2,0,2,2,0,0,2,0,0,2,0,0,0,0,0,0,2,0,0,2,2,0,2,2,0,0,0,0,0,2,2,0,0,0,0,0,0,2,0,0,2,0,0,2,0,2,2,0,0,0,2,0,0,0,2,0,2,0,2,2,0,0,0,2,2,2,2,0,2,2,0,0,0,0,0,0,0,0,0,0,0,0,0,0,0,0,0,0,0,0,0,0,0,0,0,0,0,0,0,0,0,0,0,0,2,0,0,0,0,0,0,0,0,0,0,0,0,0,0,0,0,0,2,0,0,0,0,2,0,0,0,0,0,0,0,0,0,0,0,0,2,0,0,0,2,0,0,0,2,0,0,2,0,0,0,2,0,0,0,0,0,2,0,0,0,2,2,0,0,0,0,0,0,0,0,0,2,2,0,0,0,2,0,0,0,2,0,0,0,2,2,0,2,0,0,0,0,0,0,0,0,0,0,0,0,0,0,0,0,2,0,0,0,0,0,2,0,0,0,0,0,0,0,0,2,0,0,0,0,0,2,0,0,0,0,0,0,0,2,0,0,0,0,0,0,0,0,0,0,2,NA,0,0,0,0,2,0,0,0,2,0,0,0,2,0,2,0,0,0,0,0,0,0,0,0,0,0,0,0,2,0,0,0,0,0,2,0,0,0,0,0,0,0,0,0,2,2,2,0,0,0,2,0,0,0,2,0,0,0,0,2,0,0,0,2,0,0,0,0,0,0,0,0,0,0,0,0,2,0,0,0,0,0,0,0,2,0,0,0,2,0,2,0,0,0,0,0,0,0,2,0,0,0,0,NA,2,0,0,0,0,2,0,2,0,0,2,2,0,0,0,2,0,0,0,0,0,0,0,0,2,2,2,2,0,0,0,0,0,0,0,0,0,0,0,2,0,2,0,2,0,0,0,0,0,0,0,0,0,0,0,0,0,0,0,0,2,0,2,0,0,0,0,0,0,0,0,2,2,0,0,0,0,0,0,0,0,0,0,0,0,0,2,0,0,0,0,0,0,0,0,2,0,2,2,2,0,0,2,0,2,0,0,0,0,0,2,0,0,2,2,0,2,2,0,0,0,0,2,2,0,2,2,0,2,0,0,2,2,2,0,0,0,2,2,2,0,0,2,0,0,0,0,0,2,0,0,0,2,0,2,2,2,0,0,0,0,0,0,2,2,0,0,2,2,0,0,0,2,2,0,0,2,0,2,0,2,0,0,0,0,2,0,2,0,0,0,0,2,0,0,2,0,0,2,2,0,2,0,NA,2,NA,2,0,0,0,2,0,0,0,2,2,0,0,2,0,0,0,0,0,2,0,0,0,2,2,0,0,0,0,0,2,2,0,0,0,0,0,0,0,0,2,0,0,0,0,2,0,0,2,0,0,0,2,0,0,0,0,0,0,0,2,0,2,0,2,0,0,2,2,0,0,0,2,0,2,2,2,0,2,0,0,2,0,0,0,0,2,0,0,0,0,2,0,0,0,0,0,0,0,0,0,0,0,0,0,2,0,0,0,0,2,2,0,2,0,2,2,0,0,2,2,0,0,0,0,2,0,2,2,0,0,0,0,2,0,0,0,0,0,0,0,0,0,0,0,2,2,0,0,0,2,2,0,2,0,0,0,2,2,2,2,0,0,0,0,2,0,2,2,0,2,0,0,2,2,0,0,0,0,0,0,0,2,2,0,0,0,0,0,0,0,0,0,0,0,0,2,2,0,2,0,0,0,0,2,0,2,0,0,0,0,0,0,0,2,0,0,0,0,0,0,2,0,0,0,2,0,0,0,0,0,0,2,0,0,0,0,0,2,0,0,0,2,2,0,0,0,0,2,0,2,2,0,0,0,0,0,0,0,0,0,2,0,0,0,0,0,0,0,0,0,0,0,0,0,0,0,2,0,2,0,0,0,0,0,0,0,2,0,0,0,2,2,2,0,0,0,0,2,0,0,2,0,0,0,0,0,0,2,0,0,0,2,2,2,0,0,0,0,2,2,0,0,0,0,2,2,0,0,0,0,0,2,2,0,0,0,2,0,0,0,0,2,0,0,0,2,2,2,2,0,0,0,0,2,0,2,2,0,2,0,0,0,0,2,0,0,2,2,0,2,0,0,0,2,2,2,2,0,0,0,2,0,0,0,0,0,0,2,0,0,0,NA,2,0,0,0,2,2,2,0,2,0,0,0,2,0,2,2,0,2,2,0,0,0,2,0,0,0,0,2,0,0,0,0,0,0,2,0,0,0,0,0,2,0,2,0,0,0,0,0,0,0,0,0,0,0,0,0,0,2,0,0,0,0,2,0,2,2,0,2,0,0,0,0,0,2,0,0,0,0,0,0,0,0,0,0,2,0,0,2,0,0,2,0,0,0,0,0,2,0,0,0,0,0,0,2,0,2,2,0,0,0,0,0,0,0,2,0,2,2,0,0,2,0,2,2,2,0,0,0,0,NA,0,2,0,0,0,0,0,2,0,0,0,0,0,2,0,2,2,0,0,2,2,0,0,0,0,0,0,0,2,0,0,0,2,0,0,0,0,0,0,0,0,0,0,0,0,0,0,0,0,0,0,2,0,0,0,0,2,2,0,0,0,2,0,2,0,2,2,0,0,0,0,0,0,2,2,0,0,2,0,0,2,2,0,0,0,2,2,0,2,0,0,0,2,0,0,0,0,0,0,0,2,0,0,0,2,0,0,0,0,0,2,0,0,0,0,0,2,2,2,2,NA,2,0,0,2,2,0,0,0,2,0,0,0,0,0,0,0,2,0,0,0,0,0,2,2,2,0,0,0,0,0,0,0,0,2,0,0,2,0,0,2,2,0,0,0,2,0,2,0,2,2,0,0,NA,2,0,0,0,2,0,2,0,0,0,2,2,0,2,0,0,0,2,0,0,0,0,0,2,0,2,0,2,0,2,0,0,2,0,0,0,2,0,0,0,NA,0,0,0,0,0,0,2,2,0,0,0,0,0,0,2,0,2,0,0,0,0,0,2,2
"CC27",0,2,0,0,0,2,0,0,0,0,2,0,0,0,0,2,0,0,0,2,2,0,0,2,0,0,0,0,0,0,0,2,0,0,0,2,0,0,0,0,0,0,0,0,0,0,0,2,0,0,0,0,0,0,0,2,2,0,0,0,0,2,0,0,2,0,0,0,0,0,0,2,0,0,0,0,0,0,0,0,0,0,0,0,0,0,0,0,2,0,0,0,0,0,0,2,0,0,0,0,0,0,0,0,0,0,0,0,0,0,2,2,0,0,0,0,0,0,0,0,0,0,0,0,0,2,0,2,0,0,0,0,0,0,0,0,0,0,0,0,0,0,0,2,0,0,0,2,0,2,2,0,0,0,0,2,0,0,0,0,0,0,0,0,0,0,2,0,0,0,0,0,0,0,0,0,0,0,0,0,0,0,2,0,2,0,0,2,0,0,0,2,2,0,0,0,0,2,0,0,0,0,0,0,0,0,0,0,0,0,0,0,0,0,0,2,2,0,0,0,0,0,0,0,2,2,0,0,0,0,0,0,0,0,0,0,2,0,0,0,0,0,0,0,0,0,2,0,0,0,0,0,0,0,0,0,0,0,0,0,2,0,0,0,0,0,2,2,0,2,0,0,0,0,0,0,2,2,2,0,2,0,0,0,0,0,0,2,0,0,0,2,2,0,0,0,0,0,0,0,0,0,0,0,0,0,2,0,2,0,0,0,0,0,0,0,0,0,0,2,0,0,0,0,0,0,0,0,2,0,0,0,2,0,0,2,0,0,0,0,0,2,0,0,0,0,0,0,2,0,2,2,0,0,0,0,0,0,0,0,0,0,0,0,0,0,0,0,0,2,0,0,2,0,0,0,0,0,0,0,0,0,0,0,0,0,0,0,0,0,0,0,0,0,0,0,0,0,2,0,0,0,0,2,0,2,0,0,0,0,0,0,0,0,0,0,0,0,0,0,0,2,0,0,0,2,0,0,2,0,0,0,0,2,0,0,0,0,0,0,0,0,0,0,0,0,0,0,0,0,0,0,0,0,2,2,0,0,0,2,2,0,0,0,0,0,0,2,0,0,0,0,2,0,0,2,0,0,0,2,0,0,0,0,2,0,2,2,0,0,0,0,0,0,0,0,2,0,0,0,0,0,0,0,0,0,0,0,2,2,0,2,2,0,0,0,0,0,0,0,0,2,0,0,0,0,0,NA,0,0,2,0,0,0,0,2,0,2,0,2,0,0,0,0,0,0,0,0,0,2,0,0,0,2,0,0,0,0,0,0,0,0,0,0,0,0,2,0,0,0,0,0,0,0,0,0,0,0,2,0,2,0,0,0,0,2,0,0,0,0,0,0,0,0,2,0,2,0,2,0,0,0,0,0,0,0,0,0,2,0,0,0,0,0,0,0,2,0,0,0,0,0,0,0,0,0,0,0,0,0,0,0,0,2,2,0,0,0,0,0,0,0,0,0,2,2,0,2,0,0,0,0,0,0,0,0,0,0,0,0,0,0,0,0,0,0,0,0,0,2,0,0,2,0,0,0,0,0,0,0,0,0,0,0,2,0,0,0,0,0,0,0,0,0,0,0,0,0,0,0,0,0,0,0,0,0,0,0,0,0,0,0,2,0,0,0,0,0,0,0,0,0,0,0,0,0,0,0,0,0,0,0,0,0,0,0,0,0,0,0,0,0,0,0,0,0,0,0,0,2,0,0,0,0,0,0,0,0,0,0,0,0,2,2,0,0,0,0,0,0,0,0,0,0,0,0,0,2,0,0,0,0,0,0,0,2,0,0,0,0,0,0,0,2,0,2,0,0,0,0,0,0,2,0,0,0,0,2,0,0,2,0,0,0,0,0,0,0,0,0,0,2,2,0,0,0,2,0,0,0,0,0,0,0,0,0,2,0,0,0,2,2,0,0,0,0,2,0,0,2,0,0,2,0,2,0,0,0,0,0,2,0,0,0,0,0,2,2,0,0,0,0,0,2,0,0,0,0,0,0,0,0,0,2,0,2,0,0,0,0,0,0,0,0,0,0,2,0,0,0,0,0,0,0,0,0,0,2,0,0,0,0,0,0,0,2,0,0,0,2,2,0,0,0,0,2,0,0,0,0,0,0,0,0,0,0,0,0,0,0,0,0,0,0,2,0,0,0,0,2,2,0,2,0,0,0,0,0,0,0,0,0,0,0,2,0,0,0,0,2,0,0,0,0,0,0,0,0,0,0,0,0,0,0,0,0,0,0,0,0,0,2,2,0,0,0,0,0,0,0,0,0,0,0,0,NA,2,0,2,0,0,0,0,0,0,2,0,0,0,0,0,0,0,0,0,0,0,0,0,2,2,0,0,0,0,0,0,2,0,0,0,0,0,0,0,0,0,2,0,0,0,0,0,0,0,0,0,0,0,0,0,0,0,0,0,0,0,0,0,0,0,0,0,0,0,0,2,2,0,0,0,0,0,0,0,0,0,0,0,0,0,0,0,2,0,0,0,0,0,0,0,0,0,0,0,0,0,0,0,0,0,0,0,0,0,0,0,0,0,0,2,0,0,2,0,0,0,2,0,2,0,0,0,0,0,0,0,2,2,2,0,0,0,2,0,0,0,0,0,0,0,0,2,0,0,0,0,0,0,0,0,0,0,0,0,2,0,0,0,2,2,2,0,0,0,0,0,0,0,0,0,2,0,0,0,0,0,0,0,0,0,0,0,0,0,0,0,0,0,0,0,2,0,0,0,0,0,0,0,2,0,0,0,0,0,0,0,2,0,0,0,2,2,0,0,0,0,2,0,0,0,0,0,0,0,0,2,0,0,0,0,2,0,0,0,0,2,2,2,2,2,0,0,0,0,0,2,0,0,0,0,0,0,0,2,0,0,2,0,0,0,0,0,2,0,0,0,0,2,0,2,2,2,0,2,0,0,0,0,0,0,0,2,0,2,0,0,0,0,0,0,0,2,0,0,0,0,0,0,0,0,0,0,2,0,0,0,2,2,0,0,0,2,0,0,0,0,2,0,0,0,2,0,0,0,0,0,0,0,2,0,0,0,2,0,0,0,2,0,0,0,0,0,0,0,0,0,0,0,0,0,0,2,0,0,0,0,0,0,2,2,2,0,0,2,0,0,0,0,0,0,0,0,0,2,0,0,0,0,2,0,0,0,2,0,0,0,0,0,0,0,0,0,0,0,0,0,0,2,2,0,0,0,2,0,0,0,0,0,0,0,0,0,2,0,0,0,0,0,0,2,0,2,0,2,0,0,0,0,0,0,0,0,0,0,0,0,0,0,0,0,0,0,0,2,0,0,0,0,2,0,0,0,0,0,2,0,0,0,0,0,0,0,0,0,0,0,0,0,0,0,0,0,0,0,0,0,2,0,0,0,0,0,0,0,0,0,0,0,0,0,0,0,0,0,0,0,0,0,0,0,0,0,0,0,0,0,0,0,0,0,0,2,0,0,2,2,0,0,0,0,0,0,0,0,0,2,0,0,0,0,0,0,0,0,2,0,2,0,0,0,0,0,0,0,0,0,0,0,0,0,0,0,0,2,0,0,0,0,0,0,0,0,0,0,0,0,0,0,0,0,0,0,2,0,0,0,0,0,0,0,0,0,0,0,0,2,0,0,0,2,0,0,0,0,0,0,0,0,0,0,0,0,0,0,0,0,0,0,0,0,0,0,0,0,0,0,0,2,0,0,2,0,0,0,0,0,2,0,0,0,2,0,0,0,0,0,0,0,0,0,0,2,0,0,0,0,0,0,0,0,2,0,0,0,2,0,0,0,0,2,0,0,0,0,0,0,0,2,0,2,0,0,0,0,0,0,0,2,0,0,0,0,0,0,0,0,0,0,0,0,0,0,0,0,2,0,0,0,2,2,0,0,0,2,0,2,0,0,0,0,0,0,0,0,0,0,0,0,0,0,0,0,0,0,0,0,0,0,0,2,0,0,0,0,0,0,0,0,0,0,0,0,0,0,2,0,0,0,0,0,2,0,0,0,0,0,0,0,0,0,0,0,0,0,0,0,0,0,0,0,0,0,0,0,0,0,0,2,0,0,0,0,0,0,0,0,0,0,0,0,0,2,0,0,0,0,0,0,0,0,0,0,0,0,0,0,0,2,2,0,0,0,0,0,0,0,0,0,0,0,2,0,0,0,0,0,2,0,0,0,0,2,2,0,0,0,0,0,0,0,0,0,0,0,0,0,0,0,0,0,0,0,0,0,0,0,0,0,0,0,0,0,0,0,0,0,0,0,0,2,0,2,0,0,0,0,0,0,0,0,0,0,0,0,0,0,0,0,0,0,0,0,2,0,0,0,0,0,2,0,0,2,0,0,0,0,0,0,0,0,0,0,0,0,0,2,0,0,0,0,0,0,0,2,0,0,0,0,0,0,0,0,0,0,0,0,0,0,0,0,0,0,0,0,0,0,0,0,0,0,0,0,0,2,0,0,2,0,0,0,0,0,0,0,0,0,2,0,0,2,2,0,0,0,0,0,0,0,0,0,2,0,0,0,0,0,0,0,0,0,0,0,0,0,0,0,0,0,0,0,0,0,2,0,2,0,0,0,0,0,0,0,0,2,2,0,0,0,0,0,2,0,0,0,0,0,0,0,0,0,0,0,0,2,0,2,2,0,0,0,0,0,0,0,0,0,0,0,0,0,2,0,0,0,0,0,0,0,0,2,0,0,0,0,0,2,2,0,0,2,0,2,2,0,2,0,2,0,0,0,0,0,0,0,0,0,0,0,0,0,0,0,0,2,0,2,0,0,0,0,0,0,0,2,0,0,0,0,0,0,0,0,2,0,0,0,0,0,0,0,0,0,0,0,0,0,0,0,0,0,0,0,0,0,0,0,0,0,0,0,0,0,0,0,0,0,0,0,0,0,0,0,0,0,2,0,0,0,0,0,2,0,0,0,2,0,0,0,NA,2,0,0,0,0,0,0,0,0,0,0,0,0,0,0,0,0,0,0,0,0,0,2,0,0,2,0,0,0,2,2,2,2,0,0,0,0,0,0,0,0,0,2,2,0,0,2,0,2,2,0,0,0,0,2,0,0,0,0,0,0,2,0,0,2,0,0,0,0,0,0,0,0,0,2,2,0,0,2,0,2,0,0,0,2,0,2,0,0,0,0,2,0,0,2,0,2,0,0,0,0,0,0,0,0,2,2,0,0,0,0,0,0,2,0,0,0,0,0,0,2,0,0,0,0,0,0,0,0,0,2,0,0,2,0,0,0,0,0,2,0,0,0,0,0,0,0,0,0,0,0,0,0,0,0,0,0,0,0,0,0,0,0,0,0,0,2,2,0,0,0,0,0,0,0,0,0,0,0,0,0,0,0,0,0,0,0,0,0,0,0,0,0,0,0,0,2,0,2,0,0,0,0,0,0,0,0,0,0,0,2,0,0,0,0,0,0,0,0,0,0,0,0,0,0,0,0,0,0,2,0,0,0,0,0,0,0,0,0,0,0,0,0,0,0,0,0,0,0,0,2,0,0,0,0,0,0,0,0,0,0,0,0,0,0,0,0,0,0,0,0,0,0,0,0,0,0,0,0,0,0,0,0,0,0,0,0,0,2,0,0,0,0,0,0,0,2,0,0,0,0,0,2,0,0,0,0,2,0,0,0,2,2,0,0,0,0,0,2,0,2,0,0,0,0,0,0,0,0,2,2,0,0,0,0,0,0,0,0,0,0,0,0,0,0,0,0,0,0,0,0,0,2,2,0,0,0,0,0,2,2,0,0,0,2,0,0,0,0,0,2,0,0,0,0,0,0,2,0,0,2,0,0,0,0,0,0,0,0,0,0,NA,2,0,0,0,0,2,2,2,0,0,0,0,0,0,2,0,0,NA,2,0,0,0,0,0,0,2,0,0,0,0,0,2,2,0,2,2,2,0,0,0,0,2,0,0,0,0,2,0,0,2,0,0,0,0,0,0,0,2,0,0,0,0,2,0,0,0,2,0,0,0,0,0,0,0,0,2,0,0,0,2,0,2,0,2,0,2,0,0,0,0,0,2,0,0,0,0,0,0,0,0,0,0,0,0,0,0,0,0,0,0,0,0,0,0,0,0,0,0,0,0,0,0,0,0,0,2,0,0,0,0,0,2,0,0,0,0,0,0,2,NA,0,0,0,0,0,0,0,0,0,0,0,0,0,0,0,0,0,0,0,2,0,0,2,0,0,0,0,0,0,0,0,0,0,0,0,2,0,0,0,0,0,0,0,2,0,0,2,0,0,0,0,0,0,0,0,0,0,0,0,0,2,0,0,0,0,0,0,0,0,0,0,0,2,0,0,0,0,2,0,0,0,0,0,0,0,0,0,0,0,0,0,0,0,0,0,0,0,0,2,2,0,0,0,0,0,2,0,0,0,0,0,0,2,2,0,0,0,0,0,2,0,2,0,2,0,0,2,0,2,0,0,2,0,2,0,0,0,0,0,0,0,2,0,0,0,0,0,0,0,0,2,0,0,0,0,2,0,0,0,2,0,0,2,0,0,0,0,0,0,2,0,0,0,0,0,0,0,2,2,0,2,0,2,0,0,0,2,0,2,2,0,0,0,0,0,0,0,0,0,0,2,0,0,2,2,0,0,0,0,0,0,0,0,0,0,0,2,0,0,0,0,0,2,0,0,0,2,0,0,0,0,0,0,0,0,0,0,0,2,0,0,0,0,0,0,0,0,2,0,0,0,0,0,0,0,0,0,2,0,0,0,0,0,0,0,0,0,0,0,0,0,0,0,0,0,0,0,0,0,2,0,0,0,0,0,0,0,0,0,2,0,0,0,0,0,2,0,0,0,0,0,0,0,0,2,0,2,0,0,2,0,0,0,0,0,0,2,0,0,0,0,0,0,0,0,0,0,0,0,0,0,0,2,2,2,0,0,0,0,2,0,2,0,0,0,0,0,2,0,0,0,2,0,2,2,0,0,2,2,0,0,0,2,2,0,0,0,2,0,0,0,0,0,0,0,0,0,0,0,0,0,0,0,0,2,0,0,0,0,0,2,0,2,0,0,0,0,0,2,0,2,0,0,0,0,2,0,2,0,0,0,0,0,0,2,0,0,0,0,2,0,0,2,2,0,0,0,0,0,2,0,0,0,0,0,2,2,2,2,0,2,0,0,0,0,0,0,0,0,0,0,0,0,0,0,0,0,0,2,0,0,0,0,2,0,0,0,0,0,0,0,0,0,0,0,0,0,0,2,0,0,0,0,0,0,2,0,0,0,0,0,0,0,0,0,0,0,0,0,0,0,0,0,0,0,0,2,0,0,0,0,0,0,0,0,0,0,0,0,0,0,0,0,0,0,0,0,0,0,0,0,0,0,0,0,0,0,0,0,0,0,0,0,0,0,2,0,0,0,0,0,0,2,0,0,0,0,0,0,0,0,0,0,0,0,0,0,0,2,0,0,0,2,0,0,0,0,0,0,0,0,0,0,0,0,0,0,0,2,0,2,0,0,0,0,0,0,0,0,0,0,2,0,0,0,0,0,0,0,0,0,0,0,0,0,0,0,0,0,0,0,2,2,0,0,0,0,0,2,0,0,0,0,2,0,0,0,2,2,0,0,0,0,0,0,0,0,0,0,0,0,0,0,0,0,0,0,0,0,0,0,0,0,0,0,0,2,0,0,0,0,0,0,0,0,0,0,0,2,0,2,2,0,0,0,0,0,2,0,0,0,0,0,0,0,0,0,0,0,2,0,0,0,2,2,0,0,0,0,0,2,0,0,0,0,0,0,0,0,2,0,0,0,0,0,0,0,0,0,0,0,0,0,2,0,0,0,0,0,0,2,0,0,2,0,0,2,0,0,0,0,0,0,0,0,0,0,0,0,0,0,0,0,0,0,0,2,0,0,2,2,0,0,2,0,0,0,0,2,0,0,0,0,0,0,0,0,0,0,0,0,0,0,0,0,0,0,2,2,0,0,0,0,0,0,2,0,0,0,0,0,0,0,0,0,2,2,0,0,0,0,0,0,2,2,2,0,2,2,0,0,0,0,2,2,0,0,0,2,2,0,2,0,0,2,0,0,0,0,0,2,0,0,0,0,0,2,0,0,0,0,0,0,0,0,0,0,0,0,0,0,0,2,0,0,0,0,0,0,0,0,0,0,0,0,0,0,0,0,0,2,0,0,2,0,0,0,0,0,0,2,0,0,0,0,2,0,2,0,0,0,0,0,0,0,0,0,0,0,2,0,0,0,0,0,2,0,0,0,0,0,0,0,0,0,0,0,0,0,0,0,0,0,0,0,0,0,0,0,0,0,0,0,0,0,0,2,0,2,0,0,0,0,0,0,0,0,0,0,0,0,0,0,0,0,0,0,0,0,0,0,0,0,0,0,0,0,0,0,0,0,0,0,0,2,0,0,0,0,0,0,0,0,0,0,0,0,0,0,0,0,0,0,2,0,0,0,0,0,0,0,0,2,0,2,0,2,0,0,0,0,0,0,0,0,0,0,0,0,0,0,0,0,0,0,0,0,0,0,0,0,0,2,2,2,2,0,2,0,0,0,0,2,0,0,0,0,0,0,0,0,0,0,2,0,0,0,0,0,0,0,0,0,2,0,0,0,0,0,2,0,0,0,0,0,0,2,2,0,0,2,0,0,2,0,0,2,0,0,0,0,0,2,0,0,0,0,0,0,0,0,0,2,0,0,0,0,0,0,2,0,0,0,0,0,2,0,0,0,0,0,0,0,0,0,0,0,0,0,0,0,0,0,2,0,0,0,0,0,0,0,0,0,0,0,0,0,0,0,0,0,0,0,0,0,0,0,0,0,0,2,0,0,0,0,0,0,0,0,0,0,0,0,0,0,0,0,0,0,0,0,0,2,0,0,0,2,0,0,0,2,2,0,2,0,2,2,2,2,0,0,0,0,0,0,0,0,0,0,0,0,0,0,0,2,0,0,0,0,0,0,0,0,0,0,0,0,0,2,0,0,0,0,0,0,0,2,0,0,0,0,0,0,0,0,0,0,0,0,0,0,2,0,0,0,2,0,0,2,0,0,0,0,0,0,0,0,0,2,0,0,0,0,0,0,0,0,0,0,0,2,0,0,0,0,0,0,0,0,0,0,0,2,0,0,2,0,0,0,0,0,0,0,2,0,0,0,0,0,0,2,0,0,0,0,0,0,0,0,2,2,0,0,0,0,0,0,0,0,0,0,2,0,0,0,0,0,0,0,2,2,2,2,0,0,0,0,0,2,0,0,0,0,0,2,0,0,0,0,0,0,0,0,0,2,0,0,0,0,0,0,0,2,0,0,2,0,2,0,0,0,0,0,0,0,0,0,0,0,0,2,0,0,0,0,0,2,0,0,0,0,0,0,0,2,0,0,0,0,0,0,0,0,0,2,0,0,0,0,0,0,0,0,0,0,0,0,0,0,0,0,0,2,0,0,0,2,0,0,0,0,0,0,0,2,0,0,0,0,0,0,2,0,0,2,0,2,2,0,0,0,0,0,0,0,0,0,0,0,0,0,0,0,0,0,0,0,0,0,0,0,0,0,0,0,2,2,0,0,0,0,0,0,0,0,0,0,0,0,2,0,0,0,0,0,0,0,0,0,0,0,0,0,0,0,0,0,0,0,0,0,0,2,0,0,0,0,0,0,0,0,0,0,0,0,0,2,0,0,0,0,0,0,0,0,0,0,2,0,0,0,0,0,0,0,2,0,0,0,0,0,0,2,0,0,0,0,0,0,0,0,0,0,0,0,0,0,0,0,2,0,0,0,0,2,0,0,0,0,0,0,0,0,0,0,0,0,0,0,2,2,2,0,0,2,0,0,0,0,0,0,2,0,0,2,2,0,2,0,0,0,0,0,0,0,0,0,0,0,2,0,0,0,0,0,0,0,0,0,0,0,0,2,0,0,0,0,0,0,0,0,0,0,0,0,0,0,0,0,0,0,0,0,2,0,2,0,2,0,0,0,0,0,0,0,0,0,0,0,0,2,0,0,0,0,0,2,0,0,0,0,0,2,0,0,0,0,0,0,0,0,0,0,0,2,0,0,0,0,0,0,0,0,0,0,0,0,0,0,0,0,0,0,0,0,0,0,0,2,0,0,0,0,0,0,0,0,0,2,0,2,0,0,2,0,2,0,2,0,0,2,2,0,0,0,0,0,0,0,0,0,0,0,0,0,0,0,0,0,2,0,0,0,0,0,0,0,0,2,0,0,0,0,0,0,0,0,0,0,0,0,2,2,0,0,0,2,0,0,0,2,0,0,0,0,2,0,0,0,0,0,0,0,2,0,0,0,0,0,2,0,0,0,0,0,2,0,0,0,0,0,0,0,0,0,0,0,0,0,2,0,0,0,0,0,2,0,0,0,0,2,0,0,2,0,0,0,0,0,0,0,0,0,0,0,2,0,0,0,0,0,0,0,0,0,2,0,0,2,0,0,0,0,0,0,0,0,0,0,0,0,0,0,0,0,0,0,2,0,0,0,0,0,0,0,0,2,2,2,0,0,0,0,0,0,2,0,0,0,0,0,0,0,0,0,0,2,0,0,0,0,0,0,0,0,0,0,0,2,2,0,0,0,2,2,0,0,0,0,0,0,0,2,0,0,0,0,0,0,0,0,0,2,0,0,0,0,0,0,0,0,2,0,0,0,0,0,0,0,0,0,0,0,0,0,2,0,0,2,2,2,2,2,0,0,0,0,0,2,0,0,0,0,0,0,0,0,0,2,0,0,0,0,2,0,0,0,0,0,2,2,0,2,0,0,2,0,0,0,0,0,0,0,0,0,0,0,0,0,0,0,2,0,0,0,0,0,0,0,0,0,2,0,0,0,0,0,0,0,0,0,2,2,0,0,2,0,0,0,2,0,0,0,2,0,0,2,0,0,0,0,0,0,0,0,0,0,0,0,2,0,0,0,0,0,0,0,0,2,0,0,0,0,0,2,0,0,0,0,0,0,0,0,0,0,0,0,0,0,0,0,2,2,0,0,0,0,0,0,0,0,0,0,0,2,0,0,0,0,0,0,2,2,0,0,0,0,0,0,0,0,0,2,2,0,0,0,0,2,2,0,0,0,0,2,0,0,2,0,0,0,2,0,0,0,0,0,2,2,0,2,0,0,0,0,2,0,0,0,0,2,0,0,0,0,0,0,0,0,2,0,0,2,2,0,0,0,0,0,2,0,0,2,0,0,0,0,2,0,0,0,0,0,2,2,0,2,0,0,0,0,2,0,0,0,0,2,2,0,0,0,2,0,2,0,0,0,2,2,0,0,2,2,2,0,NA,2,0,2,2,0,0,0,0,0,0,0,2,0,2,0,2,0,0,0,0,0,0,2,2,0,0,0,0,0,2,0,0,2,2,2,0,0,2,0,2,2,0,0,0,0,0,0,0,2,2,0,0,0,0,0,2,0,0,2,2,0,0,0,0,2,0,0,2,0,0,2,0,0,2,0,0,2,0,0,2,0,2,0,0,0,0,2,0,0,0,2,0,0,0,0,0,2,0,0,0,0,0,2,0,NA,0,0,0,2,0,0,0,0,0,0,0,2,0,0,0,2,2,0,0,0,0,0,0,2,0,0,0,0,0,0,2,0,2,2,0,0,0,0,0,0,0,0,0,2,0,0,0,2,2,0,2,0,0,0,2,0,0,2,0,0,0,0,0,0,2,0,0,0,2,0,0,0,0,2,0,0,0,0,0,0,0,0,0,0,0,2,0,0,0,0,0,0,0,0,2,0,2,0,0,0,2,2
"CC270",0,0,0,0,2,2,0,0,0,0,0,0,0,0,0,0,0,0,0,2,0,0,2,0,0,0,2,0,0,0,0,0,0,0,0,0,2,0,0,0,0,2,0,0,0,0,0,0,0,2,2,0,0,0,0,0,0,0,2,2,0,0,0,0,2,0,2,0,0,0,0,0,2,0,0,2,2,0,0,2,0,0,0,2,2,0,0,2,0,0,0,0,0,2,0,2,0,0,0,0,0,0,0,0,2,0,2,0,0,2,0,0,2,0,0,0,2,0,0,2,0,0,2,0,0,2,0,0,0,0,0,0,0,0,0,0,0,0,0,0,0,2,0,0,0,0,2,2,0,2,0,0,0,0,0,0,2,0,0,0,0,0,0,2,0,0,0,2,2,2,0,2,2,2,0,0,0,2,2,2,0,2,0,0,0,0,0,0,0,0,0,2,0,0,0,0,0,2,0,0,0,0,0,0,0,0,0,0,2,0,2,0,2,0,2,2,2,0,2,2,0,2,2,0,0,0,0,0,0,0,0,2,0,2,0,2,2,0,0,0,0,0,0,0,0,0,0,2,0,0,0,2,0,2,0,0,2,2,0,0,0,0,2,0,0,0,0,0,0,0,2,2,2,0,0,2,2,2,2,0,0,0,0,0,0,2,2,2,0,2,0,0,0,0,0,0,0,0,0,0,2,0,0,2,0,0,0,2,0,0,0,0,0,0,0,0,0,0,2,0,0,0,0,0,0,0,0,0,0,0,0,2,0,0,0,0,0,0,2,0,0,2,0,0,2,0,0,0,2,2,0,0,0,0,0,2,0,0,2,0,2,2,0,0,0,2,0,0,0,2,0,0,2,2,2,0,0,0,2,0,0,0,0,0,0,0,2,2,2,0,0,2,2,0,0,0,0,0,2,0,0,0,2,2,2,2,2,0,0,0,2,2,0,0,2,0,2,0,0,2,0,0,0,0,2,0,0,0,2,0,0,2,2,0,0,0,0,2,0,2,2,2,0,0,0,2,0,2,0,0,0,2,0,0,2,2,0,0,2,2,0,0,0,0,0,0,0,0,0,0,0,0,2,0,0,0,0,0,0,0,0,0,0,0,0,0,0,0,0,0,0,2,0,0,0,0,2,2,0,0,0,0,0,0,2,2,0,0,0,2,0,0,0,0,0,0,0,0,0,2,2,0,0,0,2,2,2,0,2,0,0,0,0,0,0,2,0,0,0,0,2,0,0,2,0,0,2,2,2,0,0,0,0,0,0,0,0,NA,0,2,0,2,0,2,2,0,0,0,2,0,2,0,0,0,0,0,0,0,2,2,2,0,0,0,0,0,2,0,0,2,0,0,2,0,0,0,0,2,0,0,0,2,0,2,2,2,2,2,0,0,2,0,0,2,0,0,0,2,0,0,0,0,0,2,2,0,0,0,2,0,0,0,0,0,0,0,0,2,0,0,0,0,0,0,0,0,0,0,0,0,0,0,0,0,2,0,0,0,2,0,0,2,0,0,0,0,2,0,0,2,0,0,0,0,0,0,0,0,2,0,0,0,0,0,0,0,0,0,0,0,2,0,0,0,2,0,2,2,2,2,0,0,0,0,0,0,0,0,2,0,0,2,0,0,0,2,0,0,2,0,0,0,0,0,0,0,0,0,0,0,2,0,0,0,0,0,2,0,0,2,0,0,0,2,0,2,0,2,0,0,0,0,0,2,2,0,0,0,2,2,2,0,0,0,0,2,0,0,0,0,2,0,2,0,0,0,0,0,0,0,0,2,0,0,0,0,0,2,2,0,0,0,0,0,0,0,0,0,0,0,0,0,0,0,0,0,0,0,0,2,0,2,0,0,0,0,2,2,0,0,0,0,0,2,0,2,0,0,0,2,0,0,0,0,0,0,0,2,0,2,0,0,0,0,0,0,2,0,0,0,2,0,0,2,0,0,2,2,0,0,0,0,0,0,2,0,0,2,0,0,2,2,2,0,0,2,0,0,0,0,0,0,0,2,2,2,0,2,0,0,0,0,0,0,2,0,0,0,0,2,0,0,0,0,2,0,0,0,0,0,2,0,0,0,0,0,2,0,2,0,0,0,0,0,0,0,2,0,0,0,0,0,0,0,2,2,0,0,0,0,2,0,2,0,0,0,0,0,0,0,0,0,0,0,2,2,2,0,0,0,0,0,0,2,0,0,0,0,0,0,2,0,2,0,0,0,0,2,0,0,0,0,0,0,2,0,0,0,0,2,2,0,2,0,0,2,0,0,0,0,0,0,0,0,0,0,0,0,2,0,0,0,0,2,0,0,0,2,0,0,0,0,0,0,0,2,2,0,0,0,0,0,2,2,0,0,0,0,2,0,0,0,0,0,0,0,0,0,2,0,2,2,0,2,0,2,0,0,2,0,0,0,0,0,0,0,2,2,0,0,0,0,0,0,0,2,2,2,2,2,2,0,0,0,0,0,2,0,0,0,0,0,0,0,0,2,0,0,0,0,0,0,0,0,0,0,2,2,2,0,2,0,0,0,0,0,0,0,0,2,0,0,0,0,0,2,0,0,0,0,2,0,2,0,0,0,0,0,0,0,0,2,0,0,2,0,0,0,2,2,0,0,0,0,0,0,0,0,0,2,2,2,0,0,0,0,2,0,2,0,0,0,0,0,0,0,0,0,0,0,2,0,0,0,2,0,0,0,2,0,2,0,0,0,0,0,0,0,0,0,0,2,0,0,0,0,0,0,0,0,0,0,2,0,0,0,0,0,0,0,0,0,0,2,0,0,0,2,0,0,0,0,0,0,0,0,0,0,0,0,0,2,0,0,0,0,2,0,2,0,0,0,0,2,0,0,0,2,0,0,0,2,0,2,0,0,0,0,0,0,0,0,0,0,0,0,NA,0,2,0,0,0,2,2,0,0,0,0,0,0,2,0,0,0,0,0,0,0,0,0,0,0,0,0,2,0,2,0,0,0,0,0,2,0,2,2,2,0,0,2,0,0,2,2,2,0,0,0,0,2,0,0,0,0,0,0,0,2,0,2,0,0,0,0,0,0,2,0,2,0,2,0,0,0,0,0,0,0,0,0,0,0,0,2,0,0,0,0,0,0,0,2,0,0,0,0,0,2,0,0,0,0,2,0,0,2,2,2,0,0,0,2,0,0,0,0,0,0,2,2,0,0,0,0,0,0,0,0,0,0,2,0,2,0,2,0,0,0,0,0,0,0,0,0,0,2,2,2,2,0,0,0,0,2,0,2,2,0,2,2,0,2,2,0,0,2,0,0,0,2,2,0,2,2,0,0,0,0,0,0,0,2,0,0,2,0,0,0,2,2,0,0,2,0,0,2,0,0,2,0,0,2,0,0,0,0,0,0,0,0,0,0,0,0,0,0,0,0,0,0,2,2,0,0,0,2,2,2,0,2,0,0,0,2,0,0,2,0,0,0,2,0,0,0,2,2,0,0,0,2,0,0,0,0,0,0,0,0,2,0,2,2,0,2,0,0,2,0,0,0,0,0,0,0,0,0,0,0,0,2,0,2,2,2,2,0,0,2,0,0,0,0,0,2,0,0,2,0,0,0,0,2,0,0,2,0,0,0,0,2,0,0,0,0,0,0,0,2,0,2,0,0,0,0,0,2,0,2,0,0,2,0,0,0,0,2,0,0,0,0,0,0,2,NA,0,0,0,0,0,0,0,2,2,0,2,0,0,0,0,2,0,0,0,2,0,0,2,0,2,0,2,0,0,0,0,2,0,2,0,0,0,0,0,0,2,0,0,0,0,0,0,0,0,2,0,0,2,0,0,2,0,0,0,0,0,2,0,0,0,0,2,0,0,0,0,0,2,0,0,0,0,0,0,0,2,0,2,0,2,0,0,2,0,2,2,2,0,2,2,2,2,0,0,2,2,2,0,2,0,2,0,2,2,2,0,0,0,0,0,2,0,0,2,0,2,0,0,2,0,0,0,0,0,0,0,0,0,0,0,0,0,0,0,0,0,0,2,0,0,0,0,2,0,2,2,0,2,0,0,2,0,0,0,0,0,0,0,2,2,2,0,0,0,0,0,0,0,0,0,2,0,0,0,0,0,0,0,0,2,0,0,2,0,0,0,0,0,0,0,0,2,0,0,0,0,2,2,0,0,0,2,0,0,2,2,0,0,0,0,0,2,0,0,0,0,0,0,2,2,0,0,2,0,2,0,0,0,0,2,0,2,0,0,0,0,0,0,2,2,0,0,0,2,2,2,0,0,0,0,0,0,0,0,0,0,0,0,2,0,0,0,0,0,2,0,0,2,0,0,0,0,0,0,0,0,2,0,2,0,0,0,0,0,0,0,0,0,0,0,0,0,0,0,2,2,0,0,0,0,0,2,2,2,0,2,0,2,0,0,0,2,0,0,2,0,2,0,2,0,2,0,0,0,0,2,0,0,0,0,0,0,0,0,0,0,2,0,0,0,0,0,0,0,0,2,0,2,0,2,0,0,0,0,0,0,2,0,0,0,2,0,0,0,2,0,0,0,0,0,0,0,0,0,0,0,0,0,2,0,0,0,2,0,0,0,0,0,2,0,0,2,0,0,0,0,0,2,0,0,0,2,0,0,2,0,0,2,0,0,0,0,0,0,2,0,0,0,2,0,0,0,0,0,2,2,0,0,0,0,0,2,0,0,0,0,0,2,0,2,0,0,0,0,0,0,0,0,0,2,2,0,0,0,0,0,0,0,0,0,0,0,0,0,2,0,2,0,2,0,0,2,0,2,0,0,0,0,0,2,0,0,0,0,0,0,0,2,0,0,0,2,0,2,0,0,0,0,0,2,0,0,0,0,0,0,0,0,0,0,0,2,2,0,0,0,0,0,0,2,0,0,0,0,0,0,0,2,0,0,0,2,0,0,2,0,0,0,0,0,0,0,0,0,0,0,0,0,2,0,0,0,0,2,0,2,2,0,2,0,0,0,0,2,2,0,0,2,0,0,0,2,0,0,0,0,2,0,0,2,2,2,0,0,0,0,2,0,0,0,0,0,0,0,2,2,2,0,0,0,2,2,0,2,0,2,0,0,0,0,0,0,0,0,0,0,2,0,0,0,0,0,0,0,0,2,0,0,0,0,0,0,0,2,0,0,0,2,2,0,2,0,0,0,0,2,0,0,0,0,0,0,0,0,2,0,2,2,0,2,0,0,0,0,2,0,0,0,0,0,0,0,2,0,0,2,0,0,2,0,0,2,2,0,0,2,0,0,0,0,0,2,2,0,0,0,0,0,0,0,0,0,0,0,0,0,2,0,0,0,0,0,0,0,0,0,0,0,0,0,0,0,0,0,0,2,0,0,2,0,2,0,0,0,0,0,2,0,0,2,2,0,0,2,0,0,2,0,2,2,2,0,0,0,0,0,0,0,0,0,0,2,0,0,0,0,0,2,0,0,0,0,0,2,0,2,2,0,0,2,0,0,0,0,0,2,2,0,2,0,0,2,0,0,0,0,2,0,2,0,0,0,0,0,2,2,0,0,0,0,0,0,0,0,0,0,0,0,0,0,0,0,0,2,0,0,2,2,2,0,0,0,0,0,0,2,0,0,0,0,2,0,2,0,0,0,2,0,2,0,0,0,0,0,2,0,2,0,0,0,2,0,0,0,2,0,0,2,0,0,0,0,0,2,0,0,2,2,0,0,0,0,2,0,2,0,0,0,2,0,0,0,0,0,2,0,0,2,0,0,0,0,2,0,0,0,2,0,0,0,0,0,0,0,2,0,0,0,0,0,2,0,2,2,0,2,2,0,0,2,0,0,2,0,0,0,0,2,0,0,0,2,2,0,0,0,0,0,0,0,0,0,0,0,0,2,0,0,0,2,0,0,0,2,0,0,2,0,0,0,0,0,0,0,0,0,0,0,0,0,0,2,0,0,0,0,0,0,0,0,0,0,0,0,0,0,0,0,0,2,0,0,0,0,2,0,0,0,2,0,2,2,2,0,0,0,2,0,2,0,0,0,0,0,0,0,0,0,0,0,0,0,0,0,0,0,0,0,0,0,0,0,2,2,0,0,0,0,0,0,0,0,0,2,0,0,0,0,0,0,0,2,2,0,0,0,0,0,0,0,0,2,2,0,0,0,2,0,0,2,2,2,0,0,2,0,0,2,2,0,0,0,2,0,0,2,0,0,0,2,0,0,0,0,0,0,0,0,0,0,0,2,0,0,0,2,2,2,0,0,0,2,0,2,2,0,0,0,0,0,0,0,0,0,0,0,0,0,0,0,2,0,0,0,0,0,0,0,0,0,0,0,0,0,0,0,0,2,0,2,0,2,0,0,0,2,0,0,0,2,0,2,2,0,2,0,0,0,2,2,2,0,2,0,2,0,0,0,0,0,0,0,0,2,2,0,0,0,0,0,2,0,0,0,0,0,0,0,0,0,0,0,0,0,0,0,0,0,0,0,0,2,0,0,0,0,0,0,0,0,0,0,0,0,0,0,2,0,0,0,0,0,0,0,0,0,0,0,0,0,0,0,2,0,0,0,2,0,0,0,0,0,0,0,2,0,2,0,2,0,2,0,0,2,0,0,0,0,0,0,0,0,2,0,0,0,0,2,2,0,0,0,0,0,0,2,0,0,2,0,0,2,2,0,0,0,2,2,0,0,0,0,0,0,2,0,2,0,0,0,0,0,2,2,2,0,0,0,2,2,0,0,0,2,2,0,0,2,0,0,0,2,0,0,0,0,0,0,0,0,0,0,0,0,0,0,0,0,2,0,0,0,2,0,0,0,0,0,0,2,2,0,0,0,0,0,0,2,0,0,0,0,2,2,0,2,2,0,0,0,0,0,0,2,0,2,0,0,0,0,0,0,0,0,2,0,2,2,0,0,2,2,0,2,0,0,0,0,0,2,0,2,0,0,0,2,0,2,2,0,0,2,2,0,0,0,0,0,2,0,0,2,0,0,0,0,0,0,0,2,0,2,2,2,0,0,0,0,0,0,2,0,2,2,0,0,0,0,0,0,0,0,0,2,2,0,2,0,0,0,2,2,2,0,2,0,0,0,0,2,0,0,0,0,2,0,2,2,0,0,0,2,0,0,0,0,0,0,2,0,0,2,0,0,0,2,0,0,0,0,0,2,2,0,0,2,0,0,2,2,2,0,2,0,0,0,2,2,0,0,0,0,0,2,0,0,0,2,2,0,2,2,2,0,2,0,2,2,0,0,2,0,0,0,0,2,0,0,0,0,2,0,0,0,0,0,2,0,0,2,2,2,0,2,0,0,0,2,2,2,0,0,2,0,0,0,2,2,0,0,2,0,2,0,0,0,0,2,0,0,0,0,0,0,0,2,0,0,0,2,2,2,2,0,2,0,0,2,0,0,0,0,0,0,0,0,0,0,0,2,0,2,2,0,0,0,2,0,0,2,0,0,0,0,2,2,2,0,0,2,2,2,2,0,0,0,2,2,2,2,0,2,2,0,0,0,0,0,0,0,2,2,2,0,0,0,0,2,2,2,0,0,0,0,0,0,0,2,0,0,0,0,2,0,0,0,2,0,2,2,0,0,0,0,0,0,0,0,0,0,0,0,0,0,0,0,0,2,2,2,2,0,0,2,2,2,0,0,2,2,0,0,0,0,0,0,2,0,0,2,0,0,0,0,0,0,0,0,0,0,0,0,0,0,0,2,0,0,0,0,2,0,0,0,2,0,0,0,0,2,0,2,0,0,0,0,0,0,0,2,0,0,0,0,0,0,0,0,0,0,2,2,0,2,0,2,0,0,0,2,2,0,0,2,0,2,0,0,0,2,0,0,0,0,0,0,0,2,0,0,0,0,0,0,2,2,0,2,0,0,0,0,0,0,0,0,0,0,0,0,0,0,0,0,2,2,0,2,0,0,0,0,2,2,2,0,2,0,2,0,0,2,0,0,2,0,2,2,0,0,0,0,0,0,0,2,0,0,0,2,0,0,0,0,0,0,0,0,0,0,0,2,0,0,2,2,0,0,0,2,0,0,2,0,0,2,0,0,0,2,0,2,0,0,0,2,0,0,0,0,0,0,0,2,0,0,0,0,0,0,0,0,0,0,0,0,0,0,0,2,0,0,0,0,0,0,0,0,0,0,0,0,0,0,0,0,0,0,0,0,0,0,2,0,0,0,0,0,0,0,0,0,0,2,0,0,0,0,0,0,0,2,0,0,2,0,0,0,0,0,0,0,0,2,0,0,0,0,0,0,0,0,0,0,0,0,0,2,0,0,0,2,0,0,0,0,0,0,0,0,0,0,0,0,0,0,0,0,0,0,2,2,0,0,0,0,0,2,0,0,0,0,0,0,0,0,0,0,0,0,0,0,2,0,0,2,0,0,0,0,0,0,0,0,0,0,2,0,0,0,0,0,0,0,0,0,0,0,0,0,2,2,0,0,0,2,0,0,2,0,0,0,0,0,2,2,0,0,0,2,2,0,2,0,0,0,2,0,2,0,2,0,0,2,0,2,2,0,0,0,0,0,2,0,2,0,0,0,0,2,0,2,0,0,0,0,0,0,2,0,2,2,0,0,0,2,0,0,0,0,0,2,2,2,2,0,0,2,2,0,2,0,0,0,2,2,2,2,0,2,0,0,0,0,0,2,0,2,0,0,0,0,0,0,2,2,2,2,0,0,2,2,2,0,2,0,2,2,0,0,2,0,0,0,0,2,0,2,0,2,2,0,2,0,0,0,2,2,2,2,0,0,0,0,0,0,2,0,0,2,0,0,0,0,2,0,2,2,0,2,2,0,0,0,0,2,0,0,2,0,0,0,0,2,0,0,2,2,2,0,0,0,2,0,0,0,0,0,2,0,0,0,0,0,2,2,0,2,0,0,0,0,2,0,0,0,0,0,2,0,2,0,0,0,2,2,2,2,0,0,0,0,0,0,0,0,2,0,2,0,2,2,2,0,0,2,2,2,0,2,0,0,0,0,0,0,0,2,0,2,0,0,0,2,0,0,0,0,2,0,2,0,2,0,0,0,0,2,0,2,2,0,0,0,0,0,0,0,0,0,0,0,2,0,0,2,0,0,2,2,0,0,0,2,0,0,0,0,2,0,0,0,0,0,0,0,0,0,0,0,0,0,0,0,0,0,0,0,0,0,0,0,2,0,0,0,2,0,0,2,0,0,0,0,0,0,0,0,0,0,0,0,0,2,0,0,0,2,2,0,0,0,0,2,2,2,0,0,2,0,2,2,2,0,0,0,0,0,0,0,2,2,0,0,0,0,0,0,0,2,0,0,2,0,0,0,2,2,2,0,0,0,0,2,2,0,0,2,0,0,0,2,2,2,0,2,0,0,0,0,2,0,2,2,0,0,2,0,0,0,0,0,0,0,0,0,0,0,0,0,0,2,2,0,0,0,2,0,0,0,0,0,0,0,0,0,0,2,2,0,2,0,0,0,0,2,2,0,2,2,0,0,0,0,2,0,0,0,0,0,0,0,0,0,0,0,0,0,2,0,0,0,0,0,0,0,0,2,0,2,0,0,2,0,0,0,0,2,0,0,0,2,2,0,0,0,0,0,2,2,2,2,0,2,0,0,0,0,2,2,2,2,0,0,2,0,0,0,0,0,0,2,0,2,0,0,2,0,0,0,0,2,0,2,0,2,0,0,2,0,2,0,0,0,2,0,0,0,0,0,0,2,2,0,2,0,2,0,0,2,0,0,2,0,0,0,2,0,0,0,0,0,2,0,0,0,0,0,0,0,0,0,0,0,0,0,0,2,0,0,0,0,2,0,0,2,0,0,0,0,0,0,0,0,0,0,0,0,0,0,0,2,0,2,2,2,0,0,2,2,0,2,0,0,2,0,0,0,0,0,0,0,0,0,0,0,0,0,0,0,0,0,0,2,0,0,0,2,0,0,2,2,0,2,0,0,0,0,0,0,2,0,0,0,0,0,0,0,0,0,2,0,2,0,0,0,0,2,0,2,0,2,0,0,0,0,0,0,0,2,0,0,0,0,0,0,0,2,0,0,2,0,0,0,0,2,0,0,0,0,0,2,0,0,2,0,0,2,2,0,0,2,0,0,0,0,0,0,0,0,2,0,0,0,0,0,0,0,0,0,0,0,0,0,0,0,2,0,2,2,2,0,0,0,0,2,0,0,0,0,0,0,0,0,0,0,0,2,0,0,0,0,2,2,0,0,2,0,2,0,0,0,0,0,0,0,0,0,0,2,0,2,0,2,0,2,0,0,0,0,2,0,0,0,0,2,0,0,0,0,0,0,2,0,0,0,0,0,2,0,0,2,0,0,0,0,0,0,0,0,0,0,0,0,0,2,0,0,0,0,0,0,0,0,0,2,0,0,2,0,0,2,0,0,0,0,0,0,0,2,0,0,0,0,2,0,0,0,0,0,0,0,0,2,0,2,2,2,0,0,0,0,0,2,2,0,0,0,0,0,2,0,2,0,2,0,2,2,0,0,0,0,0,2,2,0,0,0,2,2,0,0,0,0,0,0,0,0,0,0,0,0,0,0,0,0,0,0,0,0,0,0,0,0,2,0,2,0,0,0,0,0,0,2,0,0,0,0,0,0,0,0,2,0,0,0,2,0,0,2,0,0,2,2,2,0,0,0,0,0,0,0,0,0,2,0,0,2,0,0,0,0,0,0,2,0,0,0,0,2,0,0,2,0,0,2,0,0,2,0,0,0,2,0,0,2,0,2,2,0,2,0,2,0,0,2,0,0,0,0,0,0,0,2,0,0,2,0,0,0,0,0,0,0,0,0,2,0,0,0,2,2,0,0,2,0,0,0,0,0,2,0,0,0,2,0,0,2,0,0,0,2,2,0,0,2,2,2,2,0,0,2,2,0,2,2,0,0,0,0,0,0,0,0,0,0,0,2,0,0,0,0,0,0,0,0,0,0,0,0,2,0,0,0,0,0,0,0,2,0,0,0,0,0,0,2,0,0,0,0,0,0,0,0,2,0,0,0,0,0,0,2,0,2,0,0,0,2,0,2,2,0,2,0,0,2,0,0,0,0,2,2,0,0,2,2,2,0,2,2,2,0,2,2,2,0,0,0,0,0,2,2,0,0,0,0,2,2,0,0,0,0,0,0,2,0,2,0,0,0,0,2,0,2,0,2,0,0,0,0,2,2,0,0,0,0,0,0,0,2,0,0,0,0,0,0,0,0,0,2,0,0,0,0,0,0,0,0,0,0,0,0,0,0,0,0,2,2,0,0,0,2,2,0,0,0,2,0,0,0,0,0,0,0,0,2,0,2,2,0,0,0,0,0,0,0,0,0,0,0,0,0,0,0,0,0,0,0,2,0,0,2,0,2,0,0,2,0,0,0,0,0,0,0,0,0,2,0,0,0,2,0,0,0,0,0,2,0,0,0,0,2,2,0,0,0,2,2,0,0,2,0,0,0,0,0,0,0,0,2,0,2,0,0,2,0,0,2,0,0,0,0,0,0,2,2,2,NA,0,0,NA,0,2,0,0,0,2,0,0,2,2,0,0,0,0,0,0,0,0,2,2,0,0,2,0,0,2,0,0,0,0,0,0,0,0,0,0,0,0,2,2,0,0,0,0,0,0,0,0,2,0,2,0,2,2,0,2,0,2,0,0,0,0,0,0,2,0,0,0,0,0,0,0,0,0,0,0,0,0,0,0,2,0,0,0,0,0,2,2,0,0,0,2,0,2,2,0,0,0,0,2,0,2,0,2,0,2,0,0,2,0,0,0,0,0,0
"CC271",2,0,0,0,0,0,0,0,0,0,0,0,2,0,0,0,0,0,0,2,0,0,2,0,0,0,0,0,0,0,0,0,0,0,0,0,0,0,0,0,0,0,0,0,0,0,2,0,0,0,0,0,0,0,0,0,0,0,0,0,0,0,2,0,0,0,0,0,0,0,2,0,2,0,0,0,2,2,0,0,2,0,0,0,0,0,0,0,0,0,2,2,0,0,0,2,0,0,0,0,2,2,0,2,0,2,0,0,2,2,0,2,2,0,0,0,0,0,0,0,2,0,2,0,0,2,0,0,0,0,0,0,0,2,2,0,2,0,0,0,0,2,0,0,0,0,0,2,0,0,0,0,0,0,2,2,0,0,0,0,0,0,0,0,0,0,0,2,0,2,0,0,0,0,0,0,0,0,0,0,0,0,2,0,2,2,2,0,0,0,0,2,2,0,0,0,0,2,0,0,0,2,0,0,0,2,2,0,0,0,0,0,0,0,0,0,2,0,2,0,2,0,0,0,2,2,0,2,0,0,2,0,0,0,0,0,0,0,0,0,2,0,0,0,0,0,2,0,0,2,0,0,0,0,0,0,0,0,0,2,0,0,0,0,2,0,2,0,0,0,0,2,2,2,0,2,0,0,0,0,0,0,2,0,0,0,0,0,0,0,2,0,0,0,0,2,0,0,2,2,0,2,2,0,2,0,0,0,0,0,0,0,0,0,0,0,0,0,2,0,0,0,2,0,0,0,0,0,0,0,0,2,0,2,2,0,2,2,0,0,2,0,2,0,0,0,0,2,2,0,0,2,0,0,0,0,0,0,0,0,0,0,2,0,2,0,0,0,0,0,0,2,0,0,0,0,0,0,2,0,0,0,0,0,0,2,0,2,0,0,2,2,0,2,2,2,2,0,0,0,0,0,0,2,NA,2,2,0,0,2,0,0,0,0,0,0,2,0,0,2,0,0,0,0,0,0,0,0,2,2,0,0,0,0,2,0,0,0,2,0,2,0,0,0,2,0,2,0,0,0,0,2,2,0,0,0,2,0,0,2,0,0,0,0,2,0,2,2,0,0,NA,0,0,2,0,2,0,2,0,2,0,0,2,0,0,2,2,0,2,2,0,2,0,0,0,0,0,2,0,2,0,0,0,0,0,0,0,0,0,2,0,2,2,0,0,0,0,NA,0,0,2,0,0,0,0,0,0,0,0,0,2,0,2,0,0,0,2,0,0,2,0,0,2,2,2,0,0,2,0,2,0,0,0,2,0,0,0,0,2,0,0,2,2,0,0,0,0,0,2,2,0,0,0,0,2,0,0,0,0,2,0,0,0,0,0,0,0,0,0,2,0,0,0,0,0,0,2,0,0,2,0,0,0,2,0,0,2,0,2,0,0,0,0,0,0,2,2,0,2,0,2,0,0,0,0,0,0,0,0,0,0,0,0,0,0,0,0,2,0,0,0,0,2,0,2,0,2,2,0,0,0,0,0,0,2,0,2,0,0,0,2,0,0,0,0,0,2,0,0,0,0,0,0,2,0,0,0,2,0,0,0,0,0,0,0,0,0,0,0,0,2,0,0,0,2,0,2,2,2,0,0,2,0,0,0,0,0,0,2,0,0,0,0,0,0,0,0,0,2,0,0,2,0,0,0,0,0,0,0,0,2,0,0,0,0,2,0,0,0,0,0,0,0,0,0,2,0,0,0,0,0,0,0,0,2,0,0,0,2,0,2,0,0,2,0,0,0,0,0,0,0,0,0,2,0,0,0,0,0,0,0,2,0,0,0,0,0,0,0,0,0,0,0,0,0,0,2,0,0,0,2,0,0,2,0,0,0,0,0,0,0,0,0,0,0,0,0,0,0,0,0,0,0,0,0,0,2,0,0,0,2,2,0,0,0,0,2,0,0,0,0,0,0,0,0,0,0,2,0,2,0,0,0,2,2,0,0,0,2,0,0,0,0,0,0,0,0,0,0,0,2,2,0,0,2,2,0,0,0,0,0,2,0,0,0,0,0,0,0,2,2,0,0,0,0,2,0,0,2,0,0,0,0,0,2,0,2,0,0,0,0,0,2,0,0,0,0,0,0,0,0,0,0,0,0,0,0,0,0,0,0,0,0,0,0,0,0,0,2,0,0,2,0,0,2,0,0,0,0,0,0,0,0,0,0,0,0,0,0,0,0,0,2,0,2,0,0,0,0,0,2,0,2,0,0,0,0,2,0,0,0,0,0,0,0,0,0,0,0,2,2,2,2,0,0,0,0,2,0,0,2,2,2,0,0,0,0,0,0,0,0,0,0,0,0,0,0,2,0,0,0,0,0,0,0,0,0,0,0,0,0,0,0,0,0,0,0,0,0,2,0,0,0,0,0,0,0,0,2,0,0,0,0,0,0,0,0,2,2,2,2,0,2,0,0,0,0,2,0,0,2,0,2,0,0,0,0,0,0,0,0,0,2,2,0,0,2,2,0,0,0,0,0,0,0,2,0,0,0,0,0,0,0,0,0,0,0,0,0,0,2,0,0,0,0,0,0,0,2,0,0,0,0,2,0,0,0,0,0,0,2,0,2,2,0,0,0,0,2,0,2,2,2,0,0,0,0,0,0,0,0,0,0,0,0,0,0,0,0,2,2,2,0,0,0,0,0,0,2,0,0,0,0,0,0,2,0,0,0,0,0,0,0,0,0,2,0,0,2,2,0,0,0,0,0,0,0,0,0,0,0,0,0,0,2,0,0,0,0,0,0,0,2,2,0,0,0,0,0,0,0,0,0,2,0,2,2,2,0,0,0,0,2,0,0,0,0,0,0,0,2,2,0,0,0,2,0,0,0,0,0,0,0,0,2,2,0,0,0,0,0,2,0,0,0,2,2,0,0,0,0,0,0,0,0,0,NA,0,0,0,0,2,2,0,0,0,0,0,0,2,2,2,0,0,0,0,0,0,2,0,0,0,0,0,0,0,2,0,0,2,2,0,0,0,0,0,2,0,0,0,0,0,0,0,0,2,2,0,2,0,0,0,2,0,0,0,0,0,0,0,0,2,2,0,2,0,0,0,0,0,NA,0,2,2,2,2,2,0,0,0,0,0,0,0,2,0,2,0,2,0,0,0,0,0,0,0,2,0,2,0,0,0,0,2,0,0,0,0,0,0,0,0,0,0,0,0,2,2,0,2,0,0,0,0,0,0,0,0,0,0,2,0,0,2,2,0,0,2,2,0,0,0,0,0,0,0,2,2,0,2,0,0,0,0,0,2,0,0,0,0,0,0,2,0,0,0,0,0,0,2,0,0,2,2,0,0,2,0,0,2,0,0,0,0,2,2,0,0,0,2,0,0,2,0,2,2,0,0,2,0,2,0,0,2,NA,0,2,0,0,0,0,2,0,0,0,0,0,0,2,0,0,0,0,0,0,2,0,0,0,0,0,0,0,2,0,0,0,2,0,0,2,2,2,2,0,2,0,2,2,0,0,0,0,0,0,0,0,0,0,0,0,0,0,0,0,0,0,0,0,0,2,0,0,0,0,0,0,0,0,2,0,0,0,2,2,2,2,2,0,2,0,2,2,2,0,0,0,2,0,0,2,0,0,0,2,2,0,0,0,2,0,2,0,0,2,0,0,2,0,0,0,0,2,0,0,0,0,2,0,2,NA,0,2,0,2,0,0,2,0,2,0,0,2,0,0,0,0,0,0,0,0,0,2,0,0,0,0,0,2,0,0,0,0,0,2,0,NA,0,0,2,2,0,0,0,0,2,0,0,0,0,0,0,0,0,2,0,0,0,2,0,0,0,0,2,2,0,2,0,0,2,0,0,0,0,0,2,0,0,0,2,2,2,2,0,0,0,2,0,0,0,2,0,0,0,2,2,0,2,2,0,0,0,0,0,0,0,0,0,0,2,2,0,0,0,2,0,0,0,0,2,0,0,0,0,NA,0,0,0,0,0,0,0,2,0,0,0,0,0,0,0,2,0,0,0,0,0,0,0,0,0,0,0,0,0,2,2,2,0,0,0,0,0,0,0,0,0,0,0,0,0,0,0,0,0,0,0,0,0,0,0,0,2,2,2,0,2,0,0,0,2,0,0,0,0,2,0,2,0,2,0,2,2,2,0,0,0,0,0,0,0,2,0,0,0,0,2,0,0,2,0,0,0,0,2,0,0,0,0,0,NA,2,0,0,2,0,0,0,0,0,0,0,2,0,0,0,0,0,0,0,0,0,0,0,0,0,0,0,0,2,0,0,0,0,0,0,0,0,0,0,0,0,2,0,2,2,0,0,0,2,0,0,0,0,2,0,0,0,0,0,0,0,0,0,0,0,0,0,0,0,2,0,0,0,0,0,0,0,0,0,0,0,2,0,0,0,0,0,0,0,0,0,0,2,0,2,0,0,0,0,0,0,0,0,0,0,0,0,0,0,0,0,0,0,2,2,0,0,0,0,0,0,0,0,0,0,0,0,0,0,0,0,0,0,0,0,0,0,0,0,0,0,0,0,0,0,0,0,0,0,0,0,0,0,0,0,0,0,0,0,0,0,2,0,0,0,2,0,2,2,0,0,2,0,0,0,0,0,0,0,2,0,0,0,0,0,0,0,NA,0,0,0,0,0,2,2,0,0,0,0,0,0,2,0,2,0,0,0,0,0,0,0,0,0,2,0,0,2,0,0,0,2,0,0,0,0,2,0,2,0,0,0,0,2,0,0,0,0,0,0,0,0,0,0,0,0,0,2,0,0,0,0,0,2,0,0,0,0,2,0,2,0,0,2,2,0,2,0,0,2,0,0,NA,2,2,2,0,2,0,0,0,2,0,2,0,0,0,0,2,0,2,0,0,0,0,0,0,0,2,0,2,2,0,0,0,0,0,0,2,0,0,0,2,0,2,0,0,2,0,0,2,0,0,0,0,0,2,0,0,0,2,0,0,0,2,2,0,0,2,0,0,0,0,0,0,0,0,2,0,0,2,0,2,0,0,2,0,0,2,2,0,2,0,0,2,0,0,2,0,2,0,0,2,0,2,0,2,0,0,0,0,0,0,0,2,0,2,0,0,2,2,0,2,2,2,2,0,0,0,0,0,0,0,0,0,0,2,0,0,0,0,0,0,0,0,0,2,0,2,0,0,0,0,0,0,0,0,0,0,2,2,0,2,2,0,2,0,0,0,0,2,0,0,2,2,0,0,0,0,2,0,0,0,0,0,0,0,2,0,2,0,0,2,0,0,2,0,0,2,0,0,0,0,0,2,0,0,0,2,2,0,0,0,0,0,0,0,2,0,0,0,0,0,0,0,0,0,0,0,0,2,0,0,0,0,0,0,0,0,0,0,0,0,0,0,0,0,0,0,0,0,0,0,0,2,0,0,2,2,0,0,2,0,2,0,0,0,0,0,2,0,2,0,0,0,0,0,0,0,0,0,0,0,0,0,0,2,0,2,0,0,0,0,2,2,0,0,0,0,0,0,0,0,0,2,0,2,0,0,2,2,0,0,0,2,0,0,2,0,0,2,0,0,0,2,0,0,0,0,2,2,0,0,0,2,0,2,0,0,0,0,0,2,0,0,0,0,0,0,0,0,0,0,0,2,0,0,2,0,0,0,2,0,0,0,0,0,0,0,0,0,0,0,0,0,0,0,0,0,0,2,0,0,0,0,0,0,0,0,2,0,NA,0,0,0,0,0,0,0,0,0,0,0,0,0,0,0,0,0,0,0,0,0,0,0,0,0,0,0,0,0,0,0,0,0,0,0,0,2,0,0,0,0,0,0,0,2,0,0,0,0,0,0,0,0,0,2,0,0,0,0,0,2,0,0,0,0,2,0,2,0,0,0,2,0,0,0,2,0,0,0,0,0,0,0,2,0,0,0,2,0,0,0,0,2,0,0,2,0,0,0,0,2,2,0,2,0,0,2,0,0,0,0,0,2,0,0,0,0,0,0,0,0,0,0,0,0,2,0,2,0,2,0,2,2,0,0,0,0,0,2,0,0,2,2,0,0,2,0,0,0,0,2,0,2,0,2,2,2,0,0,0,0,0,2,0,2,0,0,0,0,2,2,0,0,0,0,0,0,0,0,0,0,2,0,0,0,0,0,0,0,2,2,0,0,0,0,0,0,0,0,2,0,0,0,0,0,0,0,2,2,2,0,2,0,0,0,0,0,0,0,0,0,2,0,0,0,0,0,0,0,2,0,2,0,2,0,0,0,0,0,0,0,0,0,0,0,2,0,0,2,0,0,2,0,2,0,0,0,0,0,0,0,0,0,0,0,0,2,0,0,0,0,0,0,0,2,0,0,0,0,0,0,0,0,2,0,0,0,0,0,0,0,0,0,0,0,0,2,0,2,0,0,0,0,0,0,0,0,0,0,0,2,2,2,0,0,0,0,0,0,0,0,0,0,0,0,0,2,0,2,0,0,2,2,0,0,0,0,0,2,0,0,0,0,0,2,0,0,0,0,0,0,0,0,2,0,0,0,0,2,2,0,2,0,0,2,0,2,0,0,0,2,0,0,0,0,0,2,0,2,2,2,0,0,0,0,0,0,0,0,2,0,0,0,2,0,0,0,0,0,0,0,0,0,0,0,0,0,2,0,0,0,0,0,2,0,0,0,0,0,0,0,0,0,2,0,2,2,2,0,2,2,2,0,0,2,0,0,0,2,0,0,0,0,0,2,0,0,0,0,0,0,2,0,0,0,0,2,2,0,0,0,2,2,0,0,0,0,0,0,2,0,0,0,0,0,0,2,2,0,0,0,0,0,0,0,0,0,2,0,0,0,0,0,0,2,0,0,2,0,0,0,0,0,0,2,0,2,0,0,2,2,NA,0,0,0,0,0,0,0,0,0,0,0,0,2,0,0,0,0,0,0,0,0,0,2,0,0,0,0,0,0,0,0,0,0,0,0,0,0,0,0,0,2,0,0,0,2,0,0,0,0,0,0,0,0,0,0,0,0,0,0,0,2,0,0,0,0,2,0,0,0,2,0,0,0,0,0,0,0,0,0,0,0,0,0,2,0,0,0,0,0,0,0,0,0,0,0,0,0,0,0,0,0,0,0,0,2,2,0,0,0,0,2,0,0,0,0,0,0,0,0,0,2,0,0,0,0,0,0,0,0,0,0,0,0,0,0,0,0,0,0,0,0,0,0,0,0,0,0,2,0,0,0,0,0,0,2,0,0,0,0,0,0,0,0,0,2,0,0,0,2,0,0,0,2,0,0,2,0,0,0,0,0,0,2,0,0,2,0,0,2,0,0,0,2,0,0,0,0,0,2,2,0,0,2,0,0,0,2,2,0,0,0,0,0,0,0,0,0,0,0,0,0,0,0,0,0,0,0,0,0,0,2,0,0,0,0,0,0,0,0,0,0,0,0,0,0,0,2,0,0,0,0,2,0,0,0,0,0,0,0,0,2,0,0,0,0,2,0,0,0,0,2,2,0,0,0,0,0,0,0,0,0,0,0,2,0,0,0,0,0,0,0,0,0,0,0,2,0,2,2,0,0,2,2,0,0,0,0,0,0,0,0,0,0,0,0,0,0,0,0,0,2,0,0,0,0,2,0,0,0,0,0,0,0,0,0,2,0,0,2,0,0,0,0,0,2,0,2,2,0,0,0,0,0,0,0,0,0,0,0,0,0,0,0,0,0,0,0,0,0,2,0,0,0,2,0,0,0,0,0,0,0,2,0,0,0,0,2,0,0,0,0,2,0,0,0,0,0,0,0,0,0,0,2,0,0,0,0,0,0,0,0,0,0,2,0,0,0,0,2,0,0,0,0,0,0,2,0,0,2,2,0,2,2,0,0,2,0,0,0,0,0,0,0,0,0,0,0,0,0,0,2,0,0,0,0,2,0,0,0,0,0,0,0,0,0,0,0,0,0,0,0,0,0,2,0,0,0,0,0,0,2,0,2,0,0,0,0,0,0,0,0,0,0,0,0,0,0,0,0,0,0,2,0,0,0,2,0,0,0,0,0,0,0,0,0,0,0,2,2,0,0,0,0,0,0,0,0,0,0,0,0,0,0,0,0,0,0,0,0,0,0,0,0,0,0,0,0,0,0,0,0,0,0,0,0,2,0,0,0,0,0,0,0,0,0,0,0,0,0,0,0,0,0,0,2,0,0,0,2,0,0,0,0,0,0,0,0,0,0,0,0,0,0,0,0,0,2,0,2,0,0,0,0,0,0,0,0,0,0,0,0,2,0,0,0,0,0,0,0,0,2,0,2,0,0,0,0,0,0,0,2,0,0,0,0,0,0,2,0,0,2,2,0,0,0,0,0,0,2,0,0,0,0,0,0,0,0,0,0,0,0,0,0,0,0,0,0,0,0,0,0,0,0,0,0,0,2,0,0,0,0,2,0,0,0,0,0,0,0,2,0,2,0,0,0,0,0,0,0,0,0,2,0,0,2,2,0,0,0,0,0,0,2,0,2,0,0,0,0,0,2,2,0,2,0,2,0,0,2,0,0,0,0,0,0,0,0,0,0,2,0,0,0,0,0,0,0,0,0,0,2,0,0,0,0,0,0,0,0,0,0,0,0,2,0,0,0,0,2,0,0,0,0,0,0,0,0,2,0,0,0,0,0,2,0,2,2,0,0,0,0,2,0,2,0,0,0,2,0,0,0,2,0,0,0,2,2,2,2,2,0,0,0,0,0,2,0,0,0,0,0,0,0,0,2,0,0,0,0,0,0,0,0,2,0,2,2,0,2,0,2,2,0,2,0,0,0,2,0,0,2,0,0,0,0,0,0,2,2,0,0,0,0,2,0,0,0,0,0,0,0,0,0,0,0,0,0,0,0,0,0,0,0,0,0,0,0,0,0,0,0,0,0,0,0,2,0,0,0,0,0,2,2,2,2,0,2,0,0,0,2,0,0,0,0,0,0,0,0,0,0,2,2,0,0,0,0,2,0,2,0,0,0,0,0,0,0,0,2,0,0,2,2,2,0,2,2,0,0,0,2,0,0,2,0,0,0,0,0,2,2,2,0,0,0,0,2,0,2,NA,0,0,2,2,0,2,0,0,0,0,0,0,0,0,0,0,0,0,0,0,0,0,0,0,0,0,0,0,0,0,2,0,2,0,0,0,0,0,0,0,2,0,0,0,0,0,0,0,0,0,0,0,0,0,0,2,0,0,0,2,2,0,2,0,0,0,0,0,0,0,0,0,0,0,0,0,0,0,0,0,0,0,2,0,2,0,0,0,0,2,2,0,0,0,0,0,0,0,0,2,0,0,2,0,2,2,0,0,0,0,0,0,0,2,0,0,0,0,0,0,0,0,0,0,0,0,0,0,0,0,0,2,2,0,0,0,0,0,0,2,0,2,0,0,0,2,0,0,2,2,0,0,0,0,2,NA,0,2,0,0,0,0,0,0,0,0,0,0,0,2,0,0,2,0,0,2,0,2,0,0,0,0,0,2,0,0,0,0,2,0,0,0,0,2,0,2,0,0,0,0,0,0,0,0,0,2,0,2,0,0,0,0,0,2,2,0,0,0,2,0,0,0,2,0,0,0,2,0,0,0,2,0,0,0,2,0,0,2,2,0,0,0,2,2,2,0,0,2,0,0,0,0,0,2,2,2,NA,2,0,2,0,0,0,NA,0,2,0,2,0,0,0,0,0,0,2,2,2,0,0,2,0,0,2,0,2,0,2,2,0,2,0,0,0,0,2,0,0,0,0,0,0,0,0,0,0,0,0,2,0,0,0,0,0,0,NA,2,0,0,0,0,0,2,0,2,0,0,2,0,2,0,0,2,0,0,0,0,0,0,0,0,2,0,0,0,0,0,0,0,0,0,0,0,0,0,0,0,0,2,0,0,0,0,0,0,2,0,0,0,0,0,0,0,0,0,0,0,NA,NA,0,0,0,0,0,0,0,0,2,0,0,0,0,0,0,2,0,0,0,2,2,2,2,0,0,0,2,0,NA,0,0,2,0,0,0,0,0,0,2,2,0,0,0,0,0,0,0,2,0,0,0,0,2,0,0,0,0,0,0,0,2,0,0,0,0,2,0,0,2,2,0,2,2,2,0,0,0,0,0,2,0,0,0,0,0,0,0,0,0,2,0,2,0,0,0,2,2,2,0,0,0,0,0,2,0,0,0,0,2,0,0,0,0,0,0,0,2,2,2,0,0,0,0,2,0,2,0,0,0,0,0,0,0,0,0,0,0,0,0,2,0,2,2,0,2,0,0,0,0,0,2,0,0,2,0,0,0,0,0,2,0,2,0,2,0,0,2,0,0,0,0,2,0,0,0,0,0,0,2,2,2,0,0,0,0,0,2,2,0,0,0,2,2,0,0,0,0,0,0,0,2,2,0,0,0,0,0,0,2,0,0,2,0,2,0,0,2,0,0,0,0,0,0,0,0,0,0,0,0,0,0,0,2,0,0,0,0,0,NA,0,0,0,0,0,0,0,0,0,0,0,0,2,0,0,0,2,0,0,0,0,2,0,0,0,2,0,2,0,0,2,0,0,2,0,2,0,0,0,0,0,0,2,0,0,0,0,0,0,0,0,0,0,0,2,0,0,0,0,0,0,2,0,0,0,0,0,2,0,0,2,0,0,0,0,0,0,0,0,0,0,2,2,2,0,2,2,0,0,0,0,0,0,0,0,0,0,0,2,0,0,0,NA,0,2,0,0,0,0,0,0,0,0,0,0,0,0,0,0,0,0,0,0,2,0,2,0,2,2,0,0,2,2,0,2,0,0,2,0,0,0,2,0,0,2,0,0,0,2,0,0,2,0,2,0,0,0,0,0,0,0,0,0,0,0,2,0,2,0,0,0,0,0,0,2,2,0,2,0,2,0,2,2,0,0,0,2,2,0,2,0,2,2,0,0,2,2,0,2,0,0,0,0,2,0,0,2,0,0,0,2,0,0,0,0,2,2,0,2,0,0,0,0,0,0,NA,0,0,0,0,2,0,0,0,0,2,0,2,2,0,2,2,0,0,0,0,0,0,0,0,0,0,0,0,0,0,0,0,0,0,0,0,2,0,0,0,0,2,0,0,0,2,2,0,0,0,0,0,2,2,2,0,2,2,0,0,2,2,0,0,2,0,2,0,0,0,0,0,0,NA,2,2,0,0,0,2,2,0,0,0,2,0,0,0,0,0,0,0,0,2,2,2,0,2,2,0,0,0,0,0,2,0,0,0,0,0,2,2,0,0,0,0,0,0,2,0,0,0,2,0,2,0,0,2,0,0,2,0,0,0,2,2,0,0,2,2,0,0,0,2,2,0,0,2,0,2,0,0,0,0,0,0,0,0,2,0,0,0,2,0,0,0,0,0,0,0,0,0,0,0,0,0,0,0,0,0,0,0,0,NA,0,0,2,2,0,2,0,0,0,0,0,0,0,0,2,0,0,0,0,2,0,0,0,2,0,0,0,0,2,0,2,2,0,2,0,2,2,0,0,0,2,0,0,0,0,0,0,0,2,2,0,0,0,0,0,2,0,0,0,0,0,0,0,0,0,2,0,0,0,0,0,0,2,0,0,0,0,0,2,2,0,0,0,0,0,0,0,2,2,2,0,0,0,0,2,2,0,0,0,0,0,0,0,0,0,2,0,2,2,0,2,0,0,0,0,0,2,0,0,0,2,0,2,0,0,0,0,2,0,0,2,0,0,0,2,0,0,0,2,0,0,2,2,0,2,0,0,0,0,0,0,2,2,0,0,0,2,2,0,0,2,2,0,0,0,2,0,0,2,2,2,0,0,2,0,2,0,0,2,0,0,2,0,2,2
"CC272",0,2,0,2,2,0,0,2,0,0,0,0,0,0,0,2,0,0,0,0,0,0,2,0,0,0,0,0,0,0,0,2,0,0,0,2,0,0,0,0,0,0,0,2,2,2,0,0,0,0,0,2,0,2,0,2,0,0,2,2,0,0,2,2,0,0,2,0,0,0,2,0,2,0,0,2,0,0,2,0,0,2,0,2,0,2,0,2,0,0,0,2,0,2,0,0,0,2,0,0,2,2,0,2,0,0,0,0,2,2,0,0,0,0,0,0,0,0,0,0,2,0,0,2,0,0,2,0,0,0,0,0,0,2,0,0,0,0,0,2,0,2,0,0,0,0,2,0,0,2,0,0,0,0,2,0,0,0,NA,0,0,0,0,2,2,0,0,2,0,2,0,2,2,0,0,0,0,0,0,0,0,0,0,0,0,0,2,0,0,0,0,0,0,0,0,0,0,0,0,0,0,0,0,0,0,0,0,0,0,0,0,0,0,0,0,2,0,0,2,0,0,0,0,0,0,0,0,0,0,0,0,0,0,0,0,0,2,2,0,0,0,0,0,0,0,2,0,0,2,0,0,0,0,2,0,0,2,2,0,0,2,0,0,0,0,0,0,0,0,0,0,0,0,0,0,0,0,0,0,0,2,0,0,0,0,0,0,0,0,0,0,2,2,0,0,2,0,0,2,2,0,2,0,0,2,0,0,2,0,0,0,2,0,0,0,0,0,0,0,0,0,0,2,0,0,2,0,0,2,0,0,0,0,0,0,2,2,0,2,0,2,0,2,0,0,0,0,0,0,0,0,0,0,0,0,2,0,0,0,0,0,0,0,0,0,0,0,0,0,2,2,2,0,0,0,0,0,0,2,0,0,0,0,0,0,0,0,2,0,0,0,0,2,2,2,2,2,0,0,0,0,0,0,0,0,0,0,0,0,0,0,0,0,0,0,0,2,0,0,2,0,0,0,0,0,0,0,0,2,2,0,0,0,0,2,0,0,0,0,0,2,0,0,0,0,0,0,2,0,0,0,0,0,0,0,0,0,0,0,0,0,0,0,0,0,0,2,0,2,0,0,0,0,0,0,0,NA,2,0,0,2,0,0,0,0,2,0,0,2,0,2,NA,0,0,0,0,2,0,0,2,0,0,0,0,0,0,0,0,0,0,0,2,0,0,0,0,0,0,0,2,2,2,0,2,2,2,2,0,0,0,0,0,0,0,0,0,0,0,0,0,0,0,0,2,2,0,0,0,0,0,0,0,0,0,2,0,0,0,2,0,0,0,0,2,0,0,0,0,0,0,0,0,0,0,2,0,2,0,0,0,2,2,0,0,0,0,0,2,0,2,0,0,0,2,2,0,2,2,0,2,0,0,0,0,0,0,0,0,0,0,0,0,0,0,0,2,0,0,2,0,0,0,0,0,0,0,0,0,0,0,0,0,0,0,0,0,0,2,0,2,0,0,2,0,0,0,0,2,0,0,2,0,0,2,2,0,2,0,0,0,0,0,0,0,0,0,0,0,0,0,0,0,0,0,0,0,0,0,0,0,0,0,0,0,0,0,0,2,0,2,0,0,0,2,0,0,2,0,0,2,0,2,2,0,2,0,0,0,0,0,0,0,2,2,0,0,0,2,0,0,0,2,0,0,0,2,0,0,2,0,0,2,0,0,2,2,0,0,0,0,0,0,0,0,0,0,0,0,2,2,0,2,0,0,0,0,0,2,0,0,0,0,0,0,NA,0,0,0,0,0,2,0,0,2,2,0,2,0,2,0,0,2,2,0,0,0,0,2,2,0,0,0,0,0,0,2,2,0,0,0,2,0,2,2,2,0,2,0,0,0,0,0,0,0,2,0,0,2,0,0,0,0,0,0,0,0,2,0,0,0,2,2,0,0,0,0,2,0,0,0,0,2,0,0,0,0,2,0,0,0,0,2,0,0,2,0,0,0,2,0,0,0,0,0,0,0,0,0,0,0,2,0,0,0,2,0,0,0,0,2,0,0,0,2,0,0,0,0,2,2,0,2,0,0,0,0,0,0,2,0,0,0,0,0,2,0,2,0,0,0,0,0,0,0,2,2,0,0,0,0,0,2,2,2,0,0,0,0,0,0,2,2,0,0,2,0,0,0,2,NA,2,2,NA,0,0,0,0,0,0,0,0,0,0,0,2,2,2,0,0,0,0,2,0,0,0,0,0,2,0,2,0,0,0,0,0,0,0,2,0,2,0,0,0,0,2,0,0,0,0,2,0,0,0,0,0,0,2,2,0,0,0,2,0,2,0,0,0,0,2,0,0,0,0,0,0,0,0,0,2,0,0,0,0,0,2,2,0,2,0,2,2,0,0,0,2,2,0,0,0,2,0,0,0,0,0,0,2,0,0,2,0,0,0,0,2,0,0,0,2,2,2,0,2,0,0,0,0,2,0,0,0,0,0,0,0,0,2,2,0,0,2,0,0,0,0,0,2,0,2,0,0,0,0,2,0,2,0,0,0,0,0,0,0,0,0,0,0,2,2,0,2,0,0,0,0,0,0,2,0,2,0,0,0,0,0,0,0,0,0,0,2,0,2,2,0,0,0,0,0,0,0,0,2,0,2,0,0,0,2,2,0,0,0,0,0,0,0,0,0,2,2,2,0,0,0,2,0,0,0,2,0,0,0,0,0,2,0,2,0,0,0,0,0,0,0,2,0,0,0,0,0,0,0,0,0,0,0,0,2,0,0,0,0,0,0,0,0,0,0,0,0,0,2,0,0,0,0,0,0,2,2,0,0,2,0,0,2,2,0,0,0,0,0,0,0,0,0,0,0,2,0,2,0,0,0,0,2,0,0,0,0,0,0,0,2,2,0,0,0,2,0,0,0,0,0,2,2,0,0,NA,0,0,2,0,0,0,0,0,0,2,0,0,2,0,0,2,0,0,0,2,0,2,0,0,0,0,0,0,0,0,0,0,0,0,0,0,0,0,0,0,0,0,0,0,0,0,2,0,0,2,0,0,2,0,0,0,0,0,0,0,0,0,0,0,0,0,0,0,2,2,0,0,0,0,0,0,0,0,0,0,NA,0,0,0,0,2,2,0,0,0,0,0,0,2,0,0,0,0,2,0,0,0,0,0,0,0,2,0,2,0,0,0,0,2,0,0,0,0,0,0,0,0,0,0,0,0,0,0,2,2,0,0,0,0,0,0,0,0,0,0,2,0,2,2,2,0,0,2,2,0,0,0,0,0,0,2,2,0,2,2,0,0,0,0,0,0,0,0,0,0,0,0,2,0,0,0,0,0,2,0,NA,0,2,0,2,0,0,0,0,0,0,2,0,0,2,2,0,0,0,2,0,0,0,0,2,2,0,0,2,0,0,2,0,2,0,0,0,0,0,0,2,2,0,0,0,0,0,2,2,0,2,0,0,0,0,0,2,0,0,0,0,0,0,2,0,0,0,2,0,0,2,0,2,2,0,2,0,0,0,0,0,0,0,0,0,0,0,0,0,0,0,0,2,0,0,0,0,0,0,0,0,0,0,0,0,2,2,0,0,2,0,0,0,0,2,0,2,2,0,2,0,2,0,0,0,0,0,2,0,0,2,0,0,0,2,2,0,0,0,0,0,2,0,0,2,0,0,0,0,0,0,0,0,0,0,0,0,2,0,0,0,2,2,0,2,0,0,0,0,0,0,0,2,0,0,0,2,0,0,0,0,0,2,0,2,0,0,0,0,0,0,0,0,0,2,2,2,2,0,0,0,0,0,0,0,2,0,2,2,0,0,0,0,0,2,0,0,0,0,0,0,0,0,0,0,0,2,0,2,2,0,0,0,0,0,0,0,0,2,2,0,0,0,0,0,2,2,0,0,0,0,0,0,0,0,0,0,2,0,0,2,0,0,0,0,0,2,0,0,2,2,0,0,0,0,0,2,0,0,0,0,0,0,0,0,2,2,0,0,0,0,0,0,0,2,2,0,2,2,0,0,0,0,0,0,0,0,0,0,0,0,0,0,0,0,0,2,0,0,0,0,0,0,0,0,0,0,0,0,0,0,0,0,0,0,0,0,0,2,0,0,0,2,2,0,2,0,0,0,0,0,0,2,0,2,2,2,0,2,0,2,0,2,2,0,0,0,0,0,0,2,0,0,0,0,0,0,0,0,0,0,0,0,0,0,0,0,0,2,0,0,0,0,0,0,0,0,0,0,0,0,0,0,0,0,0,0,0,0,0,0,0,0,0,2,0,0,0,0,0,0,0,0,0,0,0,2,0,0,0,0,2,0,0,0,0,0,0,0,0,0,0,0,2,0,0,2,0,0,0,0,0,0,0,2,0,0,0,0,0,0,2,2,0,0,2,0,0,0,0,0,2,0,2,0,0,0,0,0,0,0,0,2,0,0,0,2,0,0,0,0,0,0,0,0,0,0,0,0,2,0,0,0,0,2,0,0,0,0,0,0,0,0,0,0,2,0,0,0,0,2,0,0,0,0,2,0,0,2,0,2,2,0,0,2,0,0,0,0,0,0,0,0,0,0,0,0,0,0,0,0,0,0,0,0,0,0,2,2,0,0,2,0,0,0,0,0,0,0,2,0,0,0,0,0,2,2,2,2,0,0,0,0,0,0,0,0,0,0,0,0,0,2,2,0,0,0,0,0,0,0,0,0,2,2,0,0,0,0,0,2,0,0,0,0,2,0,2,0,0,0,0,0,0,0,0,0,0,0,0,2,0,0,0,0,0,2,0,0,0,0,0,2,2,0,0,0,2,0,2,0,0,2,0,0,0,0,0,2,0,0,2,0,0,0,0,0,0,2,0,0,0,2,0,0,0,0,0,0,2,2,0,0,2,2,0,0,0,0,0,0,0,0,0,0,0,0,2,0,0,0,2,0,2,0,0,2,0,0,0,0,0,0,0,0,2,0,0,0,0,0,0,0,0,0,0,0,0,0,0,0,0,0,0,2,2,0,0,0,2,0,0,0,0,0,0,2,0,2,0,0,0,0,0,0,0,0,0,0,0,0,0,0,0,0,2,0,0,0,2,0,0,0,0,2,2,0,2,0,0,0,0,0,0,2,0,0,0,0,0,0,0,0,0,0,0,0,0,0,0,0,0,0,0,0,0,0,0,0,0,0,0,0,0,0,0,0,0,2,2,0,2,0,0,2,0,0,0,0,0,0,0,0,2,0,0,0,0,0,0,0,0,0,0,2,0,0,2,2,0,0,2,0,0,2,0,0,2,0,0,0,0,0,0,2,0,0,0,2,0,0,0,0,0,0,0,0,0,0,0,0,0,0,0,0,0,0,0,0,0,0,0,0,0,0,0,0,0,0,0,0,0,0,0,0,0,0,0,0,0,0,0,0,0,0,0,0,0,0,0,0,0,2,0,0,0,0,0,2,0,2,0,0,0,0,0,0,0,0,0,0,0,2,0,0,2,0,0,0,2,2,0,2,2,2,2,2,0,0,0,2,0,0,2,0,2,0,0,2,2,0,0,0,0,NA,0,2,0,2,0,0,2,0,2,0,0,0,0,2,0,0,0,0,0,0,0,2,0,0,0,0,0,0,0,0,2,0,2,0,0,0,0,0,2,2,0,0,0,0,2,2,2,0,0,0,0,0,0,0,0,2,2,0,0,0,0,0,0,0,2,0,0,0,0,0,0,0,2,2,0,0,0,2,0,0,2,0,0,0,0,0,0,0,2,0,0,0,0,0,0,2,0,0,0,0,0,2,0,2,0,0,0,0,0,0,0,0,0,0,0,0,0,0,0,2,0,0,0,0,0,0,0,0,0,2,2,0,2,0,0,0,2,0,0,0,0,0,0,0,0,0,0,2,0,0,0,0,0,0,2,0,0,0,0,2,2,0,0,2,2,0,0,0,0,0,0,0,0,0,0,0,2,2,0,2,2,0,0,0,0,2,2,2,0,2,0,0,2,0,0,0,0,0,0,0,2,2,0,2,0,2,0,2,0,0,2,2,0,0,0,0,0,2,0,2,0,2,0,0,2,0,2,0,2,0,2,2,2,0,0,2,0,0,0,0,2,0,2,0,2,2,0,0,0,0,0,0,0,0,2,0,0,2,0,0,0,0,2,0,2,2,2,2,0,0,0,0,0,0,2,2,2,2,0,0,0,2,0,2,2,2,2,2,0,0,0,0,0,2,0,0,2,2,0,0,2,0,0,0,0,0,0,0,0,2,0,0,2,0,0,0,0,0,0,0,0,2,0,0,0,2,0,2,0,0,0,0,0,0,0,0,0,0,0,0,0,0,0,0,2,0,0,0,0,0,0,0,0,0,0,0,0,0,0,2,0,0,0,0,0,0,0,0,0,0,0,2,2,0,0,0,0,0,0,0,2,0,0,0,0,0,2,2,2,0,0,0,0,0,0,0,0,0,0,0,0,0,0,0,2,0,0,0,2,0,2,0,0,0,0,2,0,0,0,0,0,0,0,0,2,0,0,0,0,2,0,0,2,0,2,2,0,2,0,2,0,0,2,0,0,0,2,0,0,0,0,0,2,0,0,2,2,0,0,0,0,0,0,0,0,2,0,0,2,2,0,0,2,0,0,0,0,0,2,0,0,0,0,0,0,0,0,0,0,2,0,0,0,0,0,0,0,0,2,0,2,2,2,0,0,0,0,0,0,0,0,2,0,0,0,2,0,0,0,0,2,0,2,0,0,0,0,0,0,0,0,0,0,2,0,0,0,0,0,0,0,0,0,0,0,2,0,0,2,0,0,0,0,2,2,0,2,2,2,0,0,2,2,0,0,0,0,0,0,0,2,0,0,2,0,2,0,0,0,2,2,0,0,2,0,0,0,2,2,2,0,0,0,0,0,0,0,0,0,0,0,0,0,0,0,0,0,0,0,0,0,0,0,0,2,0,0,0,0,0,2,2,0,0,0,0,0,0,0,0,0,0,0,0,0,0,2,2,0,0,0,0,0,0,0,0,0,0,2,0,0,2,0,0,0,0,0,0,0,0,0,NA,2,0,0,0,0,0,2,0,0,2,0,0,0,0,0,2,0,0,0,2,2,2,0,0,0,0,0,2,2,0,2,2,2,0,2,0,2,0,2,2,0,0,0,0,0,0,0,0,2,0,0,0,0,0,0,0,0,0,2,2,0,0,2,2,0,0,0,0,2,0,0,0,0,0,0,0,0,0,0,0,0,0,0,0,0,2,0,0,0,0,0,2,0,0,2,0,0,0,0,0,0,0,2,2,0,0,0,0,0,0,0,0,0,0,0,0,0,0,0,0,0,0,0,0,2,0,0,0,0,0,0,0,2,2,0,0,2,2,0,0,0,2,0,0,0,0,0,0,0,0,0,0,0,0,0,0,2,0,0,0,0,0,0,0,0,0,0,0,0,0,0,0,2,0,0,0,2,2,2,0,0,0,0,0,0,0,2,0,0,0,0,2,0,0,0,0,2,2,0,0,0,0,0,0,0,0,0,0,0,2,0,0,0,2,0,2,0,0,0,0,0,0,0,2,0,0,0,0,0,2,0,0,0,0,0,0,0,0,0,0,0,0,0,0,0,0,2,2,0,0,0,2,0,0,0,0,0,0,0,0,0,0,0,0,2,0,0,0,0,0,0,0,0,0,0,2,0,0,0,0,0,0,0,0,0,0,0,0,0,0,0,0,0,0,2,0,0,0,0,2,0,0,0,0,0,0,0,2,0,0,0,0,2,0,0,0,0,0,0,0,0,0,0,2,0,0,0,0,2,0,0,0,0,0,0,0,0,0,0,2,0,0,0,0,0,0,0,2,0,0,0,0,0,0,2,2,0,2,0,0,0,0,0,0,0,2,2,0,0,0,2,2,2,0,0,0,2,2,0,2,0,0,0,0,0,0,0,0,0,0,0,2,0,0,2,2,2,0,2,2,0,0,0,2,0,0,0,0,0,0,0,0,0,2,2,0,0,2,0,2,0,NA,2,2,0,0,0,0,0,0,0,0,0,0,0,0,0,0,2,0,0,0,0,2,0,0,0,0,2,0,0,2,0,0,0,0,0,2,0,0,2,2,0,0,0,0,2,0,0,0,0,0,0,2,0,0,0,0,0,0,0,2,2,0,2,2,0,2,0,0,0,2,0,0,0,2,0,0,0,0,0,2,0,2,0,0,2,0,0,2,0,0,0,0,0,2,0,0,2,0,0,0,0,0,0,0,0,0,0,0,0,0,0,0,0,0,0,0,0,0,0,0,0,0,0,2,0,0,2,0,0,0,0,0,0,0,0,0,0,0,0,0,0,0,0,0,2,NA,0,0,0,0,0,0,2,0,0,0,0,0,0,0,0,0,0,0,0,0,0,0,0,0,2,2,0,0,0,0,0,0,0,0,0,0,2,0,0,0,0,2,0,0,0,0,0,0,0,0,0,0,0,0,0,0,0,0,0,0,0,0,0,0,0,0,0,0,0,0,0,0,0,0,0,0,0,2,0,2,0,2,0,2,0,0,2,0,0,0,0,0,0,0,0,0,0,2,0,0,0,0,0,0,0,0,0,0,0,0,0,0,0,2,0,0,0,0,0,0,0,0,0,0,0,0,0,0,0,0,2,0,0,0,0,0,0,2,0,0,0,2,0,0,0,0,0,0,0,0,0,2,0,0,0,0,0,0,0,2,0,0,2,0,0,0,0,2,0,2,2,0,0,0,0,0,2,0,2,0,0,2,0,0,0,2,2,0,0,0,0,0,0,0,0,0,2,0,2,0,0,0,0,0,2,2,0,2,2,0,0,0,2,0,0,0,2,2,0,2,0,0,0,0,0,0,0,0,0,0,2,0,0,0,0,0,0,2,0,0,2,0,0,0,0,0,0,2,0,0,0,0,0,0,0,2,0,0,2,2,0,0,0,0,0,2,0,0,0,0,0,2,0,0,2,0,0,0,2,0,0,0,2,0,0,0,0,0,2,0,0,0,0,2,0,2,2,0,0,0,2,0,0,0,0,0,0,0,0,0,0,2,0,0,0,0,0,2,2,0,0,0,0,0,2,0,2,0,0,0,2,2,0,2,2,0,0,0,0,2,0,0,2,0,0,2,0,0,2,0,0,0,0,0,0,0,0,0,2,2,2,2,2,0,0,0,0,0,0,0,0,0,0,0,0,0,0,0,0,0,0,0,0,0,0,0,0,0,2,2,0,0,0,0,2,2,0,0,0,0,0,0,0,2,0,2,2,0,2,0,2,0,0,0,0,0,0,0,0,0,0,0,0,0,2,0,0,2,0,2,NA,0,2,2,0,2,0,0,0,0,0,0,0,0,0,0,2,0,0,0,0,0,0,0,0,2,0,2,2,0,0,0,2,2,0,0,0,2,0,0,0,0,0,0,2,0,0,2,0,0,0,0,2,0,0,0,0,0,2,0,0,0,0,0,0,2,2,0,2,0,2,0,0,2,0,0,2,0,0,0,2,2,2,0,0,2,2,0,2,0,0,0,0,2,0,0,0,2,0,0,0,0,0,0,0,2,2,0,0,0,NA,2,2,0,0,0,0,2,2,0,2,2,0,0,0,0,2,0,0,0,0,0,0,0,0,2,2,2,0,0,0,2,2,0,0,2,0,0,0,0,0,0,2,2,0,0,0,0,0,0,0,2,0,0,0,2,0,0,NA,0,0,0,2,2,0,0,0,2,0,0,2,0,2,0,2,0,0,0,0,0,2,0,0,0,0,2,0,0,0,0,2,2,0,2,2,0,2,0,0,0,2,0,0,2,0,0,0,0,0,2,0,0,0,0,0,0,0,0,0,2,0,0,0,0,0,0,2,0,2,0,2,2,2,0,2,2,0,2,0,0,2,0,0,0,0,0,0,0,0,2,2,0,0,0,0,0,0,0,0,0,NA,2,0,0,0,0,0,2,0,0,0,0,2,2,0,0,0,2,0,0,2,0,0,0,2,0,2,2,2,0,0,0,0,0,2,2,2,2,0,0,0,0,2,2,2,2,0,0,0,0,2,2,0,2,NA,2,0,0,0,2,0,0,0,2,0,0,2,0,2,0,2,2,0,2,2,0,0,NA,NA,0,0,0,0,0,0,0,2,2,0,0,0,0,0,2,0,2,0,2,0,0,0,2,2,2,0,0,0,0,2,2,0,0,0,0,0,0,0,0,0,0,2,0,0,0,2,0,0,2,0,0,2,0,0,2,0,0,2,0,2,0,0,0,0,0,0,0,0,2,2,0,2,0,2,0,0,2,0,0,0,2,2,2,0,0,2,0,0,0,0,2,2,2,0,0,0,2,0,2,0,0,0,0,0,0,2,0,0,0,0,0,0,0,0,2,0,2,0,2,2,0,0,2,0,0,0,0,2,0,0,0,0,0,0,0,2,2,0,2,0,0,0,0,2,NA,0,0,0,0,0,0,0,0,0,0,0,0,0,0,2,0,2,0,0,0,0,0,0,0,0,0,0,2,0,0,0,0,0,0,2,2,0,2,0,0,2,0,0,0,0,0,0,0,0,2,0,2,0,2,0,0,2,0,2,0,0,0,0,0,0,0,0,0,0,0,0,0,0,0,0,2,2,2,0,0,0,0,2,0,0,0,0,0,2,0,0,2,0,2,0,0,0,0,0,0,0,0,2,0,2,0,2,2,0,0,0,0,2,2,0,0,0,0,0,2,0,2,0,0,0,0,0,0,0,2,0,2,0,0,0,0,0,0,0,0,0,0,0,0,0,0,2,2,0,2,0,0,0,2,0,2,0,0,2,0,0,0,2,0,0,2,2,2,0,2,0,0,0,0,0,0,0,0,0,0,0,0,0,0,2,0,0,0,0,0,2,0,0,0,0,0,0,0,0,0,0,0,0,0,0,0,0,0,0,0,2,0,2,0,0,0,0,0,0,0,0,0,0,0,2,0,0,2,0,0,0,2,2,0,2,0,0,2,2,0,0,0,0,0,0,0,0,0,2,0,0,2,0,0,0,0,2,0,2,0,0,2,0,0,0,2,0,0,0,0,0,0,2,0,0,0,0,0,0,0,0,2,0,2,0,0,0,0,2,2,0,0,2,2,0,0,0,0,2,2,0,2,2,0,0,0,0,2,0,2,2,0,0,2,0,0,0,0,0,0,NA,2,0,2,0,0,2,2,0,0,0,2,0,0,2,0,2,0,0,0,0,0,2,0,0,0,0,0,0,2,2,2,0,0,0,2,0,0,0,0,0,2,0,2,0,NA,0,2,0,2,0,2,0,0,0,0,0,0,0,0,2,0,0,0,0,0,2,2,0,0,2,2,0,0,0,2,0,0,0,2,0,0,0,0,0,0,0,2,2,0,2,0,0,0,0,0,0,0,0,2,0,0,0,2,0,0,0,0,0,2,0,2,0,0,2,0,2,2,0,0,0,2,0,0,0,0,0,0,0,0,0,0,2,2,0,0,2,NA,0,2,0,0,0,0,2,0,0,2,0,0,0,0,0,0,0,0,0,0,0,2,2,0,0,0,0,0,0,0,0,0,0,0,2,2,0,2,2,0,0,0,0,0,0,2,0,0,0,0,0,0,0,0,2,2,0,0,0,0,0,0,0,2,0,2,0,2,2,0,0,0,0,2,0,0,0,0,0,0,0,0,0,0,2,0,0,0,0,2,2,0,0,0,0,0,0,0,0,0,2,0,0,2,0,0,0,0,2,0,0,0,0,0,2,0,2,0,0,0,0,0,0,0,2,2,0,2,0,2,0,0,0,0,2,0,2,0,0,0,2,2,0,0,2,2,2,2,0,0,0,0,0,0,0,0,0,2
"CC273",0,2,0,0,0,0,0,0,0,0,0,0,0,0,0,2,0,0,0,2,2,0,0,2,0,0,0,0,0,0,0,2,0,0,0,2,2,0,0,0,0,2,0,2,NA,0,0,0,2,0,2,NA,2,0,2,NA,2,0,0,0,0,0,0,2,0,2,0,0,0,0,2,0,0,0,0,0,0,2,0,2,0,2,0,0,0,2,2,2,0,0,0,0,0,0,0,0,0,0,2,2,0,0,0,0,0,0,0,0,0,0,0,0,0,0,0,0,0,0,0,0,0,0,0,2,0,0,2,0,0,0,2,0,0,0,0,0,0,0,0,0,0,0,0,2,0,0,2,0,0,0,2,2,0,0,2,2,0,0,2,0,0,0,0,2,2,0,0,0,2,0,0,2,0,0,0,0,0,0,2,0,0,0,0,0,0,0,0,0,0,0,0,2,0,0,0,0,0,2,0,0,0,0,0,0,0,0,0,0,0,0,0,0,0,0,0,0,2,0,0,0,0,0,0,2,0,2,0,0,0,0,0,0,0,0,0,0,0,2,0,0,0,0,0,0,0,0,0,0,2,0,0,0,0,0,0,0,0,0,0,0,0,0,0,2,0,0,2,0,0,0,0,0,0,0,0,0,2,2,2,0,2,0,0,0,0,0,0,0,0,0,0,2,2,0,0,0,0,0,0,0,0,0,0,0,0,0,0,2,0,2,2,0,0,0,0,0,0,0,0,0,0,0,0,0,0,0,2,0,0,0,0,0,2,0,0,0,0,0,0,2,0,0,0,0,0,0,0,0,0,0,NA,0,0,0,0,0,0,2,0,0,0,0,0,2,0,0,0,0,0,0,0,2,NA,0,0,0,0,0,0,0,0,0,0,0,0,0,2,0,0,0,0,0,0,0,0,0,NA,0,0,0,0,0,2,0,0,0,0,0,0,0,0,0,0,0,0,0,0,2,0,0,0,2,0,0,2,0,0,2,0,2,2,0,0,0,0,2,2,0,0,0,0,0,2,2,0,0,0,0,0,0,0,0,0,0,0,0,0,0,0,2,2,0,0,0,0,0,0,2,2,0,0,0,0,0,2,0,2,0,0,0,0,0,0,0,0,2,0,2,0,0,0,2,0,0,2,2,0,0,0,0,0,0,0,0,0,0,0,2,2,2,0,2,0,2,0,2,2,0,0,0,0,0,0,0,0,0,0,2,2,0,0,2,0,0,0,2,0,2,2,0,0,0,0,0,0,0,0,0,2,2,NA,0,0,2,2,0,0,NA,0,0,0,0,0,2,0,0,0,0,0,2,2,0,0,NA,2,0,0,2,0,0,0,2,0,0,0,2,0,0,0,0,0,NA,0,0,0,0,0,0,2,2,0,0,2,2,0,0,0,0,0,0,0,0,0,0,2,0,0,0,0,0,0,0,0,0,0,0,0,0,0,0,0,0,0,0,2,2,0,0,0,2,0,0,2,2,0,0,0,0,0,2,0,0,0,0,0,0,2,0,0,0,2,0,0,0,0,0,0,0,2,0,0,0,2,0,0,0,0,0,0,0,0,0,0,0,0,0,0,0,0,0,0,0,0,0,0,0,0,0,0,2,0,0,0,0,0,0,0,0,0,0,0,0,0,0,0,0,0,0,0,0,0,0,0,0,0,2,0,0,0,0,0,0,0,0,0,0,0,0,0,0,0,2,0,0,0,0,0,0,2,0,2,2,0,0,0,2,0,2,0,0,2,2,0,0,0,0,0,0,0,0,2,0,0,0,2,0,0,0,2,0,0,2,0,2,0,0,0,0,0,0,0,0,0,2,2,0,0,0,0,0,0,0,0,0,2,0,2,2,0,2,0,0,0,0,0,0,0,0,2,0,0,0,0,0,0,2,0,0,0,0,0,0,0,0,0,2,0,0,0,0,2,0,0,2,0,0,2,0,2,0,0,2,0,2,0,0,2,0,0,2,2,0,0,0,2,0,0,2,0,0,0,0,2,0,0,0,0,0,0,0,0,0,0,2,2,0,2,0,0,0,0,0,0,0,0,0,2,0,0,0,0,0,0,0,0,2,0,2,0,0,0,0,0,0,0,0,2,0,0,0,2,0,0,0,2,0,0,0,2,0,0,0,0,0,0,0,0,0,0,0,0,0,0,2,0,0,0,2,0,2,2,0,2,2,0,0,2,0,0,0,0,0,0,0,2,0,0,0,2,0,0,0,0,0,0,0,2,0,0,0,0,0,0,0,2,0,0,2,0,2,0,0,0,0,0,0,2,0,0,0,0,0,0,2,0,NA,2,0,0,0,0,0,0,0,0,0,0,2,0,0,0,0,0,2,NA,0,0,0,0,0,0,0,0,0,2,0,0,0,2,2,0,0,0,0,0,2,2,2,0,0,2,0,2,0,0,0,0,0,0,2,0,2,2,2,2,0,2,0,0,0,0,0,0,0,2,2,0,0,0,0,2,2,0,0,0,0,0,0,0,0,0,2,0,0,2,2,0,0,2,2,2,0,2,2,0,0,0,2,2,0,0,0,0,0,0,0,0,0,0,2,2,0,NA,2,2,0,0,0,0,2,0,0,0,2,0,0,0,0,0,NA,0,2,0,2,0,0,0,2,0,0,0,0,0,0,0,0,0,0,0,0,0,0,0,0,2,0,0,2,0,0,2,0,0,0,0,2,2,0,0,0,0,0,0,2,0,2,0,0,0,0,0,0,0,0,0,2,2,0,0,0,0,0,0,0,0,0,2,0,0,0,0,0,0,0,0,0,0,0,0,0,0,0,0,0,0,0,2,0,0,2,0,0,0,0,0,0,0,0,0,2,0,2,2,0,0,0,0,0,0,0,0,0,0,2,2,0,0,0,2,0,0,0,0,0,0,2,2,2,0,0,0,2,0,0,0,0,0,0,0,0,0,2,0,0,0,0,0,0,0,2,0,2,0,0,0,0,0,0,2,0,0,0,0,0,0,0,0,0,0,0,2,2,0,0,0,0,0,2,0,0,0,0,0,0,2,0,0,2,0,0,0,0,0,0,0,2,2,0,0,0,0,0,NA,0,0,0,0,0,0,0,0,2,0,0,0,0,0,0,0,0,2,2,2,0,0,0,0,0,0,0,0,0,0,0,2,0,0,0,0,0,2,0,0,0,0,0,0,0,0,0,0,0,0,2,0,0,2,0,0,0,2,0,0,2,0,0,0,0,0,2,0,0,0,0,0,0,0,0,0,0,0,0,0,0,0,0,0,0,0,0,0,2,2,0,0,0,0,0,0,0,2,0,0,0,0,0,2,0,0,0,0,0,0,0,2,0,0,2,0,2,0,0,0,0,0,2,0,0,0,0,0,0,0,0,0,0,0,2,0,2,0,0,0,0,0,0,0,2,0,0,2,0,0,0,0,0,0,0,0,0,2,0,0,0,0,0,0,0,0,0,0,0,NA,0,0,0,0,0,0,0,0,0,0,2,0,0,0,0,0,0,2,0,0,0,0,0,2,0,0,2,0,0,0,0,0,2,0,0,0,2,0,0,2,0,0,2,2,2,2,0,0,0,0,0,0,0,NA,0,2,0,2,0,0,0,0,2,0,0,0,0,0,0,0,2,0,0,2,2,0,0,0,0,2,2,2,0,0,0,0,0,0,2,0,2,0,0,0,2,2,0,0,0,0,0,0,0,0,0,0,0,0,0,0,2,0,0,2,0,2,0,0,0,2,0,0,0,0,0,0,0,0,2,2,0,2,2,2,0,0,2,0,0,2,0,0,0,0,0,0,0,0,0,2,0,0,0,0,2,0,0,0,0,0,0,2,0,0,0,0,0,2,0,0,0,2,0,0,0,2,2,0,2,0,0,0,0,0,0,0,2,0,0,0,0,0,NA,0,2,0,0,0,0,0,0,0,0,2,0,0,0,0,0,0,0,0,0,0,0,0,0,0,0,0,0,0,0,0,0,0,0,0,0,2,2,0,0,0,0,0,0,0,0,0,0,0,2,0,0,0,0,0,0,0,0,0,0,0,0,0,0,0,0,0,0,0,0,0,2,0,0,0,0,2,0,2,2,0,0,0,0,0,0,2,0,0,2,2,0,0,0,0,0,2,0,2,2,2,0,0,0,0,0,2,0,0,2,0,0,0,0,0,0,0,0,0,0,2,0,2,2,0,0,0,0,0,0,0,2,0,2,0,0,2,0,0,0,0,0,0,0,0,0,0,0,0,2,0,0,0,0,0,0,0,0,0,0,0,0,0,0,0,2,0,0,0,0,0,0,0,0,0,0,2,2,2,0,0,0,NA,0,2,0,0,0,2,0,0,0,0,2,0,0,0,2,0,2,0,0,0,2,2,0,0,0,2,0,0,2,0,0,0,0,2,0,0,2,0,0,0,0,0,0,0,0,2,0,2,0,0,2,0,2,0,0,0,0,0,0,0,0,2,2,0,0,0,0,0,0,0,0,0,0,2,0,2,0,0,2,0,0,0,0,0,0,0,0,0,0,0,0,2,2,0,0,0,0,2,2,0,0,2,2,0,0,0,0,0,0,0,0,0,0,0,2,0,0,0,0,0,0,0,0,0,0,0,0,2,2,0,0,0,0,0,0,0,0,0,0,0,0,0,2,0,0,0,0,0,0,0,0,0,2,0,0,2,0,0,2,0,0,0,0,0,0,0,0,0,0,0,0,0,0,2,0,0,0,0,0,0,0,2,2,0,0,0,0,2,0,0,0,0,0,0,0,0,2,0,0,0,0,0,2,0,0,2,0,0,0,2,0,0,0,0,2,0,2,0,0,2,0,0,0,2,2,0,0,0,0,2,2,0,0,0,0,0,0,0,0,0,0,0,0,0,0,0,0,0,2,0,2,0,0,0,0,0,0,2,2,0,2,0,2,2,2,2,2,0,0,2,2,0,0,0,0,0,2,0,2,2,2,2,0,0,0,2,0,0,0,0,0,0,2,0,2,0,0,0,0,2,0,0,0,0,0,2,0,0,0,0,0,0,0,0,2,0,0,0,0,0,0,0,0,2,0,0,0,0,0,0,0,2,0,0,0,0,2,0,0,0,2,0,0,0,0,0,2,0,0,0,0,0,0,0,2,2,0,0,0,0,0,2,0,0,0,0,0,0,0,0,0,0,0,0,0,0,0,2,0,0,0,0,0,0,2,0,2,0,0,0,0,2,0,0,0,0,0,0,0,0,2,0,0,0,0,0,0,0,2,0,2,0,NA,0,0,2,0,0,0,0,2,0,0,0,0,2,0,2,0,0,2,0,0,0,0,2,2,0,0,0,2,0,0,0,0,0,0,0,0,0,0,0,0,0,2,0,0,0,0,0,0,0,0,0,0,0,0,0,2,0,0,0,0,0,0,0,2,0,0,0,0,0,0,0,0,0,0,0,0,0,2,2,0,0,0,0,0,0,0,0,0,0,0,0,0,0,0,0,0,0,0,0,0,0,0,0,0,0,0,0,0,0,0,0,0,0,0,0,0,0,2,0,0,0,0,2,0,0,0,2,0,2,0,0,0,0,2,0,0,0,2,0,0,2,0,2,0,2,0,0,0,2,0,0,2,0,0,0,0,2,0,2,0,0,0,0,0,0,0,0,0,0,0,0,0,2,0,2,0,0,0,0,0,2,0,0,0,2,2,0,2,2,2,2,0,0,0,0,0,0,2,2,0,0,0,0,0,2,0,0,2,2,0,0,0,0,0,0,0,0,0,0,0,0,0,0,0,0,0,0,0,0,0,0,2,0,0,0,0,0,2,0,0,0,0,2,0,0,0,0,0,2,0,0,0,0,0,0,0,0,0,0,0,0,0,0,0,0,0,0,0,0,0,2,0,0,0,2,0,0,0,0,0,0,0,2,0,0,0,2,2,0,0,0,0,0,0,0,2,0,0,0,2,2,0,0,0,0,0,0,2,2,2,0,2,2,0,0,0,0,0,0,0,0,0,0,0,0,0,0,0,2,0,0,2,0,2,0,0,2,0,0,0,2,0,0,0,2,0,0,0,0,0,0,0,2,0,0,0,0,0,0,2,0,0,0,0,0,2,0,2,2,0,0,0,0,0,0,0,0,2,0,2,2,0,2,0,0,0,0,2,2,2,0,0,0,0,0,0,0,0,0,0,0,0,0,0,0,0,0,0,0,0,2,0,0,0,0,0,0,0,0,2,0,2,0,2,0,0,0,0,0,0,0,0,0,2,0,0,2,0,0,0,0,0,0,0,0,0,0,0,0,0,2,0,0,0,0,2,2,0,0,0,2,0,0,0,0,0,0,0,0,2,0,0,2,2,0,0,2,2,2,0,2,0,0,NA,0,2,0,0,0,0,0,0,0,0,0,0,0,0,0,0,0,0,2,0,0,0,0,2,2,0,0,0,0,0,0,2,0,0,0,0,2,0,2,0,0,0,0,0,0,0,0,0,2,2,2,0,2,0,0,2,2,2,0,2,2,2,0,0,0,0,0,2,0,0,0,0,0,0,0,0,2,0,2,2,0,2,0,0,0,0,0,0,2,0,0,0,0,0,0,0,0,0,2,0,0,0,0,0,0,2,0,2,2,0,0,2,0,0,0,0,0,0,0,0,0,0,2,0,0,0,0,2,0,2,2,0,2,0,2,2,0,2,2,2,0,2,0,2,0,2,0,0,2,2,0,0,2,0,0,0,0,0,0,0,0,0,2,0,0,2,2,2,0,0,0,0,2,2,0,0,0,0,0,0,0,0,0,0,0,0,0,0,0,0,2,0,0,0,2,0,0,0,0,2,0,0,0,0,0,0,0,0,0,0,2,0,2,0,0,0,0,0,0,0,0,0,0,0,0,2,NA,0,0,0,0,0,0,0,0,0,0,0,0,0,0,0,2,0,0,2,0,0,0,2,0,0,0,0,0,0,0,0,2,2,2,0,0,0,0,2,0,2,0,0,0,0,0,0,0,0,2,2,0,0,2,0,0,0,0,0,0,2,2,0,0,0,0,0,0,0,0,0,0,0,0,0,0,0,0,0,2,0,0,0,2,2,0,0,0,0,2,0,0,0,0,0,0,0,0,0,0,0,0,0,0,2,2,2,0,0,0,2,0,0,2,0,0,0,0,0,0,0,0,2,0,0,0,0,0,0,0,0,0,0,0,0,0,2,2,0,0,0,0,0,0,0,0,2,0,0,0,0,0,0,0,0,0,0,0,0,0,0,0,0,0,0,0,0,0,0,0,0,0,0,0,0,0,0,0,0,0,0,0,0,0,2,0,0,0,0,0,0,0,0,0,0,0,0,0,0,0,0,0,0,0,0,2,0,0,0,0,0,0,0,0,0,0,0,0,0,0,0,0,0,0,0,0,0,0,0,2,2,0,0,0,0,0,0,0,0,0,0,0,0,0,2,0,2,0,0,0,0,2,0,0,0,0,0,0,0,0,0,0,0,0,0,0,0,2,0,0,0,2,0,0,0,0,0,0,0,0,0,0,0,0,0,0,0,0,0,2,0,0,0,0,0,0,0,0,0,0,0,0,0,0,0,0,2,0,0,0,0,0,0,0,0,2,0,0,0,0,2,2,0,0,0,0,2,0,0,0,2,0,0,0,0,0,0,2,0,0,0,0,0,0,0,0,0,0,0,0,0,0,0,2,0,0,0,2,0,0,2,0,0,0,0,2,0,0,0,0,0,0,0,0,0,2,0,0,2,0,2,0,NA,0,0,0,0,0,0,0,0,0,0,0,0,0,0,0,0,0,0,0,0,2,0,0,0,0,0,2,0,0,0,0,0,0,0,0,2,0,0,0,0,0,0,0,0,0,0,0,0,0,2,0,0,0,0,0,0,2,0,0,2,0,0,2,0,0,0,0,0,0,0,0,0,0,0,0,0,0,0,0,0,0,0,2,2,0,2,2,0,0,2,2,0,0,0,2,0,0,0,0,2,0,0,0,0,0,0,0,0,0,0,0,0,0,0,0,0,0,0,2,0,0,0,0,0,0,0,0,0,0,0,0,2,0,0,0,0,0,0,0,0,0,2,0,0,2,0,0,0,0,0,2,0,0,0,0,0,0,0,0,0,0,0,0,2,0,0,0,0,0,0,0,0,0,0,0,0,0,0,0,0,2,0,0,2,0,0,0,0,2,0,0,0,2,0,2,0,0,2,0,0,2,0,0,0,0,0,0,0,0,0,0,0,0,0,0,0,0,0,0,0,0,0,2,0,0,0,0,0,0,0,0,0,0,0,0,0,0,0,0,2,0,0,0,0,0,0,0,0,0,0,2,0,0,0,2,0,0,0,0,0,0,0,0,2,0,2,0,0,0,0,0,0,0,0,0,2,0,0,0,0,0,2,0,0,0,0,0,0,0,0,0,2,0,0,0,0,0,0,2,0,0,0,0,0,0,0,0,0,0,0,0,0,0,0,0,0,0,0,0,0,0,0,0,2,2,0,0,0,NA,2,2,0,0,2,0,0,2,0,0,0,2,2,2,0,0,2,0,2,0,0,0,0,0,0,0,2,2,0,0,0,0,0,0,0,0,0,2,0,0,2,0,0,0,0,2,0,0,2,2,0,2,0,0,0,2,0,0,2,0,0,0,0,0,2,0,0,2,0,0,2,0,0,0,0,0,2,0,2,2,0,0,0,0,2,0,2,0,0,0,2,0,0,2,0,0,0,0,0,2,0,0,0,0,0,0,0,0,0,0,0,0,0,0,0,0,2,0,0,0,0,0,2,0,0,0,0,0,2,0,2,0,0,2,2,2,2,0,2,0,0,0,0,2,0,0,2,0,0,0,0,0,0,0,0,0,0,0,0,0,0,2,0,0,0,0,2,2,2,0,0,0,0,0,0,0,0,0,0,0,2,2,0,0,0,0,0,0,2,2,0,0,0,0,0,0,0,0,0,0,2,0,0,0,2,2,2,0,2,0,0,0,2,2,2,NA,0,2,0,0,2,0,0,0,0,2,0,0,0,0,0,0,0,0,0,0,2,2,0,0,2,2,0,2,0,2,0,0,0,0,0,0,0,0,0,0,0,0,2,0,0,0,2,0,0,2,0,0,0,0,0,0,0,0,0,2,0,0,0,2,0,0,0,0,0,0,2,2,0,2,0,2,0,0,0,0,0,0,2,2,2,2,NA,0,0,0,0,2,0,0,2,2,0,0,0,0,0,0,2,2,0,0,0,0,0,0,2,0,0,0,0,0,0,0,0,2,0,0,0,2,0,0,0,0,0,0,0,0,0,0,0,0,0,0,2,0,0,2,0,0,2,0,0,2,0,0,0,0,0,0,0,2,0,0,0,0,2,0,0,0,0,0,0,0,0,2,0,0,0,0,0,0,0,0,0,0,0,0,0,2,0,0,0,0,0,0,0,0,2,0,0,0,2,0,0,0,0,0,0,0,0,0,0,0,0,2,2,0,0,0,0,0,0,0,0,0,0,0,0,2,0,0,0,2,2,0,0,2,0,2,0,0,0,2,0,0,0,0,2,0,0,0,0,0,2,0,0,2,0,0,0,0,0,0,0,0,0,0,0,0,2,2,0,2,0,0,0,2,0,0,0,0,2,2,0,0,0,0,0,0,0,0,0,0,0,2,2,0,0,0,0,0,2,0,0,0,0,0,0,0,0,0,0,2,0,0,0,0,0,2,0,2,0,0,0,0,2,0,0,0,2,2,0,2,0,0,0,0,0,0,0,0,0,0,0,0,0,0,0,0,0,0,2,0,0,0,0,2,0,2,2,0,0,0,0,0,0,0,0,2,0,2,0,2,0,0,2,0,0,2,0,2,0,0,2,2,0,0,0,2,0,0,0,0,0,0,2,2,2,0,0,2,0,2,0,0,0,0,0,0,0,2,0,2,2,2,2,0,0,2,0,2,0,0,0,0,0,0,0,0,0,0,2,0,0,0,0,0,0,2,0,0,0,0,0,0,2,0,0,0,0,0,2,0,0,0,2,0,2,0,2,2,0,2,0,0,0,2,0,0,2,0,0,0,2,0,2,0,0,0,2,0,0,0,0,0,0,2,2,0,2,0,0,0,2,2,0,2,0,0,2,2,0,0,0,0,0,0,0,0,0,0,0,2,0,0,0,2,0,0,0,2,2,0,0,0,0,0,0,0,0,0,0,0,0,0,0,0,0,0,0,0,0,0,0,0,0,2,0,0,0,2,0,2,0,0,0,0,0,0,0,0,2,0,0,0,2,0,2,0,0,0,0,0,0,0,0,0,0,0,2,2,0,0,0,0,0,0,0,0,0,2,0,0,0,0,0,0,0,0,0,0,2,0,0,0,0,0,0,0,2,0,0,0,0,0,0,2,2,0,0,0,2,2,0,0,0,0,0,2,0,0,0,0,0,0,0,0,0,0,2,2,2,0,0,0,0,0,0,0,2,0,0,0,0,0,0,0,0,2,2,0,2,0,0,0,0,0,0,0,2,0,2,0,2,0,2,0,2,2,0,0,2,0,2,2,0,0,0,2,0,0,0,0,0,2,2,2,0,0,0,0,0,0,0,0,0,0,0,0,0,0,0,0,0,0,0,0,0,2,0,0,0,0,0,2,0,0,0,0,0,0,2,0,0,2,0,0,0,2,2,0,2,0,2,0,2,0,2,2,0,0,0,2,2,0,2,2,0,2,0,2,0,0,0,0,0,2,2,0,0,0,0,2,2,2,0,0,0,2,2,0,2,0,0,2,2,2,2,0,0,2,0,0,0,2,0,2,0,0,2,0,0,0,2,2,0,0,2,0,0,0,0,0,0,0,2,2,0,2,0,2,0,0,0,0,0,0,0,0,0,0,0,0,2,0,0,0,2,0,2,0,0,0,0,0,0,0,2,2,0,0,0,0,0,0,0,0,2,2,0,0,0,0,0,0,2,2,0,2,2,2,0,2,0,0,0,2,0,0,0,0,0,0,0,2,2,0,0,0,0,0,0,0,0,2,0,0,0,0,0,NA,0,0,0,0,0,2,0,0,0,2,0,0,0,0,0,0,0,0,0,0,0,0,2,0,0,0,0,0,0,0,0,0,0,0,0,0,0,2,0,0,0,0,0,0,0,0,0,0,2,0,0,0,0,2,0,0,0,2,0,2,0,2,2,0,0,0,2,0,0,0,0,0,0,0,0,0,0,2,0,0,0,0,0,0,0,2,0,0,0,0,0,0,0,0,2,0,0,0,0,0,0,0,0,0,0,2,0,2,0,0,2,2,0,0,0,0,0,0,NA,0,0,0,0,0,0,2,2,0,0,0,0,2,0,0,0,0,0,0,2,0,0,0,0,0,2,0,2,2,0,0,0,2,0,2,0,0,0,0,0,2,2,0,2,0,2,0,2,0,0,2,0,0,0,2,2,0,0,0,0,0,0,2,0,0,2,0,0,2,2,2,2,0,0,2,0,0,0,0,0,2,2,0,0,2,0,0,0,0,0,2,2,2,0,0,0,0,0,0,2,2,0,0,0,0,2,0,0,0,2,0,2,0,0,0,2,0,2,2,2,0,0,0,0,0,0,0,0,0,0,0,0,0,0,2,0,0,0,0,0,2,0,0,0,0,0,0,0,0,0,0,0,0,2,0,0,0,0,0,0,0,0,0,2,0,0,0,2,0,2,2,0,0,0,0,0,0,0,0,0,2,0,0,0,2,2,0,2,0,0,2,2,0,2,2,0,0,0,0,0,0,2,0,0,0,0,0,2,0,2,2,0,0,0,0,0,0,0,0,0,0,0,2,0,0,0,0,0,0,0,0,2,0,2,0,0,0,2,2
"CC274",0,0,0,0,2,0,0,2,2,0,0,0,2,0,0,0,0,0,0,0,0,0,0,0,0,2,0,0,0,0,0,0,0,0,0,0,0,0,0,0,0,0,0,0,0,2,0,0,0,0,0,0,0,0,0,0,0,0,2,2,0,0,0,0,2,0,2,0,0,0,0,0,0,0,0,2,2,0,0,0,2,0,0,2,2,2,0,2,0,0,2,0,0,2,0,2,0,0,0,0,0,0,0,0,0,2,0,0,0,2,0,0,2,0,0,0,0,0,0,2,2,2,0,2,0,2,2,0,0,0,0,0,0,0,0,0,2,0,2,0,0,2,0,0,2,0,0,2,0,0,0,0,2,0,0,0,0,0,0,0,0,0,0,0,0,2,0,0,2,0,0,0,2,2,0,2,0,2,2,2,2,2,2,0,0,0,0,0,0,0,2,2,0,0,0,2,0,2,0,2,0,0,2,0,0,0,2,2,2,0,2,0,2,0,2,0,2,0,2,2,0,2,2,0,0,0,0,0,0,2,2,2,0,2,0,2,0,NA,0,0,0,0,0,0,0,0,0,2,0,0,0,2,0,2,2,0,0,0,0,2,0,0,2,0,0,0,0,0,2,0,2,0,0,2,0,2,0,2,2,0,0,0,0,2,0,0,2,2,0,0,2,0,0,0,0,0,0,2,2,2,2,0,0,0,2,0,0,2,0,0,0,0,0,0,0,0,0,0,2,0,0,0,0,0,0,0,2,0,0,0,2,2,2,0,0,0,0,0,0,0,0,0,0,0,0,0,0,0,2,0,0,0,0,0,0,0,0,0,2,0,0,2,0,0,0,2,0,0,0,2,0,0,NA,0,0,0,0,0,2,0,0,0,0,0,0,0,0,2,2,0,0,0,0,2,2,2,2,0,0,0,0,0,2,0,2,0,2,0,0,0,0,0,0,0,2,0,0,0,0,NA,2,0,0,0,0,0,0,0,0,0,0,2,0,0,0,0,0,2,0,2,0,2,0,0,0,0,0,2,2,0,0,0,0,0,0,0,0,0,2,0,0,2,2,0,0,0,0,0,0,0,0,2,0,0,0,0,0,2,0,0,0,0,0,0,0,2,0,0,2,0,0,0,0,0,0,0,2,0,0,2,0,0,0,0,2,0,0,0,0,0,0,0,0,0,0,0,0,0,0,2,2,0,0,0,0,0,0,0,0,0,0,0,0,0,0,2,0,0,0,0,0,0,0,2,2,0,2,0,0,0,0,0,0,0,0,0,0,0,0,0,0,2,0,2,0,0,0,0,0,0,0,0,0,0,0,0,0,0,0,2,2,2,0,0,0,0,0,0,0,2,0,2,0,0,0,2,0,2,0,0,0,2,0,2,2,2,2,2,0,0,2,0,0,0,0,2,0,2,0,0,0,0,0,2,0,0,0,0,2,0,0,0,0,0,0,0,0,2,0,2,0,0,0,0,0,0,0,0,0,0,0,0,0,0,2,0,2,0,2,0,0,2,0,0,0,0,2,0,0,2,0,0,0,0,0,0,0,2,0,0,0,0,0,0,0,0,0,0,0,2,0,0,0,0,2,0,2,2,2,2,0,0,0,0,0,0,0,0,2,0,0,0,0,0,2,2,0,0,2,0,0,0,0,0,0,0,0,0,0,0,2,2,0,0,0,0,2,0,0,2,0,0,0,0,0,2,0,2,2,0,0,2,0,2,0,0,2,2,0,0,2,0,0,0,0,2,0,0,0,0,2,0,0,2,2,0,2,0,2,0,0,2,0,0,0,0,0,0,0,0,0,0,0,0,0,0,0,2,0,0,2,0,0,2,2,NA,2,0,0,2,0,0,0,0,0,2,0,0,0,0,0,0,0,2,0,0,0,0,0,0,0,0,0,0,0,0,0,0,0,2,0,2,2,0,2,0,0,2,0,0,2,2,0,2,0,0,0,0,0,0,0,0,0,0,0,0,0,2,0,0,0,0,0,0,0,2,0,0,0,0,0,2,0,0,2,2,0,0,0,0,2,0,0,2,0,0,0,0,2,0,0,2,0,0,0,0,0,0,0,0,2,0,0,0,0,0,0,0,2,2,0,0,0,0,0,0,0,0,0,0,2,0,0,0,2,0,0,0,0,0,0,0,0,0,2,0,0,0,0,0,0,0,0,0,0,0,0,0,0,0,0,0,0,0,0,0,0,0,0,0,2,0,0,0,0,0,0,2,0,0,2,0,0,0,0,0,0,0,0,2,0,2,2,0,0,0,0,0,0,2,2,0,0,0,0,0,0,0,2,0,0,0,0,0,0,0,0,0,0,0,0,0,0,0,0,2,0,0,0,0,0,0,0,0,0,0,0,0,2,0,0,0,0,0,0,2,0,0,2,0,0,0,0,0,0,2,0,0,2,0,0,0,0,0,0,0,0,2,0,0,2,0,0,0,0,0,2,2,2,0,2,0,0,0,0,0,2,2,0,0,0,0,0,0,0,2,0,0,0,0,0,0,0,0,0,0,0,0,0,0,2,2,0,0,0,0,0,0,2,0,0,0,0,2,0,0,2,0,0,2,2,0,2,0,0,0,0,0,0,0,0,2,0,0,2,0,2,0,2,2,2,0,2,0,0,0,0,0,0,2,2,2,0,0,0,0,0,0,2,0,0,0,0,0,0,0,0,0,0,0,0,0,0,0,0,0,0,0,0,0,0,0,0,0,0,2,0,0,0,0,0,2,0,0,0,2,0,0,0,NA,0,0,0,0,0,0,0,0,0,0,0,0,0,0,0,0,0,0,2,0,0,0,0,0,0,0,0,0,0,0,0,2,0,0,0,0,2,0,2,2,NA,0,0,0,0,0,2,2,0,0,2,0,0,2,0,2,0,0,0,2,0,0,0,0,0,0,0,0,2,0,0,2,2,0,0,2,0,0,0,2,2,2,2,0,0,0,0,0,0,0,2,2,0,0,0,0,2,2,2,2,0,2,0,0,0,0,0,0,0,0,0,0,2,2,0,0,2,0,0,2,0,0,0,0,2,0,0,0,0,2,0,0,0,0,0,2,0,0,2,0,0,0,0,0,0,0,0,0,2,0,0,2,2,2,0,0,0,0,2,2,2,0,0,0,0,0,0,0,0,0,0,0,2,0,0,0,2,0,0,0,0,0,2,0,2,0,0,0,0,0,0,0,0,0,0,0,0,0,0,0,0,0,0,2,2,0,0,0,0,0,0,0,2,0,0,2,2,0,2,2,0,0,0,2,0,2,2,2,0,0,0,0,2,0,0,2,0,0,2,2,0,0,0,0,2,0,0,0,0,0,0,0,0,0,2,2,2,2,2,0,0,0,0,0,0,2,0,0,0,0,2,2,2,0,0,0,2,0,0,0,0,0,0,0,0,0,0,0,0,0,2,0,0,0,0,2,0,0,0,0,0,0,0,0,0,0,0,0,0,0,2,0,0,0,0,0,0,0,0,0,0,2,0,0,0,0,0,0,2,2,2,2,0,0,0,0,2,0,0,0,0,0,0,0,0,0,0,0,0,0,0,2,0,0,0,0,0,0,2,0,2,0,0,0,0,0,0,0,0,0,0,0,0,0,2,0,0,0,0,0,0,0,0,0,2,0,0,0,0,2,0,2,0,0,2,2,0,2,0,0,0,0,0,0,2,2,NA,0,0,2,2,0,0,0,0,0,0,0,0,0,2,0,0,2,2,0,2,0,0,2,0,2,0,2,0,2,2,0,2,2,0,2,0,0,2,2,0,0,0,0,0,0,0,0,2,0,2,0,2,0,0,2,0,0,2,0,0,0,2,2,0,0,0,0,0,0,0,0,2,0,0,0,2,0,0,0,0,0,0,0,0,2,0,0,0,0,2,0,0,0,2,2,0,2,2,0,2,2,2,0,2,2,NA,2,0,2,2,2,0,0,0,2,2,2,0,NA,0,0,0,0,2,0,0,0,0,2,0,0,0,0,0,0,0,2,2,0,0,0,0,0,0,0,2,2,0,0,2,0,0,0,2,2,0,2,2,0,2,0,0,0,2,0,0,2,0,0,0,0,2,2,0,0,0,2,0,0,0,0,0,0,0,2,2,2,0,2,0,0,2,2,2,0,0,2,0,0,0,0,2,2,0,0,0,0,0,0,0,0,0,0,2,0,2,2,2,0,0,0,2,0,0,0,0,2,0,0,2,2,2,0,0,0,0,0,2,0,0,0,0,0,2,0,2,2,2,0,2,0,0,0,0,2,2,0,0,0,2,2,0,0,0,0,0,0,0,0,2,0,0,0,0,2,2,2,0,0,2,0,0,0,0,0,0,2,0,2,0,0,0,0,0,0,0,0,0,0,0,2,2,0,0,2,0,2,0,0,0,0,0,0,0,0,0,0,2,0,2,2,0,0,0,0,0,0,0,0,0,0,0,2,0,0,0,0,2,0,0,0,2,0,0,0,0,2,0,2,0,0,0,0,0,0,0,0,2,0,0,0,0,0,0,0,0,0,0,0,0,0,2,0,0,0,0,0,0,0,0,0,0,2,2,2,NA,0,0,0,0,2,2,0,0,2,0,0,0,0,0,0,0,2,0,0,0,2,0,0,0,2,0,0,0,0,0,2,0,0,0,0,0,0,0,2,2,2,0,2,0,2,0,0,0,0,0,2,2,0,0,0,0,0,2,0,0,0,0,2,2,0,0,2,2,0,2,0,0,0,0,0,0,0,0,0,0,0,0,0,2,0,0,0,0,0,2,0,0,2,0,2,0,2,2,0,2,2,0,0,2,0,2,0,0,0,2,2,0,0,0,0,0,2,0,0,2,0,0,0,0,0,2,0,2,0,2,0,0,0,2,0,2,0,0,0,0,0,2,0,0,0,0,0,0,0,0,0,0,0,2,0,0,0,0,0,0,2,0,0,0,0,0,0,0,0,0,0,0,0,0,2,0,0,2,0,0,0,0,2,0,0,0,0,0,0,0,0,0,0,0,0,0,0,2,0,0,2,0,2,0,0,2,0,2,0,0,0,0,2,0,0,0,2,0,0,0,0,2,0,0,2,0,0,0,2,2,0,2,2,0,0,0,0,0,0,0,0,0,0,0,0,0,0,0,0,0,0,0,0,0,0,2,0,2,0,0,0,0,0,0,0,2,0,2,0,0,2,0,0,0,0,NA,0,0,0,0,2,0,0,0,0,0,0,0,0,0,0,0,0,0,0,0,0,0,2,0,0,0,0,0,0,0,0,0,0,0,0,2,0,0,0,0,0,2,0,0,0,0,0,0,2,0,0,0,0,0,0,0,0,0,0,0,0,0,0,0,0,0,0,0,0,0,0,0,2,0,2,0,0,0,NA,0,0,0,0,2,2,0,0,0,0,0,0,0,0,0,0,0,0,0,2,2,2,0,0,0,0,0,0,0,0,0,0,2,0,0,0,0,0,0,0,0,0,2,0,0,0,2,2,0,0,0,0,2,0,0,0,2,0,0,0,0,2,0,0,2,0,2,0,0,0,2,0,0,0,0,2,0,0,2,0,2,0,0,0,2,0,0,0,0,0,0,0,0,0,2,0,0,0,0,2,0,0,0,0,0,0,2,0,0,0,2,0,0,0,0,0,0,2,0,0,0,0,0,0,0,0,0,0,0,0,0,2,0,0,0,0,0,0,0,0,0,0,0,0,2,0,2,0,0,0,0,0,0,0,0,0,0,0,2,0,0,0,0,0,0,2,0,0,0,0,0,2,0,2,0,0,0,2,2,0,0,0,0,0,0,0,2,0,0,0,0,0,0,2,2,0,0,2,0,0,0,0,0,2,0,0,0,0,0,0,0,0,2,2,0,0,0,0,2,0,0,0,0,2,0,0,0,0,0,0,0,2,0,0,0,0,0,0,0,0,0,0,0,2,2,2,0,2,0,2,0,0,0,0,0,0,0,0,2,0,0,0,0,0,0,0,0,2,0,0,0,0,2,0,0,2,0,0,0,0,0,2,0,0,2,0,2,0,2,0,0,0,0,0,0,0,0,0,0,0,0,0,0,0,0,0,0,0,0,0,0,2,0,0,0,0,0,0,2,2,0,0,0,2,2,0,2,0,0,0,0,0,2,2,0,0,0,0,0,0,0,0,0,0,0,0,0,2,0,0,2,2,2,0,2,0,0,0,0,0,0,0,2,0,0,0,0,0,0,0,2,0,2,0,2,0,0,0,0,0,0,0,0,0,2,0,0,0,2,0,0,0,0,0,0,0,0,2,0,0,0,0,0,0,0,0,0,0,0,0,0,2,0,0,2,2,0,0,2,0,0,0,0,0,0,0,0,0,2,0,0,0,0,2,0,0,0,0,0,2,0,2,2,0,0,2,0,0,2,0,2,0,0,0,2,2,0,2,0,0,0,0,0,0,0,0,0,0,2,0,2,2,2,0,0,0,0,0,0,0,0,2,0,0,0,0,0,0,0,2,0,0,0,0,0,0,2,0,0,0,0,2,0,0,2,0,0,0,0,0,0,0,0,0,0,0,0,0,0,2,0,0,2,0,0,0,2,2,0,0,0,0,0,0,0,2,0,0,0,2,0,0,0,0,0,0,0,2,0,0,0,0,0,2,0,0,0,0,2,0,0,0,0,0,0,0,0,0,2,2,0,0,0,0,0,0,0,0,2,0,0,0,0,0,0,0,0,2,0,2,0,0,0,0,0,0,0,0,0,2,0,0,0,2,2,2,2,2,2,0,0,0,0,0,2,0,0,0,0,0,0,NA,0,0,0,0,0,0,0,2,0,0,2,0,2,0,0,0,2,0,2,0,2,0,0,2,0,0,2,0,0,2,0,0,0,0,0,2,0,0,0,2,0,2,0,0,2,0,2,0,0,0,0,0,2,2,0,0,2,0,2,2,0,0,0,0,0,0,0,0,2,0,2,0,0,0,2,0,2,0,2,0,0,0,0,0,0,0,0,2,0,0,2,2,0,0,0,0,0,0,2,0,2,2,0,0,0,0,0,2,0,2,0,0,0,0,0,2,0,0,0,2,2,2,0,0,0,0,2,0,0,2,2,2,0,2,0,0,0,0,0,0,2,0,0,0,0,2,2,0,0,0,0,0,0,0,0,0,0,2,0,0,2,0,2,0,2,0,2,0,0,0,0,0,0,0,2,0,0,0,0,0,0,2,0,0,0,0,0,0,0,0,0,0,2,0,0,0,2,2,0,0,2,2,0,2,0,2,2,0,0,2,0,0,0,0,2,0,0,0,0,0,0,0,0,0,0,2,0,2,2,0,2,0,2,0,2,0,2,2,0,0,0,NA,0,0,0,2,2,0,0,2,0,0,0,0,0,2,2,0,0,0,0,0,0,0,0,0,0,0,2,2,0,0,0,0,0,0,2,0,0,0,0,0,0,2,0,0,2,0,0,0,NA,0,0,0,NA,2,0,0,2,NA,2,0,0,2,0,0,0,0,2,0,0,2,0,0,0,2,2,0,0,0,0,0,0,0,0,0,0,0,0,2,0,2,2,0,0,0,2,2,0,0,0,0,0,0,0,0,2,2,0,2,0,0,2,2,0,2,0,0,2,0,0,0,0,0,0,0,0,0,0,2,0,0,0,0,0,0,0,2,0,0,0,0,2,0,0,0,0,2,2,2,0,0,0,0,0,NA,0,0,0,0,0,2,0,0,2,0,2,0,0,0,0,0,0,2,2,0,2,0,0,2,0,0,0,0,0,0,0,0,0,0,2,2,0,0,0,0,0,0,0,0,0,0,0,0,0,0,2,0,0,0,0,2,0,0,0,2,0,0,2,0,0,0,0,2,0,2,2,0,2,0,0,0,0,0,0,0,0,0,0,0,0,0,0,0,0,2,0,0,0,0,0,0,0,0,0,0,0,0,0,0,0,0,0,2,0,0,2,2,0,2,0,0,0,0,0,2,0,0,2,0,2,0,0,0,0,0,2,0,0,0,0,0,0,0,0,0,0,0,0,0,0,0,0,0,0,0,0,0,0,2,2,0,0,0,0,0,0,0,0,0,0,0,0,0,0,0,0,0,2,0,2,2,0,0,2,0,0,0,0,0,0,0,0,0,0,0,0,0,NA,0,0,0,0,0,0,0,0,0,0,0,0,0,0,0,0,0,0,0,0,0,0,0,0,0,0,0,0,0,2,0,0,2,0,0,0,0,0,0,0,0,0,0,0,0,2,2,0,0,0,0,0,0,0,0,0,0,0,0,0,0,0,0,2,2,0,2,0,0,0,0,0,0,2,0,0,0,2,0,0,2,2,0,0,0,0,0,0,0,0,0,0,0,0,0,0,0,0,0,0,2,2,0,0,0,0,0,0,0,0,0,0,0,0,0,0,0,0,0,0,0,0,2,0,0,2,0,0,0,0,0,0,0,0,0,0,0,0,0,0,0,2,2,0,0,0,0,0,0,0,2,2,0,2,0,2,0,0,2,0,0,0,0,0,2,0,0,0,0,0,0,2,2,0,0,0,0,0,2,NA,2,0,0,0,NA,2,2,0,0,0,0,0,2,0,0,0,0,0,2,2,0,0,2,0,0,2,2,0,2,2,0,0,0,2,0,0,0,0,0,2,0,0,0,2,2,0,0,0,2,0,0,0,0,0,0,2,0,0,0,2,0,0,0,2,2,2,0,0,0,2,2,0,2,2,0,2,0,2,0,0,0,0,2,0,2,0,2,2,0,0,0,2,0,0,0,0,0,2,0,0,0,0,2,0,0,0,2,0,2,0,0,0,0,0,0,0,2,0,0,0,0,0,0,0,0,0,0,2,0,2,0,0,0,2,0,2,0,0,0,2,0,2,0,0,0,0,2,2,2,0,0,0,0,0,0,0,0,0,2,2,0,2,0,0,2,2,0,2,2,0,0,0,0,0,0,0,0,2,0,0,2,0,0,2,0,2,2,0,0,0,0,2,0,0,2,0,2,0,2,0,2,2,2,0,0,2,2,2,0,0,2,0,0,0,0,2,0,0,2,0,2,0,2,2,2,0,2,2,0,2,2,2,0,0,0,0,0,0,0,0,0,0,0,0,0,0,0,0,0,0,0,0,2,0,0,0,0,0,0,0,0,0,0,0,0,0,0,0,0,0,2,0,0,0,0,0,0,0,0,0,2,0,0,0,0,0,0,0,0,0,0,0,0,0,0,NA,0,0,0,0,2,2,0,0,2,0,0,0,2,0,0,2,0,0,0,0,0,0,0,0,0,0,0,2,0,0,0,0,2,0,0,0,0,0,0,0,0,0,0,0,0,0,0,0,0,0,2,0,2,0,0,0,0,0,0,0,0,0,0,0,0,0,2,0,0,0,0,0,0,0,0,0,0,2,0,2,0,0,0,0,0,2,0,2,0,0,0,0,0,0,0,2,0,2,0,0,0,0,0,2,0,2,2,0,0,0,0,0,0,0,0,0,0,0,0,2,0,0,0,2,2,0,0,0,0,2,0,0,2,2,0,0,0,0,2,0,0,0,0,0,0,0,0,0,0,0,0,2,0,0,0,2,0,0,0,0,2,2,0,2,0,0,0,2,0,0,0,0,0,2,0,0,2,0,0,0,0,0,0,0,0,2,2,0,0,2,0,0,2,0,0,0,0,0,0,0,0,0,0,0,0,2,0,0,0,0,0,0,0,2,0,0,0,2,0,2,2,0,0,0,2,0,2,NA,0,0,0,0,0,0,2,2,0,0,0,0,2,2,0,2,2,0,2,0,0,0,2,0,0,2,0,0,2,0,0,0,0,0,0,0,0,0,0,0,0,2,2,2,0,0,0,0,2,0,0,0,0,0,0,0,0,0,0,0,0,0,0,0,2,0,0,0,0,0,2,2,0,0,2,0,0,0,0,0,0,0,0,2,0,0,0,0,0,0,0,0,0,0,0,0,0,0,0,2,0,0,2,0,0,0,2,0,2,0,0,0,0,2,0,0,0,0,0,0,0,0,0,0,0,2,2,0,0,0,0,2,0,0,0,0,NA,2,0,0,0,0,0,0,0,0,0,0,2,0,0,2,0,0,0,0,2,NA,2,0,0,2,0,0,0,0,0,0,0,0,0,0,0,0,2,2,0,2,0,2,0,0,2,2,2,2,2,0,0,0,0,2,0,0,0,0,0,0,0,0,0,0,2,0,2,0,2,0,0,0,0,2,0,0,0,0,0,0,0,0,0,0,2,2,0,0,2,0,2,2,0,0,2,0,0,0,0,0,0,0,0,0,0,0,0,2,0,2,0,2,0,0,0,0,2,0,0,0,2,2,0,0,0,0,0,0,0,0,0,0,0,0,0,0,2,0,0,0,0,2,NA,0,0,2,0,0,0,0,0,0,0,0,0,0,2,0,0,0,0,0,0,0,0,0,2,0,0,0,2,0,0,0,2,0,0,0,0,0,2,0,0,0,0,0,0,0,0,0,0,2,0,2,0,2,2,0,0,0,0,2,2,0,2,0,0,0,2,0,2,0,2,0,2,2,2,0,0,2,0,2,0,0,0,0,2,0,0,0,0,2,0,0,0,2,0,0,0,0,0,0,0,2,0,0,0,2,2,0,2,0,0,0,2,0,2,0,0,2,2,0,0,2,0,0,0,0,0,0,2,2,0,0,2,2,0,2,0,0,2,2,NA,0,0,0,0,0,0,0,0,2,0,0,0,2,0,0,0,0,0,NA,0,2,0,2,0,0,0,0,0,0,0,2,2,0,2,0,0,0,0,0,0,2,NA,2,2,0,2,0,2,0,0,2,0,0,0,0,0,0,0,2,2,0,2,0,0,0,0,0,0,0,0,0,2,0,0,0,0,2,0,0,0,0,0,0,0,0,2,2,0,0,0,0,0,2,0,0,2,2,2,0,0,0,2,2,0,0,0,2,2,0,2,0,0,0,2,0,2,2,NA,2,2,2,0,2,0,2,0,0,0,0,0,0,0,0,0,2,2,0,0,0,0,0,0,0,2,2,0,0,0,0,0,2,0,0,0,0,0,0,0,0,2,0,0,0,2,0,0,0,0,0,0,0,0,2,0,0,2,0,2,2,0,0,0,0,0,2,0,0,0,NA,2,2,2,2,2,2,0,2,2,2,2,0,0,0,0,0,0,2,0,0,0,0,2,2,0,0,0,0,0,0,2,0,2,0,0,0,2,2,2,2,0,0,0,0,0,0,2,2,0,0,0,0,0,0,0,0,0,0,0,0,0,2,0,0,0,2,2,0,0,0,0,0,0,0,0,0,0,0,0,2,2,0,0,2,0,0,0,0,0,2,0,0,2,0,0,0,0,0,0,0,0,2,0,2,2,0,0,0,0,0,0,0,0,0,0,0,0,0,0,2,0,0,0,0,2,2,0,2,2,2,0,0,0,0,0,0,2,0,0,0,0,0,0,0,0,0,2,2,2,2,0,0,0,0,0,0,0,0,0,0,0,0,0,0,0,0,2,0,0,0,0,0,0,0,0,0,0,2,0,0,0,0,0,2,0,2,0,0,2,0,0,2,0,0,0,0,NA,0,2,0,0,0,2,0,0,0,0,0,0,0,0,0,2,2,0,0,2,0,0,2,0,2,0,0,0,0,0,0,0,2,0,0,0,0,0,0,2,0,0,0,0,0,2,0,2,2,0,2,0,0,2,0,0,0,2,0,0,2,2,0,2,0,2,0,0,0,2,0,0,2,0,0,0,0,0,0,0,2,0,0,0,0,2,2,0,0,0,2,2,0,2,0,2,0,0,0,0,0,2,2,0,2,2,0,0,0,0,0,0,0,2,2
"CC275",0,0,0,0,2,0,0,2,2,0,0,2,2,0,0,0,0,0,0,0,0,0,0,0,0,2,0,0,0,0,0,0,0,0,0,0,2,0,0,0,0,2,0,0,0,2,0,0,0,0,2,0,0,0,0,0,0,0,2,2,2,0,2,0,2,0,2,0,0,0,0,0,0,0,0,2,0,2,2,0,2,0,0,2,2,0,0,2,0,0,2,2,0,2,0,2,0,0,0,0,0,0,0,2,0,0,0,0,2,0,0,2,0,0,0,0,0,0,0,0,2,2,0,0,2,2,2,0,0,0,0,0,0,0,0,0,2,2,2,2,0,2,0,0,0,0,0,2,0,2,0,0,0,0,2,2,2,0,NA,0,0,0,0,0,0,2,0,2,0,2,0,0,2,2,2,2,0,0,0,0,0,2,2,0,0,0,0,0,0,0,2,2,0,0,0,2,0,2,0,0,0,2,0,0,0,0,2,NA,2,0,2,0,2,0,2,0,2,0,0,2,0,2,2,0,0,2,0,0,0,2,2,2,0,0,0,0,0,0,0,0,0,0,0,0,0,0,0,0,2,0,0,2,0,2,2,0,0,0,0,2,0,0,2,2,0,0,2,0,2,0,2,0,0,2,0,0,0,2,2,0,0,0,2,2,0,0,0,2,0,0,2,0,0,0,0,0,0,2,2,0,0,0,2,0,2,0,0,2,0,0,0,0,2,2,0,0,0,0,0,0,0,0,0,0,0,0,2,0,0,0,0,2,2,0,0,0,0,0,0,0,0,0,0,0,0,0,0,0,0,0,0,0,0,0,2,0,0,0,0,2,2,2,0,0,0,0,0,2,0,0,0,0,2,0,2,0,0,2,0,2,0,0,0,2,0,0,0,2,0,0,0,2,0,2,2,2,2,0,2,0,0,0,0,0,0,0,0,0,0,0,0,0,0,0,0,0,2,0,0,2,0,0,0,0,0,0,0,0,2,2,0,2,0,0,0,0,0,0,0,0,0,0,0,0,0,0,0,0,2,0,2,0,0,0,0,0,0,0,0,2,2,0,2,0,0,NA,2,0,0,0,NA,0,0,2,0,0,0,2,0,0,0,2,0,0,0,2,0,2,2,0,0,2,2,0,0,0,2,0,2,2,0,2,0,0,0,2,2,0,0,NA,2,2,0,0,0,0,0,2,2,0,2,0,0,0,2,2,2,2,0,0,0,0,0,0,0,2,0,0,0,0,0,0,0,0,0,0,0,2,0,2,0,0,0,2,0,0,0,0,0,2,0,0,0,2,2,0,0,2,0,2,0,0,0,2,0,2,0,2,2,0,0,0,0,2,2,0,0,0,0,0,0,2,0,0,0,2,0,2,0,2,0,0,0,2,2,2,0,0,0,0,2,0,0,0,0,0,0,0,0,0,0,2,0,2,2,0,0,0,2,0,0,0,0,0,0,0,0,2,0,0,0,0,0,0,0,0,0,2,0,0,0,0,2,0,2,0,0,0,0,0,2,2,0,0,0,0,0,0,0,2,0,0,0,0,0,0,0,2,2,0,0,0,0,0,0,0,0,0,0,0,2,0,0,0,2,0,2,0,2,0,0,0,0,0,0,0,0,0,0,0,0,2,0,0,0,0,0,0,2,2,2,0,0,0,0,0,0,0,0,2,2,0,0,2,0,0,0,0,0,2,0,0,0,2,0,2,0,2,0,0,0,0,0,2,2,0,0,0,2,0,2,0,0,0,0,2,0,2,0,0,2,2,0,0,0,NA,2,0,0,0,0,0,0,0,0,0,0,0,0,0,0,0,0,0,0,0,0,0,0,0,0,0,0,0,0,0,0,0,0,0,0,2,0,0,0,2,2,0,0,0,0,0,2,2,0,0,0,0,0,0,0,0,0,0,0,0,0,0,0,0,NA,0,0,0,2,0,0,2,0,0,2,2,0,2,0,0,0,0,0,0,2,0,2,0,2,0,0,2,0,0,2,0,0,0,0,0,2,0,0,0,0,2,0,0,2,2,0,0,0,2,2,0,0,0,2,2,2,0,2,0,0,0,0,0,2,2,0,2,0,0,2,0,0,0,0,0,0,0,0,0,0,0,0,0,0,0,0,0,0,0,2,0,0,0,2,0,0,2,2,2,0,0,0,0,0,0,0,0,0,0,0,0,0,0,0,0,2,0,0,0,0,0,0,0,0,0,0,0,0,0,2,0,0,0,0,0,0,2,0,0,2,0,0,0,2,0,0,0,0,0,2,0,0,0,0,0,0,0,0,2,0,0,0,0,0,0,0,0,2,0,0,2,0,0,0,0,0,0,0,0,0,0,0,0,0,2,0,0,0,0,0,0,0,2,0,0,0,0,2,0,0,0,0,0,0,2,0,2,0,0,0,0,0,0,0,2,0,0,0,0,0,0,0,0,0,0,0,0,0,0,2,0,0,0,0,0,2,2,2,NA,2,2,0,0,0,0,0,0,0,0,0,0,0,0,0,2,0,0,0,0,0,0,0,0,0,0,0,2,2,0,0,0,0,2,0,2,0,0,0,2,0,2,0,2,0,0,0,0,0,2,2,0,2,0,0,0,0,0,0,0,0,2,0,0,2,0,0,0,2,2,0,2,2,2,0,0,0,0,0,2,2,2,0,0,0,0,2,0,2,0,0,0,0,0,0,0,0,0,0,0,0,0,2,0,0,0,0,2,2,0,2,0,0,2,2,0,0,0,0,0,0,2,2,0,0,2,0,0,0,0,0,0,0,0,0,0,0,0,0,0,0,0,0,0,0,0,0,0,0,0,0,0,0,0,0,0,0,0,0,0,0,2,0,0,0,0,2,0,2,0,0,2,0,2,2,0,NA,2,0,0,0,0,0,2,0,2,0,0,0,2,0,0,0,0,0,0,0,0,2,0,0,2,0,0,0,2,0,2,0,2,2,2,0,0,0,0,0,2,0,0,0,0,0,0,0,0,0,0,0,2,0,0,0,0,0,0,0,0,0,0,0,0,2,2,0,0,2,0,0,2,0,0,0,0,2,0,0,0,0,2,0,0,0,0,0,2,2,0,2,0,0,0,0,0,2,0,0,2,2,0,0,0,0,0,2,2,0,0,2,0,NA,2,0,0,0,0,0,2,0,0,0,0,2,2,0,2,2,2,2,0,0,2,2,0,2,0,0,0,0,2,0,2,2,0,0,0,0,0,0,0,2,0,0,2,2,0,0,2,0,0,0,0,0,0,0,2,2,2,2,0,2,0,0,0,0,2,2,2,0,0,0,0,2,0,0,2,0,0,2,2,NA,0,2,0,0,0,0,0,0,0,0,0,0,0,0,0,2,2,2,0,0,0,0,0,0,2,0,0,0,2,0,2,0,2,0,0,0,0,0,0,0,2,0,0,0,0,2,0,2,0,2,0,0,0,0,0,2,2,0,2,0,0,0,0,0,0,0,2,0,0,0,0,0,0,0,0,0,0,0,0,0,2,0,2,0,0,0,0,2,2,2,2,0,0,0,0,2,0,2,0,0,0,0,0,2,0,0,0,0,0,0,2,2,2,0,0,0,2,0,0,0,0,2,0,0,0,0,0,0,0,0,0,0,0,2,0,0,0,0,2,0,0,0,0,2,0,0,0,0,2,0,2,2,0,0,2,0,2,0,0,0,0,0,0,2,2,NA,2,2,2,2,0,2,0,0,0,2,0,0,0,0,0,0,2,2,0,0,0,0,2,0,0,0,2,0,2,2,2,2,0,0,0,0,0,0,2,2,2,0,0,0,0,0,0,2,0,0,0,0,0,0,0,0,0,0,0,0,0,0,0,0,0,0,0,0,0,0,0,2,0,0,0,2,0,2,0,0,0,0,2,2,2,0,0,0,0,0,0,0,0,0,2,0,2,0,0,NA,2,2,0,2,0,NA,2,0,2,2,2,0,2,0,2,2,2,0,2,0,0,2,0,2,0,2,0,0,0,2,0,0,0,0,0,0,2,2,0,0,0,0,0,0,0,2,2,0,0,NA,2,0,0,0,0,0,2,2,0,2,2,0,2,0,0,0,0,0,0,2,2,2,0,0,0,2,0,0,0,0,2,0,0,0,0,0,0,0,0,0,0,0,0,0,0,0,2,0,0,0,2,0,0,0,0,0,2,0,0,0,0,0,0,2,0,0,0,0,0,2,0,2,0,0,0,0,0,0,0,0,2,2,0,0,0,0,2,0,0,0,0,0,0,0,2,2,0,0,0,2,2,0,0,0,2,2,2,0,0,2,0,0,0,0,0,0,0,0,0,2,2,0,0,0,2,2,2,0,2,2,2,2,0,0,0,0,NA,2,2,0,0,0,0,0,2,0,0,0,0,0,0,0,NA,0,2,0,2,2,0,0,0,0,2,2,0,2,0,2,0,2,0,0,2,0,2,0,2,0,2,0,0,0,2,0,0,0,0,2,0,2,0,0,0,0,0,0,0,2,2,0,0,0,0,0,0,0,0,0,0,0,0,2,0,2,2,0,0,0,0,0,2,0,2,0,0,0,2,0,0,2,0,0,0,0,2,0,2,2,0,0,2,2,0,0,2,0,0,0,NA,0,2,0,2,0,2,0,0,0,0,2,2,0,0,0,0,0,2,0,0,0,0,0,0,0,0,2,2,0,0,0,2,0,0,0,0,0,2,2,0,0,0,0,2,2,0,2,0,0,2,2,0,0,2,2,0,0,0,0,0,2,0,0,0,0,2,2,2,0,2,2,0,0,2,2,0,2,2,0,0,2,0,0,2,2,0,2,0,0,0,NA,0,0,0,0,0,0,0,0,0,0,0,0,2,0,0,0,0,0,0,2,0,0,0,0,0,0,0,0,0,2,0,2,0,0,0,0,0,2,2,0,0,2,0,0,0,0,0,0,2,0,0,0,0,0,0,2,2,0,0,0,0,0,0,0,0,0,0,0,0,2,0,0,0,0,0,0,0,0,2,0,2,0,0,0,0,0,0,0,2,0,0,0,0,2,0,0,2,0,0,0,0,2,0,0,0,0,0,0,2,0,0,2,2,0,0,0,0,0,2,0,2,0,2,2,2,2,0,0,2,2,0,0,2,0,0,2,0,0,0,2,0,0,2,0,0,0,0,0,0,0,0,0,0,0,0,0,0,0,0,0,2,2,0,2,0,0,0,0,0,0,2,0,2,0,0,0,2,0,0,0,0,2,0,0,0,0,0,0,0,0,0,0,0,0,2,0,0,0,0,2,0,0,0,0,0,0,0,2,0,0,0,0,0,0,0,0,0,0,0,2,0,0,0,0,0,0,0,2,0,0,0,0,0,0,0,0,0,0,0,0,0,0,0,0,0,0,2,0,0,0,0,0,0,0,0,2,2,0,0,0,0,0,0,0,0,0,0,0,2,0,2,2,0,0,0,0,0,0,0,0,0,0,0,2,0,0,0,0,0,0,2,0,0,2,0,0,0,2,2,0,0,2,0,0,0,0,0,0,0,0,2,0,2,0,0,0,2,2,2,0,0,2,2,0,2,0,2,0,2,2,0,2,2,0,2,2,0,0,0,0,0,0,0,2,0,2,2,2,0,0,2,0,2,0,0,0,0,0,0,2,2,0,0,0,0,0,0,0,0,0,0,0,2,0,0,0,2,2,0,0,0,0,2,0,0,0,0,0,0,0,0,2,0,0,0,2,2,0,0,0,0,0,0,0,2,2,2,0,0,0,0,0,0,0,0,0,0,0,0,0,2,0,2,0,0,0,0,0,0,0,0,0,0,0,0,0,0,2,0,0,0,0,0,0,2,2,0,0,2,0,2,0,0,0,2,0,0,0,0,0,0,0,0,2,2,0,0,0,0,2,0,0,0,0,2,0,0,2,0,0,0,2,2,0,0,0,0,2,0,0,0,0,0,0,2,2,0,0,0,0,2,0,0,0,0,0,0,0,0,0,0,0,0,0,0,0,0,0,0,0,0,0,0,2,0,0,2,0,0,0,0,0,0,0,0,2,0,2,0,2,0,0,0,2,0,0,0,0,0,0,0,0,0,0,0,0,0,0,0,0,0,0,2,0,0,0,0,0,0,2,2,0,0,0,2,2,0,2,0,0,2,0,0,2,2,0,0,0,0,0,0,0,0,2,0,0,0,0,2,0,0,2,2,2,0,2,0,0,0,2,0,0,0,2,0,0,0,0,0,0,0,2,0,2,0,2,0,0,0,0,0,0,0,0,0,2,2,0,0,2,0,0,0,0,0,2,0,0,0,0,0,0,0,0,0,0,0,0,0,0,2,0,2,0,0,0,0,0,0,2,0,0,0,0,0,0,0,0,0,2,0,0,0,0,2,0,0,0,0,0,2,0,2,2,0,0,0,0,0,0,0,0,0,0,0,2,0,0,2,0,0,0,0,0,0,0,0,0,0,2,0,2,2,2,0,0,0,0,2,0,0,0,0,0,0,0,0,0,0,2,2,0,0,0,0,0,0,2,0,0,0,0,2,0,0,2,0,2,0,0,2,0,0,0,NA,0,0,0,0,0,2,2,0,0,0,0,0,2,2,0,0,0,2,0,2,0,2,0,0,0,2,0,0,0,0,0,0,0,2,0,0,0,0,0,2,0,0,0,0,2,0,0,0,0,0,0,0,0,0,2,2,0,0,0,0,0,0,0,0,0,0,0,2,0,0,0,0,2,0,0,0,2,0,0,2,0,2,0,0,0,0,0,0,0,0,2,0,0,0,2,0,0,0,2,0,0,0,0,0,0,2,2,2,0,2,2,2,0,0,0,0,0,0,2,0,2,0,0,2,2,0,2,2,0,0,0,2,0,0,0,2,2,2,2,0,0,0,0,0,0,0,0,0,0,2,0,0,0,0,0,0,2,0,0,0,2,0,0,0,0,0,0,2,0,0,0,0,0,0,0,0,2,0,2,0,2,2,2,0,0,0,2,0,0,0,0,2,0,0,0,2,0,0,2,2,0,0,0,0,0,0,2,0,2,2,0,0,0,2,0,2,0,2,0,0,0,0,2,2,0,0,0,2,2,2,0,0,0,0,2,2,2,2,2,2,0,2,0,2,0,2,0,0,2,0,0,0,0,2,0,0,0,0,0,0,0,0,0,0,0,2,0,0,2,0,2,0,2,2,2,2,0,0,0,0,2,0,2,2,0,0,0,2,2,2,0,0,0,0,0,2,0,0,0,0,2,0,0,0,2,2,2,0,2,2,0,0,0,2,2,2,0,0,0,0,0,0,2,0,2,0,0,0,0,0,0,0,2,0,0,2,2,0,2,0,0,0,0,0,2,2,0,0,2,0,2,0,0,2,0,0,2,0,0,2,2,0,NA,0,0,0,2,0,0,0,2,0,2,0,0,0,2,2,0,0,0,2,0,0,2,0,2,2,2,0,2,2,0,0,2,2,2,2,NA,0,0,0,NA,2,0,0,2,0,2,0,0,2,0,2,0,0,2,0,2,2,0,0,0,2,NA,2,2,0,0,2,0,0,0,0,0,0,0,0,0,2,2,0,0,0,2,0,0,0,2,0,0,0,0,0,0,0,0,2,0,0,2,0,0,2,0,0,2,0,0,0,0,0,2,0,0,NA,0,2,0,0,0,0,0,0,2,2,0,0,2,0,2,2,2,0,0,2,2,2,0,0,0,0,0,0,0,0,0,0,0,2,0,0,2,0,2,0,2,0,0,0,0,0,2,0,2,0,0,2,0,0,0,0,0,0,0,0,0,0,2,0,0,0,0,0,0,0,2,0,2,0,0,0,0,0,2,0,NA,2,0,0,0,0,2,0,0,0,0,0,2,2,2,0,0,0,0,0,2,0,0,0,0,0,0,0,2,0,0,0,2,0,0,2,0,2,0,0,2,0,0,0,0,0,2,2,0,0,0,0,2,0,0,2,0,0,2,0,0,0,0,2,0,2,0,0,0,2,2,0,2,0,0,2,0,0,2,0,0,0,0,0,0,0,2,0,2,0,0,2,0,0,0,0,0,2,0,0,0,2,2,0,0,0,0,2,0,0,0,0,0,0,2,0,0,0,0,2,2,0,2,2,0,2,0,0,0,2,0,0,2,0,0,2,0,0,0,NA,0,2,NA,0,2,0,2,0,0,0,0,0,0,0,0,0,0,2,0,0,0,0,0,0,0,0,0,0,0,0,2,0,0,2,0,0,0,0,0,0,0,0,0,0,0,0,2,2,2,0,2,0,0,0,0,2,0,0,0,0,0,0,0,0,2,2,0,2,0,0,0,0,0,0,2,2,0,0,2,0,0,0,2,0,0,2,2,0,0,0,0,0,0,0,0,0,0,0,0,0,0,2,2,0,0,0,2,0,0,0,2,0,0,0,0,0,0,0,0,0,0,0,0,2,0,0,2,0,0,0,0,2,0,2,0,0,0,0,0,0,0,0,0,0,0,0,0,0,0,0,2,2,2,0,0,0,2,2,0,2,0,0,0,0,0,0,0,0,0,0,0,0,2,2,2,0,0,0,0,2,NA,2,0,0,0,0,2,2,0,0,0,0,0,2,0,0,0,0,0,2,2,0,0,0,0,0,2,2,0,2,2,0,0,0,2,0,0,0,0,2,2,0,0,0,2,2,0,0,0,2,0,0,0,0,0,0,0,0,0,0,2,0,0,0,2,2,2,0,0,0,2,0,0,0,2,0,2,0,0,0,0,0,0,0,0,0,0,2,0,0,0,0,0,0,0,2,0,0,2,0,0,0,0,2,0,0,0,2,0,2,0,0,0,0,0,0,0,0,0,0,0,0,0,0,0,0,0,2,2,0,0,0,0,0,2,0,2,0,2,0,2,0,2,0,0,0,0,2,2,2,0,0,0,0,0,2,0,0,0,2,2,0,0,0,0,2,0,0,0,0,0,0,0,0,0,0,0,0,2,0,0,2,0,0,2,0,2,2,0,0,0,0,2,2,0,2,0,0,0,2,0,2,0,2,0,0,2,2,2,0,2,2,0,0,0,0,2,0,0,2,2,2,0,2,0,0,0,0,2,0,0,0,0,0,2,0,0,0,0,0,0,0,0,0,0,0,0,0,0,2,0,0,0,2,0,0,0,0,0,0,0,0,0,0,2,0,0,0,0,2,0,0,0,0,0,0,2,0,0,0,0,0,0,0,0,2,0,0,0,2,0,2,0,0,0,0,0,0,0,0,0,2,2,0,0,0,0,0,0,0,0,0,2,0,0,0,0,2,0,0,0,0,0,0,0,0,0,0,0,0,0,0,0,0,2,0,0,0,0,0,0,0,0,0,0,0,0,2,0,2,0,0,0,0,0,0,0,0,0,0,0,0,0,2,0,0,0,0,0,0,0,0,0,0,0,0,2,2,0,0,2,0,0,0,2,0,0,0,0,0,NA,0,0,0,0,0,0,2,0,0,0,0,0,0,2,0,0,0,0,0,2,0,0,0,0,0,2,0,0,2,2,2,2,2,2,0,2,0,0,2,2,0,0,2,0,2,0,0,0,0,0,0,0,0,2,0,0,0,2,0,2,0,2,0,0,0,2,2,0,0,2,0,2,0,2,0,0,0,0,0,2,0,0,2,0,0,2,0,0,0,2,0,2,2,0,0,2,0,0,0,2,2,0,0,0,0,2,0,0,0,0,0,2,0,0,2,0,2,0,0,2,0,0,0,2,0,2,2,0,0,0,2,0,0,NA,0,0,0,0,0,0,2,2,0,0,0,0,2,0,0,2,2,0,2,0,0,0,2,0,0,0,0,0,2,0,0,0,0,0,0,0,2,0,2,0,0,2,2,2,0,0,2,0,0,0,0,0,2,2,2,0,0,0,0,0,0,0,0,0,0,0,0,0,0,0,0,2,0,0,0,0,0,0,0,0,0,0,0,0,0,0,0,0,0,0,0,0,0,0,0,0,0,0,0,0,0,0,2,0,0,0,0,0,2,2,0,0,0,2,0,0,0,0,0,2,0,2,2,0,0,2,2,2,0,0,2,2,0,0,0,0,NA,2,0,0,0,0,0,0,0,0,0,0,2,0,0,2,0,2,0,2,2,0,2,0,0,0,0,0,0,0,2,0,0,2,0,0,0,0,2,2,0,2,0,2,0,0,2,2,2,2,2,0,0,0,NA,2,0,0,0,0,0,0,0,0,0,0,0,0,2,2,0,0,0,0,0,2,0,0,0,0,0,0,0,0,0,0,0,2,0,0,2,0,0,2,2,0,2,0,0,0,0,0,0,0,0,0,0,0,0,0,0,2,0,2,0,0,0,0,2,0,0,0,0,NA,2,0,2,2,0,0,2,2,0,0,0,0,0,0,2,0,0,0,0,2,2,0,0,2,0,0,0,0,0,2,0,0,2,0,2,0,0,0,2,0,0,0,0,2,2,0,0,0,0,2,0,0,0,0,0,0,0,0,2,0,2,0,0,0,2,0,NA,0,0,2,0,0,0,2,2,0,0,0,0,0,0,0,2,0,0,0,0,0,2,0,0,0,2,2,2,0,0,2,0,2,0,0,0,0,2,0,2,0,0,2,0,0,0,2,2,0,0,0,0,0,0,2,0,0,0,2,0,0,0,0,0,0,0,0,2,0,0,2,2,0,0,2,0,2,0,0,0,0,2,2,2,0,2,0,0,0,0,0,2,2,0,0,0,0,0,0,0,0,0,NA,0,0,0,2,0,0,0,0,0,2,0,0,0,0,0,0,0,0,0,NA,2,2,2,2,2,0,0,0,0,0,2,0,NA,2,0,0,2,0,2,2,2,0,0,0,0,0,0,0,2,2,2,0,0,2,0,0,2,0,2,0,0,0,2,0,2,0,0,0,0,0,0,0,0,0,0,0,2,2,2,2,0,0,0,0,2,0,2,2,2,0,0,0,2,2,0,0,0,2,0,2,2,2,0,0,0,0,0,0,0,2,0,0,0,2,0,2,2,0,0,0,0,0,0,0,0,0,2,0,0,0,0,0,0,0,0,0,0,0,0,2,0,2,0,0,0,2,0,2,0,0,2,0,2,0,0,0,2,0,0,0,0,2,2,2,2,0,0,2,2,2,0,0,2,2,0,0,2,2,0,0,2,0,0,0,2,2,2,2,2,2,0,0,0,2,0,0,0,2,0,0,2,0,2,0,0,0,0,0,0,0,2,0,2,0,0,0,2,2,0,2,0,0,0,0,0,0,2,2,0,2,0,0,0,0,0,0,0,2,0,0,0,0,2,0,0,0,2,0,0,2,0,0,NA,0,2,0,0,0,0,2,2,0,0,2,0,0,0,0,2,2,0,2,2,0,0,0,0,0,0,0,2,2,0,2,2,0,2,0,0,0,0,0,0,0,0,0,2,0,0,2,0,0,0,0,0,2,0,2,0,0,0,2,2,2,0,0,0,0,0,0,0,0,0,0,0,0,0,2,2,2,0,0,2,0,0,0,0,0,0,0,0,0,0,0,0,0,2,0,0,0,0,0,0,0,0,0,0,0,0,0,0,0,0,2,2,0,0,0,2,2,2,2,0,0,0,0,0,0,0,0,0,0,0,0,0,0,0,0,0,0,0,2,0,0,2,0,0,NA,0,0,0,0,2,0,0,0,0,0,0,2,0,0,0,0,0,0,2,0,0,2,0,2,2,0,0,2,0,0,0,0,2,0,0,0,0,0,0,0,0,0,2,0,2,0,0,0,2,0,0,2,0,0,0,0,0,0,0,2,0,0,0,0,2,2,0,0,0,2,2,0,0,0,2,0,2,0,0,0,2,2,2,2,2,0,0,0,0,2,0,2,0,0
"CC276",0,2,0,0,0,0,2,0,0,0,0,2,0,0,0,2,0,0,2,0,2,0,0,0,2,0,0,0,0,2,0,2,0,0,0,2,0,0,2,0,0,0,2,2,2,0,2,0,0,0,0,2,0,2,0,0,2,2,0,0,0,0,2,2,0,2,0,0,0,2,0,0,0,2,0,0,0,0,2,2,0,0,0,0,0,0,0,2,0,0,0,2,0,0,0,0,0,0,2,2,0,0,0,0,2,2,0,0,0,0,0,0,0,0,0,0,0,0,2,2,0,0,0,0,0,0,0,0,2,0,0,2,0,0,0,0,0,0,2,0,0,0,0,0,0,0,2,0,0,0,0,0,2,0,2,0,0,0,NA,0,0,0,2,2,2,2,0,0,0,0,0,2,2,0,0,2,2,0,0,0,2,0,0,2,2,0,0,0,0,2,2,0,2,0,0,2,0,0,0,0,0,0,0,0,0,0,0,2,0,0,0,2,2,2,0,2,0,0,2,0,2,0,NA,2,0,0,0,2,0,2,0,0,2,0,0,0,0,0,0,0,2,0,0,0,2,0,0,0,0,2,0,0,0,0,0,0,0,2,0,0,0,2,0,0,2,0,0,0,0,0,0,0,0,0,0,0,0,0,0,0,0,0,0,2,0,0,0,2,0,0,0,0,0,0,0,2,0,0,2,2,0,0,0,2,2,0,0,2,0,2,0,0,0,0,2,2,0,2,0,0,2,0,0,0,2,0,2,0,0,0,0,0,2,0,0,2,0,2,2,0,0,0,0,0,0,0,0,0,0,0,0,0,0,0,0,0,0,0,2,0,0,2,0,0,0,0,0,2,0,0,2,0,0,0,0,0,2,0,0,0,0,0,0,2,0,0,2,2,0,0,0,0,2,0,0,0,0,0,0,0,0,0,0,0,0,0,0,0,0,0,0,0,0,0,2,0,0,0,0,0,0,0,0,0,0,0,0,0,0,0,0,0,2,0,2,0,0,0,2,0,2,0,0,0,0,2,0,0,2,0,0,0,2,2,0,0,2,0,0,0,0,2,2,0,0,0,0,2,0,0,0,2,0,0,0,0,0,2,0,0,0,0,0,2,0,2,0,0,2,2,0,0,0,0,0,0,0,0,0,2,2,0,0,0,0,0,0,0,2,0,0,0,0,0,0,0,0,0,0,0,0,0,0,0,0,0,0,2,0,0,0,0,2,0,0,0,0,0,0,0,2,0,0,2,0,2,0,0,0,0,2,0,0,0,0,0,0,2,0,0,0,0,0,0,0,0,0,0,0,2,0,2,0,0,2,0,0,0,0,0,0,2,0,0,0,0,0,0,0,2,0,2,2,0,2,0,0,0,0,2,0,0,0,0,0,0,0,0,0,0,0,0,0,0,0,0,0,0,0,2,0,0,0,0,2,0,0,0,0,0,0,0,2,0,0,0,0,0,0,2,0,0,0,0,0,0,0,2,0,0,0,0,0,0,0,0,0,0,2,0,0,2,0,0,0,0,2,0,0,0,0,0,0,2,0,0,0,0,0,2,0,0,0,0,2,0,2,0,0,0,2,0,2,0,0,0,2,0,0,2,0,2,0,2,0,0,0,0,0,2,0,0,0,0,0,0,0,2,2,0,0,0,0,0,0,2,0,2,2,0,2,0,0,0,0,0,0,0,0,0,0,0,0,0,0,0,0,2,0,0,0,0,0,0,2,0,0,0,2,2,2,0,0,0,0,0,0,0,NA,0,0,0,0,0,0,0,2,2,0,0,0,0,0,0,2,2,0,2,2,0,2,0,0,0,2,2,0,0,0,0,0,0,0,0,0,0,0,0,0,0,0,2,0,0,0,2,0,2,0,0,0,0,2,2,2,0,2,0,0,0,0,0,0,0,0,0,2,0,0,0,2,0,0,0,2,2,2,0,0,2,2,0,0,0,2,2,0,0,0,0,2,0,0,0,0,0,0,2,0,0,0,0,0,0,0,0,2,0,0,0,0,0,0,2,0,0,0,2,0,0,2,0,0,2,0,0,0,0,0,0,0,0,0,0,0,0,0,0,2,2,0,0,0,0,2,2,0,2,0,0,0,0,0,0,0,0,0,0,0,0,0,0,0,0,0,2,0,0,0,0,0,0,0,0,2,0,0,0,0,0,0,0,0,0,2,2,2,0,0,0,2,0,0,0,0,0,2,0,0,0,0,2,2,0,0,0,0,0,2,2,0,0,0,0,2,0,0,0,0,0,2,0,0,0,2,0,0,0,0,0,0,0,0,0,2,2,0,0,0,0,0,2,2,2,0,NA,2,2,0,0,0,0,2,0,0,0,0,0,0,0,0,0,0,0,0,2,0,0,0,0,0,0,2,0,0,0,0,0,0,0,0,2,0,2,2,0,0,0,2,0,0,2,0,2,0,0,0,2,0,0,2,0,0,0,0,2,0,0,0,0,2,0,0,0,0,0,2,0,0,0,2,NA,2,0,2,0,2,0,0,0,0,0,2,2,0,0,0,0,0,2,2,0,0,0,0,0,0,0,2,0,0,0,0,0,0,0,0,0,0,0,0,0,0,0,0,2,0,0,0,2,0,2,2,2,0,0,0,2,2,2,0,0,0,2,2,0,0,2,2,0,0,0,0,0,0,0,0,0,0,0,2,2,0,0,0,0,0,0,0,0,2,0,0,0,0,2,0,0,0,0,0,0,0,0,2,0,0,0,2,0,0,0,2,0,0,2,0,0,0,0,0,0,2,0,0,0,0,0,0,NA,2,0,2,2,0,2,2,2,2,0,0,0,2,0,0,2,0,0,0,2,0,0,2,0,0,0,0,0,0,2,0,2,0,0,0,0,0,0,0,0,0,0,2,0,2,0,2,2,0,2,0,0,2,0,0,0,0,2,0,0,0,0,2,0,0,2,0,2,2,0,0,0,0,0,0,0,0,2,2,0,0,2,0,2,2,0,2,2,0,0,2,0,0,2,0,0,0,0,2,0,0,2,0,0,0,2,2,0,0,2,2,0,0,0,2,0,0,0,0,0,0,2,NA,0,2,0,0,0,0,0,0,2,2,0,0,0,0,0,0,0,2,2,2,2,0,0,2,0,0,0,0,2,0,2,0,0,2,0,0,0,0,2,0,0,0,0,0,0,0,2,2,0,0,0,2,0,2,0,0,0,2,2,2,2,0,0,0,0,0,2,0,0,0,0,0,0,0,0,0,0,0,0,0,2,0,0,2,0,0,2,2,0,0,0,2,2,0,0,0,0,0,0,2,0,0,0,0,0,2,2,0,0,0,0,2,0,0,0,0,2,0,0,0,0,0,2,0,0,0,0,0,2,0,0,0,0,0,0,2,0,0,0,2,0,2,0,0,0,0,0,0,0,0,2,0,0,0,0,2,0,0,0,2,0,2,2,0,0,0,0,2,0,0,0,0,2,0,0,0,0,2,0,2,2,0,0,0,0,0,0,0,0,2,0,2,0,0,0,0,0,0,0,0,0,0,0,0,0,0,2,2,0,2,0,0,2,0,2,0,2,0,0,0,2,0,2,0,2,0,0,0,0,2,0,0,0,0,0,0,0,0,0,2,0,0,0,0,0,0,2,0,0,0,2,0,2,0,2,0,0,2,2,0,0,0,0,0,0,0,2,0,2,0,0,0,0,0,0,0,0,0,2,0,0,0,0,0,2,2,2,0,2,2,0,0,0,0,2,0,0,2,2,0,0,2,0,0,0,0,0,0,0,2,0,0,0,0,2,2,0,0,0,0,0,0,0,0,2,0,2,0,0,2,0,0,0,2,0,0,0,2,2,2,0,0,0,2,0,0,0,0,0,2,0,0,0,2,0,2,0,0,0,0,0,0,0,0,0,0,0,0,0,0,0,2,2,0,0,0,2,0,2,2,0,0,0,0,0,0,0,0,2,2,2,0,2,0,NA,0,0,0,0,2,0,0,2,0,0,0,2,0,2,0,0,0,0,2,0,0,0,2,0,0,0,0,0,2,0,0,0,2,NA,0,0,2,0,0,0,0,0,2,0,0,0,0,0,0,0,0,0,0,0,0,2,2,0,0,0,0,2,0,2,0,0,0,0,0,0,2,0,0,0,0,2,0,0,0,0,0,0,0,2,2,0,0,2,0,0,0,0,0,0,0,2,0,0,0,2,0,0,0,0,0,0,0,0,2,0,0,0,0,0,0,0,0,0,0,2,2,2,0,0,0,2,0,0,0,0,2,0,0,0,0,0,0,0,0,0,0,0,2,0,0,0,0,0,0,0,0,2,0,0,0,0,0,0,2,0,0,0,2,0,2,0,2,0,0,0,2,0,0,0,2,2,0,0,0,0,0,2,2,2,0,2,0,0,0,0,0,0,0,2,2,0,0,2,2,2,0,0,0,0,0,0,2,0,2,0,0,0,0,0,0,0,2,0,2,0,0,0,0,0,0,0,0,0,0,0,0,2,2,0,0,0,0,2,0,2,0,2,0,0,0,0,2,2,0,2,0,0,0,0,2,0,0,0,0,2,0,0,0,0,0,0,0,0,2,0,2,0,2,0,2,2,2,NA,0,0,2,0,2,0,0,0,0,0,0,2,2,0,NA,0,0,0,0,2,0,0,2,2,2,0,0,0,0,0,0,2,0,0,0,0,0,0,2,0,0,0,0,0,0,0,2,2,0,0,0,0,0,0,0,2,0,0,0,0,2,0,0,2,0,0,NA,NA,0,0,2,0,2,0,0,0,0,0,0,0,0,0,2,2,0,2,2,2,0,0,0,0,0,0,2,2,0,0,0,0,0,2,0,0,0,2,2,0,0,2,0,0,0,0,0,0,0,0,2,2,2,0,2,0,0,0,0,2,2,0,0,0,0,0,0,0,0,0,2,0,0,0,0,0,0,0,2,0,0,0,0,0,0,0,0,2,0,0,0,0,0,0,2,0,0,0,2,0,0,0,2,0,2,2,0,0,2,0,0,2,0,2,2,0,0,0,0,2,0,0,0,2,0,0,0,0,0,0,0,0,2,0,0,2,0,0,0,0,2,2,0,0,0,0,0,2,2,2,0,2,2,0,0,0,0,0,0,2,0,0,0,2,0,2,0,0,0,0,2,0,2,0,0,2,0,0,0,0,0,0,0,0,2,0,0,0,2,2,0,0,0,0,0,2,0,2,0,0,2,2,2,2,2,0,0,0,0,2,0,0,0,0,0,0,0,0,2,0,2,0,0,2,0,2,2,0,0,0,0,0,0,0,0,0,0,0,0,0,0,0,0,0,0,2,0,0,0,0,0,0,0,0,0,0,0,0,2,0,0,0,0,0,0,0,0,0,0,0,0,0,2,0,0,0,0,0,0,2,0,0,0,0,0,0,0,0,0,NA,2,0,0,2,2,0,0,0,0,0,0,0,0,0,0,0,0,0,0,0,0,0,2,0,2,0,0,0,0,0,0,0,0,0,0,0,0,0,2,0,0,2,2,2,0,2,2,2,0,2,0,2,0,0,2,0,0,0,0,0,0,0,0,0,0,2,2,0,0,0,0,2,0,0,0,0,0,2,0,0,0,0,0,0,2,0,2,0,0,0,0,0,0,0,0,0,2,0,0,0,2,0,0,0,0,0,0,0,0,0,0,0,0,0,0,2,0,0,0,0,0,0,0,0,2,0,0,0,0,0,0,0,0,0,0,0,0,0,0,0,0,0,0,0,0,0,2,0,0,0,0,0,0,0,2,0,0,0,0,0,0,0,0,0,0,0,0,0,0,0,2,0,0,0,0,0,0,0,0,0,2,0,2,2,0,0,2,0,2,0,0,0,0,0,2,0,0,2,0,0,0,0,0,0,2,2,0,0,0,0,0,0,2,0,0,0,0,0,0,0,0,0,0,0,0,0,0,0,0,0,0,0,0,0,0,2,2,2,0,2,2,0,0,2,0,0,2,0,0,0,0,0,2,0,2,0,2,2,0,0,0,2,0,2,0,0,2,2,0,0,0,0,0,0,0,0,2,0,0,2,0,0,0,0,0,0,0,0,0,0,0,0,0,2,0,2,0,0,0,0,0,2,0,0,0,0,0,0,0,0,0,0,2,0,0,0,0,0,0,0,0,0,0,0,0,0,0,2,0,0,0,0,2,0,0,0,0,0,0,0,0,0,0,2,0,0,0,2,0,0,0,2,0,0,0,0,2,0,2,0,0,0,0,2,2,0,0,0,0,0,0,0,0,0,0,0,0,0,0,0,2,0,0,0,0,0,0,0,0,0,0,0,0,0,0,NA,0,2,0,0,0,0,2,0,0,0,0,0,2,0,2,0,2,0,0,2,0,2,0,0,2,0,2,2,2,0,0,2,0,2,0,2,2,2,0,2,2,0,0,0,0,0,2,0,0,0,0,2,2,0,0,2,0,0,0,0,0,0,0,0,0,0,0,2,0,2,2,0,0,0,0,0,0,0,0,2,2,0,0,0,0,2,0,0,0,2,2,0,0,0,0,0,0,0,0,0,0,0,0,2,0,0,0,0,0,2,2,0,0,0,0,2,0,0,2,0,0,0,0,0,0,2,0,0,0,0,0,0,0,2,0,0,0,0,2,0,0,0,0,0,0,0,0,0,2,0,0,0,0,2,0,2,0,0,0,0,0,0,0,2,0,0,0,0,0,0,0,0,0,0,0,2,0,0,0,2,0,0,0,0,2,0,0,2,0,2,0,0,2,0,0,2,2,0,0,0,2,0,0,0,0,0,2,0,2,0,0,0,0,0,0,0,0,2,0,0,0,0,0,2,0,0,2,0,0,0,2,2,0,0,0,0,2,0,0,0,0,0,0,0,0,0,0,2,2,0,2,0,0,2,0,0,0,0,0,0,0,0,0,0,2,0,0,0,2,2,2,0,2,0,2,2,2,0,0,0,0,0,2,0,0,0,0,2,0,2,0,2,2,0,0,0,2,0,0,0,0,0,2,0,0,0,2,0,0,2,0,0,2,0,0,0,0,0,0,0,0,0,2,0,0,0,0,2,0,0,0,2,0,2,2,0,0,0,0,0,0,0,0,0,0,0,0,2,0,2,0,0,0,0,0,0,2,0,0,2,0,0,0,2,0,0,0,0,0,2,0,2,0,0,0,0,0,0,2,2,2,0,2,0,2,2,2,0,0,2,0,0,2,0,2,0,0,0,0,0,2,0,0,0,0,NA,2,0,0,0,2,0,0,0,0,0,0,0,2,0,2,0,2,2,2,2,0,0,0,2,0,2,2,0,0,0,0,0,0,2,2,2,0,0,0,0,2,2,0,0,0,0,0,0,0,0,0,2,0,0,0,0,0,2,0,2,0,0,0,0,0,0,0,2,0,2,0,0,0,0,2,0,0,0,0,0,0,0,0,0,0,0,0,0,0,2,0,0,0,0,0,0,0,0,2,0,0,2,0,0,0,0,0,0,2,0,0,0,0,0,0,2,0,0,0,0,0,0,0,0,0,0,2,0,0,0,0,0,0,0,0,2,0,0,2,2,0,2,0,0,0,0,0,0,0,2,2,2,2,0,2,2,2,0,2,2,2,0,0,0,0,2,0,0,0,0,2,0,0,2,2,NA,2,2,2,2,0,0,2,0,0,0,0,0,0,2,0,0,2,2,0,0,0,0,0,2,2,2,0,2,0,2,0,0,0,0,2,NA,0,0,0,2,2,2,0,NA,0,0,2,0,0,0,2,0,0,0,2,0,NA,0,0,0,2,0,2,0,0,0,0,2,0,0,0,0,0,2,2,0,0,0,0,2,2,0,0,2,0,0,2,2,0,2,2,0,2,2,0,0,2,0,0,2,0,0,0,2,0,0,0,0,0,0,0,2,2,0,0,0,2,0,0,2,0,0,0,0,0,0,2,0,0,2,2,0,0,2,2,0,0,0,2,0,0,0,0,0,0,0,2,0,0,2,0,0,2,0,NA,0,0,2,2,0,0,2,0,0,0,0,2,0,0,0,0,0,0,0,0,0,0,0,2,2,0,0,0,0,0,0,0,0,0,2,0,0,0,2,0,0,2,2,2,2,2,0,0,2,0,0,0,0,0,0,0,0,0,0,0,0,2,0,0,0,0,0,0,0,2,0,2,2,0,2,2,2,0,2,2,0,2,2,2,2,2,2,0,2,2,2,0,2,0,0,0,2,0,0,0,2,0,2,2,0,0,2,0,0,0,2,0,0,0,0,0,0,0,2,0,0,0,2,0,0,2,2,2,2,0,0,0,2,0,0,0,0,2,0,0,0,0,2,2,2,0,2,2,0,2,2,0,0,2,2,0,0,2,2,0,0,0,0,0,0,0,0,0,0,0,0,0,2,2,0,2,0,0,0,0,0,0,0,0,2,0,0,0,NA,0,0,0,0,NA,0,2,0,0,0,0,0,0,0,0,0,0,0,2,0,0,0,2,0,2,0,0,0,2,2,0,2,0,0,0,0,0,0,0,0,0,2,0,0,0,0,0,0,0,0,0,0,0,0,0,2,0,0,0,0,0,0,0,0,2,2,2,0,2,0,0,2,0,0,2,0,0,0,2,0,0,0,0,0,2,2,0,2,0,0,0,0,0,2,2,2,2,0,2,0,0,0,0,0,0,0,0,2,2,0,0,2,0,0,0,0,0,0,2,0,0,0,0,0,2,0,0,0,0,0,0,0,0,0,2,0,0,0,0,0,0,0,2,2,0,0,2,0,0,2,0,0,0,0,0,0,0,0,0,0,0,2,2,0,0,0,0,0,0,0,0,0,2,0,0,0,0,0,2,0,2,0,0,2,0,0,2,0,0,2,0,0,0,0,0,0,0,0,0,2,0,0,0,0,0,0,0,2,0,0,0,0,0,0,0,0,0,0,0,0,0,0,0,0,2,0,0,0,0,0,0,0,0,2,0,0,2,0,2,2,0,0,0,0,0,2,0,2,0,0,0,0,0,0,0,0,0,0,0,0,0,0,0,2,0,0,0,0,0,0,2,0,2,0,2,0,0,0,0,0,0,2,0,0,0,0,0,0,0,2,0,0,0,0,0,0,2,2,0,0,0,0,0,0,2,0,0,0,2,0,0,0,0,0,2,0,0,0,0,0,0,2,2,0,0,0,0,2,0,0,0,0,0,0,2,0,0,0,0,0,0,0,0,0,2,0,0,0,0,0,0,0,0,2,2,0,0,0,0,0,0,0,2,0,2,0,0,0,0,0,0,0,0,0,0,0,0,2,0,2,0,0,0,0,0,0,0,0,0,2,0,0,0,0,0,0,0,2,2,0,0,0,0,0,2,2,0,2,0,0,0,0,0,0,0,0,0,0,0,0,2,0,0,2,0,0,0,2,2,0,2,0,2,0,0,0,2,0,0,0,0,0,2,0,0,0,0,0,2,2,0,0,0,0,0,0,2,0,0,0,0,2,0,0,0,0,0,0,0,0,0,0,2,2,0,2,0,0,2,0,0,0,0,0,0,0,0,0,0,0,2,0,0,0,0,0,0,0,0,0,0,2,0,0,0,2,0,0,0,2,0,0,2,2,0,0,0,0,0,0,0,0,0,0,0,2,2,0,0,0,0,NA,0,0,0,0,2,2,0,0,0,0,2,2,0,0,0,2,0,0,0,0,0,0,0,0,0,2,2,2,0,0,0,0,0,0,0,0,0,0,0,2,0,0,0,0,0,0,0,0,0,0,2,0,0,0,0,0,0,0,2,0,0,0,0,0,0,0,0,0,0,0,0,0,0,0,0,0,2,0,0,2,0,0,2,0,0,0,2,2,0,0,0,2,0,0,2,2,0,2,2,2,2,0,0,0,0,2,0,0,0,0,2,2,0,0,0,0,0,0,0,0,0,0,0,0,0,0,0,2,0,0,0,0,0,0,2,0,0,2,0,0,0,0,0,0,0,0,0,2,2,0,0,0,2,0,2,0,0,0,0,0,0,0,0,2,0,0,0,0,0,0,0,2,0,0,2,0,0,2,2,2,2,0,0,0,0,0,2,0,0,0,2,2,0,0,0,0,0,0,2,0,2,0,0,0,0,0,0,0,0,0,0,0,0,0,2,0,2,2,0,0,0,0,0,0,0,0,0,0,0,0,0,0,0,0,2,0,0,0,0,2,0,0,0,0,2,0,0,0,0,0,0,0,0,0,2,0,0,0,2,0,0,0,2,0,0,2,0,0,0,0,0,0,2,2,0,0,0,2,0,0,2,2,2,0,0,0,0,0,0,0,0,2,0,0,0,0,0,0,0,0,0,2,0,0,NA,2,0,0,2,0,2,0,0,0,0,2,2,0,0,0,0,0,2,0,0,0,0,0,2,0,2,0,0,0,0,0,2,0,0,0,0,0,2,0,0,0,0,0,0,0,2,0,0,0,0,0,0,0,0,0,0,0,0,0,0,2,0,0,0,0,0,2,0,0,0,0,2,0,0,0,0,0,0,0,0,2,0,2,0,0,0,2,0,2,2,0,2,0,0,0,2,0,0,0,0,2,0,0,2,0,0,0,0,0,2,2,2,0,0,NA,0,0,2,2,2,2,0,2,0,0,0,0,0,0,0,0,0,0,0,0,0,0,0,0,0,0,0,2,0,0,0,2,0,0,0,0,2,2,0,0,0,2,0,2,2,0,2,0,2,2,0,0,2,0,0,0,0,0,0,0,0,0,0,0,0,0,2,0,0,2,0,0,2,2,2,0,0,0,0,0,0,2,2,0,0,0,0,2,0,0,0,2,0,0,0,0,0,0,0,0,2,0,0,0,0,0,2,0,0,0,0,0,0,0,0,0,0,0,0,0,0,2,0,2,0,0,2,0,0,0,0,0,0,0,0,0,0,2,0,0,2,0,0,2,2,0,0,0,0,0,0,0,0,0,2,2,2,0,0,0,0,0,0,0,0,0,0,0,0,0,0,0,0,0,0,0,0,2,0,0,0,0,2,0,0,0,0,0,2,0,0,0,0,NA,2,0,0,0,0,0,0,0,0,0,0,2,0,0,0,0,0,2,0,0,0,0,0,0,0,0,0,0,0,0,0,0,0,0,2,0,0,0,0,0,0,2,0,0,0,0,0,0,0,0,0,0,0,0,0,0,2,2,0,0,0,0,0,0,0,2,0,0,2,0,2,0,2,0,0,2,0,0,0,0,2,0,0,0,2,0,2,0,0,0,0,0,2,0,0,2,0,0,0,0,0,2,0,0,0,2,2,2,0,0,0,0,0,0,0,2,2,0,0,0,0,2,0,0,0,0,2,0,0,0,0,0,0,0,2,0,2,0,0,0,0,0,0,0,2,2,0,0,0,0,0,0,2,0,0,0,0,0,0,0,0,2,0,0,0,0,2,0,0,2,2,2,0,2,0,0,0,0,0,0,0,2,0,0,0,2,0,2,0,0,0,0,0,0,0,0,0,0,0,0,0,0,0,0,0,0,0,0,0,0,0,0,0,0,0,0,0,0,0,0,2,0,0,0,0,0,2,0,0,0,0,2,2,0,0,0,0,0,0,0,0,0,0,0,2,0,0,0,0,2,0,0,0,2,0,2,0,0,0,0,0,0,0,0,0,0,0,2,0,2,0,0,0,0,0,0,0,0,0,0,0,0,0,0,2,0,0,0,0,0,0,0,0,0,0,0,0,2,2,0,0,2,0,0,0,0,0,NA,0,0,0,0,NA,0,0,0,0,0,0,0,0,0,0,NA,0,0,0,0,0,2,2,0,0,0,0,0,2,0,0,0,0,0,0,0,0,0,0,0,0,0,0,2,2
"CC277",0,2,2,0,0,0,0,0,0,0,0,0,2,0,0,2,2,0,2,0,0,0,0,0,0,0,0,0,0,0,0,2,NA,0,0,2,0,2,0,2,0,0,0,0,0,0,0,0,0,0,0,0,0,0,0,0,0,0,2,0,2,2,0,0,2,2,0,0,0,0,0,0,0,0,0,0,0,0,0,2,0,0,0,0,0,0,2,0,2,0,0,0,0,0,0,2,2,0,0,0,0,0,0,0,2,0,0,0,0,0,0,2,0,0,0,0,0,0,0,0,0,0,0,0,0,2,0,0,0,0,0,0,0,0,0,0,2,0,0,0,0,0,2,0,0,0,0,2,0,0,0,0,0,0,0,0,0,0,0,2,0,0,0,0,0,2,0,0,2,0,0,0,0,2,0,0,0,0,0,2,0,2,2,0,0,0,0,0,0,0,2,NA,NA,0,0,0,0,NA,0,0,0,0,0,0,0,0,0,0,2,0,2,0,0,0,0,0,0,0,0,2,2,0,2,0,0,NA,2,0,0,2,2,0,0,2,0,0,2,0,0,0,0,0,0,0,0,2,0,0,2,0,0,0,0,0,0,0,0,0,0,0,0,0,0,2,0,2,2,0,0,2,0,0,0,0,0,0,2,2,2,2,0,0,0,0,0,0,0,0,0,2,2,0,0,2,0,2,0,0,2,2,0,0,0,2,2,0,0,0,NA,0,0,0,0,0,0,0,0,2,0,0,0,0,2,0,0,0,0,0,0,0,0,2,2,0,0,2,0,0,0,0,0,0,0,0,0,0,0,0,0,0,0,0,2,0,0,0,0,2,0,0,0,0,0,0,0,0,0,0,2,0,0,0,0,0,0,0,0,0,0,0,0,0,2,0,0,0,2,0,2,0,0,0,0,0,0,0,0,0,0,0,0,2,NA,2,0,2,0,0,0,2,0,0,0,0,0,0,0,0,2,0,0,NA,2,0,0,0,0,2,0,0,0,0,0,0,0,0,0,0,0,0,0,0,0,0,0,2,0,0,0,0,0,0,0,0,2,2,0,0,0,0,0,0,0,0,0,0,0,0,0,0,0,0,0,0,0,0,0,NA,0,0,0,0,0,2,0,2,0,0,0,0,0,0,0,0,2,0,0,0,0,2,0,0,0,0,0,0,0,0,2,0,0,2,0,0,0,0,NA,0,0,2,0,0,2,0,0,0,0,2,0,0,2,0,0,0,0,2,0,2,2,0,0,0,0,0,0,0,2,2,0,2,2,0,0,2,2,0,0,2,2,2,0,2,0,0,2,0,0,2,0,2,0,2,0,NA,2,2,2,2,2,2,2,2,0,2,2,0,2,2,0,0,0,0,0,2,0,0,0,0,2,0,0,2,2,2,0,0,2,2,0,0,0,0,0,0,2,0,2,0,0,0,2,0,0,0,0,2,0,0,0,0,0,0,0,0,2,0,0,0,0,2,0,0,0,0,0,0,0,0,0,0,0,0,0,0,0,0,2,0,0,0,NA,0,0,0,0,2,0,0,0,0,2,0,0,0,0,2,0,0,0,0,0,2,2,0,2,0,0,0,2,2,0,NA,0,0,0,0,0,2,2,0,0,0,0,0,0,0,0,0,2,0,0,0,2,2,0,2,0,0,0,0,0,0,0,0,0,0,0,0,0,0,0,0,0,2,0,0,0,0,2,0,0,0,0,0,0,0,0,2,2,2,0,0,0,2,0,0,0,0,0,0,0,0,0,0,2,2,2,0,0,0,0,0,0,0,0,0,0,2,0,2,0,0,0,2,2,0,0,0,0,0,0,0,0,0,0,2,0,2,0,0,0,0,0,2,0,2,0,2,2,0,0,0,0,2,0,0,0,0,2,0,0,2,0,2,0,2,2,0,0,2,2,0,0,0,0,0,0,0,0,2,2,2,0,0,0,0,2,0,0,0,2,2,2,0,0,0,0,2,2,0,2,0,0,0,2,0,2,0,0,0,0,0,0,0,2,0,0,0,2,0,0,0,0,2,0,0,NA,0,0,0,0,0,0,0,0,2,2,0,0,0,0,0,0,0,0,0,0,2,0,NA,0,0,NA,0,0,NA,0,0,0,0,2,NA,NA,2,0,0,0,2,0,0,2,2,0,2,2,0,2,0,0,0,2,0,0,2,2,0,0,0,0,2,0,0,2,0,0,0,0,2,2,2,0,0,0,0,0,0,0,0,0,0,NA,0,0,0,0,0,0,0,2,2,0,0,0,0,0,0,0,0,0,0,0,2,2,0,0,0,0,0,0,0,0,0,0,0,0,0,0,0,0,0,0,0,0,0,0,0,0,0,2,0,2,0,2,0,2,0,0,0,0,2,2,0,0,0,0,0,0,2,2,0,0,0,0,0,0,2,0,0,0,0,0,0,0,0,2,0,0,0,0,2,0,0,2,2,0,2,0,0,0,0,0,0,0,2,0,0,0,0,0,0,0,0,0,2,0,0,0,0,0,0,0,0,0,2,0,0,0,0,0,0,0,0,0,0,0,0,0,0,0,0,0,0,0,0,0,0,0,2,0,0,0,0,2,2,0,0,2,2,0,0,2,0,2,0,0,0,0,2,2,0,0,0,2,0,0,2,0,2,0,0,NA,0,0,0,0,0,0,0,0,2,2,2,0,0,0,2,0,2,0,2,0,0,0,0,0,2,0,0,0,2,2,2,0,0,0,0,2,0,0,0,0,2,0,0,0,2,0,0,0,0,2,2,0,0,0,0,0,2,0,2,2,0,0,0,0,0,0,0,2,0,0,0,2,0,0,0,0,0,0,2,0,2,2,0,2,0,2,0,0,0,0,0,0,0,0,0,0,0,0,0,0,0,NA,0,0,0,0,0,0,0,0,0,0,0,NA,0,0,0,0,0,0,2,0,0,0,0,0,0,0,2,2,0,0,0,2,0,2,0,0,0,0,0,0,0,0,0,0,0,0,0,2,0,0,0,0,0,0,0,2,NA,0,0,0,0,0,2,0,2,0,0,0,0,0,0,0,0,0,0,2,0,0,0,0,0,0,0,0,0,0,0,0,0,2,0,0,0,0,0,0,0,0,0,2,2,0,0,0,0,0,0,0,0,0,0,0,2,0,0,0,2,2,2,0,0,0,0,0,0,0,0,0,0,0,0,0,0,0,0,0,0,2,2,0,2,0,0,0,2,2,0,2,0,0,2,0,0,0,0,0,2,0,0,0,0,0,0,0,0,0,0,0,0,2,0,0,0,0,0,0,0,2,0,0,2,0,0,2,0,2,0,0,0,0,2,0,0,0,0,0,0,0,0,0,0,0,2,0,0,0,2,2,0,0,0,2,0,0,2,0,0,0,0,0,0,0,0,0,2,0,2,0,0,0,0,2,2,0,2,0,2,2,0,2,0,2,0,0,0,0,0,2,0,0,0,0,0,0,0,0,0,0,0,2,0,0,0,0,0,0,2,0,0,0,2,0,2,0,0,0,2,0,0,0,0,2,0,2,0,0,0,0,0,0,0,0,2,0,0,0,0,0,0,2,0,0,0,0,2,0,2,0,0,0,0,2,0,2,2,0,0,0,2,2,0,0,0,0,0,0,0,0,0,0,2,0,0,2,2,0,2,0,0,2,0,0,0,0,0,0,0,0,0,0,0,2,0,0,0,2,0,0,0,0,0,0,0,0,0,0,2,0,0,0,0,0,0,2,0,2,0,2,0,0,0,0,2,2,0,0,0,0,2,0,0,0,0,0,0,0,0,0,2,0,0,0,0,0,2,0,0,0,0,0,2,0,0,2,2,0,0,0,0,0,0,0,0,0,0,0,2,2,0,0,0,0,0,0,0,2,2,0,0,NA,0,0,2,0,0,0,0,0,0,0,0,0,0,0,0,0,0,0,0,0,2,0,0,0,0,0,0,0,0,0,0,0,0,0,0,2,0,2,0,0,0,0,2,0,0,0,0,2,0,2,0,0,0,0,0,0,0,0,0,2,0,0,2,0,0,0,0,0,0,0,0,0,0,0,0,0,0,0,0,0,0,0,0,0,0,0,0,0,0,0,0,0,0,0,0,0,0,0,2,0,0,0,0,0,0,0,0,0,0,2,2,0,2,0,0,0,0,0,0,0,0,0,0,0,0,2,0,0,0,0,0,0,0,0,0,0,0,0,0,0,0,0,0,0,2,0,0,0,0,2,2,0,0,2,0,0,0,0,2,2,0,0,0,2,2,0,0,0,0,0,0,2,0,0,0,0,2,2,0,0,0,0,0,0,0,2,0,0,2,2,0,0,0,0,0,0,2,0,0,0,0,0,0,0,0,0,0,2,0,0,0,2,0,0,0,0,2,0,0,2,0,0,0,0,0,0,2,0,2,0,0,0,0,2,0,0,0,0,0,2,0,0,0,0,0,0,0,0,0,0,0,0,0,0,0,0,NA,0,0,2,2,0,0,0,0,0,2,0,0,0,0,2,2,0,2,2,2,0,0,0,0,0,2,0,0,0,0,2,2,0,0,2,0,0,0,2,0,0,2,0,0,0,0,0,0,0,2,0,0,0,0,0,2,0,0,2,0,0,0,0,0,0,2,0,NA,0,0,0,0,0,0,2,0,0,0,0,0,0,2,0,0,2,0,0,0,0,0,2,0,0,0,2,0,0,0,0,0,0,0,0,0,0,2,2,0,0,2,0,2,2,0,0,0,0,0,0,0,0,0,0,0,2,0,2,2,0,0,0,0,2,2,2,2,0,2,0,0,0,0,0,0,0,0,0,0,0,0,0,0,0,0,0,0,0,0,0,2,0,0,0,0,2,2,0,0,0,0,0,0,0,2,0,0,0,0,0,0,0,0,0,0,0,0,0,0,0,0,0,0,NA,0,0,0,2,0,0,0,0,0,NA,2,0,0,0,0,0,0,0,0,0,0,0,2,0,0,0,0,0,2,0,0,0,0,0,0,0,2,0,2,0,0,0,0,0,2,0,0,0,0,0,0,0,0,0,0,0,0,0,0,0,0,0,0,0,0,0,2,0,0,2,0,0,0,0,0,0,0,0,0,0,2,0,0,0,0,2,0,0,0,0,0,0,0,0,0,0,0,2,2,2,0,2,0,0,0,0,0,0,0,0,0,0,2,0,0,NA,0,0,0,0,0,0,0,2,0,0,0,0,0,0,0,2,0,2,0,0,2,2,0,0,0,0,0,0,0,2,0,0,0,0,0,0,0,0,0,0,0,2,0,0,0,0,0,0,0,0,0,0,0,0,2,0,0,0,0,0,2,0,0,0,0,0,0,0,0,0,0,0,0,0,0,0,0,0,0,0,0,0,0,2,0,0,0,2,2,0,0,0,0,0,0,2,2,0,2,0,0,0,0,0,0,0,2,0,2,0,0,0,0,0,0,2,0,0,2,0,2,0,0,0,0,0,0,0,0,0,0,0,0,0,0,0,0,0,2,0,0,0,2,0,0,2,2,0,0,0,0,0,0,0,0,0,0,0,0,0,0,0,0,0,0,0,0,0,0,0,0,0,0,0,2,0,0,0,0,2,0,0,0,0,2,0,0,0,2,2,2,0,0,0,0,0,0,0,0,0,0,0,0,0,0,0,2,0,0,0,0,2,0,0,0,0,0,0,0,0,0,0,0,0,0,0,0,2,0,0,0,0,0,0,0,0,0,0,0,0,2,2,0,0,0,0,0,0,0,2,2,2,0,0,0,0,2,0,0,2,2,2,2,0,0,0,0,0,0,0,0,0,0,0,0,0,0,0,0,0,2,0,0,0,0,0,0,0,0,0,0,0,0,0,0,0,0,2,0,2,0,0,0,2,0,0,0,2,0,2,0,0,0,0,2,0,0,2,2,0,0,0,0,0,0,0,0,0,0,0,0,2,0,0,0,0,2,0,0,0,0,0,2,2,0,0,0,2,0,2,2,2,2,2,2,2,0,0,0,0,0,0,2,0,0,0,0,2,0,2,2,0,0,0,0,2,2,2,0,0,0,0,0,0,0,0,0,2,0,0,2,0,2,0,2,0,2,0,2,0,0,2,0,0,0,0,0,0,2,0,0,0,0,0,2,0,0,0,0,0,0,0,0,0,0,0,2,0,0,0,0,0,0,0,2,0,0,0,0,0,0,0,0,0,0,0,0,0,2,2,0,0,0,0,0,0,0,0,0,0,0,0,2,0,0,0,2,0,0,0,0,0,0,0,0,0,0,0,0,0,0,0,2,2,2,0,0,2,2,0,0,0,0,2,0,0,0,0,0,2,0,0,0,0,0,2,0,0,0,0,2,2,NA,0,0,0,0,0,0,0,0,0,0,2,0,0,0,0,0,0,2,0,0,0,0,0,0,2,0,0,0,0,0,2,2,0,2,0,0,0,0,2,2,0,0,2,0,0,0,0,0,0,0,0,0,2,2,2,0,0,0,0,0,0,2,0,2,0,2,2,0,0,0,0,0,0,2,0,0,0,0,0,0,0,0,0,2,0,0,0,2,0,0,0,0,0,0,0,2,0,0,0,2,2,2,2,0,0,2,0,0,0,2,0,0,0,2,0,0,0,2,2,0,2,0,0,0,0,0,2,0,2,2,0,0,0,0,0,0,0,0,0,0,2,0,0,2,2,0,0,0,0,0,0,0,0,0,0,0,2,0,0,0,0,0,0,0,0,0,0,0,0,0,0,2,0,0,0,0,2,0,0,2,0,2,0,0,0,0,0,2,2,0,0,0,0,0,0,0,0,0,2,2,0,2,0,2,0,0,0,0,0,0,0,0,0,0,0,2,0,0,0,2,0,0,0,0,2,2,0,0,2,2,0,0,0,0,2,0,0,0,0,0,0,0,0,2,0,0,2,2,0,2,0,0,0,0,0,0,0,0,0,0,0,0,0,2,0,0,0,0,0,0,0,0,2,2,2,0,0,0,0,2,2,2,0,0,0,0,0,2,0,0,2,0,0,0,0,0,0,0,2,0,0,0,0,2,0,0,0,2,0,0,0,0,0,0,0,0,0,0,2,0,0,2,0,2,2,0,0,0,0,0,0,0,2,0,0,0,0,0,2,0,2,0,0,0,0,0,0,0,0,0,0,0,2,0,0,0,0,2,0,0,0,0,0,2,0,0,0,0,0,0,0,0,0,0,0,0,2,0,0,0,0,0,0,0,0,2,0,2,0,2,0,0,0,0,0,0,0,0,2,0,0,2,0,0,0,0,0,0,0,0,0,0,0,0,0,0,0,0,0,0,0,0,0,0,0,2,0,0,0,0,0,2,2,0,2,0,0,2,0,0,0,0,0,0,0,0,2,0,0,2,0,0,0,0,0,0,0,0,0,0,0,0,0,0,0,0,0,0,0,0,0,2,0,0,0,0,0,0,2,0,0,0,2,0,0,2,0,0,0,0,0,2,2,0,0,0,0,0,2,0,0,2,2,0,0,0,0,0,0,0,0,2,0,0,0,0,0,0,0,2,0,0,0,0,0,0,0,0,2,0,2,0,2,0,0,0,0,0,0,2,0,2,0,2,0,0,0,0,0,0,0,0,0,0,0,0,0,0,0,0,2,0,0,0,0,2,0,0,0,0,0,0,0,0,2,2,2,0,0,0,0,0,2,0,0,0,0,0,2,0,0,0,0,0,0,0,2,0,0,0,0,0,0,2,0,2,0,0,0,0,0,0,0,0,0,2,0,2,0,0,2,2,0,0,0,2,NA,0,0,2,2,2,0,0,2,0,2,0,0,0,0,0,0,0,0,2,2,0,0,0,0,0,0,0,0,0,0,2,2,0,0,2,0,2,2,0,2,0,0,0,0,0,0,2,0,0,0,0,0,2,0,0,0,2,2,0,0,0,2,2,0,0,2,0,0,0,0,0,0,0,0,0,0,0,0,0,0,0,2,0,0,0,0,0,0,0,0,0,0,0,0,0,0,0,0,0,0,0,0,0,0,0,0,0,0,0,0,0,0,0,0,0,0,0,0,2,0,0,0,0,2,0,0,0,0,2,0,0,2,0,0,0,2,0,0,2,2,0,2,0,0,0,2,0,2,0,0,0,0,0,0,2,0,2,0,0,0,0,0,0,2,0,0,0,0,0,0,0,0,0,0,0,0,0,0,0,0,0,0,0,0,2,2,2,0,0,0,0,0,0,2,0,0,0,0,0,0,2,2,2,2,0,0,2,0,0,2,0,0,0,2,0,2,0,2,0,0,0,2,0,0,0,0,0,2,0,0,0,0,2,2,0,0,0,0,0,0,0,0,0,0,0,2,0,0,0,0,2,0,0,0,2,2,0,2,2,0,0,0,0,0,0,0,0,0,0,0,0,0,0,0,0,0,0,2,0,0,0,2,0,0,0,0,0,0,2,2,0,0,0,0,0,0,0,2,0,0,0,0,0,0,0,0,0,2,0,0,0,0,0,0,0,0,0,0,0,0,0,0,0,0,0,0,2,0,0,0,0,0,0,0,0,2,0,2,0,2,2,0,0,0,0,0,0,0,0,0,0,0,0,0,0,0,0,0,0,0,0,0,0,0,0,2,2,2,2,0,0,0,0,2,0,2,0,0,0,0,0,0,0,0,0,0,0,0,0,0,0,0,0,0,0,0,0,0,0,0,2,0,0,0,0,0,0,0,0,2,2,0,0,2,0,0,0,2,2,0,0,0,0,0,0,0,2,0,2,2,0,0,2,0,0,2,0,2,2,0,0,0,2,0,0,0,0,2,0,2,2,0,0,0,0,2,0,2,0,0,0,0,2,2,0,0,0,0,0,0,0,2,0,0,0,0,0,0,2,0,0,0,0,0,0,0,0,0,0,0,0,0,0,0,2,0,0,0,0,0,2,0,0,2,0,0,2,0,0,2,0,0,2,0,0,2,2,0,0,2,0,2,0,0,2,0,0,0,2,2,0,2,0,0,0,0,0,0,0,2,0,0,0,0,0,0,0,0,0,0,2,0,0,0,0,0,0,0,0,2,0,0,0,0,0,0,0,0,0,0,0,0,0,2,2,0,0,0,0,0,0,2,0,0,2,2,2,0,2,0,0,2,0,0,0,2,2,0,0,0,2,0,2,0,2,0,0,0,0,0,0,0,0,0,0,0,2,0,0,0,0,0,2,0,0,0,0,NA,2,0,0,2,0,0,0,0,2,0,2,0,0,2,0,2,0,0,0,0,0,0,0,0,2,2,0,0,0,0,0,0,0,0,0,0,2,0,0,0,0,0,0,0,2,2,2,2,0,0,0,0,0,2,2,0,0,0,0,2,2,0,0,0,0,0,0,0,0,2,0,0,0,0,0,0,2,2,0,0,2,0,2,0,0,0,0,0,0,0,0,2,0,0,0,0,2,2,0,2,0,2,0,0,0,0,0,0,0,0,2,2,2,0,0,0,2,0,0,0,0,0,0,0,0,2,0,0,0,0,0,2,0,0,0,0,0,2,0,2,2,0,0,2,2,0,0,0,0,0,0,0,0,0,0,0,0,0,0,2,0,2,2,0,0,0,0,0,0,2,2,0,0,0,0,0,0,2,2,0,0,0,0,2,0,0,0,2,0,0,2,0,0,2,2,2,0,2,0,0,0,0,0,2,0,2,0,2,0,0,0,0,0,0,0,0,2,2,0,0,0,2,0,0,2,0,2,0,0,0,0,0,2,0,0,0,0,0,0,2,2,0,2,0,0,0,0,2,0,0,0,2,2,0,0,2,0,0,0,0,0,0,NA,0,0,0,0,2,0,2,0,0,0,0,0,0,0,0,2,0,0,0,0,2,2,0,0,0,0,0,0,2,2,0,0,2,2,0,0,0,0,2,0,2,2,0,2,0,0,2,0,0,0,0,0,2,0,2,0,2,0,0,2,0,0,2,0,0,0,0,2,2,0,0,0,0,0,0,0,2,0,0,0,0,2,0,0,2,0,0,0,2,0,0,0,0,0,0,0,0,0,0,0,0,0,0,0,0,2,0,0,0,0,2,0,0,0,0,0,0,2,0,0,0,0,0,0,2,0,0,0,0,0,0,2,0,0,2,0,0,0,0,0,0,2,0,2,0,0,2,0,0,0,0,0,0,NA,2,0,0,2,0,0,0,0,0,2,2,0,0,0,0,0,0,2,0,2,0,2,0,2,0,0,0,0,0,2,0,0,0,0,0,0,0,2,0,0,0,0,0,0,0,0,0,0,0,0,2,0,0,2,0,2,0,0,0,0,0,0,2,0,0,0,0,0,2,0,0,0,0,0,0,0,2,2,0,0,0,0,0,0,2,0,0,0,0,0,2,0,0,2,2,0,0,0,0,0,2,2,2,0,0,0,2,0,0,0,2,0,0,2,2,0,0,0,0,0,0,0,0,0,0,0,0,0,0,0,0,0,0,0,0,0,0,0,0,0,2,0,2,2,0,0,0,0,0,0,0,0,2,0,2,0,2,2,0,0,0,0,0,0,0,0,0,0,0,0,0,0,0,0,2,0,0,0,0,0,0,0,0,0,0,2,0,0,0,0,2,0,0,0,0,0,0,2,2,0,2,2,0,0,2,2,0,0,0,0,0,0,0,0,0,0,0,0,0,2,0,0,2,2,0,0,2,0,0,0,0,0,0,0,0,0,2,0,0,2,0,2,0,2,0,0,2,2,0,2,0,0,2,0,2,0,0,0,0,2,0,0,0,0,0,0,0,0,0,0,0,0,0,0,0,0,0,0,0,2,2,0,2,2,2,0,0,2,0,0,0,NA,0,0,0,0,2,0,0,0,0,0,0,0,0,0,2,0,2,0,0,0,0,2,0,0,2,0,0,0,2,2,0,0,0,2,0,0,0,0,0,0,0,0,0,2,0,0,0,0,0,0,0,0,0,0,0,0,0,2,0,0,2,0,0,0,2,0,0,0,0,2,0,0,0,0,0,0,0,0,0,0,0,0,2,0,0,0,0,0,0,2,0,0,0,0,0,0,0,0,0,2,0,0,0,0,2,2,0,0,0,0,0,0,0,0,0,0,0,0,0,0,0,0,2,0,0,0,2,0,0,0,0,0,0,0,0,0,0,2,0,0,0,0,0,0,0,0,0,0,2,2,0,0,0,0,2,0,0,0,0,0,0,0,0,0,0,0,2,0,0,0,0,0,0,0,0,0,0,0,0,0,0,0,0,0,0,0,0,0,0,0,2,0,0,0,0,2,0,0,0,0,0,0,0,0,0,2,0,0,2,0,0,0,0,2,2,2,0,0,0,2,0,2,0,0,0,0,0,0,0,2,2,0,0,2,2,0,0,0,0,0,2,0,0,0,0,0,0,0,0,0,0,0,2,0,0,2,0,0,0,0,0,0,2,0,0,0,0,0,0,0,0,0,0,0,0,0,0,0,0,0,0,2,0,0,0,2,2,0,0,0,0,0,0,0,0,0,0,2,0,0,0,0,0,0,0,0,0,0,0,0,0,2,0,0,0,2,0,2,0,0,0,0,0,0,0,2,2,0,2,0,0,0,2,0,0,0,2,2,0,0,0,0,2,0,0,0,0,0,2,0,2,0,0,0,2,2,0,0,2,2,0,2,0,0,0,0,0,0,0,0,0,0,0,2,NA,2,0,0,0,0,0,0,0,0,0,0,2,0,0,0,0,0,0,0,0,0,0,0,0,2,0,0,0,2,2,0,0,0,0,0,0,0,0,0,0,0,0,2,0,0,0,0,0,0,0,0,2,0,0,0,0,0,0,NA,0,0,0,0,0,0,2,NA,0,0,0,0,0,0,0,0,0,0,0,0,0,0,2,2,2
"CC278",0,0,0,2,0,2,0,2,NA,0,0,0,0,0,0,0,0,0,0,0,0,0,2,0,0,2,2,0,0,0,0,0,2,0,0,0,2,0,0,0,0,2,0,0,0,2,0,0,0,0,2,0,0,0,0,0,0,0,2,2,0,0,0,0,2,0,2,0,0,0,0,0,2,0,0,2,2,0,0,2,0,0,0,2,2,2,0,2,0,0,0,0,0,2,0,0,0,0,0,0,0,0,0,2,2,0,0,0,0,2,0,0,2,0,0,0,0,0,0,2,2,0,0,2,0,0,0,0,0,0,2,0,0,2,0,0,0,0,2,0,0,2,0,0,0,0,0,0,0,0,0,0,0,0,0,0,2,0,0,0,0,0,0,0,0,2,0,0,2,0,0,0,2,2,0,2,0,2,2,2,0,2,0,0,0,0,0,0,0,0,2,0,0,0,0,0,0,0,0,0,0,0,0,0,0,0,0,0,2,0,2,0,2,0,2,0,0,0,2,2,0,2,2,0,0,0,0,0,0,2,0,2,0,2,0,2,2,NA,0,0,0,0,0,0,0,0,0,0,0,0,0,0,0,0,0,0,2,2,0,0,0,0,2,0,0,0,0,0,0,0,2,2,2,0,0,0,2,2,2,0,0,0,2,0,0,2,0,0,0,0,0,0,0,2,0,0,0,0,2,0,2,0,2,2,2,0,0,2,0,0,0,0,0,0,0,0,0,2,2,0,0,0,0,0,0,0,2,0,0,0,0,2,0,0,0,0,0,0,2,0,2,2,0,0,2,0,0,0,2,0,0,0,0,0,0,0,0,2,2,0,0,2,0,0,0,0,0,0,0,0,0,0,2,0,0,0,0,0,2,0,0,0,0,0,0,0,2,2,2,0,0,2,2,0,0,0,0,0,2,0,0,0,0,2,2,2,2,2,0,0,2,2,0,0,2,0,0,0,0,0,0,0,0,0,2,0,0,0,2,0,0,0,2,0,2,0,0,2,0,2,2,0,0,0,0,2,0,2,2,0,0,2,0,0,2,0,0,2,0,2,0,0,0,0,0,0,0,0,0,0,0,0,0,0,0,0,0,0,2,0,0,0,0,0,0,0,0,0,0,0,2,NA,0,0,0,0,2,2,0,0,0,0,0,0,0,2,0,0,0,2,0,0,0,0,0,0,0,0,0,2,2,2,0,0,2,2,2,0,0,0,0,0,0,0,0,2,0,0,0,0,0,0,0,2,0,0,0,2,0,0,0,0,0,0,0,0,0,2,0,2,0,0,0,2,2,0,0,0,2,0,0,2,0,0,0,0,0,0,2,0,2,0,0,0,0,0,2,0,0,2,0,0,0,0,2,0,0,2,0,0,0,2,0,0,2,2,2,2,0,0,0,0,0,2,0,0,0,2,0,0,0,0,0,2,2,0,0,0,2,0,0,0,0,2,0,2,0,2,0,0,0,0,0,0,0,0,0,0,0,0,0,0,0,0,2,2,0,0,2,0,2,2,0,0,0,0,2,0,0,2,0,0,2,0,0,0,0,2,0,0,2,0,0,0,0,0,0,0,0,0,2,0,0,0,2,0,2,0,0,2,0,0,0,0,0,0,0,0,0,0,0,0,0,0,0,0,0,0,2,0,0,0,0,2,0,0,0,0,0,0,2,0,0,2,0,0,0,0,0,2,0,0,0,0,0,2,0,2,0,0,0,0,0,2,2,0,0,0,2,0,2,0,0,0,0,2,0,0,2,0,0,0,0,0,0,0,2,0,0,0,0,2,0,0,0,0,0,2,0,0,0,0,2,0,0,0,0,0,0,0,0,0,0,0,2,0,2,0,0,0,0,0,0,0,0,0,0,0,0,0,0,0,0,2,0,2,0,0,0,2,0,0,2,0,0,0,0,0,0,NA,0,2,0,0,2,0,2,0,0,0,2,0,2,2,0,0,0,2,0,0,0,0,0,0,2,0,0,2,0,0,0,0,0,2,0,0,0,0,0,0,0,0,2,0,2,2,0,0,0,0,0,0,0,0,0,0,0,0,0,2,0,0,0,0,0,0,0,0,0,0,2,0,0,2,0,0,0,0,2,0,0,0,0,0,0,0,2,0,0,0,0,0,0,0,2,2,0,0,0,0,0,0,0,0,0,2,2,0,0,0,0,0,0,0,0,0,2,0,0,0,0,0,0,2,0,0,0,0,0,0,2,0,0,2,0,0,0,2,0,0,2,2,0,0,2,0,0,0,0,2,2,0,0,0,0,2,0,0,0,0,0,2,2,0,0,0,0,0,2,0,0,0,0,0,0,0,0,0,0,2,0,0,0,0,0,2,2,0,0,0,0,0,0,0,0,0,0,0,2,0,0,0,0,0,0,2,0,0,2,0,0,0,0,0,0,2,0,0,0,0,0,0,0,0,0,0,2,0,0,0,2,0,0,0,0,0,2,2,2,NA,2,0,0,0,0,0,2,0,0,0,0,0,0,0,0,2,0,0,0,0,0,0,0,0,0,0,0,2,2,0,0,0,0,0,0,0,0,0,0,2,0,0,0,2,0,0,0,0,0,0,2,0,2,0,0,0,0,0,0,0,0,2,0,0,2,0,0,0,2,2,0,0,2,0,0,0,0,0,0,2,2,2,0,0,0,0,2,0,2,0,0,0,0,0,0,0,0,0,0,0,2,0,0,0,0,0,0,0,2,0,0,0,0,0,0,0,0,0,0,0,0,2,0,0,0,2,0,0,0,0,0,0,0,2,2,0,0,0,0,0,0,0,0,0,0,0,0,0,0,0,0,2,0,0,0,0,0,0,0,0,0,2,0,NA,0,2,2,0,2,2,NA,0,0,2,2,0,0,2,0,0,2,2,0,2,0,0,0,0,0,0,0,0,0,0,0,0,NA,0,2,0,0,0,2,0,NA,2,0,0,0,0,2,0,2,0,0,0,0,0,0,0,0,2,0,0,2,0,0,2,0,0,0,0,NA,0,2,0,2,0,0,0,0,0,2,2,0,0,2,0,0,0,0,0,0,2,0,0,0,0,0,2,0,2,0,0,2,0,0,0,2,0,0,0,2,0,0,0,0,0,0,0,0,0,0,2,2,0,2,0,0,0,NA,0,0,0,0,0,0,2,0,0,0,0,2,0,0,0,2,0,0,0,0,2,0,0,0,0,0,0,0,2,0,0,0,0,0,0,0,0,0,0,2,0,0,0,2,0,0,0,0,0,0,0,0,0,0,2,2,2,2,0,0,0,0,2,2,2,2,0,2,2,0,2,NA,0,0,2,0,0,2,2,2,0,2,2,0,0,0,0,0,0,0,0,0,0,2,0,0,0,2,2,0,0,0,0,0,2,2,0,0,0,0,2,0,0,0,0,0,0,0,0,0,0,0,0,0,0,0,0,0,0,0,2,0,0,0,2,0,0,0,2,0,0,0,2,0,2,2,0,0,0,2,0,0,0,2,2,0,0,0,2,0,0,0,0,0,0,0,0,2,0,2,2,0,2,0,0,2,0,0,0,0,2,0,0,0,0,0,0,0,2,0,2,0,0,2,0,0,2,0,0,0,2,0,2,0,0,2,2,0,0,0,2,0,0,0,0,0,0,0,0,0,0,0,0,2,0,0,2,0,2,0,0,0,0,0,0,0,2,0,2,0,0,0,0,2,2,0,0,0,0,0,0,2,0,0,0,2,0,0,0,0,0,0,0,0,0,0,0,2,2,0,0,0,0,0,0,NA,0,2,0,2,0,0,0,0,2,0,2,0,0,0,0,0,0,0,2,0,0,0,0,2,0,0,2,0,0,2,0,0,0,0,0,0,0,0,2,0,0,0,0,2,0,0,0,0,0,2,0,0,0,2,0,0,0,0,0,0,0,2,0,0,2,0,2,2,2,0,2,0,2,2,0,2,2,2,2,0,2,0,2,0,0,0,0,0,2,0,0,2,0,0,0,2,0,0,0,0,0,0,0,0,0,0,0,0,0,2,0,0,0,0,0,0,0,0,0,2,0,0,0,0,0,0,0,0,0,2,0,0,2,0,0,0,0,0,0,0,2,2,2,0,0,0,0,0,0,0,2,0,0,0,0,0,0,0,0,0,0,0,0,0,2,0,2,0,2,0,2,0,0,2,0,0,2,2,0,0,0,0,0,0,0,0,0,0,0,2,2,2,0,0,0,0,2,0,0,0,2,2,0,0,2,0,2,0,0,0,0,2,0,2,2,0,0,0,0,0,2,2,0,0,0,2,2,0,0,2,0,0,0,0,0,0,0,0,0,2,2,0,0,0,0,2,2,0,0,2,0,0,0,0,0,0,0,0,2,0,2,0,0,0,0,0,0,0,2,0,0,0,0,0,0,0,2,2,0,0,0,2,0,2,2,2,0,2,0,2,0,0,2,2,2,0,2,0,2,2,2,0,2,0,0,0,0,2,0,0,0,0,0,0,0,0,0,0,0,0,0,0,0,2,0,0,2,0,0,2,0,2,0,0,2,0,2,0,2,0,2,0,2,0,0,0,2,0,0,0,0,0,0,0,0,0,0,0,0,2,2,2,0,2,2,0,0,0,0,0,2,0,2,0,0,0,0,0,0,2,2,0,2,2,0,0,2,0,0,0,0,0,0,0,0,0,0,0,0,0,2,0,0,0,0,0,2,2,0,0,0,0,0,2,0,0,0,0,0,2,0,2,0,2,0,0,0,0,0,0,2,2,2,0,0,0,0,0,0,0,0,0,0,0,0,0,0,0,0,0,2,0,2,2,0,2,2,0,0,NA,0,2,0,0,NA,0,0,0,0,2,0,0,0,0,0,2,0,0,0,0,2,2,0,2,0,0,0,0,0,0,0,0,0,0,2,0,0,0,0,0,0,2,0,0,0,0,0,0,0,2,0,0,0,0,0,0,0,0,0,0,0,0,0,0,0,0,0,0,0,0,2,0,0,0,0,0,0,0,0,0,2,0,0,0,0,0,2,0,0,0,0,0,0,0,0,2,0,0,2,0,0,0,2,0,0,0,0,0,2,0,0,0,2,0,0,0,2,0,0,0,2,0,0,2,0,0,0,0,0,0,0,0,0,0,0,2,0,0,2,0,0,0,0,0,0,0,0,0,0,0,0,0,0,0,0,2,0,0,0,2,2,0,0,0,0,0,0,2,0,0,0,0,0,2,0,0,2,0,0,0,0,0,0,0,0,0,0,0,0,0,0,0,0,0,2,0,0,2,0,0,2,0,0,0,2,0,0,2,0,0,0,0,0,0,0,0,0,0,0,0,0,NA,0,0,0,0,0,2,0,0,0,2,0,0,0,0,0,0,0,0,0,0,0,0,0,0,2,0,0,0,0,0,0,0,0,0,0,0,0,0,0,0,0,0,0,2,0,0,2,0,2,2,0,2,0,0,0,0,0,0,0,0,0,2,0,0,0,0,0,0,2,0,0,2,0,2,0,2,2,0,0,2,0,0,0,0,0,0,2,0,0,0,0,0,0,0,0,0,0,0,0,0,0,0,0,0,2,2,2,0,0,2,0,0,2,0,0,0,0,0,0,0,0,2,0,0,0,0,2,0,2,2,0,0,0,0,0,2,0,0,2,0,2,0,2,2,0,0,0,0,2,0,2,0,0,0,0,0,2,0,0,0,0,2,0,0,0,0,0,0,0,0,0,0,0,2,0,0,2,0,0,0,0,0,0,0,2,0,0,0,0,0,0,0,0,0,2,0,2,2,2,0,0,0,0,0,0,0,2,0,0,0,0,0,0,2,2,0,2,0,0,0,2,0,2,2,0,2,2,0,0,0,0,0,2,0,0,0,0,0,0,0,0,2,2,0,0,0,0,2,0,0,0,0,2,0,0,0,0,0,0,2,2,0,0,0,0,0,0,0,0,0,0,0,2,2,2,0,0,0,2,0,0,0,0,0,0,0,0,0,0,0,0,0,0,0,0,0,0,0,0,0,0,0,0,0,2,0,0,0,2,0,2,2,0,0,0,2,2,2,0,0,0,0,0,0,0,0,0,0,0,0,0,0,0,0,0,0,0,0,0,0,0,0,0,2,0,0,0,2,0,0,2,0,0,0,0,0,0,0,0,0,0,0,2,0,0,0,0,0,0,0,0,2,0,0,0,0,2,0,0,2,2,2,0,0,2,0,0,2,2,0,0,0,0,0,0,2,0,0,0,2,0,2,0,2,0,0,0,0,0,0,0,2,0,2,0,2,2,2,0,0,0,0,NA,2,2,0,0,2,0,0,0,0,0,0,0,0,0,0,0,0,2,0,0,0,0,0,0,0,0,0,0,0,0,0,0,0,0,2,0,2,0,2,0,0,0,2,0,0,0,2,2,2,2,0,0,0,0,0,0,2,2,0,0,0,2,0,0,0,0,0,0,0,0,0,2,0,0,0,0,0,0,0,0,0,0,0,0,0,0,2,2,0,0,0,0,0,2,0,0,0,0,2,0,0,0,2,0,0,0,0,2,0,0,0,0,0,0,0,0,0,0,0,0,0,0,0,0,0,2,0,0,0,0,0,0,0,2,0,0,0,0,0,0,0,2,0,0,0,2,0,0,0,0,0,0,0,2,0,0,0,0,0,2,0,0,0,0,0,0,0,0,0,2,0,0,2,0,0,2,0,0,2,2,0,0,0,2,0,0,0,0,0,0,0,0,0,0,0,0,2,0,0,2,2,2,0,0,0,2,2,0,0,0,2,0,0,0,2,0,0,0,0,0,0,0,0,0,0,0,0,2,0,2,2,0,0,0,0,2,0,2,2,0,2,0,0,0,0,0,2,2,2,0,0,2,0,0,2,0,2,2,0,NA,2,0,2,2,0,0,0,0,0,2,2,2,0,0,0,0,0,0,0,0,2,2,0,0,2,0,2,2,2,0,2,0,0,0,2,0,2,0,2,0,0,0,2,0,2,0,2,0,0,0,0,0,0,0,0,2,0,0,2,2,0,0,0,0,0,0,2,0,2,2,0,0,0,0,2,2,0,2,0,2,2,0,0,0,0,0,0,2,2,2,0,0,0,2,0,0,0,2,2,2,0,2,0,0,0,0,0,0,2,0,0,0,0,2,2,0,0,0,0,0,0,0,0,0,0,2,0,0,2,0,2,0,2,0,2,0,0,0,0,2,0,0,2,0,0,0,2,2,0,0,0,0,0,2,0,0,0,0,0,0,2,0,0,0,2,2,0,2,0,2,0,0,0,2,2,0,0,0,0,2,0,0,2,0,0,0,0,0,0,0,0,0,0,2,0,2,2,2,2,0,2,0,2,0,2,2,2,0,0,2,0,0,0,2,0,0,0,0,0,2,0,0,0,0,0,0,0,0,0,0,0,0,2,0,0,0,2,2,0,0,0,2,2,0,2,0,0,0,0,0,0,2,0,0,0,0,2,0,2,0,0,0,0,0,0,0,2,0,0,0,0,2,2,2,0,0,2,0,2,2,0,0,0,2,2,0,0,0,0,0,0,0,0,0,0,0,0,2,0,2,0,0,0,0,0,2,0,0,0,0,0,0,0,0,2,2,0,0,0,0,2,2,0,2,0,0,2,0,0,0,0,0,0,0,0,0,0,0,0,0,0,0,0,0,0,2,0,0,0,0,2,0,0,0,0,2,2,0,0,0,0,0,0,0,0,0,0,0,0,0,0,0,0,0,0,0,0,0,0,0,0,0,2,0,0,0,0,2,0,0,0,0,0,0,0,0,0,0,2,0,0,0,0,0,0,0,2,0,0,0,0,0,0,0,2,0,NA,2,2,0,0,0,2,0,0,0,2,0,0,0,0,0,0,0,0,0,2,0,0,0,0,0,0,0,2,0,0,0,2,0,0,0,0,2,0,0,0,0,0,0,0,0,0,0,0,0,0,2,2,0,0,2,2,0,2,2,0,0,0,2,0,2,0,0,0,2,2,0,2,0,0,2,0,0,2,0,0,0,0,0,0,0,0,0,0,0,0,0,0,0,0,0,0,0,2,0,0,0,2,0,2,2,2,0,0,0,0,0,0,2,0,0,0,0,0,0,2,0,2,2,0,0,0,0,0,0,0,0,0,0,0,0,0,0,0,0,0,0,0,0,0,0,0,0,0,0,0,0,0,0,0,0,0,2,0,0,0,0,0,0,0,0,0,0,0,0,0,0,0,2,0,0,0,0,0,0,0,0,0,0,0,0,2,2,2,0,0,0,0,0,0,2,0,2,0,0,0,2,0,0,2,2,2,2,0,0,0,2,0,0,2,0,0,0,0,0,0,0,2,0,0,0,0,0,0,0,0,0,0,0,0,0,0,0,0,0,0,2,2,0,0,0,0,0,0,0,0,0,0,0,0,0,0,0,0,0,0,0,0,2,0,0,2,0,0,0,0,0,0,0,0,0,0,0,0,0,0,0,0,0,0,0,0,0,0,0,0,2,2,0,0,0,2,0,0,2,0,0,0,0,0,2,0,0,0,0,0,0,2,2,0,0,0,0,0,0,0,2,0,0,0,NA,2,2,0,0,0,0,0,2,0,0,0,0,0,0,2,0,0,0,0,0,2,0,0,0,0,0,0,0,0,0,2,0,0,0,0,0,0,2,2,0,0,0,2,0,0,0,0,0,0,0,0,0,0,0,2,0,0,0,2,2,2,0,2,0,0,2,0,2,2,2,0,2,0,0,0,0,2,2,0,2,0,2,2,0,0,0,2,0,0,0,2,0,2,0,2,2,0,2,0,2,0,2,2,2,2,0,2,0,0,2,0,0,0,0,2,0,0,2,0,2,0,2,0,0,0,0,0,0,0,0,2,2,0,2,0,2,0,0,0,0,0,2,2,0,0,0,0,2,0,2,0,0,0,0,2,0,0,2,0,2,0,0,0,0,0,0,2,2,0,0,0,0,0,0,0,0,0,0,2,0,2,2,0,0,0,0,2,2,0,2,0,0,0,0,0,2,0,0,0,0,0,0,0,0,0,0,0,0,0,0,0,0,0,0,0,0,0,0,2,2,0,0,0,2,0,0,2,0,0,0,0,0,0,0,2,2,0,0,0,0,2,0,0,0,0,0,0,2,0,2,0,0,0,0,2,0,0,0,2,2,0,2,0,2,0,0,0,0,0,0,0,0,0,0,0,0,0,2,0,0,0,0,0,2,0,0,0,2,0,0,0,0,0,0,2,0,0,0,0,0,0,0,2,0,0,0,0,0,2,0,0,0,0,0,0,0,2,0,0,0,0,0,0,0,0,0,0,2,0,0,0,2,0,0,0,0,2,2,0,0,0,0,0,2,2,0,0,0,2,2,0,2,2,2,2,0,0,0,2,2,0,0,0,2,0,0,0,2,2,0,2,0,0,0,0,0,0,0,2,0,0,2,0,2,2,0,0,0,0,0,0,0,0,0,0,0,2,NA,2,0,0,0,0,0,0,0,0,0,0,0,2,0,2,0,2,2,0,2,0,0,2,0,0,2,2,0,0,0,0,2,0,0,0,0,0,0,0,2,0,0,0,0,2,0,0,0,2,0,0,0,0,0,2,0,0,0,0,0,0,0,0,0,2,0,0,0,2,0,2,0,0,0,0,2,2,0,2,0,2,0,0,0,0,2,2,2,0,0,0,2,0,0,0,0,0,0,2,0,0,0,0,2,0,0,0,0,0,0,0,2,2,0,0,0,0,2,0,0,0,0,0,0,0,0,0,2,0,0,0,0,0,0,2,2,0,0,0,0,0,0,0,2,0,0,0,0,0,2,0,0,0,0,0,0,0,0,0,0,0,0,0,2,2,0,0,2,0,0,0,0,2,0,0,0,2,0,0,0,0,0,0,0,0,0,0,0,2,0,0,2,0,0,0,0,0,0,0,0,0,2,0,0,0,0,0,0,0,0,0,0,0,0,0,0,0,0,0,0,2,0,0,2,2,0,0,2,2,0,2,0,0,0,0,0,0,0,0,2,0,0,0,0,0,0,0,2,0,0,0,0,0,2,0,0,2,0,0,0,0,0,0,0,0,0,0,2,0,2,0,0,2,0,2,0,0,0,0,2,0,0,2,0,0,0,0,0,2,0,0,0,0,0,0,2,0,0,2,0,0,0,0,0,0,0,2,2,0,0,0,0,0,0,0,0,0,0,0,0,0,0,0,2,0,2,2,2,0,0,0,0,2,0,2,0,0,0,0,0,0,0,0,0,0,0,0,0,2,0,2,0,0,2,0,0,0,0,0,0,0,0,0,0,0,0,0,0,2,0,2,0,0,0,0,0,0,2,0,0,2,0,0,0,0,0,0,0,0,0,0,0,0,0,0,0,0,0,2,0,0,0,0,0,2,0,0,0,0,0,0,0,0,0,0,0,0,0,0,0,0,0,2,0,0,0,0,0,0,0,0,0,0,0,0,0,0,0,0,0,0,2,0,0,0,0,0,0,0,0,2,0,2,2,2,0,0,0,0,0,0,2,0,0,0,0,0,2,0,2,0,2,0,2,0,2,NA,0,0,0,0,0,0,0,0,2,0,0,0,0,2,0,0,0,0,0,0,0,0,0,0,0,0,0,0,0,2,2,0,0,0,0,0,0,0,0,0,0,0,2,0,0,0,0,0,0,0,0,0,0,0,0,0,2,2,0,2,0,0,2,2,2,0,0,0,0,0,0,0,0,0,2,0,0,2,0,0,0,0,0,NA,0,2,0,0,0,2,2,0,NA,0,0,0,NA,2,2,2,0,0,0,0,0,2,NA,2,2,0,2,0,2,0,0,2,0,0,0,0,0,0,0,2,0,0,2,0,0,0,0,0,0,0,0,0,2,0,0,0,2,2,0,0,0,0,0,0,0,0,2,0,0,0,0,0,0,2,0,0,0,0,2,0,2,0,2,2,0,0,0,2,0,0,2,0,0,0,0,0,0,0,0,0,2,0,0,2,0,0,0,0,0,0,0,0,0,0,0,2,2,0,0,0,0,0,0,0,2,0,0,0,0,0,0,2,0,0,0,0,0,0,0,0,2,0,0,0,2,0,0,0,0,2,0,0,0,2,0,0,0,0,2,2,0,0,0,0,2,2,0,0,2,0,2,0,0,2,2,2,0,0,2,2,2,0,0,0,0,0,0,2,NA,0,0,0,2,2,0,0,0,2,0,0,2,0,2,0,0,0,2,2,2,2,0,0,0,2,0,2,2,2,0,0,0,2,0,0,0,0,0,0,0,0,0,0,0,0,0,2,0,0,0,0,0,0,0,2,0,0,0,2,0,0,2,2,2,2,0,0,0,2,2,0,2,0,2,0,0,2,0,0,0,0,0,2,0,2,2,0,0,0,0,0,0,0,0,0,0,0,0,0,0,0,0,0,0,0,2,0,0,2,2,2,0,0,2,0,0,0,0,0,0,0,0,0,0,0,0,0,2,0,2,2,0,0,0,0,0,0,0,0,0,0,0,0,0,0,0,0,2,2,0,2,0,0,0,0,0,NA,0,2,0,0,2,0,0,2,0,2,0,0,0,0,0,0,2,0,2,0,NA,0,2,0,0,0,2,0,0,0,0,0,0,0,0,0,0,0,0,2,2,0,0,2,0,2,2,0,0,0,2,0,0,2,0,0,0,0,0,2,0,0,0,0,0,0,0,0,2,2,0,2,0,0,2,0,0,0,2,0,0,0,0,0,0,2,2,0,0,0,0,0,0,2,0,0,0,0,0,0,0,2,0,0,0,0,0,0,0,0,0,2,2,0,2,0,2,0,0,0,0,0,2,2,2,2,2,0,0,0,0,0,0,0,0,0
"CC279",0,0,0,0,2,0,0,2,0,0,0,0,0,0,0,0,0,0,0,0,0,0,0,0,0,2,2,0,0,0,0,0,0,0,0,0,2,0,0,0,2,2,0,0,0,2,0,0,0,2,2,0,0,0,0,0,0,0,2,2,0,0,2,0,2,0,2,0,0,0,0,0,0,2,2,2,2,2,0,0,2,0,0,2,2,2,0,0,0,0,2,0,0,2,0,2,0,2,0,0,0,0,0,0,0,0,0,0,0,2,0,0,2,0,0,0,0,0,0,0,2,0,0,2,2,2,2,0,0,0,0,0,0,0,0,0,0,0,2,2,0,2,0,0,0,0,0,2,0,2,0,0,0,0,0,2,2,0,0,0,0,0,0,0,0,2,0,2,2,2,0,0,2,2,0,2,0,2,2,0,0,2,2,0,0,0,2,0,0,0,2,2,0,0,0,0,0,2,0,0,0,0,0,0,0,0,0,0,2,0,2,0,2,0,0,2,2,0,2,2,0,2,2,0,0,2,0,0,0,2,2,2,0,0,0,2,0,NA,0,0,0,0,0,0,0,0,0,0,0,0,0,2,0,2,0,0,0,0,0,0,0,0,2,0,0,0,2,0,2,0,2,0,0,2,0,0,0,2,2,0,0,0,2,0,0,2,0,2,0,0,0,0,0,0,0,0,0,0,2,0,0,0,2,2,2,0,0,2,0,0,0,0,0,0,0,0,0,0,2,0,0,0,0,0,0,0,2,0,0,0,0,2,2,0,0,0,0,0,0,0,0,2,0,0,2,0,0,0,2,0,0,0,0,2,0,0,0,2,0,2,0,2,0,0,0,0,0,2,0,0,0,0,2,0,0,0,0,2,2,0,0,0,0,0,0,0,0,2,0,0,0,0,0,2,2,2,2,0,2,0,0,0,0,2,2,2,2,2,2,0,2,0,0,0,0,0,2,0,0,2,0,0,0,0,2,0,0,0,2,2,0,2,0,0,0,0,0,0,0,0,0,0,0,0,0,0,0,0,2,0,0,0,0,NA,2,0,0,0,0,2,2,0,2,0,0,0,2,0,0,0,0,0,0,2,0,0,0,0,0,0,0,2,0,0,0,0,0,2,0,0,2,2,0,0,0,0,2,0,0,0,0,0,0,0,0,0,0,0,0,2,0,0,0,0,0,0,2,0,0,0,2,0,0,0,2,2,2,0,0,0,0,0,0,0,0,2,0,0,0,0,0,0,0,2,0,2,0,0,0,0,0,0,0,0,0,0,0,0,0,0,0,0,0,2,0,0,0,0,0,0,0,0,0,0,2,0,0,0,2,0,0,0,0,0,0,0,2,0,0,2,0,0,0,0,0,0,0,2,0,0,0,0,0,2,2,0,0,0,0,0,2,0,0,2,0,0,0,0,0,0,0,0,0,2,2,0,0,0,0,0,0,0,0,0,0,0,0,0,0,0,0,0,0,0,0,0,2,0,0,0,0,0,0,0,2,0,0,0,0,0,0,2,0,0,0,0,0,0,0,2,0,0,0,NA,0,0,0,2,0,0,0,0,0,0,0,0,0,0,0,0,2,0,0,0,0,0,2,0,0,2,0,2,0,0,0,0,0,0,0,0,0,0,0,2,0,0,0,2,2,0,0,0,0,0,0,2,0,0,2,0,2,2,0,0,2,2,2,0,0,0,0,0,0,0,0,2,0,0,0,0,0,2,0,0,2,0,0,2,0,0,2,0,0,0,0,0,0,0,0,0,2,0,0,0,2,0,2,2,2,0,0,2,0,0,0,0,0,0,0,0,0,0,0,0,0,0,0,0,0,0,0,0,0,0,2,0,2,0,0,2,2,0,0,0,0,0,0,0,0,0,0,0,2,0,0,0,0,0,0,0,0,0,0,0,0,0,0,0,2,0,0,2,2,0,0,0,0,2,0,0,0,2,0,2,0,0,0,0,0,0,0,0,0,0,0,0,0,0,2,0,0,0,0,0,2,2,0,0,0,0,0,2,0,0,2,2,0,0,2,0,0,2,0,0,0,0,0,0,2,0,0,0,0,0,0,0,0,0,0,0,2,0,0,0,0,0,0,0,2,0,0,0,0,0,0,0,0,0,0,0,2,0,2,0,2,0,0,2,0,0,0,0,0,0,0,0,0,0,0,0,0,0,0,0,0,0,2,0,0,0,0,0,0,0,0,0,0,2,0,0,2,0,0,0,0,0,0,0,0,0,2,0,0,0,2,0,0,0,0,2,0,0,0,0,0,0,0,0,0,0,0,0,0,2,0,0,0,0,2,0,0,0,0,0,0,0,0,0,0,0,0,0,0,0,0,2,0,0,0,0,0,0,0,0,0,0,0,2,2,2,0,0,0,0,0,2,0,0,2,0,0,0,0,0,0,2,0,0,2,2,2,0,2,0,0,0,0,2,0,0,2,0,0,0,0,0,2,2,2,0,2,2,0,0,0,0,0,0,0,0,0,0,0,0,0,2,0,0,0,0,0,0,0,0,0,0,0,2,2,0,2,2,0,2,0,0,0,0,0,2,0,0,0,2,0,0,0,0,0,0,2,0,2,0,0,0,0,0,0,0,0,2,0,0,2,0,0,2,2,2,0,0,0,0,0,0,2,0,0,2,2,2,0,0,0,0,2,0,2,0,0,0,0,0,0,0,0,0,0,0,0,0,0,0,0,0,0,2,2,0,0,0,0,2,0,0,0,0,0,0,0,2,0,0,0,0,0,0,0,0,0,0,0,0,0,0,0,0,0,0,0,0,0,0,0,0,0,0,0,0,0,0,0,0,0,0,0,0,0,0,0,2,0,0,0,0,2,0,2,0,0,0,0,2,2,0,NA,2,0,0,0,0,0,2,0,2,0,0,0,0,0,0,0,0,0,0,0,0,2,0,0,2,2,0,0,0,0,0,0,2,2,2,0,0,0,0,0,0,0,0,0,0,0,0,0,0,0,0,0,2,0,0,0,0,0,0,0,0,0,0,0,0,2,2,2,0,2,0,0,2,0,0,0,2,2,0,0,0,0,2,0,2,0,0,2,0,2,0,2,0,0,0,2,0,2,0,0,2,2,0,0,0,0,0,0,0,0,0,2,0,NA,2,0,0,0,0,0,0,0,0,0,0,2,2,0,2,2,0,0,0,0,0,2,0,2,0,0,0,0,2,0,0,0,0,0,0,0,0,0,2,2,0,0,0,2,0,0,0,0,0,0,0,0,0,0,2,2,2,2,0,0,0,0,0,0,2,0,0,0,0,0,0,2,0,0,2,0,0,2,2,NA,0,2,0,0,2,0,0,2,0,0,0,0,0,2,0,0,0,2,0,0,0,0,0,0,2,0,0,0,0,0,2,0,0,0,0,0,0,0,0,0,0,2,0,0,0,0,0,0,0,0,0,0,0,0,0,0,0,0,0,0,0,0,0,0,0,0,0,0,0,2,0,0,0,0,0,0,0,0,2,0,2,0,2,0,0,0,2,2,2,2,2,0,0,0,0,2,0,0,0,0,0,0,0,0,0,0,0,0,0,0,2,2,2,0,0,2,NA,0,0,0,0,2,0,0,0,0,0,0,0,0,0,0,0,2,0,0,0,0,2,0,0,0,0,2,0,0,0,0,2,0,2,2,0,0,2,0,2,0,0,0,0,0,0,2,2,0,2,0,2,2,0,2,0,0,0,0,0,0,0,0,0,0,0,0,0,0,0,0,2,0,0,2,0,0,2,2,0,2,2,0,0,0,0,0,2,0,0,0,0,0,0,0,0,2,0,0,0,2,0,0,2,0,2,2,0,0,0,0,2,0,0,0,0,0,2,2,0,0,0,2,2,2,0,0,0,0,0,0,0,2,2,0,0,0,2,2,0,2,0,0,0,0,2,2,0,0,2,2,0,2,0,0,0,2,0,0,0,0,2,0,2,2,2,0,2,0,2,2,0,2,0,2,0,0,0,0,0,0,0,0,0,0,2,2,0,0,0,0,0,0,0,2,2,0,0,2,0,0,0,0,0,0,2,2,0,0,2,0,0,0,0,0,0,0,NA,0,2,2,0,0,0,0,0,0,0,0,0,0,0,0,0,0,0,0,0,0,0,0,0,0,0,0,2,0,2,0,2,0,0,0,0,0,2,0,0,0,0,2,0,2,0,0,0,2,0,2,2,2,NA,0,0,0,0,0,0,0,0,0,0,0,0,0,2,0,0,0,0,0,0,0,2,0,0,0,0,0,0,2,0,0,2,0,2,2,0,0,0,0,0,0,0,0,2,0,0,0,2,2,0,2,0,0,2,0,0,0,0,0,0,0,0,0,2,0,0,0,0,0,2,0,0,0,0,0,2,0,0,0,0,0,0,0,2,2,0,0,0,0,0,2,0,0,0,2,0,2,0,0,2,0,2,0,2,0,2,2,0,0,2,0,0,0,0,2,0,0,0,0,0,0,0,0,0,0,2,0,0,0,0,0,0,0,0,0,0,0,0,2,0,0,0,0,0,0,0,0,2,0,0,0,0,0,0,0,0,0,0,0,0,0,0,0,0,0,0,0,2,2,0,0,2,0,0,0,0,0,2,0,2,0,0,0,0,0,0,2,2,0,0,0,0,0,2,0,0,0,0,0,0,2,0,2,2,0,0,0,2,0,0,0,0,0,2,2,0,0,0,0,0,2,0,0,0,0,2,2,0,0,2,2,0,0,0,0,0,0,0,0,0,0,0,0,0,0,0,2,0,0,0,2,0,2,2,0,0,0,2,0,2,2,0,2,0,0,0,NA,0,2,0,0,0,0,0,0,0,0,0,0,2,0,0,2,0,0,0,0,0,0,0,2,0,0,0,0,0,2,0,2,0,0,0,0,0,2,2,0,0,0,0,0,0,0,0,0,0,2,0,0,0,0,0,0,2,0,2,0,0,0,0,0,0,0,0,0,0,0,0,0,0,0,0,0,0,0,2,0,2,0,0,0,0,0,0,0,2,0,0,0,0,2,0,0,0,0,0,0,0,2,2,0,0,0,0,0,2,0,0,0,2,0,0,0,2,0,0,0,2,0,2,2,2,2,0,0,2,0,0,0,2,0,0,2,0,0,2,2,0,0,0,0,0,0,0,0,0,0,0,0,0,0,0,0,0,0,0,2,2,0,0,0,0,0,0,0,0,0,2,0,2,0,0,0,2,0,0,0,0,2,2,0,0,0,0,0,0,0,0,0,0,0,2,0,0,0,0,0,0,0,0,0,0,0,0,2,0,0,0,0,0,0,0,0,0,0,0,0,0,0,0,0,0,0,0,2,0,0,0,0,2,0,0,0,0,0,0,0,0,0,2,0,0,0,2,0,2,0,0,0,0,2,0,2,0,2,0,2,0,0,2,0,0,0,0,0,2,0,2,2,0,0,0,0,0,2,0,0,0,0,0,2,2,0,0,0,0,2,2,0,0,2,0,0,0,2,2,0,0,2,0,0,0,0,0,0,0,0,2,0,2,2,0,0,0,2,2,0,2,2,0,0,0,0,2,2,2,2,0,2,0,0,2,0,0,0,0,0,0,0,0,2,0,2,2,2,0,0,2,0,2,0,0,0,0,0,0,2,2,0,0,2,0,0,0,2,0,0,2,0,2,0,0,0,2,2,0,0,0,0,2,0,0,0,0,0,0,0,0,0,0,0,0,2,2,0,0,0,0,0,0,0,2,0,2,0,0,0,0,0,0,0,2,0,0,0,0,0,2,0,2,0,2,0,0,0,2,2,0,0,0,0,0,0,0,2,0,0,0,0,0,0,2,2,0,0,0,0,0,0,0,0,2,0,0,0,0,0,0,0,0,2,2,0,0,0,0,2,0,0,0,0,0,0,0,0,2,0,0,0,2,0,0,0,2,0,0,0,0,0,0,0,2,2,0,0,0,0,2,0,0,0,0,0,0,0,0,0,0,0,0,0,0,0,0,0,0,0,0,0,0,2,0,0,2,0,0,0,0,0,0,0,0,2,0,0,0,2,0,0,0,0,0,0,0,0,0,0,0,0,0,0,0,0,0,0,0,0,0,0,2,0,0,0,0,0,0,2,0,0,0,0,2,0,0,0,0,0,0,0,0,0,0,0,0,0,0,0,0,0,0,0,0,0,0,0,2,0,0,2,2,2,0,0,0,0,0,0,0,0,0,0,0,0,0,0,0,0,0,0,2,2,0,2,0,0,0,0,0,0,0,2,0,2,0,2,0,2,0,0,0,0,2,2,2,0,0,0,0,0,0,0,0,0,0,0,0,0,0,0,2,0,0,0,2,0,0,2,0,0,0,0,0,0,0,0,0,2,0,0,0,0,2,0,0,0,0,0,2,2,2,2,0,0,0,0,0,0,0,0,0,0,0,2,2,0,2,0,0,0,0,0,0,0,0,0,0,0,0,2,2,2,0,0,0,0,0,0,0,0,2,0,0,0,0,0,0,0,2,0,0,0,0,0,0,2,0,0,0,0,2,2,0,2,0,0,0,0,0,0,0,0,NA,0,0,0,0,0,2,2,0,2,0,0,0,2,2,0,0,0,0,0,2,0,2,0,0,0,2,0,0,0,0,0,0,0,2,0,0,0,0,0,2,0,0,0,0,2,0,0,0,0,0,0,0,0,0,2,2,0,0,0,0,0,0,0,0,2,0,0,2,0,0,0,0,0,2,0,0,2,0,0,2,0,2,0,0,0,2,0,2,0,0,2,0,0,0,2,0,0,0,2,0,0,0,0,0,0,2,2,2,2,2,2,0,0,0,2,0,0,2,2,0,2,0,0,2,0,0,2,2,0,0,0,2,0,2,0,2,2,2,0,0,0,0,0,0,0,0,0,2,0,2,0,2,0,0,0,0,2,0,0,0,2,2,0,0,0,0,2,2,2,0,0,0,0,0,0,0,2,0,2,0,0,0,2,0,0,0,2,0,0,0,0,0,0,0,2,2,0,0,2,2,0,0,0,0,0,0,2,0,2,2,0,0,0,0,0,0,0,2,2,0,0,0,0,0,0,0,0,0,2,2,2,0,0,0,0,0,0,2,2,2,0,2,0,0,0,0,0,0,2,0,0,0,0,0,2,0,0,0,0,2,0,0,0,0,0,2,0,0,2,0,2,0,2,0,0,2,0,0,0,0,2,0,2,0,0,0,0,0,0,2,0,0,0,0,0,0,0,0,0,0,2,0,0,0,2,2,0,0,2,2,0,2,0,2,2,0,0,2,0,0,0,0,2,0,0,0,0,0,0,0,0,0,0,0,0,0,2,0,2,0,0,0,0,0,2,2,0,0,2,2,0,0,0,2,0,0,2,0,0,2,2,0,2,0,0,0,2,0,0,0,2,0,2,0,0,0,2,2,0,0,0,2,0,0,2,0,2,0,2,0,2,2,0,0,0,2,2,2,2,2,0,0,0,0,0,0,2,0,2,0,0,2,2,2,0,0,2,0,2,2,0,0,0,2,NA,0,2,0,0,2,0,0,0,0,0,0,0,0,0,2,0,0,0,0,2,2,0,0,0,0,0,0,0,0,0,0,0,0,0,0,2,2,0,2,0,0,2,0,0,0,0,0,0,0,0,0,0,0,0,0,0,0,0,0,0,2,0,0,0,0,2,0,0,0,0,2,2,0,0,0,0,0,0,0,0,0,0,0,0,0,0,0,0,0,0,0,0,0,0,0,0,0,2,0,0,0,0,2,0,2,0,0,0,0,0,0,0,0,2,2,0,0,0,0,0,0,0,0,2,0,0,0,0,0,2,0,0,0,0,0,0,0,2,0,0,0,2,0,0,0,0,0,0,0,0,0,2,0,0,0,0,0,0,0,0,0,0,0,0,0,0,2,0,2,0,0,0,0,0,0,0,0,0,0,0,0,0,0,0,0,0,2,0,0,2,2,0,2,0,0,0,0,0,0,0,0,2,0,2,0,0,0,0,0,2,0,0,0,0,0,0,0,2,0,0,0,0,0,0,0,0,0,0,0,0,0,0,2,2,0,0,0,0,0,0,0,0,0,0,0,0,0,0,0,0,0,2,0,2,0,0,0,0,0,0,0,0,0,0,0,0,0,0,0,0,0,0,0,0,0,0,0,0,0,0,0,0,0,0,0,0,0,0,0,0,0,0,0,0,0,0,0,0,0,0,0,0,0,0,2,0,0,0,0,0,0,0,0,0,0,0,0,0,0,0,0,0,0,0,0,0,0,0,0,0,0,0,0,0,0,2,2,0,2,0,0,0,0,0,0,2,0,0,0,0,2,0,0,2,0,0,2,2,0,0,0,0,0,0,0,0,0,0,0,0,0,0,2,2,0,0,0,2,0,2,0,NA,0,0,0,0,0,0,0,0,0,0,0,0,2,0,0,2,0,0,0,0,2,0,2,0,0,0,0,0,0,0,0,2,2,2,0,0,0,0,0,0,2,0,0,2,0,2,0,0,2,0,0,0,0,0,2,0,0,0,0,0,2,2,2,0,0,0,0,0,2,NA,2,0,0,0,0,2,2,0,0,0,0,0,2,0,0,0,0,0,2,2,0,0,2,0,0,2,2,0,2,2,0,0,0,2,0,0,0,0,0,2,0,0,0,2,2,0,0,0,2,0,0,0,0,2,0,2,2,0,0,2,2,0,0,0,0,2,0,0,0,2,2,0,2,0,0,2,0,0,0,0,0,0,0,0,0,0,0,0,0,0,0,0,0,0,2,0,0,0,0,0,0,0,2,0,2,0,0,0,2,0,0,2,0,0,2,0,0,0,0,0,0,0,2,0,0,0,2,0,0,0,0,0,0,0,0,0,0,0,0,0,2,0,0,0,0,0,2,2,0,0,0,0,0,0,2,0,0,2,0,0,0,0,0,0,2,2,0,0,0,0,0,0,2,0,0,0,0,2,0,0,2,0,0,2,2,2,2,0,0,0,0,2,2,0,2,0,0,0,0,0,2,0,0,0,0,2,0,0,0,0,0,0,0,0,0,0,0,0,0,2,0,0,0,0,0,0,0,0,2,0,0,0,0,0,0,0,0,0,2,0,0,0,0,0,0,0,0,0,2,0,0,0,2,0,0,2,2,0,0,2,0,0,0,2,0,0,0,0,2,0,0,0,0,0,0,2,0,0,0,0,0,0,0,0,0,0,0,0,2,0,2,0,0,0,0,0,0,0,0,0,2,2,0,0,0,0,0,0,0,0,0,0,0,2,0,0,2,0,0,0,0,0,0,0,0,0,0,0,0,0,0,0,2,0,0,0,2,0,0,0,0,0,0,0,0,0,0,0,0,0,0,0,0,0,0,NA,0,0,0,0,0,0,0,2,2,0,0,0,2,0,0,0,0,2,0,2,0,0,0,2,0,0,0,2,0,0,0,0,2,0,0,0,0,0,0,0,0,0,0,0,2,0,0,0,0,0,0,0,0,2,0,0,0,0,0,2,0,0,0,2,2,2,0,0,0,2,0,0,2,2,0,0,0,0,2,0,0,0,0,0,0,0,0,0,0,0,0,2,0,0,0,2,0,0,2,0,2,0,0,2,0,0,2,0,0,0,0,0,0,2,0,0,0,2,0,0,0,0,2,2,0,2,2,0,0,0,0,0,2,2,2,0,0,0,0,0,0,0,0,0,0,2,0,0,0,0,2,0,0,0,0,2,0,2,0,0,0,0,0,0,0,0,0,0,0,0,2,0,0,0,0,2,0,0,0,0,0,2,0,2,2,0,2,0,0,0,0,0,0,0,0,0,2,0,0,0,0,0,0,0,0,0,0,0,0,0,2,2,0,0,0,2,0,0,0,0,0,0,0,0,0,0,0,2,0,0,2,0,2,2,0,0,0,0,0,2,0,0,2,0,0,0,2,0,0,2,2,2,0,0,0,0,0,2,0,0,0,0,2,2,0,0,0,2,0,0,2,0,0,0,2,0,0,0,0,0,0,2,0,0,0,0,0,2,0,0,0,2,0,2,2,0,0,0,0,0,0,0,0,0,0,0,0,0,2,0,0,0,0,0,0,0,2,0,0,2,0,0,0,0,2,NA,2,2,0,2,0,0,0,0,0,0,2,0,0,2,0,2,2,0,NA,2,0,2,0,0,2,2,2,2,0,0,0,2,2,2,2,0,0,0,0,0,0,0,2,0,2,0,0,0,2,0,0,0,0,2,0,0,0,0,0,0,0,0,0,0,2,0,0,0,0,2,0,2,2,0,2,0,0,0,0,0,0,2,0,0,0,0,0,0,0,2,0,2,0,0,0,0,2,0,0,0,0,2,0,0,0,0,0,2,2,0,0,0,0,2,0,2,2,0,0,0,0,0,2,2,0,2,0,0,0,0,0,0,0,2,0,2,2,0,0,0,0,0,0,0,0,0,2,0,0,0,2,0,0,0,0,2,0,0,0,0,2,0,0,0,0,0,0,2,0,2,0,0,0,2,2,2,2,0,0,0,0,0,2,0,2,0,0,2,2,0,2,0,2,0,2,2,2,0,0,2,0,2,0,0,0,0,2,0,2,0,0,2,0,0,0,2,0,0,0,0,0,0,0,2,0,0,0,2,2,0,2,0,0,0,0,0,2,0,0,2,2,2,0,2,0,0,0,0,0,0,2,0,2,0,2,2,0,2,0,0,2,2,NA,0,0,0,0,0,0,0,0,0,0,0,0,0,0,0,0,0,2,NA,0,2,0,0,2,2,0,0,NA,0,2,2,0,0,0,0,0,0,0,0,0,2,2,2,2,0,2,0,2,0,2,2,2,2,2,0,0,0,2,2,2,0,2,2,0,0,0,0,0,0,2,0,2,0,2,0,0,2,0,0,0,0,0,2,0,0,2,2,0,0,0,0,0,0,0,0,2,2,0,0,0,0,2,0,0,0,0,2,0,0,2,0,0,0,0,0,0,0,0,0,0,2,0,2,0,2,0,0,0,0,0,0,NA,0,0,2,2,0,0,0,0,0,0,0,2,0,0,0,0,0,0,0,0,0,0,0,0,2,2,0,2,0,0,0,0,0,0,0,0,0,0,0,0,2,2,0,2,0,2,2,2,0,0,0,0,2,2,2,0,0,2,0,0,2,2,2,2,2,2,2,2,0,0,0,0,0,0,2,0,0,0,0,2,2,0,0,0,0,0,0,0,0,2,0,0,0,2,2,2,2,0,2,0,0,0,0,2,0,0,0,0,0,0,2,0,0,0,0,0,0,0,0,0,0,2,2,2,0,0,0,2,0,0,0,0,0,0,0,0,2,0,0,2,2,0,0,0,0,2,0,0,0,2,0,0,0,0,0,0,0,0,2,0,2,2,0,2,0,0,0,0,0,0,0,0,2,0,0,0,2,0,2,0,0,0,2,0,2,0,NA,0,2,2,2,0,0,0,0,0,0,0,0,0,0,0,0,2,0,2,2,0,0,2,0,0,0,0,0,0,0,0,0,0,0,0,0,2,0,0,0,0,0,0,0,0,0,0,0,0,0,0,0,0,2,0,0,0,0,2,0,2,2,2,2,2,0,2,0,2,0,0,0,0,0,0,0,0,0,0,0,0,0,0,0,2,0,0,0,0,2,0,0,2,0,0,0,0,0,0,2,0,0,0,0,0,0,2,0,0,0,0,0,2,0,2,2,0,2,0,0,2,0,0,0,0,0,0,0,0,0,2,0,2,0,0,0,2,0,0,0,0,0,0,0,0,0,0,2,0,0,0,0,2,2,0,0,0,2,2,0,2,2,2,0,2,2,0,0,2,2,2,2,2,0,0,0,2,0,0,0,0,0
"CC28",0,0,0,0,2,0,0,0,0,0,0,0,2,0,0,2,0,0,0,0,2,0,0,0,0,2,0,0,0,0,0,0,0,2,0,2,0,0,0,2,0,0,0,2,2,0,0,2,0,0,0,2,0,2,0,0,2,0,0,0,0,2,0,2,0,0,0,0,0,2,0,0,0,0,0,0,0,2,0,0,2,0,0,0,0,0,0,0,2,0,2,0,0,0,0,0,0,0,0,0,0,0,0,0,0,0,0,0,0,2,0,0,0,0,2,0,0,0,0,0,0,0,0,0,0,0,2,0,0,0,0,0,0,0,0,0,2,0,0,2,0,0,2,2,0,0,2,0,0,2,2,0,0,0,0,0,0,0,0,0,0,0,0,2,2,0,0,2,2,2,0,2,0,0,0,0,0,0,0,0,0,0,0,0,0,0,2,0,0,0,0,0,0,2,0,0,0,NA,0,0,0,0,0,0,0,2,0,0,0,0,0,0,0,0,0,0,0,0,0,0,2,0,0,0,2,0,2,2,0,0,2,0,0,0,0,0,2,2,0,0,2,0,0,0,0,2,2,0,0,0,0,0,0,0,0,0,0,0,0,0,2,0,0,0,2,2,2,0,2,2,0,0,0,2,0,0,0,0,0,2,2,0,0,0,0,0,0,2,0,0,2,2,2,0,0,0,0,0,0,0,0,0,0,0,0,0,0,0,NA,0,0,0,0,0,0,0,0,0,0,0,0,0,2,0,0,0,0,0,0,0,0,2,0,0,0,2,0,0,0,0,0,2,2,0,0,0,0,0,0,0,0,2,0,NA,0,0,0,0,0,0,0,2,0,0,0,0,0,0,2,0,0,0,0,0,0,0,0,0,0,0,0,0,0,0,0,0,0,0,0,0,0,0,0,2,2,2,2,0,0,0,0,2,NA,2,0,2,0,0,0,2,0,0,0,0,0,0,2,0,2,2,2,2,0,0,0,2,0,0,0,0,0,0,0,0,0,0,0,0,0,0,0,0,0,0,0,0,0,0,0,0,0,0,0,0,2,2,0,2,0,0,0,0,0,0,0,0,0,0,0,0,0,0,2,0,0,2,0,0,0,2,0,0,0,0,0,0,2,0,0,0,2,NA,0,2,0,0,2,0,0,0,0,0,0,0,0,0,0,0,2,0,0,0,2,0,0,0,0,0,0,0,2,2,0,0,2,2,0,2,0,0,2,0,0,0,0,2,0,2,2,2,0,0,0,0,0,0,NA,0,0,2,0,0,0,2,2,0,0,2,2,0,0,2,0,0,0,0,0,0,2,2,0,2,0,0,0,0,2,2,2,2,0,0,0,0,0,0,0,0,0,0,2,0,0,0,2,0,2,0,2,2,0,0,2,0,0,0,0,0,2,0,0,0,0,0,2,0,2,0,0,0,0,0,0,0,0,0,0,0,0,0,0,0,0,0,2,0,0,0,0,0,0,0,0,0,2,0,0,0,0,0,0,0,0,0,0,0,0,0,0,0,2,0,0,0,0,0,0,0,0,2,0,0,2,0,0,0,0,0,0,0,2,0,0,2,2,2,0,0,0,0,0,0,0,0,0,2,0,2,NA,0,0,0,0,0,0,0,0,0,2,0,2,0,2,0,0,0,0,0,0,0,0,0,0,2,0,0,0,0,0,0,0,0,2,0,0,0,0,0,0,0,2,0,0,0,0,0,0,2,0,2,0,0,0,2,0,2,0,0,0,0,0,0,0,2,0,2,0,0,0,0,0,0,0,0,0,0,0,2,0,0,0,0,0,0,2,2,0,0,0,0,0,0,0,0,0,0,0,0,0,0,0,0,2,0,0,0,0,2,0,0,2,0,0,0,0,0,0,0,0,0,0,2,0,2,0,2,2,0,0,2,2,0,0,2,0,0,2,0,0,2,2,2,0,0,0,0,0,0,0,2,2,0,2,0,2,0,0,2,0,0,2,0,0,0,0,0,0,0,0,0,0,0,0,0,2,0,0,0,0,0,0,0,0,0,0,2,0,0,0,0,0,0,0,0,0,2,2,0,0,0,0,0,2,0,0,0,0,2,0,NA,0,0,0,0,0,2,0,0,0,0,2,0,0,0,0,2,0,0,0,2,2,0,0,0,0,0,0,0,0,0,0,0,0,0,0,0,0,0,2,0,2,2,2,0,0,0,2,0,0,0,0,0,0,0,0,0,0,0,0,2,0,0,0,0,0,0,0,0,2,2,0,0,0,0,2,0,2,0,2,0,0,0,0,0,0,0,0,0,0,0,0,0,0,0,0,0,0,2,2,0,0,0,0,0,2,2,0,0,2,0,0,2,0,0,2,0,0,0,0,2,2,0,0,0,0,2,2,0,0,0,0,0,0,0,0,0,0,0,0,0,0,0,0,0,2,0,2,0,0,2,0,0,2,0,0,0,0,0,0,0,0,0,0,2,0,0,2,2,0,0,2,0,0,0,0,2,0,0,0,0,0,0,0,2,0,0,0,0,0,0,0,0,0,0,0,2,0,2,0,0,0,0,0,NA,2,0,0,2,0,2,2,0,2,0,0,0,0,0,0,0,0,0,2,0,0,0,0,2,2,2,0,0,0,0,0,0,0,0,0,0,0,0,0,0,0,0,0,0,0,0,0,0,0,0,0,2,0,0,0,2,2,2,0,0,0,2,0,0,0,0,0,2,0,0,0,2,2,0,0,0,0,2,0,0,0,0,2,0,2,0,2,2,0,0,0,0,0,0,0,2,0,0,0,0,0,NA,0,0,0,2,2,2,2,0,2,0,2,2,0,2,0,2,0,0,0,0,2,0,0,0,0,0,0,0,0,0,0,0,2,0,2,0,0,0,0,0,2,0,0,2,0,0,0,0,2,0,2,2,0,NA,NA,0,2,2,0,0,0,0,2,2,2,2,0,0,2,2,0,0,0,0,0,0,2,0,2,0,0,0,2,0,0,0,2,0,0,0,2,0,0,0,2,0,0,2,0,0,0,2,2,0,0,0,0,0,0,2,0,0,2,0,0,2,0,0,0,0,0,0,0,0,0,2,2,2,2,0,0,2,0,0,0,2,2,2,0,2,2,0,0,0,0,0,2,2,0,0,2,0,0,2,2,0,0,2,2,0,0,0,2,0,0,2,0,2,2,0,0,0,0,2,0,0,0,2,0,0,2,0,0,0,2,0,0,2,0,0,0,0,2,2,0,0,0,0,0,0,0,2,2,0,0,0,0,0,0,0,0,0,0,0,2,0,2,0,0,0,0,0,0,0,0,0,0,0,0,0,0,0,0,0,0,0,0,0,2,2,0,0,0,2,0,0,0,0,0,0,0,0,0,0,0,0,0,0,0,0,0,0,0,0,0,0,0,2,0,0,0,2,0,0,0,2,2,0,2,0,2,0,2,0,0,0,0,0,0,0,2,0,0,0,0,0,0,0,0,0,0,0,0,0,0,0,2,0,0,2,0,0,0,0,0,0,0,0,0,0,0,0,0,0,0,0,0,0,0,2,0,2,0,0,0,2,0,0,0,0,0,0,0,0,0,0,0,2,2,0,2,0,0,0,0,0,2,0,0,0,0,0,0,0,0,0,0,0,2,0,0,0,0,2,0,0,0,0,0,0,2,0,0,0,2,0,0,0,0,0,0,0,0,2,0,0,0,0,0,0,0,0,2,0,0,2,0,0,2,2,2,0,0,2,0,0,0,0,0,0,0,2,0,0,0,0,0,0,0,0,0,2,0,0,0,0,2,0,0,0,0,2,0,0,0,2,0,0,0,0,0,2,0,0,0,0,0,0,0,0,0,0,2,0,0,0,0,0,0,0,2,0,0,2,0,0,2,0,0,2,0,0,0,0,2,0,0,0,0,0,0,0,0,2,2,0,0,0,2,0,2,0,0,0,0,0,0,0,0,0,0,0,2,0,2,2,2,2,2,0,2,0,0,0,2,0,0,0,0,2,2,0,0,0,0,0,2,2,2,0,0,0,0,0,0,0,2,2,0,0,0,0,0,0,0,0,0,2,2,0,0,0,0,0,0,0,0,0,0,0,0,0,0,0,0,0,0,0,0,0,0,0,0,0,0,0,2,0,0,0,0,0,0,0,0,0,0,0,0,0,0,0,0,0,0,0,0,0,0,0,0,0,0,0,2,0,0,0,0,0,0,0,0,0,0,2,2,0,0,0,2,0,0,0,0,0,NA,2,0,0,0,2,0,2,0,0,0,2,0,0,0,0,0,0,0,0,0,0,0,0,0,2,0,0,2,0,2,0,0,0,0,0,0,0,0,0,0,0,2,0,0,0,0,0,0,0,0,0,0,0,2,0,0,2,2,0,2,0,0,0,2,2,0,0,0,2,2,0,0,0,2,0,0,0,0,0,2,2,0,0,0,0,0,0,0,0,2,0,0,0,2,0,0,2,0,2,0,0,0,0,0,2,0,0,0,0,0,0,0,0,0,0,0,0,0,0,0,0,0,0,0,0,0,0,0,0,0,2,2,0,0,0,0,0,0,0,0,0,0,0,0,0,0,0,0,0,0,0,0,2,0,0,2,0,0,0,0,2,0,0,0,0,0,0,0,0,0,0,0,0,0,0,0,0,0,0,0,0,2,0,0,0,0,0,0,2,0,0,2,0,0,2,0,0,0,0,0,0,0,0,2,0,0,0,0,2,2,0,0,0,0,2,0,0,0,0,0,0,0,0,2,0,0,0,0,0,2,2,0,2,0,2,0,0,2,0,0,2,0,0,0,0,0,0,0,0,0,0,2,0,2,0,0,0,0,0,0,0,2,0,0,0,0,0,0,0,0,2,0,0,0,0,0,0,0,0,0,2,0,0,0,0,0,0,0,0,0,0,0,0,0,0,0,0,0,0,0,2,0,0,0,0,0,0,0,0,0,0,0,2,0,0,0,0,0,0,0,0,2,0,0,0,0,0,0,0,0,0,0,0,0,0,0,2,0,0,0,0,0,2,0,0,2,0,0,0,0,0,0,0,2,0,0,2,0,0,2,2,2,0,0,0,0,0,0,2,0,2,0,2,0,0,2,0,0,0,0,0,0,0,0,0,0,0,0,2,2,0,2,0,0,0,0,0,0,0,0,0,0,2,0,0,2,0,2,0,0,0,0,0,2,0,0,0,0,2,0,0,2,0,2,0,0,0,2,0,0,0,0,0,0,0,0,0,0,0,0,0,0,0,0,0,0,0,2,0,0,0,0,0,0,0,0,0,0,0,2,2,0,0,0,0,0,2,0,0,0,0,0,0,0,0,0,0,0,0,0,0,0,0,0,0,0,0,0,0,0,0,0,0,2,2,0,0,0,0,0,2,2,0,0,2,0,0,0,0,2,0,0,2,0,0,0,0,0,0,0,0,2,0,0,2,0,2,0,0,0,0,0,0,0,0,0,2,0,0,0,0,0,0,0,2,0,0,0,0,0,0,0,NA,0,0,0,0,0,0,0,0,0,0,0,0,0,0,0,0,0,2,0,0,0,0,0,0,0,0,0,2,0,0,0,2,2,0,2,0,0,0,0,0,0,0,2,2,0,0,0,0,0,0,0,0,0,0,0,0,0,0,0,2,0,0,0,0,0,0,0,0,0,0,2,0,0,0,0,0,2,0,0,0,0,2,0,0,0,2,2,0,0,0,0,0,2,0,2,0,0,0,0,0,0,0,0,2,2,0,0,0,0,0,0,0,0,0,0,0,0,0,0,0,0,0,0,0,0,0,2,2,0,0,0,0,0,2,0,0,0,0,0,0,0,0,0,0,0,0,0,0,0,0,2,0,0,0,2,0,2,0,0,0,0,0,0,0,0,0,2,0,0,0,2,2,0,0,0,0,0,0,0,0,0,0,0,0,0,0,0,0,2,0,2,0,0,0,0,0,0,0,0,0,2,0,2,0,2,2,2,0,2,0,0,0,0,2,0,2,2,0,0,2,0,0,0,0,0,0,0,0,2,2,0,0,0,0,0,0,0,0,0,0,0,2,0,0,0,2,0,2,0,2,0,2,0,0,0,0,0,0,0,0,0,0,0,0,2,0,0,2,0,0,0,0,2,0,0,0,0,0,0,2,0,0,0,0,0,0,0,0,0,0,0,0,0,0,2,0,0,0,0,0,0,0,0,0,0,0,0,0,0,0,0,0,0,0,0,2,0,0,0,2,0,0,0,0,0,0,0,0,2,0,2,0,0,0,0,0,2,2,0,0,2,2,0,0,0,0,2,0,0,0,0,0,0,0,0,0,0,0,2,0,0,0,0,2,2,2,0,0,0,2,2,0,0,0,0,0,2,0,2,0,0,0,0,2,0,2,0,0,0,0,0,2,0,0,0,0,2,2,0,0,0,0,0,0,2,0,0,0,2,2,0,0,0,0,0,0,0,0,2,2,2,0,0,0,0,0,0,0,0,2,0,2,2,0,0,0,0,0,0,2,0,0,2,0,2,2,0,0,0,2,0,0,2,2,2,0,2,0,0,0,2,0,0,0,0,0,0,2,2,0,0,0,0,0,2,0,0,0,0,0,0,0,0,2,0,0,2,0,2,0,0,0,2,0,2,2,2,2,0,0,0,0,0,0,0,0,2,0,2,2,0,0,0,0,0,0,0,0,0,0,0,0,0,0,0,0,0,0,2,0,2,0,2,0,0,0,0,0,0,2,0,0,2,0,2,2,2,2,0,0,0,0,0,2,0,0,2,0,0,2,2,0,0,2,0,0,0,2,0,0,0,0,0,0,0,0,0,0,0,0,0,2,0,0,0,2,0,0,2,0,2,0,2,0,0,0,0,0,0,2,0,2,0,0,0,0,0,0,0,0,0,0,0,0,0,0,0,0,0,2,0,0,0,0,0,0,0,0,0,2,0,0,0,0,0,0,0,0,0,0,0,0,0,0,0,0,2,0,0,0,0,0,0,0,0,2,2,2,0,0,2,0,0,0,0,0,0,2,2,0,0,0,0,0,0,0,0,0,0,0,0,0,0,2,2,0,0,2,0,2,2,0,0,2,2,0,0,0,0,0,0,0,0,0,2,0,0,0,0,0,0,2,0,2,0,0,2,0,0,0,2,0,0,2,0,0,0,0,0,2,0,0,0,0,0,0,0,0,0,0,0,0,2,0,0,0,0,0,0,0,0,2,0,0,0,0,0,0,0,0,0,0,0,0,2,0,0,0,0,0,0,0,0,0,0,2,0,0,0,0,0,0,2,2,2,0,0,0,0,2,0,0,2,0,0,2,0,0,2,0,0,0,0,2,0,2,0,0,0,0,0,0,0,2,2,0,0,0,0,0,0,0,0,0,0,0,0,0,0,0,0,0,0,0,0,0,0,2,0,0,0,0,0,0,0,0,0,0,0,0,0,2,0,0,0,0,0,2,2,0,0,0,0,0,0,2,0,0,0,0,0,0,0,NA,0,0,0,2,0,0,0,0,0,0,0,2,0,0,0,0,0,0,0,0,0,0,0,2,2,0,0,0,0,0,0,2,0,2,0,2,0,0,0,0,2,0,0,0,0,0,0,0,0,0,2,0,2,0,0,0,0,2,0,0,2,2,0,0,0,0,2,2,2,0,0,0,2,2,2,2,0,0,0,0,2,0,0,0,0,0,0,0,2,0,0,0,0,0,0,2,0,2,0,0,0,0,0,2,0,0,0,2,0,0,2,2,0,0,0,0,0,0,0,0,0,2,2,0,0,0,0,0,0,2,0,0,0,0,0,NA,0,0,2,0,0,0,0,0,0,0,0,0,NA,2,2,2,0,0,0,2,0,0,0,0,0,0,0,2,0,2,0,0,0,0,0,2,0,0,0,2,2,0,0,0,2,2,0,0,0,0,0,0,0,0,0,0,0,0,0,0,2,0,2,0,2,0,2,0,0,0,0,0,0,0,0,0,0,0,0,0,0,0,0,0,0,0,0,0,0,0,0,0,0,2,2,0,0,0,0,0,0,0,0,0,0,0,0,0,0,0,0,2,2,0,0,0,0,0,0,2,2,2,0,2,2,0,0,0,0,2,2,0,0,2,2,2,2,2,0,2,2,0,2,0,0,2,2,0,2,0,0,0,2,0,2,2,0,2,2,0,0,0,0,0,0,2,0,0,2,0,2,0,0,0,0,0,2,0,0,0,0,0,0,0,0,0,2,0,0,2,0,0,0,0,0,0,2,0,2,0,2,0,0,2,0,0,0,0,0,0,0,0,0,0,0,0,0,0,0,0,0,2,0,0,0,0,0,0,2,2,0,2,0,2,0,0,0,2,2,0,2,2,0,0,0,2,0,0,0,0,0,0,2,0,0,2,0,0,0,0,0,0,0,0,0,0,0,0,0,0,0,0,0,0,0,0,0,0,0,0,0,0,0,0,0,0,0,0,0,0,0,2,0,0,0,0,0,0,0,0,0,0,0,2,0,0,0,0,0,2,0,0,0,0,0,0,0,0,2,0,2,0,2,2,0,0,0,0,0,0,0,0,0,0,0,0,0,0,0,0,0,0,0,0,0,0,0,0,2,0,2,2,0,0,0,0,2,0,2,0,0,0,0,0,0,0,0,0,0,2,0,0,0,0,0,0,0,0,0,2,0,0,0,0,0,2,0,0,0,0,0,0,2,0,0,0,2,0,0,2,0,0,2,0,0,0,0,0,0,0,0,2,0,0,0,0,2,0,2,0,0,0,0,0,0,2,0,0,0,0,2,2,0,0,0,0,0,0,0,0,0,0,0,0,0,0,0,0,0,0,0,0,0,0,0,0,0,0,2,0,0,0,0,0,0,0,0,0,0,2,2,0,0,0,0,0,0,2,0,0,0,0,0,2,0,0,0,0,0,0,0,0,2,0,0,2,0,0,2,0,0,0,2,0,2,0,0,2,0,0,0,2,0,2,0,0,0,0,0,0,0,0,0,0,0,0,0,0,0,0,2,0,0,2,0,0,0,0,0,0,0,0,0,0,0,0,0,0,0,0,0,0,0,0,0,0,0,0,0,0,0,0,0,0,0,0,0,2,0,0,0,2,0,0,0,0,0,0,2,0,0,0,0,0,0,2,0,2,2,0,0,0,0,0,2,0,2,2,0,0,0,0,0,0,0,2,0,0,2,0,0,2,0,0,2,0,0,0,2,0,0,0,0,0,2,0,0,0,0,2,0,0,0,2,2,0,0,0,0,0,0,0,2,0,2,0,0,0,0,0,0,0,0,0,0,0,0,0,0,0,0,0,0,0,2,0,0,0,0,0,0,2,0,0,0,0,0,2,2,0,2,0,0,0,0,0,0,2,2,0,0,2,0,2,0,0,0,0,0,0,0,0,2,0,0,0,0,2,0,0,2,0,2,0,0,0,0,0,0,0,0,2,2,2,0,0,0,0,0,0,0,0,0,2,0,0,2,0,0,0,NA,0,0,0,0,0,0,2,NA,0,2,0,0,0,0,2,0,0,0,0,2,0,0,0,0,0,0,0,0,0,0,0,0,0,0,0,0,0,2,0,2,2,0,0,0,0,0,0,0,2,0,0,0,0,0,0,0,0,2,0,0,2,0,0,2,2,0,0,0,0,0,0,0,0,0,0,2,0,0,2,0,0,0,0,0,0,0,2,0,2,0,0,2,0,2,2,0,2,0,0,0,0,0,0,0,0,2,0,0,0,2,0,0,0,0,0,0,0,2,0,0,0,0,2,0,0,0,0,2,0,0,0,0,0,0,0,0,0,0,0,0,2,0,0,0,0,2,0,0,0,0,0,0,0,0,2,0,0,0,0,0,0,0,0,0,0,0,2,0,2,0,2,0,0,2,0,0,0,2,0,2,0,0,0,0,0,2,0,2,0,2,2,0,2,0,0,2,0,0,0,0,2,0,2,2,2,0,0,0,0,0,0,0,0,0,2,0,0,2,0,0,0,2,0,0,0,0,0,0,0,0,0,0,0,0,0,0,0,0,2,0,0,0,0,2,0,0,0,0,0,0,0,0,0,0,0,0,0,2,0,0,0,0,0,0,0,0,0,2,0,0,0,0,0,0,0,0,2,2,0,2,0,0,0,0,0,2,0,2,0,0,0,0,0,0,0,0,0,2,0,0,0,0,0,2,0,2,2,0,2,0,2,2,0,0,0,2,0,0,0,0,0,0,0,0,2,2,0,0,0,0,0,0,0,0,0,2,0,0,0,0,2,0,0,0,0,0,0,0,0,0,0,0,0,0,0,2,0,0,0,0,2,0,0,0,2,0,0,0,0,0,2,2,0,0,2,0,0,0,2,0,0,2,0,0,0,0,0,2,0,2,0,0,0,0,2,2,0,2,0,2,0,2,0,0,0,0,0,0,0,0,2,0,0,0,0,0,0,0,0,0,0,0,0,0,0,0,0,2,0,2,2,0,0,0,2,2,2,0,0,2,0,2,0,2,2,0,2,0,0,2,0,0,0,0,0,0,0,0,2,0,0,2,0,0,0,0,0,0,0,0,0,0,0,0,0,0,0,2,0,0,0,2,0,0,2,0,0,0,0,0,0,2,2,0,0,0,0,0,0,0,0,0,0,0,2,0,0,0,0,2,0,0,0,2,0,0,0,0,2,0,0,0,0,2,0,0,2,0,0,0,2,0,0,2,0,0,2,0,0,2,0,2,0,2,2,0,2,0,0,0,0,0,0,0,0,0,0,0,0,0,0,0,0,0,0,0,2,2,0,2,0,2,0,0,2,0,0,0,0,0,0,0,0,2,0,0,0,0,0,0,0,0,2,0,0,0,0,0,0,2,0,2,0,0,0,0,0,2,0,0,0,0,2,0,2,0,0,2,0,0,0,0,2,0,0,0,0,0,0,0,0,0,0,0,0,0,2,0,0,0,0,0,0,0,2,0,0,0,0,0,0,2,0,0,0,0,0,0,0,0,0,2,0,0,2,2,2,0,2,0,0,0,0,0,0,0,0,0,0,0,0,0,0,2,2,0,0,0,2,0,0,0,0,0,0,2,0,0,0,0,0,2,0,0,0,0,0,0,0,0,0,0,2,0,0,0,2,0,0,0,0,0,0,0,0,0,0,2,2,0,0,0,0,2,2,0,0,0,0,0,0,0,0,0,2,0,0,0,0,0,0,0,2,0,0,2,0,0,0,2,0,0,2,2,0,0,0,0,0,2,0,0,0,0,2,0,0,0,2,0,2,0,0,0,2,0,0,2,0,0,0,0,2,2,2,0,0,2,2,0,2,0,0,0,2,2,0,0,0,2,0,2,2,2,0,0,0,0,2,0,0,0,2,0,0,0,0,2,0,0,0,2,0,2,2,2,2,0,0,0,2,0,0,0,0,0,0,0,0,0,0,2,0,0,0,2,0,0,0,0,2,0,0,0,2,2,0,0,0,0,0,0,2,0,0,0,0,0,0,0,0,0,0,0,0,0,0,0,0,0,2,0,0,0,2,0,0,0,0,0,2,0,0,0,2,0,0,2,0,0,0,2,2,0,0,2,2,2,0,0,0,2,0,0,0,0,0,2,0,0,0,0,0,2,0,2,0,0,0,0,0,0,0,2,0,0,0,0,0,0,0,0,0,2,0,0,0,0,0,2,0,0,0,0,2,0,2,0,0,0,0,0,0,0,0,0,0,0,0,2,0,0,0,0,2,0,0,0,0,0,2,0,2,0,0,0,2,2,0,0,2,0,0,2,2,2,0,2,2,0,0,2,0,0,0,0,0,0,0,2,0,0,0,0,0,0,0,0,0,2,2,0,2,0,0,0,0,NA
"CC280",0,2,0,0,0,0,0,0,0,0,0,0,0,2,2,2,0,0,0,2,2,2,0,2,0,0,0,0,0,0,0,2,0,0,0,2,0,0,0,0,0,0,0,2,2,0,0,2,2,0,2,2,2,2,2,NA,2,0,0,0,0,0,0,2,0,2,0,0,0,2,2,0,0,0,0,0,0,0,0,2,0,0,0,0,0,2,0,0,0,0,0,0,0,0,0,2,0,0,0,0,0,0,0,0,0,2,0,0,0,0,0,0,0,0,0,0,0,0,0,0,0,0,0,2,0,2,2,0,2,0,0,0,0,0,2,0,0,0,0,0,0,0,0,0,0,0,0,2,0,0,0,0,0,0,0,0,2,0,0,0,0,0,2,0,0,2,2,0,0,0,0,0,0,0,0,0,2,0,2,0,0,0,2,2,0,0,0,0,0,0,2,0,0,0,0,0,0,0,0,0,0,0,0,0,0,0,0,0,0,0,0,2,0,2,0,0,0,0,0,0,0,0,0,2,0,0,0,2,2,2,0,0,0,0,0,0,0,0,0,0,0,2,0,0,2,0,0,0,2,0,0,0,0,0,0,0,0,2,0,0,0,0,2,2,0,0,2,0,0,0,0,0,0,2,0,0,0,0,0,0,2,0,0,0,0,0,0,0,0,0,0,2,2,0,0,2,2,0,2,2,0,0,0,0,2,0,0,2,0,2,0,0,0,0,0,0,0,0,0,0,0,2,0,0,0,0,2,0,0,0,0,2,0,0,0,2,0,0,0,0,0,0,0,0,0,2,0,0,0,2,0,0,0,0,0,0,0,2,0,2,0,2,0,0,0,0,0,0,0,0,0,0,0,0,2,2,0,0,0,2,0,2,0,0,2,0,2,0,0,2,0,0,0,0,0,0,NA,0,0,0,0,0,0,0,0,0,0,0,0,2,0,0,0,0,2,0,0,2,0,0,0,2,0,0,2,0,0,2,0,0,0,0,0,0,0,0,0,0,2,0,2,0,0,0,0,0,0,2,0,0,0,0,2,0,0,0,2,2,0,2,2,2,0,0,0,0,0,2,0,0,2,2,0,0,0,0,0,0,2,0,0,0,0,0,0,0,0,0,0,2,0,2,0,2,2,2,0,0,0,0,0,0,0,0,0,0,0,0,2,2,0,0,2,0,0,2,2,0,0,0,0,0,0,0,0,0,0,0,0,0,0,2,2,0,0,2,0,0,0,0,0,0,0,0,0,0,2,2,0,2,2,0,0,2,0,0,2,2,0,0,0,2,0,0,0,0,0,0,0,2,0,2,2,2,2,0,0,2,0,2,0,0,0,0,0,2,0,2,2,0,0,NA,0,2,0,0,0,2,0,0,2,0,0,2,0,0,2,2,0,0,0,0,0,0,0,0,0,0,0,0,2,0,0,0,0,0,0,0,2,0,2,0,0,2,0,0,0,0,0,0,0,0,2,2,2,2,0,0,0,2,0,0,0,0,0,0,2,0,0,0,2,0,0,2,2,0,0,0,0,0,0,0,2,0,0,0,2,0,0,0,0,0,0,0,2,0,0,0,0,0,2,0,0,0,0,0,2,2,2,0,0,2,0,0,0,0,0,0,2,0,0,2,0,0,0,0,2,0,2,0,0,2,0,0,0,2,0,0,2,NA,2,0,2,0,0,0,0,2,0,0,0,2,2,0,0,0,0,2,0,2,2,2,0,0,2,2,0,2,0,0,0,2,0,0,0,0,0,0,0,0,2,0,0,2,2,0,0,2,2,0,0,2,0,2,0,0,0,0,0,0,0,0,0,0,2,2,0,0,0,0,2,0,0,2,2,0,2,2,0,0,0,0,0,0,2,0,0,0,0,0,0,0,0,2,0,2,0,0,0,0,0,0,0,0,0,2,0,0,0,2,2,0,0,0,0,0,0,0,2,0,0,2,0,0,0,0,2,2,0,0,2,2,2,0,2,0,NA,0,2,2,2,0,2,0,0,0,0,0,0,0,0,0,0,0,2,0,2,0,0,2,0,0,0,0,2,0,2,2,0,0,0,0,2,0,2,2,0,2,0,0,0,0,0,0,0,0,2,0,0,0,2,0,0,0,2,0,0,0,2,0,2,0,0,0,0,0,0,0,0,0,0,0,0,2,0,0,0,2,0,2,2,0,2,2,0,0,2,0,0,0,0,0,0,0,0,0,0,0,2,0,0,0,0,0,0,2,2,0,2,2,0,0,2,2,2,2,0,2,0,0,0,0,0,0,0,0,0,2,0,0,0,2,0,2,0,0,0,0,0,0,0,0,0,0,0,0,0,2,0,0,0,0,0,2,0,0,0,0,0,0,0,0,0,0,0,0,0,2,2,2,0,0,0,0,0,2,0,2,0,0,0,0,2,0,0,0,0,2,2,2,0,0,2,0,2,2,0,2,0,0,0,0,2,0,0,2,0,0,0,0,0,2,2,0,0,0,0,2,0,0,0,0,0,0,0,2,0,0,0,0,0,0,0,0,0,0,0,0,0,0,0,0,0,0,0,0,2,0,0,0,0,0,NA,0,2,0,0,2,0,2,2,0,0,2,0,0,0,0,0,0,0,2,0,2,0,0,0,0,0,0,0,0,2,0,0,0,0,0,0,0,0,0,0,0,0,0,0,2,0,0,2,0,0,0,0,2,0,0,0,0,0,0,0,2,0,2,0,0,0,2,0,2,0,0,0,2,2,0,0,0,0,0,0,0,2,0,2,0,0,0,0,0,0,2,0,0,0,0,0,0,0,0,0,0,0,0,0,0,0,2,0,0,0,0,0,0,0,0,0,0,0,2,2,NA,0,2,0,0,0,0,0,0,0,2,2,0,0,0,2,0,0,2,0,0,0,2,0,2,0,0,0,2,0,0,0,0,NA,0,0,0,2,0,0,0,0,0,0,0,0,2,0,0,0,2,0,0,0,0,0,0,0,0,2,0,0,0,0,0,0,0,0,2,0,2,0,0,0,2,0,0,0,0,0,0,2,0,0,0,0,0,0,0,0,0,0,2,2,0,0,0,0,0,2,0,0,0,0,0,0,0,0,2,0,2,0,0,0,0,0,0,0,0,0,0,0,0,0,0,0,0,0,0,0,0,2,0,0,0,0,0,2,0,0,0,0,0,0,0,0,0,0,0,0,0,0,0,0,0,0,0,0,0,2,0,0,0,0,0,2,0,0,0,0,0,2,2,0,0,0,0,0,0,0,0,0,0,0,0,0,0,0,2,0,0,0,0,0,0,0,0,0,0,0,0,0,0,0,0,2,0,0,0,0,2,2,0,0,0,0,2,0,0,0,0,0,2,0,0,0,0,0,0,0,0,0,0,0,2,0,2,0,0,0,0,0,0,0,0,0,0,2,0,0,0,0,0,0,0,0,0,2,0,0,0,0,0,0,0,0,2,0,0,0,0,0,0,0,0,0,0,0,0,0,0,0,0,0,0,0,0,0,0,0,0,0,0,2,0,0,0,2,0,0,0,0,2,0,0,0,2,0,0,2,0,0,0,0,2,2,0,0,0,0,0,0,0,NA,0,0,0,0,0,0,0,0,0,0,0,0,0,0,0,0,2,0,0,0,0,0,0,0,0,0,2,2,0,0,0,0,0,0,2,0,2,0,0,2,2,0,0,0,0,0,0,0,0,0,0,0,0,0,2,0,0,0,0,2,0,2,0,0,0,2,0,0,0,0,0,0,0,0,2,2,0,2,2,2,0,0,2,0,0,0,0,0,0,0,0,0,0,0,0,2,0,0,0,0,2,0,0,0,0,2,0,0,0,2,0,2,0,2,0,0,0,2,0,0,0,2,2,2,0,0,0,0,0,2,0,0,0,0,0,0,0,0,2,0,0,0,0,2,0,0,0,0,0,2,0,0,2,0,0,2,0,0,0,0,0,0,0,0,0,0,0,0,2,0,2,0,0,2,0,0,0,0,0,0,0,0,0,0,0,0,0,0,2,2,0,0,0,0,0,0,0,2,0,0,0,0,0,0,0,2,0,0,0,0,2,0,0,0,0,0,0,2,2,0,0,0,0,0,0,0,0,0,0,0,0,0,0,0,0,2,0,2,0,NA,0,0,0,0,0,2,0,0,2,0,0,0,0,0,0,0,0,0,0,0,0,2,2,0,2,0,0,0,0,0,2,0,2,0,0,2,0,2,2,0,0,0,0,2,0,0,0,0,0,0,0,0,0,0,0,0,0,0,2,0,0,0,0,0,2,0,0,0,0,0,0,0,0,0,0,2,0,2,0,0,0,2,2,0,0,0,0,2,0,0,0,0,2,2,0,0,0,0,0,0,0,0,2,2,2,0,0,0,0,0,2,0,0,0,0,2,0,0,0,0,0,0,0,0,0,0,0,0,0,2,0,0,0,0,0,0,0,0,0,0,0,0,2,0,2,0,0,0,0,0,0,0,0,0,0,0,0,2,0,0,0,0,0,0,0,0,0,0,0,0,0,0,0,2,2,0,0,0,0,0,0,2,0,0,0,0,0,0,0,2,0,0,2,2,2,0,2,0,0,0,0,0,0,0,0,0,0,0,2,0,0,0,0,0,2,0,0,0,2,2,0,0,0,0,2,0,0,0,0,0,0,0,0,0,0,0,0,2,0,0,0,0,0,2,0,0,0,0,2,0,0,0,0,0,0,0,2,2,0,0,0,0,0,0,0,0,0,0,0,0,0,0,0,0,0,0,0,0,0,0,0,0,0,0,0,0,0,2,0,0,2,0,0,0,0,0,0,0,2,0,0,2,0,0,0,2,2,0,0,0,0,0,2,0,0,0,NA,0,0,0,0,0,0,2,0,0,0,0,0,0,2,0,2,0,0,0,0,0,0,2,0,0,2,0,2,2,0,2,0,2,0,2,2,0,0,0,0,0,0,0,0,2,0,0,2,2,0,2,0,0,0,0,0,0,2,0,0,0,0,0,0,2,0,0,0,0,0,0,0,0,0,0,2,2,0,0,0,0,0,0,0,2,2,0,0,0,0,0,0,0,0,0,0,0,0,0,2,0,2,0,0,0,0,0,0,0,0,0,2,0,0,0,0,0,0,0,2,2,0,0,0,0,0,2,0,0,0,0,2,0,0,0,0,0,0,0,0,0,0,2,0,0,0,0,0,0,2,0,2,0,0,0,0,2,0,2,0,0,NA,NA,0,0,2,0,0,0,2,0,0,0,0,0,2,2,0,0,0,0,0,0,0,0,0,0,0,0,2,0,0,2,0,0,2,0,0,0,0,2,2,0,0,0,2,0,0,0,0,0,0,0,0,0,0,0,0,0,2,0,0,0,0,0,0,0,0,0,0,0,0,0,2,0,0,0,0,0,0,0,2,0,0,0,0,0,0,0,0,0,0,0,0,0,2,2,0,0,0,0,0,0,0,0,0,0,0,0,0,0,2,0,0,0,0,0,0,0,0,0,0,0,0,0,0,0,0,0,2,0,0,0,0,0,2,0,0,0,0,2,0,0,0,2,0,0,0,0,0,0,2,0,0,0,2,0,0,0,0,2,0,0,0,0,0,2,0,0,2,0,0,0,0,2,0,0,0,2,0,0,0,0,NA,0,0,0,0,0,0,0,0,2,0,0,2,0,0,2,0,0,0,2,2,0,2,0,2,2,0,0,0,0,0,0,0,2,0,0,0,0,0,0,0,0,2,2,0,0,0,0,0,0,0,0,0,0,0,0,0,0,0,0,2,0,2,2,0,0,2,0,2,0,0,0,2,0,0,0,0,2,0,0,0,0,0,2,0,0,0,0,0,0,0,0,0,0,0,0,0,0,0,0,0,0,0,0,0,2,2,0,0,0,0,0,2,0,0,0,0,0,0,0,0,0,2,0,2,0,0,0,0,0,0,0,2,0,0,0,0,0,0,0,0,0,2,2,2,0,2,2,0,0,0,0,0,0,0,0,0,0,0,0,0,0,2,2,0,0,2,0,2,0,0,2,0,0,2,2,0,0,0,2,0,0,0,0,0,0,0,2,0,0,0,0,2,0,2,0,2,0,0,0,2,0,2,2,0,0,0,0,0,0,0,0,2,0,2,2,0,2,0,2,0,0,2,2,2,2,0,0,0,0,0,0,0,0,0,0,2,2,0,0,0,2,2,2,0,2,0,0,0,0,0,0,0,0,0,2,2,0,0,0,0,0,0,NA,2,NA,2,0,2,0,0,0,0,0,0,0,2,0,0,0,2,0,0,0,0,2,0,0,0,0,2,2,0,0,0,2,0,0,0,0,0,0,0,2,0,0,0,2,2,0,0,0,2,0,0,0,0,0,2,2,0,0,0,0,0,2,0,0,0,0,0,0,2,2,0,0,0,2,0,0,0,0,2,0,0,0,0,0,0,0,0,0,0,0,0,0,0,0,0,0,2,0,2,0,2,2,0,0,0,2,0,0,0,2,2,0,0,2,0,0,0,0,0,2,0,0,0,2,0,0,0,0,2,0,0,0,0,0,0,0,0,0,0,0,0,0,0,0,0,0,0,0,0,0,0,0,0,0,0,0,0,0,0,0,0,0,0,2,0,0,0,0,0,0,0,0,2,0,0,0,0,2,0,0,0,0,2,0,0,0,0,2,0,2,2,0,2,2,2,2,2,0,0,0,0,0,0,0,0,0,0,0,0,0,0,2,0,0,0,0,0,0,0,0,0,0,0,0,0,0,0,0,0,0,0,2,0,0,2,0,0,0,0,0,0,0,0,2,0,0,0,2,0,2,0,0,0,0,0,0,0,0,0,0,0,0,0,0,2,0,0,2,0,0,0,0,0,0,0,0,2,0,0,0,0,0,0,0,0,2,0,0,0,0,0,0,0,0,2,0,0,2,0,0,0,0,0,0,0,0,0,0,0,0,0,0,0,2,0,0,0,0,0,0,0,0,0,0,0,0,0,0,0,0,0,0,2,0,0,0,0,0,0,0,0,0,2,2,0,0,0,0,0,0,0,0,0,0,0,2,2,2,0,0,0,0,0,0,0,0,0,0,0,0,0,2,2,0,0,2,0,0,0,0,0,0,0,0,0,0,2,2,2,0,0,0,2,0,2,2,0,0,2,0,2,0,2,0,0,2,0,0,0,0,0,0,0,0,2,2,0,0,2,2,0,2,0,0,0,0,0,0,0,2,0,2,0,0,0,0,2,0,0,0,0,0,0,0,0,0,0,0,0,0,0,0,0,2,0,0,0,2,0,2,2,0,0,0,0,0,0,2,0,0,2,0,0,0,0,0,2,0,2,0,2,0,2,NA,0,0,0,0,2,2,0,0,0,2,0,0,0,0,2,0,0,0,0,0,2,0,0,2,0,0,2,0,2,0,0,2,2,0,0,0,0,0,0,0,0,0,0,0,2,2,2,0,2,2,2,2,2,0,0,0,0,0,0,2,0,0,2,0,2,2,2,0,0,0,0,2,0,0,2,0,0,0,0,0,0,0,0,0,0,0,0,2,0,0,0,0,0,0,0,2,0,2,0,0,0,0,0,0,2,0,0,0,2,0,0,0,2,2,0,0,0,0,2,2,0,2,0,0,0,0,0,0,2,0,0,0,0,0,0,2,0,0,0,0,0,0,0,0,0,0,0,0,0,0,0,0,0,0,2,0,0,0,0,0,0,2,0,2,0,0,2,0,2,0,2,NA,0,0,2,0,0,0,0,0,0,2,2,0,0,0,0,0,0,0,0,0,2,0,0,0,0,0,0,0,0,0,0,0,0,0,0,0,0,2,0,0,0,0,0,0,0,0,2,0,2,2,0,0,0,2,2,2,0,0,2,0,0,0,0,2,0,2,0,0,0,0,2,2,2,0,0,0,2,0,0,0,0,2,2,2,0,0,0,2,2,0,2,0,0,0,0,0,2,0,0,0,0,0,0,0,0,0,0,0,0,0,0,0,0,0,0,0,0,0,0,0,2,0,0,0,2,0,0,0,0,0,0,0,0,2,2,0,2,2,2,0,0,0,0,0,2,0,2,0,0,0,0,0,0,0,0,0,0,0,0,0,0,0,0,0,0,0,0,0,0,0,0,0,2,0,0,0,0,0,0,0,0,0,0,0,0,0,0,0,0,0,0,0,0,0,0,0,0,0,0,0,0,0,0,0,0,0,0,0,0,0,0,0,0,0,0,0,0,0,0,0,0,0,0,0,0,0,0,0,0,0,0,2,0,0,0,0,0,0,0,0,0,2,2,2,2,0,0,0,2,2,0,0,0,0,0,0,0,0,0,2,0,0,0,2,0,0,0,0,0,0,0,0,2,0,2,0,0,0,0,0,0,2,0,0,0,0,0,0,0,0,2,0,2,2,0,0,0,0,0,0,0,0,0,0,2,0,0,0,0,2,0,0,0,0,0,0,0,0,0,0,0,0,0,0,0,0,0,0,0,0,0,0,2,2,0,0,0,0,0,0,0,0,0,0,0,2,0,0,0,0,2,2,0,0,2,0,2,0,0,0,0,0,0,0,0,2,0,0,0,0,0,0,0,0,0,0,0,2,0,0,0,0,0,0,0,0,0,0,0,0,0,0,2,0,0,0,0,2,0,0,0,0,0,0,0,2,0,0,0,2,0,0,0,0,0,2,0,0,2,0,0,0,0,0,2,0,0,0,0,2,0,0,0,0,0,0,0,0,2,0,0,0,0,2,2,0,2,2,0,2,0,0,0,2,0,0,0,0,0,0,2,0,0,0,0,0,0,0,2,0,0,2,2,0,2,0,0,0,0,0,0,2,0,0,0,0,0,2,0,0,0,0,0,0,0,0,0,0,2,0,2,0,0,0,0,0,0,0,0,0,0,0,0,0,0,0,0,0,0,0,0,0,0,2,0,0,2,0,0,2,0,0,0,0,0,2,0,0,2,0,0,0,0,0,0,0,0,0,0,0,2,2,2,0,0,2,0,0,2,2,0,0,0,2,0,0,0,0,0,0,0,0,0,0,0,0,0,0,2,2,0,2,0,0,0,0,0,0,0,0,0,0,0,0,0,0,0,0,0,0,0,0,0,0,0,0,0,0,0,0,2,2,0,2,0,0,0,2,0,0,0,0,0,0,2,2,0,2,0,2,0,0,0,2,0,0,2,2,2,0,2,0,0,0,0,2,0,0,0,0,0,0,0,0,0,0,2,0,0,0,0,0,2,2,0,0,0,0,0,0,0,0,0,0,0,2,0,0,0,0,0,0,0,0,0,0,0,0,0,0,0,0,0,0,0,2,0,0,2,0,2,2,0,0,0,0,2,2,NA,0,0,0,0,0,2,0,2,0,0,0,0,0,0,0,0,0,0,0,0,0,0,0,0,0,0,0,0,2,0,0,0,0,0,2,0,0,0,0,0,0,0,2,0,0,0,0,0,0,0,0,2,0,0,0,NA,2,0,0,0,0,0,0,0,2,0,0,0,2,0,0,0,0,2,0,2,0,0,2,0,0,0,2,2,0,0,0,0,2,0,0,0,0,0,0,0,0,0,0,0,0,2,0,0,0,2,0,0,0,0,0,0,2,0,0,0,0,0,0,0,0,0,0,0,0,0,0,0,0,0,0,0,0,0,2,0,0,0,0,0,0,2,2,2,0,0,0,0,0,0,2,0,2,0,0,0,0,0,2,0,2,2,2,0,0,2,0,0,0,0,2,0,0,0,0,2,0,0,0,0,0,0,0,0,0,0,0,0,0,0,2,2,0,0,0,0,0,0,0,0,0,0,2,0,0,0,0,0,2,0,2,0,2,0,0,0,0,0,2,0,2,0,0,2,0,2,0,0,2,0,0,0,0,0,0,2,2,2,0,0,0,0,2,0,0,0,0,0,0,0,0,0,0,2,0,2,0,0,2,0,2,0,0,0,0,0,0,0,0,0,0,2,0,0,0,0,0,0,0,0,0,0,0,0,0,2,0,0,0,2,2,0,0,0,0,2,0,2,0,2,0,0,0,0,0,0,0,0,0,2,0,0,0,0,0,0,2,0,0,0,0,0,0,0,0,0,2,2,0,2,0,0,0,2,2,0,2,0,0,0,2,0,0,0,0,0,0,0,0,0,0,0,2,0,0,0,2,0,2,0,2,2,2,0,0,0,0,0,0,0,0,2,2,0,0,2,0,0,0,0,0,0,0,0,0,0,2,2,0,0,2,2,2,0,0,0,0,0,0,0,0,2,0,2,2,2,0,0,0,0,0,0,2,0,0,0,0,0,0,0,0,0,0,2,0,0,0,2,0,0,0,0,0,2,0,0,0,0,0,0,0,2,0,0,0,0,2,0,0,2,0,0,0,0,0,2,2,2,0,0,0,2,2,0,0,0,0,0,2,0,0,0,0,0,0,0,0,0,0,0,0,0,0,0,0,2,0,0,0,0,0,0,0,0,0,2,2,0,2,0,0,2,0,0,0,0,0,0,0,2,0,2,0,2,0,2,0,2,2,0,0,0,0,2,2,0,0,0,0,0,0,0,0,2,2,2,2,0,0,0,0,0,0,0,2,0,0,0,0,0,0,0,0,0,0,0,0,0,0,0,0,0,0,0,0,0,2,0,0,0,0,0,0,0,0,0,0,0,2,2,0,0,0,0,0,2,0,0,0,0,0,0,2,0,0,2,2,2,2,0,0,0,0,0,0,0,0,0,0,2,0,0,2,0,0,0,0,0,2,0,0,2,0,0,0,0,2,0,0,2,2,0,0,0,2,0,2,0,2,0,0,2,0,0,0,2,0,0,2,0,0,0,0,2,0,0,0,0,2,2,0,0,2,0,0,0,0,0,0,0,0,0,2,2,0,0,0,2,0,0,0,0,0,0,0,0,0,2,0,0,0,0,0,0,0,2,0,2,2,0,0,0,0,0,0,0,0,0,0,2,2,0,0,0,0,0,0,0,0,0,0,0,0,2,0,0,0,0,0,0,0,0,0,0,2,0,0,0,0,2,0,0,0,0,0,0,0,0,0,0,0,2,0,0,0,0,0,0,0,0,0,0,0,0,0,0,0,0,0,0,0,0,0,0,0,0,0,0,2,0,0,0,0,0,0,0,0,0,0,0,0,0,0,0,0,0,0,0,0,0,0,0,2,2,0,0,2,0,0,0,0,0,2,0,2,0,0,0,2,0,0,0,0,0,0,0,0,0,0,0,2,0,2,0,2,0,0,0,2,0,0,0,0,0,0,0,0,0,2,0,0,0,2,0,2,0,0,0,0,0,2,0,0,0,2,0,0,0,2,0,0,0,2,0,0,0,0,2,0,0,2,0,0,0,0,0,0,0,0,0,0,0,0,0,0,2,0,0,0,0,0,2,2,0,0,2,0,0,0,0,2,0,0,0,2,2,0,0,0,0,0,0,2,0,0,2,0,0,2,2,2,2,0,0,0,0,0,2,0,0,2,2,0,0,2,2,0,0,0,0,2,0,0,0,2,0,0,0,0,2,0,0,NA,0,0,0,2,0,0,0,0,2,0,0,0,2,2,0,0,0,0,0,0,0,0,0,0,0,0,0,2,0,0,0,2,0,0,0,0,2,0,0,2,0,0,0,0,2,2,0,0,0,0,2,0,0,0,2,0,0,2,0,2,2,0,0,0,2,0,2,2,0,0,0,0,0,0,0,0,0,2,2,2,0,2,2,0,2,0,0,0,2,0,0,0,0,0,0,0,0,0,2,0,2,0,0,0,0,0,0,2,0,0,0,0,2,0,0,0,0,0,0,2,0,0,0,0,0,0,0,0,2,0,2,0,0,0,2,2
"CC281",0,0,0,0,0,2,0,2,0,0,0,0,0,0,0,0,0,0,0,0,0,0,0,0,0,2,0,0,0,0,0,0,0,0,0,0,0,0,0,0,0,0,0,0,0,2,0,0,0,2,0,0,0,0,0,0,0,0,2,2,2,0,0,0,2,0,2,0,0,0,0,0,0,0,0,2,2,2,0,0,2,0,0,2,2,0,0,2,0,0,0,0,0,2,0,2,0,2,0,0,0,0,0,0,0,0,0,0,0,2,0,2,2,0,0,0,0,0,0,2,2,0,0,0,0,2,2,0,0,0,0,0,0,0,0,0,0,0,2,0,2,2,2,0,2,0,0,2,0,0,0,0,0,0,0,0,0,0,0,0,0,0,0,0,0,2,0,0,2,0,0,0,2,2,0,2,2,2,0,0,2,2,2,0,0,0,0,0,0,0,2,2,0,0,0,2,0,2,0,2,0,0,2,0,0,0,0,2,2,0,2,0,2,0,2,2,2,0,2,2,0,0,2,0,0,0,0,0,0,2,0,2,0,0,0,2,0,0,0,2,0,0,0,0,0,0,0,2,2,0,0,2,0,2,0,0,0,0,0,0,0,0,2,2,0,0,0,0,2,0,2,0,0,2,0,2,0,2,0,0,0,0,0,2,0,0,2,2,0,2,0,0,0,2,0,0,0,2,2,0,0,0,0,0,2,0,0,2,0,2,0,0,0,0,0,0,0,0,2,0,0,0,0,0,0,0,2,0,0,0,2,2,2,0,0,0,0,0,0,0,0,2,0,0,2,0,0,0,2,0,0,0,0,0,0,0,0,2,0,2,0,2,0,0,0,0,0,2,0,0,0,0,2,0,0,0,0,2,2,0,0,0,0,0,0,0,0,2,0,0,0,0,0,2,2,0,2,0,2,0,0,0,0,2,2,2,2,2,2,0,2,0,0,0,0,0,0,0,0,NA,2,0,0,0,2,0,0,0,2,2,0,2,0,0,0,0,0,2,0,2,0,0,0,0,0,0,0,0,2,0,0,0,0,0,2,0,0,0,0,0,0,0,2,0,0,NA,2,0,0,0,2,0,0,2,0,0,0,0,0,0,0,2,0,0,0,0,0,0,0,0,0,0,2,0,0,0,2,0,2,0,0,2,0,0,2,0,2,0,0,0,0,0,0,0,0,0,0,0,2,2,2,0,0,0,2,2,2,0,0,0,0,0,0,0,0,0,0,0,0,0,0,0,0,2,0,0,2,0,0,0,0,0,0,0,0,0,0,0,0,0,0,0,0,2,0,0,0,0,0,0,0,0,0,0,2,0,0,0,2,0,2,2,0,0,0,0,2,2,0,2,0,0,0,2,0,0,0,2,0,0,0,0,2,2,2,2,0,0,0,0,2,0,0,2,0,NA,0,0,0,0,0,0,0,2,2,2,0,0,2,2,0,2,0,2,0,0,0,2,0,2,0,2,0,0,0,0,0,0,0,0,0,0,0,0,2,0,2,0,0,0,0,2,0,0,0,0,0,0,0,2,0,0,0,NA,0,0,NA,2,0,0,2,0,0,2,2,2,0,0,0,0,0,0,0,0,0,0,2,0,0,2,0,0,0,0,0,0,0,0,0,0,0,0,0,0,2,0,0,0,2,0,0,0,0,0,0,0,0,0,0,0,2,2,0,2,0,2,2,0,0,2,0,0,0,0,0,0,0,0,2,0,0,2,0,2,0,0,0,2,0,0,2,0,0,0,0,0,0,0,0,0,0,0,0,0,2,0,2,0,2,0,0,2,0,0,0,0,0,0,0,0,0,0,0,0,0,0,2,0,0,0,0,0,0,0,2,0,2,0,0,2,0,0,0,0,0,0,0,0,0,0,0,0,2,0,0,0,0,0,0,0,0,0,0,0,0,0,0,0,0,0,0,2,0,0,0,0,0,2,0,0,0,2,0,2,0,0,0,0,0,0,0,0,0,0,2,0,0,0,0,0,0,0,0,0,2,0,0,0,0,0,0,2,0,0,2,2,0,0,0,0,2,0,0,0,0,0,0,0,2,0,0,0,0,0,0,0,0,0,0,0,2,0,0,0,0,0,0,0,2,0,0,0,0,0,0,0,0,0,0,0,2,0,0,0,2,0,0,0,0,0,0,0,2,0,0,0,0,0,2,0,0,2,0,0,0,0,2,0,0,0,0,0,0,0,0,0,0,0,0,0,2,0,0,2,0,0,0,2,0,0,2,0,0,0,2,0,0,0,0,2,0,0,0,0,0,2,2,0,0,0,0,2,0,0,0,0,0,2,2,0,0,0,0,0,0,0,0,0,0,2,0,0,0,0,0,2,0,0,0,0,0,0,0,0,0,0,2,0,2,0,0,0,0,2,0,2,0,2,0,0,0,0,0,0,0,2,0,2,0,0,0,0,0,0,0,0,0,0,0,0,2,0,0,0,0,0,2,2,2,0,0,0,0,0,0,0,0,2,0,0,0,0,0,0,0,2,0,0,0,0,0,0,0,0,0,0,0,0,0,0,0,0,0,2,0,2,0,0,0,0,0,2,0,2,0,0,0,0,0,2,2,0,2,0,0,0,0,0,0,0,0,2,0,0,2,0,0,2,2,2,0,2,2,2,2,0,0,0,0,0,0,2,0,2,0,0,2,0,2,0,0,0,0,0,0,0,0,0,0,0,2,0,2,0,0,0,0,2,2,0,0,0,0,2,0,0,0,0,0,0,0,2,0,2,0,2,0,0,0,NA,0,0,0,2,0,0,0,0,0,0,0,0,0,0,0,0,0,0,0,0,0,0,0,0,0,0,0,0,0,0,0,2,2,NA,0,2,2,0,2,2,NA,0,0,2,2,0,NA,2,0,0,2,2,0,2,0,2,0,0,0,2,0,0,0,0,2,0,NA,0,2,0,0,2,2,0,0,2,0,0,0,2,2,2,0,0,0,0,0,0,0,0,0,2,0,0,0,0,0,2,0,2,0,0,NA,0,0,0,0,0,0,0,0,0,2,0,0,0,2,0,0,2,0,0,0,0,2,0,0,0,0,2,0,0,0,0,0,0,2,0,2,0,0,0,0,0,2,0,0,0,2,0,0,0,0,0,2,2,0,0,2,2,2,2,0,0,0,0,0,2,0,0,0,0,2,2,0,2,2,2,2,0,0,2,2,0,2,0,0,0,0,0,0,2,2,0,0,0,0,0,0,0,0,0,0,2,2,0,0,2,0,0,0,0,2,0,0,2,2,0,2,2,0,0,0,NA,0,2,2,2,0,0,0,0,2,0,0,2,2,0,2,2,0,0,0,0,2,0,0,0,0,0,0,0,0,0,2,2,2,2,2,0,0,0,0,0,0,2,0,0,0,2,2,2,0,2,0,0,2,0,0,0,0,2,0,0,0,0,2,0,2,0,2,2,0,0,0,0,2,2,0,0,0,0,0,0,0,0,0,2,0,0,0,0,0,0,2,0,0,0,2,2,0,2,0,2,0,0,0,0,2,2,0,2,0,2,0,0,2,0,0,0,0,0,0,0,2,0,0,0,0,0,2,2,2,2,0,0,0,NA,0,0,0,2,2,2,0,0,2,2,2,0,0,0,0,0,2,0,0,0,0,2,0,0,0,0,0,0,0,0,0,2,0,2,2,0,0,2,0,2,0,0,0,0,0,0,0,2,NA,2,2,2,2,0,0,0,0,0,2,0,0,0,0,0,0,2,0,0,0,0,0,2,0,2,0,0,0,2,2,2,2,0,0,0,2,0,0,2,2,2,0,0,0,0,0,0,2,0,0,0,0,0,0,2,0,0,0,0,0,0,0,0,0,0,0,0,0,0,0,0,2,0,0,0,2,0,2,0,0,0,0,0,2,2,0,0,0,0,0,0,0,0,0,2,0,2,0,0,NA,0,2,0,2,0,NA,2,0,2,2,2,0,0,0,2,2,2,0,2,0,0,2,0,2,0,2,0,0,0,2,0,0,0,0,0,0,2,2,0,0,0,0,0,0,0,2,2,0,0,NA,2,0,0,0,0,0,2,2,0,2,2,0,2,0,0,0,2,0,0,0,2,2,0,0,0,0,0,0,0,0,2,0,0,0,0,2,0,0,0,0,0,0,2,0,0,0,0,0,2,0,0,0,0,0,2,0,0,0,0,2,0,0,0,2,0,0,2,2,0,2,0,2,0,0,0,0,0,0,0,0,2,2,2,0,0,0,2,0,0,0,0,0,0,0,2,2,0,0,0,2,2,0,0,0,2,2,2,0,0,2,0,0,0,0,0,0,0,0,0,0,0,0,0,0,0,0,2,0,2,2,2,2,0,0,0,0,NA,0,0,0,0,0,0,0,2,0,0,0,0,0,0,2,0,0,0,0,2,2,0,0,0,0,2,2,0,2,0,2,0,2,0,0,2,0,2,0,2,0,2,0,0,0,2,0,0,0,0,2,0,2,0,2,0,0,0,0,0,2,2,0,0,0,0,0,0,0,0,0,0,0,0,2,0,0,0,0,0,0,0,0,0,0,0,0,0,0,0,0,0,0,2,0,0,0,0,0,0,0,0,0,2,2,0,0,2,0,2,0,0,0,2,0,2,0,0,0,0,0,0,2,2,0,0,0,0,0,2,0,0,0,0,2,0,0,2,2,2,0,2,0,0,2,0,0,2,0,2,2,0,0,2,0,0,0,0,0,0,0,0,0,0,0,0,2,0,0,0,0,0,0,0,0,0,0,0,0,0,0,0,2,0,0,0,0,0,2,0,0,2,0,2,0,2,2,0,2,0,0,0,NA,0,2,0,0,NA,2,2,0,0,0,0,0,2,0,0,0,0,0,0,0,0,2,0,2,0,0,0,0,0,2,0,2,0,0,0,0,0,2,0,0,0,0,0,0,0,0,0,0,2,2,0,0,0,0,0,0,2,0,0,0,0,0,0,0,0,0,0,0,0,0,0,0,0,0,0,0,0,0,2,0,2,0,0,0,0,0,0,0,2,0,0,0,0,2,0,0,0,0,0,0,0,2,2,0,0,0,0,0,2,0,0,0,2,0,0,0,2,0,0,0,2,0,0,2,2,2,0,0,2,0,0,0,2,0,0,2,0,0,2,2,0,0,0,0,0,0,0,0,0,0,0,0,0,0,0,0,0,0,0,2,2,0,0,2,0,2,0,0,0,0,0,0,2,0,2,0,2,0,0,0,0,2,0,0,0,0,0,0,0,2,0,0,0,0,2,0,0,0,0,2,0,0,0,0,0,0,0,2,0,0,0,2,0,0,0,0,0,0,0,0,0,0,0,0,0,0,0,2,0,0,0,0,2,0,0,0,0,0,0,0,0,0,0,0,0,0,2,0,2,0,0,0,0,2,0,2,0,2,0,0,0,0,0,0,0,0,0,0,2,0,2,2,0,0,0,0,0,0,0,0,0,0,0,2,0,0,0,0,0,0,2,0,0,0,0,0,0,0,0,0,0,2,0,0,0,0,0,0,0,0,0,0,0,0,0,0,0,2,0,0,0,2,0,0,0,0,0,2,2,2,0,0,0,0,2,2,0,0,0,0,0,0,0,2,0,2,2,0,0,0,2,0,0,0,0,0,0,2,0,0,2,0,0,0,0,0,0,0,0,0,2,0,2,0,0,0,2,2,0,0,0,0,2,2,0,0,0,0,0,0,0,0,0,0,0,2,2,0,0,0,0,0,0,0,2,2,0,0,0,0,0,0,0,0,0,2,2,0,2,0,2,0,2,0,0,0,0,0,2,0,0,0,0,0,0,0,0,2,0,0,0,0,0,0,2,0,0,0,2,0,2,0,0,0,2,0,0,0,0,0,0,0,0,2,2,0,0,0,0,2,0,0,0,0,2,0,0,0,0,0,2,0,2,0,0,0,0,0,0,0,0,0,0,0,2,2,2,0,0,0,2,0,0,0,0,0,0,0,0,0,0,0,0,0,0,0,0,0,0,0,0,0,0,2,0,0,2,0,0,0,0,0,0,0,0,2,0,2,0,2,0,0,0,0,0,0,0,0,0,0,0,0,0,0,2,0,0,0,0,0,0,0,2,0,0,0,2,0,0,2,2,0,2,0,0,2,0,2,0,0,0,0,0,2,2,0,0,0,0,0,0,0,0,0,0,0,0,0,0,0,0,2,2,2,0,0,0,0,0,0,0,0,0,2,0,0,0,0,0,0,0,2,0,2,0,2,0,0,0,0,0,0,2,0,0,2,0,0,0,2,0,0,0,0,0,2,0,0,0,0,0,0,0,0,0,0,0,0,0,0,0,0,2,0,0,0,2,0,0,2,0,0,0,0,0,0,0,0,0,2,0,0,0,0,2,0,0,0,0,0,2,2,2,2,0,0,0,0,0,0,2,0,0,0,0,2,2,0,2,0,0,0,0,0,0,2,0,0,0,0,0,2,2,2,0,0,0,0,0,0,0,0,0,2,0,0,0,0,0,2,2,0,0,0,0,0,0,0,0,0,0,0,2,2,0,2,0,2,0,0,2,0,0,0,NA,0,0,0,0,0,2,2,0,2,0,0,0,2,2,0,0,0,2,0,2,0,2,0,0,0,2,0,0,0,0,0,0,0,0,0,0,0,0,0,0,0,0,0,0,2,0,0,0,0,2,0,0,0,0,2,2,0,0,0,0,0,0,0,0,2,0,0,2,0,0,0,0,0,2,0,2,2,0,0,2,0,2,0,0,0,0,0,2,0,0,2,0,0,0,2,0,0,0,0,0,0,0,0,0,0,2,0,2,0,2,2,0,0,0,0,0,0,2,0,0,0,0,0,0,0,0,2,2,0,0,0,0,0,0,2,2,2,0,0,0,0,0,0,2,0,0,0,2,0,0,2,0,0,0,0,0,2,0,0,0,0,0,0,0,2,0,2,2,2,0,0,0,0,0,0,0,0,0,2,0,0,0,0,0,2,0,0,0,0,0,0,0,0,0,2,2,0,0,0,0,0,2,0,0,0,0,2,0,2,2,2,0,0,0,2,2,0,2,0,2,0,0,0,0,0,0,0,0,0,2,0,0,0,0,0,0,0,0,0,2,0,2,0,0,0,0,2,0,0,0,0,2,0,2,2,0,0,0,0,0,0,0,0,0,0,2,0,0,2,0,0,0,2,0,2,0,0,0,0,0,0,0,2,0,0,0,2,0,0,0,0,0,0,0,0,0,0,0,0,0,2,0,0,0,2,2,0,0,2,2,0,2,0,2,2,0,0,2,0,0,0,0,2,0,0,0,0,0,0,0,0,0,0,0,0,0,2,0,2,0,0,0,0,0,2,2,0,0,2,2,0,0,0,2,0,0,2,0,0,2,2,0,0,0,2,0,2,0,0,0,2,0,2,0,0,0,2,2,0,0,0,2,0,0,2,0,2,0,2,0,2,2,0,0,0,2,2,2,2,0,0,0,0,0,0,0,2,0,2,0,0,2,2,2,0,0,2,0,2,2,0,0,0,2,2,2,2,0,0,2,0,0,0,0,0,0,0,2,0,2,2,0,0,0,2,2,0,0,0,0,0,0,0,0,2,NA,0,2,0,0,2,0,0,2,0,0,2,0,0,0,0,0,2,0,0,NA,0,2,0,0,0,0,0,0,2,2,0,0,2,0,2,2,2,0,0,2,2,2,0,0,0,0,0,NA,0,0,0,0,0,2,0,0,2,0,2,0,0,0,0,0,0,0,2,0,2,0,0,2,0,0,0,0,0,0,0,0,0,0,2,2,0,0,0,0,0,0,2,0,0,0,0,0,0,0,0,0,0,2,2,0,0,0,2,0,0,0,2,0,2,2,2,0,0,0,0,0,2,0,0,0,0,0,0,2,2,0,0,0,2,0,0,2,0,2,0,0,2,0,0,0,2,0,0,0,0,0,0,0,2,0,0,2,0,0,2,2,0,0,0,2,0,2,0,2,0,2,2,0,2,0,0,2,0,0,2,0,0,0,0,0,0,0,0,0,0,0,0,0,0,0,0,0,0,0,0,0,0,2,2,2,0,2,0,0,0,0,0,0,0,0,0,0,0,0,0,0,2,0,2,2,0,0,0,0,0,0,0,0,0,0,0,0,0,0,0,0,0,2,0,2,2,0,2,0,0,0,0,0,0,2,0,0,0,0,0,0,0,2,0,0,0,0,0,0,0,0,2,0,NA,2,0,0,0,0,0,0,0,0,0,0,0,0,0,0,0,0,0,0,0,0,0,0,0,0,0,0,0,0,0,0,2,2,0,2,0,0,0,0,0,0,0,0,0,0,0,0,0,0,2,0,0,0,0,0,0,0,0,0,0,0,0,0,0,0,0,0,0,2,2,0,0,0,0,0,0,0,0,0,0,0,0,0,0,0,0,0,0,0,0,2,0,0,2,0,0,0,0,0,0,0,0,0,0,0,0,0,0,0,2,2,0,0,0,0,0,0,0,2,2,0,2,0,2,0,0,2,0,0,0,0,0,2,0,0,0,0,0,0,2,2,0,0,0,0,0,0,0,0,0,0,0,0,2,2,0,0,0,0,0,0,0,0,0,0,0,0,2,0,0,2,0,0,2,2,0,0,2,0,0,0,2,0,0,0,0,2,2,0,2,0,2,2,0,2,0,2,0,0,0,0,0,0,2,0,2,0,2,0,0,0,2,2,2,0,0,2,0,2,0,2,2,0,2,0,0,0,0,0,0,0,0,0,0,0,0,0,0,0,0,0,0,2,0,0,0,0,0,0,0,2,0,0,0,0,0,2,0,0,0,0,0,0,0,0,0,0,0,0,0,0,0,0,0,2,0,0,0,0,0,0,2,0,0,0,0,0,2,0,2,0,0,0,0,2,2,2,0,0,0,0,0,2,0,0,2,2,2,0,0,0,0,2,2,0,0,0,0,0,0,2,0,0,0,0,2,0,0,2,0,0,2,0,0,2,0,2,0,2,2,2,2,0,0,0,0,0,0,2,0,0,2,0,0,0,0,0,0,2,0,0,0,0,2,0,0,2,0,0,2,0,2,2,0,2,0,2,0,0,2,0,0,0,0,0,2,0,0,0,0,0,2,2,0,0,0,2,0,0,0,2,0,0,2,2,0,0,0,0,0,0,0,0,0,0,0,0,0,2,0,0,0,0,2,0,0,0,0,2,0,0,0,0,0,0,0,2,0,2,0,0,0,0,0,0,0,0,0,2,2,0,0,2,0,0,0,0,0,0,0,0,2,0,0,2,0,0,0,0,0,0,0,0,0,0,0,0,0,0,0,2,0,0,0,0,0,0,0,0,0,0,0,0,0,0,0,2,0,0,2,0,0,0,0,0,0,0,0,0,0,2,0,0,0,0,0,0,0,0,0,0,2,0,2,0,0,0,0,0,2,0,2,0,0,0,0,0,0,0,0,0,0,0,0,0,0,0,0,0,2,2,0,0,0,0,2,0,0,0,0,0,2,0,2,0,0,0,2,2,0,0,0,0,2,0,0,0,2,0,0,0,0,2,0,0,0,0,0,0,0,0,0,0,0,0,2,0,2,0,2,0,0,0,0,2,2,0,2,0,0,2,0,0,0,0,0,0,2,0,0,2,0,0,0,0,0,0,0,0,2,2,0,0,0,0,0,2,0,0,0,0,0,0,0,0,0,0,0,0,2,0,0,0,0,0,0,0,2,0,0,0,2,0,0,2,0,0,0,2,0,0,0,0,0,0,0,0,0,0,0,0,0,0,0,2,0,0,0,0,0,0,0,0,0,2,0,0,2,0,0,2,0,0,0,0,0,0,0,0,0,0,0,0,0,2,0,0,0,2,0,2,0,2,0,0,0,0,0,0,0,0,2,0,0,0,0,2,2,0,0,0,0,2,0,0,0,2,0,0,0,2,0,0,2,0,2,0,0,2,2,0,0,0,0,0,0,2,0,0,0,0,2,0,0,2,0,0,0,2,0,2,2,0,0,0,2,0,0,0,0,0,2,0,0,0,2,0,2,2,0,0,0,0,0,0,0,0,0,NA,2,0,0,0,0,0,0,0,0,0,0,2,0,0,2,0,2,0,0,2,0,0,0,0,2,0,0,0,0,0,0,0,0,0,0,0,0,2,2,0,2,0,2,0,0,2,2,2,2,2,0,0,0,0,2,0,0,0,0,0,0,0,0,0,0,2,0,2,2,2,0,0,0,0,2,0,0,0,0,0,0,2,0,0,0,0,0,0,0,0,2,0,2,0,0,2,0,0,0,0,0,0,0,0,0,0,0,0,0,0,2,0,2,0,2,0,0,2,0,0,0,0,2,0,0,0,0,0,0,0,0,2,0,0,0,0,0,2,0,0,0,0,0,2,0,0,2,0,0,0,0,0,0,0,0,0,0,2,0,0,0,0,0,0,0,0,0,2,0,0,0,0,0,0,0,0,0,0,0,0,0,2,2,2,0,0,0,0,0,NA,0,0,2,2,2,2,2,2,0,0,0,0,2,2,0,2,2,0,0,2,0,2,0,2,0,2,0,2,0,2,2,0,2,0,0,0,0,2,0,0,0,0,2,0,0,0,2,0,0,0,0,0,0,0,2,0,0,0,2,2,0,2,0,0,0,2,0,0,0,0,2,2,2,0,0,0,0,0,0,0,0,2,0,0,0,2,2,0,2,0,0,0,0,0,0,0,0,0,0,0,2,0,2,0,0,0,2,0,0,0,0,0,2,0,2,0,0,0,2,0,0,0,0,0,2,0,0,0,0,0,0,0,0,0,2,2,2,2,0,2,0,2,0,2,2,0,0,0,0,0,0,0,0,2,0,2,2,0,2,0,0,0,0,0,0,0,0,2,0,0,2,0,0,0,0,0,0,0,0,2,2,0,0,0,0,0,0,0,0,2,2,2,0,0,0,2,2,0,0,0,2,0,0,2,0,0,0,0,0,0,2,0,2,2,0,0,2,0,0,0,0,0,0,0,0,NA,2,0,2,2,0,2,0,0,0,0,0,2,2,0,2,2,0,2,2,0,0,2,2,0,0,0,0,2,0,0,0,2,0,0,2,0,0,0,0,0,2,0,0,2,0,2,2,0,0,0,0,0,2,0,0,0,2,2,0,0,2,2,2,0,2,2,2,2,0,0,0,0,0,0,2,0,0,0,0,2,0,0,2,0,0,0,0,2,0,2,0,0,0,0,0,2,2,0,2,0,0,0,0,2,2,0,0,0,0,0,0,0,0,0,0,0,0,0,0,0,2,0,2,0,2,0,0,0,0,0,0,0,0,0,0,0,2,2,0,2,2,0,0,2,0,2,2,0,0,2,0,0,0,0,0,0,0,0,2,0,0,2,0,0,0,0,0,0,0,0,0,0,0,0,0,0,2,0,0,0,0,2,0,0,2,2,2,0,0,2,0,0,0,0,0,0,0,0,0,0,0,2,0,2,2,2,0,0,0,0,0,0,0,0,0,0,0,0,0,0,0,0,0,2,0,0,2,0,0,0,0,0,0,0,2,0,0,2,0,0,2,0,2,0,0,0,2,0,2,0,0,0,0,NA,0,2,0,0,0,2,0,0,0,0,0,0,0,0,2,2,0,2,0,2,0,0,0,0,2,0,0,0,0,0,NA,0,0,0,0,0,0,0,0,0,0,0,2,0,0,2,0,0,2,0,2,0,0,2,0,0,0,2,0,0,0,2,0,2,0,2,0,0,0,2,0,0,2,0,0,0,0,0,0,0,2,0,0,0,0,2,2,0,0,0,2,2,0,2,0,2,0,0,0,0,0,2,2,0,2,2,0,0,0,0,0,0,2,0,0
"CC282",0,0,0,0,0,2,0,0,0,0,0,0,0,0,2,2,0,0,0,0,0,NA,2,0,0,0,0,0,2,0,0,0,0,0,2,0,0,0,0,0,2,0,0,2,NA,0,0,0,0,0,2,0,0,0,0,0,0,0,0,0,2,0,0,2,0,0,0,2,0,0,2,0,2,0,0,0,0,0,0,2,0,2,0,0,0,0,2,0,0,0,0,0,0,0,0,0,0,0,0,0,0,0,0,0,2,2,0,0,0,0,0,2,0,0,0,0,0,0,0,2,0,2,0,0,0,0,0,0,2,0,0,0,0,0,0,0,0,0,0,0,0,0,0,0,0,0,2,0,0,0,2,0,2,0,0,2,0,2,0,0,0,0,0,2,2,0,0,0,2,0,2,2,0,0,0,0,0,0,2,0,2,0,0,0,0,0,0,0,2,2,0,2,0,0,2,NA,2,2,0,0,0,2,0,0,2,0,0,2,0,0,0,0,0,0,0,0,2,0,0,0,0,0,0,0,0,2,0,2,0,0,0,0,0,0,0,0,0,0,0,0,2,0,0,0,0,0,2,0,2,0,2,2,0,0,0,0,2,0,2,0,0,0,0,2,2,0,0,0,0,0,0,0,0,2,0,0,0,0,0,0,0,0,0,0,2,0,0,0,0,0,0,0,0,2,2,0,0,0,0,0,2,2,0,2,0,0,0,2,0,0,0,0,0,0,0,0,0,2,0,0,0,0,0,0,0,0,0,2,2,0,0,0,0,0,0,0,2,0,0,0,0,0,0,0,0,0,0,0,0,0,0,0,0,0,0,0,0,2,0,0,0,0,0,0,0,0,0,0,0,0,0,0,2,0,0,0,0,0,0,0,0,0,0,0,2,0,2,0,2,0,0,2,0,0,0,0,0,0,2,2,2,0,0,0,0,0,0,0,0,0,0,0,2,0,2,0,0,0,0,0,0,2,0,0,2,0,0,2,2,2,0,0,2,0,0,0,0,0,0,0,0,0,0,0,2,2,0,2,0,0,0,0,0,0,0,0,0,0,0,2,2,0,0,0,0,0,0,0,0,0,0,0,0,0,0,2,0,0,0,2,0,0,0,2,0,2,2,2,2,2,0,0,0,0,0,0,0,0,0,2,0,0,0,0,0,0,0,0,0,2,0,2,0,0,2,0,0,0,0,2,0,0,0,0,0,0,0,2,0,0,0,0,0,0,0,0,0,0,0,0,2,0,0,0,2,0,0,0,0,0,2,0,0,0,0,0,2,2,0,0,0,0,0,2,0,0,0,0,0,0,0,2,0,0,2,0,0,0,0,2,2,0,0,0,0,0,0,0,2,2,0,2,0,2,0,0,0,0,2,0,0,0,2,0,0,0,0,0,0,2,0,0,2,0,2,0,0,0,2,0,2,0,2,0,NA,0,2,0,0,2,0,2,0,2,2,2,0,0,2,0,2,2,2,0,0,0,0,2,0,0,0,2,2,0,0,0,0,0,0,2,0,0,0,0,0,0,0,2,0,2,0,2,0,2,0,0,0,0,2,0,0,0,0,0,0,0,0,2,0,0,2,0,0,2,0,0,0,2,2,2,0,0,0,0,2,2,2,0,2,0,0,2,0,0,2,0,2,0,0,0,0,NA,0,0,0,0,2,2,0,2,0,2,0,0,0,0,0,0,0,0,0,0,0,0,0,0,0,0,0,0,2,0,0,0,2,0,2,0,2,0,2,0,0,2,0,0,0,0,0,2,0,2,0,2,0,0,2,0,0,0,0,0,0,0,0,0,0,0,0,2,0,0,0,2,0,0,0,0,0,2,0,0,0,0,0,2,0,0,2,0,0,0,2,0,0,0,2,2,2,2,0,0,0,0,0,2,0,2,0,0,0,0,2,0,0,0,0,0,0,0,0,0,0,2,0,0,2,0,0,0,0,2,2,2,0,0,0,0,0,2,0,0,2,0,2,0,0,2,0,0,0,0,0,2,0,0,2,0,0,0,0,0,0,2,2,2,0,0,0,2,0,0,0,0,2,0,0,0,0,0,0,0,0,2,2,0,0,0,0,0,0,0,0,0,0,0,0,0,0,2,0,2,2,2,0,0,0,0,0,0,0,2,0,2,2,0,0,0,0,2,0,2,2,0,2,0,0,0,0,0,0,0,0,0,2,2,0,0,0,0,0,0,0,0,0,0,0,0,0,2,0,0,0,0,2,0,0,0,2,2,0,0,2,0,0,2,0,0,0,0,2,0,0,2,0,0,2,2,0,0,0,0,0,0,0,0,0,0,2,0,0,2,NA,2,0,2,0,0,0,NA,0,0,0,0,2,0,0,0,0,0,0,0,0,2,0,0,0,0,2,0,0,0,0,0,0,2,0,0,0,0,0,2,0,2,2,2,0,2,0,0,0,0,0,0,0,0,0,0,0,2,2,0,2,0,0,0,2,2,2,0,0,0,2,0,0,0,2,2,0,0,0,0,0,0,0,2,0,0,0,0,0,0,0,0,0,0,2,0,0,0,0,0,0,0,0,0,2,2,2,0,0,0,0,0,0,2,0,0,0,0,2,0,0,0,0,0,0,0,0,0,0,2,0,NA,0,0,0,0,2,2,0,0,0,0,0,0,0,0,0,2,2,2,0,0,0,2,0,0,0,2,0,0,0,0,0,0,2,0,0,0,2,0,0,0,2,0,0,0,0,2,2,2,0,0,2,0,0,0,2,0,0,0,0,0,2,2,0,0,0,0,0,0,0,0,2,0,0,0,0,0,0,0,0,2,0,0,2,2,0,2,0,2,0,0,0,0,0,0,2,2,0,0,0,0,0,0,0,0,0,0,0,0,0,2,2,0,0,0,0,0,0,0,0,0,0,2,2,0,0,0,0,0,0,0,0,0,2,0,0,0,0,2,NA,2,2,0,0,2,0,2,2,2,0,0,0,0,0,NA,0,0,0,0,0,0,0,0,2,0,0,2,0,0,2,0,0,0,0,2,0,0,0,0,0,0,0,2,0,0,0,0,0,0,0,0,0,2,0,0,0,0,0,2,2,0,0,0,0,0,0,0,0,0,0,2,0,0,0,2,0,0,0,0,0,2,0,0,0,0,2,0,NA,2,0,0,2,0,0,0,0,0,0,0,0,0,0,2,0,0,0,0,0,0,2,2,0,2,0,0,0,2,0,0,0,0,0,0,0,0,0,0,2,2,0,0,2,0,NA,0,0,0,0,0,0,0,0,NA,2,2,0,2,2,0,0,0,0,2,0,0,0,2,0,2,NA,0,0,0,0,0,0,0,2,0,2,0,0,0,0,0,0,0,0,2,0,2,2,0,0,0,0,2,0,0,0,0,2,2,0,0,2,0,0,2,0,0,0,0,0,0,0,0,0,0,0,0,0,0,0,0,0,0,0,0,0,0,0,0,0,0,0,0,0,2,0,2,0,0,0,0,0,0,2,0,0,0,0,2,0,0,0,2,0,0,0,0,0,0,0,0,2,0,0,0,0,0,2,0,0,0,0,0,0,0,0,0,0,0,0,0,0,0,0,0,0,0,2,0,0,0,0,0,0,0,0,0,0,0,0,0,2,0,0,0,2,0,2,2,0,0,0,0,0,0,2,0,0,0,0,0,0,0,0,0,0,0,0,0,0,2,0,0,0,2,0,2,2,2,2,0,0,0,0,0,2,2,0,0,2,2,0,0,0,0,0,0,0,0,0,0,0,2,2,0,0,0,0,2,2,0,0,0,0,0,2,0,0,2,0,2,2,0,0,0,0,0,0,2,0,0,0,0,0,0,0,2,0,0,0,0,2,0,0,0,0,0,0,2,0,0,0,2,2,0,0,0,0,0,2,0,0,0,0,0,0,2,0,0,0,0,2,0,2,0,0,2,2,0,2,0,2,0,2,0,0,0,2,0,0,0,0,2,0,2,2,2,2,0,0,0,0,0,2,0,0,0,0,0,0,0,0,0,0,0,0,2,2,0,2,0,0,0,0,0,2,2,0,0,2,0,0,0,0,0,0,2,2,0,0,2,0,0,0,0,2,0,0,0,0,0,0,0,0,0,0,2,0,0,2,0,0,2,0,0,0,0,0,0,2,2,2,0,0,0,2,2,0,0,0,0,2,2,0,0,0,0,0,0,0,2,0,0,0,0,0,2,0,0,0,2,0,0,2,0,0,2,0,0,0,0,0,0,2,0,0,2,0,2,0,0,2,0,0,0,0,0,0,0,0,0,2,0,0,0,0,0,0,2,0,0,0,0,0,0,0,0,2,0,0,0,0,0,0,0,0,0,2,0,2,0,0,0,0,2,0,0,0,0,0,0,0,0,2,2,0,0,0,0,0,0,0,0,0,0,0,2,0,0,0,0,0,0,0,0,0,0,0,0,2,0,0,0,0,0,0,0,0,0,0,2,0,0,0,0,0,0,0,0,0,0,0,0,0,0,0,0,0,0,0,0,0,0,0,0,0,0,0,0,0,2,0,0,2,0,0,0,0,0,0,0,0,0,2,0,0,0,0,0,0,0,2,0,0,2,0,0,0,0,0,0,0,0,0,0,0,0,0,0,0,0,0,0,0,0,0,0,0,0,0,0,0,0,0,2,0,0,0,0,2,0,0,0,0,0,0,0,2,0,2,0,0,0,0,0,0,0,0,0,0,0,0,0,2,0,0,0,0,0,2,0,2,0,2,0,0,0,0,0,2,0,2,2,2,0,2,2,0,2,0,0,0,0,0,0,2,0,0,0,0,0,0,2,0,2,0,0,0,0,0,0,0,0,0,2,2,2,2,0,0,0,0,0,0,0,0,0,2,0,0,0,0,0,0,0,0,0,2,0,2,2,2,2,0,0,0,0,2,2,0,0,0,0,0,0,0,0,2,0,0,0,0,0,2,0,0,0,0,2,0,0,0,0,0,0,0,0,0,0,0,0,0,0,0,0,2,0,0,0,0,0,0,0,0,0,2,0,0,0,0,0,0,0,2,0,0,2,0,0,0,0,2,0,0,0,0,0,0,0,0,0,0,0,2,0,0,0,0,2,0,0,0,0,0,0,0,0,0,2,0,0,0,0,0,0,0,2,0,0,0,0,2,0,0,0,2,0,2,0,0,0,0,0,0,0,0,0,0,0,0,0,2,0,0,0,0,2,0,0,0,0,0,2,0,2,2,0,0,2,2,0,2,2,0,0,0,2,0,0,2,0,0,0,0,0,0,0,0,0,0,0,0,0,2,0,0,0,2,2,0,0,2,0,0,0,0,0,2,0,0,0,0,0,0,0,0,0,0,0,0,0,0,2,0,0,2,0,0,0,0,0,0,0,0,0,0,2,0,0,0,2,0,0,0,0,0,0,0,2,0,0,0,0,0,2,0,0,0,0,0,2,0,2,0,0,0,0,0,0,0,2,0,0,0,0,0,0,2,0,0,0,0,0,0,0,0,0,0,0,0,0,0,0,0,0,0,0,0,0,0,2,0,0,2,2,0,2,0,2,0,0,0,0,0,0,0,0,0,2,0,0,0,0,0,2,0,0,0,0,2,0,0,0,2,0,0,2,2,0,2,2,2,0,0,0,0,0,0,0,2,0,0,0,2,0,2,2,0,0,0,0,0,2,0,0,2,0,0,0,0,0,0,0,0,0,0,0,0,0,0,0,0,2,0,2,0,0,0,0,0,0,0,0,0,0,0,0,0,2,0,0,0,0,2,0,0,2,2,NA,0,2,0,0,0,0,0,0,0,2,0,0,0,2,0,2,0,0,0,2,0,0,2,0,0,0,0,0,0,0,0,2,0,2,0,0,0,0,2,0,0,0,2,0,0,0,0,0,0,0,0,0,0,2,0,0,0,0,2,0,0,2,2,0,0,2,2,0,0,0,2,0,0,0,0,2,2,2,0,0,0,2,0,2,0,0,0,2,0,0,0,0,0,2,0,0,0,0,0,0,0,0,0,2,2,0,0,2,0,0,0,2,0,0,2,0,2,0,0,2,2,0,0,0,0,2,0,2,0,0,0,0,0,0,0,0,2,0,0,0,0,2,0,2,2,0,2,0,0,2,0,0,0,0,0,0,0,2,0,0,2,0,0,0,0,0,0,0,0,0,0,0,0,0,0,2,0,0,0,0,0,2,0,0,0,0,2,0,0,0,0,0,0,0,0,0,2,0,0,0,0,0,0,0,2,2,2,0,0,0,0,2,0,0,0,2,2,2,0,0,2,0,0,0,0,0,0,0,0,2,0,0,0,2,0,0,0,0,0,0,0,2,0,2,0,0,2,0,2,0,0,0,0,0,0,0,0,2,0,0,2,0,0,0,0,0,0,0,0,0,0,2,0,2,2,0,0,0,0,2,0,2,2,0,2,2,0,0,2,0,0,0,0,0,0,0,2,0,0,0,0,0,0,2,0,0,0,2,0,0,0,0,0,0,0,0,0,0,0,2,0,0,2,0,0,2,0,2,0,0,2,2,2,0,0,0,0,0,2,0,0,0,0,2,0,2,0,0,2,0,0,2,0,0,0,2,0,0,0,0,0,0,0,2,2,0,2,0,0,0,0,0,2,0,2,0,2,0,0,0,0,0,0,0,0,0,0,0,0,0,2,0,0,0,0,0,0,0,0,0,2,2,0,0,0,0,0,0,0,0,0,0,0,0,0,0,0,0,0,0,0,2,0,0,0,0,0,0,0,0,0,0,0,0,0,0,0,0,0,2,0,0,0,0,0,0,0,0,2,0,0,0,0,0,0,0,0,0,0,0,0,0,0,0,0,0,0,0,0,0,0,0,2,0,0,0,0,0,0,0,2,0,0,0,0,0,0,0,0,2,0,0,0,0,0,0,2,0,0,0,0,0,0,2,2,0,0,0,0,0,2,2,0,0,0,0,0,0,2,0,0,0,0,0,0,0,0,0,0,0,0,0,0,0,0,0,2,0,0,0,0,0,0,0,0,0,0,2,0,0,0,0,2,0,0,0,0,0,0,0,0,0,0,0,0,0,2,0,0,0,0,0,0,0,0,0,0,2,0,0,0,0,0,0,0,2,0,2,0,0,0,0,2,0,0,0,0,2,0,0,0,0,0,0,0,2,0,0,2,0,0,2,0,0,2,0,0,0,2,0,0,2,0,0,0,2,2,0,2,0,0,2,0,2,0,2,0,0,0,0,2,0,0,0,2,0,0,0,2,2,0,0,0,0,2,0,0,0,0,2,0,0,2,0,0,0,0,2,2,0,0,0,2,0,2,2,2,0,0,0,0,0,0,2,0,2,0,0,0,0,0,0,0,2,2,2,0,0,0,2,0,0,0,0,0,0,0,0,0,0,0,0,0,0,0,0,0,0,0,0,0,0,2,2,0,0,0,0,0,0,0,2,0,2,0,0,0,0,2,0,0,0,0,0,2,0,0,0,0,0,0,0,0,2,0,0,0,0,0,0,0,0,2,0,0,2,0,0,0,2,0,0,0,0,0,0,0,0,0,0,0,0,0,0,2,2,0,0,0,0,0,0,0,0,0,0,0,0,0,0,0,0,0,0,0,0,2,2,0,2,2,0,0,0,0,0,0,0,0,0,0,0,0,0,0,0,0,0,0,0,0,2,0,0,2,0,0,2,2,0,0,2,2,0,0,0,0,0,0,0,0,0,2,0,0,0,0,0,0,0,0,0,0,0,0,0,0,0,0,2,0,0,0,0,0,0,0,0,0,0,0,0,0,0,0,0,0,0,0,2,0,0,2,0,0,2,0,0,0,0,0,2,0,2,0,0,0,0,0,2,0,0,0,0,0,0,0,0,0,0,0,0,0,0,0,0,2,0,2,0,2,2,2,2,2,0,0,2,0,0,0,0,2,2,2,0,0,0,2,2,0,2,0,2,0,0,0,0,0,0,2,0,0,0,0,0,0,0,0,0,0,0,0,0,0,0,0,0,0,0,0,0,0,0,0,0,0,0,0,0,0,0,0,0,0,0,0,0,0,0,0,0,0,0,0,2,0,0,0,0,0,0,0,0,0,0,0,0,0,0,0,0,0,0,0,0,0,0,0,2,0,0,0,0,0,0,2,0,0,0,0,0,0,0,0,0,0,0,0,0,2,0,0,2,0,0,2,0,0,0,0,0,2,0,0,0,2,2,0,0,2,0,0,0,0,2,0,2,0,0,0,0,2,0,0,0,0,0,0,0,0,2,0,0,0,0,0,0,0,0,0,0,2,2,2,0,0,2,0,0,2,2,0,0,2,0,0,0,0,0,0,0,0,0,0,0,0,2,2,0,0,0,2,0,0,2,0,0,0,0,0,0,2,0,2,0,0,0,2,0,0,0,0,2,2,0,0,0,0,0,0,2,0,0,0,0,0,0,0,0,0,0,0,0,0,0,0,0,0,2,0,0,0,2,0,2,0,0,0,0,0,0,0,2,2,0,0,0,2,2,0,2,0,0,0,0,0,0,2,0,2,0,0,0,0,2,0,0,0,0,0,0,2,0,0,0,0,2,0,0,0,2,2,0,0,2,0,0,0,0,0,2,0,0,0,0,0,0,0,0,0,0,0,2,0,0,0,0,2,0,0,0,0,0,0,2,0,0,0,0,2,0,0,0,0,0,2,0,2,2,0,0,2,0,0,0,0,0,2,0,2,0,0,2,0,2,0,0,0,2,0,0,0,0,2,0,0,2,0,0,2,0,0,0,2,0,0,0,0,0,0,0,0,0,0,2,2,0,0,0,0,0,2,0,0,0,0,0,0,0,0,0,2,0,0,0,0,0,0,2,2,0,0,2,2,0,2,0,0,0,0,0,0,2,0,0,0,0,0,2,2,0,2,0,0,0,0,0,0,0,0,0,2,0,2,0,0,2,0,0,0,0,0,0,0,0,0,0,0,2,2,0,0,0,0,2,0,0,0,0,0,2,2,2,0,2,2,0,0,0,0,0,0,0,0,0,0,0,0,0,0,0,0,0,0,0,0,0,0,0,0,0,0,0,2,0,2,2,0,0,0,0,0,0,2,0,0,0,2,2,0,0,0,0,0,0,0,0,0,0,0,0,0,2,0,2,0,0,2,0,0,2,2,0,0,2,0,0,0,0,0,2,0,0,0,2,2,0,0,0,0,0,0,0,2,0,0,0,0,0,0,0,0,0,2,0,2,0,0,2,0,0,0,0,0,0,0,0,0,0,0,0,0,0,2,0,0,0,0,0,0,2,0,0,0,0,0,0,0,0,0,0,0,0,0,0,0,0,0,2,0,0,0,0,0,0,0,2,0,0,0,0,0,0,0,2,0,2,0,0,0,0,0,0,0,0,0,0,0,0,2,0,0,0,0,0,0,0,0,0,2,0,0,0,0,0,0,0,0,0,2,0,2,0,0,0,0,0,0,0,0,0,0,0,0,0,2,2,2,0,0,0,0,2,0,2,0,0,0,2,0,0,2,0,2,2,0,2,0,0,0,0,0,0,0,0,0,2,0,0,2,0,0,0,0,2,0,0,0,0,0,0,0,0,0,0,0,0,0,2,2,0,2,0,0,0,0,0,0,0,0,0,0,0,0,2,0,0,0,0,0,0,0,2,2,0,2,0,0,0,0,2,0,0,2,0,0,2,0,0,0,0,0,0,0,0,2,0,2,2,0,0,0,0,0,0,0,0,0,0,0,2,0,2,0,0,0,2,0,0,0,0,2,0,0,2,0,2,0,0,0,0,0,0,2,0,0,0,0,0,0,0,0,2,0,2,0,0,0,0,0,0,0,0,2,0,0,0,0,2,0,0,2,0,0,0,2,2,0,2,2,2,0,0,0,0,0,0,0,0,0,0,0,0,0,0,0,0,0,2,0,0,0,2,2,0,0,0,0,0,0,0,0,0,0,0,2,0,0,0,0,0,0,0,0,2,0,2,0,0,0,0,2,0,0,0,0,0,0,0,0,0,0,0,2,0,0,0,0,2,0,0,0,0,0,0,0,0,0,2,2,0,2,0,0,0,0,0,0,0,NA,0,2,0,2,2,0,2,2,2,0,2,0,0,0,2,0,0,0,0,0,0,0,0,0,0,2,0,0,0,0,2,0,0,0,0,0,0,2,0,0,0,0,0,2,0,0,0,2,0,0,0,2,0,0,2,0,0,0,0,0,0,0,0,0,2,2,0,0,0,0,0,0,0,0,0,0,2,0,2,0,2,0,0,0,2,0,0,0,0,0,0,0,2,2,0,0,0,0,2,2,0,0,0,0,0,2,0,2,0,2,0,0,0,0,0,0,0,0,0,0,0,0,0,0,0,0,0,0,0,0,0,0,0,0,0,0,0,0,0,0,2,2,0,0,0,2,0,0,0,0,0,0,0,0,0,0,0,0,0,0,0,0,2,0,0,0,2,0,0,0,0,0,0,0,2,2,0,0,2,0,0,0,0,0,0,0,0,2,0,0,2,0,0,2,0,0,2,0,2,0,0,0,2,0,0,0,0,0,0,0,2,2,0,0,0,0,2,0,0,0,0,2,NA,0,0,0,0,0,0,0,2,0,0,0,0,0,0,0,0,0,0,2,2,0,0,0,0,0,0,0,2,0,0,0,2,0,0,0,0,0,0,0,0,0,2,0,2,0,0,2,0,0,0,0,2,2,0,0,0,2,0,0,0,2,0,0,0,0,0,0,0,2,0,2,0,0,2,0,0,0,0,0,0,0,2,0,2,0,0,2,0,0,0,0,2,0,0,0,0,0,0,0,0,0,0,0,0,0,0,0,0,2,0,0,2,0,0,0,0,0,0,0,0,0,0,0,0,0,0,2,0,2,2,0,0,0,0,0,0,0,0,0,2,0,0,0,0,0,0,0,0,0,0,0,0,0,0,0,0,0,0,0,0,0,0,0,2,0,0,0,0,0,2,0,0,0,0,0,0,2,0,2,2,2,0,0,0,0,2,0,0,0,2,0,0,0,2,2,2,0,2,0,0,0,2,0,0,0,0,0,0,0,0,0,0,0,0,0,0,0,0,0,0,0,2,0,0,0,0,0,0,0,0,0,2,2,0,0,0,0,0,NA,0,0,0,2,0,2,2,2,2,0,0,2,0,2,0,0,0,0,0,2,0,2,0,2,0,0,2,2,0,0,0,0,0,0,0,2,0,0,0,0,0,0,0,0,0,0,0,2,0,0,0,2,0,0,0,0,0,0,0,2,0,0,0,2,0,0,0,0,0,0,0,0,0,0,0,0,0,0,0,0,0,0,0,0,0,0,2,0,0,0,0,0,0,0,2,0,0,2,2,2,0,0,0,0,0,0,0,2,0,0,0,0,0,0,0,0,0,0,0,2,0,0,0,2,0,0,0,0,0,2,0,2,2,0,0,0,0,0,0,0,0,2,0,2,0,0,0,0,2,0,0,0,0,0,0,0,0,0,0,0,0,0,0,0,0,0,0,0,0,0,0,0,2,0,0,0,0,0,0,0,0,0,0,0,0,0,0,0,0,2,0,0,0,0,2,0,2,0,0,0,0,0,0,0,0,0,0,0,0,0,0,0,0,0,0,0,0,0,0,2,0,0,2,0,0,0,2,0,0,0,0,0,0,0,2,0,0,0,0,0,0,0,0,0,2,0,2,0,0,0,0,0,0,0,0,2,0,0,2,0,0,0,0,2,2,0,0,2,0,0,0,2,0,0,2,2,0,2,0,2,0,0,0,0,2,0,0,0,0,0,2,0,0,0,0,0,0,0,0,0,0,0,0,0,2,0,NA,2,0,0,0,0,0,0,0,0
"CC284",0,0,0,0,0,0,0,0,0,0,2,0,0,0,2,2,0,0,0,0,0,2,0,2,0,0,0,0,2,2,0,0,0,0,2,2,2,0,0,0,2,2,2,2,2,0,0,0,0,0,2,2,0,2,0,2,0,2,0,2,0,0,2,2,0,0,0,0,0,2,0,2,0,2,0,0,0,2,0,0,0,0,0,0,0,0,0,0,2,2,0,2,0,0,0,0,0,0,2,2,2,2,0,2,0,0,0,NA,0,0,2,0,0,0,0,0,0,0,0,0,0,0,0,0,0,0,0,2,0,0,0,0,2,2,2,0,0,0,2,0,0,0,0,0,0,2,2,0,0,2,0,2,0,0,2,0,0,0,2,0,2,0,0,2,2,2,0,0,0,0,2,2,2,0,0,2,0,0,0,0,2,0,0,0,0,0,0,2,2,0,0,0,0,0,0,0,0,0,0,0,0,2,0,0,0,0,0,0,0,0,0,0,0,0,0,2,0,0,2,0,2,0,0,0,0,0,0,2,2,0,0,0,2,0,0,0,2,0,0,0,0,0,0,0,0,0,2,0,2,0,0,0,0,0,0,0,0,2,0,0,0,0,0,2,2,0,0,2,0,2,0,0,0,0,0,0,0,0,0,0,2,0,0,0,0,0,0,2,0,0,0,2,2,0,0,0,0,2,0,0,0,0,0,0,0,0,2,0,0,0,0,2,0,2,0,0,0,NA,0,2,0,0,0,0,0,0,0,0,2,0,0,0,0,0,0,0,0,0,2,0,2,2,2,0,0,2,0,2,2,2,2,2,0,0,0,2,2,2,2,0,2,2,2,0,0,2,0,2,0,0,0,0,0,0,0,0,0,0,0,0,0,0,0,0,2,0,0,2,0,0,0,0,0,0,0,0,0,0,0,0,2,0,2,0,0,2,0,0,0,2,0,0,0,0,0,0,0,2,0,0,0,2,0,2,2,0,0,2,0,0,0,0,2,2,0,0,0,0,0,0,0,0,0,0,0,0,0,0,0,0,0,0,0,0,0,0,2,0,0,2,2,2,0,0,2,2,0,2,0,0,2,2,0,2,0,0,0,0,0,0,0,0,0,0,2,2,0,2,2,2,0,0,0,2,0,0,2,0,0,2,0,0,2,0,0,0,0,0,0,2,0,2,0,0,0,0,0,0,0,0,0,2,0,0,0,0,0,NA,0,0,2,0,0,0,0,2,0,2,0,2,0,0,0,0,0,0,0,0,0,2,0,0,0,2,0,0,2,0,2,0,0,0,0,0,0,0,2,0,0,0,0,0,2,0,2,0,2,0,2,0,0,0,0,0,0,0,0,0,0,0,0,0,0,0,2,0,2,0,0,0,0,0,0,0,0,0,0,0,2,0,0,0,0,0,0,0,2,0,0,0,0,0,0,0,0,2,0,0,2,0,2,0,0,2,0,0,0,2,0,0,0,0,0,0,0,0,0,2,0,0,0,0,0,0,0,0,0,0,0,0,0,0,0,0,0,0,0,0,0,2,0,0,2,0,0,0,0,0,0,0,0,0,2,0,2,0,2,0,2,0,0,0,0,0,0,0,2,0,0,2,0,2,0,0,0,0,0,0,0,0,0,0,2,0,0,0,0,2,0,0,0,0,0,0,0,2,0,0,2,0,0,0,0,0,0,0,0,0,0,0,0,0,0,0,0,2,0,0,0,2,0,0,0,0,0,0,0,0,0,2,0,0,2,2,0,0,0,0,NA,0,0,0,0,0,0,0,2,2,0,0,0,0,0,0,0,2,0,2,2,0,0,0,0,2,0,2,0,0,0,2,0,0,2,0,0,2,0,0,2,0,0,0,0,0,2,0,0,2,2,0,0,2,0,NA,0,2,2,0,2,0,0,0,0,0,0,0,2,0,0,0,0,2,0,0,0,0,2,0,0,0,2,0,2,0,2,0,0,0,0,0,0,0,0,0,0,0,2,2,0,0,0,0,0,2,0,0,0,2,0,2,0,0,0,2,0,2,0,0,0,0,0,0,0,0,0,0,0,0,0,0,2,0,0,0,0,0,0,0,0,0,0,0,0,0,2,2,0,2,0,0,0,2,2,2,0,2,0,0,0,2,0,2,0,0,2,2,0,0,0,0,2,0,0,0,0,0,0,0,0,2,2,0,0,0,2,2,NA,0,0,0,2,0,0,0,0,0,2,0,0,2,0,0,0,0,0,0,0,0,2,2,0,0,0,0,0,0,0,0,0,0,0,2,2,2,0,0,0,0,2,0,2,0,0,0,0,2,0,0,2,0,0,0,0,0,0,2,0,2,0,0,0,0,2,0,0,0,0,2,0,0,0,0,0,0,2,2,0,0,0,0,0,0,0,0,2,0,0,0,0,0,2,0,0,0,2,0,0,2,2,0,0,2,0,0,0,0,2,0,0,0,2,0,2,0,2,0,2,2,0,0,0,0,2,0,0,0,0,2,2,0,0,0,0,0,2,0,0,0,0,0,0,0,0,0,0,0,0,0,0,0,0,0,0,0,0,0,2,0,2,0,0,0,0,0,0,2,0,0,2,0,2,2,0,0,0,0,0,0,0,2,0,2,0,2,0,0,2,0,2,2,2,0,0,0,0,0,0,2,2,0,0,0,0,0,0,0,0,0,0,0,0,2,0,0,0,2,0,0,0,0,2,2,0,0,0,2,0,0,0,0,0,2,0,0,0,2,0,0,2,0,0,0,0,2,2,0,0,0,0,0,0,0,2,2,0,0,0,2,0,0,0,0,2,2,0,0,2,0,0,2,0,2,0,2,0,0,0,2,0,2,0,0,2,2,0,2,0,0,0,2,0,0,0,0,0,0,0,0,0,0,0,0,0,2,2,0,0,2,0,0,0,0,0,0,0,0,2,0,2,2,0,0,0,0,2,0,0,0,0,0,2,0,2,0,0,0,0,0,0,0,0,2,2,0,0,2,0,2,0,0,0,0,2,0,2,2,0,0,0,0,0,0,0,0,0,0,2,0,0,0,2,0,0,0,0,2,0,0,0,0,0,0,2,0,0,0,0,2,0,0,0,0,0,2,2,0,0,0,0,0,0,0,2,2,0,0,0,0,0,2,2,0,0,0,2,2,2,0,0,2,0,0,0,0,0,0,NA,0,0,2,2,0,0,0,0,0,0,0,0,0,0,0,0,0,0,0,0,0,2,0,0,0,2,2,2,0,0,0,0,0,0,2,0,0,2,2,0,0,0,0,2,0,2,2,2,0,2,0,2,0,0,0,0,0,0,0,0,0,0,2,0,2,0,2,0,0,0,0,2,0,0,0,2,0,2,0,0,0,0,0,0,2,0,0,0,0,0,0,0,0,0,0,0,0,0,0,0,0,2,0,0,0,0,0,0,0,0,0,2,0,0,2,2,2,2,0,0,0,0,0,0,0,0,0,2,2,0,0,0,0,2,0,0,0,2,0,0,0,0,2,0,2,2,0,0,2,0,0,0,2,0,2,0,2,0,0,2,2,0,0,2,2,0,0,2,0,0,0,0,0,0,2,0,2,0,2,0,0,0,0,0,0,0,0,0,0,0,0,0,2,0,0,0,0,0,0,0,0,0,0,0,0,0,2,0,2,2,0,0,0,0,2,0,2,0,0,2,0,0,2,0,0,0,0,0,0,0,0,2,0,0,2,NA,2,2,2,0,0,0,2,0,2,2,0,0,0,0,2,0,0,0,0,0,0,2,0,0,2,0,0,0,0,2,0,0,0,0,0,0,0,0,2,0,0,2,0,0,0,0,2,0,0,2,2,0,2,2,2,2,0,0,0,0,0,0,2,0,0,0,0,2,0,0,0,0,0,0,0,0,0,0,0,0,0,0,2,2,0,2,2,2,0,0,2,2,0,2,0,0,0,0,0,2,0,2,0,0,0,0,2,0,0,0,0,2,0,0,2,0,0,0,0,0,0,0,0,0,0,0,0,0,0,0,0,0,0,2,0,0,0,0,0,0,0,0,0,2,0,0,0,0,0,0,0,0,0,0,0,0,0,0,0,0,0,0,0,0,0,0,0,0,0,2,2,2,2,0,0,0,0,2,0,0,0,2,0,2,2,2,0,0,0,2,2,0,2,2,0,2,2,0,0,0,0,0,0,0,2,0,0,0,0,0,0,0,0,0,0,0,0,0,0,2,2,2,0,2,0,0,0,0,0,0,0,0,0,0,0,2,0,0,0,0,0,0,0,0,0,2,0,0,2,0,0,2,0,0,0,2,2,2,0,0,0,0,2,0,0,0,2,0,0,0,0,2,0,0,0,0,0,0,0,2,0,2,0,0,0,2,2,0,2,2,0,0,0,2,0,0,0,2,2,0,0,0,2,2,0,0,0,0,2,2,0,0,2,0,0,0,0,0,0,0,0,2,0,2,0,0,0,0,0,0,0,2,0,0,0,0,0,0,0,0,2,0,0,0,0,0,0,0,0,0,2,0,0,0,2,0,0,2,0,0,0,0,2,0,0,0,0,0,0,0,0,0,0,0,2,0,0,0,2,0,0,0,0,2,0,0,0,2,0,0,2,0,0,0,0,0,0,0,0,0,2,0,2,2,0,0,0,0,0,0,0,0,2,0,0,2,2,2,0,0,0,0,0,2,2,2,0,2,0,2,0,0,0,0,0,0,0,0,0,2,0,0,0,0,0,0,0,2,2,0,0,0,0,0,2,0,2,0,0,NA,NA,0,NA,0,2,2,0,2,0,2,0,0,0,0,0,2,0,0,0,0,0,2,0,2,2,0,0,0,0,2,0,0,0,0,0,0,0,0,2,0,2,2,2,0,0,0,0,0,0,0,0,0,0,0,2,0,0,0,0,0,0,0,0,0,0,0,0,0,0,0,0,0,2,0,0,0,0,0,0,2,0,0,0,2,0,0,0,0,2,0,0,0,2,0,0,2,2,0,2,0,0,0,0,0,0,0,0,0,0,0,0,0,2,0,0,0,0,0,0,0,2,0,0,0,0,0,0,0,0,2,0,0,0,2,0,0,0,0,0,2,0,0,0,2,0,2,2,2,0,0,0,0,0,0,0,0,0,0,2,2,0,0,0,0,0,0,0,0,0,2,2,2,0,0,0,0,0,0,0,0,0,0,0,2,2,0,0,0,0,0,0,2,0,2,0,0,2,0,0,0,0,0,2,2,0,2,0,0,0,0,2,0,0,0,0,0,0,0,0,2,0,0,0,0,2,0,0,2,0,2,0,0,0,0,0,0,0,0,0,0,2,0,0,0,0,0,0,0,0,0,0,0,0,0,2,0,0,2,0,2,0,0,0,0,0,0,0,0,0,0,0,2,0,0,0,0,0,0,0,0,0,0,0,2,0,0,2,0,2,0,0,2,0,0,2,2,0,0,0,0,0,2,2,0,0,0,0,0,0,0,0,0,0,0,0,2,0,0,0,0,0,0,0,0,0,0,0,0,0,0,0,0,0,0,0,0,0,0,0,0,2,0,0,0,0,0,0,0,0,0,0,0,0,0,0,0,2,2,0,0,0,0,0,0,0,0,0,0,0,0,0,0,0,0,0,2,0,2,0,0,0,0,2,0,0,0,0,2,0,2,0,2,0,0,0,0,0,0,0,0,0,0,0,0,0,0,0,0,0,0,0,0,0,0,0,2,0,0,0,0,0,0,0,0,0,0,0,0,0,0,0,0,0,0,0,0,0,2,0,0,0,0,0,0,0,0,0,0,0,2,0,0,0,0,0,0,0,2,0,0,0,0,0,0,0,0,0,0,0,0,0,0,0,2,2,0,0,0,0,2,0,0,0,0,0,0,0,0,0,0,0,0,0,0,0,0,2,0,0,0,0,0,0,0,0,0,0,0,0,2,0,0,0,0,0,0,0,0,2,2,2,0,0,0,2,0,2,0,0,0,2,0,0,0,0,0,0,2,0,0,0,2,0,0,0,0,0,2,2,0,0,0,0,2,0,0,0,0,0,2,0,0,0,2,0,2,2,0,2,2,2,0,2,0,2,2,0,0,0,2,2,0,0,0,0,0,2,2,0,0,0,0,2,0,0,0,0,0,0,0,2,0,0,0,0,0,0,0,0,0,0,0,0,0,0,0,0,2,0,0,0,0,2,0,0,0,0,0,0,2,0,0,0,0,0,0,0,0,0,0,0,0,2,0,0,0,0,0,0,0,0,2,0,2,2,0,0,2,0,0,0,0,2,2,0,0,2,0,2,0,2,0,0,0,0,0,0,0,0,0,0,2,0,0,0,0,0,0,2,0,0,0,0,2,0,0,0,0,0,2,0,2,0,0,2,0,2,2,2,0,2,2,0,0,2,2,0,0,2,0,2,0,0,0,0,0,0,0,0,0,0,0,2,0,0,0,0,0,0,0,0,0,2,0,2,0,0,0,0,2,0,0,2,0,2,0,2,0,0,0,0,0,0,0,0,2,0,2,2,0,2,0,0,0,0,2,0,2,0,0,0,0,0,0,0,0,0,0,0,0,2,2,0,0,2,0,2,2,0,0,0,0,0,2,0,2,2,0,0,2,0,0,0,0,0,2,0,2,2,0,2,0,0,2,0,2,0,2,0,2,0,2,NA,0,2,2,2,0,0,2,2,0,2,0,0,2,0,0,0,0,0,0,0,0,0,0,0,0,0,0,0,0,NA,0,0,0,0,0,2,0,2,0,2,2,0,0,0,NA,0,0,0,0,0,0,0,2,0,0,2,0,0,0,0,0,0,0,0,0,0,0,0,0,0,0,2,0,0,0,2,0,0,0,0,0,0,0,0,2,2,0,0,NA,0,0,2,0,0,2,0,0,0,0,0,0,0,2,0,0,0,0,0,0,2,0,0,0,0,0,0,0,0,0,0,0,0,0,0,0,2,0,0,0,2,2,2,0,0,0,0,0,0,0,0,0,0,0,2,0,2,2,0,0,0,0,0,0,0,0,0,0,0,0,2,0,0,2,2,0,0,0,0,0,0,0,0,0,0,0,0,0,0,2,0,2,0,2,0,0,0,0,0,2,0,0,2,0,0,0,0,0,0,0,2,0,0,0,0,0,0,0,0,0,0,2,0,0,0,0,2,0,0,2,2,0,0,0,0,0,2,0,0,0,0,0,2,2,0,2,0,2,0,0,0,0,0,0,2,0,0,0,0,0,0,0,0,0,0,2,0,0,0,0,2,2,0,0,0,2,0,0,0,0,0,0,0,0,0,2,0,0,0,0,0,0,0,0,0,0,0,0,0,0,0,0,0,0,2,0,2,0,0,2,0,0,0,0,2,2,2,0,2,0,0,0,2,2,0,2,0,0,2,2,2,0,2,2,0,2,0,0,2,0,2,0,0,0,0,0,0,0,0,0,0,0,0,0,0,0,0,0,0,0,0,0,0,0,0,2,0,2,0,2,0,0,2,0,2,0,0,0,0,0,2,2,0,0,0,2,0,0,2,0,0,0,2,0,2,0,2,2,2,2,2,0,0,0,0,0,2,0,2,0,2,0,2,0,0,0,2,0,0,0,0,2,NA,2,0,2,2,2,0,2,0,0,2,0,0,0,0,0,0,0,0,0,0,0,0,2,2,0,0,2,0,0,0,2,0,0,2,0,0,0,0,0,0,2,2,2,2,2,0,0,2,2,2,2,2,0,2,0,0,0,0,2,2,0,0,0,2,0,0,2,2,0,0,2,0,0,0,2,0,0,2,2,0,0,0,0,0,0,0,0,2,0,2,0,0,0,0,0,0,0,0,0,0,0,0,0,2,0,0,0,0,0,0,2,0,0,2,2,0,2,2,0,2,2,0,0,0,2,0,0,2,0,2,2,0,0,2,0,2,0,0,0,0,2,0,0,0,0,2,0,0,2,0,0,0,0,0,0,0,0,0,0,2,2,2,0,0,0,0,2,0,0,0,0,0,0,0,0,0,0,0,0,2,0,0,0,2,0,0,0,0,0,2,0,0,0,0,0,2,0,0,0,0,0,0,0,2,0,0,0,0,0,2,0,0,2,0,0,0,0,2,2,0,0,0,2,2,0,0,0,0,0,0,0,0,0,0,0,0,0,0,2,0,0,0,0,2,0,2,2,0,0,0,0,0,0,2,2,0,2,0,2,0,2,2,2,0,0,0,2,2,2,2,0,0,0,2,0,2,2,0,0,2,0,0,2,0,0,0,0,0,0,2,0,0,0,2,0,0,0,2,0,2,0,2,0,0,0,0,2,2,2,0,2,2,0,0,0,0,0,0,0,0,2,2,2,0,0,0,0,0,0,2,0,0,2,0,0,2,NA,2,0,0,0,NA,0,0,0,0,0,0,2,0,0,2,2,0,0,2,0,0,0,0,0,0,0,0,0,0,0,2,2,0,2,0,2,0,2,2,0,0,2,0,0,0,0,0,0,0,2,0,0,0,2,0,2,0,0,0,2,2,0,2,0,0,2,2,2,0,0,0,0,0,0,2,0,0,0,0,0,0,0,0,0,0,0,0,0,0,0,0,0,0,0,0,2,0,0,0,2,0,0,2,0,2,0,0,2,0,2,0,0,0,0,2,0,0,0,2,0,0,0,0,0,0,NA,0,2,0,2,0,0,0,0,0,0,0,0,0,0,0,0,2,2,0,0,0,2,0,0,0,0,0,0,0,2,0,0,0,0,2,0,2,0,0,0,2,0,2,0,0,2,0,0,0,0,2,0,2,2,0,0,0,0,0,0,0,2,2,0,0,0,0,0,0,0,0,0,0,0,0,0,0,0,0,0,0,0,2,0,0,0,0,0,0,0,0,0,0,0,0,0,0,0,0,0,0,2,2,0,0,2,0,0,2,0,0,0,0,0,0,0,0,0,0,0,0,0,0,0,0,2,0,0,0,2,2,0,0,0,0,0,0,0,2,0,0,0,0,2,2,0,0,0,0,0,0,0,2,2,0,0,0,0,0,0,0,0,2,0,0,0,2,0,0,0,0,0,0,0,0,0,0,0,0,0,0,0,0,0,0,0,2,0,0,0,0,0,0,0,0,0,2,0,0,0,0,0,0,2,0,0,0,0,0,2,0,0,2,0,0,0,0,0,0,0,0,0,2,0,2,0,0,0,0,0,2,0,0,2,2,0,0,0,0,0,0,0,0,2,0,0,0,0,2,2,0,0,2,0,0,2,0,0,2,2,0,0,0,2,0,2,0,0,0,2,0,0,0,0,2,0,0,0,0,0,0,0,0,0,0,0,0,0,0,0,2,2,0,0,2,0,0,0,0,0,0,0,0,0,2,0,0,0,0,2,0,0,2,0,0,0,2,0,2,0,0,0,0,0,0,0,0,0,2,0,0,0,0,0,0,2,0,2,0,0,0,0,0,0,0,0,0,2,0,0,0,0,0,2,2,0,0,0,0,0,0,2,0,2,0,0,2,0,2,0,0,0,0,0,0,0,0,2,2,2,2,0,0,2,0,0,0,0,0,0,0,0,2,0,0,2,2,0,0,0,0,0,0,0,0,0,0,0,0,0,0,0,0,0,2,2,0,2,0,0,0,0,0,0,0,0,0,0,0,0,2,2,0,0,0,0,NA,2,0,0,0,0,2,0,0,0,0,2,2,0,0,0,2,0,0,0,0,0,0,0,0,0,0,2,2,0,0,0,0,0,0,0,0,0,0,0,2,0,0,0,0,0,0,0,0,0,0,0,2,0,0,0,0,0,0,2,0,0,0,0,0,0,0,0,0,0,0,2,0,0,0,0,0,0,0,0,0,0,0,0,0,0,0,0,0,0,2,0,0,0,2,0,0,2,2,2,2,0,2,0,0,0,0,0,0,2,0,0,0,0,2,0,0,0,2,2,2,0,0,0,0,0,0,0,2,0,0,0,0,0,0,2,0,0,2,0,0,0,0,0,0,0,0,2,2,0,0,0,0,0,0,0,2,2,0,0,0,0,0,0,0,0,0,2,0,0,0,0,0,0,0,0,0,0,0,2,0,0,0,0,0,0,0,2,0,0,0,0,0,0,0,0,0,0,0,0,0,2,0,0,0,0,0,0,0,0,0,2,0,0,0,2,0,0,0,0,0,0,0,0,0,0,0,2,0,0,0,0,0,0,0,0,0,0,0,0,2,0,0,0,0,0,0,0,0,0,2,0,0,0,0,0,0,0,0,0,0,0,2,2,0,0,2,0,0,0,2,0,0,0,0,0,0,0,0,0,0,0,0,2,0,0,0,0,0,0,0,0,2,0,0,2,0,2,0,0,0,2,0,0,0,0,0,0,0,0,0,0,0,0,0,2,0,0,0,0,0,0,0,0,0,0,0,0,0,0,2,2,0,0,0,0,0,0,0,0,0,0,0,0,0,0,0,0,0,0,0,2,2,0,0,0,2,0,0,0,0,0,0,0,0,0,2,0,0,0,0,0,2,0,0,0,2,2,0,0,0,0,0,2,0,0,2,0,2,0,0,0,2,0,0,2,0,0,0,0,0,0,2,0,0,0,0,0,0,2,0,2,2,2,0,0,0,2,0,0,2,0,0,2,2,2,2,0,2,0,0,2,2,0,0,0,0,0,0,0,0,0,0,0,2,0,0,0,0,0,0,0,0,0,0,0,0,2,0,2,0,0,0,0,0,0,2,2,0,0,0,2,0,0,0,0,2,2,0,0,0,0,0,0,0,0,0,0,0,0,0,0,0,2,2,0,0,2,0,0,0,0,0,0,2,0,0,0,0,0,0,0,0,0,0,0,0,0,2,0,0,0,2,0,0,2,0,0,0,2,2,0,0,0,0,0,0,0,2,0,2,0,0,0,2,0,0,2,0,0,2,0,2,0,0,0,0,0,0,NA,0,0,0,0,2,0,2,0,0,0,0,0,0,2,0,0,0,0,2,0,0,0,0,0,0,0,0,0,2,0,0,0,0,0,0,0,0,0,0,0,0,0,0,2,0,0,2,0,0,2,2,0,0,0,0,0,0,0,2,0,0,0,0,0,0,0,2,0,NA,0,0,0,0,0,0,2,0,0,2,0,0,0,0,0,2,2,0,0,0,0,0,0,0,0,0,0,0,0,0,0,2,0,0,0,2,2,0,0,2,2,0,2,2,2,0,0,2,2,2,2,0,0,0,2,0,0,0,2,0,2,0,0,0,0,0,0,2,0,0,2,0,0,0,0,0,2,0,0,0,0,0,2,0,0,0,2,2,0,0,2,2,2,0,0,2,0,0,0,2,0,0,0,0,0,0,0,0,0,2,0,0,0,0,0,0,0,0,0,0,0,0,0,0,0,0,0,0,0,0,0,0,2,0,0,2,2,2,NA,2,0,2,2,0,0,2,0,0,0,0,0,0,2,0,0,0,0,2,0,0,0,0,0,0,0,0,0,0,0,0,0,0,0,2,0,0,0,0,2,0,2,2,0,0,0,0,2,0,0,0,0,2,0,0,0,NA,0,0,0,0,0,0,0,0,0,0,0,0,2,0,2,0,0,0,2,0,0,0,2,2,0,2,0,0,2,0,0,0,0,0,0,2,0,0,2,0,NA,2,0,0,0,0,0,0,2,2,0,2,2,2,0,0,2,0,0,0,0,2,0,0,0,0,0,0,0,2,NA,0,2,0,2,0,0,0,0,0,2,0,0,0,0,2,0,0,0,0,0,0,0,0,2,0,0,0,0,0,0,2,2,0,0,0,0,2,0,2,2,0,0,0,2,0,0,0,2,2,0,0,0,2,0,0,2,0,0,0,0,2,0,2,2,0,0,0,0,0,0,0,NA
"CC285",0,0,0,0,0,0,0,0,0,0,0,0,0,0,2,2,0,0,0,0,0,2,0,0,2,0,0,0,2,2,0,0,0,0,2,2,0,2,0,0,2,0,0,2,2,0,0,0,0,0,0,2,0,2,0,0,0,2,0,0,0,0,2,2,0,2,0,0,0,2,0,0,0,2,0,0,0,2,0,2,0,0,0,0,0,2,2,0,0,0,0,2,0,0,0,0,0,0,2,2,2,2,0,2,2,0,0,NA,0,0,0,0,0,0,0,0,0,0,0,2,0,0,0,0,0,0,0,0,0,0,0,0,2,0,0,0,0,0,2,0,0,0,0,0,0,NA,2,0,0,0,0,0,0,0,2,0,0,0,NA,0,0,0,0,2,2,2,0,0,0,0,2,2,2,0,0,2,0,0,2,0,2,0,0,0,0,0,0,0,2,2,0,0,0,0,0,2,0,2,0,0,0,2,0,0,0,0,0,2,0,0,0,0,0,0,0,0,0,0,0,0,2,0,0,2,2,0,0,0,0,0,0,0,0,0,0,0,0,0,2,0,0,0,0,0,0,0,2,0,2,0,2,0,2,0,0,2,2,2,0,0,0,0,0,2,2,0,0,0,0,0,0,0,0,2,0,0,0,0,0,0,0,0,2,2,0,0,0,0,0,0,0,0,0,0,0,2,0,0,2,2,0,0,2,2,2,0,2,0,2,0,0,0,0,0,2,0,0,2,0,2,0,0,0,0,2,2,0,2,2,0,0,0,0,0,0,0,0,0,2,0,0,0,0,0,0,2,0,0,0,2,0,2,0,0,0,0,0,2,2,0,0,2,0,0,0,0,0,0,0,0,0,0,0,0,0,0,2,0,0,0,0,0,0,0,2,0,2,2,0,0,0,0,0,0,0,0,0,0,0,0,2,0,2,2,0,2,0,0,0,0,0,0,0,2,0,0,0,2,0,0,0,2,0,2,2,2,0,2,0,0,0,0,2,0,0,0,0,0,2,0,2,0,0,0,2,2,0,0,2,0,0,0,2,2,0,0,2,0,0,2,2,2,0,0,2,2,0,2,0,0,2,2,0,2,0,2,0,0,0,2,2,0,0,2,0,2,2,2,2,0,0,0,0,2,0,0,0,0,0,2,0,0,2,0,0,0,0,0,0,2,0,2,2,0,0,0,0,0,0,0,2,0,0,0,0,0,0,0,0,2,0,0,2,0,0,2,0,0,0,0,2,0,0,0,2,0,0,0,0,0,2,0,0,2,0,2,0,0,0,0,0,0,0,0,0,0,2,0,0,0,0,0,0,0,2,0,0,0,0,0,0,0,0,0,0,0,0,0,0,0,0,2,2,0,2,0,0,2,0,2,0,0,0,0,0,0,0,0,0,0,0,0,0,0,0,0,0,0,2,0,0,0,0,0,2,0,0,0,0,0,0,0,0,0,0,0,0,0,0,0,0,0,2,0,2,0,0,2,0,0,0,0,0,0,0,0,0,0,0,0,0,2,0,0,0,0,0,0,0,0,0,0,0,0,2,0,0,2,0,0,0,0,0,0,2,0,0,0,0,0,0,0,0,0,0,0,2,0,0,0,0,2,0,0,0,0,0,0,0,0,0,0,0,0,0,0,0,0,2,0,0,0,0,0,0,2,0,0,2,0,2,0,0,0,2,0,0,0,0,0,0,0,2,0,0,0,0,2,2,0,0,0,0,0,0,0,0,0,2,2,2,0,2,0,0,0,0,0,0,0,2,0,0,0,0,0,2,2,0,0,2,0,0,0,0,0,0,2,2,0,2,0,0,0,0,2,2,0,0,0,0,0,0,0,0,2,0,0,2,0,0,0,0,0,0,0,0,2,2,0,0,0,0,0,0,2,2,0,0,0,0,2,0,0,0,0,2,0,0,0,0,0,0,0,0,0,2,0,0,2,0,0,0,0,2,0,0,0,0,0,0,0,0,2,0,0,0,2,0,0,0,0,0,0,0,0,0,2,0,0,0,0,0,2,0,0,0,0,0,0,0,0,0,0,0,0,0,0,0,0,0,2,0,0,0,0,0,0,0,0,0,0,2,0,2,0,0,0,0,0,0,2,2,2,0,2,0,0,0,0,0,2,0,2,2,2,0,0,0,0,2,0,0,0,0,0,0,0,0,0,2,0,0,0,2,2,0,0,0,0,0,0,0,0,2,0,0,0,0,0,0,2,0,0,0,0,0,2,0,2,0,0,0,0,0,0,0,0,0,0,0,2,2,0,0,0,2,0,0,0,2,0,0,0,0,2,0,0,0,0,0,0,0,0,0,0,0,2,0,0,0,0,0,0,0,0,2,2,0,0,0,0,0,0,0,0,0,0,0,0,2,2,0,0,2,0,0,0,0,0,2,0,0,0,NA,0,0,0,2,0,0,0,0,0,0,0,2,0,2,0,2,0,0,0,2,0,0,0,0,0,2,0,0,0,2,0,0,0,0,2,2,0,0,0,0,0,0,0,0,0,2,0,0,2,0,0,0,2,2,0,0,0,0,2,0,0,0,0,2,2,2,0,0,0,2,0,0,0,2,0,0,0,0,0,0,2,0,0,0,0,0,2,2,2,0,0,0,2,0,0,0,0,0,0,0,0,0,0,0,0,0,0,0,0,0,2,0,2,0,2,2,2,0,0,0,0,2,2,0,0,2,2,0,0,0,0,0,0,0,0,0,2,0,0,0,0,0,0,2,0,0,0,0,0,0,0,0,0,0,0,0,0,0,0,0,2,0,0,0,NA,2,0,0,0,0,0,0,2,2,0,0,0,0,0,0,0,0,0,0,0,0,0,0,0,2,0,0,0,2,2,0,0,0,0,0,0,0,0,0,0,0,0,0,0,0,0,0,2,0,2,0,0,2,0,2,2,0,0,0,0,0,0,2,0,0,0,0,0,0,0,0,0,0,0,0,0,0,0,0,0,0,2,0,0,2,2,0,2,0,0,2,0,0,0,2,2,0,0,0,0,0,2,0,0,0,2,2,2,2,2,2,0,2,0,2,0,0,0,0,0,0,2,2,0,0,0,0,0,0,0,0,2,2,2,2,0,0,0,0,0,2,2,2,2,0,0,0,0,0,2,2,0,0,0,0,0,2,0,2,0,0,0,0,2,0,0,0,0,0,0,0,0,0,0,0,0,0,0,0,0,0,2,2,0,0,0,0,0,2,0,0,0,0,0,2,2,0,0,0,0,0,0,0,2,2,0,2,0,0,2,2,0,0,2,2,2,0,0,0,0,0,0,2,0,0,0,2,0,0,0,0,0,0,0,0,0,0,0,0,2,0,0,0,0,0,0,0,0,0,0,0,0,0,0,0,0,0,0,0,0,0,0,0,0,0,0,0,0,2,0,0,0,0,0,0,0,0,0,2,0,0,2,2,0,2,0,0,0,0,0,0,0,0,0,0,2,2,0,0,2,2,0,2,0,2,NA,0,0,0,0,0,2,0,0,0,0,0,0,0,2,0,0,0,2,0,0,0,2,0,0,2,0,0,0,0,0,0,0,0,2,0,0,0,0,0,2,0,2,0,0,0,0,2,0,0,0,0,0,0,0,0,2,2,0,0,0,0,0,0,2,0,0,0,2,0,2,2,0,0,0,0,2,0,0,2,0,0,0,0,2,0,2,0,0,0,0,0,2,0,NA,0,0,0,0,0,0,0,0,0,0,2,2,2,0,0,0,0,0,2,0,0,2,0,0,2,2,2,0,0,0,0,2,2,0,0,0,0,2,0,0,0,0,0,0,0,0,0,2,0,0,0,2,2,0,0,0,2,0,2,2,0,0,0,0,0,2,0,0,0,0,0,0,2,0,0,2,2,0,0,0,0,0,0,0,0,0,0,0,0,2,2,0,0,0,0,2,2,0,0,2,2,0,2,0,0,0,2,0,2,0,2,0,0,0,0,0,0,2,0,0,0,0,0,0,0,2,0,0,0,0,0,0,2,0,0,0,2,0,0,0,0,2,0,0,0,0,2,0,2,0,0,0,0,0,0,0,0,0,0,0,0,0,2,0,0,0,0,0,0,0,0,0,2,2,0,2,2,0,0,2,0,0,0,0,2,0,2,0,2,0,0,0,2,2,0,0,0,0,0,0,0,0,0,0,0,2,0,0,0,0,0,2,0,2,0,0,0,0,0,0,0,0,0,0,2,0,2,0,0,2,2,0,0,0,0,2,0,2,2,2,0,0,0,2,0,0,0,0,2,0,0,0,0,0,0,0,0,0,0,0,2,0,0,0,0,2,0,0,0,2,2,0,0,0,2,0,2,0,0,0,0,0,2,2,2,2,0,2,2,0,0,0,0,0,2,0,0,0,0,0,2,2,0,2,0,0,0,0,2,0,0,2,0,0,2,0,2,0,0,0,2,0,2,0,2,0,2,2,0,0,0,0,0,0,2,0,0,0,0,0,0,0,0,0,0,0,0,0,0,0,0,0,0,0,0,2,0,2,0,2,2,0,0,0,0,2,0,0,0,0,0,0,0,0,0,0,0,2,2,0,0,2,0,0,0,0,2,0,0,0,2,0,0,2,2,0,0,0,2,0,0,0,0,0,0,0,0,0,0,2,2,0,0,0,0,0,0,0,2,2,0,0,0,0,0,0,0,0,0,0,0,0,2,0,0,0,0,0,0,0,0,0,2,0,0,0,0,0,0,0,0,2,0,0,0,0,NA,2,0,0,0,0,NA,NA,0,NA,0,2,2,0,2,0,0,0,0,0,0,0,2,0,0,NA,0,2,0,0,0,0,0,0,0,0,2,0,0,0,0,0,0,0,2,2,0,0,0,2,0,0,0,0,0,0,0,0,2,2,0,2,0,0,0,0,0,0,0,0,0,0,0,0,2,0,0,0,0,0,0,2,0,0,0,0,2,0,0,0,0,0,0,0,0,0,0,0,0,0,0,0,0,2,0,2,2,0,0,0,0,2,2,0,0,2,2,2,2,0,0,0,0,2,0,0,0,2,0,0,2,2,0,0,0,0,0,2,0,0,2,0,0,2,0,0,0,0,0,2,0,0,0,0,0,0,0,0,0,2,2,0,0,0,0,0,2,0,0,0,0,2,2,2,0,0,2,0,2,2,0,0,2,0,2,0,0,0,2,0,2,0,0,0,0,2,2,0,0,0,0,0,0,0,2,0,0,0,2,2,2,2,0,0,0,0,0,2,0,0,2,0,0,0,0,0,2,0,2,0,0,2,0,2,2,0,0,0,2,0,0,0,0,0,0,0,0,2,0,0,0,0,0,0,0,0,0,0,0,0,0,2,0,2,0,0,2,0,0,0,0,0,0,0,0,0,0,0,0,0,2,0,0,0,0,0,0,0,0,0,0,0,2,2,0,2,0,0,0,0,0,2,0,0,2,2,0,0,0,0,0,0,2,0,0,0,0,0,0,2,0,0,0,2,0,0,0,0,0,0,0,0,0,0,2,0,2,0,0,2,2,0,0,0,0,0,0,2,NA,0,2,0,2,0,0,0,0,0,0,0,0,0,0,0,0,0,2,0,0,0,2,0,0,0,0,0,0,0,0,0,0,0,2,0,0,0,0,0,0,0,0,0,0,0,2,0,0,0,0,0,0,0,0,0,0,0,0,0,2,0,0,0,0,0,0,0,0,0,0,0,0,0,2,0,0,0,0,2,0,0,2,0,0,0,0,2,0,0,0,0,0,0,0,0,0,0,0,0,0,0,0,0,2,0,0,0,2,0,2,0,0,0,0,0,0,0,0,0,2,0,0,0,0,0,0,0,0,2,2,0,2,0,0,0,0,2,2,0,0,0,0,0,0,0,0,2,0,0,0,0,0,0,0,0,0,0,0,0,0,0,2,0,2,0,0,0,2,2,0,0,0,0,0,2,0,0,0,2,0,0,0,0,0,2,2,0,2,2,0,0,0,0,0,0,0,0,0,2,0,0,2,0,2,2,0,0,0,2,0,0,0,2,0,0,2,2,0,0,0,0,2,0,2,2,2,0,2,0,0,0,0,2,2,0,0,0,0,2,0,0,2,0,0,0,0,0,0,0,2,0,0,0,0,0,2,0,0,0,0,0,0,0,2,0,0,2,0,0,0,2,0,0,0,0,2,2,0,0,0,0,2,0,0,2,0,0,0,0,0,0,0,0,0,0,0,0,0,0,0,2,2,2,0,0,2,0,2,0,2,0,0,0,0,0,0,0,0,0,0,0,0,0,0,0,0,0,0,0,0,0,0,0,0,0,0,0,0,0,0,2,0,0,0,0,0,2,0,0,0,0,2,0,0,0,0,0,2,0,2,0,2,0,0,0,NA,2,0,0,2,0,0,2,2,2,2,2,0,0,0,0,0,2,0,2,2,0,0,0,0,0,0,0,0,0,2,0,2,0,0,2,2,0,0,0,0,0,0,0,0,0,0,0,0,2,0,0,0,0,0,0,0,0,0,0,2,0,0,0,0,2,2,0,0,2,2,0,0,0,0,0,0,0,0,0,0,0,0,0,2,0,0,0,0,2,2,0,0,0,0,0,0,0,2,0,0,0,0,0,2,2,0,0,0,2,0,0,2,2,0,0,0,0,2,0,0,0,0,0,2,0,0,0,2,0,0,0,2,2,0,0,0,0,2,0,0,0,0,0,0,0,0,0,0,2,0,2,0,0,0,2,0,0,0,0,0,0,0,0,0,0,0,0,0,2,0,0,0,0,0,2,0,0,0,0,2,0,2,0,0,0,0,0,0,0,0,0,0,0,0,0,0,0,0,0,0,0,0,0,0,0,0,0,0,0,2,2,0,0,0,2,2,0,0,0,2,0,0,0,0,2,0,0,2,0,0,2,2,0,0,0,0,0,0,0,0,0,2,0,0,0,0,0,0,0,0,0,0,0,0,2,2,0,2,0,0,0,0,0,2,0,0,0,2,2,0,0,2,0,0,0,2,0,0,0,2,2,0,2,0,2,0,0,0,2,0,0,0,0,0,0,0,0,0,0,0,0,0,0,0,0,2,0,0,2,0,0,0,0,2,0,0,0,0,0,2,0,0,0,0,0,0,0,0,0,0,0,2,0,0,0,2,0,0,0,0,NA,0,0,0,2,0,0,0,0,0,0,0,0,0,0,0,0,2,0,0,0,2,0,0,2,2,2,0,0,0,2,2,0,2,0,2,0,0,0,2,2,0,0,0,NA,0,0,0,0,0,2,0,0,0,0,2,0,2,0,2,0,0,2,2,2,0,0,0,2,0,2,2,0,0,2,0,0,0,2,2,2,2,0,0,0,0,2,0,0,0,0,0,0,0,0,0,0,0,0,0,0,0,0,0,0,0,0,0,2,0,0,0,0,0,0,0,0,0,0,0,0,2,0,0,0,0,0,0,0,0,0,0,2,0,0,0,0,0,0,0,0,0,0,0,0,0,2,2,2,2,2,0,0,0,0,2,0,0,0,0,2,0,0,0,2,2,0,0,0,2,0,2,0,0,0,0,0,0,0,0,2,0,2,0,2,0,2,0,0,0,0,0,0,0,2,2,2,2,0,0,0,2,2,2,2,2,0,NA,0,0,0,0,0,0,2,0,2,2,2,0,0,0,0,2,0,0,0,2,0,2,0,0,0,0,0,0,0,2,2,0,0,0,0,2,2,2,2,0,0,0,2,0,0,0,0,2,NA,0,0,0,2,0,2,0,0,0,0,0,0,0,0,2,0,0,2,2,0,NA,2,0,2,0,2,2,2,0,0,0,0,0,0,0,0,0,0,2,0,0,0,0,0,0,0,0,2,0,0,0,0,0,2,2,0,2,2,0,2,0,0,0,0,2,0,0,2,0,2,2,0,0,0,0,2,0,0,0,0,2,0,0,0,0,2,0,0,2,0,0,0,0,0,2,2,0,0,2,0,0,0,2,0,0,0,0,0,0,0,2,0,0,2,0,0,2,0,0,0,NA,2,2,2,0,2,0,0,0,0,0,0,0,0,0,2,0,0,0,0,0,2,0,0,2,0,0,0,0,0,0,0,2,0,2,0,0,0,2,0,0,0,0,0,2,0,0,2,0,2,0,0,0,0,0,0,0,2,0,0,2,0,0,0,0,0,2,0,NA,0,0,0,0,0,0,2,0,2,0,2,0,0,0,2,2,0,0,2,0,2,0,2,0,0,0,0,0,0,0,0,2,2,2,2,0,2,2,0,2,0,0,0,0,0,0,0,0,0,2,0,0,2,2,2,0,2,0,2,2,0,0,2,0,0,0,0,2,0,0,0,0,2,2,0,0,2,2,2,2,2,0,0,2,2,2,2,0,2,2,0,0,0,0,0,0,0,0,0,2,0,0,2,2,0,2,0,NA,0,0,0,0,0,0,0,0,0,0,0,0,0,0,0,0,0,2,0,0,0,0,0,0,2,0,0,0,0,2,0,0,2,2,0,0,0,0,0,0,2,0,0,0,0,0,0,0,0,0,0,0,0,0,0,0,0,0,0,0,0,0,0,0,0,0,0,0,0,0,2,2,0,0,0,2,2,0,0,0,0,0,2,0,0,0,2,2,0,2,2,0,0,0,2,0,2,0,2,0,0,0,0,0,0,NA,2,0,0,2,0,0,0,0,0,0,0,0,0,0,0,0,2,0,0,0,0,2,0,0,0,0,0,0,0,2,0,0,0,0,0,0,2,0,0,0,0,0,0,0,0,0,0,2,2,0,0,2,0,0,2,0,0,0,0,0,0,0,0,0,0,0,0,0,0,0,0,0,0,0,0,0,0,0,0,0,0,0,0,2,0,2,0,0,2,0,0,2,0,0,2,0,0,0,0,0,0,0,0,2,0,0,0,2,0,0,0,0,0,0,0,0,0,0,0,0,0,0,0,0,0,0,0,0,0,0,0,0,0,0,0,0,0,0,2,0,0,0,0,2,2,0,0,0,0,0,0,0,2,2,0,0,0,0,0,0,0,0,2,0,0,0,2,0,0,0,0,0,0,0,0,0,0,0,0,0,0,0,0,0,0,0,2,2,0,0,0,0,2,0,0,0,0,0,0,0,0,0,0,0,0,0,0,0,0,0,2,0,0,0,0,0,0,0,0,0,2,0,2,0,0,2,2,2,0,0,2,0,0,2,2,0,0,0,0,2,0,0,0,2,2,0,0,0,2,2,0,2,2,0,0,0,0,0,0,0,2,2,0,2,0,0,0,0,0,0,0,0,0,0,0,0,0,2,2,0,0,2,2,0,0,0,0,0,0,0,0,2,0,0,0,0,2,0,0,0,0,2,0,0,2,2,0,0,0,0,0,0,2,2,0,0,2,0,2,0,0,0,0,2,0,0,0,0,0,2,0,0,0,0,0,2,0,2,0,0,0,2,0,0,0,0,0,2,0,0,0,0,2,0,0,0,0,0,0,0,0,2,0,0,0,0,0,0,0,0,0,0,0,2,0,0,0,2,0,2,0,0,0,2,2,0,0,0,0,0,0,0,2,0,0,2,0,0,0,0,0,0,0,0,0,0,0,0,0,0,0,0,0,0,2,0,0,0,0,0,0,0,0,0,2,0,0,0,0,0,2,2,0,0,0,0,0,0,0,0,0,0,0,0,0,0,0,0,0,0,0,0,2,0,0,0,0,0,0,0,0,0,2,0,0,0,0,0,0,2,0,0,0,0,0,0,0,0,0,0,0,0,0,0,0,0,0,0,0,0,0,0,0,0,0,2,0,0,0,0,0,0,0,0,0,0,0,0,0,0,2,0,0,2,0,0,0,0,0,0,2,0,0,2,2,0,2,0,2,0,0,0,0,0,0,0,0,2,0,0,2,2,2,0,0,2,0,0,0,0,0,0,0,0,0,2,0,0,2,0,0,0,0,0,2,0,0,0,0,0,0,2,0,0,0,0,0,0,0,2,0,0,0,2,2,0,0,0,0,0,2,2,0,0,0,0,0,0,0,0,2,0,0,2,2,0,0,0,0,0,0,0,0,0,2,0,0,2,0,0,0,0,0,2,0,0,0,0,2,0,0,0,0,0,0,2,0,0,0,0,0,0,0,0,0,2,0,0,0,0,2,0,0,2,2,0,0,0,0,0,0,0,0,2,0,0,0,2,0,0,0,2,0,0,0,0,2,0,0,0,0,0,0,0,0,0,0,0,0,0,2,0,2,0,0,2,0,0,0,2,0,0,0,0,0,0,2,0,0,2,0,0,0,0,0,0,0,2,0,2,0,0,0,0,0,0,0,0,0,0,0,0,0,2,0,0,0,0,0,0,0,0,0,0,0,0,0,2,0,0,0,2,0,0,0,0,0,0,0,0,0,0,0,0,0,0,2,2,0,0,0,0,0,2,0,0,0,2,0,0,0,0,2,0,0,0,2,2,0,0,0,0,0,0,0,2,2,0,0,0,0,0,0,0,0,0,0,2,2,0,0,0,0,2,0,0,0,0,0,0,0,0,2,0,2,0,0,0,2,0,0,2,0,0,0,0,2,2,2,0,0,0,0,0,0,0,0,2,0,2,0,0,2,0,0,0,NA,0,2,0,0,0,0,0,2,0,0,0,0,0,0,0,0,0,0,0,2,0,0,2,0,0,0,0,0,0,0,0,0,0,0,0,2,2,0,2,0,0,0,0,2,2,2,2,0,0,2,0,0,0,0,0,2,0,0,0,0,2,2,2,0,NA,0,2,0,2,2,0,2,2,0,2,0,0,2,0,0,0,2,2,0,2,0,2,0,0,2,2,0,0,2,2,0,2,0,0,2,2,0,2,0,2,2,2,2,0,0,0,0,0,0,0,0,0,0,2,0,0,2,0,0,2,0,2,0,0,0,0,0,0,0,0,0,0,0,0,0,2,0,0,0,0,0,0,0,0,0,0,0,0,0,0,0,0,2,0,0,0,2,0,0,0,0,0,0,0,0,0,0,0,0,0,0,2,0,0,2,0,0,2,0,0,0,2,0,0,0,0,2,0,0,0,0,0,2,0,0,0,0,0,0,2,0,0,0,0,0,0,0,0,2,0,0,0,0,0,0,0,0,0,0,0,0,0,0,0,0,0,0,2,0,0,0,0,0,0,0,0,2,0,0,0,0,0,0,2,0,2,2,0,0,0,2,0,0,0,0,0,0,2,0,0,0,2,0,2,0,0,0,0,0,2,0,0,0,0,0,0,0,0,2,0,0,0,0,0,0,0,0,0,0,2,2,0,0,0,2,0,2,0,2,0,0,0,0,0,2,0,0,0,0,0,2,0,0,0,0,0,0,0,0,0,0,0,2,2,0,2,0,0,0,0,2,2,0,2,2,0,0,0,2,0,0,0,0,0,0,0,2,0,2,2,0,0,0,0,0,2,0,0,0,0,2,0,0,0,0,0,0,0,0,0,0,0,0,0,2,0,0,0,0,0,0,2,0,2,2,0,2,0,0,2,0,0,0,0,2,0,0,0,0,0,0,2,0,0,0,2,0,0,0,0,0,0,0,2,0,0,0,0,0,2,0,2,0,0,2,0,0,2,0,0,0,0,0,2,0,0,0,0,0,0,2,0,2,0,0,0,0,2,2,0,0,2,2,0,0,0,0,2,0,0,2,0,0,0,0,0,0,0,2,NA,0,2,2,2,0,0,0,0,0,2,0,2,2,0,2,0,0,2,0,0,2,0,0,0,0,0,0,2,0,0,0,2,0,0,0,0,2,0,0,0,0,0,0,0,0,0,0,0,0,0,0,0,0,2,0,2,0,0,0,0,2,0,0,2,0,0,0,0,0,0,0,0
"CC286",0,0,0,0,2,0,0,2,2,0,0,2,2,0,2,0,0,0,0,0,0,2,0,0,0,2,2,0,2,0,0,0,0,0,2,0,2,0,0,0,2,2,2,0,0,2,0,0,0,2,0,0,0,0,0,0,0,0,2,2,2,0,0,0,2,0,2,0,0,0,0,0,0,0,2,2,2,2,0,2,2,0,0,2,0,0,0,0,2,0,2,0,0,2,0,2,0,0,0,0,0,0,0,0,2,0,0,0,0,2,0,2,0,0,0,0,0,0,0,2,0,0,0,0,2,2,0,0,0,0,0,0,0,0,0,0,2,2,2,0,0,2,0,0,0,0,0,2,0,2,0,0,0,0,0,2,0,0,0,0,0,0,0,0,0,2,0,2,2,2,2,0,2,2,0,2,0,2,0,0,0,2,2,0,0,0,0,0,0,0,2,2,0,0,0,0,0,2,0,0,0,2,0,0,2,0,2,0,2,0,2,0,2,0,2,0,2,0,0,2,2,2,2,0,0,2,0,0,0,2,2,2,0,0,0,2,2,0,0,0,0,0,0,0,0,0,0,0,2,0,0,2,0,0,2,2,0,0,2,2,0,0,2,2,0,0,2,0,2,0,2,0,0,2,0,0,0,2,2,0,0,0,2,0,2,2,0,0,0,2,2,0,0,2,2,0,0,0,2,2,0,0,2,2,2,0,0,2,0,0,0,0,2,0,0,0,0,0,2,0,0,0,0,0,0,0,2,0,0,0,0,2,2,0,0,0,0,0,2,0,0,0,0,0,0,0,0,0,2,0,0,0,2,0,0,0,0,0,0,2,2,2,0,0,0,0,0,2,0,2,0,0,2,0,2,0,0,2,2,2,0,0,0,0,0,0,2,2,0,0,0,0,0,0,0,0,0,0,2,0,0,0,2,2,2,2,2,0,2,0,2,0,2,0,0,0,2,2,0,2,2,0,0,0,2,0,0,2,2,2,0,2,0,0,0,0,0,2,0,2,0,0,0,0,0,2,0,0,2,0,2,2,0,0,2,2,0,0,2,2,0,2,2,0,0,NA,2,0,0,0,NA,2,0,2,0,0,0,0,0,0,0,2,2,0,0,2,0,0,0,0,0,0,2,0,0,0,2,0,2,0,2,2,0,0,2,0,2,0,2,0,0,2,0,0,2,0,0,0,2,0,2,0,0,0,0,2,0,2,0,0,0,0,0,0,0,2,0,0,0,0,0,2,0,0,0,2,2,0,0,2,0,0,0,2,0,0,0,0,2,0,0,2,0,2,0,0,0,0,0,2,0,0,0,2,0,0,2,2,2,2,0,2,0,0,0,0,2,0,0,0,0,0,0,0,0,0,0,2,0,0,0,0,0,2,2,0,0,0,0,0,2,0,2,2,0,0,2,0,2,0,0,0,2,2,2,0,2,0,0,0,0,0,0,0,2,0,0,2,0,2,2,0,0,0,0,0,0,2,0,0,0,0,2,0,0,0,2,0,0,0,0,2,0,0,0,0,0,2,0,0,2,2,0,0,0,0,0,2,2,0,0,2,0,0,0,0,0,0,0,0,0,2,0,0,0,0,2,2,2,2,0,0,0,0,0,0,0,0,2,0,0,2,0,0,2,2,2,0,0,0,0,0,0,0,0,0,0,0,0,0,2,2,0,0,0,0,0,0,2,2,0,0,0,2,0,2,0,0,2,2,0,2,0,0,0,0,0,2,0,0,0,0,0,2,0,0,2,0,0,0,2,0,0,0,2,0,2,0,2,2,0,2,0,2,0,0,0,0,0,0,0,0,0,0,0,2,0,2,0,0,0,0,0,2,2,0,2,0,0,0,0,2,0,2,0,0,2,0,0,0,0,0,0,0,0,0,0,0,0,0,2,0,0,0,2,0,2,0,0,0,2,2,0,0,0,0,0,2,0,2,0,0,0,0,2,0,0,0,0,0,2,0,2,2,0,0,2,0,0,0,2,0,0,0,2,0,0,0,0,0,0,2,0,0,0,0,2,0,0,2,2,0,0,0,2,0,2,0,0,0,0,0,0,0,2,0,0,2,0,0,0,0,0,0,0,2,0,0,0,0,2,2,2,2,0,0,0,0,0,0,2,2,0,2,2,0,2,0,0,0,0,0,2,2,0,0,0,0,0,0,0,0,2,0,0,0,0,2,0,2,0,0,2,0,0,0,0,0,0,0,2,0,0,0,0,0,0,2,0,0,0,0,0,0,0,0,0,0,0,2,0,2,2,0,0,2,0,0,0,0,0,0,0,0,0,0,2,0,2,0,0,0,0,0,0,0,0,0,0,0,2,0,2,0,0,2,0,0,0,0,0,0,0,0,0,0,0,2,2,2,0,0,0,0,0,0,0,2,0,0,0,0,0,0,0,0,0,0,2,2,2,0,2,0,0,0,0,2,2,0,2,0,0,2,0,2,2,2,0,0,0,0,0,0,0,0,0,0,0,0,0,0,0,0,0,2,0,0,0,0,0,0,0,0,0,0,0,2,2,0,2,0,0,0,0,0,0,0,0,2,2,0,0,2,0,0,2,2,0,2,0,2,2,0,0,0,0,2,2,0,0,0,0,0,2,0,0,0,0,2,2,0,2,0,0,0,0,0,0,0,0,0,0,0,0,2,0,0,2,2,2,0,0,0,2,0,0,0,0,2,2,2,0,0,0,0,0,0,2,0,0,0,0,0,0,2,0,0,0,0,2,2,0,0,2,2,0,0,2,2,0,0,0,2,0,0,0,0,0,0,2,2,2,0,0,2,0,0,0,2,0,2,0,0,0,0,2,2,2,0,0,2,0,2,0,2,0,0,2,0,2,0,0,0,0,0,2,2,0,0,0,2,0,2,0,0,0,2,0,0,0,0,0,2,0,0,2,0,2,2,0,2,0,0,0,0,0,0,0,2,2,0,0,2,2,0,2,0,0,0,0,0,0,0,2,0,0,0,0,0,0,2,2,0,0,0,0,2,2,0,0,0,0,2,2,0,0,0,2,2,0,0,0,2,0,0,2,0,0,0,0,2,2,2,2,0,2,0,2,0,0,0,2,2,2,0,0,0,2,0,0,0,0,0,0,2,2,0,0,0,0,2,0,0,0,0,0,2,0,0,0,0,0,2,2,2,0,2,2,2,0,0,0,0,0,0,2,0,2,0,0,2,2,2,0,0,0,0,0,0,0,2,0,2,2,0,0,0,0,0,0,0,2,0,0,2,0,0,2,0,2,0,0,0,0,0,0,2,0,0,0,0,0,0,0,2,0,0,2,2,0,0,0,2,2,2,0,0,0,0,0,0,0,0,2,2,2,0,2,0,0,0,0,0,0,2,0,0,0,2,0,2,0,0,0,0,0,0,0,0,0,2,2,0,0,0,2,2,0,0,2,0,0,0,0,2,0,2,0,2,0,0,0,0,0,0,0,0,0,0,0,0,2,0,0,NA,0,0,0,0,0,2,0,0,0,0,0,0,2,2,0,0,0,0,0,0,0,0,0,0,0,0,0,0,2,0,0,0,0,2,2,0,0,2,0,0,2,2,0,0,0,0,2,0,0,0,0,0,0,0,0,0,0,0,2,0,0,0,0,2,0,0,0,0,0,0,0,0,0,2,0,2,2,0,0,0,0,2,0,0,0,0,0,0,0,0,0,2,2,0,2,0,0,0,0,0,0,0,2,0,0,0,0,2,2,0,0,0,0,2,0,2,0,2,0,0,0,2,0,2,0,0,0,0,0,2,2,0,0,0,0,2,0,0,2,0,0,0,2,0,0,0,0,0,2,0,0,0,0,0,2,0,0,0,0,0,0,0,2,0,0,0,2,0,2,2,2,0,0,0,2,0,0,0,0,0,0,0,0,0,0,2,2,2,2,0,2,0,0,0,2,0,2,2,0,0,0,2,2,0,2,0,0,0,0,2,0,0,2,0,0,0,2,0,2,0,2,2,2,0,0,0,2,0,0,2,0,0,0,0,0,0,0,0,0,0,0,2,0,0,0,0,0,0,0,0,2,2,0,0,0,0,0,0,0,0,0,0,0,0,0,0,0,0,0,0,0,2,2,0,0,0,2,0,0,0,0,0,0,2,0,0,0,2,0,2,0,2,0,0,0,2,2,2,0,0,0,0,0,0,0,0,0,2,2,0,2,2,0,0,0,0,2,0,0,2,2,2,2,0,0,0,0,2,0,0,0,2,0,2,0,2,2,0,0,0,2,2,0,0,0,2,2,2,0,0,0,0,0,0,0,0,0,0,0,0,2,2,0,0,0,0,0,0,2,2,2,2,2,0,0,0,0,NA,0,2,2,0,0,0,2,2,2,0,2,2,0,2,0,NA,0,0,2,2,2,0,0,0,0,0,2,0,0,0,2,0,2,0,0,2,0,2,0,2,0,2,2,0,0,2,0,2,0,0,0,0,0,0,0,0,0,0,0,0,0,2,0,0,0,0,2,0,0,0,0,0,0,0,2,0,2,2,0,0,2,0,0,0,0,0,0,0,0,0,0,0,0,2,0,0,0,0,0,2,0,0,0,2,2,0,0,0,0,2,0,0,0,2,0,2,0,0,0,0,0,0,2,2,0,0,0,0,0,2,0,0,0,0,2,NA,2,2,0,2,2,0,0,2,0,0,0,0,0,2,2,0,0,0,2,0,0,0,2,0,0,0,0,2,0,0,0,0,0,0,2,0,2,2,0,0,0,2,2,2,0,2,0,2,0,2,0,0,0,0,0,0,2,0,0,0,2,2,2,0,0,0,2,0,0,0,0,0,0,0,0,2,0,0,2,2,0,0,0,2,0,0,2,0,0,0,0,0,0,2,0,0,0,0,2,0,2,0,0,0,2,0,2,0,0,0,0,0,2,0,0,0,0,0,0,0,0,0,2,0,0,0,0,0,0,0,0,2,0,0,0,0,2,0,0,0,0,0,0,0,0,2,0,0,0,2,2,0,0,0,0,0,0,0,2,0,0,0,0,2,0,0,2,0,0,0,0,0,2,0,0,2,0,2,2,2,0,0,0,0,0,2,0,2,0,2,0,0,0,0,0,2,0,2,0,0,NA,2,0,2,0,0,2,0,2,0,0,0,0,0,0,0,0,0,0,0,0,0,0,0,2,0,0,0,2,0,0,2,0,0,0,0,0,0,2,0,0,0,0,2,0,0,0,0,2,0,2,0,2,0,0,0,0,2,0,0,2,2,0,0,0,0,2,0,0,0,0,0,0,2,0,0,0,0,0,0,0,0,0,0,0,0,0,0,0,0,0,0,0,0,2,0,0,0,0,0,0,0,2,0,0,0,0,0,0,2,0,0,0,0,0,0,0,0,0,0,0,0,2,0,0,0,0,0,0,0,0,0,0,2,0,0,0,0,2,0,0,0,0,0,0,0,0,0,0,0,0,0,2,2,0,0,0,2,0,0,0,0,0,0,0,0,0,0,0,0,0,0,0,0,0,0,0,0,0,0,0,0,0,0,2,0,0,0,2,0,0,0,0,2,0,2,0,0,0,0,0,2,0,0,0,0,0,2,0,2,2,0,0,2,0,0,0,2,0,0,0,0,0,0,2,0,0,2,0,0,0,0,0,0,0,2,0,0,0,2,0,0,0,0,0,0,2,0,0,2,0,0,0,0,0,0,0,0,0,2,2,0,0,0,0,0,0,0,2,0,0,0,2,0,0,0,2,0,0,0,0,0,0,0,0,0,0,2,0,2,0,0,0,0,0,2,0,0,0,0,0,0,0,0,2,2,0,0,0,0,0,2,2,0,0,2,2,0,0,0,0,0,2,0,0,0,0,0,0,0,0,0,0,2,0,0,0,0,0,2,0,0,0,0,0,0,0,0,0,2,0,0,0,0,2,0,2,2,0,0,0,2,2,0,0,0,2,2,2,0,0,0,0,0,0,0,0,0,0,2,0,2,0,0,0,0,2,0,2,0,2,0,0,2,2,0,0,0,0,0,0,0,0,0,0,0,2,0,0,0,0,0,0,0,0,0,0,0,0,0,0,0,0,0,0,0,0,0,0,2,0,0,0,2,0,0,0,0,0,0,0,2,0,0,2,0,0,0,0,0,0,0,0,0,0,0,0,0,0,0,0,0,0,0,0,2,0,0,2,0,0,0,2,0,0,0,0,0,0,0,0,2,0,0,0,0,0,0,2,0,2,0,2,0,0,0,0,0,0,0,0,0,2,2,0,0,2,0,0,0,0,0,0,0,0,0,0,0,2,0,0,0,0,0,2,0,0,2,0,2,0,0,0,0,0,0,2,0,0,0,0,0,0,0,2,0,2,0,0,0,0,0,0,0,0,0,0,0,0,2,2,0,2,0,0,0,0,2,0,0,0,2,0,0,2,2,0,0,0,0,0,0,2,0,2,2,0,0,0,0,0,2,0,0,0,2,0,0,2,0,0,0,0,0,0,2,2,0,2,0,0,2,0,2,0,0,0,0,2,0,2,0,0,0,2,0,0,2,0,0,0,2,0,0,0,0,0,2,2,0,2,2,0,0,0,2,0,0,0,0,2,0,0,0,0,0,0,0,0,0,0,0,0,0,0,0,0,0,0,0,0,0,0,0,2,2,2,0,0,0,0,0,0,0,0,2,0,2,0,0,0,0,0,0,0,0,2,0,0,0,0,2,0,0,2,2,0,0,0,0,0,2,0,2,0,0,0,0,0,2,0,0,2,0,0,0,2,0,0,2,2,0,0,2,0,0,0,2,2,0,0,0,0,2,0,0,0,2,0,0,0,0,0,0,0,2,0,0,2,0,0,0,0,0,0,2,0,0,0,0,0,0,0,0,0,0,0,0,0,2,0,2,0,0,0,0,0,0,2,0,0,0,0,2,0,0,0,0,0,2,2,0,0,0,0,0,0,0,0,0,2,0,2,0,0,0,0,0,0,0,0,0,2,0,0,0,0,2,0,0,2,0,0,0,0,0,0,0,0,0,0,2,0,0,0,0,0,2,0,2,0,0,0,2,0,0,0,0,0,0,0,2,0,0,0,0,2,2,0,0,2,2,2,2,0,0,0,0,0,0,0,0,0,0,2,2,2,0,0,2,0,NA,0,0,0,0,0,2,0,0,2,0,0,0,2,2,2,0,0,0,0,2,2,0,2,0,2,2,0,0,0,2,2,0,2,0,0,0,0,0,0,0,0,0,0,0,0,2,0,0,0,2,0,0,0,2,0,0,0,2,0,0,0,0,0,0,0,0,0,0,0,0,0,0,0,0,0,2,0,0,0,0,0,0,2,0,0,0,0,0,2,0,0,2,0,2,2,0,2,2,0,0,2,0,2,2,2,2,2,0,0,0,2,0,0,0,0,0,2,2,0,0,0,0,0,0,2,0,0,0,0,0,2,2,0,0,2,2,0,0,0,0,2,0,NA,2,0,2,2,2,0,0,0,2,0,2,2,0,2,0,2,2,0,0,0,2,2,2,0,2,0,2,0,0,0,2,0,2,0,0,0,2,2,0,0,0,2,2,0,0,2,2,0,0,0,0,0,2,0,2,2,2,2,0,0,2,0,0,2,0,0,0,0,0,0,0,2,0,0,0,0,0,0,0,0,0,0,2,0,0,0,0,2,0,0,0,0,2,2,2,0,0,0,0,0,NA,0,0,0,0,0,2,0,0,2,0,2,0,0,0,0,0,2,2,2,0,2,0,0,2,0,0,0,0,0,0,0,0,0,0,2,0,2,0,0,0,0,2,0,0,2,0,0,0,0,0,0,0,0,0,0,0,0,0,2,0,0,0,2,0,2,2,2,0,0,0,0,0,2,0,0,0,0,0,0,0,0,0,0,0,0,2,0,2,0,2,0,0,2,0,0,2,0,0,2,2,0,0,0,0,0,0,0,2,0,0,2,0,0,0,0,0,0,0,0,0,0,0,0,0,2,0,0,0,0,0,2,0,0,0,0,0,0,0,2,0,0,0,0,0,0,0,2,0,0,2,2,0,0,2,2,0,0,0,2,2,0,0,0,0,0,0,0,0,0,0,0,0,2,0,2,2,0,2,0,2,0,0,0,0,0,0,0,2,0,0,0,0,0,0,0,2,0,2,2,0,0,0,2,0,0,2,0,0,0,0,2,0,0,2,2,0,0,0,0,2,0,2,2,0,0,0,0,0,0,0,0,0,0,0,0,0,0,0,0,0,0,0,0,0,0,0,0,0,0,0,0,0,0,0,0,2,0,0,0,2,2,0,0,0,0,0,2,0,0,0,2,0,0,0,2,0,0,0,0,0,0,0,0,0,0,0,0,0,0,0,0,0,0,2,2,0,0,0,0,0,0,0,0,0,0,0,0,0,0,0,0,0,0,0,0,2,2,0,2,0,0,0,0,0,0,0,0,0,0,0,0,2,0,0,0,0,0,0,0,0,0,0,0,0,0,0,0,0,0,2,0,0,0,0,0,0,0,0,2,0,2,0,2,0,0,0,2,0,0,0,0,2,0,0,0,0,0,0,0,0,0,0,0,0,0,2,0,0,2,0,0,2,2,0,0,0,0,0,2,2,0,2,2,0,0,0,0,0,0,2,2,0,0,0,0,0,0,0,0,0,0,0,0,0,0,0,0,0,0,0,0,0,2,NA,0,0,2,0,0,0,0,0,2,0,0,0,0,0,2,0,0,0,0,0,0,0,0,0,0,2,0,0,0,0,0,0,0,0,0,0,2,2,2,2,0,2,0,0,0,2,2,2,0,0,0,0,0,0,0,2,0,0,0,0,0,0,0,0,0,2,2,0,2,0,0,0,2,0,2,2,2,0,2,0,2,2,0,0,2,2,2,2,0,0,0,0,0,0,0,0,0,2,0,0,2,0,0,2,2,0,0,0,0,0,0,0,0,0,0,0,0,0,0,2,0,0,2,0,2,2,0,0,0,0,2,0,0,2,0,0,0,0,0,0,0,2,0,NA,2,2,2,0,2,2,2,0,0,0,2,0,0,2,0,2,0,2,2,2,0,0,2,0,0,2,0,2,0,0,0,2,2,0,0,2,0,0,0,0,0,0,0,2,2,0,0,2,0,0,0,0,0,0,2,2,0,0,2,0,0,0,0,2,0,0,0,2,0,0,2,0,0,0,0,0,0,0,0,0,0,0,0,2,0,2,0,0,0,0,0,0,0,0,0,2,2,0,0,0,0,0,0,0,2,0,0,0,0,0,0,2,0,0,0,0,0,0,2,0,0,0,0,0,0,0,2,0,2,0,0,0,0,0,2,0,2,0,0,0,0,2,0,0,0,0,0,0,0,0,0,0,0,0,0,0,0,2,0,0,0,0,0,0,2,0,2,0,2,NA,2,0,0,0,2,0,0,0,2,0,0,0,0,2,0,0,0,0,0,0,0,2,2,0,0,0,0,0,0,0,0,0,0,0,2,0,0,0,0,0,2,0,2,2,0,2,2,0,0,0,2,0,2,2,2,0,0,0,0,2,0,0,0,0,0,0,0,0,0,0,0,0,2,2,0,0,2,0,0,2,2,0,2,0,2,0,2,0,0,0,0,0,2,2,0,0,2,2,0,0,0,0,0,0,0,0,2,0,2,0,2,0,0,2,2,2,0,0,0,2,0,0,2,0,0,0,2,0,0,0,0,0,0,2,0,0,0,0,2,0,2,2,0,0,2,2,0,0,0,0,0,2,0,0,0,2,2,0,0,0,0,2,0,2,2,2,0,2,0,0,0,0,0,0,0,0,0,2,0,0,0,0,0,0,0,2,0,2,0,0,0,0,2,0,0,0,0,0,0,0,0,0,2,0,0,0,0,2,0,0,0,2,2,0,0,0,0,0,0,0,2,0,0,2,0,0,0,0,0,0,0,0,0,0,0,0,0,0,2,0,0,0,0,0,2,0,0,0,0,0,0,2,2,0,0,0,2,2,0,0,0,0,0,0,0,0,0,0,2,0,0,2,0,0,0,0,0,0,0,2,0,0,0,0,0,NA,2,0,0,0,0,0,0,0,0,0,0,0,0,0,0,0,0,0,2,2,0,2,0,0,0,0,2,0,2,0,2,0,0,0,0,0,0,2,2,0,0,0,2,2,0,0,2,2,0,2,0,0,0,NA,0,0,0,0,0,0,0,0,2,0,0,0,0,2,0,0,0,2,2,0,0,0,0,0,0,0,0,0,0,0,0,2,2,2,0,2,0,2,2,2,0,2,0,0,0,0,0,0,0,0,2,0,0,0,2,0,2,0,2,0,0,0,0,2,2,0,2,0,0,0,0,0,0,0,0,0,0,0,0,0,0,0,0,2,0,0,0,0,0,NA,0,0,2,0,2,0,0,2,0,0,0,0,0,2,0,0,0,0,0,0,0,0,0,2,2,0,0,0,0,0,0,0,0,0,0,0,0,2,2,0,0,0,0,0,0,0,0,0,2,2,0,0,0,0,2,0,0,0,0,0,0,2,0,0,0,0,0,0,0,0,0,2,2,0,0,0,2,0,2,0,2,0,0,2,0,0,2,0,2,0,0,0,2,0,0,0,0,0,0,0,2,0,0,2,0,0,0,2,0,0,0,2,2,2,0,0,2,0,0,0,0,0,0,2,2,0,0,2,2,2,0,2,0,0,0,0,0,0,0,0,0,0,0,0,2,0,2,0,2,0,0,0,2,0,0,0,0,2,0,0,0,0,2,0,2,0,0,2,0,2,2,0,0,2,0,0,0,0,0,2,0,2,0,0,0,0,0,2,0,2,0,0,0,0,0,0,0,2,0,2,0,0,2,0,0,0,0,0,0,2,0,0,0,2,0,0,2,0,0,0,0,0,2,0,0,2,2,2,0,0,0,0,0,0,0,2,2,2,0,0,0,2,2,0,0,0,2,0,2,2,2,2,0,0,0,0,0,0,2,0,0,0,0,0,2,0,0,0,0,0,0,0,0,0,0,0,0,0,0,0,0,2,0,NA,0,2,0,0,2,0,0,0,0,0,0,0,0,0,0,0,0,0,0,0,0,2,0,0,0,0,2,0,0,0,0,2,0,2,NA,0,0,0,0,0,0,2,2,0,0,2,0,0,0,2,0,2,2,0,2,2,0,0,0,0,0,2,2,NA,0,0,0,2,0,0,0,0,0,0,0,2,0,0,0,0,0,2,2,0,2,0,0,0,0,0,0,0,2,0,0,0,0,0,0,0,0,0,0,0,0,2,0,0,0,0,2,2,0,0,0,0,0,2,0,0,0,0,0,0,2,0,0,0,2,0,0,0,0,2,2,0,0,2,0,0,0,0,0,0,0,0,2,0,2,2,0,0,0,0,0,0,0,0,0,0,2,0,0,0,0,0,0,0,0,0,0,0,0,0,NA,2,2,0,0,0,0,2,2,0,0,0,0,0,0,0,0,2,2,0,2,0,0,2,0,0,0,0,0,0,0,0,0,0,0,0,NA,0,2,0,0,0,2,0,0,0,2,0,0,0,0,2,0,0,0,0,0,0,0,0,2,0,2,0,2,0,0,2,0,2,0,0,0,0,0,0,0,0,0,0,0,0,2,0,0,2,0,0,0,2,2,0,2,2,0,0,0,0,0,0,2,2,0,0,0,0,0,2,2,0,2,0,0,0,0,0,2,2,2,0,0,0,0,2,0,0,0,0,0,0,0,0,0,2,0,0,0,2,0,0,2,0,0,2,0,0,0,2,2,0,0,0,0,2,2,2,0,0,0,2,2,2,0,0,0,2,0,2,2,2,2,2,2,0,0,0,2,0,0,2,2,0,0
"CC287",0,0,2,0,0,0,0,0,0,0,2,0,0,0,0,2,0,0,0,0,2,0,0,2,0,0,0,0,0,2,0,0,0,0,0,2,0,0,0,0,0,0,2,2,2,0,0,0,0,0,0,2,2,2,0,2,2,2,0,0,0,0,0,2,0,2,0,0,2,2,0,2,0,2,0,0,0,2,0,0,0,0,0,0,0,0,2,2,2,0,0,2,2,0,0,0,0,0,2,2,2,2,0,2,0,0,0,0,0,0,2,0,0,0,0,0,0,0,0,0,0,0,0,0,0,0,0,2,0,0,0,0,0,2,0,0,0,0,2,0,0,0,0,0,0,2,2,0,0,2,0,0,0,0,2,0,0,0,2,0,0,0,0,2,2,2,0,0,0,0,0,2,2,0,0,2,0,0,0,0,0,0,0,0,0,0,0,2,0,0,0,0,0,0,0,0,0,0,0,0,0,0,0,0,0,0,0,0,0,0,0,0,0,0,0,2,0,0,2,0,2,0,0,0,2,0,0,0,2,0,0,0,0,0,0,0,2,0,2,0,0,0,0,0,2,0,2,0,2,0,0,0,2,0,2,0,0,2,0,0,0,0,0,0,0,0,0,0,0,2,0,0,0,2,0,0,0,0,0,0,0,0,0,2,0,0,0,2,0,0,0,0,0,0,0,2,0,2,2,2,0,0,0,0,2,0,2,0,2,0,0,0,0,0,0,0,0,2,0,2,0,0,0,0,0,0,2,2,2,0,0,0,0,0,0,0,0,0,2,0,0,0,0,0,0,2,0,0,0,2,2,2,0,0,0,0,0,0,2,0,2,2,0,0,0,2,0,2,0,0,2,0,0,0,0,0,0,0,0,0,0,0,0,0,0,0,0,2,0,0,0,0,0,0,0,0,NA,0,0,0,0,0,2,0,0,0,0,0,0,2,0,0,0,0,0,0,0,2,0,0,0,0,0,0,0,2,0,0,0,0,0,0,0,0,0,0,0,0,0,0,0,0,0,2,0,0,0,0,0,0,0,0,0,0,0,0,2,0,0,2,2,2,0,0,0,0,0,2,0,0,0,2,0,0,0,2,0,2,0,2,0,0,0,0,0,2,2,2,2,2,0,0,0,2,0,0,2,0,0,2,0,0,2,0,0,0,0,0,0,2,0,2,2,0,0,0,0,0,0,0,2,2,0,0,0,0,0,0,0,0,2,0,0,0,0,0,0,0,0,2,0,0,0,2,0,2,0,0,0,0,0,0,0,0,0,0,2,0,2,0,0,0,0,0,0,0,0,0,0,0,0,0,0,0,2,0,0,0,0,0,0,0,0,0,0,0,0,0,0,2,0,0,0,0,2,0,2,0,2,2,0,0,0,0,0,0,0,0,2,0,0,0,0,0,2,0,2,0,0,0,0,0,0,0,0,0,0,2,0,0,0,2,0,0,2,0,2,0,2,0,0,2,0,0,0,0,2,2,0,0,0,0,0,0,0,0,2,0,0,2,2,0,0,0,0,0,0,0,2,0,0,0,2,0,0,0,0,0,0,0,0,0,0,0,2,0,2,0,2,0,0,0,0,0,0,0,0,0,0,2,0,0,0,0,0,0,0,0,0,0,0,2,0,0,0,0,2,2,0,0,0,0,0,0,0,2,0,2,2,0,0,0,0,0,2,0,0,0,0,0,0,0,2,0,0,0,0,0,2,0,0,0,0,0,0,0,0,0,0,0,2,0,2,2,0,0,0,0,0,0,0,0,0,0,0,2,2,0,0,0,0,0,0,0,0,0,0,0,0,2,2,0,0,0,0,2,0,0,0,2,0,2,0,0,0,2,0,0,2,2,0,0,0,0,0,0,2,0,2,0,0,0,0,0,0,2,0,0,0,0,2,0,0,2,2,0,2,0,0,0,0,0,0,2,0,0,2,0,0,0,0,0,0,0,2,0,0,0,0,2,0,2,2,0,0,0,0,0,0,0,2,0,0,0,0,0,0,2,0,0,0,0,0,2,0,0,0,0,0,2,0,0,0,0,2,0,0,0,0,0,0,0,0,0,2,0,0,0,0,0,0,0,0,0,2,2,0,0,0,2,0,0,0,0,0,0,2,0,0,2,0,0,0,0,0,2,0,0,0,0,0,0,0,0,0,0,0,0,0,0,0,0,2,0,2,2,0,0,0,0,0,0,0,0,0,0,0,0,0,0,0,0,0,0,0,0,0,0,2,2,0,0,0,0,0,0,0,0,0,2,0,2,2,0,0,0,2,2,2,0,2,2,0,0,0,2,0,0,0,0,0,0,0,0,0,0,0,0,0,0,0,0,2,0,0,0,2,0,0,0,0,0,0,0,0,2,0,0,0,0,0,0,0,0,0,0,0,0,0,0,0,0,0,0,NA,0,0,2,0,0,0,2,0,0,0,0,0,0,0,0,2,0,2,0,2,2,0,0,0,0,0,0,2,0,0,0,0,2,0,0,2,0,2,0,2,0,0,0,0,0,2,0,0,2,0,0,0,2,2,0,0,0,0,2,0,0,0,0,2,2,2,0,0,0,2,0,0,0,0,0,0,0,0,0,0,2,0,0,0,2,0,2,2,2,0,0,0,0,0,0,0,0,0,0,0,0,0,0,0,0,0,0,0,0,0,0,0,0,0,0,2,2,0,0,0,0,0,0,0,0,0,2,0,0,0,2,0,0,0,0,0,2,0,0,0,0,0,0,2,0,0,0,0,0,2,0,0,0,0,0,0,0,2,2,0,0,0,0,0,0,0,0,2,2,0,2,2,2,0,2,0,2,2,2,0,0,0,2,0,0,0,0,0,2,0,2,0,0,2,2,2,0,0,0,0,0,0,0,0,0,0,0,2,0,0,0,0,2,0,0,0,0,0,0,0,0,2,2,0,2,0,2,2,0,0,0,0,0,0,0,2,0,0,0,0,0,0,0,0,2,0,2,2,0,0,0,0,2,0,0,0,0,2,0,2,2,0,0,2,0,0,2,0,0,0,0,2,0,0,0,2,0,0,0,0,0,0,0,0,0,0,0,0,0,0,0,0,2,0,0,0,0,0,0,2,0,0,0,0,0,0,0,2,2,0,0,0,0,0,2,2,0,0,0,0,0,2,2,2,2,0,0,0,2,0,0,0,0,0,0,0,0,0,0,0,0,0,0,0,0,0,2,2,0,0,0,0,0,2,2,0,0,2,2,0,0,0,0,0,0,0,0,0,0,0,2,2,0,0,2,0,0,2,2,2,2,2,0,2,0,0,0,2,0,0,0,0,2,0,0,0,2,0,2,0,0,0,0,0,0,0,0,0,0,2,0,0,0,2,0,0,0,0,0,0,0,0,0,2,0,0,0,0,0,0,0,0,2,0,0,0,0,0,0,0,0,0,2,0,2,0,0,2,2,0,0,0,0,0,0,0,0,0,0,0,2,2,0,0,0,2,0,0,0,0,0,0,0,0,2,0,0,2,0,0,2,0,0,0,0,0,2,0,0,0,0,2,0,0,2,2,2,0,0,0,0,0,0,0,0,0,2,0,0,0,2,0,0,0,0,0,0,0,0,0,0,0,0,0,2,0,2,2,0,2,2,0,0,0,0,0,0,0,2,0,2,2,0,0,0,0,2,0,2,0,0,0,0,0,2,0,0,0,0,0,0,0,0,0,0,0,2,0,0,2,2,2,0,0,2,0,0,2,0,0,0,0,2,0,0,0,0,0,0,2,0,0,0,0,0,0,0,0,0,0,0,0,0,0,0,0,2,0,0,2,0,0,0,0,0,0,0,2,0,0,2,0,2,2,2,0,0,0,2,0,0,0,2,2,0,0,0,0,0,0,2,2,0,0,0,0,0,0,0,0,2,0,0,0,2,2,0,0,2,0,0,2,0,0,0,2,0,2,0,0,0,2,2,0,0,0,0,0,0,2,0,0,0,0,0,0,0,0,0,0,2,0,0,0,0,0,0,0,0,0,0,2,0,0,0,0,0,0,0,0,0,2,0,0,0,0,0,2,0,0,0,0,0,0,0,0,0,0,0,2,2,0,0,0,0,0,0,2,2,0,2,0,0,0,0,0,0,2,0,2,2,2,0,2,0,0,0,2,2,0,2,0,0,0,0,2,2,2,0,2,0,0,0,2,0,0,0,0,0,0,2,0,0,0,2,0,0,2,2,0,0,0,0,0,0,0,0,0,2,0,0,0,0,0,0,0,0,0,0,0,2,0,0,0,0,0,2,0,0,0,0,0,0,0,0,2,0,2,0,0,0,0,0,2,0,0,0,0,0,2,0,2,0,0,0,2,0,0,0,0,0,0,0,0,0,2,2,2,0,0,0,2,2,0,2,2,0,0,2,0,2,0,0,0,0,0,2,2,0,0,2,2,0,0,0,0,0,2,0,2,0,2,2,0,0,0,0,0,0,2,0,0,0,2,0,0,0,0,0,0,0,0,0,0,2,0,0,0,2,0,0,0,0,0,0,0,0,0,0,0,2,0,0,2,0,0,0,0,0,0,0,0,2,0,2,2,0,0,0,0,0,2,0,0,0,2,0,0,2,0,0,0,0,0,0,2,0,2,0,0,0,0,0,2,0,NA,0,0,0,0,2,0,0,2,2,2,0,0,0,0,0,0,2,0,0,0,0,0,0,0,0,0,0,0,0,0,0,0,0,0,0,0,0,0,0,2,0,0,0,0,0,0,2,0,0,0,0,0,0,0,0,2,0,0,0,2,0,2,0,0,0,0,0,2,2,0,NA,0,2,0,0,0,0,0,0,0,2,2,0,0,0,0,2,0,0,0,2,2,0,2,0,0,0,0,0,0,0,0,0,0,2,2,2,2,2,0,0,0,2,2,2,0,0,0,0,0,0,0,0,2,2,0,0,0,0,0,0,2,0,0,0,0,0,0,0,0,2,0,0,0,0,2,0,2,0,0,0,2,0,0,0,0,0,0,0,0,0,2,2,0,2,0,0,0,0,0,0,0,0,0,0,0,0,0,2,0,0,0,0,0,0,2,0,0,0,0,0,0,2,0,2,0,0,2,0,0,2,2,0,0,0,0,0,0,0,0,2,0,2,0,2,0,0,0,0,0,0,0,0,2,0,0,0,0,2,0,0,0,0,0,0,2,0,0,0,0,2,0,0,2,0,2,0,0,2,0,2,0,0,0,2,2,0,2,0,0,0,0,2,0,0,0,0,0,0,0,0,2,0,0,0,0,2,0,0,2,0,2,0,0,0,0,0,0,0,0,2,0,2,0,0,0,0,0,0,0,0,0,0,0,0,0,2,0,0,0,0,2,0,0,0,0,0,0,0,0,0,0,0,2,0,0,2,0,0,0,0,0,0,0,2,0,0,0,2,0,2,0,0,0,0,0,0,0,2,0,0,0,0,0,0,0,0,0,0,0,0,0,0,2,0,0,0,0,2,2,0,0,0,0,0,0,0,0,0,2,0,0,0,2,0,0,0,0,0,0,0,0,2,2,0,0,0,2,0,0,0,0,0,0,2,0,0,0,2,2,0,0,0,2,2,0,0,0,0,2,2,0,0,0,0,0,0,0,0,2,0,0,2,0,0,0,2,0,0,2,0,0,0,2,0,0,0,0,2,0,0,0,0,0,0,0,0,0,0,0,0,0,0,2,0,0,0,2,0,0,0,0,0,0,0,0,0,0,2,2,0,0,0,0,0,0,0,0,0,0,0,0,0,0,0,0,0,2,0,0,0,2,0,0,0,0,0,0,0,2,0,0,0,2,0,0,0,0,0,0,0,0,0,2,0,0,2,0,0,2,0,2,0,0,0,0,0,0,0,0,0,0,0,0,0,0,2,0,2,0,0,0,0,0,0,0,0,0,0,0,0,2,0,0,0,2,0,0,0,0,2,2,2,2,0,2,2,2,0,0,0,0,2,0,0,0,0,0,0,0,0,0,0,0,0,2,0,2,0,2,2,0,0,0,0,2,2,0,0,2,2,2,0,0,0,2,0,2,2,0,2,0,2,0,2,0,2,2,0,0,0,0,0,0,0,0,0,0,2,2,0,0,0,0,0,0,0,0,2,0,0,0,0,0,0,0,0,0,0,0,0,0,0,0,0,0,0,0,0,0,0,0,0,0,0,0,0,0,0,0,0,0,0,0,0,0,2,0,0,0,2,0,0,0,2,0,0,0,0,0,0,0,0,0,0,2,2,0,2,0,0,0,0,0,0,0,0,2,2,0,0,0,0,0,2,0,0,0,0,0,0,0,0,0,0,0,0,0,0,0,2,2,0,0,0,2,2,0,0,0,0,2,0,0,0,0,0,0,0,2,2,0,2,2,0,0,2,2,0,0,2,0,2,0,0,0,0,0,0,2,0,2,0,0,2,0,0,0,0,0,0,0,0,2,2,0,2,0,0,0,0,2,0,0,0,0,2,0,2,0,0,0,0,0,0,0,0,2,0,2,2,0,2,0,0,0,0,2,0,2,0,0,0,0,0,0,0,0,0,0,0,2,2,0,0,0,2,0,2,2,0,0,0,0,0,0,0,2,0,0,0,0,0,2,2,0,0,0,2,0,0,2,2,2,0,0,2,0,0,0,0,0,0,0,0,0,0,0,0,0,0,2,0,0,0,0,2,2,0,0,0,0,0,0,0,0,0,0,0,0,0,0,0,0,2,0,0,0,0,0,2,0,2,0,2,2,2,0,0,0,0,0,0,0,0,0,0,0,0,0,0,0,0,0,0,0,0,0,0,0,0,0,0,0,0,0,0,0,0,0,0,0,0,0,0,0,0,0,0,2,2,0,0,0,0,0,0,0,0,2,0,0,0,0,0,0,0,2,0,0,0,0,2,0,2,0,0,0,0,0,0,0,2,0,2,0,0,2,0,2,0,0,2,0,2,2,0,0,0,0,0,0,2,0,0,0,0,0,2,2,2,2,0,0,0,0,0,0,0,2,0,0,0,0,2,0,0,0,2,0,0,0,0,0,0,0,0,0,0,0,0,2,0,0,0,2,0,0,0,0,0,0,0,0,0,0,0,0,0,0,0,0,0,0,0,0,0,2,0,0,0,0,2,0,0,0,0,0,0,2,0,0,0,0,2,0,0,0,0,0,0,0,0,0,0,0,0,0,0,0,0,0,0,0,2,2,2,0,2,0,2,0,0,2,0,2,0,0,0,2,2,0,0,0,0,0,0,0,0,2,2,0,0,0,0,0,0,2,0,0,0,0,2,2,2,0,0,2,0,2,2,2,0,2,2,0,0,0,2,0,2,2,0,2,0,0,0,0,0,0,2,0,0,0,0,0,2,0,0,0,0,0,2,0,2,0,NA,2,0,0,2,0,0,0,2,2,0,0,0,0,0,0,0,2,0,0,0,0,0,2,2,0,2,0,0,0,0,0,0,2,0,2,0,2,2,0,2,2,2,0,0,0,0,0,2,0,0,0,0,2,0,0,0,0,0,2,2,0,2,0,2,2,0,2,2,0,2,0,0,0,2,0,0,0,2,0,2,0,0,0,2,0,0,0,0,0,2,2,0,0,2,2,0,0,0,0,2,0,0,0,0,0,0,0,2,0,0,0,0,2,0,2,2,2,2,0,0,2,0,0,2,0,0,0,0,0,0,2,2,0,0,0,0,0,2,2,2,2,0,0,2,0,0,0,0,2,2,0,0,0,2,0,0,2,2,0,0,2,0,0,0,2,0,0,2,2,0,0,0,0,0,0,0,0,2,0,0,0,0,0,0,0,0,0,0,0,0,0,0,0,2,0,0,0,0,0,0,2,0,0,2,2,0,2,2,0,2,2,0,0,0,0,0,0,2,0,2,2,2,0,2,0,2,2,0,0,0,2,0,0,0,0,0,0,0,0,0,2,0,0,0,2,2,0,0,2,2,2,2,0,0,0,0,2,2,0,0,0,2,0,2,0,0,2,0,0,2,2,2,2,2,0,0,2,2,0,2,0,0,0,0,0,2,0,0,0,0,0,0,2,0,0,0,0,0,0,2,0,0,2,0,2,0,0,2,2,0,0,0,2,2,2,0,0,0,0,2,2,0,0,2,0,0,2,0,2,0,0,0,0,0,0,2,2,2,0,0,0,0,0,0,2,0,0,0,2,0,2,0,0,0,0,0,2,2,2,2,0,2,0,2,0,2,2,0,0,2,2,0,0,0,0,0,2,0,2,0,0,0,0,2,0,0,0,2,2,2,0,2,0,2,0,0,2,2,0,0,2,2,0,0,0,0,2,0,0,0,2,2,2,2,2,2,2,2,2,2,0,0,2,0,0,0,2,2,0,2,0,0,0,0,0,0,0,0,0,0,0,0,0,0,2,0,NA,0,0,2,0,0,0,0,0,0,0,0,0,0,0,0,2,0,2,2,0,2,2,2,2,0,0,2,0,2,2,2,0,0,2,0,2,2,0,0,0,2,0,0,0,0,2,0,0,0,0,0,0,0,0,2,0,0,0,0,0,2,0,0,0,0,0,2,0,0,0,0,0,0,0,0,2,0,2,0,2,0,2,2,2,2,2,0,0,0,0,0,0,0,0,2,2,0,0,2,0,0,0,0,0,2,NA,0,2,0,2,0,0,0,0,0,0,0,2,0,2,2,0,2,0,0,0,0,2,0,0,0,0,0,0,0,0,0,0,0,2,0,0,0,0,0,0,0,0,0,0,0,0,0,0,0,0,0,0,0,0,0,0,0,0,0,0,2,0,2,0,0,0,0,0,0,2,2,0,2,0,0,0,0,0,0,0,2,0,0,0,0,0,0,0,0,0,0,0,0,0,0,0,0,0,2,0,0,0,2,2,0,2,0,2,0,0,0,0,0,0,0,0,0,0,0,0,0,0,0,0,0,2,0,0,0,0,2,0,0,0,0,0,0,0,2,0,0,0,2,2,2,0,0,0,0,0,0,0,2,2,0,0,0,2,0,0,2,0,0,0,2,0,0,0,0,2,0,0,0,0,0,0,0,0,0,0,0,0,0,2,0,0,2,0,0,0,0,0,2,0,0,0,2,0,0,0,0,0,0,2,0,0,0,0,0,2,0,0,2,0,0,0,0,0,0,0,2,0,2,0,2,0,2,0,0,0,2,0,0,0,2,0,0,0,0,0,0,0,0,2,0,0,0,2,0,2,0,0,2,0,0,2,0,0,2,2,2,0,0,2,0,0,0,0,2,2,2,0,2,0,2,0,0,0,0,0,0,0,0,0,0,0,0,0,0,0,2,2,0,0,0,0,0,0,0,0,0,0,2,2,2,0,0,0,0,0,2,0,2,0,0,0,0,0,0,0,0,0,0,0,0,0,0,2,0,0,0,0,0,0,0,2,0,0,0,0,2,2,0,0,0,0,0,2,0,0,2,0,0,0,0,0,0,0,0,0,0,2,0,0,0,0,0,2,0,2,0,0,0,0,0,2,0,2,2,2,0,0,0,2,0,0,0,0,0,0,0,0,2,0,0,2,0,0,0,0,0,0,2,0,0,0,0,0,0,2,2,0,0,0,0,0,0,0,2,0,0,0,0,0,2,0,0,0,0,2,2,2,0,0,0,0,0,0,0,2,0,0,0,0,0,0,2,2,2,0,0,2,2,0,0,NA,0,0,0,0,0,0,2,0,0,0,2,0,0,0,0,0,0,0,0,0,0,0,2,2,0,0,0,0,0,0,0,0,0,0,0,0,0,0,0,0,2,0,0,0,0,0,0,0,0,0,0,0,0,0,0,0,0,0,0,0,0,0,0,0,0,2,0,0,0,2,0,0,0,2,0,0,0,2,2,2,2,0,0,0,0,0,2,0,0,0,0,0,2,2,0,0,0,0,2,0,2,0,2,0,0,0,2,0,2,0,0,0,0,0,0,2,0,0,2,0,0,0,0,0,0,0,0,2,2,0,0,0,0,0,0,2,0,0,0,0,0,0,0,0,0,0,0,2,0,0,0,0,2,0,0,0,0,0,0,2,0,0,0,0,0,0,0,0,0,0,0,2,0,0,0,0,0,0,0,0,0,0,0,0,0,0,0,2,0,0,0,0,0,0,0,0,0,0,0,0,0,0,0,0,0,0,2,0,0,0,0,2,0,2,0,0,0,0,0,0,2,2,0,0,2,0,0,0,0,0,2,0,0,0,0,2,0,0,0,2,0,0,0,2,0,0,0,0,0,0,0,2,0,0,0,0,0,0,0,0,0,0,0,0,0,0,0,0,0,2,0,0,2,0,0,0,0,0,0,2,2,2,0,0,0,NA,2,0,0,2,0,0,0,0,0,0,0,0,0,0,0,0,0,0,0,0,0,0,0,0,0,0,0,0,0,0,0,0,0,0,0,0,0,0,0,0,0,2,0,0,0,2,2,0,0,0,2,0,0,0,0,2,0,0,0,0,0,0,0,0,0,0,2,0,0,0,0,2,0,0,0,2,0,0,0,2,2,2,0,0,2,0,2,0,0,0,0,2,0,0,0,0,0,0,2,0,2,0,0,0,0,2,0,0,0,0,2,2,0,0,2,0,0,0,0,2,0,0,0,0,0,0,0,0,0,0,0,0,0,0,0,0,0,0,0,0,0,0,0,0,0,0,2,0,0,0,0,0,0,2,0,0,2,0,0,0,2,2,0,2,2,0,0,0,0,0,2,0,0,0,0,0,0,0,0,NA,0,2,0,0,0,0,0,0,2,0,0,2,0,0,0,0,2,0,0,2,0,0,0,0,0,2,0,0,0,2,0,0,0,0,0,0,0,2,0,2,2,0,0,0,0,0,0,0,0,0,0,0,2,0,0,0,2,0,0,2,0,2,0,0,0,2,2,0,0,0,0,0,0,2,0,0,2,0,0,0,2,0,0,0,0,0,0,2,0,0,0,0,2,2,0,0,0,0,0,0,0,0,2,0,0,0,0,0,0,0,0,2,0,0,2,0,0,2,0,0,0,0,2,0,0,0,2,0,0,0,0,0,2,0,0,0,0,0,0,2,0,0,0,0,0,0,0,0,0,2,2,0,2,0,0,0,0,0,0,0,0,0,0,0,0,0,0,0,0,0,0,0,0,0,0,0,0,0,0,0,0,0,0,2,2,2,2,0,0,0,2,0,0,0,0,0,0,0,0,0,0,2,0,0,0,0,0,0,0,0,0,0,2,0,0,0,0,2,0,0,0,0,0,0,0,2,0,0,2,2,2,0,0,0,0,0,0,0,0,0,0,0,2,0,2,0,0,0,0,0,0,0,0,0,0,2,0,2,0,0,0,0,0,0,0,2,0,0,2,0,0,0,0,2,2,0,0,2,0,0,0,0,0,2,0,2,0,0,2,2,0,0,0,0,0,2,0,2,2,0,2,0,0,0,0,0,0,0,0,0,0,0,0,0,0,0,2,2,0,0,0,2,0,2,2,0,0,0,0,2,0,0,0,0,2,2,0,0,0,0,0,0,0,2,0,0,0,0,0,0,0,2,0,2,0,0,2,0,0,0,0,2,2,0,2,0,0,2,0,0,0,0,0,0,2,0,0,2,0,NA,2,0,0,0,0,0,0,2,2,0,0,0,0,0,0,2,0,0,0,0,2,0,0,2,0,0,0,0,2,0,2,2,0,2,0,0,0,0,0,2,0,0,NA,2,0,0,0,0,2,0,0,0,0,0,2,0,0,0,0,0,2,2,0,0,2,0,0,0,2,0,0,0,0,0,0,0,0,2,2,0,0,0,2,0,0,0,0,0,0,0,0,0,2,2,2,0,0,0,0,0,0,NA
"CC288",0,0,0,0,0,0,0,0,2,0,0,2,0,0,2,0,0,0,0,0,2,NA,0,2,0,0,0,2,2,2,0,0,0,0,2,0,2,0,0,0,2,2,2,0,0,0,0,2,0,0,2,0,0,0,0,0,2,0,0,0,0,0,2,0,0,0,0,2,0,0,0,0,0,2,0,0,0,0,0,2,0,2,2,0,0,2,0,0,0,0,0,2,0,0,0,0,0,0,2,2,2,2,0,0,2,0,0,NA,0,0,0,0,0,0,2,0,0,2,0,0,0,2,0,2,0,0,0,0,0,0,0,0,2,0,0,0,0,0,0,0,0,0,0,0,0,NA,2,0,0,0,0,2,0,0,2,2,0,0,2,0,2,0,0,2,2,2,0,0,0,0,2,2,0,0,0,0,2,0,2,0,0,0,0,0,0,0,0,0,2,2,0,2,0,0,0,0,0,2,0,0,0,2,0,0,2,0,0,0,0,0,0,0,0,2,2,2,2,0,2,0,2,0,0,0,0,2,0,2,0,0,0,0,2,0,0,0,0,2,0,0,2,0,0,0,0,0,0,0,NA,0,0,0,0,0,0,0,0,0,2,0,2,0,0,0,2,0,0,2,2,0,0,0,0,2,0,0,0,0,0,0,2,2,0,2,2,0,0,0,0,0,0,2,2,0,2,0,0,2,2,2,0,2,0,2,2,0,2,0,2,0,0,2,0,0,0,2,0,2,0,0,2,0,0,0,2,2,0,0,2,0,0,0,0,0,0,0,2,0,2,2,2,0,2,0,0,0,0,2,0,0,0,0,0,0,0,0,2,2,0,0,0,0,0,0,0,0,0,0,0,0,0,0,2,0,0,0,0,0,0,0,0,0,0,2,0,0,0,2,0,0,0,2,0,0,0,0,0,0,2,0,0,0,0,0,0,2,0,0,0,0,0,0,2,0,0,0,0,0,0,0,0,2,0,2,2,2,0,2,2,2,0,0,2,2,0,0,0,0,2,0,0,0,0,0,0,0,0,0,0,0,0,0,2,0,0,0,0,0,0,0,0,0,0,0,0,0,0,2,0,0,2,0,0,2,0,0,0,0,0,0,0,0,0,0,2,0,0,0,2,0,0,0,0,0,0,0,0,0,0,0,2,0,0,0,0,0,0,0,2,0,0,0,0,2,2,0,0,0,0,0,2,0,2,2,0,0,0,0,0,2,0,0,2,0,0,2,0,0,0,2,2,0,0,2,0,2,0,0,0,0,0,0,0,0,0,0,2,0,0,0,0,0,0,0,0,0,0,0,0,2,0,0,0,2,2,0,0,2,0,0,2,2,0,0,0,0,0,0,0,0,0,0,0,0,2,0,2,2,0,2,0,0,0,0,0,0,0,0,2,0,0,0,2,0,0,0,2,0,0,0,0,0,2,0,0,2,2,0,0,0,0,2,0,0,0,0,0,0,0,2,2,0,2,0,0,0,0,2,0,0,2,0,2,0,2,0,0,0,0,0,0,0,0,0,0,0,0,2,0,0,0,2,0,2,0,0,0,0,2,0,2,0,2,0,2,0,0,0,0,0,2,0,0,0,0,0,0,0,0,2,0,2,0,0,0,0,0,0,0,0,0,2,0,0,0,0,2,0,2,0,0,0,0,0,0,2,0,0,0,2,2,0,0,0,0,0,0,0,0,0,0,0,0,0,0,0,0,2,0,0,0,0,0,0,2,0,0,0,2,0,2,2,0,0,0,0,0,0,0,2,2,2,0,0,0,0,2,0,0,0,0,0,0,0,0,0,2,0,0,2,0,0,0,0,0,2,2,0,0,0,0,0,0,0,0,0,0,0,0,2,0,0,0,0,0,0,2,0,0,2,0,0,2,2,0,0,2,0,0,0,0,0,2,0,0,2,2,0,0,2,2,0,0,0,0,0,0,2,2,2,0,0,0,0,2,0,0,2,0,0,2,0,2,0,0,0,NA,0,0,0,0,0,0,0,0,2,0,0,0,0,0,2,2,0,0,0,2,0,0,2,2,2,0,0,2,0,0,0,0,0,0,0,0,2,2,2,0,0,0,0,0,0,0,2,0,2,0,0,0,0,0,0,2,0,2,0,0,0,2,0,0,0,0,0,0,0,0,0,0,0,0,0,0,0,0,0,0,0,0,0,0,0,0,0,0,0,2,0,0,0,0,0,0,0,0,0,0,0,0,0,0,2,2,0,2,0,0,2,0,0,0,0,2,0,2,0,0,2,0,2,2,0,0,0,2,0,0,2,0,0,0,0,0,0,2,0,0,0,0,0,0,2,2,2,0,0,2,2,0,NA,0,0,0,2,0,0,0,0,0,0,0,2,0,0,2,0,0,0,0,0,2,2,0,0,2,0,2,0,2,0,2,2,2,2,0,0,0,0,0,0,0,0,0,2,0,0,2,0,0,2,2,2,0,0,2,2,0,0,0,0,2,2,0,0,0,0,0,0,2,0,2,2,2,0,0,0,0,0,2,2,2,0,2,2,0,0,0,2,2,0,0,2,0,0,0,0,0,0,0,2,0,0,0,0,0,0,0,0,0,0,0,0,0,0,0,0,0,0,0,2,0,0,0,2,0,0,0,2,2,NA,0,0,0,0,2,0,0,0,0,0,0,2,0,2,2,2,0,0,0,0,0,2,0,2,0,0,0,0,0,0,2,0,0,2,0,2,0,0,0,0,0,0,2,0,2,2,2,0,0,0,0,2,2,2,2,2,0,0,0,0,0,0,0,2,0,0,0,2,0,0,2,0,2,0,0,2,2,0,0,0,2,2,2,0,0,2,2,2,0,2,0,2,2,2,0,2,0,0,2,0,0,2,0,0,0,0,2,2,0,0,0,0,0,0,2,0,2,2,0,0,0,0,0,0,0,0,2,0,2,0,2,2,0,0,0,2,0,2,2,0,2,0,0,0,0,0,0,NA,2,0,0,0,0,0,2,0,0,0,0,0,2,2,2,0,0,0,0,0,0,0,2,0,2,0,2,0,2,0,0,0,2,0,0,0,0,0,2,0,2,0,0,0,NA,0,0,0,0,0,0,2,0,0,0,2,2,0,0,0,0,0,0,0,0,0,0,0,0,0,2,0,0,0,0,0,2,0,2,0,0,2,0,0,0,0,0,0,0,0,0,0,0,0,0,2,2,0,2,0,0,0,2,0,0,2,0,0,0,0,2,0,0,0,2,2,2,0,0,0,0,2,0,0,0,0,0,2,0,0,0,0,2,0,2,0,0,0,0,0,0,0,0,0,0,0,0,0,0,2,0,0,0,2,0,0,2,0,0,2,0,0,0,0,0,0,0,2,0,0,2,0,0,2,0,2,0,0,0,0,0,2,0,0,0,0,2,0,0,2,0,0,0,0,0,2,0,0,0,2,0,2,0,0,2,2,0,2,0,0,0,0,2,0,0,0,0,2,0,0,0,0,2,0,0,2,0,0,0,0,0,2,0,0,2,0,0,0,0,0,0,0,0,0,0,0,0,0,2,0,2,2,2,0,2,0,2,2,0,0,2,0,0,2,0,0,0,2,0,0,0,0,0,0,2,0,0,0,0,0,0,0,0,0,0,2,0,0,2,2,0,2,0,0,2,2,0,0,2,0,0,0,0,2,0,2,0,0,0,0,0,2,0,0,0,0,0,0,0,0,0,0,0,0,0,2,0,0,2,0,0,0,0,0,2,0,0,0,0,2,0,0,0,0,2,0,2,0,0,0,0,2,2,2,0,0,0,0,2,2,0,0,0,0,0,0,0,0,2,2,2,2,0,2,2,0,0,0,2,0,0,2,0,0,0,2,0,0,0,2,0,0,0,0,2,0,0,0,0,0,0,0,0,0,0,0,0,2,0,0,0,0,0,0,2,2,0,0,0,0,0,0,2,0,2,0,0,0,0,0,0,0,0,0,0,0,0,2,0,0,2,0,0,0,2,2,0,2,0,0,0,0,0,0,0,0,2,0,2,0,0,0,2,0,0,0,0,0,2,0,0,2,0,0,2,0,0,0,0,0,0,0,0,0,0,0,2,2,0,0,2,0,2,0,2,2,0,2,0,0,0,2,0,0,0,0,2,0,2,0,2,0,2,0,2,2,0,2,0,0,0,0,0,0,0,0,0,0,0,2,2,0,0,0,0,2,0,0,2,0,2,2,0,0,0,0,2,0,0,0,0,2,0,0,0,2,0,0,0,0,2,0,0,0,0,0,0,2,0,0,2,0,0,0,0,2,0,0,0,0,0,2,2,0,0,0,0,0,0,0,2,0,2,2,2,0,2,0,NA,0,0,2,0,0,2,2,0,2,0,0,0,0,2,0,2,0,2,0,0,0,0,NA,2,0,0,0,0,2,0,2,2,0,0,2,0,0,0,0,0,2,0,2,2,2,0,0,2,0,2,0,0,0,2,0,0,0,2,0,0,0,0,0,0,0,2,0,0,0,0,0,0,0,0,2,0,0,0,0,0,0,0,0,0,0,2,0,0,2,0,0,0,0,0,0,0,0,0,0,0,0,0,0,0,2,0,0,0,0,2,0,0,0,2,0,0,2,2,0,0,2,0,0,0,0,0,0,0,2,2,0,2,2,2,0,0,0,0,0,0,0,2,0,0,0,0,0,0,0,0,0,0,0,0,0,2,2,0,0,0,0,0,0,0,0,2,0,0,0,0,0,0,0,2,0,0,0,0,0,NA,2,0,0,0,0,0,NA,0,0,2,0,2,0,0,0,2,0,0,0,0,0,2,0,0,0,0,2,2,0,2,0,2,0,0,0,0,0,0,0,0,0,0,0,2,2,0,0,0,0,0,0,0,0,0,2,0,0,0,0,0,0,2,0,0,0,2,2,2,0,2,0,0,0,0,0,2,2,0,2,0,0,0,0,0,0,2,0,2,0,0,0,0,0,0,0,0,0,0,0,0,0,0,0,0,0,0,0,0,0,0,0,2,0,0,2,2,0,2,0,0,0,0,0,0,0,2,2,0,2,0,0,0,0,0,0,2,0,0,0,0,0,0,0,0,0,0,0,2,0,0,0,2,0,0,0,0,0,0,0,0,0,0,0,0,2,0,2,0,0,0,0,2,0,0,0,2,0,0,0,0,0,0,0,0,0,0,0,0,0,0,0,2,0,0,2,2,0,2,0,0,0,0,2,0,0,0,2,0,0,0,0,2,0,0,0,0,0,0,0,2,0,0,0,0,0,0,0,0,0,0,2,0,0,0,0,2,0,2,0,2,0,0,2,0,2,0,0,0,2,0,0,2,2,0,0,0,0,0,0,0,0,0,2,0,0,0,0,0,0,0,0,0,0,0,0,0,0,2,0,2,0,0,0,0,0,0,0,0,0,2,0,0,2,0,2,0,2,0,0,0,0,2,0,2,0,0,0,0,0,0,0,0,0,0,0,0,0,0,2,0,0,0,2,0,0,0,0,0,0,0,0,0,0,2,0,2,0,2,2,2,2,0,0,2,0,0,2,NA,2,2,0,2,0,0,0,0,0,0,0,0,2,0,0,2,0,0,0,0,0,0,0,0,0,0,0,0,0,0,0,0,2,2,0,0,0,0,2,0,2,0,0,0,0,2,0,0,0,2,0,0,0,0,0,0,0,2,0,0,0,2,0,0,2,0,2,2,0,2,0,0,0,0,2,2,0,0,0,0,0,0,0,2,2,0,0,0,0,0,2,2,0,2,2,2,2,0,0,0,0,0,0,2,0,2,0,2,0,0,2,0,0,2,0,0,0,0,0,0,2,0,0,0,0,2,0,2,0,2,0,0,0,0,0,0,0,0,0,0,0,0,0,0,0,0,0,2,2,0,0,2,0,0,0,0,NA,0,0,2,0,0,0,2,0,0,2,0,0,2,0,0,0,0,2,0,2,2,0,0,0,0,0,0,0,2,2,0,0,2,0,0,0,0,0,0,0,0,0,0,0,0,0,0,2,0,2,0,0,0,2,0,0,2,0,0,0,0,0,0,0,0,0,0,2,0,0,0,0,0,0,0,0,0,0,0,0,0,0,0,0,0,2,0,0,0,0,0,0,0,0,0,0,0,2,2,2,0,0,0,0,2,0,0,2,0,0,2,0,0,2,0,0,0,0,0,0,0,0,0,0,0,0,0,0,2,0,2,0,0,0,0,0,0,0,0,2,0,0,0,2,2,2,0,0,NA,2,0,2,0,0,0,0,0,0,2,2,0,0,0,2,2,2,0,0,0,2,0,2,0,2,2,2,2,0,2,0,2,0,0,2,0,2,2,0,0,0,2,2,0,2,2,0,0,0,0,0,2,0,0,0,0,0,0,0,2,2,0,2,2,0,2,0,2,2,2,2,0,0,2,2,0,2,0,0,0,0,0,0,0,2,0,0,0,0,0,2,2,0,2,2,0,0,2,0,0,0,0,0,2,2,0,0,0,0,0,0,2,2,0,0,2,0,0,0,2,0,0,2,0,0,0,0,0,0,2,0,2,0,2,0,0,2,0,0,0,0,0,2,2,0,0,2,0,2,2,0,0,2,0,0,2,0,0,2,0,0,NA,0,2,0,0,0,NA,0,0,0,0,2,0,0,0,0,2,0,0,0,0,0,0,2,2,0,2,0,2,0,0,2,2,2,0,0,2,2,0,2,0,NA,0,2,0,2,0,0,0,0,0,0,0,NA,2,0,0,0,0,0,2,2,0,0,0,0,0,2,0,0,0,2,0,2,0,2,0,0,2,0,0,0,2,0,2,0,0,0,0,0,0,0,0,0,0,0,0,0,0,2,0,0,0,0,0,0,0,0,0,0,0,0,0,0,2,2,0,0,0,0,0,0,0,2,2,0,0,0,0,2,2,0,0,0,0,0,2,0,0,0,2,0,0,2,2,0,0,0,0,2,0,0,0,0,0,2,2,0,0,0,0,0,2,2,2,0,2,0,0,2,0,0,0,0,2,0,0,0,2,0,0,0,0,0,0,0,0,0,0,0,0,0,0,2,2,2,0,0,0,2,2,0,0,0,2,0,0,0,0,0,0,0,2,0,0,2,0,0,0,0,0,0,2,2,0,0,0,0,0,2,0,0,0,2,2,0,0,0,0,0,0,0,0,0,0,0,0,0,2,0,0,0,2,0,2,0,2,0,0,2,0,0,2,2,0,2,2,2,2,2,0,0,0,0,0,2,0,2,0,0,0,0,0,0,0,0,0,0,0,0,0,2,0,0,2,0,2,0,2,2,0,2,2,2,0,0,2,0,0,2,2,0,0,0,0,2,0,0,2,2,0,0,0,0,2,2,0,0,0,2,0,0,0,0,0,0,0,0,0,0,0,0,0,0,0,0,0,2,0,0,0,0,0,2,0,0,0,0,0,0,2,2,0,0,0,0,0,0,0,0,0,2,0,0,0,0,2,0,2,0,0,0,2,0,0,2,0,2,2,0,0,0,0,0,2,0,0,0,2,2,0,2,0,0,0,0,0,0,0,2,0,0,2,0,0,0,0,0,2,2,0,0,0,2,0,0,0,0,0,0,0,0,0,0,0,2,2,0,0,0,2,2,0,0,2,2,0,0,0,0,0,0,0,0,0,0,0,2,2,0,0,0,2,0,0,0,2,0,0,0,0,0,0,0,0,0,2,2,0,0,0,0,0,2,2,2,2,0,2,2,0,0,0,0,2,2,2,0,0,2,0,0,0,2,0,0,2,0,0,0,2,0,0,0,2,0,2,0,0,2,0,0,0,0,0,0,0,0,0,0,0,0,0,0,0,0,0,0,0,2,0,0,0,0,0,0,2,0,0,2,0,0,0,2,2,0,0,0,0,0,2,0,0,0,0,2,2,0,0,0,0,0,0,0,0,0,0,0,0,0,0,2,0,0,2,0,0,0,0,0,2,0,0,0,0,0,0,0,2,0,0,0,0,0,0,0,0,0,0,0,0,0,0,0,0,2,0,0,0,2,0,0,0,2,0,0,0,2,0,0,0,0,0,0,0,0,0,0,0,2,0,0,0,0,0,2,0,0,2,0,2,2,0,2,2,0,0,2,2,2,2,0,2,0,0,0,2,0,0,2,0,0,2,0,0,NA,0,2,NA,2,2,0,2,2,0,0,2,0,0,2,0,2,0,0,2,0,0,2,2,0,0,0,2,2,2,2,0,0,0,2,0,0,0,0,0,0,2,0,2,0,0,2,2,0,2,0,0,0,0,0,0,0,0,0,2,0,0,2,2,0,0,0,2,2,2,0,2,2,0,0,0,0,0,0,0,0,2,0,0,2,2,0,0,2,0,0,0,0,2,2,0,0,2,2,0,2,0,0,2,0,0,0,0,2,2,0,0,NA,2,2,0,0,2,0,0,2,0,0,2,0,0,2,0,2,0,0,2,0,2,0,2,2,0,0,0,0,0,0,0,0,2,0,2,0,0,0,2,2,0,0,0,0,2,0,0,2,0,0,0,0,0,2,0,0,0,0,0,0,0,0,2,0,0,0,0,2,2,0,0,0,0,0,0,0,0,0,0,0,0,0,0,0,0,0,0,2,0,0,0,2,0,0,2,2,0,0,2,2,0,0,0,2,0,0,0,2,0,0,0,0,0,0,0,0,0,0,0,0,0,0,0,0,0,0,0,2,0,0,0,0,2,0,0,0,0,0,0,2,0,0,0,0,2,0,0,0,0,0,0,0,0,2,0,0,2,0,0,0,0,0,0,2,2,0,0,0,0,0,0,0,2,2,0,0,0,0,0,0,2,0,0,2,0,0,0,0,0,0,0,2,0,0,2,0,0,0,0,0,0,0,0,0,0,2,0,0,0,0,0,0,0,2,2,0,0,0,2,0,0,0,0,0,0,0,2,0,0,0,0,0,0,0,0,0,2,0,0,0,2,0,0,0,0,0,0,2,0,2,0,0,0,2,0,0,0,2,0,2,0,0,0,2,0,0,0,0,0,0,2,0,0,0,0,2,0,0,0,2,2,0,0,0,0,0,2,0,2,0,2,0,0,0,0,0,0,0,0,0,0,0,0,0,0,0,0,0,0,0,0,0,0,0,2,0,0,2,2,0,0,0,0,2,0,0,0,0,0,0,2,0,0,0,0,2,2,2,2,0,0,0,0,2,0,0,0,2,0,0,2,0,0,2,0,2,0,0,0,0,2,0,0,0,0,0,0,0,0,2,2,0,0,0,0,0,0,0,0,2,2,0,0,0,0,0,0,0,0,0,0,0,0,2,0,2,2,2,0,0,0,2,0,0,0,2,0,2,0,0,0,0,2,2,0,0,0,2,0,0,0,2,0,2,0,0,0,0,0,0,0,0,0,0,0,0,0,0,2,0,2,0,0,2,2,0,2,0,2,0,0,2,2,0,0,0,0,0,2,0,0,0,0,0,2,2,0,0,0,0,0,0,2,2,0,0,0,0,2,0,0,2,0,0,0,0,2,2,0,0,2,0,0,0,2,2,0,0,0,2,0,0,0,0,0,0,2,0,0,0,2,0,0,0,0,0,0,2,0,2,0,2,2,2,0,0,0,2,2,2,2,0,0,2,0,0,2,0,0,0,2,0,2,0,2,0,0,NA,0,0,0,0,0,2,0,0,0,2,2,NA,0,0,2,0,0,0,NA,0,2,0,0,0,0,0,2,0,2,2,2,0,0,2,0,0,0,2,2,2,0,0,2,0,0,0,0,0,0,0,0,0,0,2,0,2,0,0,0,0,0,0,0,0,2,0,0,0,0,0,2,0,0,0,0,0,0,0,0,0,0,0,0,0,0,0,0,0,0,2,2,2,0,2,0,0,0,0,0,0,0,2,0,0,2,0,0,0,0,2,0,0,2,0,0,0,0,0,2,0,0,2,2,0,0,0,0,0,2,0,0,0,0,0,0,0,0,0,0,2,0,0,0,0,0,0,0,0,0,2,0,0,NA,2,0,0,0,0,0,2,0,0,0,0,0,0,0,0,2,2,0,0,0,0,2,0,0,0,2,0,0,2,0,0,0,0,0,0,0,0,2,0,0,0,0,0,0,0,0,0,0,2,2,0,0,0,2,0,0,2,2,2,2,2,0,0,0,0,0,0,0,2,0,0,2,0,2,0,2,2,2,0,0,0,0,0,0,0,0,2,0,0,2,0,0,0,0,0,0,2,0,0,0,0,2,0,0,0,0,0,0,NA,0,0,0,0,0,0,0,0,2,2,2,0,0,0,0,0,0,2,2,0,2,2,0,0,0,0,0,0,0,2,0,0,0,0,2,0,0,2,0,0,0,0,0,2,0,0,2,0,0,0,0,0,0,0,0,0,0,0,0,0,0,0,0,0,0,0,0,2,0,0,0,0,0,0,0,2,0,0,0,0,0,2,0,0,0,0,0,0,2,0,0,0,2,0,0,0,0,0,0,0,0,0,0,0,0,0,0,2,0,0,0,0,0,0,0,0,0,0,0,0,0,0,0,2,0,0,0,0,0,2,0,0,0,0,0,0,0,0,2,2,2,2,2,0,0,0,0,0,0,0,0,0,0,2,2,0,0,NA,0,0,0,2,2,2,0,0,0,0,0,0,0,0,0,0,0,0,0,2,0,0,2,0,0,0,0,0,0,0,0,0,0,2,0,2,2,0,NA,0,0,0,0,0,0,0,2,0,0,2,0,0,2,0,0,0,0,2,0,0,0,2,0,0,0,0,2,2,2,0,0,0,2,0,2,2,2,2,2,0,0,2,0,0,2,0,0,0,0,0,0,0,2,2,0,0,0,0,0,0,0,2,0,2,0,2,2,0,0,0,0,2,0,0,0,0,0,0,0,0,0,0,0,0,0,0,0,0,0,0,2,0,0,0,0,0,0,0,0,0,2,0,0,0,0,0,0,0,0,0,0,0,0,0,2,0,0,2,0,0,0,0,0,0,0,0,0,0,0,0,0,0,2,0,0,0,0,0,0,0,0,0,2,0,0,0,0,0,NA,0,0,2,0,0,0,0,0,2,2,0,0,0,0,0,2,0,0,0,0,0,0,2,0,0,0,0,2,0,0,0,0,0,0,2,2,0,0,0,0,0,0,0,0,0,0,0,0,2,0,2,0,0,2,0,0,0,0,0,2,0,2,2,0,2,0,0,0,0,0,0,2,0,0,0,0,0,2,0,0,0,0,0,0,0,0,0,0,0,0,0,2,0,0,0,0,0,2,2,0,2,0,0,0,0,2,2,NA,0,0,2,0,0,0,0,0,0,0,NA,0,0,0,0,0,2,0,0,0,0,0,0,2,0,0,2,0,0,0,2,0,0,2,2,0,0,0,0,2,0,2,2,0,0,2,0,0,0,2,0,0,0,0,0,0,0,2,0,0,0,0,0,0,0,0,0,2,2,0,0,0,0,0,0,0,0,0,0,0,0,0,2,0,2,0,0,0,0,0,0,0,0,0,0,0,0,0,0,0,0,0,0,0,0,0,0,0,0,0,0,0,0,0,0,0,0,0,0,0,0,0,0,2,2,2,0,0,2,2,0,0,0,0,0,0,0,0,0,0,0,0,0,0,0,0,0,0,0,0,0,0,0,0,0,0,2,0,0,0,0,0,0,0,2,0,0,0,2,0,0,2,0,0,0,0,0,0,2,0,0,2,0,0,2,0,0,2,0,0,0,2,0,0,0,2,2,0,2,0,0,2,2,2,0,2,0,0,2,2,0,2,2,2,0,0,0,0,2,0,0,0,0,0,0,0,0,0,0,0,0,0,0,0,0,0,0,0,0,0,0,2,2,0,0,2,0,0,0,0
"CC289",0,0,0,2,2,2,0,2,0,0,0,0,0,0,0,0,0,0,0,0,0,0,0,0,0,2,2,0,0,0,0,0,0,0,0,0,2,0,0,0,0,2,0,0,0,2,0,0,0,2,2,0,0,0,0,0,0,0,2,2,0,2,0,0,2,0,2,0,0,0,0,0,0,0,0,2,2,0,0,0,2,0,0,2,2,0,0,2,0,0,2,0,0,2,0,2,0,0,0,0,0,0,0,2,0,0,0,0,0,2,0,0,2,0,0,0,0,0,0,2,2,0,0,0,0,2,2,0,0,0,0,0,0,2,0,0,0,0,2,NA,0,2,0,0,0,0,0,2,0,2,0,0,0,0,0,0,2,0,0,0,0,0,0,0,0,2,0,2,2,2,0,0,2,2,0,2,0,2,2,2,0,2,2,0,0,0,0,0,0,0,2,0,0,0,0,0,0,0,0,0,0,0,0,0,0,0,0,0,2,0,2,0,2,0,2,2,0,0,2,2,0,2,2,0,0,0,0,0,0,2,2,2,0,2,0,2,0,0,0,0,2,0,0,0,0,0,0,0,0,0,0,2,0,2,0,0,2,2,0,0,0,0,2,0,0,0,0,0,0,0,2,0,0,0,0,2,2,2,2,0,2,0,0,0,0,2,0,0,0,0,0,0,0,0,0,0,0,0,2,0,2,0,0,0,2,0,0,2,0,0,0,0,0,0,0,0,0,0,2,0,0,2,0,0,0,0,2,0,0,0,0,2,0,0,0,0,0,0,2,0,0,2,0,0,2,0,0,0,2,0,0,0,0,2,0,0,0,2,2,NA,0,2,0,0,0,0,0,0,0,0,0,0,2,0,0,0,0,0,2,0,0,0,0,0,0,0,0,2,2,0,0,2,2,2,2,2,2,0,2,0,0,0,0,2,2,2,2,2,0,0,2,2,0,0,2,0,2,0,0,2,0,0,0,NA,2,0,0,0,2,0,0,2,2,0,2,0,0,2,0,2,2,0,0,0,0,0,0,2,2,0,0,2,0,0,2,0,0,0,0,2,0,0,0,0,0,0,0,0,0,0,0,0,0,0,0,0,0,0,0,0,0,0,0,0,0,0,0,0,0,0,0,2,0,0,0,0,2,2,0,0,2,0,0,0,0,2,0,0,0,2,0,0,0,0,0,0,0,0,0,2,2,0,0,0,2,2,2,0,2,0,0,0,0,0,0,2,0,0,0,0,2,0,0,2,0,0,0,2,2,0,0,0,0,0,0,0,0,NA,0,2,0,0,0,2,2,0,0,0,2,0,2,0,0,0,0,0,0,0,0,0,2,0,0,0,0,0,2,0,0,2,0,0,0,0,0,0,0,2,0,0,0,2,0,2,2,2,2,2,0,0,2,0,0,2,0,NA,0,2,0,0,0,0,0,2,2,0,0,0,2,0,0,0,0,0,0,0,0,2,0,0,0,0,0,0,0,0,0,0,0,0,0,0,0,0,2,0,0,0,2,0,0,2,0,0,0,0,2,0,0,2,0,0,0,0,0,0,0,2,2,0,0,0,0,0,0,0,0,0,0,0,2,0,0,0,2,0,2,0,0,2,0,0,0,0,0,0,0,0,0,0,0,2,0,0,0,0,0,0,2,2,2,0,0,0,0,0,0,0,0,2,2,0,0,2,0,0,0,0,0,2,0,0,0,2,0,2,0,2,0,0,0,0,0,2,2,0,0,0,2,0,2,0,0,0,0,2,0,2,0,0,2,2,0,0,0,0,2,0,0,0,0,2,0,0,0,0,0,0,0,0,0,0,0,0,0,0,0,0,0,0,0,0,0,0,2,0,2,0,0,2,0,2,0,0,0,0,2,0,0,0,0,0,0,2,0,2,0,0,0,2,0,0,0,0,NA,0,0,0,0,0,0,2,0,0,2,0,2,0,0,0,2,2,2,2,0,0,0,2,0,0,0,0,2,0,0,0,0,2,0,0,2,0,0,2,0,2,0,0,0,0,0,0,0,0,2,2,0,0,0,2,0,0,0,0,2,0,0,0,0,0,0,0,0,0,2,0,0,0,0,0,2,0,0,0,0,0,0,0,2,0,0,0,0,0,0,0,2,0,0,0,0,0,0,0,2,2,0,0,0,0,0,0,2,0,0,0,0,0,0,0,0,0,0,0,0,0,2,0,0,0,0,0,0,0,0,0,0,0,0,0,2,0,0,0,0,0,0,2,0,0,2,0,0,0,2,0,0,0,0,2,2,0,0,0,0,2,0,0,0,0,0,2,0,0,0,0,0,0,2,0,0,0,0,0,0,0,0,0,0,2,0,0,0,0,0,2,2,0,0,0,0,0,0,0,0,0,0,0,2,0,0,0,0,0,0,2,0,0,2,0,0,0,0,0,0,2,0,0,0,0,0,0,0,0,0,0,2,0,0,0,2,0,0,0,0,0,2,2,2,0,2,0,0,0,0,0,2,0,0,0,0,0,0,0,0,2,0,0,0,0,0,0,0,0,0,0,0,2,2,0,0,0,0,0,0,0,0,0,0,2,0,0,0,2,0,0,0,0,0,0,2,0,2,0,0,0,0,0,0,0,2,2,0,0,2,0,0,0,2,2,0,0,2,0,0,0,0,0,0,2,2,2,0,0,0,0,2,0,2,0,0,0,0,0,0,0,0,0,0,0,0,0,0,0,0,0,0,0,2,0,0,0,0,0,0,0,0,0,0,0,0,2,0,0,0,2,0,0,0,NA,0,0,0,2,2,0,2,0,0,0,0,0,0,0,0,0,0,0,0,0,0,2,0,0,0,0,0,0,0,0,0,2,0,NA,0,2,2,0,2,2,NA,0,0,2,2,0,NA,2,0,0,2,2,0,2,0,0,0,0,0,0,0,0,0,0,0,0,NA,0,2,0,0,0,2,0,0,2,0,0,0,0,2,0,0,0,0,0,0,0,0,0,0,2,0,0,0,0,0,2,0,2,0,0,0,0,0,0,2,0,0,0,0,0,2,2,0,0,2,0,0,2,0,0,0,0,0,0,0,0,0,2,0,0,0,0,0,0,2,0,2,0,0,2,0,0,0,0,0,2,0,0,0,0,0,2,2,0,0,0,0,0,NA,0,0,0,0,0,0,2,0,0,0,0,2,0,0,2,2,0,0,0,0,2,2,0,0,0,0,0,0,2,0,0,0,0,0,0,0,0,0,0,0,0,0,0,2,0,0,0,0,0,0,0,0,0,0,2,2,2,2,0,0,0,0,2,0,2,2,0,2,2,0,2,NA,0,0,2,0,0,2,2,2,0,2,2,0,0,0,0,0,0,0,0,0,0,2,0,0,0,2,2,0,0,0,0,0,2,0,0,0,0,0,2,0,0,0,0,0,0,0,0,0,0,0,0,0,0,0,0,0,0,2,0,0,0,0,2,0,0,0,2,0,0,0,2,0,2,2,0,0,0,2,0,0,0,2,2,0,0,0,2,0,0,0,0,0,0,0,0,2,0,2,2,0,2,0,0,2,0,0,0,0,0,0,0,0,0,0,0,0,0,0,2,2,0,2,0,0,NA,0,0,0,0,0,0,0,0,0,0,0,0,0,2,0,0,2,0,0,0,0,0,0,0,0,0,2,0,0,0,0,2,0,0,0,0,0,2,0,2,0,2,0,0,0,0,2,2,0,0,0,0,0,0,2,0,0,0,2,0,0,0,0,0,0,0,2,0,0,2,0,2,0,0,0,2,0,2,2,0,2,0,0,0,0,0,0,2,0,2,0,0,0,0,0,0,0,2,0,0,0,0,2,0,0,2,0,0,2,0,0,2,0,0,0,0,0,2,0,0,0,0,2,0,0,0,0,0,2,0,0,0,2,0,0,0,0,0,2,0,2,0,0,2,0,2,2,2,0,2,0,2,2,0,2,2,2,2,0,2,0,2,0,0,0,0,0,2,0,0,2,0,0,0,2,0,0,0,0,0,0,0,0,0,0,0,0,0,2,0,0,0,0,0,0,0,0,0,2,0,0,0,0,0,0,0,0,0,2,0,0,2,0,0,0,0,0,0,0,2,2,2,0,0,0,2,0,0,0,0,0,0,0,0,0,0,0,0,0,0,2,0,0,0,0,2,0,2,0,0,0,0,0,0,0,0,2,0,0,2,0,0,0,0,0,0,2,0,2,0,2,0,0,0,0,0,0,0,0,2,2,0,0,0,0,2,0,0,0,0,2,0,2,2,0,0,2,0,0,2,2,0,0,0,2,2,2,0,2,0,0,0,0,0,0,0,0,0,2,2,0,0,0,0,0,2,2,0,2,0,0,0,0,0,0,0,0,0,0,2,0,0,0,0,0,0,0,0,0,0,0,NA,0,0,0,2,2,0,0,0,2,0,2,2,2,0,2,0,2,0,0,2,2,2,0,2,0,2,0,2,0,2,0,0,0,0,2,0,0,0,0,0,0,0,0,0,0,2,0,0,0,0,0,0,0,0,2,0,2,0,2,0,0,0,0,0,0,2,0,2,0,2,0,0,0,2,0,0,0,0,0,0,0,2,0,0,0,0,2,2,2,0,2,2,0,0,0,0,0,2,0,2,0,0,0,0,0,0,0,2,0,2,2,0,0,2,0,0,0,0,0,0,0,0,2,2,0,0,2,2,0,0,0,0,0,2,2,0,0,0,0,0,2,0,0,0,0,0,2,0,2,0,2,0,0,0,0,0,0,2,2,2,0,0,0,0,0,0,0,0,0,0,0,0,2,0,0,0,0,2,0,2,2,NA,2,0,0,0,2,0,2,0,0,NA,0,0,0,0,2,0,0,0,0,0,0,0,0,0,0,0,2,0,2,0,0,0,0,0,0,0,0,0,0,2,0,0,0,0,0,0,2,0,0,0,0,0,0,0,2,0,0,0,0,0,0,0,0,0,0,0,0,0,0,0,0,0,0,0,0,0,0,0,0,0,2,0,0,2,0,2,0,0,0,0,2,2,0,0,0,0,0,0,0,0,2,0,0,0,0,0,0,2,0,0,0,0,0,2,0,0,0,2,0,2,0,2,0,2,0,2,0,2,2,0,0,0,0,0,0,0,0,0,0,0,2,0,0,2,0,0,0,0,0,0,0,0,2,0,0,0,0,0,0,0,2,0,0,0,2,2,0,0,0,0,0,0,2,0,0,2,0,2,0,0,0,2,0,2,2,0,2,0,0,0,0,2,0,0,0,0,0,0,0,2,0,0,2,0,0,2,0,0,2,2,0,0,2,0,0,0,0,0,0,0,0,0,0,0,0,0,NA,0,0,0,0,0,2,0,0,0,0,0,0,0,0,0,0,0,0,0,2,0,0,0,0,0,0,0,0,0,0,2,0,0,0,0,0,0,0,0,0,0,0,0,2,0,0,2,0,2,2,2,0,0,0,0,0,0,0,0,0,0,2,0,0,0,0,0,0,0,0,0,2,0,2,0,2,2,0,0,2,0,0,0,0,0,2,2,0,0,0,0,0,0,0,0,0,0,0,2,0,0,0,0,0,0,2,0,2,0,0,0,0,0,0,0,0,0,0,0,0,0,0,0,2,0,0,2,0,2,0,0,0,2,0,0,2,0,0,0,0,2,0,2,0,0,0,0,0,2,0,0,0,0,0,2,2,2,0,0,0,2,0,0,0,2,0,2,0,0,0,0,0,0,2,2,0,2,2,0,0,0,0,2,0,2,0,0,0,0,0,0,0,0,0,2,0,2,2,0,0,0,0,0,0,0,0,2,0,0,0,0,0,0,0,2,0,NA,0,0,0,2,0,2,2,0,2,0,0,0,0,0,0,2,0,0,0,0,0,0,0,0,2,2,0,0,0,0,0,0,0,2,0,2,0,0,2,0,0,0,2,2,0,0,0,2,0,0,0,0,0,0,0,0,0,0,0,0,0,2,0,0,0,0,0,0,0,0,0,0,0,0,0,0,0,0,0,0,0,0,0,0,0,0,0,2,0,0,0,2,0,2,2,0,0,0,0,2,2,0,0,0,0,0,0,0,0,0,0,0,0,0,0,0,0,0,0,0,0,0,0,0,0,0,2,0,0,0,2,0,0,2,0,0,0,0,0,0,0,0,0,0,0,2,0,0,0,0,0,0,2,0,2,0,0,0,0,2,0,0,2,2,2,0,0,2,0,0,2,2,0,0,0,0,0,0,2,0,0,0,0,0,2,0,2,0,0,0,0,0,0,0,2,0,2,0,2,2,2,0,2,0,0,2,2,2,0,0,NA,0,0,0,0,0,0,0,0,0,0,0,0,2,0,0,0,0,0,0,0,0,0,0,0,0,0,0,0,0,2,0,2,0,2,0,0,0,2,0,0,0,2,2,2,2,0,2,0,0,0,0,2,2,0,0,0,2,0,0,0,0,0,0,0,0,0,2,0,0,0,0,0,0,0,0,0,0,0,0,0,0,2,2,0,0,0,0,0,2,0,0,0,0,2,0,0,0,2,0,0,0,0,2,0,0,0,0,0,0,0,0,0,0,0,0,0,0,0,0,0,2,0,0,0,0,0,0,0,2,0,0,0,0,0,0,0,2,0,0,0,2,0,0,0,0,0,0,0,2,0,2,0,0,0,2,0,0,0,0,0,0,0,0,0,0,0,0,2,0,0,2,0,0,2,2,0,0,0,2,0,0,0,0,0,0,0,0,0,0,0,0,2,0,0,2,2,2,0,0,0,2,2,0,0,0,0,0,0,0,2,0,0,0,0,0,0,0,0,0,0,0,0,2,0,2,2,0,0,0,0,2,0,2,2,0,0,0,0,0,0,0,2,2,2,0,0,2,0,0,2,0,2,2,0,0,2,0,2,2,0,0,0,0,0,2,2,2,0,0,0,0,0,0,0,0,2,2,0,0,2,0,2,2,2,0,2,0,0,0,0,0,2,0,2,0,0,0,2,0,2,2,2,0,0,0,0,0,0,0,0,2,0,0,2,2,0,0,0,0,0,0,2,0,2,2,2,0,0,0,2,2,NA,2,2,2,2,0,0,0,0,0,0,2,2,2,0,0,0,2,0,0,0,2,2,2,0,2,0,0,0,0,0,0,2,0,0,0,0,2,0,0,0,0,0,0,0,0,0,0,0,2,0,0,2,0,2,0,2,0,2,0,0,0,0,2,0,0,2,0,0,0,2,2,0,0,0,0,0,2,0,0,0,0,0,0,2,0,0,0,2,2,0,2,2,2,0,0,0,2,2,0,0,0,0,2,0,0,2,0,0,0,0,0,0,0,0,0,0,2,0,2,2,2,2,0,2,0,2,0,2,2,2,0,0,2,0,0,0,2,0,0,0,0,0,2,0,0,0,0,0,0,0,0,0,0,0,0,2,0,0,0,2,2,0,0,0,2,0,0,2,0,0,0,0,0,0,2,0,0,0,0,2,0,2,0,0,0,0,0,0,0,2,0,0,0,0,2,2,2,0,0,2,2,2,2,0,0,0,2,2,2,2,0,2,2,0,0,0,0,0,0,0,2,0,2,0,0,0,0,0,2,0,2,0,0,0,0,2,0,2,NA,0,0,0,0,2,0,0,2,0,0,2,0,0,0,0,0,2,2,0,NA,0,0,0,0,0,0,0,0,2,2,0,0,2,0,2,2,2,0,0,2,2,0,0,0,0,0,0,0,0,0,2,0,0,0,0,0,0,0,0,0,0,0,0,0,0,0,2,0,0,0,0,2,0,2,0,0,0,0,0,0,0,0,0,0,0,0,0,0,0,0,2,0,0,0,0,0,0,0,0,0,0,2,2,0,0,0,2,0,0,0,2,0,0,0,0,0,0,0,0,0,2,0,0,0,0,0,0,0,2,0,0,0,2,0,0,0,0,2,0,0,0,0,0,0,0,0,0,0,0,0,0,0,2,0,0,2,2,0,2,0,0,0,0,2,0,2,0,0,0,2,2,0,2,0,0,2,0,0,2,0,0,0,0,0,0,0,0,0,0,0,0,0,0,0,0,0,0,0,2,0,0,0,2,0,2,2,2,0,0,0,0,0,0,2,0,0,0,0,0,0,2,0,2,0,0,0,2,0,0,0,0,0,0,0,0,0,0,0,0,0,0,0,0,0,0,0,0,0,0,0,0,0,0,0,0,0,0,0,0,0,0,0,0,0,0,0,0,0,0,0,0,0,NA,2,0,0,0,0,0,0,0,0,0,0,0,0,0,0,0,0,0,0,0,0,0,0,0,0,0,0,0,0,0,0,2,2,0,2,0,0,0,0,0,0,0,0,0,0,2,0,0,0,2,0,0,0,0,0,0,0,0,0,0,0,0,0,0,0,0,0,0,2,2,0,0,0,0,0,0,0,2,0,0,0,0,0,0,0,0,0,0,0,0,2,0,0,2,0,0,0,0,0,0,0,0,0,0,0,0,0,0,0,0,0,0,0,0,0,0,0,0,2,2,0,0,0,2,0,0,2,0,0,0,0,0,2,0,0,0,0,0,2,2,2,0,0,0,0,0,2,0,2,0,0,0,0,2,2,0,0,0,0,0,2,0,0,0,0,0,2,2,0,0,0,0,0,2,0,0,2,0,0,0,0,0,0,0,0,0,0,0,0,0,2,2,2,0,0,0,2,0,0,0,0,0,0,0,0,0,0,2,0,0,0,2,2,2,0,0,0,2,0,0,0,0,2,0,0,0,0,0,0,2,0,0,0,0,2,0,0,0,0,0,0,0,2,2,0,0,0,2,2,0,2,0,0,0,2,2,2,2,0,0,0,0,0,0,2,0,0,2,0,0,0,0,2,2,0,0,0,2,0,0,0,0,0,2,2,0,2,0,2,0,0,2,0,0,2,2,0,0,0,0,2,0,0,0,0,0,0,2,0,0,0,0,2,0,0,2,0,0,0,2,2,0,0,0,0,0,2,0,2,0,0,2,0,2,2,0,0,0,0,2,2,0,0,0,0,0,0,0,2,0,0,0,0,0,0,0,0,0,0,0,0,0,0,0,0,0,0,0,0,0,0,2,2,0,0,0,2,0,0,2,0,0,0,0,0,2,0,0,2,0,2,0,0,0,0,0,0,0,0,0,2,0,0,0,0,0,0,2,0,0,0,2,0,0,NA,0,0,0,0,0,0,0,0,0,0,0,0,0,0,0,2,0,0,0,0,0,0,0,0,0,2,0,0,0,2,0,0,2,0,0,0,0,0,0,0,2,0,0,0,0,0,2,0,0,0,0,0,0,0,0,0,0,0,0,0,0,2,0,0,0,2,0,0,0,2,0,0,0,0,2,0,0,0,0,0,0,2,2,0,0,0,2,2,0,2,2,2,0,0,0,0,2,2,0,2,0,2,0,0,0,0,2,0,2,0,0,0,0,0,0,0,2,0,0,2,0,0,2,0,0,0,0,0,0,2,0,0,0,0,2,2,2,0,0,0,0,0,0,0,0,0,0,0,2,0,2,0,2,2,0,2,0,0,2,0,0,2,2,0,0,0,0,2,0,0,0,0,0,0,0,0,0,0,0,0,0,0,0,0,2,0,0,0,0,0,2,0,2,0,0,2,0,0,0,0,0,0,0,0,2,0,0,0,0,0,0,0,2,0,2,0,0,0,0,0,0,2,2,2,0,0,0,2,0,0,0,0,0,0,2,0,0,0,0,2,0,0,0,0,0,0,2,0,2,0,0,0,0,2,0,0,0,0,0,0,0,0,0,2,2,0,0,0,0,0,2,0,2,2,0,2,0,0,0,2,0,0,2,0,0,2,0,0,0,0,0,0,0,0,0,0,0,0,0,2,2,0,0,0,0,0,0,0,2,0,0,0,0,0,0,0,0,0,0,0,0,0,0,0,2,0,0,2,2,0,0,2,2,0,0,0,0,2,0,0,0,0,0,0,0,0,0,0,0,0,0,0,0,0,0,0,2,0,0,2,2,0,0,2,2,0,2,0,0,0,0,0,0,0,0,0,0,0,0,0,0,0,0,2,0,0,0,0,0,0,0,0,0,0,0,0,0,0,0,0,0,0,0,0,0,2,0,0,2,0,2,0,0,0,0,2,0,0,2,0,0,0,0,0,2,0,0,2,0,0,0,2,0,0,2,0,0,0,0,0,0,0,2,2,0,0,0,0,0,0,0,0,0,0,0,0,0,0,0,2,0,2,2,2,0,0,0,0,2,0,0,0,0,0,0,0,0,0,2,0,2,0,0,2,0,0,2,0,0,2,0,2,0,0,0,0,0,0,0,2,0,0,2,0,2,0,2,0,2,0,0,NA,0,2,0,0,2,0,0,0,0,0,0,0,0,0,0,0,0,0,0,0,0,0,2,0,0,0,0,0,0,0,0,0,0,0,0,0,0,0,0,0,0,0,0,0,0,0,2,0,0,0,0,0,2,0,0,0,0,0,0,0,0,0,0,0,0,2,0,0,0,0,0,0,0,0,2,0,2,2,2,0,0,0,0,0,2,2,0,0,0,0,0,2,0,2,0,2,0,2,0,2,0,0,0,0,0,0,0,0,0,2,0,0,0,0,2,0,0,0,0,0,0,0,0,0,0,0,0,0,0,0,2,2,0,0,0,0,0,0,0,0,0,0,0,2,2,0,0,0,0,0,0,0,0,0,0,0,0,2,2,0,2,0,0,0,0,2,0,0,0,0,0,0,0,0,0,2,0,0,2,0,0,0,0,0,NA,2,2,0,0,0,2,0,0,NA,0,0,2,0,0,2,0,0,0,2,0,0,2,NA,2,2,0,2,0,2,0,0,2,0,0,0,0,0,0,0,2,0,0,2,0,0,0,0,0,0,0,0,0,2,0,0,0,2,2,0,0,0,0,0,0,0,0,2,0,0,0,0,0,0,2,0,0,2,2,2,0,0,0,2,2,0,0,0,2,0,0,2,0,0,0,0,0,0,0,0,0,0,0,0,2,0,0,0,0,0,0,0,0,0,0,0,0,2,0,0,0,0,0,0,0,2,0,2,0,0,0,0,2,0,0,0,0,0,2,0,0,2,0,0,0,0,0,0,2,0,2,0,0,0,2,2,0,2,0,2,2,0,0,0,0,0,0,2,2,0,0,2,0,0,0,2,2,2,0,2,2,2,0,0,0,0,0,0,2,NA,0,0,0,2,2,0,0,0,0,0,0,2,0,2,0,0,0,2,2,0,2,0,0,0,2,0,0,2,2,0,0,0,0,0,0,0,0,0,0,0,0,0,0,0,0,0,2,0,0,0,0,0,0,0,0,0,0,0,0,0,0,2,0,2,2,0,0,0,2,2,0,0,0,2,0,0,0,0,0,0,0,0,2,0,2,2,0,0,0,0,0,0,0,0,0,0,0,0,0,0,0,0,0,0,NA,2,0,0,2,2,2,0,0,2,0,0,0,0,0,0,0,0,0,0,0,2,0,2,0,2,0,0,0,2,NA,0,0,0,0,0,0,2,0,0,0,0,0,2,0,0,2,0,0,0,0,0,0,2,2,0,0,0,0,0,2,0,0,0,0,2,0,0,2,2,0,0,0,0,0,2,0,0,0,2,0,0,0,0,0,0,0,0,0,0,0,0,0,2,0,0,2,0,2,2,0,0,0,0,0,0,2,0,0,0,0,0,0,2,0,0,0,0,0,0,0,2,2,0,2,0,0,2,0,0,0,2,0,0,0,0,0,0,0,2,0,0,0,0,0,0,0,0,0,0,0,0,0,0,2,0,0,0,0,0,0,0,0,0,2,0,0,2,2,2,0,0,0,0,0,2,2,2,2,2,0,0,0,0,0,0,0,0,0
"CC29",0,0,0,0,0,0,0,0,0,0,0,0,0,0,0,2,0,0,0,2,0,0,0,2,2,0,0,0,0,0,0,0,0,0,0,0,2,0,0,0,0,2,0,0,0,0,0,0,0,0,2,0,0,0,2,NA,0,0,0,0,0,2,0,2,0,0,0,0,0,0,2,0,0,0,0,0,0,0,0,2,0,2,0,0,0,0,0,0,0,0,0,0,0,2,0,0,0,0,0,0,0,0,0,0,0,0,0,0,0,2,0,2,2,0,0,0,0,0,0,0,0,0,0,0,0,0,2,0,2,0,0,0,0,0,0,0,0,0,0,0,0,0,0,0,0,0,2,0,0,0,2,0,0,0,0,0,0,0,0,0,0,0,0,2,2,0,2,0,0,0,0,2,0,0,0,0,2,0,0,0,0,0,0,0,2,0,0,0,0,2,0,0,2,0,0,0,0,0,2,0,0,0,0,0,0,2,0,0,0,0,0,0,0,2,0,0,0,0,0,0,0,0,0,0,0,0,0,2,0,0,0,0,0,0,0,0,0,0,0,0,0,2,0,0,0,0,0,0,0,2,0,0,0,0,0,0,0,2,0,0,0,2,2,0,0,0,2,0,0,0,0,0,0,2,0,0,0,0,0,0,0,0,0,0,0,0,0,0,0,0,0,0,0,0,0,0,0,0,0,0,0,0,0,0,0,0,0,2,0,0,0,0,0,0,0,0,0,0,0,0,0,0,0,2,0,0,0,0,0,0,0,0,2,0,0,2,0,0,0,0,0,0,0,0,0,0,0,0,0,0,0,0,0,0,0,0,0,0,0,0,0,0,0,0,0,0,0,0,0,0,2,0,0,0,2,2,0,0,2,2,0,2,0,0,0,0,2,2,0,0,0,0,0,0,0,0,NA,0,0,0,0,0,0,0,0,0,0,0,0,0,0,0,0,0,2,0,0,2,0,0,2,0,0,0,0,0,0,2,0,2,0,0,0,0,0,0,0,0,0,0,0,0,0,2,0,0,0,2,0,0,0,0,0,0,0,0,2,0,0,2,2,2,0,2,0,0,0,0,2,0,2,2,0,2,2,0,2,2,0,0,0,0,0,0,0,2,0,0,2,0,0,2,0,2,0,0,0,0,0,2,0,0,2,0,0,0,0,2,2,NA,2,2,0,2,0,2,0,2,0,2,0,0,0,0,0,0,0,0,2,0,0,0,0,0,0,0,0,0,0,0,2,0,0,2,0,0,0,2,2,0,2,0,0,0,0,0,2,NA,0,0,0,0,0,2,2,0,2,0,2,0,2,NA,0,0,2,0,0,0,0,0,0,2,0,0,0,2,0,2,2,0,0,2,0,2,0,0,0,0,2,0,0,0,0,2,0,0,0,0,0,0,0,0,0,0,0,0,2,0,0,0,0,0,0,2,0,0,0,0,0,0,0,0,2,0,2,0,0,0,0,2,0,0,0,2,0,0,0,0,0,0,0,0,0,0,0,0,2,0,0,0,2,0,0,0,0,0,0,0,0,0,0,0,2,0,0,0,0,0,0,0,0,0,0,0,0,0,0,0,0,0,0,0,0,0,0,0,0,0,0,0,0,0,0,0,2,0,0,0,0,0,0,0,0,2,0,0,0,2,0,0,0,0,0,0,0,2,0,2,2,0,0,0,0,0,2,0,0,0,0,0,0,0,0,0,0,2,0,0,2,0,0,0,0,0,0,0,0,2,0,0,2,0,0,0,0,2,0,0,0,0,2,0,0,0,2,0,2,0,2,0,0,2,0,0,0,0,2,0,0,0,0,0,0,0,0,0,0,0,0,0,0,0,0,0,2,0,2,0,0,0,2,0,0,0,0,0,0,0,0,0,0,0,2,2,0,0,0,0,0,0,0,0,2,0,0,2,0,0,0,2,2,2,0,2,0,0,0,2,2,0,2,2,2,2,0,0,0,0,0,2,2,0,0,0,2,0,NA,2,0,0,0,0,0,2,0,0,0,0,0,0,0,2,0,0,2,0,2,2,0,0,0,0,0,0,0,0,2,0,0,0,0,0,0,0,0,2,0,2,0,0,0,0,0,0,0,0,0,0,0,2,2,0,0,0,2,0,0,0,2,0,0,0,0,0,0,0,0,0,0,0,0,0,0,0,0,0,0,0,0,0,2,0,2,0,0,0,0,0,0,0,0,0,0,0,0,0,0,0,0,0,0,2,0,0,0,0,0,2,0,0,0,0,0,0,0,2,0,2,0,0,0,0,0,2,0,0,0,0,0,0,0,0,0,0,0,0,0,0,0,0,0,0,0,0,0,2,2,2,0,0,0,0,2,2,0,0,0,2,0,0,0,0,2,0,2,2,0,0,2,0,0,0,0,0,0,2,0,0,2,2,2,0,2,0,0,0,0,2,0,0,0,0,0,2,2,2,2,0,0,2,0,0,2,0,0,2,0,0,0,0,0,2,2,0,0,0,0,2,0,0,0,2,2,0,0,0,0,0,0,2,0,0,2,0,0,0,2,0,0,0,0,0,0,0,0,0,2,0,0,0,0,0,0,2,0,2,0,2,0,0,0,0,0,2,0,0,0,0,0,0,0,0,0,NA,0,0,0,0,0,0,0,0,2,0,0,0,0,0,0,0,0,0,0,0,2,0,0,2,2,0,2,0,0,0,0,2,0,0,0,0,2,0,0,0,0,0,0,0,0,0,0,2,2,0,0,2,0,0,2,0,0,0,0,0,2,0,0,0,0,0,0,0,0,2,0,0,0,0,0,0,2,0,0,0,0,0,0,0,0,2,2,0,2,0,0,0,2,2,0,0,0,0,2,0,0,0,0,0,0,0,0,0,0,0,0,0,0,0,0,0,0,0,2,0,2,0,2,2,0,0,2,2,0,0,0,0,0,0,0,0,0,0,0,0,0,0,0,0,0,2,0,0,2,2,0,0,0,0,0,0,0,0,0,0,2,0,0,0,0,0,0,2,2,0,0,0,0,0,0,0,0,0,0,0,2,0,0,0,0,0,0,0,0,0,0,0,2,0,0,0,0,0,2,0,0,0,0,0,0,0,0,2,0,2,0,0,0,0,0,0,2,2,2,0,0,0,0,0,0,0,0,0,0,0,2,0,2,0,0,0,0,0,0,0,0,0,0,0,0,0,0,0,2,2,0,2,0,0,0,0,0,0,0,0,0,0,0,0,0,2,0,0,0,0,0,0,0,0,0,2,0,0,0,0,0,0,0,0,0,0,2,2,0,0,0,0,0,0,0,0,2,0,0,0,0,0,0,0,0,2,0,0,0,2,0,0,0,0,0,0,0,2,0,2,2,2,0,0,2,0,0,0,0,0,0,0,0,2,0,2,0,0,0,0,0,0,0,2,0,0,2,0,0,0,0,0,0,0,0,0,2,2,0,0,0,0,0,0,0,2,0,0,0,0,0,2,0,0,2,0,0,0,0,0,0,0,0,0,0,0,0,0,0,0,0,0,2,0,0,0,0,0,0,0,2,2,0,0,0,2,0,0,0,2,0,0,0,0,2,0,0,0,2,2,0,0,0,2,0,0,0,0,2,2,0,0,0,0,0,0,0,0,0,0,2,0,0,0,0,0,0,0,0,2,2,0,0,0,0,0,0,0,0,0,0,0,2,2,0,2,0,0,0,2,0,0,0,0,0,0,0,2,0,2,0,0,0,0,2,0,0,2,2,2,0,0,0,0,2,0,0,2,0,0,2,0,0,0,0,0,2,0,0,0,0,0,0,2,0,0,0,0,0,0,0,0,0,2,0,0,0,0,0,0,0,0,0,0,0,0,2,0,0,0,0,0,0,0,2,0,0,0,0,0,0,2,2,0,0,0,0,0,0,0,0,0,0,2,0,0,0,0,0,0,0,0,0,0,0,0,0,0,2,0,0,0,0,0,2,0,0,0,0,0,2,0,0,2,0,0,0,0,2,2,0,0,0,0,0,0,0,0,0,0,0,2,0,0,0,0,2,0,0,0,0,0,0,0,0,0,0,0,0,0,0,0,0,2,0,0,0,0,2,0,0,0,0,0,0,0,0,0,2,0,2,2,0,0,0,0,0,0,2,0,2,0,2,0,0,0,2,0,2,0,0,0,0,0,0,0,0,0,0,0,0,0,0,0,0,0,0,0,0,0,0,0,0,2,0,2,0,0,2,0,2,0,0,0,0,2,2,0,0,0,0,2,0,0,0,0,2,0,0,0,0,0,0,0,0,0,0,0,0,0,0,0,0,0,0,0,0,0,2,0,2,0,0,0,0,0,2,2,2,0,2,0,2,0,0,0,0,0,0,2,0,2,0,2,0,0,2,0,0,0,0,0,0,2,0,0,0,0,2,0,0,0,2,0,2,0,0,0,0,0,0,0,0,0,0,0,2,0,0,0,0,0,0,0,0,2,0,2,0,0,0,0,0,0,0,0,0,0,0,0,2,0,0,2,0,0,0,0,0,0,0,0,0,0,0,0,2,2,0,0,0,0,2,2,2,0,0,2,0,0,0,0,0,0,0,2,2,0,0,2,0,2,0,0,0,2,2,0,0,0,0,0,2,2,0,0,2,0,0,0,0,0,0,0,0,2,2,2,0,0,0,0,0,0,0,0,2,2,0,0,2,0,0,0,0,0,2,0,0,0,0,0,0,0,0,0,0,0,0,0,0,0,0,0,0,0,2,0,0,0,0,2,NA,2,0,0,0,0,NA,NA,0,0,0,0,2,0,0,0,0,0,0,0,0,0,0,0,0,0,0,2,0,0,0,0,0,0,0,0,2,2,2,0,0,0,2,2,0,0,0,0,2,2,0,0,0,0,0,0,0,0,0,0,0,2,0,0,0,0,0,0,0,2,0,0,0,0,0,2,0,0,0,0,0,0,0,2,0,0,0,0,0,0,0,0,0,0,0,2,0,0,0,2,0,0,0,2,0,2,0,0,0,0,0,0,2,0,0,2,0,0,2,0,0,0,0,0,0,0,0,2,0,0,0,0,0,0,0,0,0,0,0,0,0,0,0,0,2,0,2,0,0,0,2,0,0,0,0,2,0,0,0,2,0,0,0,0,0,0,0,2,0,0,0,0,0,NA,2,0,0,0,2,0,0,0,0,0,0,0,0,0,0,0,2,0,0,2,0,0,0,2,0,2,0,0,0,0,0,0,0,0,0,2,2,0,0,2,0,0,0,2,0,0,0,0,0,2,0,NA,0,0,0,0,0,0,0,0,2,0,0,0,0,0,0,2,0,0,0,0,0,0,2,0,0,0,0,0,0,0,0,0,0,0,0,0,0,0,0,2,2,2,0,0,0,2,0,2,0,0,0,0,0,0,0,2,0,0,0,0,0,0,0,2,0,0,0,0,0,0,0,0,0,0,0,0,0,2,0,0,0,0,2,0,0,0,0,0,0,0,0,0,2,0,2,0,0,0,0,0,0,0,0,0,0,0,0,0,0,0,0,0,0,0,0,2,0,0,2,0,0,2,0,2,0,0,0,0,0,0,0,0,0,2,0,0,0,0,0,2,0,0,0,0,0,0,0,0,2,0,0,2,0,0,0,0,2,0,0,0,0,0,0,0,0,0,0,0,0,0,0,0,0,0,2,0,0,0,0,0,2,0,0,0,2,2,0,0,0,2,2,0,0,0,0,0,0,2,2,0,0,0,0,0,0,2,0,2,NA,0,0,0,2,0,0,2,0,0,2,0,0,0,0,0,0,0,0,0,0,0,0,2,0,0,0,0,0,2,0,0,0,0,0,0,0,2,0,0,0,0,0,0,0,0,0,0,0,0,0,0,NA,2,0,0,0,0,0,0,0,0,2,0,0,0,2,0,2,0,0,0,0,0,0,0,2,2,0,0,0,0,0,0,0,0,0,0,2,0,0,2,2,0,0,0,0,0,0,0,2,2,0,2,2,0,0,0,0,0,2,0,0,0,0,0,0,0,0,0,0,0,0,2,0,2,0,0,2,0,0,0,0,0,0,0,2,0,0,0,0,0,0,0,2,0,0,0,0,0,0,2,2,0,0,0,0,2,0,2,2,0,0,0,0,2,0,0,0,0,0,0,0,0,0,0,0,0,0,2,0,0,2,0,0,0,0,2,0,0,0,0,0,2,0,0,0,0,2,0,2,0,2,0,0,0,0,0,0,0,0,0,0,0,0,0,0,0,0,0,0,2,0,2,2,2,0,0,0,0,0,0,0,2,0,0,0,0,0,0,0,0,2,0,0,0,0,0,0,0,0,0,0,0,0,0,0,0,0,0,2,0,0,0,2,2,0,0,0,2,0,2,0,0,0,2,2,0,0,0,0,0,2,0,0,0,2,0,0,0,2,0,0,0,0,2,0,2,0,2,0,0,0,0,0,0,0,0,0,0,0,0,2,0,0,2,0,0,0,0,0,0,0,0,2,0,2,0,2,NA,0,0,0,0,NA,2,0,0,0,0,2,0,0,0,2,0,2,2,0,2,0,0,0,0,2,0,0,2,0,0,0,0,0,0,0,0,0,0,0,0,0,0,0,2,0,2,0,0,0,2,0,0,NA,0,0,0,0,0,0,0,0,0,0,2,0,0,0,0,0,0,0,0,0,2,0,2,2,0,0,0,2,0,0,0,2,0,0,0,0,0,0,0,0,NA,0,0,0,2,0,0,0,0,0,2,0,0,2,0,2,2,0,2,2,2,0,0,0,2,0,0,0,0,0,0,0,0,0,2,0,0,0,2,0,0,2,0,0,0,0,0,0,0,0,0,0,0,0,0,0,0,0,2,0,0,0,0,0,0,0,0,0,0,0,0,0,0,0,2,0,0,2,0,0,0,0,0,2,2,0,0,2,0,0,2,0,2,0,0,2,0,0,NA,0,0,0,0,0,0,2,0,2,0,0,0,2,0,0,0,0,0,0,2,0,2,0,0,0,0,0,0,0,0,0,0,0,0,0,0,0,0,0,0,0,2,0,0,0,0,0,0,0,0,0,0,0,0,0,0,0,0,0,0,0,0,0,0,0,0,0,0,0,0,0,2,0,0,0,0,0,0,0,2,0,0,0,0,0,0,2,0,0,0,0,2,0,0,2,0,0,0,0,0,0,0,2,2,0,0,0,0,0,0,0,0,0,0,0,2,0,0,0,0,2,0,0,0,0,0,0,0,0,0,0,0,0,0,0,0,0,0,0,0,0,0,0,2,0,0,0,0,0,0,0,2,0,0,0,0,2,0,2,0,0,0,0,0,0,0,2,0,0,2,0,0,0,2,0,0,0,0,0,2,2,0,0,0,0,0,0,2,2,0,0,0,0,0,0,0,0,0,0,0,0,0,0,0,0,NA,2,0,0,2,0,0,0,0,2,0,0,0,0,0,0,0,0,0,0,2,NA,2,2,2,0,0,2,2,0,2,0,NA,0,0,0,0,0,0,0,0,2,0,2,2,0,0,2,0,2,2,0,0,0,0,0,0,0,0,2,0,0,0,0,0,2,0,0,0,0,0,0,0,0,0,0,0,0,0,0,0,0,0,2,0,0,0,0,0,2,0,2,0,0,0,0,2,2,0,0,0,0,2,0,0,0,0,0,2,0,0,0,2,2,0,0,0,0,0,0,0,0,0,0,0,0,0,0,0,0,0,0,0,0,0,2,0,0,0,0,0,2,0,0,0,0,0,0,0,0,0,0,0,0,0,0,2,0,2,0,0,0,0,0,0,0,0,0,0,0,0,0,0,0,0,0,0,0,0,2,0,0,0,0,2,0,2,0,0,0,0,0,0,0,0,0,0,0,2,0,0,0,0,0,NA,0,0,0,0,2,0,2,0,0,0,0,0,0,0,0,0,0,0,0,0,0,2,0,0,0,0,2,0,0,0,0,0,0,2,0,0,0,0,0,0,0,2,0,0,0,0,0,0,0,0,0,0,0,0,0,0,0,0,0,0,0,0,0,0,0,0,0,0,0,0,0,0,0,0,0,0,0,0,0,0,0,0,0,0,0,0,0,0,0,0,0,0,0,0,0,0,0,0,0,0,0,0,0,0,0,0,0,0,2,2,0,0,0,0,0,0,0,0,0,0,0,0,0,0,0,0,0,0,0,0,0,0,0,0,0,0,0,0,0,0,0,0,0,0,0,0,0,0,0,0,0,0,0,0,0,0,0,0,0,0,0,0,0,0,0,0,0,0,0,0,0,0,0,0,0,0,0,0,0,0,0,0,2,0,0,0,2,2,2,0,0,0,0,2,0,0,0,0,0,0,0,0,0,0,0,0,0,0,2,0,0,0,0,0,0,0,0,0,2,2,0,0,0,0,0,0,0,0,0,2,0,0,0,0,0,0,0,0,0,0,0,0,0,0,0,0,0,0,0,0,0,0,2,0,0,0,0,0,0,0,0,0,0,0,0,0,0,0,2,2,0,0,0,0,0,0,0,0,0,0,2,0,0,0,0,2,0,0,0,0,2,0,0,0,0,0,0,0,0,0,0,0,0,0,0,0,0,0,0,0,0,0,0,0,0,0,0,0,2,0,0,0,0,0,0,2,0,0,0,0,0,0,0,0,0,0,0,0,0,2,0,0,0,0,0,0,0,0,2,0,2,0,0,2,0,0,0,0,2,0,2,0,2,2,0,2,0,0,0,0,0,0,2,0,0,0,0,2,2,2,0,0,0,2,0,0,0,0,2,2,0,0,0,0,0,0,2,0,0,0,0,0,0,0,0,0,0,0,2,2,0,2,0,0,0,0,2,2,2,0,0,2,0,0,2,0,2,2,0,2,2,0,0,0,0,0,0,0,0,0,0,0,0,0,2,2,0,2,0,2,2,0,0,0,2,0,0,0,0,2,2,0,0,2,0,0,0,0,0,0,0,2,0,0,0,0,0,0,0,0,2,0,0,2,0,0,0,0,0,0,0,0,0,0,0,2,2,2,0,0,2,0,0,0,0,0,0,0,0,0,0,0,0,0,0,0,0,0,0,0,0,0,0,0,0,0,2,0,0,0,0,0,0,0,0,0,0,0,0,0,0,2,0,2,0,0,0,0,0,0,0,0,0,0,0,0,0,0,0,2,0,0,0,0,0,0,2,0,0,2,0,0,2,0,2,0,0,0,2,0,0,2,2,0,0,0,0,0,0,2,0,0,0,0,0,0,0,2,0,0,0,0,0,0,2,0,0,2,2,2,0,0,0,0,0,0,0,0,2,0,0,2,2,0,0,0,0,0,0,0,0,0,0,0,2,2,0,0,0,0,0,0,0,2,0,2,0,0,0,0,0,2,0,0,2,0,0,0,0,2,0,0,0,0,0,0,0,0,0,0,0,0,0,0,2,0,0,0,0,0,2,0,2,0,0,0,2,0,0,0,2,0,0,0,0,0,0,0,0,0,2,0,0,0,2,0,0,0,0,0,0,2,0,0,0,0,0,0,0,2,0,0,0,2,0,2,0,2,0,0,0,2,2,0,0,0,2,0,0,0,0,0,0,0,0,0,0,0,0,0,0,0,0,0,0,2,0,0,0,2,0,0,0,0,0,2,2,NA,0,0,0,0,0,0,0,0,0,0,0,0,0,0,0,0,0,0,0,0,2,0,0,0,0,0,0,2,0,0,0,0,0,0,0,0,0,0,2,2,0,0,0,0,0,0,0,0,2,0,0,2,0,0,0,0,2,2,0,0,0,0,0,0,0,0,0,0,2,0,0,0,0,0,0,0,0,0,0,0,0,2,2,0,0,2,0,0,2,0,0,0,0,0,2,0,2,0,2,0,2,0,2,0,2,0,0,0,0,0,0,2,2,2,0,2,2,2,0,2,0,0,2,2,0,0,2,0,0,2,0,0,0,0,0,2,2,2,2,2,2,0,2,0,0,0,0,2,0,0,0,0,0,0,0,0,0,0,0,0,0,2,0,2,2,0,0,0,2,0,0,2,0,0,0,0,0,0,0,0,0,0,0,2,0,0,0,0,2,0,0,0,2,0,0,0,0,0,2,0,0,2,0,0,0,2,2,0,0,0,0,0,2,0,0,0,0,0,0,2,2,0,2,0,2,0,0,0,0,2,0,2,0,0,0,0,0,0,2,2,0,0,2,0,0,0,2,NA,0,0,0,0,0,0,0,0,0,0,0,0,0,0,0,0,0,0,0,0,0,0,0,0,0,0,0,0,2,0,2,0,0,0,0,0,0,0,0,0,2,0,2,0,0,0,0,0,0,0,0,0,0,0,0,0,0,0,0,0,0,0,2,0,2,0,0,0,0,0,0,2,0,0,NA,2,2,0,2,0,0,0,2,0,0,0,0,0,0,0,0,0,0,2,2,2,0,2,0,2,0,0,0,0,2,0,2,2,0,0,0,0,0,2,0,0,0,2,0,0,0,0,0,0,2,0,0,0,0,0,0,0,0,0,0,2,0,0,0,2,0,0,0,0,0,0,0,0,2,2,2,0,0,2,0,0,0,0,0,2,0,0,2,0,2,0,0,0,0,2,0,0,2,0,2,0,0,0,0,0,2,2,0,0,0,0,0,0,0,2,0,0,0,0,0,0,0,2,0,0,2,2,0,2,2,0,0,0,2,0,0,0,0,2,0,0,0,2,0,0,0,0,0,2,0,0,2,0,0,0,0,2,0,0,0,0,2,0,2,0,2,0,2,0,0,0,0,0,0,0,2,0,2,0,0,0,0,2,0,0,0,0,2,2,2,0,0,0,0,0,0,0,0,0,2,0,0,2,0,0,0,0,2,0,0,2,0,0,0,0,2,0,0,0,0,0,2,0,2,0,0,0,0,0,0,0,0,0,2,0,0,2,0,2,0,2,0,0,0,0,0,0,0,0,0,2,0,0,0,0,0,0,0,0,0,0,2,2,0,0,0,0,0,0,0,2,0,0,2,0,0,0,0,0,0,0,0,0,2,0,0,0,0,0,2,2,0,0,0,0,0,2,2,0,0,2,0,2,0,0,0,0,0,0,0,0,0,2,2,0,0,0,0,0,0,0,0,2,0,0,0,0,0,0,0,0,0,0,0,0,0,0,2,0,0,0,2,0,0,0,0,0,0,0,0,0,0,0,0,0,2,0,0,0,0,0,2,0,0,2,2,2,0,0,0,0,0,0,0,2,0,0,2,0,0,0,2,2,0,0,0,0,0,0,2,0,0,0,0,0,2,2,2,0,0,0,2,0,0,2,0,0,0,0,0,0,2,0,0,0,2,0,0,0,0,0,0,0,2,0,0,0,0,0,0,2,0,0,2,0,2,0,0,0,0,2,0,0,2,0,0,0,0,0,0,0,0,0,0,0,2,0,2,0,0,0,0,0,2,0,0,0,2,2,0,2,0,0,2,0,0,0,2,2,0,0,0,0,0,0,2,0,2,2,0,0,2,2,2,0,2,2,2,2,0,0,0,0,2,2,2,0,2,2,0,0,0,0,2,2,2,0,0,2,0,0,0,0,2,0,2,0,2,2,0,0,0,2,0,0,0,0,0,2,0,2,0,0,2,0,2,2,0,2,0,0,2,0,2,0,0,0,0,0,0,0,0,2,0,0,0,2,0,0,0,0,0,2,0,0,0,0,0,0,0,0,0,0,0,0,0,2,0,0,0,2,2,2,2,0,0,0,2,0,0,0,0,0,2,0,0,0,0,2,0,2,0,0,2,2,0,0,0,0,0,0,0,0,0,2,0,0,0,0,0,2,0,0,2,0,0,0,0,0,0,0,0,0,0,0,2,0,0,0,0,0,0,0,2,2,0,2,0,0,0,0,0
"CC290",0,2,0,0,2,0,0,0,2,0,0,0,2,0,0,2,0,0,0,0,0,2,0,2,0,2,0,2,0,2,0,0,0,0,0,2,0,0,2,0,2,0,2,0,2,0,0,0,0,0,0,2,2,2,0,0,0,2,2,2,0,0,2,0,2,0,2,0,2,2,0,2,0,0,2,2,2,2,2,0,2,0,0,0,2,2,0,0,2,0,2,2,0,2,0,2,0,0,0,0,0,0,0,0,0,0,0,2,2,2,2,0,2,0,0,0,0,0,0,2,0,0,0,2,2,2,0,2,0,2,0,0,0,0,2,0,0,2,2,0,0,2,0,0,0,0,2,0,0,2,0,2,0,0,2,2,0,0,2,0,2,0,0,2,2,2,0,2,0,2,0,2,2,0,0,2,0,2,2,0,2,2,0,0,0,0,0,2,0,0,0,2,0,0,2,2,0,2,0,0,0,2,0,0,0,0,0,2,0,0,0,0,2,0,2,0,2,0,2,0,0,2,0,0,0,0,0,0,0,0,0,2,0,0,0,2,2,0,2,2,2,0,0,0,0,0,2,0,2,0,0,2,0,0,2,0,2,2,0,0,0,0,2,2,2,0,0,0,2,0,2,0,0,0,2,0,0,2,0,0,2,0,2,2,0,0,0,2,0,0,0,0,0,0,0,0,0,0,0,0,0,0,2,0,0,0,2,2,0,0,2,0,2,0,0,0,0,0,2,0,0,0,0,0,0,2,0,0,0,0,0,2,0,0,0,0,0,0,2,0,0,2,0,0,2,0,0,0,2,2,2,0,0,0,0,0,0,0,2,2,2,2,0,0,0,2,0,2,0,0,0,0,2,2,2,0,0,2,2,2,0,0,0,2,2,0,0,2,0,0,0,2,0,2,2,2,2,0,2,0,2,0,2,2,2,2,2,0,2,0,2,0,0,0,0,0,2,0,0,2,0,0,0,0,2,0,0,0,2,2,0,2,2,0,0,0,0,0,0,0,0,0,0,0,0,0,0,0,0,2,2,0,0,0,2,2,0,0,0,2,2,0,0,0,2,2,0,2,2,0,2,2,2,2,2,2,2,0,0,0,2,0,0,0,0,0,2,2,0,0,0,0,2,0,0,0,2,0,0,0,0,0,0,0,0,0,2,2,0,2,0,2,0,0,0,0,0,0,2,0,2,0,0,0,0,2,0,2,2,0,0,0,0,0,2,2,0,2,0,0,0,0,0,0,0,0,0,0,0,2,0,2,0,2,0,2,0,0,0,0,0,0,0,2,0,0,2,0,0,2,2,0,2,2,2,0,2,0,2,0,0,2,0,0,0,0,2,0,0,0,0,0,0,2,0,0,0,0,0,0,0,0,0,2,2,0,0,0,0,0,2,2,0,2,0,0,0,0,0,0,0,2,0,2,2,0,0,0,2,0,2,0,0,0,0,0,0,2,0,0,0,0,0,0,2,2,0,0,0,0,0,0,2,0,0,0,0,0,0,0,0,0,2,2,0,0,0,2,0,2,0,0,0,0,0,0,0,0,2,0,0,0,0,0,0,0,2,0,0,0,0,0,0,0,0,0,2,0,0,2,0,2,0,0,0,0,0,0,0,0,0,0,0,0,2,0,0,2,0,0,0,0,0,0,0,0,0,0,0,0,2,0,0,0,0,0,0,0,0,2,0,0,0,2,0,2,0,0,0,2,0,0,0,2,0,0,0,2,0,0,0,0,0,2,0,0,0,0,0,0,2,0,0,0,2,0,2,0,0,0,0,0,0,0,0,2,0,2,0,0,0,0,0,0,0,2,0,0,0,0,0,0,2,0,0,0,0,0,0,2,0,2,0,0,2,2,0,2,0,0,0,2,2,2,2,0,0,0,0,0,0,0,0,0,0,0,2,0,0,0,0,2,0,0,2,0,2,2,0,2,0,0,0,0,2,0,0,0,0,0,0,0,2,0,0,0,0,0,2,2,2,0,0,2,2,0,0,0,0,0,0,2,0,2,0,2,2,0,0,2,2,0,0,0,2,0,2,0,2,0,0,0,0,0,2,0,0,0,0,0,0,0,0,0,0,2,0,0,0,0,0,0,0,0,0,0,0,0,0,0,2,0,0,0,0,0,0,0,0,0,0,0,0,0,0,0,0,0,0,0,0,0,0,0,0,0,0,0,0,0,0,0,0,0,0,0,0,0,0,0,2,0,0,0,0,0,2,0,2,2,0,0,0,0,0,0,0,0,0,2,2,2,2,0,0,2,0,0,0,2,0,0,0,0,2,0,0,0,2,0,0,0,0,0,0,0,0,2,0,0,0,0,0,0,0,2,0,0,0,0,0,0,0,0,0,0,0,2,2,0,2,2,0,0,2,0,0,2,0,0,2,0,0,0,0,2,0,0,0,0,2,2,0,0,0,0,2,0,0,0,0,0,0,0,2,2,2,2,2,0,0,0,0,0,0,0,0,0,0,0,2,0,0,0,2,2,0,0,0,0,2,0,0,2,0,0,0,2,2,0,0,0,0,0,0,0,0,0,0,2,2,2,0,2,2,2,0,2,0,2,2,0,2,0,2,0,0,0,0,0,0,0,0,0,2,0,0,0,0,2,0,0,2,0,0,0,0,0,0,2,0,0,0,0,0,0,2,0,2,0,2,2,0,0,0,0,0,0,0,0,0,0,0,0,0,0,0,0,2,0,0,0,0,0,0,0,0,0,0,0,0,2,0,0,0,2,0,0,0,0,0,0,0,2,0,0,0,0,0,0,0,0,0,0,0,0,0,2,0,0,0,2,0,0,0,0,0,0,0,0,0,2,0,0,2,2,2,0,2,0,0,0,0,2,0,0,0,0,0,0,0,2,0,2,0,0,0,2,0,0,0,0,0,0,0,0,2,0,2,0,0,0,2,0,0,0,0,0,0,0,2,2,0,0,0,0,0,0,0,0,0,0,0,0,2,0,0,0,0,0,0,0,2,0,0,0,0,0,2,0,0,0,2,2,0,0,0,0,0,2,0,0,0,2,0,0,0,0,0,0,0,0,2,0,0,2,2,0,2,0,0,0,2,0,2,0,0,2,2,0,0,0,0,0,0,2,0,2,2,0,NA,2,0,0,0,0,0,2,0,0,0,0,2,2,0,2,2,2,2,0,0,0,0,0,2,0,2,0,0,2,0,2,2,2,0,0,0,0,2,2,2,0,2,2,0,0,0,0,0,0,0,0,2,0,0,2,2,2,2,0,0,0,0,0,0,2,0,2,0,2,0,2,2,0,0,2,0,2,0,2,2,2,2,2,2,0,0,0,0,0,0,0,0,0,0,2,2,0,2,2,0,0,0,0,0,2,0,0,0,2,2,2,0,0,2,0,0,0,0,0,0,2,2,0,0,0,2,2,0,0,0,2,2,0,0,0,0,2,0,2,0,0,0,0,0,0,0,0,0,0,0,0,0,0,2,0,2,0,0,0,0,2,2,2,0,0,0,2,2,2,2,0,0,0,0,2,2,2,0,0,0,0,0,0,0,0,0,0,2,0,0,0,2,0,0,2,0,0,2,0,0,0,0,0,0,0,2,0,0,0,0,0,0,2,0,0,0,0,0,0,0,0,0,2,0,0,0,0,0,2,0,2,0,0,0,2,0,2,0,0,0,0,0,0,0,0,0,2,2,0,0,0,0,2,0,0,0,0,2,0,0,2,0,0,2,0,0,0,0,2,0,2,0,2,0,2,2,2,0,0,0,0,0,0,0,2,0,0,0,0,0,0,0,0,2,0,0,0,2,0,0,0,0,0,0,0,2,0,0,2,0,0,0,0,0,0,2,0,0,0,0,0,0,0,2,2,0,0,2,2,2,2,0,0,0,2,0,0,0,0,0,2,0,2,0,0,2,2,2,0,0,0,2,2,0,0,0,2,0,0,2,2,2,2,0,2,0,2,0,0,2,0,2,0,0,2,2,0,0,0,0,0,0,2,2,0,2,0,0,0,0,2,2,2,0,0,0,0,0,0,0,0,0,2,2,0,2,2,0,2,0,0,2,0,0,0,0,2,2,0,2,0,2,0,0,2,0,0,0,2,2,0,2,0,0,0,0,0,0,2,0,0,0,0,0,0,0,0,0,0,0,0,0,0,0,2,0,0,0,0,2,2,0,2,0,0,0,0,0,0,2,0,0,0,0,0,0,2,2,0,0,0,0,0,0,2,0,2,2,0,0,2,0,0,0,0,0,0,2,0,0,2,2,2,0,0,0,0,0,0,0,0,0,0,0,0,2,2,0,0,0,0,0,0,0,0,2,0,0,0,0,0,0,2,0,2,0,0,2,0,0,0,0,2,0,0,0,0,2,0,2,0,0,2,0,0,0,0,0,2,2,2,0,0,0,0,2,0,0,0,0,0,2,2,2,2,0,0,0,2,0,0,0,0,2,0,2,0,2,0,0,0,0,0,2,2,0,0,0,0,0,0,0,0,0,0,0,0,2,0,2,2,0,0,0,2,0,0,0,0,0,0,0,2,2,0,2,0,0,0,0,2,0,0,2,0,0,2,0,0,0,0,0,2,0,0,0,2,0,0,0,2,0,0,0,0,2,0,0,0,0,0,0,0,0,0,0,0,0,0,0,0,0,0,0,2,2,2,0,0,0,0,0,2,2,0,0,0,0,2,0,0,0,0,0,0,0,0,0,0,2,0,0,0,0,0,0,0,0,0,2,0,0,0,0,0,0,2,0,0,0,0,0,2,0,0,0,2,0,0,2,0,0,0,0,0,0,0,2,0,0,0,0,0,0,0,0,0,0,0,2,0,0,0,0,2,0,2,0,0,0,0,0,0,2,0,0,0,2,2,2,0,0,2,2,0,0,0,0,0,0,0,2,0,0,0,0,0,2,0,2,0,2,2,0,0,0,0,2,0,0,2,2,0,0,0,2,2,0,2,2,0,0,0,0,2,0,0,0,0,0,0,0,0,0,0,0,0,0,0,2,0,0,0,0,0,0,0,2,2,2,0,0,0,0,2,0,0,2,0,0,0,0,0,2,2,0,0,0,2,2,0,2,0,2,2,0,0,0,2,0,2,0,0,0,0,2,0,0,0,0,0,0,0,0,0,0,0,0,0,0,2,0,0,0,2,0,2,0,0,0,0,0,0,0,0,0,0,0,2,0,0,0,2,0,0,0,0,2,0,0,2,0,0,0,0,0,2,0,0,0,2,2,0,0,2,2,0,2,0,0,0,0,0,2,2,0,0,0,0,0,0,0,2,0,0,0,0,0,0,0,0,0,0,2,0,0,2,0,0,0,0,2,0,0,0,0,2,0,0,2,0,0,0,2,0,0,0,0,0,0,0,2,0,0,0,2,0,2,2,2,2,0,2,0,0,2,0,2,0,0,0,0,0,2,2,0,0,0,0,2,0,2,0,0,0,0,0,0,0,0,0,0,0,2,2,0,0,0,0,0,0,0,0,0,0,0,0,0,0,0,0,0,0,0,0,0,0,0,0,0,0,0,2,2,2,0,0,0,2,0,2,0,0,0,0,0,0,0,0,2,0,2,0,0,0,0,2,0,0,0,0,0,0,2,2,0,0,0,0,0,0,0,0,0,2,0,0,0,0,2,0,2,2,0,0,0,0,0,2,2,0,0,0,0,0,0,2,2,0,0,0,2,0,0,0,0,0,0,0,0,0,2,0,0,0,0,0,0,2,0,2,0,0,0,0,0,0,0,0,0,2,0,2,0,0,0,0,0,0,0,0,0,0,0,0,0,2,0,0,0,2,2,0,0,2,0,0,0,0,0,2,0,0,0,0,0,0,0,0,2,2,0,0,0,0,0,2,0,2,0,0,0,0,2,2,0,0,2,0,0,0,2,0,0,0,2,0,0,0,0,0,0,0,2,2,0,2,0,0,2,2,0,0,2,0,0,0,0,0,2,0,0,0,0,2,0,0,0,0,0,0,0,2,2,2,0,2,0,0,2,0,0,0,2,2,0,2,0,0,0,2,2,0,0,0,0,0,0,0,0,0,0,2,0,0,2,0,0,0,0,0,2,0,0,0,0,0,0,0,0,0,0,0,0,0,0,0,0,0,0,0,0,0,2,0,0,0,0,0,0,0,0,0,0,2,0,0,2,2,0,0,2,0,0,0,0,0,2,0,0,0,0,0,0,2,0,0,2,0,0,0,0,0,0,0,2,0,0,0,2,0,0,2,0,0,2,0,0,0,0,2,0,2,0,0,2,0,0,0,2,0,0,0,2,0,0,0,0,2,0,2,2,0,0,0,2,0,0,0,0,0,0,0,0,0,2,2,0,2,2,2,0,2,0,0,2,2,2,0,2,2,0,2,0,0,0,0,0,0,0,0,0,0,0,2,2,0,0,0,0,0,0,2,0,0,0,0,0,2,0,0,0,0,0,2,0,2,0,0,0,0,0,0,0,0,2,0,2,0,2,2,2,2,0,0,0,0,2,0,2,2,2,2,0,0,0,2,0,0,0,0,0,0,0,2,0,0,2,2,2,0,0,0,0,2,2,0,0,2,0,0,0,2,0,0,2,2,0,0,2,2,0,2,0,0,0,0,0,0,2,2,0,0,0,2,2,2,0,2,0,0,0,0,0,0,2,0,0,0,0,0,0,0,0,0,2,0,0,2,0,0,0,0,2,2,0,0,0,0,2,2,0,2,0,0,2,2,0,0,0,0,2,0,0,0,2,0,0,2,2,0,0,0,0,0,0,2,0,0,2,0,0,2,0,0,2,0,0,0,0,2,0,0,0,2,0,0,2,0,0,2,0,0,0,0,0,2,0,0,0,0,0,0,0,0,0,0,2,0,0,0,0,0,0,0,2,0,2,0,0,0,0,0,0,0,0,0,0,2,0,2,0,0,0,2,2,0,0,0,2,2,2,0,0,0,0,0,0,2,0,0,2,0,0,0,0,2,0,0,2,0,0,0,0,2,0,0,2,2,0,2,2,0,0,0,0,0,0,2,0,0,0,0,0,0,0,0,0,0,0,0,2,0,0,0,0,0,0,0,2,0,0,2,0,0,0,0,0,0,0,0,0,0,0,2,0,0,0,2,0,NA,0,0,0,2,0,2,0,0,0,2,0,0,0,0,0,0,0,0,0,0,2,0,2,2,0,0,0,0,0,2,2,0,0,0,0,0,0,0,2,0,0,0,0,0,2,2,2,0,0,0,0,0,0,2,2,2,0,2,0,0,0,0,2,0,0,0,0,0,0,0,0,0,2,0,0,0,2,0,2,0,0,0,0,0,2,2,0,0,2,2,0,0,0,2,0,2,2,0,0,2,2,2,2,0,0,2,2,0,0,0,2,2,2,2,0,0,2,2,0,0,0,2,0,0,2,0,0,0,0,0,2,0,0,0,2,2,2,0,2,0,0,0,2,2,0,2,2,0,0,0,0,2,2,2,0,0,2,0,2,2,0,0,0,2,0,0,2,0,0,0,0,0,0,0,0,0,0,0,2,2,0,0,0,0,2,2,0,0,0,0,0,0,2,0,2,2,0,2,2,0,2,0,0,2,0,2,2,0,0,0,0,0,0,0,2,2,2,0,2,0,0,0,2,0,2,2,0,0,2,0,2,2,2,0,0,2,2,0,0,0,0,0,0,2,0,0,0,2,0,0,0,0,2,0,0,2,0,0,0,2,0,2,2,0,2,0,0,2,0,0,0,0,0,2,0,0,0,0,2,0,0,0,2,0,2,0,2,2,2,2,0,0,0,0,0,0,0,2,2,0,0,0,2,2,0,0,2,0,0,2,2,0,2,2,0,0,2,0,0,0,0,0,0,0,2,2,0,2,2,2,0,2,2,2,0,0,2,0,0,0,0,0,0,2,0,0,0,0,2,2,0,2,0,2,2,2,2,2,2,2,0,2,2,0,0,2,0,0,2,0,0,2,0,0,2,0,0,0,0,0,0,0,2,0,2,0,0,2,0,0,0,0,0,0,0,0,0,2,0,2,0,0,0,2,0,0,2,0,0,0,2,2,0,0,2,2,2,0,2,2,0,2,0,2,0,2,0,0,2,0,0,2,0,0,0,0,0,2,0,2,2,0,2,0,0,0,0,0,0,0,0,0,0,0,0,0,0,0,2,0,0,0,0,2,0,0,2,0,0,2,0,0,0,0,0,0,0,0,0,0,0,0,0,2,0,0,0,0,0,0,0,2,0,0,0,0,0,0,0,0,2,2,0,0,0,2,0,0,0,0,2,2,0,0,2,0,0,0,2,0,0,0,0,0,0,2,0,0,0,0,0,0,0,0,2,0,0,2,2,0,0,0,0,0,0,0,0,2,0,0,0,0,0,0,0,0,0,0,0,2,0,0,2,0,0,0,0,2,0,2,0,0,0,0,0,0,0,0,0,0,2,0,0,0,0,0,2,0,0,0,0,0,2,2,0,2,0,0,2,2,0,0,0,0,0,0,0,0,2,0,2,0,0,0,0,2,0,2,0,0,0,0,2,2,0,0,0,0,0,2,0,0,0,0,0,2,0,0,0,0,2,0,2,0,0,2,0,2,0,0,0,2,0,0,0,0,2,0,0,2,2,0,2,0,0,2,0,0,0,0,0,0,0,0,0,0,0,0,0,2,0,0,2,0,0,0,0,0,0,0,0,0,2,2,0,0,0,0,0,2,0,2,2,2,2,0,2,0,2,0,0,0,0,0,2,2,0,0,0,2,0,0,0,0,0,2,0,0,0,0,0,0,0,2,0,0,0,0,0,0,0,0,0,2,2,0,2,0,0,0,0,0,2,0,0,0,2,0,2,0,0,2,0,2,2,2,2,2,0,0,0,0,0,0,0,0,2,0,2,0,0,2,2,0,2,2,0,2,0,0,0,2,2,0,2,0,0,2,0,0,2,0,2,2,0,0,0,0,0,0,0,2,0,0,0,0,0,2,0,2,2,2,2,2,2,2,0,0,0,0,0,0,2,0,0,2,0,0,0,2,0,2,0,0,0,2,0,2,0,2,0,2,0,0,2,2,0,0,0,0,2,2,0,0,0,0,0,0,0,2,0,0,0,0,2,0,0,0,0,0,2,0,0,0,0,2,0,0,0,0,0,0,2,2,0,0,0,0,2,0,0,2,0,0,0,2,0,2,2,0,2,2,0,0,0,0,0,0,0,0,2,0,0,2,0,0,0,0,0,0,0,0,0,2,0,0,2,2,0,0,2,2,0,0,0,0,0,0,0,0,2,0,0,2,0,0,0,0,0,0,0,2,2,2,0,0,0,0,2,0,0,0,0,0,0,2,0,2,0,0,0,0,0,0,0,0,0,0,2,2,0,2,0,0,0,0,2,0,0,0,2,0,0,0,0,0,0,0,0,0,0,0,0,0,0,0,0,0,0,2,0,0,0,0,0,0,2,0,0,0,0,0,0,0,0,0,0,2,2,0,2,0,2,2,0,0,2,0,0,2,0,2,0,0,0,0,0,0,0,0,2,0,0,0,0,0,2,0,0,2,0,0,2,2,0,0,2,2,0,0,2,0,0,0,2,2,2,0,0,2,0,0,0,0,0,0,0,0,0,2,0,0,0,0,0,0,NA,NA,0,0,2,0,0,0,2,0,0,0,2,0,0,2,0,0,0,2,2,0,0,0,2,0,2,0,0,2,0,2,2,0,0,0,0,0,0,0,0,0,2,0,0,0,0,2,0,0,0,0,0,2,0,0,0,2,0,0,2,0,0,2,0,0,0,0,0,0,0,2,0,0,0,0,2,0,2,2,0,2,0,2,0,0,0,2,2,2,0,0,0,0,0,0,0,0,0,2,0,0,0,0,0,2,0,2,2,2,0,0,0,0,0,0,0,0,0,0,0,0,0,0,0,0,0,2,0,0,0,0,0,0,0,0,0,2,0,2,0,2,0,0,2,2,0,0,0,0,0,0,0,0,0,0,0,0,0,0,0,2,0,0,0,2,2,2,2,0,0,0,2,0,0,0,2,0,0,0,0,2,0,0,0,0,0,0,2,0,2,2,0,2,0,0,0,0,0,0,2,0,0,0,2,0,2,2,0,2,0,0,0,0,0,2,0,0,0,0,2,2,2,0,0,0,2,0,0,2,0,0,0,0,2,0,0,0,0,2,2,0,0,0,2,0,0,0,0,0,0,2,0,0,0,2,0,0,2,0,2,0,0,2,2,2,0,2,0,0,2,0,0,0,0,0,0,0,0,0,0,2,2,0,2,0,0,0,0,2,2,0,0,0,2,0,0,0,2,0,0,0,0,0,0,0,0,0,0,2,0,0,0,0,2,0,0,0,2,0,0,0,0,0,0,0,0,0,0,0,0,0,2,2,0,0,0,0,0,0,2,2,0,0,0,0,0,0,0,0,0,0,0,2,2,2,0,0,0,0,0,2,0,0,2,2,0,0,0,0,0,0,0,0,0,2,0,2,0,2,0,2,0,0,0,2,0,2,2,0,0,2,0,0,2,0,0,0,0,0,2,0,0,0,0,0,0,0,2,0,0,0,0,2,0,0,0,2,0,0,2,2,0,0,0,0,0,0,2,2,0,0,0,0,0,0,0,0,0,0,0,0,0,2,0,0,0,2,0,0,2,0,0,0,0,2,0,0,0,0,0,0,0,0,2,0,0,0,2,0,0,0,0,0,0,2,0,0,0,0,2,0,0,0,2,0,2,0,0,0,0,0,0,2,0,2,0,0,2,0,2,0,0,2,2,2,0,0,0,0,0,0,2,2,2,0,0,0,2,0,0,0,0,0,0,0,0,2,0,2,0,2,2,0,2,0,0,0,0,0,0,2,2,2,0,0,0,0,0,0,0,0,2,2,2,0,0,0,2,2,0,2,2,0,0,2,2,2,0,0,0,0,0,0,2,2,0,0,0,0,0,0,0,0,0,0,0,0,2,0,0,0,0,2,0,0,0,0,2,2,0,0,0,0,0,2,2,0,0,2,2,0,0,0,2,2,0,0,0,0,0,0,0,0,0,2,2,0,0,0,0,2,2,2,2,0,0,0,0,0,2,2,2,0,2,0,0,0,2,2,0,2,0,2,2,2,0,2,0,0,2,2,2,0,2,0,2,2,2,0,2,0,0,0,2,2,0,0,0,0,2,0,2,0,0,0,0,0,0,2,0,0,2,0,2,0,0,0,0,0,2,2,2,0,2,2,0,2,2,0,2,0,0,0,0,0,0,2,0,0,0,0,0,0,0,0,0,2,0,0,0,0,0,2,2,0,0,0,0,0,2,0,0,0,0,0,0,0,2,2,0,0,0,2,0,0,0,2,0,0,2,0,0,0,0,0,2,0,0,2,0,0,0,0,0,2,2,0,0,2,0,2,0,2,2,0,0,0,0,0,0,2,2,0,2,0,2,2,0,0,0,0,0,0,0,2,0,0,0,0,0,0,0,0,0,0,0,0,0,0,0,0,2,0,0,0,0,0,0,0,0,0,0,2,0,0,2,0,0,2,0,0,0,2,2,0,0,2,0,2,0,0,2,0,0,0,2,0,2,0,0,2,2,2,2,0,2,2,0,2,0,2,0,0,0,2,0,0,0,0,0,2,0,2,2,0,0,2,0,0,2,2,2,0,0,0,0,0,0,0,0,0,0,0,0,2,0,0,0,0,0,0,0,0,2,2,0,2,2,0,0,2,0,0,0,0,0,0,0,0,0,0,0,0,0,2,0,0,0,2,0,0,0,2,0,2,0,0,0,0,0,0,0,0,0,0,0
"CC3",0,0,0,0,0,0,0,0,0,0,0,0,0,2,2,0,0,2,0,2,0,2,0,0,0,0,0,0,0,0,0,0,0,0,0,0,2,0,0,0,0,2,0,0,0,0,0,0,0,0,2,0,0,0,0,0,0,0,0,0,0,0,0,0,0,0,0,0,0,0,0,0,0,0,0,0,0,0,0,2,0,2,0,0,0,0,0,0,2,0,0,0,0,0,0,0,0,0,0,0,0,0,0,0,2,2,0,0,0,0,0,0,0,0,0,0,0,2,0,0,0,0,0,2,0,0,0,0,0,0,0,0,0,0,0,0,0,0,0,0,0,0,0,0,0,0,2,0,0,0,0,0,0,0,0,2,0,0,0,0,0,0,0,2,2,2,2,0,0,0,0,2,0,0,0,0,2,0,0,0,0,0,0,0,0,0,0,0,0,0,0,2,0,0,0,0,0,2,0,0,0,0,0,0,0,2,0,0,0,0,0,0,0,2,0,2,2,0,0,0,0,0,0,0,0,2,0,2,0,0,0,0,0,0,2,0,2,2,2,0,0,2,0,0,2,0,0,0,2,0,0,0,2,0,0,0,0,0,0,0,0,0,2,2,0,0,2,2,0,2,0,0,0,2,0,0,0,0,0,0,2,0,0,0,0,0,0,0,0,0,0,2,2,0,0,0,0,0,0,0,0,0,0,2,0,0,0,2,0,0,0,0,0,0,0,0,0,2,0,0,0,0,0,0,0,0,0,0,0,0,0,2,2,0,0,0,0,0,0,0,0,0,0,0,0,0,0,0,0,0,0,0,0,0,0,0,2,0,2,NA,0,2,0,0,0,0,0,0,0,0,0,0,2,0,2,2,2,0,0,2,0,2,0,0,0,0,2,0,0,0,0,0,0,0,0,0,0,0,2,0,0,0,0,0,0,0,0,0,0,2,0,0,0,0,0,0,0,0,0,0,0,0,0,0,0,0,0,2,2,0,0,0,0,0,0,0,0,0,0,0,0,0,0,0,0,2,0,0,0,0,0,0,0,0,0,0,0,0,0,2,2,0,0,2,0,0,0,2,2,0,0,0,0,0,2,0,2,0,0,0,0,0,0,2,0,0,0,2,0,0,0,0,0,0,2,2,2,0,0,0,0,0,0,0,0,2,0,2,2,0,2,2,0,2,0,0,2,2,0,0,0,2,0,0,0,0,0,NA,2,0,0,2,2,2,0,2,0,2,0,0,0,0,2,0,0,0,0,2,2,2,2,0,0,0,0,0,2,0,0,2,0,0,0,2,2,0,2,0,0,0,2,0,0,0,2,2,0,0,0,0,0,2,0,2,2,0,0,2,2,0,0,2,0,2,2,0,0,2,2,0,2,0,0,0,0,0,2,2,0,0,0,0,0,0,0,2,2,0,0,0,0,0,0,0,0,0,0,0,0,0,0,0,2,0,2,0,0,0,0,2,0,0,2,0,0,0,0,0,0,2,0,0,0,0,0,0,2,0,0,0,2,0,0,0,0,0,0,0,0,0,0,0,2,0,0,0,0,0,2,0,0,0,0,0,0,0,0,0,0,0,0,0,0,0,2,0,0,0,0,0,0,0,0,0,0,0,0,0,0,0,0,2,0,2,0,0,2,0,0,0,0,0,0,0,0,2,0,0,2,NA,0,0,0,0,2,0,0,0,0,0,0,0,2,0,0,0,0,2,2,0,0,0,0,0,0,0,0,0,2,0,2,0,0,2,0,0,0,0,0,0,0,0,0,0,0,0,0,0,0,0,0,0,0,2,0,0,2,0,0,0,0,0,0,0,2,0,0,0,0,0,0,0,0,0,0,0,0,2,0,0,2,0,0,0,0,0,0,0,0,0,0,0,2,0,0,0,2,0,0,0,2,0,2,0,0,0,0,0,2,0,2,0,0,0,0,0,2,0,0,0,0,0,0,2,0,0,0,0,0,0,2,2,2,0,2,0,0,0,2,2,2,0,0,0,0,0,0,0,0,0,0,0,0,2,2,0,0,0,0,2,0,0,0,0,2,0,2,2,0,0,0,0,0,0,2,0,0,2,2,2,0,0,0,0,0,0,0,0,0,2,2,0,0,0,0,0,0,0,0,0,0,0,0,0,0,0,0,0,0,0,0,0,0,2,0,0,0,0,0,2,2,0,2,2,0,0,0,0,0,0,0,0,0,0,2,0,0,0,0,2,0,0,0,0,0,2,0,0,0,0,0,0,2,2,0,2,0,0,2,0,0,2,2,2,0,0,2,2,0,0,2,2,0,2,0,0,2,0,2,0,0,0,0,0,0,0,0,0,0,0,0,0,0,0,0,2,0,2,0,0,0,0,0,0,2,0,0,0,0,2,0,0,0,0,0,0,0,2,0,2,2,0,0,0,0,0,0,2,0,2,0,0,2,2,0,0,2,0,0,0,0,0,2,0,2,0,2,2,0,0,0,0,0,0,0,0,2,2,0,0,0,2,0,0,0,0,0,0,0,2,2,0,2,2,0,0,0,0,0,0,0,0,0,0,0,0,0,0,0,2,0,0,NA,2,0,0,0,2,0,2,0,0,0,0,0,0,0,0,0,2,0,2,0,2,0,0,0,0,0,0,0,0,2,0,0,0,0,0,0,0,0,0,0,0,0,0,0,2,0,0,2,2,0,0,0,2,0,0,0,0,2,0,0,2,0,0,0,0,0,2,0,0,0,0,0,2,0,0,0,0,0,0,0,0,0,0,2,0,0,0,0,0,0,2,0,0,0,0,0,0,0,0,0,0,0,0,0,0,0,0,0,0,0,0,0,0,0,0,0,0,0,2,2,0,0,0,0,2,0,2,0,0,2,2,2,0,0,0,2,0,0,0,0,0,0,2,0,2,0,0,0,2,0,0,0,0,0,0,0,0,0,2,0,0,2,0,0,0,0,2,0,2,0,0,0,0,0,0,0,0,0,0,0,0,2,0,0,0,0,0,0,0,0,0,0,0,0,2,0,0,0,0,0,0,0,0,0,0,2,0,0,0,2,0,0,0,0,0,0,0,0,0,0,0,0,0,0,0,0,0,0,2,0,0,0,0,0,0,0,0,2,2,2,0,0,0,0,0,0,0,0,2,0,0,2,0,0,0,0,0,0,0,0,0,0,0,0,0,0,0,0,0,2,2,0,0,0,0,2,0,0,0,0,0,0,0,0,0,0,2,0,0,0,2,0,0,0,0,0,0,0,0,0,0,0,0,0,0,0,0,2,0,0,0,0,0,0,0,0,0,0,0,0,0,2,0,0,0,2,0,0,0,2,0,0,0,0,0,0,2,0,0,0,0,0,0,2,0,0,0,0,0,0,0,0,0,0,2,0,2,0,0,0,0,0,0,0,2,0,2,2,0,0,0,0,0,0,0,0,0,2,0,0,0,0,0,0,0,0,0,0,0,2,0,0,0,0,0,0,0,0,0,2,2,0,0,0,0,0,0,0,0,0,0,2,0,2,0,0,0,0,0,0,0,0,2,0,0,0,2,0,0,0,0,0,0,2,0,2,0,0,0,0,0,0,0,NA,0,2,0,2,0,0,0,0,0,0,0,0,0,0,0,0,0,2,0,0,0,0,0,0,0,0,2,0,2,0,0,0,0,2,2,0,2,0,0,2,0,0,0,0,0,0,0,0,0,0,0,0,0,0,0,0,0,0,0,2,2,2,0,0,0,2,0,0,0,0,0,0,0,2,2,2,0,2,2,2,0,0,2,0,0,0,2,0,0,0,0,2,0,0,0,2,0,0,0,0,2,0,0,0,0,0,0,2,0,0,0,2,0,2,0,0,0,0,0,0,0,2,2,0,2,0,0,0,0,0,0,0,0,0,0,0,0,0,NA,0,2,0,0,2,0,0,0,2,0,2,0,0,0,0,0,0,0,0,0,0,0,0,0,0,0,0,0,0,0,0,0,0,0,2,0,0,0,0,0,0,0,0,0,0,0,0,0,0,2,0,0,0,0,0,0,0,0,0,0,0,0,0,0,0,0,0,0,0,0,0,0,0,0,0,0,0,0,2,2,0,0,0,0,0,0,2,0,0,2,2,2,2,0,0,0,2,0,2,0,2,0,0,0,2,0,2,0,0,0,0,0,0,0,0,0,0,0,0,0,0,0,2,0,0,0,0,0,2,0,0,2,0,2,0,0,2,0,2,0,0,0,0,0,2,0,0,0,0,0,0,0,0,0,0,0,0,0,0,0,0,0,0,0,0,2,0,0,0,0,0,0,0,0,2,0,2,2,0,0,0,0,NA,0,2,0,0,0,2,0,0,0,0,2,2,0,0,2,0,0,0,0,0,0,2,0,2,0,0,0,0,2,0,0,0,0,2,0,0,0,0,2,0,0,0,0,0,0,2,2,0,2,0,0,0,0,0,0,0,0,0,0,0,2,0,2,0,0,0,0,0,0,0,0,0,0,0,0,2,0,0,2,0,0,0,0,0,0,0,0,0,0,0,0,2,2,0,0,0,0,2,2,2,0,0,2,0,0,0,0,0,0,0,2,2,0,0,0,0,0,0,0,0,0,0,0,0,0,0,2,0,0,0,0,0,0,0,0,2,0,0,0,0,0,0,2,0,0,0,0,0,0,0,0,0,2,0,0,2,0,0,0,0,0,0,0,0,0,0,0,0,0,0,0,0,2,2,0,0,0,0,0,0,0,2,0,0,0,0,2,2,2,0,0,2,0,2,2,0,2,0,0,0,0,0,2,0,0,2,0,0,0,0,0,0,0,0,2,0,2,0,0,0,0,0,0,0,0,2,0,0,2,0,0,0,0,0,0,0,0,0,0,0,0,0,0,0,0,0,0,0,0,0,0,0,0,0,0,0,0,0,2,0,0,0,0,0,2,0,0,0,0,0,2,0,0,0,0,0,2,0,2,0,0,2,0,0,0,0,2,0,0,0,0,0,0,2,2,0,0,0,0,2,2,0,0,2,0,2,0,0,0,2,0,0,0,2,0,2,0,0,0,0,2,0,0,2,0,0,0,0,0,0,0,0,0,0,2,0,2,0,0,0,0,2,0,0,0,0,2,0,0,0,0,0,0,2,0,2,0,0,0,0,0,2,0,0,0,0,2,0,0,0,0,0,0,0,0,0,0,2,0,0,0,0,0,0,0,0,0,0,0,0,0,0,0,0,2,0,2,2,0,0,0,0,0,0,2,0,0,0,0,0,2,2,NA,0,0,0,0,0,0,0,0,2,0,0,2,0,0,0,0,0,0,0,0,2,0,0,0,0,2,0,0,0,0,0,0,0,0,0,0,0,0,0,0,0,2,0,0,0,0,0,0,0,2,0,2,0,0,0,0,0,0,0,0,0,0,0,0,0,2,0,0,0,0,0,0,0,0,0,2,2,0,2,0,0,0,0,0,0,0,0,0,2,0,0,0,0,0,0,0,0,0,2,0,0,0,0,0,0,0,0,0,0,0,0,0,0,0,0,0,0,0,2,0,2,2,0,0,0,0,0,0,0,0,0,0,0,0,0,0,0,0,0,0,0,0,0,0,2,0,0,0,0,0,0,0,0,0,0,0,0,0,0,0,0,2,0,0,0,0,2,0,0,0,0,0,0,0,2,0,0,0,0,0,2,0,0,0,2,2,0,2,0,2,2,0,0,0,0,0,0,2,2,0,0,0,0,0,0,0,2,2,2,0,0,0,0,0,0,0,0,0,0,2,2,0,0,0,0,0,0,0,0,0,2,2,0,2,2,0,0,2,0,0,2,0,2,2,0,2,0,0,0,0,0,0,0,0,0,0,0,0,0,0,NA,0,0,0,0,0,0,0,0,0,2,0,0,0,2,0,2,0,0,2,0,0,0,0,2,0,0,0,0,0,0,0,0,0,0,2,0,0,0,2,2,0,0,0,2,0,2,0,2,2,0,0,2,0,0,0,2,0,0,2,2,0,0,2,2,0,2,0,2,0,2,2,2,2,0,0,0,0,2,0,2,0,0,0,2,0,0,0,0,2,0,2,2,2,0,2,0,0,0,2,0,0,0,0,0,0,0,2,2,0,0,0,0,0,0,0,0,2,0,2,0,0,0,0,0,0,0,2,0,0,0,0,0,0,0,2,0,0,0,0,0,0,2,0,0,0,2,0,0,2,2,0,0,0,0,0,0,2,0,2,2,0,0,0,2,0,0,0,0,0,0,0,2,0,0,0,0,0,0,0,0,2,0,0,0,2,0,0,0,0,0,0,0,2,0,0,2,0,0,2,2,0,0,0,0,0,0,0,0,2,2,0,2,2,0,0,2,2,2,2,2,0,2,0,2,2,0,0,0,0,0,0,0,2,0,0,0,2,2,0,0,0,0,0,0,0,0,2,2,0,0,0,0,0,0,0,0,0,0,2,0,0,2,2,0,0,0,0,0,2,2,0,2,2,0,0,2,2,0,0,2,0,0,2,2,0,2,0,2,2,0,2,0,0,0,0,2,0,0,0,0,0,2,0,0,2,0,0,0,0,0,0,2,0,0,0,0,0,0,0,0,2,0,2,2,0,0,2,0,0,NA,0,0,0,0,0,0,0,0,0,0,2,0,0,0,0,0,0,2,0,0,2,0,2,2,0,0,2,2,0,2,0,2,0,0,0,2,0,0,0,0,NA,2,0,0,2,2,0,0,0,0,2,0,0,2,0,0,0,0,0,0,0,0,0,0,0,0,0,0,0,0,0,0,0,0,0,0,2,0,0,0,0,0,0,0,0,0,0,0,0,0,0,0,0,0,0,0,0,0,0,0,0,0,0,0,0,2,0,0,0,0,0,0,0,0,2,0,0,0,0,0,0,0,0,2,2,0,0,2,0,0,2,0,2,0,0,2,0,0,2,0,0,0,0,0,0,2,0,2,0,0,0,2,0,0,0,0,0,0,2,2,2,0,2,0,0,0,0,0,0,0,2,0,0,0,0,0,0,0,0,0,2,2,0,0,0,0,0,0,0,0,0,0,0,0,0,0,2,0,0,0,0,0,0,0,0,0,0,0,2,2,0,0,0,0,0,0,0,0,2,0,0,0,0,0,2,2,2,0,0,0,2,0,0,2,0,0,2,0,2,0,0,2,0,0,0,0,0,0,0,0,0,0,0,0,2,0,2,2,0,2,0,0,0,0,0,0,0,0,0,0,0,0,0,0,0,0,0,0,0,0,0,0,2,0,0,0,0,0,0,0,0,0,0,0,0,2,0,0,0,0,0,0,0,0,0,2,0,0,2,0,0,0,0,0,0,0,0,0,2,0,0,0,0,0,0,0,0,0,0,0,0,0,0,0,0,0,0,0,0,0,0,0,0,0,0,0,0,0,0,0,0,0,0,0,0,0,0,0,0,0,0,0,0,0,0,0,0,0,0,2,0,2,0,0,0,0,0,0,0,0,0,0,0,0,0,0,0,2,0,0,2,2,0,0,0,0,0,0,0,0,0,0,0,0,0,0,0,0,0,0,0,0,0,0,0,0,0,0,0,0,0,0,0,0,0,0,0,0,0,0,0,0,0,0,0,0,0,0,0,0,2,0,0,0,0,0,0,2,0,0,0,0,0,2,0,0,2,0,0,0,0,0,0,0,0,0,0,0,0,0,0,0,0,0,0,0,0,0,0,0,0,0,0,0,0,0,0,0,0,0,0,0,0,0,0,0,0,2,0,0,2,0,2,0,0,0,0,0,0,0,0,0,0,0,0,0,0,2,2,0,0,0,2,0,2,0,0,0,2,0,2,0,0,2,0,0,0,0,0,0,0,0,2,NA,0,0,0,0,0,0,0,0,0,2,0,0,2,0,2,0,0,0,0,0,0,0,0,0,0,0,0,0,0,0,0,0,0,0,0,0,0,0,0,0,0,0,0,0,0,0,0,0,0,0,0,0,0,0,0,2,2,0,0,0,0,0,0,0,0,0,0,0,0,0,0,0,0,0,0,0,2,0,0,0,0,2,0,0,0,0,0,0,0,0,0,2,0,0,0,0,0,0,2,2,0,0,2,0,0,0,0,0,2,0,0,0,0,2,2,0,2,0,0,2,0,0,2,0,0,2,0,0,0,0,0,2,0,0,0,0,0,0,0,0,0,0,0,0,0,0,0,0,0,0,0,0,0,0,0,0,0,0,0,0,0,0,0,0,0,2,0,0,2,0,0,0,0,0,0,2,0,0,0,0,0,2,2,0,0,0,0,2,0,0,0,2,2,2,0,0,0,0,0,0,2,0,0,0,0,0,0,0,0,2,0,0,0,0,0,0,0,0,0,0,0,0,2,2,0,2,0,0,0,0,0,2,0,0,0,2,2,NA,0,0,2,2,0,0,0,0,0,0,0,0,0,0,0,2,0,0,2,0,0,0,0,0,0,0,0,0,0,0,0,2,0,0,0,0,0,0,0,0,0,0,0,0,2,0,0,0,0,0,0,0,0,0,0,0,0,2,0,2,0,2,0,2,0,0,2,0,0,0,0,0,0,0,0,0,0,2,0,0,0,0,0,0,0,0,0,0,0,0,0,0,0,0,2,0,0,0,2,0,0,0,0,0,0,0,2,0,0,0,0,0,0,0,0,2,0,0,0,0,2,0,0,0,0,2,0,0,0,0,0,2,2,0,0,0,2,0,0,0,0,2,0,0,0,2,0,0,0,2,2,0,0,0,0,0,2,0,2,2,0,2,2,0,0,0,0,0,0,0,0,0,2,2,NA,0,0,0,0,0,2,2,0,0,0,0,0,0,0,0,0,0,0,0,0,0,0,0,0,0,0,0,0,0,0,0,0,0,0,0,0,0,0,0,0,0,2,2,0,0,0,0,0,0,0,0,0,0,0,0,2,0,0,0,0,0,0,0,0,2,2,0,0,0,0,0,0,2,2,0,2,0,2,2,0,0,0,0,0,0,0,0,0,0,0,0,0,0,0,0,0,0,0,0,0,0,0,0,0,0,0,0,0,0,0,2,2,0,0,0,0,0,0,2,0,0,0,0,0,0,0,0,0,0,0,0,0,0,2,0,2,0,0,0,0,0,0,0,0,0,0,0,2,2,0,2,0,0,0,2,0,0,0,0,0,0,0,2,0,0,0,2,0,2,0,0,0,0,2,2,0,0,2,0,0,0,0,2,0,0,2,2,0,0,0,0,2,0,0,0,0,0,2,NA,0,0,2,0,0,0,0,0,0,0,0,2,0,0,0,2,0,0,0,0,0,0,0,0,0,0,0,0,0,0,0,0,0,0,0,0,2,0,0,0,0,0,0,0,0,0,0,2,0,0,0,0,2,0,0,0,0,0,0,0,0,0,0,0,0,0,0,0,0,0,0,0,0,0,0,0,0,2,0,2,0,0,0,0,0,0,0,0,0,0,0,0,0,2,0,0,0,2,0,0,0,2,2,0,2,0,0,0,0,0,0,0,2,0,0,0,2,0,0,2,2,0,0,0,2,2,0,0,0,0,0,0,0,0,2,0,0,2,0,0,0,0,0,0,0,0,0,0,0,0,0,2,0,0,0,0,0,2,0,2,0,0,0,0,0,2,0,0,0,2,0,0,0,0,0,0,0,0,0,0,2,0,2,0,0,0,0,0,0,0,0,2,0,0,0,0,0,0,0,2,0,0,0,2,0,2,0,2,0,0,0,2,2,0,0,0,0,2,0,0,0,0,2,0,2,0,0,2,0,0,0,0,2,0,2,0,0,2,2,0,0,0,0,2,0,0,0,0,0,0,0,0,0,0,0,0,0,2,0,0,0,0,0,0,0,0,0,2,0,0,2,0,0,0,0,0,2,2,2,0,0,0,0,2,0,0,0,2,0,2,0,0,0,0,0,0,2,2,0,0,2,0,2,0,0,2,2,2,0,0,0,0,0,2,0,0,2,0,2,0,0,0,0,0,0,2,0,0,0,0,0,0,0,2,0,0,0,0,0,0,0,0,2,0,0,0,0,2,0,2,0,0,0,2,0,0,2,0,0,0,0,0,2,2,2,0,0,NA,0,0,0,0,0,0,2,0,2,2,0,2,2,0,0,2,0,0,0,0,0,0,0,0,2,2,0,0,0,2,0,0,NA,0,2,2,0,0,0,2,2,2,0,2,0,0,0,0,0,2,2,0,0,0,0,0,0,2,0,2,0,0,0,2,0,2,2,0,0,2,2,2,0,2,0,0,0,0,0,0,2,0,2,2,2,0,0,0,0,0,0,0,0,0,0,0,0,0,0,0,0,0,0,2,2,0,2,2,0,0,0,2,0,0,0,0,0,2,0,0,2,0,0,0,0,0,0,0,2,0,0,0,0,0,2,0,2,0,0,0,2,2,0,0,0,0,0,2,0,0,0,0,0,0,0,0,0,0,0,0,2,0,0,0,0,0,0,0,2,0,0,0,0,0,2,0,0,2,0,0,2,0,0,0,0,0,0,0,0,0,2,0,0,0,0,0,0,0,2,0,0,0,0,0,0,2,0,0,0,0,0,2,0,2,0,2,2,0,0,0,0,0,NA,2,0,0,0,0,2,0,2,0,0,0,0,0,0,2,0,0,0,2,2,0,0,0,0,0,2,0,0,0,0,2,2,0,0,0,2,0,2,0,2,0,2,0,2,2,0,0,0,0,2,0,0,0,2,2,0,0,0,2,0,0,0,0,2,0,0,0,0,0,0,2,0,0,0,0,2,0,2,0,0,2,2,2,2,2,0,0,0,0,0,2,0,0,0,0,2,2,0,0,0,2,0,0,2,0,2,2,2,0,0,0,2,2,2,2,0,2,0,0,0,0,0,0,0,0,2,0,0,0,0,0,2,0,2,0,0,0,0,0,2,2,0,0,2,2,0,0,0,0,2,2,0,0,2,2,0,0,0,0,0,2,2,2,0,2,2,0,0,2,0,0,0,0,0,0,0,2,0,2,0,0,0,0,0,0,2,0,0,0,2,2,0,0,0,0,2,0,0,0,0,0,2,2,0,0,0,0,0,2,0,0,0,0,0,0,0,0,0,0,2,0,0,0,0,0,2,0,0,0,0,2,0,0,0,2,2,2,0,0,0,0,0,0,2,0,0,0,2,2,0,2,0,2,0,0,0,2,0,2,2,2,0,0,2,0,2,0,0,2,0,2,0,0,0,2,0,0,0,0,2,0,0,2,0,0,2,0,0,0,0,2,0,2,0,0,0,0,0,0,0,0,0,0,0,0,0,0,0,0,2,0,2,0,0,0,2,2,0,0,0,0,0,0,2,0,0,0,0,2,2,0,0,0,2,0,2,0,0,0,2,2,0,0,2,2,2,0,0,0,0,0,2,0,0,0,0,0,2,0,2,0,0,0,0,0,0,0,0,0,0,0,0,0,0,0,0,0,0,2,0,2,2,0,0,2,2,2,2,2,0,0,0,0,0,0,2,0,0,0,0,2,0,0,0,0,0,2,0,0,0,0,0,0,0,0,0,0,0,2,0,0,0,2,0,2,2,0,2,2,0,0,0,0,2,0,0,0,0,0,0,0,0,0,0,0,0,2,0,0,0,2,0,0,0,0,2,0,0,0,0,2,2,0,0,0,0,0,0,0,0,2,2,0,2,0,0,0,0,0,0,0,2,NA,2,0,2,2,0,0,0,0,0,0,0,0,0,0,0,2,0,0,2,0,2,0,0,2,2,0,0,0,0,0,2,0,0,0,0,0,2,0,0,0,2,0,0,2,0,0,0,0,0,0,0,0,0,0,0,2,0,0,0,0,0,0,0,2,0,0,2,0,0,2,0,0
"CC30",0,0,0,0,0,0,0,0,0,0,0,0,0,0,0,0,2,2,0,0,2,2,0,0,0,0,0,0,0,2,0,0,0,0,0,0,0,2,0,2,0,0,0,0,0,0,0,2,0,0,0,0,0,0,0,0,2,0,0,0,0,2,0,0,2,0,0,0,0,0,0,0,0,0,0,0,0,0,0,2,0,0,0,0,0,0,0,0,2,0,0,0,0,0,0,0,0,0,0,0,0,0,0,2,2,0,0,0,0,0,0,2,0,0,0,0,0,0,0,0,0,0,0,0,0,0,0,0,2,0,2,0,0,0,0,0,0,0,0,0,0,0,2,0,0,0,0,0,0,0,2,0,0,0,0,0,0,0,0,0,0,0,0,0,0,0,0,0,2,0,0,0,0,0,0,0,0,0,0,0,2,0,0,0,2,0,0,0,0,0,0,0,2,0,0,NA,2,0,0,0,0,0,0,0,0,0,0,2,2,0,2,0,0,0,0,2,0,0,2,2,0,0,2,0,2,0,0,0,0,2,2,0,0,0,0,0,2,0,0,0,0,0,0,0,0,2,2,0,0,0,0,0,0,0,0,0,0,2,0,0,2,0,0,0,0,0,0,0,0,0,0,0,0,0,0,0,2,2,2,0,2,0,0,2,0,0,0,2,0,0,0,2,2,0,0,2,0,2,2,2,0,0,0,2,2,0,2,0,2,0,0,0,0,2,0,0,0,2,0,0,0,0,0,0,0,0,0,0,2,0,0,0,2,0,0,0,0,0,2,0,0,0,0,0,0,0,0,0,0,0,0,2,0,2,2,0,0,0,0,0,0,0,0,0,0,0,0,0,0,0,0,0,0,0,0,0,0,0,0,0,2,0,0,0,0,0,2,0,0,0,0,2,0,0,0,0,0,0,0,0,0,0,2,0,0,0,0,0,0,2,0,0,0,0,0,0,0,2,0,0,0,0,0,0,0,2,0,0,0,0,0,0,0,0,0,0,0,0,0,0,0,0,0,0,0,2,0,0,0,0,0,0,0,0,0,0,2,0,0,2,2,2,0,0,0,0,0,2,0,0,0,2,0,0,0,2,0,2,0,2,0,0,0,0,0,2,2,2,2,0,0,0,0,2,0,0,2,0,0,2,0,0,2,0,0,2,0,0,0,NA,2,2,2,0,0,0,0,2,0,0,0,2,0,0,2,2,2,0,0,0,0,0,0,0,0,2,0,2,0,0,0,0,0,0,0,NA,0,2,0,2,0,0,0,2,0,0,0,0,2,2,0,0,0,0,2,0,2,2,0,0,0,0,0,0,0,2,0,0,2,0,0,0,0,2,2,0,0,0,0,0,0,0,0,0,2,0,2,0,2,0,0,0,0,0,0,0,0,0,2,2,0,0,0,0,0,0,2,0,0,0,0,0,0,0,0,0,0,0,2,0,0,0,0,2,0,0,0,2,0,0,0,0,0,0,2,0,0,2,0,2,0,0,0,0,2,0,0,0,0,0,2,0,0,0,0,0,0,0,0,0,2,0,2,0,0,0,0,0,0,0,0,2,0,0,2,0,0,0,0,0,0,2,0,0,0,0,0,0,0,0,0,2,0,0,0,0,0,0,0,0,0,0,0,0,0,0,0,0,2,0,0,0,0,2,0,0,0,0,0,0,2,0,0,0,0,0,0,0,0,0,0,0,0,0,0,0,2,0,0,0,0,0,2,0,0,0,0,0,0,0,2,0,0,2,0,0,2,0,2,0,0,0,0,0,0,0,0,2,0,0,0,0,0,2,0,2,0,2,2,0,0,0,0,2,0,0,0,0,0,0,0,0,2,0,0,0,0,2,0,0,0,0,0,2,0,0,0,0,0,0,0,2,2,NA,0,0,0,0,2,0,2,0,0,0,0,2,2,0,0,NA,0,2,0,2,0,0,0,0,0,2,2,0,2,2,2,0,0,0,0,2,0,0,0,0,0,0,0,2,0,0,0,2,0,2,0,0,0,0,0,0,0,0,0,0,0,0,0,2,0,0,0,0,0,2,0,0,0,0,0,0,0,0,2,0,0,0,0,0,0,0,0,0,0,0,0,2,0,0,0,0,0,0,0,0,0,0,2,0,0,0,0,0,0,0,0,2,0,0,0,0,0,0,0,2,2,0,0,0,2,0,2,2,0,0,0,0,2,0,0,0,0,0,2,0,0,2,0,0,0,0,2,0,0,0,0,0,0,0,2,2,0,0,0,0,2,0,2,0,0,0,2,0,0,0,0,0,0,0,0,0,0,0,0,0,0,0,0,2,0,0,0,0,0,0,0,2,0,0,0,0,0,0,2,0,2,0,0,0,0,0,2,0,0,0,0,0,2,0,0,0,0,0,0,0,0,0,0,0,0,0,2,0,0,0,2,0,2,0,0,0,0,0,0,0,0,2,0,0,0,0,0,0,0,0,0,0,0,0,0,0,0,0,0,2,0,2,2,0,0,0,0,0,0,2,0,2,0,0,0,0,0,0,0,0,0,0,0,2,2,2,0,0,0,2,0,0,0,2,2,2,2,0,0,0,0,0,2,0,0,0,0,0,0,0,0,0,0,2,2,0,0,2,0,2,2,0,2,0,2,2,2,0,0,0,0,0,0,0,0,0,0,0,0,0,0,2,0,0,0,2,2,0,2,0,0,0,0,0,0,0,2,0,0,0,0,0,0,0,2,0,0,0,0,0,0,2,0,0,2,0,0,2,0,0,0,0,0,0,0,2,2,0,0,0,0,0,0,0,2,0,0,2,0,0,2,0,0,0,0,0,0,0,0,0,0,0,2,0,0,0,0,0,0,0,2,0,2,0,2,0,2,0,0,0,0,0,2,0,0,0,0,0,0,2,0,0,0,2,0,0,0,0,0,2,0,0,0,0,2,0,2,0,2,0,2,2,0,0,0,0,0,0,0,0,2,0,0,0,0,0,0,0,0,0,2,0,0,0,0,0,0,0,0,0,0,0,0,0,2,0,0,2,2,0,0,0,0,0,0,0,0,2,0,0,0,0,0,0,0,2,0,0,0,2,0,0,0,0,0,2,0,2,0,0,0,0,0,0,0,0,0,0,0,0,2,0,0,0,0,2,2,0,0,0,2,0,0,2,0,0,0,0,0,0,2,0,0,0,2,2,0,2,0,2,0,0,0,0,0,0,0,0,0,0,0,0,0,0,0,0,0,0,0,0,2,0,0,0,0,0,0,0,0,2,0,0,2,0,0,2,0,0,0,2,2,2,2,0,NA,0,0,0,2,0,0,0,0,0,0,0,0,0,0,0,2,0,0,0,0,2,0,0,0,0,2,2,0,0,0,0,0,0,2,0,2,2,0,0,0,0,0,0,0,0,NA,0,0,0,0,0,0,0,0,0,0,0,0,0,0,0,0,0,0,0,0,2,0,0,0,0,0,0,0,0,0,2,0,0,0,2,2,0,2,0,0,0,0,0,0,0,0,0,0,0,0,0,0,0,0,0,0,0,0,0,0,0,0,0,0,2,2,0,0,0,0,0,0,0,2,2,0,0,0,2,0,2,0,2,0,0,0,0,2,2,0,0,0,2,0,0,0,0,0,0,2,0,0,0,0,2,0,0,0,2,0,0,0,2,0,0,0,2,2,0,0,0,0,0,0,2,0,0,0,0,0,0,0,0,0,2,0,0,0,2,0,0,0,0,2,0,2,2,2,0,0,0,0,0,2,0,0,2,0,0,2,0,2,2,0,0,0,2,0,0,0,2,2,0,0,0,0,0,0,0,0,0,0,2,0,0,0,0,0,0,0,0,0,0,2,0,0,0,2,0,0,0,0,0,0,2,0,0,2,0,0,0,0,0,0,0,0,0,2,0,2,2,0,0,0,0,2,0,0,0,2,0,2,0,0,0,0,2,0,0,0,0,2,0,0,0,0,0,2,0,NA,0,0,0,0,0,2,0,0,0,0,2,NA,0,0,0,0,2,0,0,0,0,0,2,0,0,0,2,0,NA,0,0,NA,2,0,0,2,0,0,0,0,0,0,0,0,0,2,0,0,0,0,0,0,0,2,0,0,0,0,2,0,0,0,2,2,0,0,2,2,2,0,2,0,0,0,0,0,0,0,2,0,0,0,2,0,2,0,0,0,2,0,2,0,0,0,0,2,2,2,2,2,0,0,2,2,0,0,0,0,2,0,0,0,0,0,0,0,0,0,0,0,0,0,0,2,0,0,0,0,0,0,0,0,0,2,0,0,0,0,0,0,0,2,0,0,0,2,0,0,0,0,0,0,0,0,0,0,2,2,2,0,0,0,0,0,0,0,0,0,2,0,0,0,0,0,2,0,0,2,0,0,0,2,0,0,0,0,0,0,0,0,0,2,0,0,0,0,0,0,0,2,0,0,0,0,0,2,0,0,0,0,0,2,0,0,2,0,0,0,0,0,0,0,0,0,0,0,0,0,0,0,0,0,0,0,0,2,0,0,0,0,0,0,2,0,0,0,0,0,0,0,0,0,0,2,0,0,0,0,0,0,0,0,0,0,2,2,0,0,0,0,0,2,0,0,0,2,0,0,2,0,0,0,0,0,0,0,0,0,0,0,2,0,0,0,2,2,2,0,0,0,0,0,0,0,0,0,0,0,0,2,0,0,2,0,0,0,0,0,0,0,0,0,0,0,0,0,0,2,0,0,0,0,2,0,0,2,0,0,0,0,0,2,0,0,0,2,0,0,0,0,2,2,0,0,0,0,0,0,0,0,0,0,0,2,2,0,0,0,0,2,0,2,0,2,0,0,2,0,0,0,0,0,0,2,0,0,2,0,2,0,0,2,0,0,0,2,0,0,2,0,0,0,0,0,0,0,0,2,2,0,0,0,0,0,0,0,2,2,0,0,0,0,0,0,2,2,0,2,2,2,2,0,0,0,2,0,0,0,0,0,0,0,0,0,0,2,0,0,0,0,0,0,2,0,2,0,0,2,0,0,2,0,0,0,2,2,0,0,2,0,0,0,0,2,0,0,0,0,0,2,2,0,0,0,0,0,2,0,0,0,0,2,0,2,0,0,0,0,0,0,0,0,0,2,0,2,0,2,0,2,0,0,0,0,0,0,2,0,0,2,2,0,0,0,0,0,0,0,2,0,0,0,0,2,0,0,0,0,0,2,0,2,0,0,0,2,0,0,0,0,2,2,0,0,0,0,0,0,2,0,0,0,2,0,0,0,0,0,0,0,0,0,0,0,0,2,0,2,2,0,0,0,0,0,2,0,0,0,0,0,0,0,0,2,0,0,0,2,2,0,0,0,0,0,0,0,0,0,0,0,0,2,2,0,0,0,0,0,0,0,0,0,0,0,0,0,0,0,0,0,0,0,0,0,0,0,0,2,2,0,0,0,0,0,2,0,0,0,0,0,0,0,0,0,2,0,0,2,0,0,0,0,2,0,0,0,0,0,0,0,NA,0,0,0,0,0,0,2,0,0,0,2,0,0,0,0,0,0,2,0,0,0,2,0,0,0,0,0,0,0,2,0,2,0,0,2,0,0,0,2,0,0,NA,2,2,2,0,0,2,0,2,0,0,0,0,2,0,2,0,0,0,0,0,0,0,0,0,0,0,2,0,0,0,0,2,0,0,2,0,0,0,2,2,0,0,0,2,2,0,0,0,0,0,0,2,2,0,0,0,0,2,0,0,2,2,2,0,0,0,0,0,0,0,0,0,0,0,0,2,2,2,0,2,0,0,0,0,2,2,0,2,0,0,0,2,0,0,0,0,0,2,0,0,0,0,0,0,0,0,0,0,2,0,0,0,0,0,2,0,0,0,0,0,0,0,0,0,0,0,0,0,0,2,0,2,0,2,0,0,0,0,2,0,0,0,0,0,0,0,0,0,0,0,0,0,0,0,0,2,0,0,2,2,2,0,0,0,0,0,0,0,0,0,0,0,0,2,0,0,0,0,0,0,0,2,0,0,0,0,2,0,0,0,0,2,0,0,0,0,0,0,0,2,0,0,2,0,0,0,0,0,0,2,0,0,0,0,0,2,0,0,2,0,0,0,2,2,0,2,2,0,0,0,0,0,0,0,0,0,0,0,0,0,2,0,0,0,0,0,0,2,0,0,0,0,0,0,0,2,0,0,0,0,0,0,2,0,0,0,0,2,0,0,0,0,0,0,0,0,0,0,2,2,0,0,0,2,0,0,0,0,2,0,0,0,2,0,0,2,0,2,0,2,0,0,0,2,0,2,0,0,0,0,0,0,0,0,0,0,0,0,2,0,0,0,0,0,2,0,0,0,2,0,0,0,0,0,0,0,0,0,0,0,0,2,2,2,0,2,2,0,0,0,2,0,0,2,0,0,0,2,2,0,0,2,2,0,0,0,2,0,0,2,0,0,2,0,0,0,2,2,2,0,0,0,0,0,0,0,0,2,0,0,2,0,0,0,0,0,0,2,0,0,2,2,2,2,0,2,0,0,0,0,2,0,2,0,2,0,0,2,0,0,0,0,0,0,0,0,2,0,0,0,0,0,2,0,0,0,0,0,0,0,0,2,0,0,2,0,2,0,0,2,2,0,2,2,0,0,0,2,0,0,0,0,2,0,2,0,0,0,0,0,0,2,0,0,2,0,0,0,2,0,2,0,0,2,2,0,0,0,2,0,2,0,0,0,2,0,0,2,0,0,0,0,2,0,2,0,0,2,0,0,0,0,0,0,0,0,0,0,0,0,0,0,0,0,0,0,0,0,0,0,2,0,0,0,0,0,2,0,0,0,0,0,2,2,2,0,0,0,0,0,0,2,0,2,0,2,0,0,2,2,0,2,0,0,0,0,0,2,2,0,2,2,0,2,0,0,2,0,0,0,2,2,2,0,2,0,0,0,0,2,0,0,0,0,0,0,0,2,2,0,2,0,0,2,0,2,2,0,0,0,2,2,0,0,0,0,0,0,0,0,2,2,2,2,0,0,0,2,0,0,0,2,0,0,0,0,2,0,2,2,0,0,2,0,0,0,0,0,2,0,0,2,0,0,0,0,2,0,2,0,0,2,2,0,0,2,0,0,2,0,0,0,2,0,0,0,0,0,0,2,2,0,0,2,0,0,2,2,0,0,0,0,0,2,2,0,0,2,2,2,2,0,0,0,2,2,0,0,0,0,0,0,0,0,0,0,0,2,0,0,2,0,2,0,2,0,0,2,0,0,0,0,2,2,0,0,0,0,0,0,0,2,2,2,0,2,2,0,0,0,2,0,NA,2,2,0,0,0,0,2,0,0,2,0,0,2,2,0,0,0,0,2,2,0,0,0,2,0,0,0,2,0,0,0,0,0,2,2,0,2,2,0,2,NA,0,0,0,0,0,0,0,0,2,0,0,0,0,2,0,2,0,0,0,0,0,0,2,0,0,0,0,0,0,0,0,0,2,0,0,0,2,2,2,0,0,2,0,2,2,0,0,0,2,0,2,2,0,0,2,2,0,2,0,2,2,2,0,2,2,0,0,0,0,0,2,2,0,0,2,0,0,0,0,0,0,0,2,0,0,0,2,0,0,0,0,0,2,0,2,0,2,2,0,0,2,0,2,0,0,0,0,2,0,2,0,0,0,0,0,0,0,0,NA,2,2,0,0,0,2,0,0,0,0,0,0,2,0,0,0,0,0,0,2,0,0,0,0,0,0,0,0,0,0,2,0,0,0,0,0,2,0,0,0,2,0,0,0,0,0,0,0,0,0,2,0,0,0,2,2,0,2,0,0,0,0,0,0,0,2,0,2,0,0,2,0,0,0,0,0,0,0,0,0,0,0,2,0,2,0,0,0,0,0,0,0,0,0,2,0,0,0,0,0,0,0,0,0,0,0,0,0,0,0,0,0,0,0,0,0,0,2,0,0,2,2,2,0,2,0,0,0,0,2,0,0,0,0,0,2,0,0,0,2,0,0,0,0,0,0,0,0,0,0,0,0,0,0,0,0,0,0,0,0,0,0,0,0,0,0,2,0,0,0,0,0,0,0,0,0,2,2,0,2,0,0,0,2,2,2,0,0,0,2,2,0,2,0,0,2,0,0,0,0,2,2,0,0,0,0,2,2,0,2,2,0,2,2,0,0,0,0,0,0,0,0,0,0,0,0,0,0,0,2,0,2,0,0,0,0,0,0,0,0,0,2,0,0,2,0,0,2,0,0,0,2,0,0,0,0,2,0,0,2,0,0,0,0,0,0,0,0,0,0,2,0,0,0,0,2,0,0,0,0,0,0,2,0,0,0,0,0,0,0,0,0,0,0,0,0,0,0,0,0,0,0,0,0,0,0,0,0,0,0,0,0,0,0,0,2,0,0,0,2,0,0,0,0,0,0,NA,0,0,0,0,0,0,0,0,2,0,0,0,0,0,0,0,0,2,2,0,0,0,0,2,0,0,0,0,0,0,0,2,2,0,0,0,0,2,2,0,0,2,0,0,0,0,0,0,2,0,2,0,0,2,0,0,0,0,0,0,0,0,0,0,2,0,0,0,0,0,0,0,0,0,0,0,2,0,2,2,0,2,0,0,0,2,0,0,0,0,0,0,0,0,0,0,0,0,0,0,0,0,0,0,0,0,2,0,0,0,0,0,0,0,0,0,2,0,0,0,2,0,0,2,0,0,0,2,0,2,0,2,0,2,0,2,2,0,0,0,0,0,0,0,0,0,0,0,0,0,2,0,0,0,0,0,2,0,2,2,0,0,0,0,0,0,0,0,0,2,0,0,0,0,2,0,0,0,0,0,0,0,0,0,0,2,0,0,0,0,0,0,0,2,0,0,0,0,0,0,0,0,0,0,2,0,2,0,0,0,0,0,0,0,2,0,0,0,0,0,2,0,0,2,0,0,0,0,0,0,0,0,2,0,0,2,0,0,0,2,2,0,0,0,0,0,0,0,0,0,0,0,0,0,0,0,0,0,0,0,0,0,0,0,0,0,0,0,0,0,0,0,2,0,0,0,0,0,0,0,0,0,0,0,2,2,0,0,0,0,2,0,0,0,0,0,0,2,0,0,0,0,0,0,0,0,2,0,0,0,0,0,0,2,0,2,0,0,0,0,2,2,0,2,0,2,0,2,2,0,2,0,0,0,0,2,0,0,0,2,0,0,0,0,0,2,0,0,0,0,0,0,0,0,0,0,0,0,0,0,0,0,0,0,0,0,0,0,0,0,0,0,0,0,2,0,0,0,0,0,0,0,0,0,0,0,0,0,0,0,0,0,0,0,0,0,0,2,0,0,0,0,0,0,0,0,0,0,2,0,0,0,0,2,0,0,0,0,0,0,0,0,0,0,0,0,0,0,0,0,0,0,0,0,2,2,0,0,0,2,0,2,0,0,0,0,0,2,0,2,0,0,0,0,0,2,0,0,0,0,0,0,2,2,0,0,0,0,0,0,0,0,0,0,NA,0,0,0,0,2,2,2,2,0,0,0,2,0,0,0,0,2,0,0,0,2,0,0,2,2,0,0,0,0,0,2,0,0,2,0,0,2,2,0,0,0,2,0,2,0,2,0,2,0,0,0,0,0,0,0,2,0,0,0,2,0,2,0,0,NA,2,0,2,2,0,2,0,2,0,0,2,2,0,0,0,0,2,0,0,0,2,0,0,NA,0,0,2,0,2,0,0,2,0,0,0,0,0,0,0,2,0,2,0,0,0,0,0,0,0,0,0,0,2,0,2,0,0,0,0,0,2,2,0,2,0,0,0,0,0,0,0,0,0,2,0,0,0,0,0,0,0,2,0,2,0,0,0,2,0,2,2,0,0,0,0,0,2,0,0,0,0,0,2,0,0,0,0,0,0,0,2,0,0,0,0,0,2,0,0,2,0,0,0,2,0,0,0,0,2,0,2,0,0,0,0,0,0,2,2,0,0,0,0,0,0,0,0,0,0,2,0,0,0,0,0,0,0,0,0,0,0,0,0,0,0,0,2,0,0,0,0,2,2,0,0,0,0,0,0,0,0,0,0,0,0,0,0,0,0,0,0,0,0,2,0,0,2,0,0,0,0,0,0,2,0,2,2,0,0,0,0,0,0,0,0,0,0,0,0,2,0,0,0,0,0,0,2,0,0,0,0,0,0,2,0,2,2,0,0,2,0,0,0,0,0,2,0,2,0,2,0,2,0,0,0,0,2,0,0,0,0,0,2,2,0,0,2,0,0,0,0,2,0,0,0,0,0,0,0,0,0,0,2,0,0,0,0,0,0,0,0,2,0,0,2,0,2,0,0,0,2,2,0,0,2,0,0,0,0,0,0,0,0,0,0,0,0,0,0,0,0,0,0,0,0,0,0,0,0,2,0,0,0,0,0,0,0,0,0,0,0,0,0,2,0,0,0,0,0,0,0,0,0,0,2,0,2,2,2,2,0,0,0,2,2,2,0,0,2,2,2,2,2,2,0,0,0,0,0,2,0,0,0,0,0,0,0,2,0,0,2,0,0,0,0,0,2,0,0,0,0,2,0,0,0,0,0,0,0,2,2,2,0,2,0,0,2,2,0,2,2,2,0,0,0,0,0,0,2,0,2,0,0,0,0,2,0,0,0,0,0,0,0,2,0,0,0,0,2,0,0,2,0,0,0,0,0,0,0,2,0,0,2,0,0,2,0,0,2,0,0,0,0,0,0,2,0,0,0,0,0,0,0,0,0,0,0,0,0,0,0,0,0,0,0,0,2,0,0,0,2,0,0,2,0,0,0,0,0,0,0,0,2,0,0,0,0,0,0,0,0,2,0,0,2,0,0,0,0,0,0,0,2,0,0,0,0,2,0,2,2,2,0,0,0,0,0,0,0,2,0,2,2,0,0,0,0,0,NA,0,0,0,0,0,0,2,0,2,0,2,0,0,2,0,0,2,0,0,0,0,0,0,0,0,0,0,0,0,0,0,2,0,0,0,0,0,0,2,0,0,0,2,0,0,0,0,0,0,2,0,0,0,2,2,0,0,0,0,0,0,2,0,0,0,0,2,2,0,0,0,0,0,0,2,0,0,0,0,2,0,0,0,0,0,0,2,0,2,2,0,0,0,0,0,0,2,0,0,0,0,0,0,0,0,0,0,0,0,2,0,0,0,0,0,0,2,0,0,0,0,0,0,2,0,0,2,0,0,0,2,0,0,0,0,2,0,0,0,0,0,0,0,0,0,0,0,0,0,0,0,0,0,0,2,0,0,0,0,0,2,2,2,2,0,0,0,0,2,0,0,2,0,0,0,0,2,0,2,0,0,0,2,0,0,0,0,0,2,2,0,0,0,0,0,0,2,2,0,2,2,0,0,0,0,0,0,0,0,0,0,0,2,0,0,2,0,0,0,2,0,2,0,0,0,0,0,0,2,0,0,0,0,0,0,0,0,0,0,0,0,0,0,0,0,0,0,0,0,0,0,0,0,0,0,0,0,0,0,0,0,0,0,0,2,0,0,2,0,0,0,0,0,0,0,2,0,0,0,0,2,2,0,2,0,0,0,0,0,0,2,0,0,0,0,0,0,0,0,0,0,0,0,2,0,0,0,0,0,0,0,0,0,0,0,0,0,2,0,0,0,0,0,0,0,0,0,0,0,2,0,0,0,0,0,0,2,0,2,0,0,0,0,0,0,0,0,0,2,2,2,0,0,0,2,0,2,0,0,0,2,0,0,2,0,0,0,0,0,0,2,0,0,0,0,2,0,0,0,0,0,0,0,0,0,0,0,2,0,2,0,0,0,0,0,0,0,0,2,0,2,0,0,0,0,0,0,0
"CC31",0,2,0,0,0,0,0,0,0,0,0,0,0,0,0,2,0,0,0,2,0,0,0,2,0,0,0,0,0,0,0,2,0,0,0,2,2,0,0,0,0,2,0,0,0,0,2,0,2,0,2,0,2,0,2,NA,0,0,0,0,0,2,0,0,2,0,0,0,0,0,0,0,0,0,2,0,0,0,0,2,0,0,0,0,0,0,2,0,0,0,0,0,0,0,0,2,0,0,0,0,2,2,0,0,0,2,2,0,0,0,0,0,0,0,0,0,0,0,0,0,0,0,0,2,0,2,2,0,2,0,0,0,0,0,2,0,0,0,0,0,0,0,0,0,0,0,0,2,0,0,2,0,0,0,0,0,0,0,0,0,0,0,0,2,2,0,2,0,0,0,0,2,0,0,0,0,2,0,0,0,0,0,0,0,0,0,0,0,0,0,0,0,0,0,0,0,0,0,0,0,0,0,0,0,0,0,0,0,0,0,0,0,0,2,0,0,0,0,0,0,0,0,0,0,0,0,0,0,0,0,0,0,0,0,0,0,0,2,0,0,0,0,0,0,0,0,2,0,2,0,0,0,0,0,0,0,0,2,0,0,0,2,0,2,0,0,2,0,0,2,2,0,0,0,0,0,2,2,2,0,2,0,0,0,0,0,0,0,0,0,0,2,2,0,0,0,0,0,0,0,0,0,0,0,0,0,0,2,0,0,0,0,0,0,0,0,0,0,0,0,0,0,0,0,0,0,0,0,0,0,0,2,2,0,0,0,0,0,0,0,0,0,0,0,0,0,0,0,0,0,0,0,0,0,0,0,0,0,0,0,0,0,0,0,0,0,0,0,0,0,0,0,0,0,0,0,0,0,0,0,0,0,0,0,0,0,2,0,0,0,0,0,0,0,0,0,0,0,0,0,0,0,0,0,0,0,0,0,0,2,0,0,0,0,2,0,0,2,0,0,0,0,0,0,0,0,0,2,2,0,0,0,0,0,0,0,0,0,0,0,0,0,0,2,0,0,0,2,0,0,0,0,0,0,0,0,2,0,0,2,2,2,0,2,0,0,0,0,0,0,0,2,0,0,0,0,0,2,0,0,0,0,0,0,0,2,2,2,2,0,0,2,0,2,0,0,0,0,0,2,0,0,2,0,0,0,0,0,2,2,0,2,0,0,0,2,0,0,0,2,0,0,0,0,0,0,0,2,0,0,2,0,0,0,0,2,0,2,2,0,0,0,0,0,0,0,0,0,0,2,2,2,0,2,0,0,2,0,0,0,0,0,0,0,0,0,0,0,0,2,0,0,0,0,2,0,0,2,0,0,0,2,0,0,0,0,0,2,2,0,0,NA,0,2,0,0,0,2,2,0,0,0,2,2,0,0,0,0,0,0,0,0,0,0,2,0,0,0,0,0,0,0,0,0,0,0,0,0,0,0,0,2,0,0,2,0,0,0,0,0,0,0,0,0,0,0,0,0,0,0,0,0,0,0,0,0,0,0,0,0,2,0,0,0,0,0,0,0,0,0,0,0,2,0,0,0,0,0,0,0,0,0,0,0,0,0,0,0,0,0,2,0,0,0,0,0,0,0,0,2,0,0,0,0,0,0,0,0,0,0,0,0,2,0,0,0,0,0,0,0,0,0,0,0,0,0,0,2,0,0,0,0,0,0,0,0,0,0,0,0,0,0,0,0,0,0,0,0,0,2,0,0,0,0,0,0,0,0,0,0,0,0,0,0,0,0,0,0,0,0,0,0,0,0,0,0,0,2,0,0,0,0,0,0,0,0,0,0,0,0,0,0,0,2,0,2,0,0,0,0,0,0,0,0,0,0,0,0,0,0,2,0,0,0,0,0,0,0,0,0,0,2,2,0,0,0,0,0,0,0,0,0,0,0,0,0,0,0,0,0,2,2,0,2,0,0,0,2,0,0,0,2,0,0,2,0,0,0,0,2,2,0,0,0,0,0,0,0,0,0,0,0,0,2,0,0,0,0,0,0,0,2,0,0,0,0,2,0,0,0,0,0,0,0,0,0,2,0,0,0,0,0,0,0,0,0,0,2,0,0,0,0,0,0,0,0,0,0,0,0,2,2,2,2,0,0,0,0,0,0,0,0,0,0,2,0,0,0,0,2,0,0,0,0,2,0,0,0,0,2,2,0,2,0,0,0,0,0,0,0,0,0,0,0,0,0,0,0,2,0,0,0,0,0,0,0,2,2,0,0,0,0,0,0,0,0,0,0,0,0,0,2,2,2,0,0,0,0,0,0,0,0,0,0,0,0,0,0,0,0,0,0,0,0,0,0,0,2,0,0,0,0,2,0,0,0,0,0,0,2,2,0,0,0,2,2,2,2,2,0,0,0,0,0,0,2,0,0,2,2,2,0,0,0,0,0,0,0,0,0,0,0,0,2,0,0,2,0,2,0,2,0,0,0,2,2,0,0,0,0,0,0,0,0,0,0,0,0,0,0,0,2,0,2,0,0,0,0,0,NA,2,0,2,2,0,0,0,0,0,0,0,0,0,0,0,0,2,0,0,0,2,0,0,2,2,0,0,2,0,0,0,0,0,2,0,0,0,2,2,0,0,0,0,NA,0,0,0,0,0,0,0,0,2,0,0,0,0,0,0,0,0,0,0,0,2,2,0,0,0,2,2,0,0,0,0,0,0,0,0,0,2,2,0,0,0,0,0,0,0,0,0,2,2,0,0,2,0,0,2,0,0,2,0,0,2,0,0,0,0,2,0,0,0,0,0,0,0,0,0,0,0,2,2,0,0,0,0,0,0,2,2,0,0,0,0,0,2,0,0,0,0,0,0,0,0,0,0,0,2,0,2,0,0,0,0,0,2,0,0,0,0,0,0,0,0,0,0,2,0,0,0,0,0,2,0,0,0,0,2,0,0,0,2,0,0,0,0,0,0,0,0,0,0,0,2,0,0,0,0,0,0,0,0,0,0,0,0,0,0,0,0,0,0,0,0,0,0,2,2,0,0,0,0,0,0,0,0,0,0,0,0,2,0,0,0,0,0,0,0,0,0,0,2,2,0,0,0,0,0,0,0,2,0,2,0,0,0,0,0,0,2,2,2,0,0,0,0,0,0,2,2,0,0,0,2,0,0,0,0,0,0,0,0,0,2,0,0,0,0,2,0,0,2,2,0,0,0,0,0,0,0,0,0,0,0,0,0,0,0,2,0,0,0,0,0,0,0,0,0,2,0,0,0,2,0,0,0,0,0,0,2,0,0,0,2,0,0,0,0,0,0,0,0,0,0,0,0,0,2,2,0,0,0,0,2,0,0,0,0,2,0,0,0,0,0,2,0,0,0,0,0,0,0,0,0,0,0,2,0,2,0,0,0,0,0,0,0,2,0,0,2,0,0,0,0,0,0,0,0,0,2,0,0,0,0,0,0,0,0,0,0,0,0,0,0,0,2,0,0,0,0,0,0,0,0,2,0,0,0,0,0,0,0,0,0,0,2,0,0,0,0,0,0,0,0,2,0,2,0,0,0,0,2,0,0,0,0,2,0,0,0,0,2,0,2,0,0,NA,0,0,0,0,0,0,0,0,0,0,0,0,0,0,0,2,0,0,0,0,0,0,0,0,0,0,2,0,0,0,0,0,0,0,0,0,0,0,0,2,0,0,0,0,0,0,2,0,0,0,0,0,0,0,2,0,0,0,0,0,0,0,0,2,0,0,0,0,0,0,0,0,0,0,0,0,0,2,2,0,0,0,0,0,0,0,2,0,0,0,0,0,0,0,0,0,0,0,0,2,0,0,0,0,0,0,0,0,0,0,2,0,0,0,0,0,0,0,0,0,2,2,0,0,0,0,0,0,0,0,0,0,0,0,0,0,0,2,0,0,0,2,2,0,0,0,0,0,2,0,0,0,2,0,0,0,0,0,0,0,0,0,0,0,0,0,0,0,0,0,0,0,2,0,0,0,0,0,0,0,0,0,0,0,0,0,0,2,0,0,0,0,0,0,0,0,0,0,0,0,0,0,0,0,0,0,0,0,0,2,0,0,0,0,0,0,0,0,0,0,0,0,0,0,2,0,0,2,2,0,0,0,0,0,2,0,2,0,2,0,0,0,2,0,2,0,0,0,0,0,0,0,0,0,0,0,0,0,0,0,0,0,0,0,0,0,0,0,0,2,0,0,0,0,2,0,2,0,0,0,0,2,2,0,0,2,0,2,0,0,0,0,0,0,0,0,0,0,0,0,0,0,0,0,0,0,0,0,0,0,0,0,0,0,2,0,2,0,0,0,0,0,0,2,2,0,2,0,0,0,0,0,0,0,0,2,0,2,0,0,0,2,2,0,0,0,0,0,0,2,0,0,0,0,2,0,0,0,2,0,0,0,0,0,0,0,2,0,0,0,0,0,0,0,2,0,0,0,0,0,0,2,0,2,2,0,0,0,0,0,0,0,0,0,0,0,2,0,0,2,0,0,0,0,0,0,0,0,0,0,0,0,2,2,0,0,0,0,0,0,2,0,0,2,0,0,2,0,0,0,0,NA,0,0,0,0,0,0,0,0,0,2,0,0,0,2,0,0,2,0,0,0,2,0,0,0,0,0,0,0,0,0,0,2,0,2,0,0,0,0,0,0,0,2,0,0,2,0,2,0,0,0,0,0,0,0,0,2,0,2,0,0,0,2,2,0,0,0,0,0,0,0,0,0,0,0,0,2,2,0,0,0,2,0,2,2,0,2,0,2,0,0,0,2,0,0,0,0,0,0,0,0,0,0,0,2,2,0,2,0,0,0,0,0,2,2,2,0,0,0,0,0,0,0,0,0,2,0,0,0,0,0,0,0,0,0,0,0,0,2,0,2,0,0,0,0,0,0,0,0,0,2,0,0,2,0,2,0,0,0,2,0,0,0,0,0,0,2,0,0,2,0,0,2,0,0,0,2,0,0,0,NA,2,0,0,0,0,0,0,0,2,0,0,0,0,0,0,0,0,0,0,0,2,0,2,0,0,0,0,0,2,2,2,0,0,0,0,0,0,0,0,0,0,0,0,2,0,2,0,0,2,0,0,0,0,0,2,0,0,0,0,0,0,2,0,0,2,0,0,0,0,0,2,0,0,0,0,2,0,0,2,0,2,0,0,0,0,0,2,0,0,0,0,2,0,0,2,0,2,0,0,0,0,0,0,0,0,NA,NA,0,0,0,0,0,0,2,0,0,0,0,0,2,2,NA,0,0,0,0,0,0,0,0,0,0,0,2,0,0,0,0,0,0,0,0,2,0,0,0,0,0,0,0,0,0,0,0,0,0,0,0,0,0,0,0,2,2,0,0,0,0,0,0,0,0,0,0,0,0,0,0,0,0,0,0,0,0,0,0,0,0,0,0,0,0,0,0,0,0,2,0,2,0,2,0,0,0,0,0,0,0,0,0,2,0,0,0,2,0,0,0,0,0,0,0,0,0,0,0,0,0,0,0,0,0,0,0,0,0,0,0,0,2,0,0,0,2,0,0,0,0,0,0,0,0,0,0,0,0,0,0,0,0,0,0,0,0,0,0,0,0,0,0,0,0,2,0,0,0,0,0,2,0,0,0,0,0,0,0,0,0,0,0,0,0,0,0,0,0,2,0,0,0,0,0,2,0,0,0,0,2,0,2,0,2,2,0,0,0,0,0,2,0,2,0,0,0,0,0,0,0,0,2,2,0,0,0,0,0,0,0,0,2,0,0,0,0,0,0,0,0,0,0,0,0,0,2,0,0,0,0,0,2,0,0,0,0,2,0,0,2,0,0,0,0,0,0,0,0,0,2,0,0,2,0,2,0,0,0,0,0,0,0,0,0,2,0,0,0,2,0,2,0,0,0,0,0,0,0,2,0,0,0,2,0,0,0,0,0,0,2,0,0,0,2,2,0,2,0,2,0,2,0,2,2,0,2,2,0,0,0,2,0,0,2,0,0,0,0,2,0,2,2,2,0,0,2,2,2,0,2,0,0,2,2,2,0,0,0,2,0,0,0,0,2,0,2,2,2,0,2,0,2,0,2,0,2,0,0,0,0,0,2,0,0,0,0,0,0,0,0,0,2,0,2,0,0,0,0,0,0,0,2,0,0,2,0,0,0,0,2,0,0,0,0,0,2,2,0,0,0,0,0,2,NA,2,0,0,0,0,0,0,0,0,0,2,0,0,0,0,0,0,0,NA,2,NA,2,2,2,0,0,0,0,0,0,2,2,0,0,0,0,0,0,0,0,0,0,0,2,0,0,2,0,0,0,2,0,0,0,0,0,0,0,0,0,2,0,0,2,0,0,0,2,2,0,0,0,2,NA,2,0,0,0,0,0,0,0,0,0,0,0,0,2,2,0,0,0,0,0,0,0,0,0,2,2,0,0,0,0,0,2,0,0,0,0,0,0,2,0,0,2,0,2,0,2,2,2,2,2,0,0,0,0,0,0,2,0,2,0,2,0,2,0,0,2,0,2,0,0,0,0,2,0,0,0,0,0,2,0,0,0,0,0,0,2,0,0,2,0,0,0,0,0,0,2,0,2,0,2,0,0,0,2,2,0,NA,0,0,0,0,0,0,0,0,0,0,0,0,0,0,0,0,0,2,0,0,0,0,2,0,0,0,2,0,0,2,0,0,0,0,0,0,0,0,0,0,0,2,0,2,2,2,0,0,0,0,2,0,2,2,0,0,0,0,0,2,0,0,0,0,0,0,0,0,0,0,0,0,0,0,0,0,0,0,0,0,0,0,0,0,0,0,0,0,0,0,0,0,0,0,0,0,0,0,2,0,0,0,0,0,0,0,0,0,2,0,0,0,0,0,2,0,0,0,0,0,0,0,0,2,2,2,0,2,2,0,2,0,2,0,0,2,0,0,0,0,0,0,0,0,0,2,0,2,2,0,0,0,2,2,2,0,0,0,2,0,2,0,0,0,0,0,2,0,0,0,2,0,2,0,0,0,2,2,0,0,0,2,2,0,0,0,2,0,0,0,0,0,0,0,0,0,0,0,0,0,0,0,0,2,0,0,0,0,0,2,0,0,0,0,0,0,0,2,0,2,0,0,0,0,2,0,2,0,0,0,0,0,0,2,0,0,0,0,2,0,0,2,2,0,0,0,0,0,0,0,0,0,0,0,2,0,2,2,0,2,0,0,0,0,0,0,0,0,0,0,0,0,0,0,0,0,0,2,0,0,0,0,2,0,0,0,0,0,2,0,2,0,0,0,0,0,0,0,0,0,0,0,0,0,2,0,0,0,0,0,0,0,2,0,0,0,0,0,0,2,0,0,0,0,0,2,0,0,0,0,0,0,0,0,0,0,0,0,0,0,0,0,0,0,0,2,0,0,2,0,0,0,0,2,0,0,0,0,0,0,0,0,0,0,2,0,0,2,2,0,2,0,0,0,2,0,NA,0,0,0,0,0,0,0,2,0,0,2,2,0,0,2,0,2,0,0,0,0,0,0,0,0,0,0,0,0,0,0,0,2,0,0,0,0,0,0,0,2,0,0,0,0,0,0,0,0,0,0,0,0,0,0,0,0,0,0,0,0,0,0,2,2,0,0,0,2,0,0,0,0,0,0,0,2,0,0,2,2,0,0,0,0,0,0,0,0,0,0,0,0,0,0,0,0,0,0,0,0,0,0,0,0,0,0,0,2,0,0,0,0,0,0,0,0,0,0,0,2,0,0,2,0,2,0,0,0,0,0,0,0,0,0,0,0,0,0,0,0,2,0,0,0,0,0,0,0,0,0,2,0,2,0,0,0,0,0,0,0,2,0,0,0,2,NA,0,0,0,0,0,0,0,0,0,2,0,2,0,0,0,0,0,0,2,0,0,0,0,0,0,0,0,0,0,0,0,0,0,0,0,0,0,0,0,0,0,0,0,0,0,0,2,0,0,0,0,0,0,0,0,0,0,0,0,0,0,0,0,2,0,0,0,0,0,0,0,0,0,0,0,0,2,0,0,0,2,2,0,0,0,0,0,0,0,0,0,0,0,0,0,0,0,0,0,0,0,0,0,0,0,0,0,0,0,2,0,0,0,0,0,0,0,2,0,0,0,0,0,0,0,0,2,0,0,0,0,0,0,0,0,0,0,0,0,2,0,0,2,0,0,2,0,0,0,0,0,2,0,0,0,0,2,0,0,2,0,0,0,0,0,0,2,0,0,0,2,0,0,2,0,0,2,0,0,0,0,0,0,0,0,0,0,0,2,0,0,0,2,0,2,0,0,2,2,0,0,0,0,0,0,0,0,0,0,0,0,0,0,2,2,0,0,0,0,0,0,0,0,2,2,2,0,0,0,0,0,0,0,0,0,2,2,0,0,0,0,2,0,0,0,0,0,0,0,0,0,0,0,2,0,0,2,2,0,2,0,0,0,0,0,0,0,0,0,0,0,0,0,2,2,2,0,0,0,0,0,0,0,0,0,2,0,0,0,2,0,0,2,2,2,2,0,2,0,2,0,2,0,0,0,0,0,0,0,0,0,0,0,0,0,0,0,0,0,0,0,0,0,0,0,0,0,2,0,0,0,0,0,0,0,0,0,0,0,2,0,0,0,0,0,0,0,0,0,0,0,0,0,2,0,2,0,0,2,0,0,0,0,0,2,0,0,0,0,0,0,0,0,0,0,2,0,0,0,2,0,0,0,0,0,0,0,2,2,0,0,0,0,0,2,0,2,2,0,0,0,0,0,0,0,0,0,0,0,0,2,0,0,0,0,0,0,0,0,0,0,0,2,0,0,0,0,0,0,0,0,0,0,0,0,0,0,2,0,0,0,0,0,0,0,0,0,0,0,0,0,0,0,0,2,2,0,0,0,0,0,0,0,0,0,0,0,0,2,0,0,0,0,0,0,0,0,2,0,0,0,0,0,0,0,2,2,0,2,0,2,2,0,0,0,0,0,0,0,0,0,0,0,0,0,0,0,0,0,2,0,0,0,0,0,0,0,0,0,0,0,0,0,2,0,0,0,0,0,0,0,2,0,0,0,0,0,0,0,0,0,0,0,0,0,0,0,0,0,0,2,0,0,0,0,0,0,0,0,0,0,0,0,2,0,0,0,0,0,0,0,0,0,0,0,2,0,0,0,0,0,0,0,0,0,0,0,2,0,0,0,0,0,0,0,0,0,0,2,0,0,0,0,0,0,2,0,0,0,0,0,0,0,0,0,2,0,0,0,0,0,0,0,0,0,0,2,0,0,0,0,0,0,0,0,0,2,0,2,0,0,0,0,0,0,0,0,0,2,0,2,0,0,0,0,0,0,0,0,0,0,0,0,0,2,0,0,0,0,0,0,0,0,0,2,0,0,0,0,0,0,0,0,0,0,0,0,0,0,2,0,0,0,2,0,0,0,0,0,0,0,0,0,0,0,2,0,0,0,2,2,0,0,0,NA,0,2,0,0,0,0,0,0,2,2,0,0,2,2,0,0,0,0,0,0,0,2,0,0,2,0,0,0,0,0,0,0,2,0,2,0,2,0,0,0,0,2,0,0,0,2,0,0,0,2,2,2,0,0,0,0,0,NA,0,0,0,0,0,0,0,2,2,0,0,0,0,0,0,0,0,0,0,0,0,2,0,0,0,0,0,0,0,0,0,0,0,0,0,0,0,0,2,0,0,0,0,2,2,0,2,0,0,2,0,2,0,0,0,0,2,0,2,0,0,0,0,0,0,0,0,0,0,2,0,0,0,0,0,0,2,2,0,0,0,0,2,0,0,0,0,0,0,0,0,0,0,0,2,0,2,0,2,0,0,0,0,0,2,0,2,0,0,2,0,0,0,0,0,0,0,0,0,0,0,2,2,2,0,0,2,0,0,0,0,0,0,0,0,0,2,0,2,2,2,0,0,0,0,0,0,0,0,0,0,0,0,0,0,0,0,0,0,0,0,0,0,0,2,0,0,0,0,0,0,2,0,0,0,0,0,0,0,0,0,2,0,2,0,2,0,0,2,0,0,0,2,0,0,2,0,0,0,0,0,2,2,0,0,2,0,0,0,0,0,0,2,2,0,2,0,0,0,2,2,0,2,0,0,0,2,0,0,0,0,0,0,0,2,0,0,0,2,2,0,0,2,0,0,0,2,NA,0,0,0,0,0,0,0,0,0,0,0,0,0,0,0,0,0,2,0,0,0,2,0,0,0,2,0,0,2,0,2,0,0,0,0,0,0,0,0,0,0,0,2,2,0,0,0,0,0,0,0,0,0,0,0,0,0,0,0,0,0,0,0,0,0,2,0,0,0,0,0,2,0,0,2,0,0,0,0,2,0,0,0,0,0,0,0,2,0,0,0,0,0,2,2,2,0,0,0,2,0,0,0,0,0,0,2,0,0,0,0,0,0,2,0,0,0,2,0,0,0,0,0,0,2,0,0,0,0,0,0,0,0,0,0,0,0,0,0,2,0,0,0,0,0,0,0,2,2,2,2,0,0,0,0,0,0,0,0,2,0,0,2,0,0,0,0,0,0,0,0,2,2,0,2,0,0,0,0,0,2,2,0,0,0,0,0,0,0,2,0,0,0,0,0,0,0,2,0,0,2,0,0,NA,2,0,0,0,0,0,0,0,0,2,0,0,0,2,2,0,0,0,0,2,0,0,2,0,0,0,0,0,0,0,0,0,2,0,2,0,0,0,0,0,0,2,0,0,0,0,2,0,0,0,0,0,0,0,0,0,0,0,2,2,2,0,0,0,0,0,0,0,0,0,2,0,0,0,0,0,0,0,2,0,0,0,0,0,0,0,0,0,0,0,2,0,2,0,0,0,0,0,0,0,0,0,0,0,0,0,0,2,0,2,0,2,0,0,0,0,0,0,0,0,0,2,0,0,0,0,0,0,0,2,0,2,2,0,0,2,0,0,0,2,0,0,0,2,0,0,2,0,0,0,0,0,0,0,0,0,0,0,0,2,0,0,0,0,0,0,0,0,2,0,0,0,0,0,2,0,0,0,0,0,0,0,0,0,0,0,0,0,0,0,0,2,2,0,0,0,0,0,0,0,0,0,0,0,2,0,0,0,0,0,0,2,2,0,0,0,0,0,0,0,0,0,0,0,0,0,0,0,0,0,0,0,2,0,2,0,0,2,0,0,0,2,0,0,0,0,0,2,2,0,0,0,0,0,0,0,0,0,0,0,2,0,0,0,0,0,0,0,2,2,0,0,0,0,0,0,0,0,0,2,0,0,2,0,0,0,0,0,0,0,0,0,0,0,2,0,0,0,0,0,0,2,0,0,0,0,2,0,0,0,0,2,0,2,2,0,0,0,0,0,0,2,2,0,0,0,2,0,2,2,0,0,0,0,2,0,0,2,0,2,0,2,2,0,2,0,0,0,0,0,0,0,0,0,0,0,0,0,2,0,2,0,0,2,0,0,2,0,2,0,0,0,0,0,2,2,0,0,0,0,0,0,0,0,2,2,2,0,0,0,0,0,0,0,2,0,2,0,0,2,0,0,0,0,0,0,0,0,0,2,0,2,2,0,0,0,2,0,0,0,0,0,2,0,2,0,0,0,2,0,0,0,0,2,0,0,2,0,0,0,0,2,0,2,0,0,0,2,0,0,0,0,0,2,0,0,2,2,0,0,0,2,0,2,2,0,0,0,0,0,0,0,0,0,0,0,0,0,2,2,0,2,0,0,2,2,0,0,0,0,0,0,0,0,0,2,0,0,0,0,0,2,0,0,2,0,0,0,0,0,0,0,0,0,0,0,2,0,0,0,0,0,0,0,0,2,0,2,0,0,0,2,2
"CC32",0,0,0,0,0,0,0,0,0,0,0,2,0,0,2,2,0,0,0,2,2,2,0,0,2,0,0,0,0,0,0,0,0,0,2,2,0,0,0,2,2,0,2,2,2,0,2,2,0,0,0,2,0,2,0,0,2,0,0,0,0,0,0,2,0,0,0,0,0,2,0,0,0,0,0,0,0,0,0,2,0,0,0,0,0,0,0,0,0,0,0,0,0,0,2,0,0,0,0,0,0,0,0,2,2,2,0,0,0,0,0,2,0,0,0,0,0,0,0,2,0,0,0,0,0,0,0,0,2,0,0,0,0,2,0,0,0,0,0,0,0,0,2,0,0,0,2,0,0,0,0,0,0,0,0,0,0,0,0,0,0,0,0,2,2,2,2,0,0,0,0,2,0,2,0,0,0,0,0,0,0,0,0,0,2,0,0,0,0,2,2,0,2,2,2,0,0,0,0,0,0,0,0,0,0,0,0,0,0,2,0,0,0,0,0,0,0,0,0,0,2,0,0,0,0,0,0,0,0,0,0,0,0,0,2,0,0,0,0,0,0,0,0,0,0,2,0,0,0,0,0,0,0,0,0,2,0,2,0,0,2,0,0,0,0,0,2,2,0,2,2,0,0,0,2,0,2,2,2,0,2,0,0,0,0,0,0,0,0,0,0,2,2,0,0,0,2,0,0,0,0,0,0,2,0,0,2,0,2,0,0,0,0,0,0,0,0,2,0,0,0,2,2,0,0,0,0,0,2,2,0,0,2,0,0,2,0,0,2,0,0,0,0,0,0,0,0,0,0,0,0,0,0,0,0,0,0,2,0,0,0,0,0,2,0,0,2,0,0,0,0,0,0,0,0,0,0,0,0,0,0,0,0,0,0,0,0,0,0,2,0,0,0,0,0,0,0,0,0,0,0,0,0,0,0,0,0,0,0,2,0,0,0,0,0,0,0,0,0,0,0,2,0,0,2,0,0,2,2,0,0,0,0,2,0,0,0,0,0,0,0,0,0,0,0,0,0,0,0,0,0,0,0,0,0,0,0,2,0,0,0,0,0,0,0,0,0,2,0,0,0,0,0,0,0,0,0,0,0,0,0,0,0,0,2,0,0,0,0,0,0,0,0,0,2,2,0,0,0,0,0,0,0,0,0,0,0,0,2,0,0,0,0,0,0,0,2,0,0,0,0,0,0,0,0,2,2,2,0,0,0,2,0,0,0,2,0,2,2,0,0,0,0,0,0,0,2,0,0,2,2,0,0,2,0,0,0,0,2,0,0,2,0,0,0,0,0,0,0,2,0,0,0,0,0,0,2,2,0,2,0,2,0,0,0,2,0,0,0,0,0,2,0,0,0,0,0,0,2,0,0,0,2,2,0,0,2,2,0,0,0,0,0,0,2,0,2,0,0,2,0,0,0,0,0,0,0,0,0,0,0,0,0,0,2,0,0,0,0,2,0,0,2,0,0,2,0,0,0,2,0,0,0,0,0,0,2,0,2,0,0,0,0,0,0,2,2,0,0,0,0,0,0,0,0,0,0,0,0,2,0,0,0,0,2,0,0,0,0,0,0,0,2,0,0,0,0,2,2,0,0,0,0,NA,0,0,0,0,2,2,0,0,2,0,0,2,0,0,0,0,0,0,0,2,2,0,0,0,0,0,0,0,0,2,0,0,0,0,0,0,0,0,0,0,0,0,2,0,2,2,0,0,2,0,0,0,0,0,0,0,0,0,2,0,0,2,0,0,2,0,0,0,2,0,0,0,0,2,0,0,0,0,0,2,0,0,0,2,2,0,0,0,0,2,2,2,0,0,0,0,0,0,0,0,0,0,0,2,0,0,0,0,0,0,0,0,0,0,0,0,0,2,2,0,0,0,2,0,0,0,0,0,0,0,0,0,0,2,0,0,2,2,2,0,0,0,0,0,0,0,0,2,2,0,0,0,0,0,2,0,2,0,0,0,2,0,0,2,0,0,0,0,0,2,0,0,0,2,0,0,0,0,0,0,0,0,0,0,0,0,0,0,0,0,0,0,2,0,0,0,0,0,2,0,0,0,0,2,0,0,0,0,0,0,0,2,0,2,0,0,0,0,0,0,0,2,0,2,0,0,0,0,0,0,2,2,0,0,0,0,0,0,0,2,2,0,0,0,2,0,2,2,2,2,0,0,0,0,0,0,0,0,0,0,0,0,2,0,0,2,0,0,2,0,0,0,0,0,2,2,0,0,0,0,0,0,2,0,0,0,0,2,2,0,2,0,0,0,0,0,0,0,0,0,0,0,0,2,2,0,0,0,0,0,0,2,0,0,0,0,0,0,0,0,2,0,0,0,0,0,0,2,0,0,2,0,2,2,2,0,0,0,0,0,0,2,2,0,0,0,0,0,0,0,2,0,2,0,0,0,0,0,0,2,0,0,0,0,0,0,0,2,0,2,0,0,2,2,0,0,0,0,0,0,2,2,0,0,0,0,0,2,0,0,0,0,0,0,2,2,0,0,2,0,2,0,0,0,0,0,0,0,0,0,0,0,0,2,0,0,0,0,0,0,0,0,0,2,2,0,0,0,2,0,0,0,0,0,0,0,0,0,0,0,0,0,0,0,0,0,0,0,0,0,0,0,0,0,0,0,0,0,0,0,2,0,0,0,0,0,0,0,2,0,0,0,0,0,0,0,2,2,0,0,0,0,0,0,0,0,0,2,0,0,0,2,0,0,0,0,2,0,0,0,0,2,0,0,0,0,0,0,0,0,2,2,0,0,0,0,0,0,2,0,0,0,0,0,0,2,0,2,0,0,0,0,2,0,2,2,0,0,0,0,0,0,0,0,0,0,0,0,0,0,0,0,0,0,0,0,0,0,0,0,2,0,0,0,0,0,0,0,0,0,0,0,0,0,0,2,0,0,0,0,2,0,0,0,0,0,0,0,2,0,0,0,0,0,0,0,0,0,2,0,0,2,0,0,0,0,0,0,0,0,0,0,0,2,0,0,0,2,0,0,0,0,0,0,2,0,0,0,0,0,0,0,0,0,0,0,0,0,2,0,0,0,0,2,0,0,0,2,0,2,0,0,0,0,0,0,0,0,0,2,0,0,0,0,0,2,2,2,0,0,0,0,0,0,0,0,0,0,0,0,0,0,0,0,0,0,0,0,0,2,0,0,2,0,2,0,2,0,0,2,0,0,2,0,0,2,0,0,0,0,0,0,0,0,0,0,0,0,0,2,2,0,0,0,0,0,2,0,0,0,2,0,0,0,0,0,0,0,0,0,0,0,2,0,0,2,0,0,0,2,2,0,0,0,0,2,0,0,0,0,0,0,0,0,0,0,0,0,0,0,0,0,0,2,0,2,0,0,2,0,0,0,0,2,2,2,2,0,0,2,0,0,0,0,0,0,0,0,0,0,0,0,0,0,0,0,0,0,2,0,0,0,0,0,0,0,0,0,2,2,0,2,0,0,0,0,0,0,0,0,2,0,0,0,0,0,0,0,0,0,0,0,0,0,0,0,0,2,2,0,0,2,2,2,0,0,0,0,2,0,2,0,0,2,0,0,0,2,0,0,0,0,0,0,0,0,0,0,0,0,2,0,0,0,2,0,2,0,0,0,0,0,0,0,0,0,NA,0,0,0,0,0,0,0,0,0,0,2,0,0,0,0,0,0,0,0,0,0,0,0,2,0,0,0,2,0,0,2,0,0,0,0,0,0,0,2,0,2,0,0,0,0,0,0,0,0,2,0,0,0,0,0,0,0,0,0,0,0,0,0,0,2,0,0,0,0,2,0,2,0,0,0,0,0,2,2,2,0,0,0,0,0,0,0,2,0,0,0,0,0,0,0,0,0,0,0,0,0,0,0,0,2,0,0,0,2,2,0,0,0,0,0,0,0,0,0,0,0,2,0,0,0,0,0,0,0,0,0,0,0,0,0,0,0,0,0,2,0,0,0,0,0,0,0,0,0,0,0,0,0,0,2,2,0,0,0,0,0,0,0,0,0,0,0,2,0,0,0,0,0,0,0,0,0,0,0,0,0,2,0,0,0,0,0,0,0,0,0,0,0,0,0,0,0,0,0,0,0,2,2,0,2,0,0,0,0,0,0,0,0,0,0,0,0,0,0,2,0,0,0,2,0,0,0,0,0,0,0,0,0,0,0,0,0,0,0,0,0,2,0,0,0,0,0,0,0,0,NA,0,0,0,2,0,0,0,0,0,0,0,0,2,0,0,0,0,0,0,0,0,0,0,0,0,0,0,0,0,0,2,0,0,0,0,0,0,0,0,0,0,0,2,0,0,0,0,0,0,0,0,2,0,0,0,0,0,2,2,0,0,NA,0,0,0,2,0,0,0,0,2,0,0,2,2,0,0,0,0,0,0,0,2,0,0,0,0,0,0,0,2,0,0,0,2,0,0,0,0,2,2,2,0,0,0,0,0,0,0,0,0,2,0,2,0,0,0,0,0,0,0,0,0,2,0,2,0,0,0,0,0,0,2,0,0,0,2,0,2,0,0,0,0,2,0,2,0,2,0,2,0,0,0,0,0,0,2,0,0,0,0,2,0,0,0,0,0,0,2,0,0,2,0,0,0,2,0,0,0,2,0,0,0,0,0,0,2,2,0,2,0,0,2,0,0,0,0,0,0,0,0,0,2,2,0,0,2,2,0,2,2,2,0,0,0,0,0,0,0,0,0,0,2,0,2,2,0,0,0,0,2,2,0,2,0,2,0,0,0,0,0,0,0,0,0,0,0,0,0,2,2,0,0,0,2,0,0,0,2,0,0,0,2,2,0,0,0,0,0,0,0,2,0,0,0,2,0,0,0,0,0,0,0,0,0,0,0,0,0,0,2,0,0,0,2,0,0,0,0,0,2,0,0,0,0,0,0,0,0,0,0,0,2,0,0,0,0,0,0,0,0,0,0,0,0,0,0,0,0,0,0,0,0,0,0,0,0,2,2,0,2,0,0,2,0,0,2,0,0,0,0,2,0,0,2,0,0,0,0,0,2,0,0,0,0,2,0,2,2,0,0,0,0,0,NA,2,2,0,0,0,0,0,0,0,0,2,0,0,NA,2,0,2,0,0,0,0,0,0,0,0,0,0,0,0,0,0,0,0,0,2,0,0,2,2,0,0,2,0,0,2,0,0,2,0,2,0,2,0,2,0,0,2,0,0,0,0,0,0,2,2,2,0,2,0,0,0,0,0,2,0,0,2,0,0,0,2,0,0,0,0,0,2,0,0,0,0,0,2,2,0,0,2,0,0,0,0,0,0,0,0,0,0,0,0,2,2,0,0,0,0,0,0,0,2,2,2,2,0,0,0,0,0,0,2,0,2,0,2,0,0,0,0,0,2,0,2,2,0,0,0,0,2,0,0,0,0,0,2,0,0,0,0,2,2,0,0,0,0,0,0,0,0,0,0,2,2,0,0,0,2,0,0,2,2,0,0,0,0,0,0,0,0,0,0,0,NA,0,0,2,0,0,0,0,2,0,0,0,0,0,0,2,0,0,0,0,0,0,0,0,0,0,0,0,2,0,2,0,2,0,0,0,0,0,0,0,0,2,0,0,2,0,0,0,0,0,0,0,0,2,0,0,0,0,0,0,0,0,0,2,0,2,0,0,0,2,NA,0,0,2,2,2,0,2,0,0,2,0,2,2,0,0,0,0,0,0,0,2,2,2,0,0,0,0,2,2,0,2,2,2,0,0,0,0,0,0,0,0,0,0,0,0,0,0,2,0,0,2,0,0,0,0,0,0,2,0,0,0,0,0,0,0,0,0,2,2,0,0,0,0,0,2,0,0,0,0,0,2,0,0,0,0,2,2,0,0,2,0,2,0,0,0,0,0,0,0,0,0,0,2,0,0,0,0,0,2,2,0,0,0,0,0,2,2,0,2,2,2,0,0,0,0,2,0,0,0,0,0,2,0,2,0,0,0,0,2,0,2,0,0,0,0,0,2,0,0,0,0,0,0,0,0,0,2,0,0,2,0,0,0,2,0,2,0,2,0,2,0,0,0,0,0,0,0,0,0,0,0,0,0,0,0,2,0,0,0,0,0,0,0,0,0,0,0,0,0,0,0,0,0,0,0,2,0,0,2,0,2,0,2,0,0,0,0,0,0,0,0,0,0,0,0,0,2,0,0,0,0,0,0,2,0,0,0,2,0,0,0,0,0,0,0,0,2,0,0,0,0,0,0,0,0,2,0,0,2,0,0,0,0,0,0,0,0,2,0,0,0,0,0,0,0,0,2,0,0,0,0,2,2,0,2,0,0,0,0,0,0,0,0,0,2,0,2,0,2,0,0,2,0,0,0,0,0,0,0,0,0,0,0,0,2,2,0,0,0,0,0,0,2,2,0,0,2,0,0,0,0,0,0,0,0,0,2,2,0,0,0,0,0,2,0,2,0,2,0,0,2,0,0,0,0,0,0,2,0,0,0,0,0,0,0,2,0,0,0,0,0,0,0,0,0,0,0,0,0,2,0,0,0,2,0,0,2,0,0,0,0,0,0,2,0,0,0,0,0,0,0,2,2,0,2,0,2,0,0,0,2,0,2,2,0,0,0,0,0,0,0,0,0,0,2,0,2,2,2,0,0,0,0,0,0,0,0,0,0,0,2,0,0,0,0,0,0,0,0,0,0,0,2,0,0,0,0,0,0,0,0,0,2,0,0,0,0,0,0,0,0,2,0,0,0,0,0,0,0,0,0,2,2,0,0,2,0,0,0,0,0,0,0,0,0,2,0,0,2,2,0,0,0,2,0,0,0,0,0,2,0,0,2,2,0,0,2,0,2,0,0,0,0,0,0,2,0,2,0,0,2,2,0,2,0,0,0,0,0,0,0,0,0,0,0,0,0,0,0,0,0,0,0,0,0,0,2,2,2,0,0,2,0,0,2,2,0,0,0,0,0,2,0,0,2,2,0,0,2,0,0,0,2,0,0,0,2,2,0,0,0,2,0,0,0,0,0,0,0,0,0,0,0,0,0,2,0,0,2,0,0,0,0,0,0,0,2,0,0,0,0,0,2,0,2,0,0,0,0,0,0,0,0,0,0,0,2,0,0,0,0,2,0,2,0,0,2,2,0,0,0,0,0,2,0,0,0,0,0,2,2,0,0,0,2,0,0,2,2,2,0,2,0,2,0,0,2,0,0,0,0,0,2,0,0,2,0,2,0,0,0,0,0,0,0,0,0,0,0,0,0,0,2,0,0,0,0,0,0,2,0,0,0,0,0,0,0,0,0,0,0,2,0,0,0,0,0,0,0,0,2,0,0,0,0,0,0,0,0,0,0,0,0,0,0,0,0,0,0,0,0,0,0,0,0,2,0,0,0,0,0,0,0,0,0,0,0,0,0,2,0,0,0,0,0,0,2,0,0,0,0,0,0,0,2,2,2,0,0,0,0,2,0,0,0,0,0,2,0,0,0,0,2,0,0,0,0,0,0,2,0,2,2,2,2,0,0,2,0,0,0,0,0,0,0,2,0,0,0,0,0,0,2,2,0,0,0,0,0,0,0,0,0,2,0,0,2,0,2,0,0,0,0,0,0,0,0,0,2,0,0,0,2,0,0,0,0,0,0,0,0,2,0,0,0,0,0,0,0,0,0,0,0,0,0,0,0,0,0,0,2,0,0,0,0,0,0,0,0,0,0,0,0,0,2,2,0,0,0,0,0,0,0,0,0,0,0,0,0,0,0,0,0,0,2,0,0,0,0,0,0,0,0,0,0,0,0,2,0,0,0,0,0,2,0,0,0,2,0,2,0,0,0,0,0,0,0,0,0,0,2,0,0,2,2,2,0,2,0,2,2,2,0,0,0,0,0,0,0,0,0,0,0,2,0,0,0,0,0,0,2,0,0,2,2,0,0,0,0,0,0,0,0,0,0,0,0,0,0,0,0,2,0,2,2,0,2,0,0,0,0,0,0,0,0,0,0,2,0,0,0,0,0,0,0,0,0,0,0,2,0,0,0,0,0,0,0,0,0,2,2,0,2,0,0,0,2,2,2,0,0,0,2,2,0,2,0,0,2,0,0,0,0,2,2,0,0,0,0,2,2,0,2,2,0,2,2,0,0,0,0,0,0,0,0,0,2,0,0,0,0,0,2,0,0,0,0,0,0,0,0,0,2,0,2,0,0,2,0,0,0,0,0,0,2,0,0,0,0,2,0,0,2,0,0,0,0,0,0,0,0,0,0,2,0,0,0,0,2,0,0,0,0,0,0,2,0,2,0,0,0,0,0,0,0,0,0,0,0,0,0,0,0,0,0,0,0,0,0,0,0,2,0,2,0,0,0,0,2,0,0,0,2,0,0,0,0,0,0,2,0,0,0,0,0,0,0,0,0,0,0,0,0,0,0,0,0,2,2,0,0,0,0,2,0,0,0,0,0,0,0,0,0,0,0,0,0,2,0,0,0,0,0,0,0,0,2,0,2,0,2,0,0,0,0,0,0,0,0,0,0,0,0,0,0,0,0,0,0,0,0,0,0,0,0,0,2,2,2,2,0,0,0,0,2,0,2,0,0,0,0,0,0,0,0,0,0,2,0,0,0,0,0,0,0,0,0,2,0,0,0,0,0,2,0,0,0,0,0,0,0,2,0,0,2,0,0,2,0,0,2,0,0,0,0,0,0,0,0,2,0,0,0,0,0,0,2,0,0,0,0,0,0,2,0,0,2,0,2,2,0,0,0,0,0,0,0,2,0,0,0,0,0,0,0,0,0,0,0,0,0,0,0,0,0,0,0,0,0,2,0,0,0,0,0,0,0,0,2,0,0,0,0,0,0,2,2,0,0,0,NA,2,0,0,0,0,0,0,0,0,0,0,0,0,0,0,0,0,0,0,0,0,2,0,0,2,0,0,0,2,2,2,2,0,0,0,0,0,0,0,0,0,0,0,0,0,0,0,0,0,0,0,0,0,0,0,0,0,0,0,0,0,2,0,0,0,0,0,0,0,2,0,0,0,0,0,0,0,0,0,0,0,0,0,0,2,0,0,0,2,0,0,0,0,0,0,2,2,2,0,0,0,2,0,2,2,2,0,0,0,0,0,0,0,0,0,0,2,0,0,0,0,0,0,0,0,0,0,0,0,0,0,0,0,0,0,0,2,0,0,0,0,0,0,2,2,0,0,0,0,0,0,0,0,2,0,0,2,0,0,0,0,0,0,0,2,0,0,0,0,0,0,0,2,2,2,2,0,2,2,0,0,2,0,2,0,0,0,2,2,0,2,0,0,2,0,0,2,2,0,0,0,0,0,0,2,2,0,0,2,0,0,0,2,0,0,0,0,2,0,0,0,2,0,0,0,0,0,0,0,2,0,0,0,0,2,0,0,0,0,2,0,0,0,0,0,0,0,2,0,0,2,0,0,2,0,0,0,0,0,0,0,0,0,0,2,NA,0,0,0,0,0,0,2,0,0,0,0,2,0,0,0,0,0,0,0,0,0,0,0,2,0,0,0,0,0,2,0,2,2,0,0,0,0,0,0,0,0,0,0,0,0,0,0,0,0,2,0,2,2,0,0,0,0,0,0,0,0,0,0,0,0,0,0,0,0,0,0,0,0,0,0,0,0,0,0,0,0,0,0,2,0,0,0,0,NA,2,0,0,0,2,0,0,0,0,0,0,0,2,0,2,0,0,0,0,0,2,0,0,0,0,2,0,0,0,0,2,0,0,2,0,0,0,0,0,0,0,0,2,2,2,0,0,0,0,2,2,2,0,0,0,0,0,2,0,2,2,0,2,0,0,2,0,0,0,0,2,0,0,2,2,0,2,0,0,0,2,0,2,0,2,0,0,0,0,0,0,0,2,0,0,2,0,2,2,0,2,0,2,2,0,0,0,0,0,0,0,0,0,2,0,0,0,2,0,0,2,2,0,0,2,0,0,0,0,0,0,0,0,0,0,0,0,0,0,0,0,2,2,NA,0,0,2,0,0,0,0,0,0,0,2,0,0,0,0,0,2,0,0,0,0,0,0,0,0,0,NA,0,0,0,0,0,0,0,0,2,2,0,2,0,0,0,0,0,2,0,2,0,0,0,0,0,0,0,0,2,2,0,0,0,0,0,0,0,2,0,0,2,0,2,0,0,2,0,2,0,0,0,0,0,0,0,0,2,0,0,0,0,0,0,0,0,0,0,2,0,0,0,0,2,0,0,0,0,0,0,0,0,0,0,0,NA,2,0,2,2,0,0,2,0,2,0,2,0,0,2,2,0,0,0,0,2,0,2,0,0,2,2,0,0,2,0,2,0,0,0,2,0,2,0,0,0,0,0,0,0,2,0,0,2,2,0,0,0,2,0,0,0,0,0,0,0,0,0,0,0,0,0,0,0,0,0,0,0,0,0,2,2,2,2,0,0,0,0,0,0,0,0,2,0,2,0,2,2,0,0,0,0,0,0,0,0,0,0,0,0,0,0,0,0,2,0,0,0,0,0,0,0,0,0,0,0,0,0,0,0,2,0,2,0,0,0,0,2,2,0,2,0,0,0,2,2,0,0,2,0,0,0,0,0,0,0,0,0,0,0,0,0,2,0,0,0,0,0,0,2,0,0,0,0,0,0,0,0,0,0,0,2,2,2,0,0,2,0,0,2,2,0,2,0,2,0,0,2,0,2,2,0,0,0,0,0,0,0,0,0,0,0,0,0,0,0,0,0,0,0,0,0,0,2,2,0,0,2,0,0,0,NA,0,0,0,0,2,0,0,0,0,2,0,0,2,0,0,0,2,0,0,0,0,2,2,0,0,0,0,0,0,2,0,0,0,0,0,0,0,2,2,0,0,0,0,2,0,0,0,2,0,0,0,0,0,0,0,0,0,0,2,0,0,0,0,0,2,0,0,0,0,0,0,0,0,0,0,0,0,0,0,2,0,0,0,0,0,0,0,2,0,0,0,0,0,0,2,0,0,0,0,0,2,0,0,0,2,0,0,0,0,2,0,0,0,0,0,0,0,2,2,0,0,0,0,0,0,0,2,0,0,0,2,0,0,0,0,0,0,2,2,0,2,0,0,0,0,0,0,2,2,2,0,0,0,0,0,0,0,0,0,0,0,0,0,2,0,2,0,0,0,0,0,2,0,0,0,0,2,0,0,0,0,2,0,2,2,0,2,0,0,2,2,0,0,0,0,0,0,2,0,2,0,2,2,0,0,2,2,0,0,0,NA,2,0,2,2,0,0,0,2,0,0,2,2,0,0,0,0,2,0,0,0,2,2,2,2,0,0,NA,0,0,0,0,0,2,0,0,0,0,0,0,0,0,2,0,2,0,2,2,0,0,0,2,0,2,2,0,0,0,0,0,0,0,2,0,0,0,0,0,0,0,0,2,0,2,2,2,2,0,0,2,0,0,2,2,0,0,0,0,0,0,0,0,0,0,0,0,2,0,0,0,2,0,0,0,2,0,0,0,0,0,0,0,2,0,2,0,0,0,0,0,2,0,2,2,0,0,0,2,2,0,2,2,0,2,2,2,0,0,NA,0,0,2,0,0,0,0,0,2,0,0,0,0,0,2,0,2,0,0,0,0,0,0,0,0,0,0,0,2,0,0,2,0,0,0,0,0,0,2,0,0,2,0,0,0,0,0,0,0,0,0,2,0,0,0,0,2,0,0,0,0,0,2,0,0,0,0,0,0,0,2,0,2,0,2,2,0,2,0,0,0,2,0,2,0,2,0,0,0,0,2,0,0,2,0,0,0,0,0,0,2,2,2,0,2,0,0,0,0,NA
"CC33",0,2,0,0,0,0,0,0,2,0,2,0,0,0,0,2,0,0,0,0,0,0,0,2,0,0,0,0,0,2,0,2,0,0,0,2,0,0,0,0,0,0,0,0,0,0,2,0,0,0,0,0,0,0,0,2,0,0,0,0,0,2,0,0,2,2,0,0,0,0,0,2,0,0,0,0,0,0,0,0,0,0,0,0,0,0,0,0,0,0,0,0,0,0,0,2,0,0,0,0,0,0,0,0,0,0,0,0,0,0,2,2,0,0,0,0,0,0,0,2,0,2,2,0,0,2,0,2,2,0,0,0,0,0,0,0,0,0,0,0,0,0,2,0,0,0,0,2,0,2,0,0,0,0,0,2,0,0,0,0,0,0,0,0,0,2,0,0,2,0,0,0,0,2,0,0,0,0,0,0,0,0,2,0,2,0,0,2,0,2,2,2,2,2,2,0,0,2,0,0,0,0,0,0,0,0,0,0,0,2,0,0,0,0,0,0,2,0,0,0,0,0,0,0,2,2,0,0,0,0,0,0,0,0,0,0,0,0,0,0,0,0,0,0,0,2,2,0,0,2,0,0,0,0,0,0,0,0,0,0,0,0,0,0,0,0,2,2,0,2,0,0,0,0,2,0,2,2,2,0,0,0,0,0,0,0,0,2,0,0,0,2,2,0,0,0,0,0,0,0,0,0,0,0,0,0,2,0,2,2,0,0,0,0,0,0,0,0,0,2,0,0,NA,0,0,0,2,0,2,0,0,0,2,0,0,0,0,0,0,0,0,0,0,0,0,0,0,0,0,0,2,2,0,0,0,0,0,2,0,0,0,0,0,0,0,0,0,0,0,2,0,0,0,0,0,0,0,0,0,0,0,0,0,0,0,0,0,0,0,0,0,0,0,0,0,0,0,0,0,0,0,0,2,0,0,0,0,0,0,0,0,0,0,0,0,0,0,2,0,0,0,2,0,0,2,2,0,2,0,2,0,0,0,2,0,0,0,0,0,0,0,0,0,0,0,0,0,0,0,0,0,0,0,0,0,0,0,0,2,2,2,2,0,0,0,0,0,2,0,0,0,2,0,0,0,2,0,0,0,2,0,0,0,0,2,0,2,2,0,0,0,0,0,0,2,2,2,0,0,0,0,0,0,0,2,0,0,0,2,2,0,2,2,0,0,0,2,0,0,0,0,2,0,0,0,0,0,NA,0,0,2,2,0,0,0,2,0,2,0,2,0,0,0,0,0,0,2,0,0,2,0,0,0,2,0,0,0,0,0,0,0,2,0,0,0,0,2,0,0,0,0,0,0,0,0,0,0,0,0,2,0,0,0,0,0,0,0,0,0,0,0,0,0,0,2,0,2,0,2,0,0,0,0,0,0,0,0,0,2,0,0,0,0,0,0,0,2,0,0,0,0,0,0,0,0,0,0,0,0,0,0,0,0,2,2,0,0,0,0,0,0,0,2,0,2,0,0,2,0,2,0,0,0,0,0,0,0,0,0,0,0,0,0,0,0,0,0,0,0,0,0,0,2,0,0,0,0,0,0,0,0,0,0,0,2,0,0,2,0,0,0,0,0,2,0,0,0,2,2,0,0,0,0,0,2,0,0,0,2,0,0,0,2,2,0,2,0,0,0,0,0,0,0,2,0,0,0,0,0,0,0,2,0,0,0,0,0,0,0,0,0,0,0,0,0,0,2,0,0,2,0,2,2,0,0,0,0,2,0,0,0,0,2,0,0,0,0,0,2,0,0,0,0,0,2,0,0,2,2,0,0,2,0,2,0,2,0,2,2,0,0,0,2,2,2,2,0,0,0,0,0,0,2,2,2,2,2,2,2,0,0,0,0,0,0,0,0,0,2,0,0,0,0,0,0,2,0,0,0,0,0,0,0,0,0,0,2,0,0,0,2,2,0,2,0,0,0,0,0,2,0,2,2,0,2,0,0,2,0,2,2,0,0,0,0,0,2,0,0,2,0,0,0,2,0,0,0,0,0,0,2,0,0,0,0,0,0,0,2,0,0,2,2,0,0,0,2,0,0,0,0,0,2,0,0,0,0,2,0,0,0,2,0,0,0,2,0,2,0,0,2,0,0,0,0,2,0,2,0,0,0,0,0,0,0,0,0,0,0,0,0,0,0,2,2,0,0,2,2,0,2,2,2,2,0,0,0,0,0,0,2,0,0,0,0,0,2,0,0,2,0,0,0,0,0,0,0,2,0,0,0,0,0,0,0,0,2,0,0,0,0,2,2,0,0,0,2,0,0,0,0,0,0,0,0,2,0,2,2,0,0,0,0,0,0,2,0,0,0,0,0,0,0,0,NA,0,0,0,0,2,2,0,0,0,0,0,2,2,0,0,0,0,0,0,0,2,0,0,2,0,0,0,0,0,2,0,2,0,0,0,0,0,0,0,0,0,0,0,0,0,0,0,0,0,0,0,2,2,0,0,0,0,0,0,0,2,0,0,0,0,0,0,0,2,0,0,0,0,0,0,0,0,0,0,0,0,0,0,0,0,0,0,0,0,0,0,2,0,2,0,2,0,0,0,0,0,0,2,0,2,0,0,0,0,0,0,0,2,2,2,0,0,0,NA,0,0,0,0,0,0,0,0,2,0,0,0,0,0,0,0,0,0,0,0,2,2,0,0,0,2,2,2,2,0,0,0,0,0,0,0,0,2,0,0,0,0,0,0,0,0,0,2,0,0,0,2,0,0,0,0,0,2,0,0,2,NA,0,0,0,2,0,0,0,0,NA,0,0,0,0,0,0,2,2,0,0,0,0,0,0,2,0,0,0,0,0,0,2,0,0,0,0,2,0,0,0,0,0,0,2,0,2,0,0,0,0,0,2,0,0,2,0,0,0,0,2,0,0,2,0,0,0,0,0,2,0,0,0,0,2,0,0,2,2,0,2,2,0,0,0,0,0,0,2,0,2,0,0,0,0,0,0,0,2,0,0,2,0,0,0,0,0,0,0,0,2,0,0,2,2,0,0,0,0,0,0,0,0,0,0,0,0,2,0,0,0,0,0,0,0,0,0,0,2,2,0,0,0,2,0,0,0,0,0,2,0,2,2,0,0,0,0,0,2,0,2,2,0,0,0,2,2,0,0,0,2,0,0,2,0,0,2,0,0,2,2,0,0,0,0,2,0,2,0,2,0,0,0,0,2,0,0,0,0,0,0,0,0,0,2,2,0,0,0,0,0,0,0,0,0,0,0,0,0,2,2,0,0,0,0,0,0,0,2,2,2,0,2,0,0,0,0,0,0,0,0,0,0,0,0,0,0,0,0,0,2,0,0,0,2,2,0,0,0,0,0,2,0,2,0,0,0,2,0,0,0,0,0,2,0,2,0,0,0,0,0,2,0,2,0,0,2,0,0,0,0,0,0,0,2,0,2,0,0,0,0,0,0,0,0,0,0,0,0,0,0,2,0,0,0,0,0,0,0,0,0,0,2,0,0,2,0,0,0,0,0,0,2,0,0,0,2,0,0,0,0,2,0,2,0,2,2,0,0,0,0,0,0,0,2,0,0,0,0,0,0,2,0,0,0,0,0,0,2,0,0,0,0,0,0,0,0,0,0,2,0,0,0,0,0,2,0,0,0,2,0,0,2,0,0,0,2,2,0,0,2,2,0,0,0,2,0,0,0,0,0,0,0,0,0,2,0,0,0,0,2,2,0,0,0,0,2,2,2,0,0,2,2,2,0,0,0,0,0,0,2,0,0,0,0,0,0,2,2,0,0,0,0,0,0,0,0,2,0,2,0,0,2,2,0,0,0,0,2,2,0,0,0,0,2,0,0,0,0,0,0,2,0,0,0,2,2,0,NA,0,0,0,0,0,0,0,0,0,0,0,0,2,0,0,2,2,2,0,0,0,2,0,2,0,0,0,0,2,2,0,2,0,0,0,0,2,0,0,0,0,0,0,0,0,0,0,2,0,0,0,0,0,0,0,0,2,0,2,0,0,0,0,2,0,0,0,0,2,0,0,0,0,0,0,0,0,2,NA,0,0,0,0,0,2,0,0,2,0,0,0,0,0,0,0,0,0,0,0,0,0,0,0,0,0,0,0,0,2,0,0,0,0,0,0,0,0,0,0,2,0,0,0,0,0,2,2,0,0,0,0,0,0,0,0,0,0,0,2,2,0,0,0,0,0,0,0,0,0,2,2,0,0,2,0,0,0,0,2,0,0,0,0,0,2,2,2,0,0,0,2,0,0,0,0,2,0,2,0,0,0,0,0,0,2,0,0,0,0,2,0,0,0,0,0,0,NA,0,0,0,0,0,0,0,0,0,0,0,0,0,2,0,0,0,0,0,2,0,0,2,0,0,0,0,0,0,0,0,2,0,0,0,0,2,0,0,0,0,0,0,2,2,0,0,0,0,0,0,0,2,0,0,0,2,0,0,0,0,0,2,0,0,0,0,0,0,0,0,0,0,0,0,0,0,0,0,0,0,0,0,0,0,2,0,2,0,0,0,0,0,0,0,0,0,0,2,0,0,0,0,0,0,2,0,0,0,2,0,0,0,0,0,0,0,0,2,0,0,0,0,2,0,0,0,0,0,0,0,2,0,0,0,2,0,0,0,0,0,2,0,0,2,0,0,0,0,0,0,0,0,0,2,0,0,2,0,0,0,0,0,0,2,0,0,0,0,0,0,0,0,0,0,0,0,0,0,0,0,0,0,0,2,0,0,2,0,0,2,0,0,0,0,0,0,2,0,0,0,0,2,0,0,0,0,2,0,0,0,0,2,0,0,0,2,2,2,0,0,0,0,0,0,2,0,0,0,0,0,2,0,2,0,0,0,0,0,0,0,0,0,0,0,0,0,0,0,0,0,0,2,2,0,0,0,0,0,0,2,0,2,0,0,0,0,2,0,0,0,0,2,0,2,0,2,0,0,0,0,0,2,0,0,0,0,0,0,0,2,0,0,0,0,0,0,0,2,0,2,0,2,0,0,0,0,0,0,0,0,0,2,0,0,0,0,2,0,2,2,0,2,0,0,0,2,2,0,0,0,0,0,0,2,0,NA,0,2,2,0,0,0,0,2,0,0,2,0,0,0,2,0,0,0,0,0,0,0,0,0,0,0,2,0,0,0,0,2,0,2,2,0,0,0,2,0,0,0,0,0,2,0,0,2,0,2,0,0,2,0,0,0,0,0,0,0,0,2,2,0,2,0,0,0,0,0,0,0,0,0,0,2,0,0,2,0,0,2,0,0,0,0,0,0,2,0,0,0,2,0,0,0,0,0,0,0,0,0,0,0,0,0,0,0,0,0,0,0,0,0,0,0,0,0,0,2,2,0,0,0,0,0,2,0,2,0,2,0,0,2,0,0,0,2,2,0,0,0,2,0,0,0,0,0,0,0,2,0,2,0,2,0,0,2,0,0,0,2,0,0,0,0,0,0,0,0,2,2,0,2,2,0,0,0,0,0,0,0,0,0,0,0,0,0,0,0,0,0,0,0,0,0,2,0,0,0,0,0,0,0,0,0,0,0,0,0,0,0,2,0,0,0,0,0,0,2,0,0,0,0,0,0,0,0,0,0,0,0,0,2,0,0,0,0,0,0,0,0,0,0,0,0,0,2,0,2,0,0,0,0,0,2,0,0,0,2,2,2,0,0,2,2,0,0,0,0,0,0,0,0,0,2,0,2,0,0,0,0,2,2,0,0,0,0,0,0,0,0,0,0,0,0,2,0,2,0,0,0,0,0,0,2,2,0,2,0,0,0,2,2,2,0,0,2,2,2,0,2,0,0,0,0,0,0,0,0,0,0,2,0,0,0,0,2,0,0,0,0,2,0,2,0,0,0,0,0,2,2,2,0,2,0,0,0,0,2,0,0,0,2,0,0,2,0,0,0,2,0,0,0,0,0,0,0,0,0,2,0,0,0,0,0,0,0,0,0,0,2,0,0,0,0,0,0,0,2,0,2,2,0,0,0,0,0,2,0,2,0,0,2,0,0,0,0,0,0,2,0,0,2,0,0,0,0,NA,0,2,0,0,0,2,0,2,0,0,2,0,0,0,0,0,0,0,2,0,0,0,0,0,0,0,0,0,0,0,0,0,2,0,0,0,0,0,0,2,2,2,0,0,0,0,0,2,0,0,0,0,0,0,2,0,2,0,0,0,0,0,0,0,0,0,2,0,0,0,2,2,0,0,2,2,2,0,2,0,0,0,0,0,2,0,0,0,0,2,0,0,0,2,2,2,0,2,0,2,0,0,0,0,0,0,0,0,0,0,0,2,0,0,0,0,2,0,0,2,0,0,0,0,0,0,0,0,2,0,2,0,0,0,2,0,0,2,2,0,0,0,2,2,2,2,0,2,0,0,0,2,0,0,2,2,2,0,0,0,0,2,0,0,2,0,2,0,2,2,0,0,0,0,0,2,0,2,0,2,0,0,0,0,0,0,0,0,0,0,0,0,0,0,0,0,0,2,0,0,0,0,0,0,0,0,0,0,0,0,0,0,0,0,2,2,0,0,0,0,0,0,2,0,0,2,0,0,0,0,0,0,2,0,2,0,0,0,2,2,0,0,0,0,0,0,0,0,0,2,0,0,0,0,0,0,0,0,0,2,2,0,0,0,0,0,0,0,0,0,0,2,2,0,0,0,0,0,0,0,0,0,0,2,0,0,0,0,0,0,0,0,0,0,2,0,0,0,0,0,0,2,0,2,0,0,0,0,0,0,0,0,0,2,2,0,0,0,0,0,0,0,0,0,0,0,0,0,0,0,0,0,0,0,0,0,0,0,0,0,0,0,2,0,0,0,0,0,0,0,2,0,0,0,0,0,0,0,0,2,0,0,0,0,0,2,0,0,0,0,0,0,2,0,0,0,0,0,0,0,0,0,0,0,0,0,2,0,2,0,0,0,0,0,0,0,2,0,0,0,0,0,0,0,0,2,0,2,0,2,2,0,0,0,2,0,0,0,2,0,0,0,2,0,0,0,0,0,0,0,0,0,0,0,0,0,2,0,0,0,0,2,0,0,0,2,2,0,2,0,0,0,0,0,2,2,2,0,0,0,0,2,0,2,0,0,0,0,0,0,2,0,0,2,0,2,0,0,2,0,0,0,0,0,2,2,0,0,2,0,0,2,2,2,2,2,2,0,0,0,0,0,0,2,0,0,0,0,2,0,0,0,0,0,0,0,0,0,0,2,0,0,0,0,0,0,0,0,0,0,0,0,0,0,2,0,0,0,0,0,0,2,0,0,0,0,0,0,0,0,0,0,0,2,0,0,0,0,0,0,0,0,2,0,0,2,0,0,0,0,0,0,0,0,0,0,0,0,0,0,0,0,0,0,0,0,0,0,0,0,0,0,2,0,0,0,0,0,0,0,0,0,0,0,0,0,0,0,2,0,0,0,0,0,2,0,0,2,2,0,0,0,0,2,2,0,0,0,0,0,0,0,0,0,0,0,0,0,0,0,2,0,0,0,2,0,2,0,0,0,0,0,2,0,2,2,0,2,0,2,0,0,0,0,0,0,2,0,0,2,0,2,0,0,0,0,0,0,2,0,0,0,0,0,0,0,0,0,0,0,2,2,2,2,2,0,0,0,0,0,0,2,0,2,2,0,0,0,0,0,0,0,0,0,0,0,0,0,0,0,0,0,2,0,0,0,0,0,0,0,0,0,0,0,0,0,2,2,0,0,0,0,0,2,0,0,0,0,2,0,0,0,0,0,0,2,0,0,0,0,0,2,2,0,0,0,0,0,0,0,0,0,0,2,2,0,0,0,2,0,0,0,2,0,0,0,0,0,0,0,0,0,0,0,2,2,0,0,0,0,2,0,0,0,2,0,0,0,0,0,0,0,0,0,0,0,0,0,0,0,0,0,0,0,2,0,0,0,0,0,0,0,0,0,0,0,0,0,0,0,0,0,0,0,0,0,0,0,0,0,0,0,0,0,0,0,0,0,0,2,0,2,2,0,0,0,2,0,0,0,0,0,0,0,0,0,0,2,0,0,0,0,2,0,0,0,0,0,2,2,0,0,0,0,2,2,0,2,0,0,0,0,0,0,0,0,2,0,0,0,0,0,0,0,0,0,0,0,0,0,0,0,0,0,0,0,2,0,2,0,0,0,0,0,0,0,0,0,0,0,0,0,0,0,0,2,2,0,0,2,0,0,0,0,0,0,2,0,2,0,2,2,0,0,2,0,0,0,0,0,2,0,0,0,0,0,0,0,0,0,0,0,0,0,2,0,0,0,0,0,0,0,0,0,0,0,0,2,2,0,2,2,0,0,0,0,0,0,0,0,0,0,0,0,0,0,0,0,0,0,2,0,0,0,2,0,0,0,0,0,0,2,0,0,0,0,0,0,0,0,2,0,0,0,0,0,0,0,0,2,2,0,0,2,0,2,0,0,0,0,0,0,0,0,0,0,0,0,0,0,0,0,0,0,0,0,0,2,2,0,2,0,2,0,0,0,0,0,0,0,0,0,0,0,0,0,0,0,0,0,0,0,0,0,0,0,0,0,2,2,0,0,0,2,0,0,0,0,2,0,0,0,0,0,0,0,0,0,0,2,2,0,0,0,0,0,0,0,0,0,2,0,0,0,0,0,0,0,2,0,0,0,0,2,0,0,2,0,0,0,2,0,0,2,0,2,0,0,2,2,0,0,0,0,0,0,0,0,0,2,0,0,0,0,0,2,0,0,0,0,0,0,0,0,0,2,0,0,0,0,0,0,0,0,0,0,0,0,0,0,0,0,0,0,0,0,0,0,0,0,0,0,0,0,0,0,0,0,0,0,0,0,0,0,0,0,2,0,2,0,0,0,0,0,0,0,0,0,0,0,0,0,0,0,0,0,0,0,0,0,0,0,2,0,0,2,2,2,0,2,0,2,2,2,2,2,0,0,0,0,0,0,0,0,0,0,0,0,0,0,0,0,0,0,0,0,0,0,0,0,0,0,0,0,2,0,0,0,0,0,0,0,2,0,0,0,0,0,0,2,0,2,0,0,0,0,0,2,0,0,0,2,0,0,2,0,0,0,0,0,0,0,0,0,0,0,0,0,0,0,0,0,0,0,0,0,0,0,0,0,0,0,0,0,0,0,0,0,2,0,0,0,0,0,0,0,0,0,0,2,0,0,0,0,0,0,2,0,0,0,0,0,0,0,0,2,2,2,0,0,0,0,0,0,0,0,0,2,0,0,0,0,0,0,0,2,2,2,2,0,0,0,0,0,2,2,0,0,0,0,2,0,0,0,0,0,0,0,0,0,2,0,0,0,0,0,0,2,2,0,0,2,0,2,0,0,0,0,0,0,0,0,0,0,0,0,2,0,0,0,0,0,0,0,0,0,0,0,0,0,2,2,2,0,0,0,0,0,2,2,2,0,0,0,2,2,2,0,0,0,0,2,0,0,0,0,0,0,0,0,0,0,2,0,0,2,0,0,0,0,2,0,0,0,0,0,0,2,0,0,2,0,2,0,0,0,0,0,0,0,2,0,0,0,0,0,0,0,0,0,2,0,2,0,0,0,0,0,0,0,0,2,2,0,0,0,0,0,0,0,0,0,0,0,0,2,0,0,0,0,0,0,0,2,0,0,0,0,0,0,0,0,0,0,0,0,0,0,2,0,0,0,0,0,0,0,0,0,0,0,0,0,2,0,0,0,0,0,0,0,0,0,0,2,0,0,0,0,0,0,2,0,0,0,2,0,0,0,0,0,0,0,0,0,2,2,0,0,0,0,0,0,0,0,0,0,0,0,0,2,0,2,0,0,0,0,0,0,0,0,0,0,0,0,0,2,2,2,0,0,2,0,2,0,0,0,0,0,0,0,2,2,0,2,2,2,0,0,0,0,0,0,0,0,0,0,0,0,0,0,0,0,0,0,2,0,0,0,2,0,0,0,0,0,0,0,0,0,0,0,0,0,0,0,0,0,0,0,0,2,0,0,2,2,0,0,0,0,0,0,0,0,0,0,0,2,2,0,0,0,0,0,0,0,0,2,0,0,2,0,0,0,0,0,0,2,0,0,0,0,2,0,0,0,0,0,0,0,0,0,0,2,0,0,0,0,0,0,0,0,0,0,0,0,0,0,0,0,0,0,0,0,0,0,2,0,2,0,0,2,0,2,0,2,0,0,0,2,0,0,2,0,0,2,0,0,0,2,0,0,0,0,0,0,0,2,0,0,0,0,0,0,0,0,0,0,0,2,0,0,2,0,2,0,0,0,2,2,0,0,0,0,0,0,0,0,2,0,0,0,0,0,0,0,0,0,0,0,0,0,0,0,0,0,0,0,0,0,0,0,0,2,0,0,0,0,0,0,0,0,0,0,0,0,0,2,0,0,0,0,0,2,0,0,0,0,2,0,0,0,0,0,0,0,0,0,0,0,0,0,0,2,0,0,0,0,0,0,0,0,0,2,0,0,2,0,0,0,0,0,0,2,0,0,0,0,0,0,0,0,0,0,0,2,0,0,0,0,0,0,2,0,2,2,2,0,0,0,2,0,0,2,0,0,0,0,2,0,0,0,0,0,2,0,0,0,0,0,0,0,0,0,0,0,2,2,0,2,0,0,2,0,0,0,0,0,0,2,2,0,2,0,0,0,0,0,0,0,0,0,0,0,0,0,0,0,0,2,0,0,0,0,0,0,0,0,0,0,0,0,0,0,0,0,2,2,0,2,2,0,0,0,0,0,0,2,0,0,0,0,0,0,0,0,2,0,0,0,0,2,0,0,0,0,0,2,2,0,0,0,0,2,0,0,0,0,0,0,0,0,2,0,0,0,0,0,0,0,0,0,0,0,0,0,0,0,0,0,0,0,0,0,0,0,0,0,0,2,0,0,0,2,0,0,0,2,0,2,0,0,0,0,2,0,0,0,0,0,0,0,0,0,0,0,0,2,0,0,0,0,0,0,0,0,0,0,0,2,0,0,2,0,0,0,0,0,0,0,0,0,0,0,0,0,0,0,0,2,2,0,0,0,0,0,0,0,0,0,0,0,2,0,0,0,0,0,0,2,0,0,0,0,0,0,0,0,0,0,2,2,0,0,0,0,2,0,0,0,0,0,2,0,0,0,0,0,0,2,0,0,0,0,0,2,2,0,2,0,0,0,0,2,0,0,0,0,2,0,0,0,2,0,0,0,0,2,0,0,0,0,0,0,0,0,0,2,0,0,2,0,0,0,0,2,0,0,0,0,0,0,2,0,2,0,0,0,0,2,0,0,0,0,0,0,0,2,0,2,0,2,2,0,0,0,0,0,0,2,2,0,0,NA,2,0,0,2,0,0,0,0,0,0,0,2,0,2,0,2,0,0,0,0,0,0,0,0,0,0,0,0,0,0,0,0,2,2,0,0,0,0,0,0,2,0,0,0,0,0,0,0,0,2,0,0,0,0,0,0,2,0,0,2,0,0,0,0,0,2,2,0,0,0,2,0,0,2,2,0,2,0,0,0,0,0,0,0,0,0,2,0,0,0,2,0,0,0,0,0,2,0,2,0,0,0,0,0,NA,0,0,2,0,0,0,0,0,0,0,0,2,0,0,0,2,2,0,2,0,0,0,0,0,0,0,0,0,0,0,0,0,2,0,0,0,0,0,0,0,0,0,0,0,2,0,2,2,0,0,2,0,0,0,0,0,0,0,0,0,0,0,0,0,0,0,0,0,2,0,0,0,0,0,0,0,0,0,0,0,0,0,0,0,2,0,0,0,0,0,0,0,0,0,0,0,0,0,0,0,2,2
"CC34",0,0,0,0,0,0,0,0,0,0,0,0,0,0,0,2,0,0,0,2,2,0,0,0,2,0,0,0,0,0,0,0,2,0,0,0,2,0,0,0,0,0,0,0,0,0,0,2,0,0,0,0,0,0,0,0,2,0,0,0,0,2,0,2,0,0,0,0,0,0,2,0,0,0,0,0,0,0,0,2,0,2,0,0,0,0,0,0,2,0,0,0,0,0,0,0,0,0,0,0,2,2,0,0,2,0,0,0,0,0,0,2,0,0,0,0,0,0,0,0,0,0,2,0,0,0,0,0,2,0,0,0,0,0,0,0,0,0,0,0,0,0,0,0,0,0,2,0,0,0,0,0,0,0,0,2,2,0,0,0,0,0,2,0,0,2,2,0,0,0,0,0,2,0,0,0,0,0,0,0,0,0,0,2,2,0,0,0,0,0,2,2,2,0,0,0,0,2,0,0,0,0,0,0,0,2,0,0,0,0,0,2,0,0,0,2,2,0,0,0,0,0,NA,2,0,2,0,0,0,2,0,0,0,0,0,0,2,0,0,0,2,0,0,0,2,0,0,0,0,0,0,0,0,2,0,0,0,0,0,0,0,2,0,0,0,0,2,0,0,0,0,0,0,0,2,0,2,2,2,0,2,0,0,0,0,0,0,2,0,0,0,2,2,0,0,2,0,0,0,2,0,0,0,2,2,0,2,0,2,0,0,0,0,0,0,0,0,2,0,0,0,0,0,0,0,2,0,0,2,0,0,0,0,0,0,0,0,0,2,0,0,0,0,0,0,0,0,0,0,0,0,0,0,0,0,0,0,0,0,0,0,0,0,0,0,2,0,0,0,0,0,0,2,0,0,0,0,0,0,0,0,0,0,0,0,0,2,0,2,0,0,0,0,0,0,0,0,0,2,0,0,0,0,0,0,0,0,0,0,0,0,0,0,0,0,2,0,0,0,0,0,0,0,0,2,0,0,2,2,0,0,0,2,0,0,0,0,0,0,2,0,0,0,0,0,2,0,2,0,0,0,0,0,0,2,0,0,0,0,0,0,0,0,0,0,0,0,0,0,0,0,0,0,0,0,0,0,0,0,0,0,0,0,2,0,2,0,0,2,0,0,2,0,0,0,0,2,0,0,0,2,0,0,2,0,0,0,0,2,0,0,2,0,0,0,0,0,0,2,2,0,2,0,0,0,0,2,2,0,0,0,0,0,0,2,2,0,2,2,0,2,0,0,0,0,0,0,0,0,2,2,0,0,2,0,2,0,0,0,0,0,0,0,2,0,0,0,0,0,2,0,0,0,0,2,0,2,2,2,0,2,2,0,0,0,0,0,0,2,0,0,2,0,2,2,0,0,0,2,0,0,0,2,0,0,0,0,0,2,0,0,0,0,0,2,0,0,0,0,0,0,0,0,0,0,0,0,0,0,0,0,0,0,2,2,0,0,0,0,2,0,0,0,0,0,0,0,0,0,0,0,0,0,0,0,2,2,0,0,0,0,0,0,2,2,0,0,0,0,2,0,0,2,0,0,0,2,0,0,0,0,0,0,0,2,0,0,0,0,2,0,0,0,0,0,0,0,0,2,0,0,0,2,0,0,0,0,0,2,0,0,0,0,0,0,0,0,2,0,0,0,0,0,0,0,0,0,0,0,0,0,0,0,0,0,0,0,0,0,0,0,0,0,2,0,0,0,0,2,0,0,0,0,0,0,0,0,0,0,0,0,0,0,2,2,0,0,0,2,0,0,0,0,0,0,0,2,0,0,0,0,0,2,0,0,0,0,2,2,0,0,0,0,2,0,0,0,0,0,0,0,0,0,0,0,0,0,2,0,0,2,0,0,0,0,0,0,0,0,0,0,2,2,0,0,0,2,0,0,0,2,0,0,2,0,0,0,0,0,0,2,0,0,0,0,0,0,0,0,0,0,0,2,0,0,0,0,0,0,0,2,0,0,0,0,0,0,2,0,0,0,0,0,2,0,2,2,0,0,0,0,0,0,0,2,2,0,0,0,0,0,0,0,0,0,0,2,0,0,0,0,0,2,0,0,0,0,2,0,0,2,2,0,0,0,0,0,0,2,0,2,0,0,0,0,0,0,0,0,0,0,0,0,0,2,2,0,0,0,0,0,0,0,0,0,0,0,0,2,0,0,2,2,0,0,0,0,0,0,0,0,0,0,0,2,0,0,0,0,0,0,0,0,2,0,0,0,0,0,0,0,0,0,0,2,0,0,0,0,0,0,0,0,0,0,0,0,0,0,0,0,0,0,0,0,0,2,0,2,0,0,0,0,0,0,2,0,0,0,0,0,0,0,0,0,0,2,0,0,2,2,0,0,0,0,2,0,0,0,0,0,0,0,0,0,0,0,2,0,0,0,0,0,0,0,2,0,0,0,0,0,0,0,0,0,0,0,0,2,0,0,0,0,0,2,0,2,2,2,0,2,0,0,0,0,0,2,0,0,0,0,0,0,0,2,0,0,0,0,2,0,0,0,0,0,0,0,2,2,0,0,0,0,0,0,0,0,0,0,2,0,0,0,0,0,0,0,0,0,2,2,2,0,0,0,2,0,0,0,2,0,2,0,2,2,0,0,0,2,2,0,0,2,0,0,0,0,0,0,2,2,2,0,0,0,0,0,0,0,0,2,2,0,0,0,0,0,0,0,0,2,0,0,0,0,0,0,0,2,0,0,0,0,0,0,0,0,0,0,0,0,2,0,0,0,0,0,0,0,0,0,0,0,0,0,0,0,0,0,0,0,0,0,0,0,0,0,2,0,0,0,0,0,0,0,0,2,0,0,0,0,2,0,0,2,0,2,2,2,2,2,0,0,0,0,0,2,2,0,0,0,0,0,0,2,0,0,0,0,0,0,0,0,0,0,0,0,0,0,0,0,2,2,0,2,0,0,0,0,0,0,0,2,0,0,0,0,0,0,0,0,0,2,0,0,0,0,0,0,0,0,0,0,0,2,0,0,2,0,0,0,0,2,0,0,0,2,0,0,0,0,0,0,0,0,0,0,0,0,2,2,0,0,2,0,0,0,2,0,0,2,0,0,0,0,0,0,0,2,0,0,0,2,0,0,0,0,0,0,0,0,2,0,0,0,0,2,0,0,0,0,0,0,0,0,0,0,0,0,2,0,0,0,0,0,0,0,0,2,0,0,0,0,0,0,0,0,0,2,0,0,0,0,2,2,0,0,0,0,0,0,0,0,0,0,0,0,0,0,0,0,0,2,2,0,0,2,0,2,0,0,0,0,2,0,0,0,0,2,2,0,0,0,0,2,0,0,0,0,2,0,0,0,0,2,2,0,2,0,0,0,0,0,0,0,0,0,0,0,0,0,0,0,0,0,2,0,0,0,0,0,0,0,0,0,0,0,2,0,0,0,0,0,0,0,0,0,0,0,0,0,0,0,2,0,0,2,0,0,2,2,0,2,0,0,2,2,0,0,0,0,0,0,0,0,0,0,0,0,0,0,0,0,0,0,0,0,0,0,0,0,0,0,0,0,0,0,0,0,0,0,0,0,0,2,0,0,0,0,0,0,2,2,0,0,0,0,0,0,0,0,2,0,2,0,0,0,0,0,2,0,0,0,0,0,2,2,0,0,0,0,0,0,0,2,0,0,0,0,2,0,0,0,0,0,0,0,0,0,2,0,0,0,2,0,0,0,0,2,0,2,2,0,0,0,2,2,2,0,0,0,2,0,0,0,0,0,0,0,0,0,2,2,0,0,0,0,2,0,0,0,2,0,0,0,2,2,0,0,0,2,0,0,0,0,0,0,0,2,0,2,0,0,0,0,0,0,0,2,0,0,0,NA,0,0,0,2,0,0,0,0,0,0,0,0,2,0,0,0,0,2,0,0,0,2,2,2,0,0,2,0,2,0,0,0,0,0,0,0,0,0,2,2,2,0,NA,0,0,0,0,0,0,0,0,0,0,0,0,0,2,0,2,0,2,2,2,0,0,0,0,0,0,2,2,0,0,2,0,0,0,2,2,0,2,2,0,0,0,0,0,2,0,0,0,0,0,0,0,2,2,0,0,0,2,0,0,0,0,0,0,0,2,2,0,0,0,0,0,2,0,2,0,0,2,0,0,0,0,2,2,0,0,0,0,0,0,0,0,0,0,0,0,NA,0,0,0,0,0,0,0,0,0,2,2,0,0,2,0,0,0,2,0,0,0,0,0,0,2,0,2,2,0,0,2,2,0,0,0,0,0,0,0,0,0,0,0,0,2,0,0,0,0,2,0,0,0,0,0,0,2,0,0,0,0,0,0,0,0,0,0,0,0,0,0,0,0,0,2,0,2,0,0,2,0,0,0,0,0,0,0,0,NA,0,0,0,0,2,0,2,0,0,0,2,2,2,0,0,2,0,0,2,0,0,0,0,0,0,0,0,0,0,0,0,0,0,0,0,0,2,0,0,0,0,0,0,2,0,0,0,0,2,0,2,2,0,0,0,2,0,0,0,0,0,2,0,0,0,0,0,0,0,0,2,0,0,0,0,2,0,0,0,0,0,0,2,0,2,2,2,0,2,2,2,0,2,0,0,0,2,0,2,2,0,0,0,0,0,0,0,2,2,0,0,2,2,0,0,0,0,0,0,0,0,0,0,0,2,0,0,0,2,0,0,2,2,0,0,0,0,0,0,0,0,0,0,0,0,0,0,0,2,0,0,0,0,0,2,0,0,0,0,0,0,0,0,0,0,2,0,2,0,0,0,0,0,0,0,0,0,0,0,0,2,0,2,0,2,0,2,0,2,0,2,2,0,2,0,0,0,0,0,0,0,0,0,0,2,2,2,0,2,0,0,0,0,0,0,2,0,2,2,0,0,0,0,0,0,0,0,0,2,0,0,0,0,0,0,2,0,0,0,2,2,0,0,2,0,0,0,0,0,2,0,0,0,0,0,0,0,0,0,2,0,0,0,0,0,2,2,0,2,0,0,0,0,0,0,2,0,0,0,0,2,0,0,0,0,0,0,2,2,0,0,0,0,0,0,0,0,0,0,0,2,2,0,0,2,0,2,0,0,0,0,0,2,0,0,0,0,0,0,2,0,0,0,2,0,0,0,0,0,0,0,0,2,0,0,0,2,0,0,0,0,0,2,0,2,0,0,0,0,0,0,0,2,0,2,2,0,2,0,0,0,0,0,2,2,0,2,0,0,0,0,2,0,0,2,2,0,0,0,0,0,0,0,0,0,0,2,0,2,0,0,0,2,0,0,0,0,2,0,0,0,0,0,0,0,2,0,0,0,0,0,0,2,0,0,0,0,0,0,0,0,0,0,0,2,2,0,0,0,2,0,0,0,0,0,0,0,0,0,0,0,0,0,2,0,0,0,0,0,2,0,0,0,0,0,2,0,2,0,0,0,0,0,0,0,0,0,0,2,0,0,0,0,0,0,0,0,0,2,0,0,0,2,2,0,0,0,0,0,0,0,0,2,0,0,0,0,0,0,0,0,0,0,0,0,0,0,0,2,0,0,0,0,0,0,0,0,0,0,0,0,0,0,0,0,0,0,0,0,0,0,0,0,0,0,0,0,0,0,0,0,0,0,0,0,0,0,0,0,0,0,0,0,0,0,0,0,0,0,0,0,0,0,2,2,0,0,0,0,0,0,0,0,0,0,0,0,2,2,0,0,0,0,2,0,0,2,2,0,0,0,0,0,0,2,2,0,0,2,2,2,0,2,0,0,0,0,0,0,0,0,2,0,2,2,0,2,0,2,0,2,0,0,0,0,0,0,0,2,0,0,0,0,0,0,0,0,0,0,0,0,0,0,0,0,0,2,0,NA,0,2,0,0,0,0,2,0,2,0,2,0,0,0,0,0,0,0,0,2,0,0,0,0,0,2,0,0,0,0,0,0,2,0,0,2,2,2,0,0,0,0,0,0,0,0,0,0,2,0,2,2,0,0,2,0,2,0,0,0,0,0,0,2,0,0,0,2,2,0,0,0,0,0,0,0,2,0,0,0,2,2,2,0,2,0,2,0,0,0,0,0,2,0,0,0,0,0,0,0,0,0,0,0,0,0,0,0,0,0,0,0,0,0,0,0,0,0,0,0,0,0,0,0,0,0,0,0,0,2,0,0,0,0,0,0,0,0,0,0,0,0,0,0,0,0,0,0,0,0,2,0,2,0,2,2,0,0,0,0,0,0,0,0,0,0,0,0,0,0,0,0,0,0,0,0,0,0,0,0,0,2,0,2,0,0,0,0,0,0,0,0,0,0,0,0,0,0,0,0,2,0,0,0,0,0,0,0,0,0,0,2,0,0,0,0,0,0,2,0,0,0,0,0,0,0,0,0,0,0,0,0,0,0,0,0,0,2,0,2,2,2,0,0,0,0,0,0,0,0,0,0,0,2,2,0,0,0,0,0,0,0,2,0,2,0,0,2,0,0,0,0,2,0,2,0,0,0,0,0,0,0,2,0,0,0,0,0,0,0,0,2,0,0,0,0,2,0,0,0,2,0,0,2,0,0,0,0,0,0,2,0,0,0,0,0,0,0,2,2,0,2,0,2,0,0,0,2,2,2,2,2,0,0,0,0,2,2,0,2,0,2,0,0,2,2,0,2,2,0,0,2,2,2,2,0,0,0,0,0,0,0,0,0,0,0,0,0,0,0,0,0,0,0,0,0,2,0,0,0,2,2,0,0,0,0,0,0,2,0,2,0,2,2,2,0,0,0,2,0,0,0,0,0,0,0,0,0,0,0,0,0,0,0,2,0,0,0,0,0,2,0,0,0,0,0,0,0,0,0,2,0,0,0,0,2,2,0,0,0,0,0,0,0,2,2,2,2,0,0,2,0,0,0,0,0,0,2,0,0,0,0,0,0,2,0,0,0,2,0,0,0,0,2,2,2,0,0,0,0,2,0,2,0,0,0,0,0,2,0,0,0,2,0,2,2,2,0,0,2,0,0,0,2,2,0,0,0,2,0,0,0,0,0,0,0,0,0,0,0,0,0,0,0,0,2,0,0,0,0,0,2,0,0,0,0,0,0,0,2,0,2,0,0,0,0,2,0,2,0,0,0,0,0,0,2,0,0,0,0,0,0,0,0,2,0,0,0,0,0,0,0,0,0,0,0,0,0,2,2,0,0,0,0,0,0,0,0,0,0,0,0,0,0,0,0,0,0,0,2,0,0,0,0,0,0,0,0,0,0,0,0,0,0,0,0,0,0,0,0,0,2,0,0,0,0,2,0,0,0,0,0,0,0,0,0,0,0,0,0,0,0,0,0,2,0,0,2,0,0,0,0,0,0,0,0,0,0,0,0,0,0,0,0,0,0,0,0,0,0,0,0,2,0,0,0,0,0,0,0,0,0,0,0,0,0,2,0,0,0,0,0,2,0,0,0,0,0,0,0,2,0,0,0,0,0,0,0,0,0,0,2,2,2,0,0,0,0,0,0,0,0,0,0,0,0,0,0,0,0,0,0,0,0,0,0,0,0,0,2,0,0,2,2,0,0,0,0,0,0,0,2,0,0,2,0,2,0,0,0,0,0,2,0,0,0,0,0,0,2,0,0,0,0,0,0,0,0,0,0,2,0,2,0,2,0,0,0,0,0,0,0,0,0,2,0,0,0,0,0,0,0,0,0,0,0,0,2,0,0,0,0,2,0,0,0,0,0,0,0,0,2,2,0,0,0,0,2,0,0,0,0,0,0,0,0,0,0,2,0,0,0,2,0,2,0,0,0,0,0,0,0,0,0,2,0,2,0,0,0,0,0,0,0,2,0,0,0,0,0,0,0,0,0,0,0,0,0,0,0,0,2,2,0,2,0,2,2,2,0,0,0,0,0,0,0,0,0,0,0,0,0,0,0,0,0,0,2,0,0,2,2,0,0,2,0,0,0,0,2,0,0,0,0,0,0,0,0,0,0,2,0,0,2,0,0,0,0,2,2,0,0,0,0,0,0,0,0,0,0,0,0,0,0,0,0,2,2,0,0,0,0,0,0,2,2,2,0,2,2,0,0,0,0,2,2,0,2,0,2,2,0,2,0,2,2,0,0,0,0,0,2,0,0,0,0,0,2,0,0,0,2,0,0,0,0,0,0,0,0,0,0,0,2,0,0,0,0,0,0,0,2,0,0,0,0,0,0,0,0,0,2,0,0,2,0,0,0,0,0,0,2,0,0,0,0,0,0,2,0,0,0,0,0,0,0,0,0,0,0,2,0,0,2,0,0,2,0,0,0,0,0,0,0,0,0,0,0,0,0,0,0,0,0,0,0,0,0,0,0,2,0,0,0,0,0,0,2,0,0,0,0,0,0,0,0,2,0,0,0,0,0,0,0,0,0,0,0,0,0,2,0,0,0,0,0,0,0,0,0,0,0,0,0,0,0,0,0,0,0,0,0,0,0,0,0,0,0,0,0,0,0,0,0,2,0,0,0,0,2,2,0,0,2,0,2,0,2,0,0,0,0,0,0,0,0,0,0,0,2,0,0,0,0,2,0,0,2,0,0,0,0,0,2,2,2,2,0,0,0,0,0,0,2,0,0,0,0,0,0,0,0,0,0,2,0,0,0,0,0,0,0,0,0,2,0,0,2,0,0,2,0,0,0,0,0,0,2,2,0,0,2,0,0,2,0,0,2,0,0,0,0,0,2,0,2,0,0,0,0,0,0,0,2,0,0,0,0,0,0,2,0,0,0,0,0,2,0,0,0,0,0,0,0,0,0,2,0,0,0,0,0,0,0,0,0,0,0,0,0,0,0,0,2,0,0,0,0,0,0,0,0,0,0,2,0,0,0,0,2,0,2,0,0,0,0,0,0,0,0,0,0,0,0,0,0,0,2,0,0,0,0,0,2,0,0,0,2,0,0,0,0,2,0,0,0,2,2,2,2,2,0,0,2,2,0,0,0,0,0,0,0,2,2,0,0,0,0,0,0,0,0,2,0,0,0,0,0,0,2,2,2,0,0,0,0,0,2,0,0,0,0,0,0,0,0,0,0,2,0,2,0,2,0,2,0,0,0,0,2,0,0,0,0,0,0,0,0,0,0,2,0,0,0,0,0,0,0,0,2,2,2,0,0,2,0,0,0,0,0,0,0,0,0,0,2,0,0,0,0,2,0,0,0,0,0,0,0,0,0,0,0,0,0,0,0,0,0,2,2,2,0,0,0,0,0,0,0,0,0,0,2,0,0,0,0,2,0,0,0,0,0,0,0,0,0,0,0,0,0,0,0,0,0,0,0,0,0,0,0,0,0,2,2,0,0,0,0,0,0,0,0,0,2,0,0,2,2,2,0,0,0,0,0,0,0,0,0,0,2,2,2,0,2,0,0,0,2,0,0,0,0,0,0,0,0,0,0,0,0,2,0,0,0,0,0,0,0,0,0,0,0,0,0,0,0,0,0,0,2,0,0,0,2,0,0,0,0,0,0,0,0,0,0,0,0,0,0,0,0,0,0,2,0,0,2,0,0,2,0,0,0,0,0,2,0,2,0,0,0,2,0,0,0,0,0,0,2,2,0,0,0,0,0,0,2,0,2,0,0,0,0,0,0,0,0,0,0,0,0,2,0,0,0,0,0,0,NA,2,0,0,2,0,0,0,0,0,0,0,2,0,0,0,0,0,0,0,0,0,2,0,0,2,0,0,0,0,0,0,2,0,0,0,0,0,0,0,0,0,0,0,0,0,0,0,0,2,0,0,0,0,0,0,2,0,0,0,0,0,2,0,0,0,0,0,0,0,0,0,0,2,0,0,0,0,2,0,0,0,2,0,0,0,0,0,0,0,0,0,0,2,0,2,0,0,0,0,0,0,0,0,0,0,0,0,0,2,0,2,0,0,2,0,0,2,0,2,0,0,0,2,2,0,0,0,0,0,0,0,2,2,0,2,0,2,0,0,2,0,0,0,2,0,0,0,0,0,0,0,0,2,0,0,0,2,0,0,2,2,0,0,0,0,0,2,0,0,0,0,0,0,2,0,0,2,0,2,0,0,0,0,0,2,0,0,0,0,0,0,0,0,0,0,0,0,2,0,0,0,0,0,0,0,0,0,0,0,0,0,0,0,0,0,0,2,0,0,0,0,2,0,2,0,2,0,0,0,0,0,2,0,2,0,0,2,0,0,0,2,0,0,2,0,0,0,0,0,0,0,0,0,0,0,0,0,0,0,0,0,0,2,0,0,0,2,0,0,2,0,2,0,0,0,0,0,0,0,0,2,0,0,0,0,2,0,0,0,2,0,0,0,2,0,0,0,0,2,2,0,0,0,0,0,0,2,0,2,0,0,0,2,0,0,0,0,0,0,0,0,0,0,0,0,2,0,0,0,2,0,0,2,0,2,0,0,0,2,0,0,0,0,2,0,0,2,0,0,0,0,0,2,2,0,0,0,0,2,0,2,0,0,0,2,0,0,0,2,0,0,0,0,0,0,0,2,0,0,0,0,0,0,0,0,0,0,2,2,0,0,0,0,0,0,0,0,0,2,2,2,0,0,0,0,0,0,0,2,0,0,0,2,0,0,0,0,0,0,2,0,0,0,0,0,0,2,0,0,0,0,2,2,0,0,0,2,2,0,0,0,0,0,0,2,2,0,0,0,0,0,0,0,0,0,2,0,2,0,0,0,2,0,0,0,0,0,0,0,0,0,2,0,0,2,0,0,0,0,0,0,2,2,0,0,2,0,0,0,0,0,0,0,0,0,0,0,2,0,0,0,0,0,0,0,0,0,0,0,0,0,0,2,0,0,0,0,0,0,0,0,0,0,0,0,0,0,2,0,0,2,0,0,0,2,0,0,0,0,0,0,0,0,0,2,0,0,0,0,0,0,0,0,0,2,2,0,0,2,0,0,0,0,0,0,0,2,0,0,2,0,0,0,2,0,0,0,0,0,0,0,0,0,0,0,0,0,0,0,0,0,2,0,0,0,0,0,2,0,0,0,0,0,0,0,0,0,0,0,0,0,0,2,0,2,2,0,0,2,0,0,0,0,0,0,0,0,2,0,0,0,0,0,0,2,0,0,0,0,2,0,0,0,2,0,2,2,2,0,0,0,2,2,0,0,0,0,0,2,0,2,0,0,2,0,0,0,0,0,0,0,2,0,2,0,0,0,0,2,0,0,0,0,0,0,0,0,0,0,0,0,0,0,0,0,0,2,0,0,0,0,0,0,0,0,2,0,0,0,0,2,0,0,0,0,0,2,2,0,2,0,0,0,0,0,0,0,0,0,2,2,0,2,0,2,0,0,0,0,2,2,2,0,0,0,0,0,0,0,2,0,2,2,2,2,0,0,0,2,2,0,0,0,0,0,0,2,0,0,0,2,0,0,0,0,0,0,0,0,0,0,2,2,2,0,0,2,0,0,2,0,0,0,0,0,0,0,0,0,0,0,0,0,0,0,0,0,2,2,0,0,0,0,0,0,0,0,0,0,2,0,0,2,0,0,2,0,0,0,2,2,0,0,0,2,2,0,0,2,2,0,0,0,0,0,2,0,0,0,0,0,2,2,0,0,0,0,0,0,2,0,0,0,0,0,0,0,0,0,2,2,0,0,0,0,0,0,2,0,2,0,0,0,2,2,0,2,2,0,0,0,0,0,0,0,0,0,2,0,0,0,2,0,0,2,2,0,2,2,0,0,0,0,0,0,0,0,0,0,0,0,0,0,2,0,0,0,2,0,0,0,0,0,0,0,2,0,0,2,2,0,0,0,0,0,0,0,0,2,0,2,0,0,0,0,0
"CC35",0,0,0,0,0,0,0,2,0,0,0,0,0,0,0,0,0,0,0,2,0,0,0,2,0,0,0,0,0,0,0,0,0,2,0,0,0,0,0,2,0,0,0,0,0,2,0,0,0,0,0,0,2,0,2,0,0,0,0,0,2,2,0,2,0,2,0,0,0,0,2,0,0,0,0,0,0,0,0,2,0,2,0,0,0,0,2,0,2,0,0,0,0,0,0,0,0,0,0,0,0,0,0,0,0,0,0,0,0,0,0,2,0,0,0,0,0,0,0,0,0,0,2,0,0,0,2,0,0,0,0,0,0,0,0,0,0,0,0,0,0,0,2,0,0,0,2,0,0,0,2,0,0,0,0,0,0,0,0,0,0,0,0,0,0,0,2,0,0,0,0,0,0,0,0,0,0,0,0,0,0,0,0,0,0,0,0,0,0,0,0,0,NA,0,0,0,0,0,NA,0,0,0,0,0,0,0,0,0,0,0,0,0,0,0,0,2,0,0,0,0,0,0,0,0,2,0,0,0,0,0,0,0,0,0,2,0,2,0,0,0,0,0,0,0,0,2,2,0,2,0,0,0,0,0,0,0,0,2,0,0,0,0,0,2,0,0,2,0,0,2,0,0,0,0,0,0,2,2,2,0,0,0,0,0,0,0,0,2,0,2,0,0,0,2,0,0,2,0,0,0,0,0,0,0,0,0,0,0,NA,0,0,0,0,0,0,0,0,0,0,0,0,2,2,0,0,0,0,0,0,2,0,2,2,0,0,2,0,0,0,0,0,0,0,0,0,0,0,0,0,0,NA,2,0,0,0,0,0,2,0,0,0,0,0,2,0,0,2,0,0,0,0,0,0,0,0,0,0,0,0,0,0,0,0,0,0,0,2,0,0,2,0,0,0,0,0,0,NA,0,0,0,0,0,0,0,0,0,0,0,0,0,0,0,0,0,0,0,0,0,0,0,0,2,0,0,2,2,0,2,2,2,0,0,0,0,0,0,0,0,0,0,0,0,0,2,0,0,0,0,0,0,0,0,0,0,0,0,0,0,0,0,0,0,0,0,0,0,0,2,0,0,0,0,0,0,0,2,0,0,0,2,0,0,0,0,0,0,2,0,0,0,0,2,0,0,2,2,2,0,0,0,0,0,0,0,0,0,0,0,2,0,0,2,2,0,0,0,2,0,0,0,0,2,0,0,0,0,0,0,0,0,0,2,0,0,0,0,0,0,0,0,0,0,0,2,0,0,2,0,0,0,NA,0,0,0,0,0,0,2,0,0,0,2,0,0,2,0,0,2,0,0,0,0,0,0,0,2,0,0,0,2,0,0,0,2,2,2,0,0,0,2,0,NA,0,0,2,0,0,0,2,0,0,0,0,0,0,0,0,0,0,0,0,0,0,0,0,0,0,0,0,0,0,0,0,0,0,0,0,0,0,0,0,0,0,2,2,0,0,0,0,0,0,0,2,2,2,2,0,2,0,2,0,0,0,0,0,0,0,0,0,0,2,0,0,0,0,0,0,0,0,0,0,0,2,0,0,0,0,0,0,0,0,0,0,0,2,0,0,0,0,0,0,0,0,0,0,0,0,2,2,0,0,0,0,0,0,0,0,0,2,0,0,0,2,0,0,2,0,0,0,0,0,0,0,0,2,2,0,0,0,0,0,0,0,0,0,0,0,0,0,0,0,0,0,0,0,0,0,0,0,2,0,0,0,0,0,0,0,0,0,0,0,0,0,2,0,0,0,0,2,0,0,0,0,0,0,0,0,2,0,0,2,0,0,2,0,2,0,2,2,0,0,0,0,2,2,2,0,0,0,0,0,0,2,0,0,0,0,2,0,0,2,0,0,0,0,0,0,0,0,0,0,2,2,0,0,0,2,0,0,0,0,0,0,0,0,0,2,2,0,0,2,2,2,0,0,0,0,2,0,2,0,0,2,0,2,0,0,2,2,0,2,0,0,0,0,0,2,0,0,2,0,0,0,2,0,0,0,2,0,0,0,2,0,0,0,0,2,0,0,0,0,0,0,0,0,0,2,0,0,0,0,0,0,0,0,0,0,2,0,0,0,0,0,0,0,2,0,0,0,0,2,0,0,0,0,0,0,0,0,0,0,0,0,0,0,0,0,0,0,0,0,0,0,2,2,0,0,0,2,0,2,2,2,2,0,0,0,0,0,0,0,0,0,0,0,0,0,0,2,0,0,0,0,0,0,0,2,0,2,2,0,0,0,0,0,0,2,0,0,0,0,2,2,0,0,0,2,0,0,0,0,0,0,0,0,0,0,2,0,0,0,0,0,0,0,0,0,2,0,0,0,0,0,0,2,0,0,0,0,2,2,0,0,0,0,0,2,2,0,0,0,0,0,0,0,0,0,0,0,0,0,0,0,0,2,0,2,0,0,0,0,0,0,0,0,0,0,0,0,0,0,0,0,0,0,2,0,0,0,0,0,0,0,0,2,2,2,0,0,0,0,0,0,2,0,0,0,0,0,0,0,0,0,0,0,2,NA,0,0,0,0,0,0,0,2,0,0,2,0,0,2,0,0,0,2,0,0,2,0,0,0,0,0,0,0,0,0,2,2,0,0,0,0,2,0,0,0,2,0,0,0,0,0,0,0,0,0,0,0,0,0,0,0,0,2,2,0,0,0,2,2,0,0,0,0,0,0,0,0,0,0,0,0,0,0,0,0,0,2,0,0,0,0,0,0,2,0,0,0,0,0,2,0,0,0,0,0,0,0,2,0,0,0,0,0,2,0,0,0,0,0,0,0,0,0,0,0,0,0,0,0,0,0,0,0,0,2,0,0,0,2,0,0,0,2,0,2,0,0,0,0,0,0,0,0,0,0,0,0,0,0,0,0,0,2,0,0,2,0,0,NA,0,0,0,0,0,0,0,0,0,0,0,2,0,2,0,0,0,0,0,0,0,2,0,0,0,0,0,0,0,0,0,2,0,0,0,0,0,0,0,0,0,0,0,0,0,0,2,0,0,0,0,2,0,0,0,0,0,0,0,0,0,0,0,0,0,0,0,0,2,0,0,0,0,0,0,0,2,0,0,0,0,0,0,0,0,0,0,0,0,0,0,2,0,0,0,0,0,0,2,2,2,0,0,0,0,0,0,0,0,0,0,0,0,0,0,0,0,0,0,0,0,0,0,0,0,0,0,2,0,0,0,0,0,0,0,0,0,2,0,0,0,0,2,2,0,0,0,0,0,0,0,0,2,0,0,0,0,0,0,2,0,2,0,2,0,0,0,0,0,0,0,0,0,0,0,0,0,0,0,0,0,0,0,0,0,0,0,0,2,2,0,0,0,0,0,0,0,0,0,0,0,0,0,0,0,0,2,0,2,0,0,0,0,0,0,0,0,0,0,2,0,0,2,0,0,0,0,0,0,2,0,0,0,0,0,0,0,0,0,2,0,0,0,0,0,0,0,0,0,0,0,2,0,0,2,0,0,0,0,0,0,0,0,0,0,2,0,0,0,0,0,0,0,0,2,0,0,0,0,0,2,2,0,0,0,0,2,0,0,0,0,0,0,2,0,0,0,0,0,0,2,0,0,0,0,0,0,0,0,0,0,0,2,0,0,2,2,0,0,0,0,2,0,0,2,2,0,0,0,2,0,0,0,0,0,0,0,2,2,0,0,0,0,0,0,0,0,0,0,0,0,0,0,0,0,0,0,2,0,0,2,0,0,0,0,0,2,0,0,0,2,0,0,0,0,0,0,0,0,0,0,0,2,0,0,0,0,0,0,0,2,0,0,0,0,0,2,0,0,0,0,0,0,0,0,0,0,2,0,2,0,0,0,0,0,0,0,2,2,2,0,0,0,0,0,0,0,0,0,0,0,0,0,0,2,0,0,0,2,2,0,0,0,2,0,2,0,0,0,2,0,0,0,0,0,0,0,0,0,0,2,2,2,0,2,0,0,0,0,2,0,0,0,0,0,0,0,0,0,0,0,0,2,2,2,0,0,0,0,0,0,2,2,0,0,0,0,0,0,0,0,0,2,2,0,0,0,0,0,0,2,0,0,0,0,0,0,2,0,0,0,0,0,0,0,0,2,2,0,0,0,2,0,0,NA,0,0,0,0,2,0,0,0,0,0,0,0,2,2,0,0,0,0,0,0,0,0,0,0,0,0,0,0,2,0,0,2,0,0,0,0,2,2,0,0,0,0,0,0,0,0,0,2,0,0,0,0,0,0,0,0,0,0,2,0,0,0,0,2,0,0,0,0,0,0,0,0,0,0,0,2,2,0,0,0,0,0,0,0,0,0,0,0,0,0,0,0,0,0,0,0,0,2,0,0,0,2,0,2,0,0,2,0,0,0,0,0,0,0,0,0,0,0,0,0,2,0,2,0,0,0,0,0,0,0,0,0,0,0,2,0,0,0,0,0,0,0,0,0,0,0,0,0,0,0,0,0,0,0,0,0,0,0,2,2,0,2,0,2,0,0,0,0,0,0,0,2,0,0,2,2,0,0,2,0,0,0,0,0,0,2,0,0,0,0,0,0,0,0,0,0,0,0,0,0,2,0,0,0,2,0,0,0,0,2,0,0,0,0,0,0,0,0,2,0,0,0,0,2,2,2,0,0,0,0,0,0,0,0,0,0,0,0,2,0,2,2,0,0,0,0,0,0,0,0,0,0,0,0,0,2,2,2,2,0,0,0,0,0,2,0,0,0,0,0,2,0,0,0,0,0,2,2,0,2,0,2,0,0,0,0,2,0,0,0,0,0,0,0,0,0,0,0,2,0,2,0,0,0,0,0,2,2,2,0,0,0,0,0,0,0,0,2,0,0,0,2,0,0,0,0,0,0,0,0,0,2,0,2,2,0,0,0,0,0,2,0,0,0,0,0,0,0,0,0,0,0,0,0,0,2,0,0,0,2,0,0,0,0,0,0,0,0,2,NA,0,0,0,0,0,0,0,0,0,0,0,0,0,2,0,2,0,2,2,0,0,0,2,0,0,2,0,0,0,2,2,0,0,2,0,2,0,0,0,0,0,0,0,0,0,0,2,2,0,0,2,0,2,2,0,0,0,0,0,0,0,0,0,0,2,2,2,0,0,0,0,0,0,0,0,0,0,0,2,2,0,0,0,0,0,0,0,0,2,0,2,0,0,0,0,2,0,0,2,0,2,0,0,0,0,0,0,0,0,2,2,0,0,0,0,0,0,2,0,0,0,0,0,0,0,0,0,0,0,0,0,2,0,0,2,0,0,0,2,0,0,0,0,0,0,0,2,0,0,0,0,0,0,0,0,0,0,0,0,0,0,0,0,0,0,0,0,0,0,0,2,2,0,0,0,0,0,0,0,0,0,2,0,0,0,0,0,0,0,2,2,0,2,0,0,2,0,0,0,0,0,0,0,2,0,0,0,2,0,0,0,0,0,0,0,0,0,0,0,0,0,2,0,0,2,2,0,0,2,2,0,0,0,0,0,0,0,0,0,0,0,0,0,0,0,0,0,0,0,0,0,0,0,0,0,0,2,0,0,0,0,0,0,0,0,0,0,0,0,0,2,2,0,2,0,0,0,0,0,0,0,2,0,0,0,0,0,0,0,0,0,0,0,0,0,0,0,0,0,0,0,0,0,0,0,2,0,0,0,0,2,0,2,2,0,0,0,0,0,0,0,0,2,0,2,0,0,0,0,0,0,0,0,2,NA,0,0,0,2,0,0,2,0,0,2,0,0,0,0,0,0,0,0,0,0,0,0,2,0,0,0,0,2,0,2,0,0,0,0,0,0,0,0,0,0,0,0,0,0,0,2,2,0,0,0,0,2,0,0,0,0,0,2,0,0,0,0,2,0,0,0,0,0,2,0,2,0,0,0,0,0,0,0,0,2,0,0,0,0,0,2,0,0,0,0,0,0,2,0,0,2,2,2,0,0,0,0,0,0,0,0,0,2,2,0,2,0,0,0,0,2,2,2,0,0,0,0,0,2,0,0,0,0,2,0,0,0,0,0,0,0,2,0,0,0,0,2,0,0,0,0,0,0,0,0,0,0,2,0,0,0,0,0,0,0,2,0,2,0,0,0,0,0,0,0,0,0,0,0,0,0,0,0,0,0,0,0,0,0,0,0,0,0,0,2,2,0,0,0,0,2,0,0,0,0,0,2,0,0,0,0,0,0,0,0,2,2,0,0,2,0,0,0,0,0,0,0,0,2,0,0,2,0,0,0,0,0,2,0,0,0,0,0,0,0,0,0,0,0,2,0,0,2,0,0,0,0,0,0,0,0,2,0,2,0,2,2,0,0,0,0,0,0,0,0,0,2,2,0,0,0,0,0,0,0,0,0,0,0,0,0,0,0,0,0,0,0,2,0,0,0,0,0,0,2,2,0,0,2,0,0,0,0,0,0,0,0,0,2,2,0,0,0,0,0,0,0,0,0,0,0,0,2,0,0,0,0,0,2,2,0,0,0,0,0,0,0,2,0,0,0,0,0,0,0,0,0,0,0,2,0,2,0,0,0,2,0,0,0,0,0,0,0,0,0,2,0,0,0,2,0,0,0,0,2,0,0,0,0,0,0,0,0,2,0,0,2,0,0,0,0,0,0,0,0,0,0,0,0,2,2,0,0,0,0,2,0,0,0,0,0,2,2,0,0,0,0,0,0,0,0,0,0,0,0,0,0,0,0,0,0,2,0,0,2,0,0,0,0,0,0,0,2,2,2,2,0,0,0,2,0,0,0,0,2,2,0,2,0,2,0,0,0,0,0,0,0,0,0,0,0,2,0,0,0,0,0,0,0,0,0,2,2,0,2,0,0,0,0,0,2,0,0,0,0,2,NA,0,0,2,0,0,0,2,0,2,0,0,0,0,0,0,0,0,0,0,0,0,0,2,0,0,0,0,0,0,0,0,2,0,0,0,0,0,0,0,2,2,0,0,0,0,0,0,0,0,2,0,0,2,2,0,0,0,2,0,0,0,0,0,0,0,0,0,0,0,0,0,0,0,0,0,0,2,0,0,2,0,0,0,0,0,0,0,0,2,2,0,0,0,0,0,0,0,2,2,2,0,0,0,0,0,0,0,0,0,0,0,0,0,0,0,0,2,0,0,0,0,0,0,0,0,0,0,2,2,0,0,2,0,0,0,0,0,0,2,0,0,0,2,2,0,0,2,0,0,0,0,2,0,0,0,0,0,0,0,0,0,0,0,0,2,0,0,0,0,0,0,0,2,0,0,0,0,0,0,0,0,0,0,0,2,0,0,0,0,0,2,2,0,2,0,0,0,0,0,0,0,0,0,0,0,2,0,0,0,0,0,0,2,0,0,0,0,0,0,0,0,0,0,0,0,0,0,0,0,0,0,0,0,0,0,2,2,0,2,0,0,0,0,0,2,0,0,0,0,0,0,2,0,0,0,0,0,0,0,0,2,2,0,0,0,0,0,0,0,0,0,2,0,0,0,0,0,0,0,0,0,0,0,0,0,0,0,2,0,0,0,0,0,0,0,2,0,0,2,0,2,0,2,0,0,0,0,2,0,0,0,0,0,0,0,0,0,0,0,0,2,0,0,0,0,0,0,0,0,0,0,0,0,2,0,0,0,2,0,0,0,0,0,0,2,0,2,0,0,0,0,0,0,0,0,0,0,0,0,0,0,0,0,0,2,2,0,0,0,0,0,0,0,0,0,0,0,0,0,0,2,0,0,0,0,0,2,0,0,0,0,0,0,0,0,0,0,0,0,0,0,0,2,0,2,0,0,0,0,0,0,0,0,0,0,2,0,0,0,0,0,2,0,0,0,0,0,0,0,0,0,0,0,0,0,0,0,0,2,0,0,0,0,0,0,0,0,0,0,0,0,0,0,0,0,0,0,0,0,0,0,0,0,0,0,0,0,0,0,0,0,0,0,2,0,0,0,0,0,0,0,0,0,0,0,0,0,0,0,0,0,0,0,0,0,0,0,0,0,0,0,0,0,0,0,0,0,0,0,2,0,0,0,0,0,0,0,0,2,0,0,0,0,0,0,2,0,0,0,0,0,2,0,0,0,0,0,0,0,0,2,0,0,2,0,0,0,0,0,2,2,0,0,0,0,2,0,0,0,0,0,0,0,0,0,0,0,0,0,0,2,0,2,0,0,0,0,0,0,0,0,0,0,0,0,0,2,0,0,2,0,0,2,0,0,2,0,0,0,2,0,2,0,2,2,0,2,0,0,0,0,0,0,2,0,2,2,2,2,0,0,0,0,0,2,0,0,0,0,0,2,2,2,0,0,2,2,0,0,0,0,0,0,0,2,0,0,0,0,0,0,0,0,2,0,0,0,0,2,0,0,0,0,2,0,0,0,2,0,0,0,0,0,0,2,0,0,0,0,0,0,0,0,2,0,0,0,0,0,0,0,0,2,2,0,0,2,0,2,0,0,0,0,0,0,0,2,2,0,0,0,2,0,0,2,0,0,2,2,0,2,0,0,0,0,0,0,2,2,0,0,0,0,0,0,0,0,2,0,0,0,0,0,0,0,0,2,0,0,0,0,2,2,0,0,0,0,0,0,2,0,2,0,0,0,0,2,0,0,0,0,2,0,0,0,0,0,0,0,0,0,0,0,2,0,0,0,0,0,0,0,2,0,0,0,0,2,0,0,2,0,0,0,2,0,0,2,0,2,0,0,0,2,0,2,0,0,0,2,0,0,0,0,2,0,0,0,0,2,0,0,0,0,2,0,0,0,0,0,0,0,0,0,0,0,0,0,0,0,2,0,0,0,0,0,0,0,0,0,0,0,0,0,2,0,0,2,0,0,2,0,0,0,2,0,0,2,0,0,2,2,0,0,2,0,0,2,0,0,2,0,0,0,0,0,2,0,0,0,0,0,2,0,0,0,0,0,0,0,0,2,0,0,2,2,2,0,2,2,0,0,0,0,0,0,0,0,0,0,0,0,0,0,2,0,0,0,0,0,0,0,0,0,0,0,0,0,2,0,0,0,0,0,0,0,2,0,0,0,0,0,0,0,0,0,0,0,0,0,0,2,0,2,0,2,0,0,2,0,0,0,0,0,0,0,0,0,2,0,0,0,0,0,0,0,0,0,0,0,2,0,0,0,0,0,0,0,0,0,0,0,2,0,0,0,0,0,0,0,0,0,0,2,0,0,0,0,0,0,2,0,0,0,0,0,0,0,0,2,2,0,0,0,0,0,0,0,0,0,0,2,0,0,0,0,0,0,0,2,2,2,2,0,0,0,0,0,2,0,0,0,0,0,2,0,0,2,0,0,0,0,0,0,2,0,0,0,0,2,0,0,0,0,0,0,2,0,0,0,0,0,0,0,2,0,0,0,0,2,2,0,2,0,0,0,0,0,0,0,0,0,0,0,2,2,0,0,0,0,0,2,0,0,0,0,0,0,2,2,0,0,0,0,0,0,0,0,0,0,0,0,0,0,0,2,2,0,0,0,0,0,0,0,0,0,NA,0,0,0,0,2,0,0,0,0,2,0,0,0,0,0,0,0,2,0,0,0,0,0,0,0,2,0,2,0,0,0,2,0,0,0,0,0,0,2,2,0,0,0,2,0,2,0,0,0,0,0,2,2,0,0,0,0,0,0,0,0,0,0,0,0,2,0,0,0,0,NA,0,0,0,2,0,0,0,0,0,0,0,0,0,0,0,0,0,2,0,0,0,0,0,0,0,0,0,0,2,2,0,0,2,0,0,0,2,0,0,0,0,0,2,0,0,2,0,0,0,0,0,0,0,2,0,0,0,0,2,0,2,0,0,0,0,0,0,0,2,0,0,0,2,2,2,0,0,0,0,0,2,2,0,2,0,0,2,0,0,0,0,0,0,0,0,0,2,2,0,2,0,0,0,0,0,0,0,0,2,0,0,0,0,0,0,0,2,0,0,0,0,0,0,0,2,2,0,0,0,0,0,2,0,0,0,0,0,0,0,0,0,0,0,0,0,2,0,0,2,2,2,0,2,0,0,0,0,0,0,0,0,2,0,0,0,0,0,0,0,0,0,0,0,0,0,0,0,0,0,2,2,0,2,2,0,0,2,2,0,0,0,0,0,0,0,0,0,0,NA,0,0,0,2,2,0,0,2,2,0,2,0,2,0,0,0,0,0,2,0,0,2,0,0,0,0,2,0,2,0,2,0,0,0,0,0,0,0,0,0,0,0,0,0,0,2,0,0,0,0,2,0,0,0,0,0,0,0,0,0,0,2,0,0,0,0,0,0,2,0,0,2,0,2,0,2,0,0,0,2,2,0,0,2,0,2,0,0,2,0,0,2,0,0,0,0,2,0,0,0,0,0,0,0,2,0,0,0,2,0,0,0,0,2,0,0,0,0,0,0,0,0,2,0,0,0,2,0,0,0,0,0,0,2,0,0,2,0,0,0,0,0,0,0,0,0,0,0,2,0,0,0,0,2,0,0,0,0,2,0,0,2,0,0,0,0,0,0,0,0,0,2,0,0,0,0,0,0,2,0,0,2,0,2,0,0,0,0,0,2,2,2,0,0,0,2,0,0,2,0,0,0,0,0,0,2,0,0,0,2,0,0,0,0,2,0,0,0,0,0,0,0,2,0,0,0,0,2,0,0,0,0,2,0,0,2,0,0,0,0,0,0,0,0,2,2,0,0,0,0,0,0,2,0,2,0,0,0,0,0,0,2,0,0,0,0,0,0,2,0,0,2,2,2,0,2,0,0,0,2,0,2,0,0,0,0,0,0,0,0,0,2,0,0,0,0,0,0,0,0,0,0,0,2,0,2,0,0,0,2,0,2,0,0,0,0,2,2,0,0,2,0,0,0,2,0,0,0,0,0,2,0,0,0,2,0,0,0,0,0,0,0,0,0,2,2,0,0,2,0,0,2,0,0,0,0,2,0,0,0,0,0,0,0,0,0,0,0,0,0,0,0,0,0,0,0,0,0,0,0,0,2,0,0,0,0,0,2,0,0,0,2,0,0,0,0,0,0,0,0,0,0,0,0,2,2,0,0,0,0,0,0,0,0,0,0,0,2,0,0,0,0,0,0,2,2,0,2,0,0,0,0,0,0,2,0,0,0,0,0,0,0,0,0,0,0,0,NA,2,2,2,0,2,0,0,0,0,0,2,0,0,2,0,0,0,0,0,0,2,0,2,2,0,2,0,0,0,0,0,0,0,0,0,2,0,0,0,0,2,0,0,0,2,0,0,2,0,0,2,0,2,2,0,0,0,2,2,2,0,0,0,0,0,0,2,0,2,0,0,0,2,0,0,0,2,0,0,2,0,0,0,0,0,0,0,0,0,0,0,2,0,0,2,2,2,0,0,0,2,0,2,2,2,0,0,0,0,0,0,0,2,2,2,0,0,0,0,0,2,0,0,2,2,2,0,0,2,0,2,2,2,0,0,0,0,0,0,2,2,0,0,0,0,0,2,0,0,2,2,0,0,0,2,0,2,0,2,0,0,2,0,2,2,2,0,2,0,0,2,0,0,0,2,2,0,0,0,2,0,2,2,0,2,0,0,2,0,2,0,0,0,2,0,0,0,2,2,2,0,0,2,NA,0,2,0,2,0,0,0,0,0,NA,2,2,0,0,0,0,0,0,2,0,0,2,0,0,2,2,2,0,0,0,0,0,0,0,NA,0,0,0,2,2,0,0,2,0,2,0,0,0,0,0,0,0,2,0,0,0,0,0,0,2,0,2,0,0,0,2,0,2,0,0,0,0,2,0,0,2,0,2,0,0,2,2,0,2,0,0,0,0,2,0,0,2,0,0
"CC36",0,0,0,0,0,0,0,0,0,0,0,2,0,2,2,2,0,0,0,0,2,2,0,0,2,0,0,0,0,0,0,0,0,0,0,0,2,0,0,0,0,2,0,2,NA,0,0,2,0,0,2,0,0,0,0,0,2,0,0,0,0,0,2,2,0,0,0,0,0,0,2,0,0,0,0,0,0,0,0,2,0,2,0,0,0,0,0,0,0,0,0,0,0,0,0,0,0,0,0,0,0,0,0,0,2,2,0,0,0,0,0,0,0,0,0,0,0,0,0,2,0,0,0,2,0,0,0,0,0,0,0,0,0,0,2,0,0,0,0,0,0,0,0,0,0,0,2,0,0,0,0,0,0,0,0,0,0,0,0,0,0,0,0,2,2,2,2,0,0,0,0,2,2,0,2,0,0,0,2,0,0,0,0,0,0,0,0,0,0,2,0,0,0,0,2,0,0,0,0,0,0,0,0,0,0,0,0,0,0,0,0,0,0,0,0,0,0,0,0,0,0,0,0,0,2,0,0,2,0,0,0,0,0,0,0,0,0,0,2,0,2,0,0,0,2,0,2,0,2,0,0,0,2,0,0,0,0,2,0,0,0,2,2,2,0,0,2,0,0,0,0,0,0,2,0,0,0,0,0,0,2,0,0,0,0,0,0,0,0,0,0,2,2,0,0,0,0,0,0,0,0,0,0,2,0,0,0,2,0,0,0,0,0,0,0,0,0,2,0,0,0,0,0,0,2,0,0,0,0,0,0,2,2,0,0,0,0,0,0,0,0,0,0,0,0,0,0,0,0,0,0,2,0,0,0,0,0,0,0,0,0,0,0,0,0,0,0,0,0,0,0,0,0,0,2,2,0,0,0,2,0,2,0,2,0,0,2,0,0,0,0,0,0,0,0,0,0,0,0,0,0,0,0,0,0,0,0,0,0,2,0,0,0,0,0,0,0,2,0,0,0,0,0,0,0,0,0,2,0,0,2,0,0,0,2,2,2,0,2,0,2,0,2,0,0,2,0,0,0,0,0,0,2,0,0,0,0,0,0,0,0,0,0,2,0,0,0,2,0,2,0,0,0,0,0,2,0,0,0,2,0,0,0,0,0,0,2,0,0,2,0,0,0,2,2,2,0,0,0,0,0,0,0,0,0,0,0,0,2,0,0,0,0,0,0,2,2,0,0,0,0,0,0,0,0,0,0,2,0,0,2,2,2,0,0,2,0,2,2,2,0,2,0,0,0,0,0,0,0,2,0,0,0,2,0,0,2,2,0,0,2,0,0,0,0,0,0,0,0,2,0,2,0,0,2,0,0,2,0,0,0,0,0,2,NA,2,0,2,2,0,0,0,0,2,2,0,2,0,0,0,2,0,2,0,0,0,2,2,2,0,0,0,0,0,2,0,2,0,0,0,2,0,0,0,0,0,0,0,0,0,0,0,0,0,0,0,0,0,0,0,0,2,2,0,0,0,2,0,0,2,0,0,0,0,2,0,0,0,0,0,0,0,0,0,0,0,0,0,2,0,0,0,0,2,0,0,0,0,0,0,0,0,2,0,0,0,0,0,0,0,0,0,0,0,0,0,0,0,0,2,0,2,0,0,0,2,2,0,0,0,0,2,0,0,2,0,2,0,2,0,0,0,0,0,0,0,0,0,0,NA,2,2,0,0,0,0,0,0,0,0,0,0,2,0,0,0,0,2,0,0,0,0,0,0,0,0,0,0,2,0,2,0,2,0,0,0,0,0,0,0,0,0,0,0,0,0,0,2,0,0,0,2,0,2,0,0,2,0,0,0,0,0,0,0,2,0,0,0,0,0,0,0,0,2,0,2,0,0,2,0,0,0,0,0,2,2,0,0,2,0,0,0,0,2,2,2,0,0,0,0,0,0,2,0,0,0,0,0,0,0,2,0,0,2,2,0,0,2,0,0,2,0,0,0,2,0,2,0,0,2,2,2,2,0,0,0,0,2,2,2,2,0,2,0,0,0,0,0,0,NA,0,2,0,0,0,0,0,0,0,2,0,0,0,2,2,0,2,2,0,0,0,0,0,0,2,0,0,0,0,0,0,0,0,0,0,0,0,0,0,0,2,2,2,2,0,2,0,0,0,0,0,0,0,0,2,0,0,0,0,2,0,0,0,2,0,0,0,0,0,0,2,0,2,2,0,0,2,0,0,0,0,0,0,0,0,0,0,0,0,2,0,0,0,0,0,2,0,0,0,0,0,0,2,2,2,2,0,0,0,2,0,0,2,2,0,0,0,2,0,0,0,2,0,0,2,0,0,0,2,0,0,2,2,0,0,2,0,0,0,0,0,0,0,0,0,0,0,0,0,0,0,0,0,0,2,0,0,0,0,2,0,0,0,2,0,0,0,0,2,2,0,0,0,0,0,0,0,2,0,2,0,0,2,2,0,0,0,0,2,0,0,0,0,0,0,0,2,2,0,0,0,0,0,0,0,0,2,2,2,0,0,2,0,0,0,0,0,0,0,NA,0,0,2,2,0,0,0,0,0,0,0,0,2,0,0,0,0,0,0,2,0,0,0,0,0,0,0,0,0,0,0,0,0,2,0,0,0,0,0,0,0,2,0,2,0,0,0,0,2,2,0,0,2,0,0,0,0,0,0,0,0,0,0,0,0,0,0,0,0,0,0,0,0,0,0,0,0,0,0,0,2,0,0,2,0,0,0,0,0,2,0,0,0,0,0,2,0,0,2,0,0,0,0,0,0,0,2,0,0,0,0,0,0,2,0,0,0,0,0,NA,2,0,0,0,2,0,0,0,0,2,0,0,0,2,0,2,0,0,0,0,0,0,0,0,0,0,0,0,0,0,0,2,0,2,2,0,0,0,2,0,0,0,2,0,2,2,0,2,0,2,2,0,2,0,0,0,0,2,0,0,0,0,0,2,2,2,NA,2,0,2,0,2,2,0,0,0,0,2,0,0,0,0,2,2,0,0,0,0,0,0,0,0,0,0,0,0,0,0,0,0,0,0,0,0,0,0,0,0,0,0,2,0,0,0,0,2,0,0,2,0,0,0,0,0,0,0,0,2,0,0,0,0,0,0,0,0,0,0,0,2,0,0,2,0,0,0,0,0,0,0,0,0,0,0,2,0,0,0,0,0,0,0,0,0,0,0,0,0,0,0,0,2,0,0,0,0,0,0,0,0,0,0,0,0,0,0,0,0,0,0,0,0,0,0,2,0,0,0,0,0,0,0,0,0,0,0,0,0,0,2,2,0,0,2,0,0,2,0,2,0,0,0,0,0,0,0,0,0,0,2,0,0,0,0,0,0,0,0,2,2,0,0,0,0,0,0,0,0,0,0,0,0,0,2,0,0,0,0,0,0,0,0,0,0,0,2,0,0,0,0,0,0,0,2,0,0,0,0,0,0,0,0,0,0,0,0,0,0,0,0,2,0,0,0,0,0,0,0,0,0,0,0,0,0,0,0,0,0,0,0,0,0,0,0,0,0,2,0,0,0,0,0,0,0,0,2,0,0,0,2,0,0,2,0,2,0,0,2,2,2,0,0,0,0,0,0,0,2,0,0,0,0,2,0,2,0,0,0,0,0,0,0,0,2,0,0,0,0,0,2,0,0,0,2,2,0,0,2,0,0,2,2,0,0,0,0,0,2,0,0,0,0,0,0,0,0,0,0,0,0,0,0,0,0,2,2,2,2,2,0,0,0,2,0,0,0,0,0,2,0,2,2,2,0,2,0,0,0,0,2,2,2,2,0,0,0,0,0,2,0,0,0,2,0,0,0,2,2,0,0,0,0,0,0,2,0,NA,0,0,0,2,0,0,0,0,0,0,0,2,2,0,2,2,0,0,0,0,0,0,0,0,0,0,0,0,NA,0,0,0,0,0,0,0,0,2,0,0,0,2,2,0,0,0,0,0,0,0,2,0,0,0,0,2,0,0,0,0,0,0,0,2,0,2,0,0,0,0,0,0,0,0,0,0,0,0,0,0,2,0,0,0,0,0,NA,0,0,0,0,0,0,0,0,0,0,NA,0,0,2,0,0,0,0,0,0,2,2,0,0,0,0,0,0,0,0,0,0,0,0,0,0,0,0,0,0,0,0,0,0,0,0,2,0,0,0,0,0,0,0,0,0,0,0,0,0,0,0,0,0,2,0,0,0,0,0,0,0,0,2,2,2,0,0,0,0,0,0,0,0,2,0,0,0,0,2,2,2,2,0,0,0,0,0,0,0,0,0,0,0,0,0,0,0,0,0,0,0,0,0,0,0,0,0,2,2,2,0,0,0,NA,0,0,0,0,0,0,0,0,0,0,2,0,0,0,0,0,0,0,0,0,0,0,2,2,0,0,0,0,0,0,0,0,0,0,0,0,0,0,2,2,0,0,0,0,0,2,2,0,2,0,0,2,0,0,0,0,0,0,0,0,0,0,0,0,0,0,0,0,0,0,0,0,0,0,0,2,0,0,2,0,2,0,0,0,0,0,0,0,0,0,0,2,2,0,0,2,0,0,0,2,0,0,2,0,0,2,0,0,0,0,NA,0,0,0,0,0,0,2,0,0,0,2,0,0,0,0,2,0,0,0,0,2,0,2,0,2,0,0,0,0,2,2,2,0,0,0,0,0,0,0,0,0,0,0,0,2,0,2,2,0,0,0,0,0,0,0,0,0,0,0,0,0,2,2,0,0,2,0,0,0,0,0,0,0,0,0,0,2,2,0,0,2,0,2,2,0,2,0,0,0,0,0,0,0,0,2,0,0,0,0,0,0,2,0,2,0,2,0,0,0,0,0,0,0,0,2,0,0,0,0,0,0,0,0,0,0,0,0,0,0,0,0,0,0,0,0,0,0,0,0,0,0,0,0,0,0,0,0,2,0,0,0,2,0,2,0,0,0,0,0,2,0,0,0,0,0,2,0,2,0,2,2,0,0,0,0,0,0,2,0,0,0,0,2,2,0,0,0,0,2,2,2,0,2,0,2,2,0,0,2,0,0,0,0,0,2,0,0,0,0,2,0,0,2,0,0,0,0,0,0,0,0,0,0,2,0,0,0,0,0,2,2,0,0,0,0,2,0,0,0,0,0,0,2,0,0,0,0,0,0,0,2,0,0,0,0,2,0,0,0,0,0,0,0,0,0,0,2,0,0,0,0,0,0,0,0,0,0,0,0,2,2,0,0,0,0,0,0,0,2,0,0,0,0,0,0,0,0,0,0,2,0,0,2,0,0,0,0,2,0,0,0,0,0,0,2,0,0,0,0,0,0,0,2,0,0,0,0,2,0,0,0,0,0,0,0,0,0,0,0,0,0,0,2,2,0,0,0,0,0,0,0,2,0,2,0,0,0,0,0,0,0,0,0,0,0,0,0,0,0,0,0,0,0,0,0,0,0,2,2,0,0,0,0,0,2,0,0,0,0,0,2,0,0,2,0,0,2,0,0,0,2,0,0,0,0,0,0,0,0,2,0,0,0,0,0,0,0,2,0,2,2,0,2,0,0,2,0,0,0,0,0,0,0,0,0,0,0,2,0,2,0,0,0,0,0,0,0,0,0,0,0,0,0,0,0,0,0,0,2,0,0,0,0,2,0,0,0,0,0,0,0,0,0,0,0,0,2,0,0,0,0,0,2,0,0,0,2,2,0,0,0,2,2,0,2,0,0,0,0,2,0,0,0,0,0,0,0,2,2,2,0,0,0,0,2,0,0,2,0,0,2,2,2,0,0,0,0,0,0,0,0,0,0,2,0,2,2,0,0,2,0,2,2,0,0,2,0,0,0,0,0,0,0,0,0,0,0,0,0,2,0,0,0,0,2,0,0,0,0,2,0,0,0,0,0,0,2,0,0,0,0,2,0,0,0,0,0,2,0,0,2,0,0,2,0,0,0,2,2,0,0,2,2,0,0,0,0,2,0,0,0,0,0,0,0,0,0,0,0,0,2,0,2,0,0,2,2,0,2,0,0,0,0,2,0,0,0,0,0,0,0,0,2,2,0,0,2,0,0,0,0,0,0,2,0,2,0,2,0,0,0,0,0,0,0,0,0,0,0,2,0,0,0,0,0,0,0,0,0,2,0,0,0,0,0,0,0,0,0,0,0,0,0,0,0,0,0,0,0,0,2,0,0,2,0,0,0,0,2,0,2,0,0,0,0,0,0,0,0,0,0,0,0,0,0,0,2,0,0,0,0,2,0,0,2,2,0,0,0,0,0,0,0,0,0,0,0,0,0,2,2,0,2,0,0,0,0,0,2,0,0,0,0,0,0,0,0,0,0,0,2,0,0,0,0,0,0,0,0,0,0,0,0,0,2,0,0,0,0,0,0,0,0,0,0,2,0,0,0,0,0,0,0,0,0,0,0,2,0,0,0,2,0,2,0,0,0,0,0,0,0,0,2,0,0,2,2,0,0,0,0,2,0,2,0,0,0,0,2,0,0,0,0,2,0,2,0,0,0,0,0,0,0,0,2,0,0,0,0,2,2,0,2,0,0,0,0,2,0,0,0,2,0,0,0,0,0,0,0,2,2,2,0,0,0,2,0,0,0,0,2,0,0,0,0,0,0,0,0,0,0,0,0,0,0,0,0,0,0,0,0,0,0,0,2,2,2,0,0,0,0,0,0,0,0,0,0,2,0,0,0,0,0,0,2,0,0,0,2,0,0,2,0,0,0,0,0,0,2,0,0,2,0,2,0,0,0,0,0,0,0,0,2,0,0,0,0,0,0,0,0,0,0,0,2,0,0,0,0,0,0,0,0,0,0,2,0,0,0,0,0,0,0,0,0,0,2,0,2,0,0,0,0,0,0,0,0,2,0,0,0,0,0,0,0,0,2,0,0,0,0,0,0,0,0,0,0,0,2,0,0,2,0,0,0,0,0,0,0,0,0,0,0,0,2,0,0,0,0,0,0,2,2,2,0,0,0,0,0,0,0,0,0,2,0,0,0,0,0,0,0,0,0,2,2,0,0,0,0,0,0,0,0,0,0,0,0,0,0,2,0,0,0,0,0,2,0,0,0,0,0,0,2,2,2,0,0,0,0,0,0,0,0,0,0,0,0,2,2,2,0,0,0,2,0,0,2,0,0,2,0,0,0,0,2,2,0,0,0,0,0,0,0,0,0,0,0,2,2,2,2,0,2,0,0,0,0,0,0,0,0,0,0,0,0,0,0,0,0,0,0,2,0,0,0,2,0,2,0,0,0,0,0,0,0,2,0,0,0,0,2,0,0,0,0,0,0,2,0,0,0,0,0,0,0,0,0,0,0,0,0,0,0,0,0,0,2,0,2,0,0,0,0,0,0,0,0,0,0,0,0,0,0,0,0,0,0,0,0,0,0,0,0,2,0,0,0,0,0,0,0,0,0,0,0,0,0,0,0,0,0,0,0,0,0,0,0,0,0,0,0,0,0,0,0,0,2,2,0,NA,0,0,0,0,0,0,0,2,0,0,0,0,0,0,0,0,0,0,0,0,2,0,0,0,0,0,0,0,0,0,2,0,0,2,0,0,0,0,0,0,2,0,0,0,0,0,0,0,0,0,0,0,0,2,0,0,0,0,0,0,0,0,0,0,0,0,2,0,0,0,2,0,0,0,0,0,0,0,0,0,0,0,0,0,0,0,0,0,0,0,0,0,0,0,0,0,0,0,2,2,0,0,0,0,0,0,0,0,0,0,2,0,2,2,0,0,0,0,0,2,0,0,0,0,0,0,0,0,0,0,0,0,0,0,0,2,2,2,0,0,0,0,2,0,2,0,0,0,0,0,0,2,0,0,0,0,0,0,0,2,0,0,0,0,0,2,0,0,2,0,0,2,2,0,0,0,0,2,2,0,0,0,0,0,0,0,0,0,0,0,0,0,0,0,0,0,0,0,2,0,0,2,2,0,0,2,0,0,0,0,2,0,2,2,0,0,0,0,0,0,0,0,2,0,0,2,0,2,0,2,2,2,0,0,0,0,0,0,2,0,0,0,2,2,2,0,0,0,2,0,0,2,2,0,0,2,2,2,0,2,2,0,0,0,0,0,0,0,0,0,0,0,0,2,0,0,2,0,0,2,0,0,2,0,0,0,0,0,0,0,0,0,0,0,0,0,0,0,0,0,0,0,0,2,0,2,0,0,0,0,0,0,0,0,0,0,0,0,0,2,0,0,2,0,0,2,0,0,2,0,0,0,2,0,2,0,2,0,2,2,0,0,2,0,2,0,2,0,2,2,2,0,2,0,0,0,0,2,2,0,0,0,0,0,0,0,2,0,0,0,0,0,0,0,0,0,0,0,0,2,2,2,2,0,0,0,0,0,2,0,0,2,2,2,0,0,0,2,2,0,0,0,0,0,0,0,0,0,0,0,2,0,0,2,0,0,0,0,0,0,0,0,0,0,0,0,0,0,0,0,0,0,0,0,0,0,0,0,0,0,0,0,0,0,0,0,2,0,0,2,0,0,2,0,0,0,0,0,0,0,0,0,0,2,0,0,0,0,0,0,0,0,0,0,0,0,0,0,0,0,0,0,0,0,0,0,0,0,2,0,0,0,2,0,0,0,0,0,0,0,0,2,0,0,0,0,0,0,0,0,2,0,2,0,0,2,0,0,0,0,2,0,0,0,0,0,2,2,0,0,0,2,0,0,0,0,2,0,0,0,2,0,0,0,0,2,0,2,0,0,0,2,0,2,2,0,0,0,0,0,0,0,0,0,0,0,0,2,0,0,2,0,0,0,0,2,0,0,0,0,0,0,0,0,0,0,2,0,0,2,0,0,2,0,2,0,0,0,0,0,0,0,0,0,0,0,2,0,0,0,0,0,0,2,0,0,0,0,0,2,0,0,2,0,0,0,0,0,0,0,0,0,0,2,0,0,0,0,0,0,0,0,0,0,0,0,2,2,0,0,0,0,0,0,0,0,0,0,0,0,0,0,0,0,0,0,0,0,0,2,0,0,0,0,0,0,0,0,0,0,0,0,0,0,0,2,0,0,2,0,2,0,0,0,0,0,0,0,0,0,0,0,0,2,0,0,0,0,0,0,2,0,0,0,0,0,0,2,2,0,2,0,0,0,2,0,0,0,0,0,0,0,0,0,0,0,2,0,2,0,0,0,0,2,0,0,0,0,0,0,0,0,2,0,0,2,2,0,0,0,0,2,0,0,0,0,0,2,NA,0,0,2,0,0,0,0,0,0,0,0,2,0,0,0,2,0,0,0,0,2,0,0,0,0,0,0,0,0,0,0,0,0,0,0,0,2,0,0,0,0,0,0,0,0,0,0,2,0,0,0,0,2,0,0,0,0,0,0,0,0,0,0,0,0,0,0,0,0,0,0,0,0,0,0,0,0,2,0,2,0,0,2,2,0,0,0,0,2,0,0,0,0,0,0,0,0,2,0,0,0,0,0,0,0,0,0,0,0,0,0,0,0,0,0,2,0,0,0,0,2,0,0,0,0,2,0,0,0,2,0,0,0,0,2,0,0,0,0,0,2,0,0,0,2,0,0,0,0,0,0,0,0,2,2,0,0,0,0,2,0,0,0,0,0,0,0,0,0,0,0,0,0,0,0,0,0,0,0,0,0,0,0,2,0,0,0,0,0,0,0,0,2,0,0,0,0,0,0,2,2,0,0,0,0,2,0,0,0,2,2,0,0,0,0,0,0,0,0,0,0,0,0,0,0,0,0,0,0,0,0,0,0,0,0,0,0,0,2,0,0,0,0,2,0,2,0,0,0,2,0,0,2,0,0,2,0,0,0,0,0,0,2,0,0,2,2,2,0,0,0,2,0,0,0,0,0,0,0,0,0,0,2,2,2,0,0,2,0,2,0,0,0,0,0,0,0,2,2,2,2,2,2,0,0,0,0,0,2,0,2,2,2,0,2,0,0,0,2,0,0,0,2,0,2,2,0,0,0,2,0,0,0,0,2,0,0,0,0,0,0,0,0,0,2,0,2,2,2,0,0,0,0,2,0,0,0,2,0,0,0,0,0,2,2,0,2,2,0,2,0,0,0,2,0,2,0,0,0,0,2,0,0,2,0,0,2,2,0,0,0,0,0,0,0,2,0,2,0,0,0,0,0,2,0,2,0,2,2,0,0,2,0,2,0,0,2,0,0,0,0,0,0,0,0,0,0,0,0,0,0,0,0,2,0,0,0,2,0,0,0,2,0,0,0,0,0,0,2,0,0,0,0,0,0,0,0,0,0,0,0,0,0,0,0,0,0,0,0,0,0,2,0,0,2,0,2,0,0,0,2,0,0,0,0,0,0,0,2,2,0,0,0,0,0,2,2,0,0,0,2,0,2,2,2,2,0,0,2,2,2,0,0,0,2,2,0,0,0,0,0,0,0,0,2,0,2,0,0,0,0,0,0,0,0,0,2,2,2,0,0,2,2,0,0,2,0,0,2,2,0,2,0,0,0,0,0,0,2,0,2,0,2,0,2,2,0,0,0,0,2,0,0,0,0,2,0,0,2,2,2,2,0,2,0,0,0,0,0,2,0,0,0,0,0,0,0,0,0,0,0,0,0,0,0,2,0,0,2,0,0,2,0,0,0,0,0,0,0,0,0,0,0,0,0,2,2,0,2,0,0,0,2,0,0,0,0,0,0,2,0,0,2,2,0,0,0,2,0,NA,0,2,0,0,0,0,0,0,0,2,0,2,0,0,0,2,2,0,0,0,0,0,2,0,0,0,0,2,0,0,0,2,0,2,0,0,0,0,0,0,2,2,0,0,0,0,2,2,2,2,2,0,0,0,2,2,0,2,0,0,0,0,0,0,0,0,0,0,0,2,0,0,0,0,0,0,2,0,2,0,0,2,0,0,0,0,0,0,0,2,2,2,0,0,0,0,0,0,0,0,0,0,0,0,0,0,2,2,0,0,0,0,0,0,0,0,0,0,0,0,0,2,0,0,0,0,0,0,0,0,0,0,0,0,2,0,0,0,0,0,0,0,0,0,0,0,2,2,0,0,0,0,0,0,0,0,NA,0,0,0,0,0,0,0,0,0,0,0,0,0,0,0,0,0,0,0,0,0,2,0,0,0,0,0,0,0,0,0,0,0,0,0,0,0,0,2,2,0,2,2,0,0,0,2,0,2,0,0,0,0,0,2,0,0,0,2,0,0,0,0,0,0,0,0,0,0,0,0,0,0,0,2,0,2,0,0,0,0,0,0,0,0,0,0,0,0,0,0,0,0,0,0,0,0,0,0,0,2,0,0,0,0,0,0,0,0,0,0,0,2,0,0,0,0,2,0,0,2,0,2,0,0,0,0,0,0,0,2,0,0,0,2,0,0,0,0,0,2,0,2,0,0,0,2,0,0,0,2,0,2,0,0,0,0,0,0,0,0,0,2,0,0,2,0,0,2,0,2,0,0,0,2,0,0,0,0,0,0,0,0,0,2,0,0,0,0,0,0,0,2,0,2,0,0,0,0,0,2,0,2,0,0,0,0,0,0,0,0,0,2,0,0,0,0,2,0,0,0,0,0,0,0,0,0,0,0,0,2,0,0,0,0,0,0,0,0,2,0,0,2,0,0,0,0,0,0,2,0,0,0,0,0,0,0,2,0,0,0,0,0,0,0,0,0,2,0,2,0,0,0,0,0,0,0,0,0,0,2,0,2,0,0,2,0,2,0,0,2,0,0,0,0,0,0,0,0,0,0,0,0,2,0,0,2,2,0,0,2,0,0,0,0,0,0,0,0,0,0,0,0,0,0,0,0,0,0,0,2,2,0,0,0,0,0,0,NA
"CC37",0,0,2,0,0,0,0,0,2,0,0,0,0,0,0,0,0,0,2,0,2,0,0,0,2,0,0,0,0,0,0,0,0,2,0,0,0,0,0,2,0,0,0,0,0,0,0,2,0,0,0,0,0,0,0,0,2,0,0,0,0,2,0,0,2,0,0,0,0,0,0,0,0,0,0,0,0,0,0,2,0,0,0,0,0,0,0,0,0,0,0,0,0,0,0,0,0,0,0,0,0,0,0,0,2,0,0,0,0,0,0,2,0,0,0,0,2,0,0,2,0,0,0,0,0,0,0,0,2,0,2,0,0,0,0,0,0,0,0,0,0,0,2,0,0,0,0,0,0,0,2,0,0,0,0,0,0,0,0,2,0,0,0,0,0,0,0,0,2,0,0,0,0,0,0,0,0,0,0,2,0,0,0,0,2,0,0,0,0,2,0,NA,2,0,2,0,0,2,0,0,0,0,0,0,0,0,0,0,0,0,0,0,0,0,0,2,0,0,0,0,2,0,0,0,0,NA,2,0,0,0,2,0,0,2,0,0,0,0,0,0,0,0,0,0,0,2,0,0,0,0,0,0,0,0,0,0,0,0,0,0,2,0,0,0,0,2,2,2,0,2,0,0,0,0,2,0,2,2,2,2,2,0,0,0,0,0,0,0,0,0,0,2,2,0,0,2,0,0,2,2,0,0,0,2,2,0,2,0,2,0,0,0,0,0,0,0,0,2,0,0,0,0,2,0,0,0,0,0,2,0,0,0,2,0,0,2,0,0,0,2,0,0,0,2,0,0,0,0,0,0,0,0,2,2,0,0,0,2,0,0,0,0,0,0,0,0,0,0,2,0,0,0,0,0,0,0,0,0,0,0,0,0,2,0,0,0,2,0,2,0,0,0,0,0,0,0,0,0,0,0,0,2,0,0,0,2,0,0,0,0,0,0,0,0,0,2,0,0,2,0,0,NA,2,0,0,0,0,2,0,0,0,0,0,0,0,0,0,0,0,0,0,0,0,0,0,2,0,0,0,0,0,0,0,0,2,2,0,2,0,0,0,0,0,0,0,0,0,0,0,0,0,0,0,0,0,0,0,NA,0,0,0,0,0,2,0,2,0,0,0,0,0,0,0,0,2,0,0,0,0,2,0,0,0,2,0,0,0,0,2,0,0,0,0,0,0,0,0,0,0,2,0,0,2,0,0,0,0,2,0,0,2,0,0,0,2,0,2,2,2,0,0,0,0,0,0,0,2,2,0,2,2,0,0,2,0,0,0,0,2,2,0,2,0,2,2,0,0,2,0,2,0,0,0,0,0,2,0,2,2,2,2,2,0,2,2,0,2,0,0,0,2,0,0,0,0,0,0,0,0,0,0,2,2,2,2,2,2,2,0,0,0,0,0,0,2,0,2,0,0,0,2,0,0,0,0,2,0,0,2,0,0,0,0,2,0,0,0,0,0,2,0,0,0,0,0,0,0,2,0,0,0,0,0,0,0,0,2,0,0,0,NA,0,0,0,0,2,0,0,0,0,0,0,0,0,0,2,0,0,0,0,0,0,2,0,2,0,0,0,2,2,2,0,0,0,0,0,0,2,2,0,0,0,0,0,0,0,0,0,2,0,0,0,0,0,0,2,0,0,0,0,0,0,0,2,0,0,0,0,0,0,0,0,0,2,0,0,0,0,0,0,0,0,0,0,0,0,2,2,2,0,0,0,2,2,0,0,0,0,0,0,0,0,0,0,2,2,0,0,2,0,0,0,0,0,0,0,0,0,0,0,0,0,2,0,0,0,0,2,2,0,0,0,0,0,0,0,2,2,0,0,0,0,0,2,0,2,0,2,2,0,0,0,0,0,0,0,0,0,2,0,0,2,0,2,0,2,2,0,0,2,2,2,0,0,0,2,0,0,0,2,2,2,0,0,0,0,0,0,2,0,2,2,2,0,0,0,0,0,0,0,2,0,0,0,2,0,0,2,0,0,0,0,0,2,0,0,0,0,2,0,0,0,0,0,0,0,NA,0,0,0,0,0,0,0,0,0,2,0,0,0,0,0,2,0,0,2,0,2,0,0,0,0,0,0,0,NA,0,0,0,0,2,NA,NA,2,2,0,0,2,2,0,0,2,0,2,2,0,2,0,0,0,2,0,0,0,0,0,0,0,2,0,0,2,2,0,0,0,2,2,0,2,0,0,2,0,0,0,0,0,0,0,NA,0,0,0,0,0,0,0,2,2,0,0,0,0,2,0,0,0,0,0,0,0,0,0,0,0,0,0,0,0,0,0,0,0,0,0,0,2,0,0,0,0,0,0,2,0,0,0,0,0,0,0,0,0,2,0,0,0,0,2,2,0,0,0,0,0,0,0,2,0,0,0,0,0,0,2,0,0,0,0,0,0,0,0,2,0,0,0,0,0,0,0,0,0,0,2,0,0,0,0,0,0,0,0,0,0,0,NA,0,0,2,0,0,2,0,0,0,0,0,0,2,0,0,2,0,0,0,0,0,0,0,0,0,0,0,0,0,2,0,0,0,0,0,0,0,0,0,2,0,2,0,0,0,0,0,0,0,0,0,0,2,0,0,0,0,0,0,2,2,2,0,2,0,2,0,2,0,2,0,0,0,0,0,0,0,0,0,0,0,2,2,2,0,0,0,2,0,0,0,2,0,2,0,0,0,2,0,0,0,2,2,2,0,0,0,0,0,0,2,0,0,2,0,0,0,2,0,0,0,0,2,2,0,0,0,2,0,2,0,2,2,0,0,0,2,0,0,0,2,2,2,2,0,0,0,0,0,0,0,2,0,0,2,0,2,0,2,0,0,0,0,0,0,0,0,0,0,0,2,0,2,0,0,0,0,0,2,0,0,2,0,0,0,0,NA,0,0,0,0,NA,0,0,2,2,0,0,0,0,2,0,2,2,0,0,2,2,2,0,0,2,0,0,0,2,2,0,0,0,0,0,2,0,0,0,0,0,2,0,2,NA,0,2,0,0,0,0,0,2,2,0,0,0,0,0,2,0,0,0,2,0,0,2,0,0,0,0,2,0,0,0,0,0,2,2,0,0,0,0,0,0,0,0,0,2,0,0,0,0,0,0,0,0,0,2,0,0,0,0,0,0,0,0,0,0,0,0,0,0,0,0,0,0,0,0,2,0,0,0,0,2,0,0,0,2,0,0,0,2,2,0,0,0,0,0,0,0,0,0,0,2,0,0,0,0,0,0,0,0,0,0,0,0,0,0,0,0,0,0,0,0,2,0,0,0,0,0,0,2,0,0,0,0,0,0,0,0,0,0,0,0,0,0,0,0,2,0,0,0,0,2,2,0,0,0,2,2,0,0,0,0,0,0,0,0,2,0,0,2,0,0,0,0,0,0,2,0,0,2,0,2,0,0,0,0,0,0,2,0,2,0,0,0,0,0,2,0,0,0,0,0,0,0,2,0,0,0,0,2,0,0,2,0,0,2,0,NA,2,0,0,2,0,2,0,0,2,0,0,0,0,2,0,0,0,0,0,0,0,0,0,0,0,0,0,0,0,0,0,0,0,2,0,0,0,2,0,0,0,2,0,0,0,2,2,0,0,0,0,0,0,0,0,0,0,2,0,0,0,0,0,2,0,0,0,0,0,0,0,0,0,0,0,2,0,0,0,0,0,0,0,0,0,0,0,0,0,0,0,0,0,0,0,0,0,0,0,0,0,0,0,0,0,2,0,0,0,0,0,0,0,0,0,0,0,0,0,0,0,0,0,0,0,0,0,0,0,0,0,0,0,0,0,0,0,2,2,0,0,0,0,0,0,0,2,0,0,0,0,0,0,2,2,0,0,0,0,0,0,0,2,0,0,0,2,0,NA,0,2,0,0,0,2,0,0,0,0,2,0,0,0,0,0,0,0,2,0,0,0,0,0,0,0,0,2,0,0,0,0,0,0,0,0,0,0,0,0,2,0,0,0,2,0,0,2,0,2,0,NA,2,2,0,0,0,0,0,0,2,2,0,0,0,0,2,0,0,0,0,NA,2,0,0,0,0,0,0,0,0,0,0,0,0,0,0,0,0,2,0,0,0,0,0,0,2,0,0,0,0,0,0,0,0,0,0,2,2,0,2,0,0,0,0,0,0,0,0,0,0,0,0,2,0,0,2,2,0,0,0,0,0,0,0,0,2,0,0,0,0,0,2,0,0,0,2,2,2,0,2,2,0,2,0,0,2,0,0,0,0,2,2,0,2,0,0,2,2,2,0,2,0,0,0,2,2,0,0,0,0,0,2,0,0,0,0,2,0,0,0,0,0,0,0,0,0,0,0,2,2,0,2,2,0,0,0,0,NA,0,0,2,0,0,2,2,2,2,0,0,0,0,2,0,0,0,2,2,0,0,0,2,0,0,0,0,0,0,2,0,0,0,0,0,0,0,0,0,0,0,0,0,0,0,NA,0,2,2,2,0,0,0,0,0,0,0,0,0,0,2,2,0,2,2,0,0,0,0,0,0,2,0,2,0,0,2,2,0,0,2,0,0,0,2,0,0,2,0,0,0,0,0,0,0,2,0,0,0,0,0,0,0,0,2,0,0,0,0,2,0,2,0,0,0,0,0,0,0,0,2,0,0,2,0,0,0,2,0,0,0,0,0,0,0,0,0,2,0,0,2,0,0,0,0,0,0,0,0,0,2,0,0,0,0,2,0,2,2,0,0,0,0,0,0,0,0,0,0,0,2,0,2,2,0,0,2,0,2,2,2,2,0,2,0,0,0,0,0,0,0,0,0,0,0,0,0,0,2,0,0,0,0,0,0,2,0,0,0,0,2,2,0,0,0,0,0,0,0,2,0,0,0,2,0,0,0,0,0,0,0,0,0,0,0,0,0,0,NA,0,0,0,0,0,0,0,0,0,0,0,0,0,0,0,0,0,0,2,0,0,0,2,0,0,0,0,0,2,0,0,0,0,0,0,0,0,2,0,0,0,0,0,0,2,0,2,0,0,0,0,0,0,0,0,0,2,0,0,0,0,0,0,0,0,0,2,0,0,2,0,0,0,0,0,0,2,0,0,0,2,0,0,0,2,2,0,0,0,0,0,0,0,0,0,0,0,2,2,2,0,0,0,0,0,0,0,0,2,0,0,0,2,0,0,0,0,0,2,0,2,2,2,2,0,0,0,0,0,0,0,2,0,2,0,0,0,0,0,0,2,0,0,0,0,0,0,0,2,0,0,0,0,0,0,0,0,2,2,0,0,0,2,0,0,0,0,0,0,0,2,0,0,0,0,0,2,0,0,0,0,0,0,0,0,0,0,0,0,0,2,0,0,0,0,0,0,0,0,0,0,0,0,2,2,0,0,0,0,0,0,0,2,0,2,0,0,0,0,0,0,0,2,0,2,2,0,0,0,0,2,0,0,0,0,0,2,0,0,0,0,0,0,0,0,0,0,0,0,0,0,0,0,0,2,0,0,0,0,0,0,2,2,0,0,0,0,0,0,0,0,0,0,0,0,0,0,0,0,0,0,0,0,0,2,0,0,0,0,2,0,0,0,0,0,0,0,0,0,0,2,0,0,0,2,0,2,0,0,0,0,0,0,0,0,0,0,0,0,0,0,2,0,0,0,0,0,0,0,0,0,0,0,2,0,0,0,0,0,0,0,0,0,2,0,0,0,0,0,0,0,0,0,0,0,0,2,2,0,0,0,0,0,0,0,2,0,0,0,0,0,0,0,0,0,0,0,0,2,2,0,0,0,0,0,0,0,0,0,0,0,0,2,2,0,0,0,0,0,0,0,0,0,0,0,0,0,0,0,0,0,0,0,2,2,2,0,0,0,2,0,0,0,2,0,2,0,0,0,0,2,0,0,0,2,0,2,0,2,0,0,0,0,0,0,0,0,2,0,0,0,0,2,0,0,0,0,0,0,0,2,0,0,2,2,2,0,0,0,0,0,0,0,0,0,0,0,0,2,0,0,0,0,0,0,0,2,0,0,0,0,2,0,0,0,0,0,0,0,0,0,0,0,0,2,0,0,0,2,0,2,0,2,0,2,0,0,2,0,0,2,0,0,0,2,0,0,0,0,0,2,0,0,0,0,0,0,0,0,0,0,0,0,0,0,0,0,0,0,0,0,0,0,0,0,0,0,2,0,0,2,0,0,0,0,0,0,2,0,0,0,0,0,0,0,0,0,0,0,0,0,0,0,0,0,0,0,0,2,0,0,2,0,0,0,0,0,0,0,0,2,0,0,0,2,0,0,0,0,0,0,0,0,0,0,2,0,0,0,0,0,0,0,0,0,0,2,0,0,0,0,0,0,0,0,0,0,0,0,0,0,2,0,0,0,0,2,0,0,0,0,0,0,2,0,0,0,0,0,0,0,0,2,0,0,0,0,2,2,0,0,0,0,0,0,2,0,0,0,0,0,0,2,0,0,0,2,0,0,0,2,0,2,0,2,0,0,0,0,0,0,0,0,0,0,2,0,0,2,0,2,0,0,0,0,2,0,0,0,2,0,0,0,0,0,0,0,0,2,0,2,2,0,0,0,0,0,0,2,0,0,0,0,0,0,0,2,2,0,2,0,2,0,0,0,2,0,2,2,0,0,0,0,0,0,0,0,2,0,2,0,2,2,0,0,0,2,0,0,2,0,0,0,0,0,0,0,0,0,0,0,2,0,0,0,2,0,0,0,0,0,0,0,0,0,0,0,2,0,0,0,0,0,0,0,0,2,2,0,0,0,0,2,2,0,0,0,0,2,0,0,0,2,0,0,0,0,0,0,0,0,0,2,0,0,0,0,0,2,0,0,0,0,0,0,0,0,0,2,0,0,0,2,0,2,0,0,0,0,0,0,0,0,2,0,2,2,0,2,0,0,0,0,0,0,2,0,0,0,0,0,0,2,0,0,0,0,0,2,0,0,2,2,2,0,0,2,0,2,0,2,0,0,0,0,0,2,0,0,0,0,0,2,0,0,0,0,2,0,0,0,0,2,0,0,0,2,0,0,0,0,0,0,0,0,0,0,2,0,0,2,0,0,2,0,0,0,0,0,0,0,2,0,0,0,0,0,2,0,2,0,0,0,0,0,0,0,0,0,0,0,0,0,0,0,0,0,0,0,0,0,0,2,0,0,0,0,0,0,0,0,0,0,0,0,2,0,0,0,0,0,0,0,0,0,0,0,0,0,0,0,0,0,0,0,0,0,2,0,0,0,0,0,0,0,0,0,0,0,0,0,0,0,0,0,0,0,0,0,0,0,0,0,0,2,0,0,0,0,0,2,2,0,2,0,0,0,0,0,0,0,0,0,0,0,2,0,0,2,0,0,0,0,0,0,0,0,0,0,0,0,0,0,0,0,0,0,0,0,0,2,0,0,0,0,0,0,0,0,0,0,2,0,0,2,0,0,0,0,0,2,2,0,0,0,0,0,2,0,0,2,0,0,0,0,0,0,0,0,0,0,2,0,0,0,0,0,0,0,0,0,0,0,0,0,0,0,2,0,2,0,0,0,0,0,0,0,0,0,0,2,0,0,0,0,0,0,0,0,0,0,0,0,0,0,0,0,0,0,0,2,0,0,0,0,0,0,2,0,0,0,0,0,0,0,0,0,0,0,0,0,0,0,0,0,0,0,0,0,0,0,0,0,0,0,0,0,0,0,0,0,0,0,0,0,2,0,0,0,0,0,0,0,0,0,2,0,2,0,2,2,0,0,0,0,0,2,0,2,0,2,0,0,0,0,0,0,0,0,0,0,0,0,2,0,0,0,0,0,2,0,0,0,0,0,0,0,0,2,0,0,0,0,0,0,0,0,0,0,0,0,0,2,0,0,0,0,0,0,2,0,0,2,0,0,2,0,0,2,0,0,2,0,0,0,0,0,0,0,0,0,0,0,0,0,2,0,0,2,2,0,0,2,0,0,0,0,2,0,2,0,0,0,0,0,0,0,0,0,0,0,0,0,0,0,0,2,2,0,0,0,0,0,0,2,0,0,0,0,0,0,0,0,0,2,2,0,2,0,0,0,2,2,2,2,0,2,2,0,0,0,0,2,2,0,0,0,2,2,0,2,0,2,2,0,0,0,0,0,2,0,0,0,0,0,0,0,0,0,0,0,0,0,0,0,0,0,0,0,0,0,2,0,0,0,0,0,0,0,2,0,0,0,0,0,0,0,2,2,2,0,0,2,0,0,0,0,0,0,2,0,2,0,2,0,0,2,0,0,0,0,0,0,2,0,0,0,0,0,0,0,0,0,0,2,0,0,0,0,0,0,2,0,0,0,0,2,0,0,0,2,2,0,2,2,0,0,0,2,0,0,0,0,0,0,2,0,0,0,0,0,0,0,0,0,0,0,0,0,0,2,0,0,0,0,0,0,0,0,0,0,0,0,2,0,0,0,0,0,0,0,0,0,0,0,0,0,0,0,0,0,0,0,0,0,0,0,0,0,0,0,0,2,0,0,0,0,0,0,0,0,2,0,2,0,2,0,0,0,0,0,0,0,0,0,0,0,0,0,0,0,0,0,0,0,0,0,0,0,0,0,2,2,2,2,0,0,0,0,0,0,2,0,0,0,0,0,0,0,0,0,0,2,0,0,0,0,0,0,0,0,0,2,0,0,0,2,0,2,0,0,2,0,0,0,0,2,0,0,2,0,0,2,0,0,2,2,0,2,0,0,2,0,0,0,2,0,0,0,0,0,0,0,0,2,0,0,0,2,0,0,0,0,2,2,2,2,0,0,0,0,2,0,2,0,0,0,0,0,2,0,0,0,0,0,0,0,2,0,0,0,0,0,0,2,0,0,0,2,0,0,0,0,0,0,0,0,0,0,0,0,0,2,0,0,0,0,0,0,0,0,0,2,0,0,2,0,0,2,0,0,2,2,0,0,2,0,2,0,0,2,0,0,0,2,2,2,2,0,0,0,0,0,0,0,0,0,0,0,0,0,0,0,0,0,0,0,0,0,0,0,0,0,0,0,2,0,0,0,0,0,0,0,0,0,2,0,0,0,2,2,0,0,0,0,0,0,0,0,0,2,0,2,0,2,0,0,2,0,0,0,2,2,0,0,0,0,0,2,0,2,0,0,0,0,0,0,0,0,2,0,0,0,0,2,0,0,0,0,0,0,0,0,0,2,0,0,0,0,0,0,0,2,0,2,0,0,0,0,2,0,0,0,0,0,0,0,0,2,2,0,0,0,0,0,0,0,0,0,0,2,0,0,0,0,0,0,0,2,2,2,2,0,0,0,0,0,2,2,2,0,0,0,2,0,2,2,0,0,0,0,0,0,2,0,0,0,0,0,0,2,2,0,0,2,2,2,0,0,0,0,0,0,2,0,0,0,2,0,2,0,0,0,0,2,0,2,0,0,0,0,0,0,0,2,2,0,0,0,0,0,0,0,0,0,0,0,2,2,2,0,0,0,0,0,0,0,0,0,NA,2,NA,0,0,0,0,0,0,2,0,0,0,0,2,0,0,0,0,0,0,0,0,0,2,0,2,0,0,0,0,0,2,0,2,2,0,0,2,0,0,0,0,0,2,0,0,0,0,2,0,0,0,0,2,2,0,0,2,2,0,0,0,0,0,0,0,0,0,0,2,0,0,0,0,0,0,0,0,0,0,2,0,2,0,0,0,0,2,NA,0,NA,0,0,0,0,0,0,0,0,2,0,0,0,0,0,0,2,0,0,0,0,0,0,0,0,0,2,2,0,0,0,0,0,0,0,2,2,0,2,0,0,0,0,2,2,0,0,0,0,0,2,0,2,0,0,0,0,0,2,0,2,0,0,0,0,0,2,0,0,0,2,2,0,NA,2,2,0,2,0,0,0,2,0,0,2,0,0,0,0,0,0,2,0,0,0,0,0,0,0,2,0,0,0,0,2,0,2,2,2,0,0,0,0,0,0,0,0,0,2,0,0,0,0,2,0,2,0,2,0,0,0,0,0,0,0,0,0,0,0,0,0,0,2,0,0,2,0,2,0,0,0,0,0,0,2,0,0,0,0,0,0,2,0,0,0,0,0,0,2,0,0,2,0,0,0,0,0,0,2,0,2,2,0,2,0,0,0,0,0,2,0,2,0,0,2,0,0,0,0,0,0,0,0,0,0,0,0,2,0,2,2,2,2,0,2,0,0,0,0,0,2,0,0,0,0,0,0,0,2,2,0,0,0,0,0,0,0,0,2,2,0,0,0,0,2,0,0,0,0,0,0,0,0,2,0,0,0,2,0,0,0,0,0,0,0,0,0,0,2,0,0,2,0,0,0,0,0,0,2,0,0,0,2,0,0,0,0,0,0,0,0,0,0,0,0,0,0,2,0,0,0,0,0,0,2,2,0,0,0,0,0,0,0,0,0,0,0,0,0,2,0,0,0,0,0,0,NA,0,0,0,0,0,0,0,0,0,0,0,0,0,0,0,0,0,0,0,0,2,0,0,0,0,0,0,0,0,0,0,0,0,0,0,0,0,0,0,0,0,0,0,0,0,0,0,0,2,2,0,0,0,0,2,0,0,0,0,0,0,0,0,0,2,2,0,0,0,0,0,0,0,0,0,0,0,0,0,0,0,0,0,2,0,0,2,0,0,0,2,0,2,0,0,0,0,2,0,2,2,0,0,2,0,0,0,0,0,2,0,0,0,2,0,0,0,0,2,0,0,2,0,2,0,0,0,0,0,0,0,0,0,0,0,2,0,2,0,0,0,0,2,2,0,2,0,0,2,0,2,0,0,0,2,2,0,2,0,0,2,2,0,2,0,0,0,0,2,0,0,0,2,0,0,0,2,0,0,2,2,0,0,0,2,2,0,2,0,2,0,0,0,0,0,0,0,0,0,2,0,2,2,0,0,0,0,2,0,0,0,0,0,0,0,0,0,0,0,0,2,0,0,0,0,0,0,2,0,2,0,0,0,0,2,0,0,0,2,0,0,0,0,2,0,2,0,0,0,0,0,0,2,0,2,2,0,0,0,0,2,2,0,0,0,2,0,0,0,0,0,0,0,0,0,0,0,0,2,0,2,0,2,0,0,0,0,0,2,0,0,0,0,0,0,2,0,0,0,0,0,0,0,0,0,2,0,0,0,0,2,2,0,0,0,0,0,0,2,0,0,0,2,0,0,0,0,0,0,0,0,0,0,0,2,0,0,0,0,0,0,0,0,0,0,2,2,0,0,0,0,0,0,0,0,2,0,0,0,0,0,0,0,0,0,0,0,0,0,0,2,0,0,0,0,0,0,2,0,0,0,0,0,0,0,0,2,0,2,2,2,0,0,0,0,0,0,0,0,2,0,0,0,0,0,0,2,2,0,0,2,2,0,0,0,0,0,0,2,0,0,0,2,0,0,0,0,0,2,0,0,0,0,0,0,0,0,2,0,0,0,2,2,0,0,0,0,0,0,0,0,0,0,0,0,0,0,0,0,0,0,0,0,0,0,0,0,2,0,0,0,2,0,0,0,0,0,0,0,0,0,2,0,0,0,0,0,0,2,2,0,0,0,2,2,0,0,0,2,0,0,0,0,0,2,0,0,0,0,0,0,2,0,0,0,0,0,2,0,0,0,0,0,0,0,0,0,0,0,0,0,0,0,0,0,0,2,0,0,0,0,0,0,2,0,0,0,0,0,0,0,0,0,0,0,NA,2,0,0,0,0,2,0,0,0,0,0,0,0,0,0,0,0,0,NA,0,0,2,0,0,0,0,2,0,0,0,0,0,0,0,0,0,0,0,2,0,2,0,0,0,0,0,0,0,0,0,0,2,0,0,0,0,0,0,0
"CC38",0,2,0,0,0,0,0,0,0,0,0,0,0,0,2,2,0,0,0,0,2,2,0,0,0,0,0,0,0,2,0,2,0,0,2,2,0,2,0,0,2,0,2,2,2,0,0,2,0,0,0,2,0,2,0,2,2,0,0,0,0,0,2,2,0,0,0,0,0,2,0,0,0,2,0,0,0,0,0,0,0,0,0,0,0,0,0,0,2,0,0,2,0,0,2,0,0,0,0,0,0,0,0,0,0,0,0,0,0,0,0,0,0,0,0,0,0,0,0,2,0,0,2,2,0,0,2,0,2,0,0,0,0,0,0,0,0,0,0,0,0,0,0,0,0,0,2,0,0,0,2,0,0,0,0,2,0,0,0,0,0,0,0,2,2,0,0,0,2,2,0,2,0,0,0,0,0,0,0,2,0,0,0,0,0,0,0,0,0,0,0,2,0,0,0,0,0,2,NA,0,0,0,0,0,0,0,0,0,0,0,0,0,0,2,0,0,2,0,0,0,2,0,0,0,2,2,0,2,0,0,0,0,0,2,0,0,2,0,0,0,0,0,0,0,0,0,2,0,2,0,0,0,0,0,0,0,0,0,0,0,0,0,0,2,0,0,2,0,0,2,0,2,0,2,0,0,0,0,0,0,2,0,0,0,0,0,0,2,0,0,0,2,2,0,0,0,0,0,0,0,2,0,0,0,0,0,0,2,0,2,0,0,0,0,0,0,0,0,0,0,0,0,0,0,0,0,0,0,0,0,0,2,0,0,0,2,0,0,2,0,0,2,0,0,0,0,0,0,0,0,0,2,0,0,0,0,0,0,2,0,0,2,0,2,0,0,2,0,0,2,0,0,2,0,0,0,0,0,0,0,0,0,0,0,2,0,0,0,2,2,0,0,0,2,2,2,2,0,2,0,0,0,0,2,0,2,0,0,0,0,0,0,0,0,2,0,0,0,0,0,0,2,0,0,0,2,0,0,2,2,0,0,2,0,0,0,0,0,0,0,0,0,0,0,0,0,0,2,0,0,0,0,0,0,2,2,0,2,0,0,2,0,0,2,0,0,0,0,0,0,0,0,2,0,0,2,0,0,0,2,0,0,0,2,0,0,2,2,0,2,0,2,0,0,0,0,2,0,0,0,0,0,0,0,0,0,0,0,0,2,0,0,2,0,0,0,0,0,0,2,0,2,0,0,0,0,2,0,0,0,0,0,0,0,0,2,0,0,0,0,0,0,0,2,0,0,0,0,0,0,2,0,0,2,0,0,2,0,2,0,0,0,0,2,0,0,2,0,0,0,0,0,0,0,2,0,2,0,2,0,2,0,0,0,0,0,0,2,2,0,0,2,0,2,2,0,0,0,2,0,0,0,2,0,0,0,0,0,2,0,0,0,0,0,0,0,0,0,0,0,0,0,0,0,0,0,0,0,0,2,0,2,0,0,2,0,0,0,2,0,0,2,0,2,0,2,0,0,0,0,0,0,0,0,0,0,0,0,0,2,0,0,0,0,0,0,0,0,2,2,0,0,2,0,0,0,0,0,0,0,0,0,0,0,0,0,0,2,2,2,0,0,0,2,0,2,0,2,0,2,0,0,2,2,2,2,2,0,0,0,0,0,0,0,0,2,0,0,0,0,0,0,0,2,2,2,0,0,2,0,0,0,0,2,2,0,0,0,0,0,0,0,0,0,0,0,0,2,0,0,0,0,0,0,0,0,0,0,2,0,0,0,0,2,0,0,0,0,2,0,2,0,0,0,0,0,0,0,0,0,0,0,2,0,0,2,0,2,0,0,0,0,0,0,0,0,0,0,0,0,0,0,2,2,0,2,0,0,2,0,0,0,0,0,0,0,0,0,2,0,0,0,0,2,0,2,2,0,0,0,0,0,0,0,0,0,2,0,0,0,0,2,0,2,0,0,NA,NA,0,0,2,0,2,0,2,2,0,0,0,2,2,0,0,0,0,0,0,2,0,0,0,0,0,2,0,0,0,2,0,0,2,0,0,0,2,2,0,0,0,0,0,2,2,0,0,0,2,0,0,0,2,0,0,0,0,0,0,2,0,0,0,0,0,0,0,0,0,2,0,0,2,2,2,2,0,0,0,0,0,0,0,2,0,2,0,2,0,0,0,0,0,0,0,0,2,0,0,0,0,0,2,0,2,0,0,0,0,0,0,0,2,0,0,0,0,0,2,0,0,0,0,0,0,0,0,0,0,0,2,2,0,2,0,0,0,2,0,0,0,0,0,2,2,0,0,0,2,0,2,0,0,0,0,0,0,0,0,0,0,0,0,0,0,0,0,2,0,0,0,0,0,0,0,0,2,0,2,NA,0,0,0,0,0,0,2,0,0,2,0,2,0,0,0,0,0,0,0,0,0,2,0,0,0,0,2,2,2,0,0,2,0,0,NA,2,0,0,0,0,0,0,0,0,0,0,0,0,2,2,2,NA,0,0,0,0,2,0,0,0,2,0,0,2,0,0,0,2,0,0,0,2,0,0,2,0,0,0,0,0,0,0,0,0,0,2,0,0,0,2,0,0,0,0,2,0,0,0,0,2,2,0,0,0,0,0,0,2,0,2,2,0,0,0,0,2,0,0,0,0,0,0,0,0,0,0,2,2,0,0,0,0,0,0,0,0,0,2,0,0,0,0,0,0,0,0,0,0,2,0,2,0,0,2,0,0,0,2,0,0,0,0,0,0,0,0,0,0,0,2,0,0,0,0,0,2,0,0,0,0,0,0,0,2,0,0,0,2,0,0,0,0,0,0,2,0,0,0,0,2,0,0,0,2,0,0,0,0,0,0,0,0,0,2,0,0,0,0,0,0,0,0,0,0,0,0,0,0,0,0,0,0,0,0,0,0,2,0,2,2,0,0,NA,0,0,0,2,0,0,0,2,2,0,2,0,0,2,0,0,0,0,0,0,0,2,0,0,0,2,0,2,0,0,2,2,0,0,2,0,0,0,0,2,0,0,0,0,0,0,0,0,0,0,0,0,0,2,2,2,0,2,0,0,0,2,0,0,2,0,2,0,0,0,2,2,0,2,0,0,2,0,0,2,0,2,2,0,0,0,0,0,0,0,0,2,2,0,0,2,0,0,0,0,0,0,2,2,0,2,0,0,2,0,2,0,0,0,0,0,0,0,0,0,0,0,0,0,0,2,0,0,0,2,0,0,2,0,0,0,0,2,0,0,0,2,0,2,0,0,0,0,0,0,2,0,2,2,2,0,0,0,0,0,0,2,0,2,0,0,0,0,0,0,0,0,0,0,0,0,0,0,0,0,2,0,0,2,0,0,0,2,0,0,0,2,0,0,2,0,0,0,2,0,2,0,0,2,2,0,0,2,0,0,0,0,0,0,0,0,0,2,0,0,0,2,0,2,0,0,0,0,0,0,0,2,2,0,0,0,0,0,0,0,0,0,2,2,2,0,0,0,0,2,0,0,0,0,2,0,0,0,2,0,0,0,0,0,2,0,0,0,0,0,2,0,0,0,0,2,2,0,0,2,2,2,0,0,0,0,2,0,0,0,2,0,0,2,2,0,0,0,0,2,0,0,0,0,0,0,0,0,2,0,0,0,2,0,0,0,0,0,0,0,2,0,0,0,2,0,0,0,0,2,0,0,2,0,0,0,0,0,0,0,0,2,0,0,0,0,0,0,0,0,0,0,0,2,2,0,0,2,0,0,2,0,0,0,0,0,0,0,0,0,2,0,0,2,2,2,0,0,0,0,0,2,0,0,0,0,0,0,0,0,0,0,0,0,2,0,0,0,0,2,0,0,0,0,0,0,0,2,0,2,0,0,0,0,0,0,0,0,0,0,0,0,0,0,0,2,0,2,0,0,0,0,0,0,2,0,0,0,2,2,0,0,2,2,2,2,0,2,2,0,0,0,0,0,0,0,0,0,0,0,2,2,2,0,2,0,2,0,0,0,0,0,0,0,2,0,0,0,0,2,0,0,2,2,0,0,0,0,0,0,0,2,2,0,0,0,0,0,0,0,0,2,2,2,0,0,0,0,0,0,2,0,0,2,2,0,0,0,0,0,0,0,0,0,0,2,0,0,0,0,0,2,0,0,0,0,0,0,0,2,0,0,0,0,0,2,0,2,2,0,0,0,0,0,0,0,0,2,0,2,0,0,0,0,0,0,2,0,2,0,0,2,2,0,0,0,0,0,0,0,0,0,0,0,0,0,0,0,0,0,0,0,0,0,2,0,0,0,0,0,0,0,0,0,0,0,0,0,0,2,0,2,0,0,0,0,0,2,0,0,0,0,0,0,0,NA,0,0,2,0,0,0,0,0,0,0,0,0,2,0,0,0,0,0,0,0,0,0,0,2,0,0,2,0,0,0,0,2,0,0,2,2,0,0,0,2,0,0,0,2,0,2,0,2,0,2,0,0,0,0,0,0,0,2,0,0,0,0,0,0,0,0,2,0,0,0,0,0,2,0,0,0,0,0,2,0,2,0,2,0,0,0,0,2,2,0,0,0,0,2,0,0,0,0,0,0,0,0,0,0,0,0,0,0,0,2,0,0,0,2,0,0,0,0,0,0,0,0,0,0,0,2,2,0,0,0,0,0,2,2,0,0,0,0,0,0,0,0,0,0,0,0,0,0,0,2,2,0,0,0,0,0,0,0,0,0,0,0,0,0,0,0,2,0,0,0,0,0,0,2,0,0,0,0,0,0,2,0,0,0,0,0,0,0,0,2,0,0,0,0,0,2,0,0,0,0,2,0,2,0,2,0,0,0,0,0,2,2,0,2,2,0,0,0,0,0,0,0,0,0,2,0,2,0,0,0,0,0,0,0,0,0,0,0,0,0,0,0,0,0,0,0,2,0,0,2,0,0,0,0,0,0,0,0,0,0,0,0,0,0,0,2,0,0,2,2,0,0,0,0,0,0,0,2,0,0,0,0,0,0,0,2,0,0,0,0,0,0,2,0,2,2,2,2,2,0,0,2,0,0,2,0,0,0,0,2,0,2,2,0,0,0,0,0,0,2,0,0,0,0,0,0,0,2,0,0,0,0,2,0,0,0,0,0,2,0,0,2,0,2,0,2,0,2,0,0,0,0,0,0,2,2,0,2,0,0,0,0,0,0,0,0,0,0,0,0,0,0,0,0,2,0,0,2,0,2,0,0,2,0,2,0,0,0,2,2,0,2,0,0,0,0,2,0,0,0,0,0,0,0,0,0,0,0,0,0,2,0,0,2,0,0,0,2,0,0,0,0,0,0,0,0,0,0,0,0,0,0,0,0,0,0,0,0,0,0,0,0,0,0,0,2,0,0,0,0,0,0,0,0,0,0,0,0,0,0,2,0,0,0,0,0,0,0,2,0,0,0,0,0,0,0,0,0,0,0,0,0,2,0,0,0,2,0,0,0,0,0,0,0,0,0,0,0,0,0,0,0,0,2,2,0,0,0,0,0,0,0,0,0,0,0,0,0,0,0,0,0,0,0,0,0,2,0,0,0,0,0,0,0,0,0,0,0,0,0,0,0,2,0,0,0,0,0,0,2,0,0,0,0,0,0,0,0,0,0,0,2,0,2,0,0,0,0,0,0,0,0,0,0,0,0,0,2,0,2,0,0,0,2,2,2,0,0,0,2,2,2,0,0,2,2,2,0,2,0,2,2,0,0,0,0,0,0,0,2,0,0,2,2,0,0,0,0,0,0,0,0,0,0,0,0,0,0,0,0,0,0,0,0,0,2,2,0,0,0,0,0,2,2,0,2,0,0,0,0,0,0,0,0,0,0,0,0,2,0,2,0,0,0,0,NA,0,0,0,0,0,0,0,0,0,0,0,0,0,0,2,0,2,0,2,0,0,0,0,0,2,0,0,0,0,0,0,0,0,0,0,0,0,0,0,0,0,0,0,2,2,2,0,0,0,0,0,0,0,0,0,0,2,0,2,0,2,0,0,0,0,0,0,0,0,0,0,2,2,0,0,0,0,0,0,0,0,2,0,0,2,0,0,0,0,0,0,0,0,0,0,0,0,0,0,0,0,0,0,0,2,0,0,0,0,0,2,0,0,2,0,0,0,0,0,0,0,0,0,0,0,0,0,0,0,0,0,0,0,0,0,2,0,2,2,0,2,0,0,2,0,2,0,2,0,2,0,2,0,0,0,0,0,0,0,2,0,0,0,0,0,0,0,0,0,0,0,2,0,0,2,0,0,0,0,0,0,0,0,0,0,0,0,0,0,0,0,0,2,0,0,2,0,0,2,2,0,0,0,0,2,2,0,0,0,2,0,0,2,0,0,2,2,2,0,0,0,2,NA,2,0,0,0,0,0,0,0,0,0,2,0,0,2,2,0,0,2,0,2,0,0,0,2,0,0,2,0,0,0,0,0,0,0,0,0,0,0,0,2,0,2,0,0,0,0,2,0,0,2,0,0,2,2,2,0,0,0,0,2,2,0,0,0,2,0,0,0,2,0,0,0,2,2,0,0,0,0,2,0,0,0,0,0,0,0,0,0,0,0,0,0,0,0,0,0,0,0,0,2,0,0,0,2,0,0,0,0,0,2,0,0,0,0,0,0,0,2,0,0,0,0,0,0,0,0,0,0,2,0,2,0,0,0,0,0,2,0,0,0,0,0,2,0,0,0,0,2,0,0,2,0,0,0,2,0,0,0,0,2,2,0,2,0,2,2,0,2,0,0,0,0,2,0,0,0,2,0,0,0,0,0,0,0,2,0,0,0,0,0,0,0,0,0,0,0,0,2,0,0,2,2,0,0,0,2,0,0,0,0,0,0,0,0,2,0,0,0,NA,0,2,0,0,0,0,NA,2,2,2,2,0,0,2,0,0,0,0,0,0,0,0,0,0,0,0,0,0,0,0,0,0,0,0,0,0,2,0,0,0,0,NA,2,0,2,0,2,2,2,0,0,0,0,0,2,0,0,2,0,2,0,0,0,0,2,0,0,0,2,0,0,2,0,0,2,0,0,0,2,0,0,0,0,0,0,0,0,0,0,0,0,0,0,0,0,0,0,0,0,0,0,0,0,0,0,2,0,2,0,0,0,0,0,0,0,0,0,0,0,2,0,0,0,0,2,0,0,0,2,0,0,0,0,0,2,0,2,0,0,0,0,0,0,0,0,0,0,0,0,0,0,0,2,0,0,0,2,0,0,0,0,0,0,0,2,0,0,0,0,0,0,0,2,0,0,0,2,0,0,0,2,0,0,2,0,0,0,0,0,0,2,0,0,0,2,0,2,0,0,2,2,0,0,0,2,0,2,2,0,0,0,0,0,0,0,0,2,0,0,0,2,0,0,2,0,0,0,2,0,NA,0,0,0,2,0,0,2,0,0,0,0,0,0,2,2,0,0,0,0,0,0,2,0,0,0,0,0,0,0,0,0,0,0,0,0,2,0,0,0,0,0,0,0,0,2,2,0,0,0,0,2,2,0,2,0,2,2,2,2,0,0,0,2,2,0,0,2,0,2,0,0,0,0,0,0,0,0,0,2,0,0,0,2,0,0,2,2,0,0,0,2,2,2,0,0,2,2,0,0,0,0,2,0,2,0,2,0,0,0,0,0,2,0,0,2,0,2,0,0,0,0,0,2,2,0,0,0,0,0,0,0,0,0,0,0,0,0,0,0,2,0,0,0,0,0,0,0,0,2,0,0,0,0,0,2,2,0,0,0,2,0,0,2,0,0,0,0,0,0,0,0,0,0,0,0,0,2,0,0,2,0,0,0,2,0,0,0,0,0,0,0,2,2,0,2,0,2,0,0,0,2,0,0,0,0,0,0,0,2,0,2,0,0,0,0,0,2,0,0,0,2,0,0,0,0,2,2,0,0,0,0,0,0,0,0,0,0,0,0,0,0,0,0,2,0,0,2,2,2,0,2,2,0,0,0,2,0,0,0,0,0,0,0,0,0,2,2,0,0,2,2,0,2,NA,2,2,2,0,0,0,0,0,0,0,0,0,0,0,0,0,0,0,0,2,0,0,0,0,0,0,2,2,0,0,2,0,0,0,0,0,2,0,0,0,0,2,2,2,2,0,2,2,0,2,0,0,0,2,0,0,0,0,0,0,0,0,0,0,0,0,0,0,0,0,0,0,0,0,0,0,0,0,0,0,0,0,0,2,0,0,0,0,0,0,0,2,2,2,0,0,2,0,0,2,0,0,0,2,0,0,0,0,2,0,2,0,0,0,0,0,0,0,0,0,0,0,0,0,0,0,0,2,2,0,0,0,0,0,2,0,2,0,0,0,0,0,0,0,0,0,0,0,0,0,0,0,0,0,0,0,0,0,0,2,0,0,2,0,0,0,0,0,2,0,0,0,0,0,0,0,0,0,0,0,2,0,2,0,0,0,0,0,0,0,2,0,0,0,0,0,0,2,0,0,2,0,0,2,0,0,0,0,0,0,0,0,0,0,0,0,0,0,0,0,0,2,2,0,2,2,0,2,0,2,0,0,2,0,0,0,0,0,0,0,0,0,0,0,2,0,0,0,0,0,0,2,2,0,0,0,0,0,0,0,2,0,0,0,2,0,0,0,0,0,0,0,0,0,0,2,0,0,2,0,0,0,0,0,0,0,0,2,0,0,0,0,0,2,0,0,2,0,0,2,0,0,0,0,0,2,0,2,0,0,0,0,0,0,0,0,2,0,0,0,0,2,2,0,2,2,0,2,2,0,0,2,0,0,0,0,0,0,2,2,0,0,0,0,0,0,2,2,0,0,0,0,0,0,0,0,0,0,0,0,0,0,0,0,0,0,0,0,0,0,0,0,0,0,0,0,0,2,2,0,0,0,2,0,0,2,0,0,0,2,0,0,0,0,0,0,2,0,0,0,0,0,0,0,0,0,2,0,0,0,0,0,2,0,2,0,0,0,2,2,0,2,2,0,0,0,0,0,2,2,2,0,0,2,0,0,0,2,0,0,0,0,0,0,0,0,0,0,0,0,0,2,0,0,0,0,2,0,0,2,0,0,0,0,0,0,0,0,2,0,0,0,0,0,2,0,0,0,2,0,0,2,0,0,0,0,0,0,0,0,0,2,0,0,0,0,0,0,0,0,0,0,0,2,0,0,0,0,0,0,0,0,0,0,0,0,0,0,0,0,0,0,0,0,0,0,2,0,0,0,0,0,0,2,0,2,2,0,0,0,0,0,2,0,0,0,0,0,0,0,0,0,0,2,0,0,2,0,2,0,0,0,0,2,2,2,0,0,0,0,2,2,2,0,0,0,0,2,2,0,0,0,0,0,0,0,0,2,0,0,0,0,0,0,2,2,0,0,2,0,2,2,0,0,0,0,0,0,0,0,0,0,0,2,0,2,0,0,0,0,2,0,0,0,0,2,2,2,0,2,0,0,0,0,0,0,0,0,0,0,2,2,2,2,0,0,0,0,0,0,0,0,0,0,2,NA,0,0,0,2,0,0,2,0,0,0,0,0,0,0,0,0,0,0,0,0,0,0,0,0,0,0,0,0,2,2,0,0,0,0,2,0,0,0,2,0,0,2,0,2,0,0,0,0,0,0,0,2,0,2,0,0,0,0,0,0,0,0,0,0,0,0,2,2,0,0,0,0,0,0,0,0,0,0,0,0,0,0,0,0,0,0,0,0,0,0,0,0,0,0,0,0,0,0,2,0,0,0,0,0,0,0,0,0,0,0,0,0,0,0,2,0,0,0,0,0,0,0,2,0,0,2,0,0,0,0,0,2,2,0,0,0,NA,0,0,0,0,0,2,0,0,0,2,0,2,0,2,2,0,0,2,0,0,2,0,0,0,0,2,2,0,0,0,0,0,2,2,2,0,2,0,0,0,0,0,0,2,2,0,0,0,2,0,0,0,0,2,0,0,0,0,0,2,2,0,0,2,0,0,2,0,2,0,0,0,2,0,0,2,0,0,0,2,0,2,2,0,0,0,0,0,0,2,0,0,0,2,0,2,0,0,0,0,0,0,0,2,0,0,0,0,0,0,0,0,2,0,0,0,0,2,0,0,0,NA,0,0,0,0,0,2,0,0,2,0,2,0,2,0,2,0,0,2,2,0,2,2,0,0,0,0,0,0,2,0,2,0,2,2,0,0,2,0,2,0,0,0,0,2,0,0,0,2,0,0,0,0,0,0,0,0,0,0,2,0,0,0,0,0,0,0,2,0,2,0,0,0,0,2,0,0,0,0,0,2,0,0,0,0,0,0,2,0,0,0,0,0,0,2,0,2,0,0,0,0,2,0,0,0,2,0,0,2,0,0,0,2,0,0,2,0,0,0,2,0,0,0,0,0,0,0,0,2,0,2,0,0,0,2,2,0,0,0,0,0,2,0,0,0,2,0,0,0,0,2,0,0,0,2,2,0,0,0,2,0,0,0,0,0,0,0,0,0,0,0,0,0,0,2,0,2,0,0,0,0,0,0,0,0,0,0,0,0,0,0,0,0,0,0,0,2,2,0,0,0,2,0,0,2,0,0,2,2,2,0,0,0,0,0,2,0,0,0,0,0,0,0,0,0,0,0,0,0,0,0,2,0,0,0,0,0,0,0,0,0,0,0,0,0,0,0,2,2,0,0,0,2,0,0,0,0,0,2,0,0,0,0,0,0,0,0,0,0,0,0,2,0,2,0,2,0,2,0,0,0,2,0,0,2,0,0,2,0,0,0,2,0,2,0,0,0,2,2,0,2,2,0,0,0,0,0,0,2,0,0,2,0,0,0,0,0,0,0,0,0,0,0,0,0,0,0,0,2,0,0,0,0,2,0,2,0,0,0,2,2,0,0,2,2,2,2,0,0,0,0,2,0,0,0,0,0,0,0,0,0,0,0,0,0,0,0,0,0,0,2,0,0,0,0,0,0,0,0,0,0,0,0,0,0,0,0,0,0,0,0,0,2,2,0,0,0,0,0,0,2,0,0,0,0,0,2,NA,0,0,0,0,0,0,0,0,0,0,0,0,0,0,2,0,0,0,0,0,0,0,2,0,0,0,0,0,0,0,0,2,0,0,0,2,0,0,0,0,0,0,0,0,0,0,0,0,0,0,0,0,0,0,0,0,0,2,0,2,2,0,0,0,0,0,0,2,2,0,2,2,0,0,0,0,0,0,0,0,0,0,0,2,2,0,2,0,2,2,0,0,2,0,2,2,0,0,2,0,0,0,2,0,2,0,0,2,0,2,2,2,2,0,0,0,2,0,2,0,0,0,0,2,2,2,0,2,0,2,0,0,0,0,0,2,2,2,0,0,0,0,0,0,0,0,0,0,2,0,0,0,0,0,0,0,0,2,0,2,0,2,2,NA,2,0,2,2,0,0,0,0,0,0,0,0,0,0,0,2,2,0,2,0,0,0,0,0,2,2,2,0,0,0,0,0,2,2,0,0,2,0,0,0,0,0,0,0,0,0,0,0,0,0,0,0,0,0,0,0,0,0,0,2,2,0,0,0,0,0,0,0,0,2,0,0,2,2,2,0,0,0,0,0,0,0,0,0,0,0,0,0,0,0,0,0,0,0,0,2,0,2,0,0,0,0,0,0,0,2,2,0,0,2,0,0,0,0,2,2,0,0,2,0,0,2,0,0,0,0,2,0,2,0,0,2,0,0,0,0,0,2,0,0,2,2,2,0,0,2,2,0,0,0,0,0,2,0,0,0,0,0,2,2,2,0,2,0,2,0,2,0,0,2,0,0,0,0,0,0,0,0,0,0,0,2,0,0,0,0,0,0,0,0,0,0,2,0,0,0,0,2,2,2
"CC39",0,2,0,0,2,0,0,2,0,0,0,2,0,0,2,2,0,0,0,0,0,2,0,0,0,0,0,0,0,0,0,2,0,2,2,2,0,0,0,0,2,0,0,0,0,2,0,0,0,0,0,0,0,0,0,0,0,0,0,0,2,0,2,0,2,2,0,0,0,0,0,0,0,0,0,0,0,2,0,0,2,0,0,0,0,0,2,0,2,0,2,2,0,0,2,2,0,0,0,0,0,0,0,0,0,0,0,0,0,0,0,2,0,0,0,0,0,0,0,2,0,0,0,0,0,2,2,0,0,0,0,0,0,0,0,0,0,0,0,0,0,0,2,0,2,0,0,2,0,0,2,0,0,0,0,0,0,0,0,0,0,0,0,0,0,0,0,0,2,2,0,0,0,0,0,0,0,0,0,0,0,0,2,0,0,0,0,0,0,0,0,0,NA,0,2,0,0,2,0,0,2,0,0,0,0,0,0,0,0,0,0,0,0,0,0,2,0,0,0,0,0,0,0,0,2,0,0,2,0,0,2,0,0,0,0,0,0,0,0,0,0,0,0,0,0,2,2,0,2,0,0,0,0,0,0,0,0,2,0,0,0,0,0,2,0,0,2,0,0,2,0,2,0,2,0,0,0,0,0,0,0,0,0,0,0,0,0,0,0,2,0,0,0,2,0,0,2,0,0,0,0,0,0,0,0,0,0,0,NA,0,0,0,0,0,0,0,0,0,0,0,0,2,2,0,0,0,0,0,0,0,0,2,2,0,0,2,0,0,0,0,0,0,0,0,0,0,0,0,0,0,0,2,0,2,0,0,0,2,0,0,0,0,0,0,0,0,0,0,0,0,0,0,0,0,0,0,0,0,0,0,0,0,0,0,0,0,0,0,0,0,0,0,0,2,2,2,2,0,0,0,0,0,0,0,0,0,0,0,0,0,0,0,0,2,0,0,0,0,0,0,0,2,0,0,2,2,0,2,2,2,0,0,0,0,0,0,0,0,0,0,0,0,0,0,0,0,0,0,0,0,0,0,0,0,0,0,0,0,0,2,2,0,2,0,0,0,0,2,2,0,0,0,0,0,0,2,NA,0,0,2,2,0,0,0,0,0,2,2,0,2,0,2,0,0,2,2,0,0,0,0,2,0,0,0,0,0,0,0,2,2,0,2,2,0,0,0,2,0,0,0,0,0,0,0,2,2,0,0,0,0,2,2,0,0,0,0,0,0,0,2,0,0,0,2,0,0,2,0,0,0,0,0,0,0,2,0,0,0,0,0,0,2,0,0,0,0,0,0,0,0,0,2,0,0,2,0,0,0,0,2,0,0,0,0,0,2,0,2,0,2,0,0,0,2,0,0,2,0,2,0,0,0,0,2,0,0,0,0,2,0,0,0,0,0,0,0,2,0,0,0,0,0,0,0,0,0,0,0,0,0,0,0,2,0,2,0,0,0,0,0,0,0,2,0,2,0,0,0,0,2,0,0,0,0,0,0,0,0,0,0,2,0,0,0,0,0,0,0,0,0,0,0,2,0,0,0,0,0,0,0,0,0,0,0,2,0,0,0,0,0,0,0,0,0,0,0,0,2,2,0,0,0,0,0,0,0,0,0,2,0,0,0,2,2,0,2,0,0,0,0,0,0,2,0,0,2,0,0,2,0,0,0,0,2,2,2,0,0,0,0,0,0,0,0,0,0,0,0,0,2,0,0,0,0,0,0,0,0,0,0,0,0,0,0,0,2,0,0,0,0,0,0,0,0,0,0,0,0,0,0,0,0,0,2,0,2,2,0,0,0,0,0,0,0,2,2,0,0,0,0,0,0,2,0,0,0,0,2,0,0,0,0,0,0,0,0,0,0,0,0,0,2,2,0,0,0,2,0,0,0,2,0,2,0,0,0,2,2,2,0,2,2,2,0,0,0,2,0,0,2,0,2,2,0,2,0,0,0,2,0,2,0,0,2,0,0,2,0,0,0,0,0,0,2,2,0,0,0,0,0,0,0,0,2,0,0,0,0,0,0,0,0,0,0,0,0,2,0,0,0,0,0,0,0,0,0,0,2,2,2,0,0,0,0,0,2,0,0,0,0,2,0,0,0,0,0,0,0,0,0,0,0,0,0,0,0,0,0,0,0,0,0,0,2,2,0,0,0,0,2,0,0,2,2,0,0,0,0,0,0,0,0,0,0,0,0,0,0,0,2,0,0,0,0,0,0,0,0,2,2,0,0,0,0,0,2,0,0,0,0,0,2,2,0,0,0,0,0,0,0,0,0,0,0,0,0,0,0,0,2,0,0,0,0,0,0,0,2,0,0,2,0,0,0,2,0,0,0,2,0,0,0,0,0,0,0,0,2,2,0,0,0,0,0,0,2,0,0,0,0,2,0,0,0,2,0,0,0,0,0,0,0,0,0,0,0,2,0,0,0,0,0,0,0,2,2,0,0,0,0,0,0,0,0,0,0,2,0,0,0,0,0,2,0,0,0,0,0,0,0,2,0,0,2,0,0,NA,0,0,2,0,0,0,0,0,0,2,2,0,0,2,0,0,2,0,NA,0,2,0,0,0,0,0,0,0,0,0,0,0,0,0,0,0,NA,0,0,0,0,0,0,0,0,0,0,0,0,0,0,0,0,0,0,0,0,2,0,0,0,0,0,2,0,0,0,2,0,0,0,2,0,0,0,0,0,0,0,0,0,0,0,0,2,0,0,0,2,0,0,0,0,0,0,0,0,2,0,0,0,2,0,0,0,0,0,0,0,0,0,0,0,0,0,2,0,0,0,0,0,0,2,0,0,0,0,0,0,0,0,0,0,2,0,0,0,0,0,0,0,0,0,0,0,2,0,0,0,0,0,0,0,0,0,0,0,0,0,0,2,0,0,NA,0,0,0,0,0,0,0,0,0,2,0,0,0,2,0,0,0,0,0,0,0,0,0,0,0,0,0,0,0,0,0,0,0,2,0,0,0,0,0,0,0,0,0,0,0,0,2,0,0,0,0,0,0,0,0,0,0,0,0,0,0,0,0,0,0,0,0,0,0,0,0,2,0,0,0,0,0,0,0,0,0,0,2,0,0,0,0,0,0,0,0,0,0,0,0,0,0,0,0,0,2,0,0,0,0,0,0,2,0,0,0,0,2,0,0,0,0,2,0,0,0,0,0,0,0,0,0,2,0,0,2,0,0,2,2,0,0,2,0,0,0,0,0,2,2,0,0,0,0,2,0,0,2,0,0,0,0,0,0,2,0,0,0,2,0,0,0,0,0,0,0,0,0,0,0,0,0,2,0,0,0,0,0,2,0,0,0,0,2,0,0,0,0,2,2,0,0,0,0,0,0,0,0,0,0,0,2,0,2,0,0,0,0,0,0,0,0,0,0,2,0,0,0,0,0,0,0,0,0,2,0,0,0,0,0,0,0,0,0,0,0,0,0,0,0,0,0,0,0,0,0,2,0,0,0,0,0,0,0,0,0,0,0,0,0,2,0,0,0,0,0,0,0,0,2,0,0,0,2,0,0,2,0,0,0,0,2,2,2,0,0,0,2,0,0,0,2,0,0,0,2,2,0,0,0,0,0,0,0,0,0,0,2,0,0,0,0,0,0,0,0,0,0,0,0,0,2,0,0,0,0,0,0,0,0,0,0,0,2,0,0,0,0,0,0,0,0,0,0,0,0,0,0,0,0,0,0,2,0,0,2,0,0,0,0,0,2,0,0,0,2,0,0,0,0,0,0,0,0,0,0,0,0,0,0,0,0,0,0,0,2,0,0,0,0,0,2,0,0,0,0,0,0,0,0,0,0,2,2,2,0,0,0,0,0,0,0,2,2,0,0,0,0,0,0,0,0,0,0,0,0,0,0,0,2,0,0,0,2,2,0,0,0,0,0,2,0,0,0,2,0,0,0,0,0,0,0,0,0,0,0,0,0,2,0,0,0,0,0,2,0,0,0,0,0,0,0,2,0,0,0,0,0,0,2,0,0,0,0,0,0,0,0,0,0,0,0,0,0,0,0,0,0,0,0,0,2,0,0,0,0,0,0,0,0,0,0,0,0,0,0,0,0,0,0,0,0,0,0,0,0,2,0,0,0,0,0,0,0,0,0,0,0,0,0,0,0,0,0,0,0,0,0,0,0,0,2,0,0,0,0,0,0,0,0,0,2,0,0,0,0,2,0,0,0,0,0,0,0,0,0,0,2,0,0,0,0,0,0,0,0,0,0,0,0,0,0,0,2,NA,0,0,0,0,0,0,0,0,0,0,2,2,0,2,0,0,0,0,0,0,0,0,0,0,0,0,0,0,0,2,0,0,0,0,0,0,0,0,2,0,2,0,0,0,0,0,0,0,2,0,0,0,0,0,0,2,0,0,0,0,0,0,0,0,0,0,0,0,0,0,0,0,0,0,0,0,0,0,2,0,0,0,0,0,0,0,0,0,2,0,0,0,0,2,0,0,2,0,2,0,0,0,0,0,0,0,2,0,0,2,2,0,0,2,0,0,0,0,0,0,2,0,0,0,0,0,0,0,0,0,0,0,0,0,0,0,0,0,0,0,0,0,0,0,2,0,0,0,0,0,2,0,0,2,0,0,0,0,0,0,2,0,0,0,0,0,0,0,0,0,0,0,0,2,0,0,0,0,0,0,0,0,0,0,0,0,0,0,2,0,2,2,0,0,0,0,0,0,0,0,0,0,0,2,0,2,0,0,0,0,0,2,2,0,2,0,2,0,0,0,0,0,0,0,0,0,0,0,0,0,0,0,0,0,0,2,0,0,0,0,0,2,2,2,2,0,0,0,0,0,0,0,2,0,0,0,0,0,0,0,0,0,0,0,0,0,2,0,2,0,0,2,0,0,0,2,0,0,2,0,0,2,0,2,2,0,0,0,0,0,0,0,0,2,2,0,0,0,0,0,0,0,0,0,0,0,0,0,2,0,2,0,2,0,0,0,2,0,0,2,0,2,0,0,0,0,0,0,0,2,0,0,0,0,0,0,0,2,2,0,0,0,0,0,0,0,2,0,0,0,0,0,2,0,0,0,0,2,0,0,0,0,0,0,0,0,2,0,0,2,2,2,0,2,0,0,0,0,0,0,0,0,0,0,2,0,0,0,0,0,0,0,0,0,0,2,0,0,0,0,0,0,0,2,0,2,0,0,0,0,0,0,0,0,0,0,0,0,0,0,0,0,0,0,0,0,0,0,0,2,0,0,0,0,0,0,2,0,0,0,0,0,2,0,0,0,0,0,2,0,0,0,0,0,0,0,0,0,0,0,0,0,0,0,0,0,0,0,0,0,0,0,0,0,0,2,2,0,0,0,0,0,0,2,0,0,2,0,0,0,0,0,0,0,2,2,2,2,0,0,0,0,0,2,0,0,2,0,2,0,0,0,0,0,0,0,0,0,0,0,0,0,0,0,0,0,0,0,0,0,2,0,0,2,2,0,0,0,0,0,0,0,0,0,0,0,0,0,2,0,0,0,0,0,0,0,2,0,0,0,0,2,0,0,0,0,0,0,2,0,0,0,0,0,0,0,2,0,2,0,0,0,0,0,0,0,0,0,0,0,0,0,0,0,0,0,0,0,0,0,0,0,0,0,0,2,0,0,0,0,0,2,0,0,0,2,2,0,0,0,2,2,0,0,0,0,0,0,2,2,0,0,0,0,0,0,0,2,2,2,0,0,0,0,0,0,0,0,0,0,2,0,0,0,0,0,0,0,0,0,0,0,2,0,0,0,0,0,2,0,2,0,0,0,0,0,0,0,0,0,0,0,0,0,0,2,0,0,2,0,0,2,0,2,0,0,0,0,2,0,0,0,2,0,0,0,2,0,2,0,0,2,0,0,0,0,0,0,0,2,0,0,2,0,0,2,0,0,0,0,0,0,0,0,0,0,2,0,2,0,0,0,2,0,0,0,0,2,2,0,0,0,0,0,0,2,0,2,0,0,0,0,0,0,0,0,0,0,0,0,0,0,2,0,0,0,2,0,0,0,2,0,2,0,2,0,2,0,0,0,0,0,0,0,0,0,0,0,0,0,0,0,2,0,0,0,0,2,0,0,0,0,0,0,0,0,0,0,0,0,0,0,2,0,0,0,0,0,0,0,2,0,0,0,0,2,2,0,0,0,0,0,0,0,0,0,0,0,0,0,2,0,0,0,2,0,0,0,0,2,0,2,0,0,2,0,2,0,0,0,0,0,2,0,0,2,2,0,2,0,0,0,0,0,2,0,0,0,0,0,0,0,0,2,0,0,0,0,0,2,NA,2,0,0,2,0,0,0,0,0,0,2,0,0,0,0,0,0,2,0,0,0,0,0,0,0,0,0,0,0,0,2,0,0,0,0,0,0,0,2,2,0,0,0,0,0,0,0,0,0,0,0,0,2,2,2,0,0,0,0,0,0,2,0,2,0,2,2,0,0,0,0,0,0,2,0,0,0,0,0,0,0,0,0,2,0,0,0,2,0,0,0,0,0,0,0,2,0,0,0,2,0,2,0,0,0,0,0,0,0,2,0,0,0,2,0,0,0,2,2,0,2,0,0,0,0,0,2,0,2,2,0,0,0,0,0,0,0,0,0,0,2,0,0,2,2,0,0,0,0,0,0,0,0,0,0,0,0,0,0,0,0,0,0,0,0,0,0,0,0,0,0,0,0,0,0,0,2,0,2,2,0,2,0,0,0,0,0,0,0,0,0,0,0,2,0,0,0,0,0,0,0,0,2,0,0,0,0,0,0,0,0,0,0,0,0,0,0,0,0,2,0,0,0,0,2,0,0,0,0,2,0,0,0,0,2,2,0,0,0,0,0,0,0,2,2,2,2,2,0,0,2,0,0,0,0,0,2,0,0,0,0,0,0,2,2,0,0,0,0,0,0,0,2,2,2,0,0,2,0,0,2,2,0,0,0,0,0,2,0,0,0,2,0,0,0,0,0,0,0,0,0,2,2,2,0,0,0,2,0,0,0,0,0,0,0,0,0,0,2,0,0,0,0,2,2,0,0,0,0,0,0,0,0,0,0,0,0,0,0,0,0,0,0,0,0,2,2,2,0,0,0,2,0,0,2,0,0,2,0,0,2,0,0,2,0,0,0,0,0,2,0,0,0,0,0,0,2,2,2,0,0,0,0,2,2,0,0,0,0,0,0,0,2,0,0,0,0,0,2,0,0,0,0,0,0,0,0,0,0,0,0,0,0,0,0,0,0,0,2,0,0,0,0,0,0,2,0,0,0,0,0,0,0,0,0,0,0,0,0,0,0,0,0,0,0,0,2,0,0,0,0,0,0,0,0,0,0,0,0,0,0,0,0,0,0,0,0,0,0,0,0,2,0,0,0,0,0,0,0,0,0,0,0,0,0,0,0,0,0,0,0,0,0,0,0,0,0,0,0,0,0,0,0,0,0,2,0,NA,0,0,0,0,0,0,0,0,0,0,2,0,0,0,0,0,0,2,0,2,2,2,0,0,2,2,0,0,0,0,2,2,0,2,0,2,0,0,0,0,2,2,0,0,0,0,0,0,0,0,0,2,2,0,0,0,0,2,0,0,0,0,0,0,0,0,2,0,0,0,2,0,0,0,2,0,0,0,0,0,0,0,2,0,0,0,0,0,2,0,0,0,0,0,0,2,0,2,2,0,0,0,0,0,0,0,0,2,0,0,2,0,2,2,0,0,0,0,0,2,0,2,2,0,0,2,2,0,0,0,0,0,0,0,0,0,0,2,0,0,0,0,0,0,0,0,0,0,0,0,0,0,0,0,2,0,0,0,2,0,0,0,0,0,0,0,0,2,0,0,0,2,0,0,0,2,0,0,0,0,0,0,0,0,0,0,0,0,0,0,0,0,0,0,0,0,0,0,0,0,0,0,0,0,0,0,0,2,2,2,0,0,0,0,2,0,0,0,0,0,0,0,0,0,0,0,0,2,0,0,0,2,0,0,0,0,0,0,0,0,0,0,2,2,0,0,0,0,2,0,0,2,0,0,0,2,2,2,0,2,2,0,0,0,0,0,2,0,0,0,2,0,0,2,0,0,2,0,0,0,0,0,2,0,0,0,0,0,2,0,0,0,0,0,0,0,0,0,0,0,0,0,2,2,0,2,0,0,2,0,0,0,0,0,2,0,2,0,0,0,2,0,2,2,2,2,0,2,0,0,2,0,2,0,0,0,0,2,0,2,0,2,0,0,0,2,0,2,0,2,0,0,0,0,2,0,0,2,2,2,0,0,0,2,0,2,0,0,2,0,0,0,0,0,0,0,0,0,0,0,2,2,2,2,0,2,0,2,2,0,0,2,2,2,0,0,0,0,2,0,0,0,2,0,0,0,0,0,0,0,2,0,0,2,0,0,2,2,0,0,0,0,2,0,0,0,0,0,0,0,0,0,0,0,2,0,0,0,2,2,0,0,0,0,NA,2,2,0,0,2,0,0,0,0,0,0,0,0,0,0,0,0,2,0,0,0,0,2,2,0,0,0,0,0,0,0,0,0,0,0,0,2,0,0,0,0,0,0,0,0,0,0,2,0,0,0,0,2,0,0,0,0,0,0,0,0,0,0,0,0,0,0,0,0,0,0,0,0,0,0,0,0,0,0,0,0,2,2,0,0,0,2,0,0,0,0,2,0,0,0,0,0,0,0,0,2,0,2,0,0,0,2,0,2,2,0,2,0,0,0,0,0,0,0,0,0,0,2,0,0,0,0,0,0,0,0,0,0,0,2,0,0,2,0,0,0,0,0,0,0,0,0,0,0,2,0,2,2,0,2,0,2,2,0,0,2,2,0,0,2,0,0,0,2,0,0,2,0,NA,2,0,0,2,0,0,0,0,0,2,0,0,0,0,0,0,0,0,0,0,0,0,0,0,2,0,0,0,2,2,0,2,0,0,0,0,0,0,0,0,0,0,0,0,0,0,0,0,0,0,2,0,0,0,0,0,0,0,0,0,0,0,0,0,0,0,0,0,0,0,0,0,0,2,2,0,0,0,0,0,0,2,0,0,2,2,2,0,2,0,0,2,0,0,0,0,2,0,0,0,2,0,2,0,0,0,0,0,0,0,0,2,0,0,0,0,0,0,0,0,0,0,2,0,0,0,0,NA,2,0,0,0,0,0,0,0,0,0,0,0,0,0,0,0,0,0,0,2,0,0,2,2,2,0,0,0,0,0,0,0,0,0,0,0,2,0,0,0,0,0,0,0,2,2,2,2,0,0,0,0,0,2,0,0,0,0,0,2,0,0,2,0,0,0,0,0,0,2,0,0,0,0,0,0,0,2,0,0,2,0,2,0,0,0,0,0,2,2,0,0,0,0,0,2,0,2,0,0,2,2,0,0,0,0,0,0,0,0,0,0,0,0,2,2,2,0,0,0,0,0,0,0,0,0,2,0,0,2,0,0,0,0,2,0,0,0,2,0,2,0,0,0,0,0,2,0,0,0,0,2,0,0,0,0,2,0,0,0,0,2,0,0,0,0,0,0,0,0,0,0,0,0,0,0,0,2,0,0,0,0,0,2,2,0,0,0,0,0,2,0,0,0,0,2,0,2,0,0,0,0,0,2,0,0,0,0,0,0,0,0,0,0,0,0,0,2,0,0,0,2,2,0,0,0,NA,0,0,2,0,2,0,0,2,0,0,0,0,2,2,0,0,0,0,0,0,0,0,0,0,2,0,2,0,2,0,0,0,2,0,2,2,0,2,0,0,0,0,2,0,2,0,0,2,0,2,0,2,2,0,0,0,2,0,0,0,0,2,0,0,2,2,0,2,2,2,2,0,0,0,0,2,0,2,2,2,0,0,2,0,0,0,0,0,0,0,2,0,2,0,0,2,0,0,0,0,0,0,0,0,2,0,0,0,0,0,0,0,2,0,0,0,0,0,0,0,2,0,0,0,0,0,0,0,0,0,0,0,0,0,0,0,0,2,0,0,0,2,0,0,0,0,0,0,0,0,0,0,0,0,0,0,0,0,0,0,0,0,0,0,0,0,0,0,0,0,0,0,0,0,0,0,0,0,0,0,0,0,2,0,0,0,0,0,2,0,2,0,0,0,0,0,0,0,0,2,2,0,0,0,0,0,0,0,2,2,0,2,0,2,0,0,0,0,0,0,0,0,0,0,0,0,0,0,0,2,0,0,0,0,0,0,0,0,2,0,0,0,2,2,0,0,2,0,0,0,0,0,0,0,0,NA,0,0,2,0,0,0,0,2,0,0,2,2,0,2,0,0,0,0,2,2,0,2,0,0,2,2,0,0,2,0,2,0,2,0,2,0,2,0,0,0,0,2,0,0,2,0,0,2,2,0,0,0,2,0,0,0,0,0,0,0,0,0,0,0,0,0,0,0,0,0,0,0,0,0,2,2,2,2,0,0,0,0,0,0,2,0,2,2,2,0,2,2,0,0,0,0,0,2,0,0,0,0,0,2,0,0,0,0,2,2,0,0,0,0,0,0,0,0,0,0,0,2,0,0,0,0,0,0,0,0,0,2,2,0,0,0,0,0,2,2,0,0,0,0,0,0,0,0,0,0,0,0,0,0,0,0,0,2,0,0,0,0,2,0,0,2,0,0,0,0,0,0,0,0,0,2,0,2,0,0,2,2,0,0,0,2,2,0,0,0,2,2,0,0,0,0,0,0,0,0,0,0,0,0,0,0,0,0,0,0,0,0,0,0,2,0,2,2,0,0,0,2,0,0,0,0,0,0,0,0,2,0,0,0,0,2,2,2,0,0,2,0,0,2,0,0,0,0,0,0,0,0,0,0,0,0,2,0,0,0,0,0,0,0,0,0,0,0,0,0,2,0,0,0,0,0,0,0,0,2,2,0,0,2,0,0,0,0,0,0,0,0,0,0,0,0,0,0,0,0,2,2,0,0,0,0,0,2,0,0,0,0,0,2,0,0,0,0,0,0,0,0,0,0,0,2,0,0,0,0,0,0,0,0,0,2,2,0,0,0,0,0,0,0,0,0,0,0,0,0,0,0,0,0,0,0,0,2,0,0,0,0,0,2,0,0,0,0,0,0,2,0,0,0,0,0,0,0,2,2,0,0,0,0,0,0,0,0,0,0,0,0,2,0,0,0,0,0,0,0,0,0,0,0,0,0,0,0,0,0,0,0,0,0,0,2,0,0,0,0,0,2,0,2,0,0,0,0,0,0,0,2,2,0,2,0,0,2,0,2,0,2,0,0,0,2,0,0,0,2,0,0,0,0,0,2,0,2,2,0,0,0,0,0,2,0,2,0,0,0,0,0,0,0,0,0,0,0,2,2,2,0,0,0,0,0,2,0,2,0,0,2,0,0,0,0,NA,0,0,NA,2,0,0,0,0,0,2,0,0,2,0,2,0,0,0,0,0,0,0,0,2,0,2,2,0,2,0,NA,0,0,0,0,0,0,0,0,0,0,2,0,0,2,0,2,2,0,2,0,0,0,0,0,0,0,2,0,0,0,0,0,0,2,2,0,0,0,0,0,0,0,0,0,0,0,0,0,2,0,0,0,2,0,2,0,2,2,0,0,0,0,NA,2,2,0,2,2,0,0,0,2,0,0,2,2,0,0,0,0,0,0,0,0,2,2,0,2,0,2,0,0,0,0,2,0,0,NA,2,2,0,0,2,2,0,2,0,2,0,2,0,0,0,0,0,2,2,2,0,2,0,2,0,2,0,0,2,0,2,0,0,0,0,0,0,2,2,0,2,0,0,0,0,2,2,0,2,0,0,2,0,0,0,0,2,2,2
"CC4",0,2,0,0,2,0,0,0,0,0,0,0,0,0,0,2,0,0,2,0,2,0,0,0,0,NA,0,0,0,0,0,2,2,0,0,2,0,0,0,0,0,0,2,0,0,0,0,2,0,0,0,0,0,0,0,0,2,0,0,0,2,2,0,0,2,0,0,0,0,0,0,0,0,0,0,0,0,0,0,0,0,0,0,0,0,0,2,0,2,0,0,0,0,0,0,2,0,0,0,0,2,2,0,0,0,0,0,0,0,0,2,2,0,2,0,0,0,0,0,2,0,0,0,0,0,2,0,2,0,0,0,0,0,0,0,0,0,0,0,0,0,0,0,0,0,0,0,2,0,2,0,0,0,0,0,0,0,0,0,2,0,0,0,0,0,2,0,0,2,0,0,0,0,2,0,0,0,0,0,2,0,2,2,0,0,0,0,2,0,0,2,NA,0,0,2,0,0,NA,NA,0,0,0,0,0,0,0,0,0,2,0,2,0,0,0,0,0,0,0,0,2,2,0,2,0,2,NA,2,0,0,2,0,0,0,2,2,0,2,0,0,0,0,0,0,0,0,0,2,0,2,0,0,0,0,0,0,2,0,0,0,0,0,0,0,2,0,2,2,2,0,2,0,0,0,0,2,0,2,2,0,2,0,0,0,0,0,0,2,2,0,2,0,0,0,2,0,2,2,0,2,2,0,0,0,0,2,0,0,0,NA,0,0,2,0,0,0,0,0,0,0,2,0,2,0,0,0,0,0,0,0,2,0,2,2,0,0,2,0,0,2,0,0,0,0,0,0,0,0,0,0,0,2,2,2,0,0,2,0,2,0,0,2,0,0,2,0,2,2,0,2,0,0,0,0,2,2,0,0,0,0,0,0,0,2,0,0,0,0,0,2,2,0,0,0,0,0,0,0,0,0,0,0,2,NA,2,0,2,0,0,0,2,0,0,0,0,0,0,0,0,2,0,0,0,2,0,0,2,0,2,0,0,0,0,0,2,0,0,0,0,0,0,0,0,0,0,0,0,0,0,0,0,0,0,0,0,2,2,0,0,0,0,0,0,0,0,0,0,0,0,0,0,0,0,0,0,0,2,0,NA,0,2,2,0,0,0,2,2,2,0,0,0,0,0,0,0,2,0,2,0,0,2,0,0,0,0,0,0,0,0,2,0,0,2,2,0,0,0,NA,0,0,2,0,2,2,0,0,0,0,NA,0,0,0,0,0,0,0,2,2,2,0,2,0,0,0,0,0,0,2,2,0,2,0,0,0,2,2,0,0,0,2,2,0,2,0,0,2,0,2,2,0,0,0,0,0,0,0,2,2,0,2,2,2,0,0,2,2,0,0,0,0,0,0,0,0,0,2,0,2,0,2,2,0,2,0,0,0,0,2,2,2,0,0,0,0,0,0,0,2,0,0,0,2,0,0,0,0,2,0,0,0,0,0,0,0,0,2,0,0,0,0,0,0,0,0,0,2,2,0,2,0,0,0,0,0,0,0,0,0,0,0,0,0,0,0,0,0,0,0,0,0,0,2,0,2,0,0,2,NA,0,0,0,2,2,2,2,2,2,0,0,2,0,0,NA,0,0,0,0,0,2,2,0,0,0,0,0,0,0,0,0,2,0,2,0,2,0,0,2,0,0,0,0,0,0,0,0,2,0,0,0,0,0,0,0,2,2,0,0,0,0,2,0,2,0,0,0,0,0,0,2,0,2,0,0,0,2,0,2,0,0,0,0,0,0,2,2,0,2,2,0,0,0,0,0,0,0,0,0,0,2,0,2,0,0,0,2,2,0,0,0,0,0,2,2,0,0,NA,2,0,0,2,0,0,0,0,2,0,2,0,2,2,0,0,0,0,2,0,0,0,0,2,0,2,2,0,2,0,2,2,2,0,2,0,0,0,2,0,2,0,0,0,2,2,2,0,0,0,0,2,0,0,0,2,0,2,0,2,0,0,2,0,0,2,0,0,0,0,0,2,0,0,0,0,0,0,2,2,0,0,2,0,NA,0,0,0,2,0,0,0,0,0,0,0,0,0,0,0,2,2,0,0,0,0,0,0,0,0,0,0,2,0,0,0,0,NA,2,0,0,0,0,0,0,2,2,2,0,0,2,0,0,0,0,2,0,0,0,2,2,0,0,0,2,0,0,0,2,2,2,2,0,0,2,2,0,2,0,0,0,0,0,0,0,0,0,0,2,0,0,0,0,0,2,0,0,0,0,0,0,0,0,2,2,0,2,0,0,0,0,0,0,0,0,0,2,2,2,0,0,0,0,0,0,0,0,0,0,0,0,0,0,2,0,0,0,0,0,0,2,0,0,0,0,2,0,2,0,2,0,NA,0,0,2,2,0,0,0,2,0,0,2,0,0,0,0,0,0,0,0,0,0,0,2,0,0,0,0,2,0,0,0,0,0,0,0,0,2,0,0,0,0,2,0,0,0,0,2,NA,0,2,2,0,0,0,0,0,0,2,0,0,0,0,0,0,2,0,2,0,0,0,0,0,NA,0,0,2,0,0,0,0,0,2,0,0,0,0,0,0,0,0,2,0,0,0,0,0,2,0,0,2,2,0,0,0,0,2,0,0,0,0,2,2,2,0,0,0,0,0,0,0,2,0,0,0,0,0,0,0,0,0,0,0,0,0,0,0,0,0,2,0,2,0,2,2,2,0,0,0,2,0,0,0,2,0,2,0,0,0,0,0,0,0,0,0,2,0,0,0,2,0,0,0,0,2,2,0,0,0,NA,0,0,0,NA,0,0,0,0,NA,2,0,0,0,0,0,0,0,0,0,0,0,0,0,2,NA,2,0,0,0,0,0,0,2,2,0,0,0,0,2,0,0,0,2,0,0,0,0,0,0,0,NA,2,0,0,0,0,0,0,2,0,0,2,0,0,NA,2,0,0,0,0,0,0,2,2,2,2,2,0,2,0,0,0,0,0,0,0,2,0,2,0,0,0,0,0,0,0,2,0,0,0,0,0,0,0,2,2,0,0,0,0,0,2,2,0,0,0,0,0,2,0,0,0,0,0,0,2,0,0,0,0,2,0,0,0,0,0,NA,2,0,0,0,2,0,0,0,0,0,0,0,0,0,0,0,0,0,0,2,0,0,0,0,0,0,0,0,2,0,0,2,2,0,0,0,0,0,0,0,0,0,0,0,0,0,2,2,2,0,2,0,0,2,2,0,0,2,0,0,2,0,0,0,0,2,2,0,0,0,0,0,0,0,0,0,0,0,0,2,2,0,0,0,0,0,2,2,0,2,2,2,0,2,0,2,0,0,0,0,2,0,0,0,0,2,0,0,0,0,0,0,0,0,0,0,2,2,0,0,0,0,0,0,2,0,0,0,0,0,0,0,0,0,2,0,2,0,0,0,0,2,2,0,2,0,0,2,0,0,0,0,0,0,0,0,0,2,2,0,0,0,0,0,0,0,0,0,0,0,0,0,0,0,0,0,2,0,0,2,0,2,0,0,0,0,0,0,0,0,0,0,0,2,0,0,0,0,0,0,2,0,2,0,0,0,0,0,2,NA,0,0,0,0,0,0,0,0,0,0,0,2,0,0,0,0,0,0,0,2,2,0,0,2,2,0,0,0,0,0,2,0,0,0,0,0,2,0,0,0,0,0,0,2,0,0,0,2,0,0,0,2,0,2,0,0,0,0,0,0,0,0,0,0,0,0,2,0,2,0,0,0,0,0,0,2,0,2,2,0,0,0,2,2,2,0,0,0,2,0,0,0,0,0,0,0,0,0,2,0,0,0,0,0,0,0,0,0,2,0,0,0,0,2,2,0,0,0,0,2,0,0,0,0,0,2,0,2,0,0,0,0,0,0,2,2,0,0,0,NA,0,0,2,0,0,0,0,0,0,0,0,0,2,0,0,0,2,2,0,0,0,2,0,2,0,0,2,0,0,2,0,0,0,2,0,2,0,2,0,0,0,0,2,0,0,0,0,0,0,0,0,0,2,0,2,0,0,2,0,2,0,0,0,2,0,0,0,0,2,0,0,2,0,0,0,0,0,0,0,0,0,0,0,0,0,0,0,0,2,0,0,0,0,0,0,0,0,0,0,0,0,0,0,0,2,2,0,0,0,0,0,0,0,0,0,0,0,0,0,0,0,0,2,0,0,2,2,0,0,0,0,0,0,0,0,0,0,0,2,0,0,2,0,0,2,2,0,0,0,0,2,0,0,2,0,0,0,0,0,2,0,0,0,0,2,2,0,0,0,2,0,2,0,2,0,0,0,0,2,0,0,0,0,2,0,2,0,0,0,0,0,0,0,0,0,0,2,0,0,0,2,0,0,0,0,0,0,0,0,0,2,2,2,0,0,0,2,0,0,2,0,2,0,0,0,0,0,2,2,0,0,0,0,2,0,0,0,0,2,0,0,0,0,0,0,0,0,0,0,0,0,0,0,0,0,0,0,0,0,0,0,2,0,0,0,0,0,0,0,0,0,2,2,0,2,0,0,0,0,0,0,0,0,0,2,0,0,2,2,0,0,0,2,0,2,0,0,0,2,2,0,0,0,0,2,0,0,0,0,0,0,0,2,0,2,2,0,0,2,0,2,0,2,0,0,0,0,0,0,0,0,2,2,0,0,0,0,0,0,0,0,2,0,0,0,2,NA,0,0,2,0,0,0,2,0,0,0,0,0,0,2,0,0,2,0,2,0,0,2,2,2,0,0,0,0,0,0,2,0,0,0,0,0,2,2,0,0,0,0,2,2,0,2,0,0,0,0,0,0,0,0,0,0,0,0,0,0,0,2,0,0,2,0,2,0,0,0,0,0,0,0,2,0,2,0,0,0,0,0,0,2,0,0,0,2,0,0,0,0,0,0,0,0,0,0,0,0,2,0,0,0,0,0,2,0,0,0,0,2,0,0,0,0,0,0,0,0,0,2,0,0,0,0,0,0,0,0,2,2,2,0,0,0,0,0,0,0,0,0,0,0,2,0,0,0,0,2,0,0,0,0,0,0,2,0,2,2,0,0,0,0,0,0,2,0,0,2,0,0,2,0,0,0,0,0,0,0,0,0,2,2,0,0,2,0,0,0,0,0,0,0,0,0,0,0,0,0,NA,0,0,2,2,0,0,0,0,0,0,0,0,0,2,2,0,0,0,0,0,0,0,0,2,0,2,0,0,2,0,2,0,0,2,0,0,0,2,0,0,0,0,0,0,2,2,0,0,0,2,0,2,2,0,0,0,0,2,0,2,0,0,0,2,0,0,0,0,0,2,2,0,2,0,0,0,0,0,2,0,0,0,0,0,0,0,0,0,0,0,0,0,0,0,0,0,0,0,0,0,0,2,0,0,0,2,2,0,0,0,0,0,0,0,0,0,2,0,0,0,0,0,0,0,2,0,0,0,0,0,0,0,2,0,0,0,0,0,2,0,0,0,0,0,0,0,0,0,0,0,0,0,2,0,0,0,0,0,0,0,0,0,0,0,0,0,0,0,0,0,0,0,0,0,0,0,0,0,0,0,0,0,2,0,0,0,0,0,0,0,0,0,2,0,0,0,0,2,0,0,0,0,0,0,0,0,0,0,0,0,0,0,0,0,0,0,0,0,0,0,0,0,0,0,0,0,0,0,0,2,0,0,0,0,0,0,0,0,0,0,0,0,0,0,0,2,0,0,0,0,0,0,0,0,0,0,0,0,2,0,0,0,0,0,0,0,0,2,2,2,0,0,0,0,0,0,0,0,0,0,2,0,0,0,0,0,0,0,0,0,0,0,2,0,0,0,0,0,2,2,0,0,0,0,0,0,0,0,0,0,0,0,0,0,0,0,0,2,0,0,0,0,0,0,0,2,0,0,0,2,0,0,0,0,0,2,2,0,0,0,0,0,0,0,0,0,0,0,0,0,0,0,0,0,2,0,0,0,0,0,2,2,2,0,0,2,2,2,2,0,0,0,2,0,0,0,0,2,0,0,2,0,0,0,0,2,0,2,2,0,0,0,2,2,0,2,0,0,0,0,0,0,2,0,0,2,0,0,2,0,2,0,2,0,2,0,2,0,0,2,0,0,2,0,0,0,2,0,0,0,0,0,0,0,0,0,0,0,0,0,0,0,0,0,0,0,0,0,0,0,0,0,2,0,0,0,0,0,0,2,0,0,2,0,0,0,0,0,0,2,NA,0,0,0,0,0,0,0,0,0,0,0,0,0,0,0,0,0,0,0,2,0,0,2,0,0,0,0,0,0,0,0,0,0,0,0,2,0,0,0,0,0,0,0,2,0,0,2,0,0,0,0,0,0,0,0,0,0,2,0,0,2,0,0,0,0,0,0,0,0,0,0,0,2,0,0,0,0,0,0,0,0,0,0,0,2,0,0,0,0,0,0,0,0,2,0,0,0,0,2,2,0,0,2,0,0,2,0,0,0,0,0,0,2,2,0,0,0,2,0,0,0,2,0,0,0,2,0,2,0,0,0,0,0,0,0,0,0,0,0,0,0,2,0,0,0,2,0,0,0,0,2,0,2,0,0,0,0,0,0,2,2,0,0,0,0,2,0,0,0,2,0,0,0,2,0,0,0,0,2,0,0,0,0,0,0,0,0,0,0,0,0,0,0,0,0,0,0,0,0,0,0,0,2,2,2,0,0,0,0,0,0,0,0,0,0,0,0,0,0,0,0,2,2,0,0,0,2,0,0,0,0,2,0,0,0,0,0,0,0,0,0,0,0,0,0,0,0,2,2,0,0,0,0,0,0,0,0,0,0,2,0,0,0,2,0,0,0,0,0,0,0,0,0,0,0,2,0,0,0,0,0,0,2,0,0,0,2,0,0,0,0,0,2,2,0,0,0,0,0,0,0,0,0,0,0,0,0,0,0,2,0,0,0,0,0,0,0,0,0,0,0,0,NA,2,0,0,0,2,0,0,2,0,2,0,0,0,0,2,0,0,0,0,0,0,0,0,0,0,0,0,2,0,0,0,0,0,0,0,2,0,0,0,0,0,0,0,0,0,0,0,0,0,0,0,0,0,0,0,0,0,0,2,0,0,2,0,0,0,0,0,0,0,2,0,0,0,0,0,2,2,2,0,0,0,0,0,0,0,0,0,0,0,2,0,0,0,0,0,0,0,0,0,0,0,0,2,0,0,2,2,0,0,2,0,0,0,2,0,0,0,0,0,0,2,2,2,0,0,0,2,0,0,2,0,0,0,0,0,0,0,0,0,0,0,0,0,0,0,0,0,0,0,0,0,0,0,0,0,0,0,2,0,0,0,0,2,2,0,0,0,0,2,2,0,2,0,0,2,0,0,0,0,0,0,0,0,2,0,0,0,0,0,0,0,0,0,0,0,0,0,0,0,0,0,0,0,0,0,0,0,0,2,0,0,0,0,0,0,0,0,0,0,2,0,0,0,0,0,0,0,0,0,2,0,0,0,0,0,0,0,2,2,0,0,0,0,0,2,0,0,2,0,0,2,0,0,0,0,2,2,0,0,2,2,0,2,0,2,2,2,2,0,0,2,0,0,2,0,0,2,0,2,0,2,0,0,0,0,2,2,0,0,0,0,0,0,0,0,0,2,0,0,0,0,2,0,0,0,2,0,0,0,0,0,0,0,0,0,2,0,0,0,0,0,0,2,0,0,0,0,0,0,0,2,0,2,2,0,0,0,0,0,0,0,0,0,2,0,0,0,0,0,0,0,0,0,0,0,2,0,0,2,2,0,0,0,0,2,0,0,2,2,0,0,2,0,2,0,0,0,2,0,0,0,2,0,0,0,0,0,2,0,0,0,0,0,0,0,0,2,0,0,0,0,0,0,2,0,0,0,0,0,0,2,0,0,0,0,0,0,2,0,0,2,0,0,2,0,0,0,0,2,2,0,0,0,0,0,0,2,0,0,0,0,0,0,2,0,0,2,2,0,0,2,0,0,0,0,2,0,0,0,0,0,0,0,0,0,0,0,0,0,0,0,0,0,0,2,2,0,0,0,0,0,0,0,0,0,0,0,0,0,0,0,0,2,2,0,2,0,0,2,2,2,2,2,0,2,2,0,0,0,0,2,2,0,2,0,2,2,0,2,0,0,2,0,0,0,0,0,2,0,0,0,0,0,2,0,0,0,0,0,0,0,0,0,0,0,0,0,0,2,2,2,0,0,0,0,0,0,0,0,0,0,0,0,0,2,2,0,2,0,0,2,0,0,2,0,0,0,2,0,2,0,2,2,2,2,0,0,0,0,0,0,2,0,0,0,0,2,0,0,0,0,2,2,0,0,0,0,0,0,2,2,2,0,0,2,0,0,0,0,0,0,0,0,0,0,0,2,0,0,0,0,0,0,2,0,0,2,0,0,0,0,0,0,0,0,0,0,0,0,0,0,0,0,0,0,0,2,0,0,0,0,0,0,0,0,0,0,0,0,0,0,0,0,0,0,0,0,0,0,0,0,0,0,0,2,2,0,0,0,2,2,0,2,0,0,0,0,0,0,0,0,0,0,0,0,2,2,0,0,0,0,0,0,0,0,2,0,0,0,0,0,0,0,0,2,0,0,0,0,2,2,2,2,0,0,0,0,2,0,2,0,0,0,0,0,0,0,0,0,0,2,0,0,0,0,0,0,0,0,0,2,0,0,0,2,0,2,0,0,0,0,0,0,2,2,0,0,2,0,0,2,0,0,2,0,0,0,0,0,0,0,0,2,2,0,0,2,0,0,2,2,0,2,0,0,0,2,0,0,0,0,0,2,2,2,0,0,0,0,2,2,2,0,0,2,0,0,0,0,0,0,0,0,0,0,2,0,0,0,0,0,0,0,0,0,0,0,0,0,0,0,2,0,0,0,0,0,2,2,0,0,0,0,0,2,0,0,0,0,0,2,0,0,2,0,0,0,0,0,0,0,0,0,2,0,0,0,0,2,0,0,0,2,2,2,2,0,2,0,0,0,0,0,0,0,0,2,0,0,0,0,0,0,0,2,0,0,2,0,0,0,0,0,0,0,0,0,0,0,0,0,0,0,0,0,0,0,2,2,0,0,0,2,0,0,0,0,0,2,0,2,0,2,0,0,2,2,0,0,0,0,2,0,0,0,0,2,2,0,0,0,0,0,0,0,0,0,2,0,0,0,0,2,0,0,0,2,0,0,2,0,0,2,0,0,0,0,0,0,0,2,0,0,0,0,0,0,2,2,0,0,0,0,0,0,0,2,2,0,0,2,0,0,0,0,0,0,0,2,0,2,0,0,0,0,0,2,2,2,2,0,0,0,0,0,2,0,2,0,0,0,2,0,0,0,0,0,0,0,0,2,2,0,0,0,0,0,0,2,2,0,0,2,2,2,0,0,0,0,0,0,0,0,0,0,0,0,0,2,0,0,0,0,2,0,0,0,0,2,0,0,0,0,2,0,0,0,0,0,0,0,0,0,0,0,0,0,2,2,0,0,0,0,NA,0,0,2,0,0,2,2,0,0,2,0,0,2,2,2,0,0,2,0,0,0,0,2,0,0,0,0,0,0,2,2,0,2,2,2,0,0,0,2,2,0,0,0,0,0,0,2,2,0,0,0,0,0,0,0,0,0,2,2,2,0,0,0,0,0,0,0,0,0,0,0,0,2,2,0,0,0,0,0,0,0,0,0,0,0,0,2,0,0,0,0,2,0,0,0,0,0,0,0,0,0,0,0,2,0,0,0,0,0,0,2,0,0,0,0,0,2,0,0,0,2,0,0,0,0,0,0,0,0,0,0,0,0,0,0,2,0,0,0,0,0,0,0,2,0,0,0,0,0,0,0,0,2,0,0,0,0,0,0,0,0,0,0,0,2,0,0,0,0,0,0,0,2,0,2,0,0,2,0,0,0,0,0,0,0,0,0,2,2,0,0,0,0,0,0,0,2,0,0,0,2,2,2,0,0,0,0,0,0,2,0,0,0,0,0,2,0,0,0,0,0,0,0,0,0,0,0,0,0,0,0,0,0,0,0,0,2,0,0,0,2,0,0,0,0,0,0,0,2,0,0,0,0,0,0,2,0,0,0,0,0,0,2,0,0,2,0,0,0,0,0,0,2,0,0,0,0,2,0,0,0,0,0,0,0,0,0,0,2,0,0,0,0,0,0,2,0,0,0,0,0,2,0,0,0,0,0,0,2,0,0,2,0,0,2,0,2,0,2,0,2,0,0,2,0,0,0,2,0,0,0,0,0,0,0,0,0,0,0,0,0,0,0,0,NA,0,0,0,0,0,0,0,0,0,0,0,0,0,2,0,0,0,0,0,0,0,0,0,0,2,0,0,0,2,0,0,0,0,2,0,0,0,0,0,0,0,2,0,0,0,0,0,2,0,0,0,0,0,2,0,0,0,0,0,0,0,0,0,0,0,0,0,2,0,0,0,0,0,2,0,0,0,0,2,0,0,0,0,0,0,0,0,0,0,0,0,0,0,2,0,0,0,0,0,0,0,0,0,0,0,0,2,0,0,0,0,0,0,2,0,0,0,0,0,0,0,0,0,0,0,0,0,0,0,0,0,0,0,0,0,2,2,0,0,0,0,2,0,2,0,0,0,0,0,0,0,0,0,0,2,0,0,0,0,0,0,0,0,0,0,0,2,2,0,0,0,2,2,0,0,0,2,0,0,2,0,0,0,2,0,0,0,0,0,2,0,0,0,0,0,0,0,0,0,2,2,0,0,0,0,0,0,0,0,0,0,0,0,0,0,0,0,2,0,2,2,0,0,0,0,0,0,2,0,0,0,2,0,0,0,0,2,0,0,2,0,2,0,0,0,0,0,0,2,0,0,0,2,2,2,0,0,0,0,0,0,2,0,2,0,0,0,0,0,0,2,0,0,0,0,2,0,0,0,2,0,0,0,0,0,0,0,0,0,2,0,0,0,2,0,0,2,2,0,0,0,2,0,0,2,0,2,0,0,0,0,2,0,0,2,0,0,2,0,0,0,2,0,0,0,0,0,0,0,0,0,0,2,0,0,0,0,2,0,0,0,0,0,0,0,0,0,0,0,2,2,0,0,0,2,0,0,0,2,0,0,0,2,0,0,0,0,0,0,2,0,0,0,0,0,0,2,0,0,0,0,2,0,0,0,0,NA,0,0,0,0,0,0,0,0,0,0,2,2,0,0,0,0,0,0,2,2,0,0,0,0,0,0,2,0,2,2,0,0,0,0,0,2,0,0,0,0,2,0,0,0,2,0,0,0,0,0,2,0,0,2,0,0,0,0,2,0,0,0,0,2,2,2,0,2,0,0,0,0,0,0,0,0,0,2,0,2,0,0,2,0,0,0,0,0,2,0,0,0,0,0,0,0,0,2,0,2,2,0,0,0,0,0,0,2,0,0,0,0,2,0,0,0,0,0,0,2,2,0,0,0,0,0,0,0,0,2,2,0,0,0,0,0,2,2,0,0,0,0,0,0,0,0,0,0,0,0,0,0,0,0,0,0,2,0,0,0,2,0,0,2,2,0,0,2,0,0,2,0,0,2,0,0,2,2,2,0,0,2,0,2,0,0,0,2,0,0,0,0,0,2,0,0,0,0,0,2,2,2,0,2,0,0,2,0,0,NA,0,0,0,2,0,0,0,0,2,0,0,0,0,0,0,2,0,0,0,0,0,2,2,0,0,0,0,0,0,0,0,0,0,0,0,0,2,0,2,2,2,0,0,0,0,0,2,0,0,0,0,0,2,NA,0,0,2,0,0,2,2,0,0,2,0,0,0,2,0,0,0,0,0,0,0,2,0,0,0,0,0,0,0,0,0,0,2,0,0,0,0,2,2,2
"CC40",0,2,0,0,0,0,2,0,0,0,0,0,0,2,2,2,0,0,0,2,0,2,2,2,0,0,0,0,0,0,0,2,0,0,0,2,2,0,2,0,0,2,0,2,2,0,0,0,2,0,2,2,0,2,2,2,0,0,0,0,0,0,0,0,2,2,0,0,0,0,0,0,0,0,0,0,0,0,0,2,0,0,0,0,0,2,2,0,0,0,0,2,0,0,0,2,0,0,0,0,0,0,0,0,0,2,0,0,0,0,0,0,0,0,0,0,0,0,0,0,0,0,0,2,0,2,2,0,2,0,0,0,0,0,0,0,0,0,0,0,0,0,0,0,0,0,0,2,0,0,0,0,0,0,0,0,0,0,0,0,0,0,0,0,0,2,0,0,0,0,0,0,0,2,0,0,2,0,2,0,2,0,2,0,0,0,0,0,0,0,2,0,0,2,0,2,0,0,2,0,0,0,0,0,0,0,0,2,0,2,0,2,0,2,0,0,0,0,2,0,0,0,0,0,0,0,0,0,0,0,0,0,0,0,0,0,0,2,0,0,0,2,0,0,0,0,0,0,2,0,0,0,0,0,0,0,2,2,0,0,0,2,2,2,0,0,0,0,0,0,0,0,0,2,0,0,0,0,0,0,2,0,0,0,0,0,0,0,0,0,0,2,2,0,0,0,0,0,0,0,0,0,0,0,0,0,0,2,0,0,0,0,0,0,2,0,0,0,0,0,0,0,0,0,2,0,0,0,0,0,0,2,2,0,0,0,0,0,0,0,0,0,0,0,0,0,0,0,0,0,NA,0,2,0,0,0,0,2,0,0,0,0,0,2,0,0,0,0,0,0,2,0,0,0,2,2,0,2,0,2,0,2,0,0,0,0,2,2,0,0,0,0,0,0,0,0,NA,0,0,0,0,0,0,2,0,2,0,0,0,2,2,0,0,2,2,0,0,2,0,0,0,0,0,0,0,0,0,2,0,0,2,0,0,0,0,2,2,0,2,0,0,0,2,2,0,0,0,2,2,0,0,0,2,2,2,0,0,0,0,2,2,0,0,2,0,0,0,2,0,2,0,0,0,0,0,0,0,0,0,0,0,0,0,0,0,2,0,2,2,2,0,2,0,2,0,0,0,0,0,2,0,0,0,0,0,0,0,0,2,2,0,2,0,2,0,0,0,0,0,0,2,0,0,0,0,0,0,0,0,2,0,0,2,0,0,2,0,0,0,0,0,0,0,2,0,0,0,0,0,0,2,0,0,0,0,0,0,0,0,0,0,0,0,2,0,2,0,0,0,2,0,2,0,2,0,0,0,2,0,0,0,2,0,0,0,2,0,0,0,0,0,2,2,0,2,0,0,2,2,0,0,0,0,0,0,0,0,0,0,0,0,0,0,0,0,0,0,0,0,0,0,0,0,0,0,0,0,2,0,0,0,2,0,0,2,0,2,0,2,2,0,2,0,0,0,0,0,0,2,0,2,2,0,0,2,0,2,2,0,2,2,2,0,0,0,0,0,0,0,0,2,0,0,2,0,0,0,0,0,0,0,2,0,0,0,0,0,0,0,0,2,2,0,0,0,0,2,0,0,0,0,2,0,0,0,0,0,0,0,0,0,2,0,0,0,0,2,2,2,0,0,0,0,0,0,0,0,0,0,NA,2,0,2,0,0,2,0,2,0,0,0,0,2,0,0,0,0,0,2,0,2,2,0,0,0,2,0,2,0,0,2,2,0,0,0,2,2,0,0,0,2,0,0,0,2,0,2,0,2,0,0,2,0,2,0,0,2,0,0,0,0,0,0,0,0,2,0,0,0,0,0,0,0,2,2,2,2,0,2,0,0,0,0,2,0,0,0,0,2,0,0,0,0,0,0,2,0,0,0,0,0,0,2,0,0,2,0,0,0,0,2,0,0,0,0,0,0,2,2,0,0,0,0,0,0,0,2,0,0,2,2,2,2,0,2,0,NA,0,2,2,2,0,2,0,2,0,0,0,0,0,0,2,0,0,2,0,2,0,0,2,0,0,0,0,2,0,2,2,0,0,0,0,0,0,2,2,0,2,2,2,0,0,0,0,0,0,2,0,0,0,2,0,0,0,2,0,0,0,2,0,0,0,0,0,0,0,0,0,0,0,0,0,0,2,0,0,0,2,0,0,2,0,2,0,0,0,2,0,0,0,0,0,0,0,0,0,0,0,2,0,0,0,0,0,0,2,2,2,0,0,0,0,2,2,2,0,0,2,0,2,2,0,0,2,0,0,0,2,0,0,0,2,0,2,0,0,0,0,0,0,0,2,NA,2,0,0,0,2,0,0,0,0,2,2,0,0,0,2,0,0,0,0,0,2,2,0,0,0,0,0,0,0,0,0,0,0,0,2,0,2,2,2,2,2,0,0,0,0,2,2,0,0,2,2,2,0,2,2,0,0,0,0,0,0,2,2,0,0,0,0,2,2,0,0,0,0,0,0,2,0,0,2,2,0,0,2,0,0,2,2,2,0,2,2,0,0,2,2,2,2,2,0,0,0,0,0,0,0,0,2,0,0,0,0,0,2,0,0,0,2,0,2,0,2,0,0,0,0,0,0,0,2,0,2,0,0,0,0,0,0,2,0,2,0,0,0,0,0,0,0,0,0,0,0,0,0,0,0,0,0,2,0,0,0,0,2,0,0,0,0,0,0,0,2,2,0,0,0,0,0,2,0,0,0,2,2,0,0,0,0,2,0,0,0,2,0,0,0,0,0,0,0,0,0,0,0,0,0,0,0,0,0,0,0,0,0,2,0,0,2,0,0,0,0,0,NA,0,0,0,0,0,2,2,0,0,0,0,2,0,2,0,0,2,0,0,0,0,0,0,0,2,0,0,0,0,2,2,2,2,0,2,0,0,0,0,0,0,0,0,0,0,0,0,2,2,2,0,2,0,2,0,2,0,0,0,0,0,NA,2,0,0,2,0,0,2,0,0,2,0,0,2,0,0,0,0,0,0,2,0,0,0,0,0,0,0,2,2,0,0,0,0,0,0,0,0,2,0,0,0,0,0,2,2,0,2,0,0,0,0,0,0,2,0,2,0,0,0,0,0,0,2,2,2,0,0,0,0,0,0,0,0,2,0,0,2,0,2,0,0,0,2,0,0,0,0,0,0,0,0,0,0,2,2,2,0,2,0,0,0,0,0,0,0,0,0,0,0,0,0,2,0,0,0,0,0,0,0,0,0,0,0,0,0,0,0,0,0,0,0,0,2,0,0,2,0,0,2,0,2,0,2,0,0,0,0,0,2,0,0,2,0,0,0,2,2,0,0,0,0,2,0,0,0,2,0,0,0,0,0,0,0,0,0,0,0,0,0,0,0,0,0,0,0,0,0,2,0,2,0,0,0,0,0,2,0,0,0,0,0,0,0,0,2,0,0,0,0,0,0,2,0,0,2,2,0,0,0,0,0,0,0,0,2,2,0,2,0,0,0,0,0,0,0,0,0,0,0,0,2,0,0,0,0,0,0,0,0,0,0,0,0,0,2,0,2,2,2,2,0,0,0,0,0,0,2,0,NA,0,2,0,2,0,2,0,0,0,0,0,0,0,0,0,0,2,0,0,0,0,0,2,0,0,0,2,2,0,0,0,0,0,0,2,0,0,0,0,0,2,0,0,0,0,0,0,0,0,0,0,0,0,0,0,0,0,2,2,2,0,2,0,0,0,2,0,0,0,0,0,0,0,0,2,2,0,2,2,2,0,0,2,0,0,2,0,0,0,0,0,0,0,0,0,2,0,0,0,2,2,0,2,0,0,0,0,2,0,0,0,2,0,2,0,0,0,2,0,0,0,2,2,0,2,2,0,0,0,0,0,0,2,2,0,0,0,0,NA,0,2,0,0,2,0,0,0,0,0,2,0,0,0,2,0,0,0,0,0,2,0,0,0,0,0,0,0,0,0,0,0,0,0,2,0,0,0,0,2,0,0,0,0,0,0,0,0,0,0,0,0,0,0,0,2,0,0,0,0,0,0,0,0,0,0,0,0,0,0,0,2,0,0,0,0,0,0,2,2,0,0,0,0,0,0,2,0,0,2,2,0,0,2,0,0,0,0,2,0,2,0,0,0,0,0,2,2,0,0,0,0,0,0,0,0,0,2,0,2,0,0,2,2,0,0,0,2,0,0,0,2,0,2,0,0,0,0,2,0,0,0,0,0,2,0,0,2,0,0,0,0,0,0,0,0,0,0,0,0,0,0,0,0,0,0,0,0,0,0,0,0,0,0,0,0,2,2,2,0,0,0,0,0,0,0,0,0,2,0,0,0,0,2,0,0,0,2,0,0,0,0,0,0,2,0,0,0,2,0,0,2,0,0,2,0,2,0,0,0,0,2,2,0,0,2,0,0,2,0,0,2,0,0,2,0,0,0,2,0,0,0,0,2,0,2,0,0,2,0,0,0,0,0,0,0,0,0,2,0,0,2,0,0,0,0,0,0,0,0,0,0,0,0,2,2,0,0,0,2,0,0,2,0,0,2,2,0,0,0,0,0,0,2,2,0,0,2,0,0,2,0,0,0,2,0,0,0,0,0,2,0,0,0,2,0,0,0,0,0,0,0,0,2,2,0,0,0,0,0,0,0,0,0,0,2,0,0,0,0,0,0,0,0,0,0,0,0,0,0,0,0,0,0,0,0,2,0,0,0,0,0,0,0,2,2,0,0,0,2,2,2,0,0,0,0,0,0,2,2,2,0,0,0,0,2,2,0,2,0,0,0,2,0,0,2,0,2,0,2,0,0,2,0,0,0,0,0,0,0,0,0,0,2,0,0,0,0,0,0,0,0,0,0,0,0,0,0,0,0,0,0,0,0,0,0,0,0,0,0,0,2,0,0,0,2,0,2,0,0,0,0,0,2,0,0,0,0,0,2,0,2,0,0,2,0,0,0,2,2,0,0,0,0,0,0,0,2,0,0,0,2,2,0,0,0,0,0,2,2,0,0,0,0,0,0,0,2,0,0,0,0,0,0,0,0,2,0,0,0,0,0,0,0,2,0,2,0,0,0,2,0,0,2,0,0,0,0,0,2,0,0,2,0,0,0,0,2,0,0,0,0,2,0,2,0,0,0,2,0,0,0,0,0,0,0,0,0,0,0,0,0,2,0,0,0,2,0,0,2,0,0,0,2,2,0,2,0,0,2,2,0,2,2,0,0,0,2,0,0,2,0,0,2,0,0,0,0,0,0,0,0,0,0,2,0,0,0,2,0,0,0,0,0,0,0,0,0,0,0,0,0,0,0,0,0,0,0,0,0,0,0,0,2,0,0,2,2,0,0,0,0,0,0,0,0,0,0,0,0,0,2,0,0,0,0,0,0,0,2,0,0,0,0,0,0,0,0,0,0,0,0,0,2,2,0,0,0,0,0,0,0,0,0,0,0,0,0,0,0,0,0,0,0,0,0,0,0,0,0,0,0,0,0,0,0,0,0,0,0,0,0,0,0,0,0,0,2,2,0,0,0,2,0,0,0,0,0,0,2,0,0,0,0,0,0,0,2,2,0,0,0,2,0,2,0,0,2,0,0,0,0,2,0,0,2,2,2,0,0,0,0,0,0,0,0,0,0,0,0,2,0,0,2,0,0,2,0,0,0,0,2,0,2,0,2,2,0,0,0,0,0,0,2,2,0,0,0,0,0,0,0,0,2,2,0,0,0,0,0,2,0,0,0,0,2,0,0,0,0,0,2,0,2,0,0,0,2,0,2,0,0,0,2,0,0,0,0,2,2,0,2,0,0,0,0,0,0,0,0,0,0,0,0,0,0,2,0,0,0,0,0,0,0,0,0,2,0,0,0,2,0,0,0,0,2,0,0,2,0,0,0,2,2,0,2,0,0,2,0,0,2,0,0,0,2,2,2,0,2,0,2,0,0,0,0,0,0,0,0,0,0,0,0,0,0,0,0,0,0,2,0,2,2,2,0,0,2,0,0,0,2,0,0,2,2,2,0,0,0,2,0,0,0,0,0,0,0,2,0,0,0,0,2,0,2,0,2,0,0,2,0,0,2,0,0,0,0,2,0,0,0,0,2,0,0,2,0,2,0,0,0,0,2,2,2,2,0,0,2,0,0,0,0,0,0,0,2,0,0,0,0,2,2,2,NA,0,0,0,0,0,0,0,0,0,0,0,2,0,0,2,2,0,0,0,0,0,2,0,2,0,0,2,0,0,0,0,0,0,0,0,0,0,0,0,0,2,0,0,0,0,0,2,0,0,0,2,0,0,0,0,0,0,0,0,2,0,0,0,2,2,2,0,2,0,0,2,0,0,2,2,0,0,0,0,2,0,0,0,0,0,2,0,2,2,0,0,2,2,0,2,0,0,0,2,0,0,0,0,2,0,0,0,0,0,0,0,0,0,0,0,2,2,2,0,2,2,0,2,2,0,0,0,0,2,0,2,0,2,0,2,2,0,2,0,0,0,0,0,2,0,0,0,2,0,0,0,0,2,0,0,0,0,0,0,NA,0,2,2,0,0,0,0,0,0,0,0,2,2,2,0,0,0,2,0,2,NA,2,0,0,0,2,0,0,0,0,0,0,0,0,0,0,0,0,0,0,0,2,0,2,0,0,0,0,2,2,0,0,2,0,0,0,0,2,0,2,0,0,0,2,2,2,0,0,0,0,0,2,0,2,2,2,0,0,0,0,2,0,0,0,0,0,0,0,0,0,2,0,0,2,0,2,0,0,0,0,0,0,2,0,2,0,2,0,2,0,0,0,0,0,0,0,0,0,2,0,0,0,0,2,0,0,0,0,0,0,0,2,0,0,0,2,0,0,0,0,0,0,0,0,2,2,0,0,2,2,0,2,0,2,0,0,2,0,0,2,2,0,0,0,0,0,2,0,2,2,0,0,0,0,0,2,2,0,0,2,0,2,2,0,0,0,2,0,0,0,0,0,0,0,0,0,0,0,2,0,0,0,0,0,0,0,0,0,0,0,0,0,0,0,0,0,0,2,0,0,0,0,0,0,0,0,0,0,0,2,2,0,0,0,0,0,0,0,0,2,0,0,0,0,0,0,0,0,0,0,0,0,0,0,2,0,0,0,0,2,0,0,2,0,0,0,0,0,2,0,0,0,2,0,0,2,0,0,0,2,2,0,0,2,2,0,0,2,0,0,0,0,2,0,0,0,0,0,0,0,0,2,0,2,0,0,0,0,0,2,2,2,0,2,0,0,0,0,0,0,0,2,2,0,0,2,0,0,0,0,2,0,0,2,0,0,0,0,2,0,2,0,0,0,2,2,2,0,0,0,0,0,0,2,0,0,0,0,0,0,0,0,0,0,0,0,0,2,0,0,0,2,0,0,0,0,2,2,0,2,0,0,0,0,0,2,0,2,0,0,0,2,2,0,0,0,2,0,0,0,0,0,0,0,0,0,0,0,2,2,0,0,2,0,2,2,0,0,2,0,0,0,0,0,0,0,0,0,0,0,0,0,0,0,0,0,0,0,0,0,0,0,0,0,0,0,0,0,2,0,0,0,0,0,0,0,2,0,0,0,0,2,0,0,0,0,2,2,0,0,0,2,0,0,0,0,0,0,2,0,0,0,0,0,0,0,0,0,0,0,0,0,0,0,0,0,0,0,2,0,0,2,0,0,0,0,2,0,2,0,0,0,0,0,0,0,2,0,0,2,0,0,2,0,0,0,0,2,0,0,0,0,0,0,0,0,0,0,0,0,0,0,0,0,0,0,0,0,0,0,0,0,0,0,0,0,0,0,0,0,0,0,2,0,0,0,0,0,0,0,0,0,0,0,0,0,2,0,0,0,0,0,0,0,0,0,0,0,0,0,0,0,0,2,0,0,0,0,0,0,0,0,0,0,2,0,2,0,0,2,2,2,0,2,0,0,0,0,2,0,0,0,0,0,0,0,0,2,2,2,0,0,2,0,0,0,NA,2,2,0,0,2,0,0,0,0,2,0,0,0,0,0,0,0,2,0,2,0,2,0,0,0,2,2,2,0,0,2,0,2,0,0,0,0,0,0,0,0,0,0,0,2,0,0,0,0,0,0,2,0,0,0,0,0,0,0,2,2,NA,2,2,0,2,0,0,0,0,0,0,2,0,0,0,0,2,0,0,2,0,NA,0,0,0,0,0,0,0,0,0,0,2,0,0,2,0,0,0,2,0,0,2,0,0,0,0,0,0,2,0,0,0,0,2,0,0,0,2,2,2,0,0,0,0,0,0,2,0,0,0,0,0,0,0,0,0,0,0,0,0,0,0,2,2,0,2,2,0,0,0,2,0,0,0,0,0,0,2,0,0,2,0,0,0,0,0,0,0,0,0,0,0,0,0,0,0,0,0,2,0,0,2,0,2,0,2,0,0,0,0,0,0,0,0,0,0,0,0,0,2,2,0,0,0,0,0,0,0,0,0,0,2,0,0,0,0,0,0,0,0,0,2,0,2,0,2,0,2,0,0,2,0,0,0,0,0,0,0,0,0,0,2,0,0,0,0,0,0,0,0,0,0,0,0,0,0,0,2,0,0,0,0,2,0,0,0,0,0,0,0,2,0,0,0,0,0,0,0,0,2,0,2,0,0,2,0,0,0,0,2,0,2,0,2,2,2,2,2,0,0,0,0,0,2,0,2,0,0,2,2,2,0,0,2,2,0,0,0,0,0,2,0,2,0,0,2,0,0,0,0,0,0,0,0,0,0,2,2,2,0,0,0,2,0,0,2,0,0,2,2,2,0,2,0,0,0,0,2,0,2,2,0,0,0,0,0,0,0,0,0,0,0,0,0,2,2,2,0,0,0,0,0,0,0,2,0,0,0,0,0,0,0,0,0,0,0,0,0,0,0,0,0,2,2,0,0,0,0,0,0,0,0,0,2,0,0,0,0,0,0,0,0,0,0,0,0,2,2,2,0,0,2,0,0,0,0,0,0,0,0,0,0,0,0,0,0,0,2,0,0,0,0,0,0,2,0,0,2,0,0,0,0,0,0,0,0,0,2,0,0,0,2,2,0,0,0,0,0,2,0,0,0,0,0,0,0,2,0,0,2,0,0,0,0,0,0,2,2,0,0,2,2,0,0,0,0,2,0,0,0,0,0,2,2,0,0,0,2,0,0,0,2,0,0,2,2,0,2,2,0,2,0,0,2,0,0,2,0,0,NA,0,0,0,0,0,0,2,0,0,2,0,0,0,2,0,0,0,0,0,0,0,0,0,0,0,0,0,2,2,0,0,0,2,0,2,0,0,0,0,0,0,0,0,0,0,2,0,0,0,0,2,0,0,0,0,0,0,0,0,2,0,2,2,0,0,0,2,0,0,2,0,2,0,0,0,0,0,0,2,0,0,2,0,0,0,0,0,0,0,2,0,0,0,0,0,0,0,0,0,2,0,0,2,0,0,0,0,0,0,0,2,0,0,2,2,0,0,0,2,0,0,0,2,2,0,0,0,2,0,0,0,0,0,2,0,0,0,2,0,0,0,0,2,0,0,0,2,0,0,0,0,2,2,0,0,0,0,0,0,0,0,0,0,0,0,2,2,0,0,0,0,0,0,0,0,0,0,0,0,2,0,0,0,0,0,0,2,2,2,0,0,0,0,0,0,NA,0,2,2,0,0,0,0,2,0,2,0,2,2,0,2,0,0,0,0,0,0,2,0,0,0,0,0,0,0,0,0,0,0,0,0,0,0,0,0,2,2,0,0,0,0,2,2,0,0,0,0,2,0,0,0,0,0,2,0,0,0,2,0,0,0,0,0,2,0,2,0,0,2,0,2,0,0,0,0,0,0,2,2,0,2,2,2,0,0,0,0,0,0,0,0,0,0,0,0,0,0,2,2,2,0,0,0,0,0,0,0,0,0,0,0,0,0,0,2,0,0,0,0,0,0,0,0,0,0,0,0,0,0,0,2,2,0,0,2,2,0,0,0,0,2,0,0,0,2,0,0,0,0,0,0,2,0,0,0,0,0,2,0,0,0,2,0,0,0,2,0,0,0,0,0,0,0,0,0,2,0,0,2,2,0,2,0,0,0,2,0,0,0,0,0,0,0,0,0,0,0,2,2,0,0,2,0,2,0,2,2,0,0,2,0,2,0,2,2,0,2,0,0,0,0,0,0,0,0,0,0,0,0,0,0,2,2,0,0,2,0,0,0,0,0,0,0,0,0,0,2,0,0,0,2,0,0,0,0,0,0,0,0,0,0,0,0,0,2,2,0,0,0,2,0,0,2,0,0,2,2,0,2,0,0,0,0,2,0,0,2,0,0,2,0,0,0,0,2,0,0,0,0,0,0,2,2,0,0,2,0,2,0,0,0,2,0,2,0,0,0,2,0,0,0,0,2,0,2,0,0,0,0,0,0,0,0,2,0,2,2,0,2,0,0,0,2,2,2,2,2,2,0,0,0,0,0,0,0,2,2,2,0,0,0,0,2,0,0,0,2,0,2,2,0,0,0,0,0,0,0,0,0,2,2,2,0,0,0,0,0,0,0,2,0,0,0,0,0,0,0,0,2,0,0,0,0,0,2,2,0,0,0,0,2,2,0,0,0,0,0,0,0,0,0,0,0,0,2,0,0,0,0,0,2,0,0,0,0,0,0,0,0,0,0,0,0,2,2,0,0,0,0,2,0,0,0,0,2,0,0,2,0,0,0,0,0,0,0,0,0,0,0,0,0,2,0,0,2,0,0,0,0,0,0,0,0,2,0,0,2,0,0,2,2,0,0,2,0,0,0,2,2,0,0,0,0,0,2,0,0,0,0,0,0,0,0,0,0,2,0,0,2,0,2,0,2,0,0,0,0,0,0,2,0,0,2,0,0,0,0,0,0,0,0,0,0,2,0,0,0,0,0,0,0,0,0,2,2,0,0,0,0,0,0,0,0,0,0,2,0,0,0,0,0,0,0,0,0,0,2,0,2,2,0,0,0,0,2,0,0,0,0,0,0,0,0,0,0,2,0,0,0,0,0,0,0,0,0,0,0,0,0,0,2,0,0,0,0,2,0,0,0,0,0,0,0,2,0,0,0,0,0,0,0,0,0,0,0,0,0,2,0,0,0,0,0,0,0,0,0,2,2,0,0,2,0,0,0,0,0,0,0,0,2,0,0,2,0,0,2,0,0,0,0,0,0,0,0,0,0,0,0,2,2,0,0,0,0,0,0,0,0,0,0,2,0,2,0,0,0,0,2,0,0,0,0,0,0,0,0,2,0,0,0,0,0,0,0,0,0,2,0,0,0,0,0,0,0,2,0,0,0,0,0,0,0,0,0,0,0,0,0,0,2,0,0,0,0,0,2,2,0,0,2,0,0,0,2,2,0,0,0,0,0,0,0,0,0,0,0,0,0,0,2,0,0,0,2,0,0,0,0,0,0,0,2,0,0,2,2,0,0,0,2,0,0,0,0,2,0,0,0,0,0,0,0,0,0,0,0,0,0,0,0,2,0,0,0,0,0,0,0,0,2,0,2,0,0,0,0,0,0,0,0,0,0,0,0,2,0,0,0,0,0,0,0,0,2,0,0,0,0,0,2,0,0,0,0,0,0,0,2,0,2,0,2,0,0,0,0,0,2,0,0,0,0,0,2,2,0,0,0,0,0,0,0,2,0,0,0,2,2,2,0,0,2,0,0,2,0,0,0,0,0,0,0,0,0,0,0,0,2,0,0,0,2,0,0,2,0,0,0,0,0,0,0,0,0,0,0,2,0,0,0,0,0,0,2,0,0,0,2,0,0,0,2,2
"CC41",0,0,0,0,2,0,0,2,0,0,0,2,0,0,2,2,0,0,0,0,2,2,0,2,2,NA,0,0,0,0,0,0,0,2,2,2,0,0,0,2,2,0,2,2,2,2,0,2,0,0,0,2,2,2,0,0,2,0,0,0,2,0,0,2,0,0,0,0,0,2,0,0,0,0,0,0,0,2,0,0,2,0,0,0,0,0,2,0,0,0,2,0,0,0,2,0,0,0,0,0,0,0,0,0,0,0,0,0,0,2,0,2,0,0,0,0,2,0,0,2,0,0,2,0,0,0,2,2,0,0,0,0,0,0,2,0,0,0,0,0,0,0,2,0,2,0,2,0,0,0,2,0,0,0,0,0,0,0,0,0,0,0,0,2,2,0,0,0,2,0,0,2,2,0,NA,0,0,0,0,0,0,0,0,0,0,0,0,0,0,2,0,0,0,0,2,0,0,0,0,0,0,0,0,0,0,0,0,0,0,0,0,0,0,0,0,2,0,0,0,0,2,0,0,0,0,0,0,2,0,0,2,0,0,0,2,0,0,0,0,0,2,0,0,0,0,2,0,0,2,0,0,0,0,0,0,2,0,2,0,0,0,0,0,2,2,0,2,0,0,2,0,0,0,2,0,0,0,0,0,0,0,0,0,0,0,0,0,2,0,0,0,0,0,0,0,0,2,0,0,0,0,0,0,0,0,0,0,2,0,0,0,0,0,0,0,0,0,0,0,0,0,2,0,0,0,0,0,0,0,2,0,2,2,0,0,2,0,0,2,0,0,0,0,2,0,0,0,0,0,0,0,0,0,2,0,0,0,2,0,0,0,0,0,2,0,0,2,0,0,0,0,2,0,0,0,0,0,0,0,0,0,0,0,0,0,0,0,0,0,2,0,0,0,2,2,2,2,0,2,0,0,0,0,0,0,0,0,0,0,0,0,0,0,0,0,2,0,2,0,0,0,2,0,0,2,0,0,2,2,0,0,0,0,0,0,0,2,0,0,0,0,0,0,0,0,0,0,0,0,0,0,0,0,0,0,0,0,2,0,0,0,0,0,0,0,0,0,2,0,0,0,0,0,0,0,0,0,0,0,0,0,0,0,2,0,0,0,0,0,0,0,2,0,0,2,2,0,0,0,0,0,0,0,0,0,0,0,0,2,0,0,0,0,0,0,0,2,0,0,0,0,0,0,0,0,2,0,0,0,0,0,2,0,0,0,0,2,0,0,2,0,0,0,2,0,0,2,0,0,0,0,0,0,0,0,0,0,0,2,0,0,0,0,2,0,0,0,0,0,0,0,0,0,0,0,0,2,0,0,0,0,2,0,0,0,2,0,0,0,2,0,0,0,0,0,0,2,0,0,2,0,0,0,2,2,2,2,2,2,0,0,0,0,0,0,0,2,0,0,2,0,0,0,0,0,0,0,0,2,0,0,0,0,0,0,0,0,0,0,2,0,0,2,0,0,2,0,0,0,2,0,0,0,0,0,0,2,0,2,0,2,0,0,0,0,2,2,0,0,0,0,0,0,0,2,0,0,0,0,2,0,0,0,0,0,0,0,0,0,0,0,0,2,0,0,0,0,0,0,0,0,0,0,NA,0,0,2,0,2,2,0,0,0,2,0,2,0,2,0,0,0,0,2,2,2,0,0,0,0,0,0,0,0,0,0,0,0,0,0,0,0,0,0,0,0,0,2,0,2,0,0,0,2,0,0,0,0,0,0,0,0,0,0,0,0,0,0,0,2,0,0,0,2,0,0,0,0,0,0,0,0,0,2,2,0,0,0,2,2,0,2,2,0,2,2,0,0,0,2,0,0,0,0,0,0,0,0,2,0,0,2,0,0,0,2,0,0,0,0,0,0,2,2,0,0,0,2,0,0,0,2,0,0,0,0,0,0,2,0,0,2,2,2,0,0,0,0,0,0,0,0,2,2,0,0,0,0,0,2,0,2,0,0,0,2,0,2,2,0,0,0,0,0,2,0,0,0,2,0,0,0,0,0,0,0,0,0,0,0,0,0,0,0,0,0,0,2,0,0,0,0,0,2,0,0,0,0,2,0,0,0,0,0,0,0,2,2,2,0,0,0,0,0,0,0,0,0,2,0,0,0,0,0,0,2,2,0,0,0,0,0,0,0,2,2,0,0,0,2,0,0,2,2,2,0,0,0,0,0,0,0,0,0,0,0,0,2,0,0,2,0,0,2,0,0,0,0,0,2,2,0,0,0,0,0,0,2,0,0,0,0,2,2,0,2,0,0,0,0,0,0,0,0,0,2,0,0,2,0,2,0,0,0,0,0,0,0,2,0,0,0,0,0,0,2,0,0,0,2,0,0,2,0,0,2,0,2,2,2,0,0,0,0,0,0,2,2,0,0,0,0,0,0,0,2,0,2,0,0,0,0,0,0,2,0,0,0,0,0,0,0,2,0,2,0,2,0,0,0,0,0,0,0,0,2,2,0,0,0,0,0,2,2,0,0,0,0,0,2,2,0,0,2,0,2,0,NA,0,0,2,0,0,0,2,0,0,0,2,0,0,0,0,0,0,0,0,0,2,0,0,0,0,2,2,0,0,0,2,0,0,0,0,0,0,2,0,0,0,0,0,0,0,0,0,0,0,0,0,0,0,0,0,0,0,2,0,0,0,0,0,2,0,0,0,2,0,0,0,0,0,0,2,0,0,0,0,0,0,0,0,0,2,0,0,0,2,0,0,0,0,2,0,0,0,0,0,0,0,2,0,0,0,0,0,0,2,0,0,0,0,0,0,2,0,0,0,0,0,0,2,0,2,0,0,0,0,2,0,2,2,2,0,0,2,0,0,0,0,0,0,0,0,2,0,0,0,0,0,0,0,0,0,2,0,0,0,2,0,0,0,0,0,0,0,0,0,0,0,0,2,2,0,0,0,2,0,0,0,0,0,0,0,0,0,0,0,0,0,0,0,0,0,0,0,2,2,0,0,0,0,2,0,0,2,0,0,0,0,0,2,0,0,0,0,0,2,0,0,2,0,0,0,0,0,0,0,0,0,0,0,0,2,2,0,2,0,0,0,0,0,0,0,2,2,0,0,0,0,0,0,0,0,0,0,0,0,2,0,0,2,2,2,0,2,0,0,0,0,0,0,0,2,0,2,0,0,0,0,0,0,0,0,0,2,0,0,2,0,2,0,2,0,0,2,0,0,0,0,2,2,0,0,0,0,0,2,0,0,0,0,0,0,0,2,0,0,0,0,0,0,2,0,0,0,2,0,0,0,0,0,0,0,0,0,0,0,0,0,2,0,0,0,0,2,0,0,0,0,0,2,2,0,0,0,0,0,0,0,0,0,0,0,0,0,2,0,0,2,0,2,0,0,2,0,0,0,0,2,0,2,2,0,0,0,0,0,0,0,0,0,2,0,0,0,0,0,0,0,0,0,0,0,2,0,0,2,2,0,0,0,0,0,2,2,0,2,0,0,0,0,0,0,0,0,2,0,2,0,0,0,0,0,0,0,0,2,0,0,0,0,2,2,0,0,0,2,2,0,0,2,0,0,0,0,2,2,0,2,0,0,0,2,0,0,0,0,0,0,0,0,0,0,0,2,0,0,0,0,0,0,0,0,0,0,0,0,2,2,0,0,NA,0,0,0,0,0,0,0,0,0,0,0,0,0,0,0,0,0,0,0,0,0,0,0,0,0,0,0,2,0,0,2,0,0,0,0,0,2,0,2,0,2,0,0,0,0,0,0,0,0,0,0,0,0,0,0,0,0,0,0,0,2,0,0,0,2,0,0,0,0,2,0,0,0,0,0,0,0,2,2,2,0,0,0,0,0,0,0,2,0,2,0,0,0,0,0,0,0,0,0,0,0,0,0,0,2,0,0,0,2,2,0,0,0,0,0,2,0,2,0,2,0,0,0,0,0,0,0,0,0,0,0,0,0,2,0,0,0,0,0,2,0,0,0,0,0,0,0,0,0,0,0,0,0,0,2,0,0,0,0,0,2,2,0,0,0,0,0,2,0,0,0,0,2,2,0,0,0,0,0,0,2,2,0,0,0,0,0,0,0,0,0,0,0,0,0,0,0,0,0,2,0,2,0,0,0,0,0,0,0,0,0,0,0,0,0,0,0,0,0,0,0,0,2,0,0,0,0,0,0,2,2,0,0,0,0,0,2,0,0,0,0,2,0,0,0,0,0,0,0,0,0,0,2,0,2,0,0,0,0,0,0,0,0,2,0,0,0,0,0,0,0,0,0,0,0,0,0,0,0,0,0,2,0,0,2,0,0,0,0,0,0,0,0,2,0,0,0,0,0,0,0,0,2,0,0,0,0,0,2,2,0,0,0,0,0,0,2,0,0,0,0,2,0,0,0,2,0,0,0,0,0,0,0,0,0,0,0,0,0,0,0,0,0,0,0,0,0,0,2,0,2,0,0,0,0,0,0,0,0,0,0,0,0,2,2,0,2,0,0,0,0,0,0,0,0,0,2,0,0,2,2,0,0,2,0,0,0,0,0,2,2,0,0,0,0,0,0,0,0,0,0,0,0,0,0,0,0,2,0,0,0,0,2,0,2,0,0,0,0,0,0,0,0,2,0,0,2,0,0,0,2,0,0,0,0,0,0,0,0,0,2,0,0,2,0,0,0,0,0,0,0,0,0,2,0,0,0,0,2,0,2,2,2,0,0,0,0,0,0,0,0,0,0,2,0,2,0,0,0,2,0,2,2,0,2,0,2,0,0,0,0,0,2,0,0,0,0,0,0,0,2,2,0,0,0,2,0,0,0,2,0,0,0,2,2,0,0,0,0,0,0,0,2,0,0,0,2,0,0,0,0,0,0,0,0,0,0,0,0,0,0,2,0,0,0,0,0,0,0,0,0,2,0,0,0,0,0,0,0,0,0,0,0,2,2,0,0,0,0,0,0,0,0,0,0,0,0,0,0,2,0,0,0,0,0,0,2,0,2,2,2,2,0,2,2,0,0,0,2,0,2,0,0,0,0,0,0,0,2,0,0,2,0,0,0,0,2,0,2,0,0,0,2,0,0,NA,2,2,0,0,0,0,0,0,0,0,2,0,0,2,2,2,0,0,2,0,0,0,0,0,2,0,2,0,2,0,0,0,0,0,2,0,2,2,2,2,0,0,0,0,0,0,0,2,0,2,0,0,0,2,0,0,2,0,0,0,0,0,0,0,2,0,0,0,0,0,0,0,0,2,0,0,2,0,0,0,2,0,0,0,0,0,2,0,0,0,0,0,0,0,0,2,2,0,0,0,0,0,0,0,0,0,2,0,0,2,2,0,0,0,0,0,0,0,2,2,2,2,0,0,0,0,0,0,2,0,2,0,2,0,0,0,0,0,2,2,2,2,0,0,0,0,2,0,0,0,0,0,2,0,0,0,0,2,2,0,0,0,0,0,0,0,0,0,0,2,2,0,0,0,2,0,0,2,2,0,0,0,0,0,0,0,0,0,0,0,NA,0,0,2,0,0,0,0,2,0,2,0,0,0,0,2,0,0,0,0,0,0,0,0,0,0,0,0,2,2,2,0,2,0,0,0,0,0,0,0,0,2,0,0,0,0,0,0,0,0,0,2,0,2,0,0,0,0,0,0,0,0,0,0,0,2,0,0,0,2,0,0,2,2,2,2,0,2,0,0,0,0,2,2,0,0,0,0,0,0,0,2,2,2,0,0,2,0,2,0,0,2,2,2,2,2,0,0,0,0,0,0,0,0,0,0,0,0,2,2,0,2,0,0,0,0,0,0,0,0,0,0,0,0,0,0,0,0,0,2,2,0,0,0,0,2,0,0,0,0,0,2,0,0,0,0,2,2,0,0,0,0,2,0,2,0,0,0,0,0,0,0,0,2,0,0,0,0,0,2,0,0,0,0,0,0,2,0,0,2,2,2,0,0,0,0,0,0,2,0,0,0,2,0,2,0,0,0,0,0,0,0,0,0,0,0,0,2,0,0,0,0,0,0,0,0,0,0,0,0,2,0,0,0,2,0,2,0,2,0,2,0,0,0,0,0,0,0,0,0,0,0,0,0,0,0,2,0,0,0,0,2,0,0,0,0,0,0,0,0,0,0,0,0,0,0,0,0,0,0,0,2,0,0,0,0,0,0,0,0,2,0,0,0,0,2,0,2,0,0,0,2,0,0,2,2,0,0,2,0,0,0,0,0,0,0,0,0,0,0,0,0,0,0,0,0,2,0,0,2,2,0,0,0,0,0,0,0,2,0,0,0,0,0,0,0,0,2,0,0,2,0,2,2,0,2,0,0,0,0,0,0,0,0,0,2,2,0,0,2,0,0,0,0,0,0,0,0,0,0,0,0,0,0,0,2,2,0,0,0,0,0,0,2,2,0,0,2,0,0,0,0,0,0,0,0,0,2,2,2,0,0,2,0,0,0,2,0,0,0,2,0,0,0,0,2,0,0,0,0,0,0,0,0,0,0,2,0,0,0,0,2,0,0,0,0,0,0,2,2,2,0,0,0,2,0,0,0,0,2,0,0,0,0,2,0,0,0,0,0,0,0,0,2,0,0,0,2,0,0,0,0,0,0,0,0,0,0,0,0,0,0,0,2,0,0,0,0,2,2,0,0,0,0,0,0,0,0,0,0,2,2,0,0,0,0,0,0,0,0,0,0,0,0,0,0,0,0,0,0,0,0,0,2,0,0,0,0,0,0,0,0,0,2,0,0,0,0,0,0,0,0,0,2,2,0,2,0,2,0,0,0,0,0,0,0,0,0,0,0,2,0,0,0,0,0,0,0,0,0,2,2,0,2,0,0,0,2,0,2,0,0,0,0,0,0,0,0,2,0,0,0,2,0,2,0,0,0,0,0,0,0,0,0,0,0,0,0,2,0,0,0,0,0,0,0,0,2,0,0,0,0,0,0,0,0,2,0,2,0,0,0,0,0,0,2,0,0,0,0,0,0,2,0,0,0,2,0,0,0,0,0,0,0,0,2,0,0,0,0,0,0,2,2,0,0,2,0,0,0,0,0,0,0,2,0,0,0,2,0,0,0,0,0,2,0,2,0,0,0,0,2,0,0,0,0,2,0,0,0,0,0,0,0,0,0,0,0,0,0,2,0,0,2,2,0,0,2,0,0,0,2,0,0,0,0,0,2,2,2,0,0,2,0,0,0,0,2,0,0,0,0,0,0,0,0,2,0,0,2,2,2,0,0,0,0,0,0,2,0,0,0,0,2,0,0,0,0,0,0,2,0,0,0,0,0,2,2,0,2,0,0,0,0,0,0,0,0,0,0,0,2,0,0,0,0,0,0,2,0,0,0,0,0,0,0,0,0,0,0,0,0,0,0,0,0,2,0,0,0,0,2,2,2,2,0,0,0,0,0,2,0,0,0,0,0,0,2,0,0,0,0,0,0,0,0,2,2,0,0,0,0,0,0,0,0,0,2,0,0,0,0,0,0,0,0,0,0,0,0,0,0,0,2,0,0,0,0,0,0,0,2,0,0,2,0,2,0,2,0,0,0,0,2,2,0,0,0,0,0,0,0,2,0,0,0,0,0,0,0,0,0,0,0,0,0,0,0,0,0,2,2,0,2,0,0,0,0,0,0,2,2,2,2,0,0,0,0,0,0,0,0,0,0,0,0,0,0,0,0,2,2,0,0,0,0,0,0,0,0,0,0,0,0,0,2,2,2,0,0,0,0,0,0,2,0,0,0,0,0,0,0,0,0,0,0,0,0,NA,0,0,0,0,0,0,0,0,2,2,0,0,0,0,0,2,0,0,0,2,0,2,0,0,0,0,0,0,0,0,0,0,0,0,0,0,2,2,0,0,0,2,2,2,0,2,0,0,0,0,0,0,0,0,0,0,0,0,0,0,0,0,2,0,0,2,2,0,0,0,0,0,0,0,0,0,0,0,0,0,0,0,0,2,0,2,0,0,2,0,0,0,0,0,0,0,0,0,0,2,0,0,0,0,0,0,0,0,0,0,0,0,0,0,0,0,0,0,0,0,0,2,2,0,2,0,0,0,2,2,2,0,0,0,2,2,0,2,0,0,2,0,0,0,0,2,2,0,0,0,0,2,2,0,2,2,0,2,2,0,0,0,0,0,0,0,0,2,2,2,0,0,0,0,2,0,0,0,0,0,0,0,0,2,0,0,2,0,0,2,0,0,2,0,0,0,2,0,2,0,2,2,0,0,2,0,0,0,0,0,2,0,0,0,0,2,0,0,0,0,0,0,0,0,0,0,0,2,0,2,2,0,0,0,0,0,0,0,0,0,0,2,0,0,0,0,0,0,0,0,0,0,0,0,0,2,0,0,0,0,2,0,0,0,2,0,0,0,0,0,0,2,0,0,0,0,0,0,0,0,0,0,0,0,0,0,0,0,0,2,2,0,0,0,0,2,0,0,0,0,0,0,0,0,0,0,0,0,0,2,0,0,0,0,0,0,0,0,2,0,2,0,2,0,0,0,0,0,0,0,0,0,0,0,2,0,0,0,0,0,0,0,0,0,0,0,0,0,2,2,2,2,0,0,0,0,2,0,2,0,0,0,0,0,0,0,0,0,0,2,0,0,0,0,0,0,0,0,0,2,0,0,0,0,0,2,0,0,2,0,0,0,0,2,0,0,2,0,0,2,0,0,2,2,0,2,0,0,0,0,0,2,0,0,0,0,0,0,0,2,0,0,0,0,0,2,0,2,2,0,2,0,0,0,0,0,2,0,0,2,0,0,0,0,0,0,0,0,0,0,0,0,0,0,0,0,0,0,2,0,2,2,0,2,0,2,2,0,2,2,2,0,0,2,0,0,0,2,0,2,2,0,NA,2,0,0,0,0,0,0,2,2,0,0,0,0,0,0,2,0,0,0,0,0,2,0,0,2,0,0,0,2,2,2,2,0,0,0,0,0,0,0,0,0,0,0,0,0,0,0,2,0,0,2,0,0,0,0,0,0,0,0,2,0,0,0,0,0,0,0,0,0,0,0,0,0,0,0,0,0,0,0,0,0,0,0,0,2,0,0,0,2,0,0,0,0,0,0,0,2,0,0,0,0,2,0,0,2,0,0,0,0,0,0,0,0,0,2,0,2,0,0,0,0,0,2,0,0,2,0,NA,2,0,0,0,0,0,0,2,2,2,0,0,0,0,0,2,0,0,0,0,0,0,0,0,0,2,0,0,0,0,0,0,0,0,0,0,2,0,0,0,0,0,0,0,2,2,2,2,0,2,2,0,0,2,0,2,0,0,0,2,2,2,2,0,0,0,0,0,2,2,0,0,0,NA,0,0,0,2,0,0,2,0,2,0,0,0,0,0,0,2,0,0,0,0,0,2,0,0,0,0,2,2,0,0,0,0,0,0,0,0,2,0,0,0,0,0,0,0,0,0,0,0,2,0,0,0,0,0,0,0,0,0,0,0,0,0,2,NA,0,0,0,0,0,0,0,0,0,0,0,2,0,0,0,0,0,0,0,0,0,0,0,2,0,0,0,0,0,2,0,2,2,0,0,2,0,0,0,0,0,0,0,0,0,0,2,0,0,2,0,0,2,0,0,0,2,0,2,0,0,0,2,0,0,0,0,2,0,0,0,2,0,0,0,0,0,0,2,0,2,0,0,2,0,2,0,0,0,0,0,0,0,0,0,0,0,2,0,0,0,2,0,0,0,0,0,0,0,2,0,0,0,0,2,2,0,0,0,2,0,0,0,2,2,2,2,0,0,0,0,2,2,0,0,0,0,2,2,2,2,0,0,0,0,0,2,0,2,2,0,0,0,0,2,0,0,0,2,2,0,0,2,2,0,2,0,0,0,2,0,2,0,0,0,0,0,0,0,2,0,2,0,0,2,2,0,2,0,0,0,2,2,0,2,2,0,0,0,0,0,0,0,0,2,0,2,0,0,2,0,0,0,2,0,0,0,0,0,0,0,0,0,0,0,0,0,0,0,0,2,0,0,0,0,2,0,0,0,0,0,0,0,2,0,0,0,0,0,2,0,0,0,0,0,0,0,0,0,2,0,0,0,0,0,0,0,0,2,2,0,2,0,0,0,0,0,2,0,2,0,0,0,0,0,0,0,0,2,2,0,0,0,0,0,0,0,2,2,0,2,0,2,0,0,0,0,0,0,0,0,0,0,0,0,0,2,0,0,0,0,0,0,0,0,0,2,2,0,0,0,0,2,0,0,0,0,0,0,0,0,0,0,0,NA,2,0,2,2,0,0,2,0,2,2,2,0,0,2,2,0,0,0,0,2,0,2,0,0,2,2,0,0,2,0,2,0,2,0,2,0,2,0,0,0,0,0,0,0,2,0,0,2,2,0,0,0,2,0,0,0,0,0,0,0,0,0,0,0,0,0,0,0,0,2,0,0,0,0,2,2,0,2,0,0,0,0,0,2,0,0,2,0,2,0,2,2,0,0,2,0,0,0,0,0,0,0,0,0,0,2,0,0,2,0,0,0,0,0,0,0,0,0,2,0,0,0,0,0,0,0,2,0,0,2,0,2,2,0,2,0,0,2,2,2,0,0,2,0,0,0,0,0,2,0,0,0,0,0,0,0,0,0,0,0,0,2,2,2,0,0,2,2,2,2,0,0,0,0,0,2,2,2,0,2,2,0,0,2,0,0,2,0,0,0,0,2,0,2,2,0,0,0,0,0,0,0,0,0,0,2,0,0,0,0,0,0,0,0,0,0,0,2,2,0,0,2,0,0,0,NA,0,0,0,0,2,0,0,0,0,2,2,2,2,0,0,0,2,2,0,0,0,0,2,0,0,0,0,0,0,2,2,0,0,2,0,0,0,0,2,0,0,0,0,2,2,0,0,0,0,0,0,0,0,2,2,0,0,0,0,0,0,2,2,0,2,0,0,0,0,0,0,0,0,0,2,2,0,0,0,2,0,2,0,0,0,0,0,2,0,0,0,0,0,2,0,0,0,0,0,0,2,0,0,0,2,0,0,0,2,2,0,0,0,0,0,0,0,2,2,0,0,0,0,0,2,0,2,0,0,0,2,2,2,0,0,0,0,0,0,0,2,0,0,0,2,0,0,2,0,0,0,0,0,2,0,0,0,0,0,0,NA,0,2,0,0,2,0,0,0,0,0,2,0,0,0,0,0,0,2,0,0,2,0,2,2,0,2,0,0,2,0,2,0,0,0,0,0,2,0,2,0,2,2,0,0,0,2,0,0,0,0,2,0,2,2,0,0,0,2,0,0,2,0,2,0,0,0,2,0,0,0,2,2,2,2,0,0,NA,2,0,0,0,0,2,0,0,0,0,0,0,0,0,2,2,2,0,2,2,0,0,0,2,0,0,2,2,0,0,0,0,0,0,2,0,2,0,0,0,0,0,2,2,0,2,2,2,2,0,0,0,0,0,2,2,0,0,2,0,0,2,0,0,0,0,0,0,0,0,0,0,0,0,0,0,2,2,0,0,0,0,0,0,2,0,2,0,0,2,0,0,0,0,0,2,0,2,2,2,2,0,2,0,0,2,0,2,0,0,0,0,0,0,2,2,0,0,2,0,0,0,0,0,0,2,2,2,2,0,0,0,0,0,0,0,2,0,2,2,0,0,2,0,0,0,0,2,0,2,NA,0,0,2,0,0,0,0,2,0,0,NA,2,0,0,0,0,2,0,0,0,2,2,0,0,0,0,0,2,2,2,2,0,2,0,2,2,2,2,0,2,0,2,0,2,0,0,0,0,2,2,0,2,0,0,0,0,2,2,0,2,0,2,2,0,2,0,0,2,0,NA
"CC42",0,0,0,0,0,0,0,2,0,0,0,2,2,0,2,0,0,0,2,0,2,2,0,0,0,0,0,0,0,2,0,0,NA,0,2,0,0,2,0,2,2,0,0,0,0,2,0,2,0,0,0,0,0,0,0,0,2,0,0,0,2,0,2,0,2,0,0,0,0,0,0,0,0,0,0,0,0,0,0,2,0,0,0,0,0,0,2,0,2,0,0,2,0,0,2,0,0,0,0,0,0,0,0,0,2,0,0,0,0,0,0,2,0,0,0,0,0,0,0,2,0,0,0,0,0,0,0,0,0,0,2,0,0,0,0,0,2,0,0,0,0,0,2,0,0,0,0,0,0,0,0,0,0,0,0,0,0,0,0,2,0,0,0,0,0,2,0,0,2,0,0,0,0,2,0,0,0,0,0,2,0,2,0,0,0,0,0,0,0,0,2,0,NA,0,2,0,0,2,NA,0,0,0,0,0,0,2,0,0,2,0,2,0,0,0,0,0,0,0,0,2,2,0,2,0,0,NA,2,2,0,2,2,0,0,2,2,0,2,0,0,0,0,0,0,0,0,2,0,0,2,0,0,0,0,0,0,0,0,0,0,0,0,0,0,2,0,2,2,0,0,2,0,0,0,2,0,0,0,0,0,2,0,0,0,0,0,0,0,2,0,2,2,0,0,2,0,2,2,0,2,2,0,0,0,2,2,0,0,0,NA,0,0,0,0,0,0,0,0,2,0,0,0,2,2,0,0,0,0,0,0,2,0,2,2,0,0,2,0,0,0,0,0,0,0,0,0,0,0,0,0,0,0,0,0,0,0,0,0,2,0,0,0,0,0,2,0,0,2,0,2,0,0,0,0,0,0,0,0,0,0,0,0,0,2,0,0,0,2,0,2,2,0,0,0,0,0,0,0,0,0,0,0,2,NA,0,0,0,0,0,0,2,0,0,0,0,0,0,0,0,2,0,0,2,2,0,2,0,0,2,NA,0,0,0,0,0,0,0,2,0,0,0,0,0,0,0,0,2,0,0,0,0,0,0,0,0,0,0,0,2,0,0,0,NA,0,0,0,0,0,0,0,0,0,0,0,0,0,0,0,0,0,0,2,0,0,2,0,0,0,0,0,0,0,0,0,0,2,2,0,0,0,0,0,0,0,0,0,0,0,0,2,0,0,0,0,0,0,0,2,0,0,2,0,0,2,0,0,0,0,2,0,0,0,2,0,0,0,2,0,2,2,0,0,0,0,0,0,0,2,2,0,2,2,0,0,2,0,0,0,2,2,2,0,2,0,0,2,0,0,2,0,2,0,2,0,0,0,2,2,2,0,2,2,2,0,2,2,2,2,0,0,0,0,0,0,0,0,0,0,2,2,2,0,2,2,2,0,0,2,2,0,0,0,0,0,0,2,0,2,0,0,0,2,0,0,0,0,2,0,0,0,0,0,0,0,0,2,0,0,0,0,2,0,0,2,2,0,2,0,0,0,2,0,0,0,0,0,0,2,0,0,0,NA,0,0,0,0,2,0,0,0,0,0,0,0,0,0,2,0,0,0,0,0,NA,2,0,0,0,0,0,2,2,0,0,0,0,0,0,0,2,2,2,0,0,NA,2,0,0,0,0,2,0,0,0,2,0,0,2,0,0,0,0,0,0,0,2,0,0,0,0,0,0,0,0,0,0,0,0,0,0,0,0,0,0,0,0,0,0,0,2,2,2,0,0,0,2,0,0,0,0,0,0,0,0,0,0,2,2,0,0,0,0,0,0,0,0,0,0,0,2,0,0,0,0,0,2,0,0,0,0,0,0,2,2,0,0,2,2,0,2,2,0,0,0,0,2,0,2,0,0,2,0,0,0,0,0,0,0,0,0,2,0,2,2,0,2,0,2,2,2,0,2,2,0,0,0,0,2,0,0,0,2,2,2,0,0,0,2,0,2,0,0,2,2,2,0,0,2,0,2,0,0,2,0,0,2,2,0,0,0,0,0,0,0,0,0,2,0,0,0,2,0,0,2,0,0,0,0,NA,0,0,0,0,0,0,0,0,2,2,0,0,0,2,0,0,0,0,0,0,2,0,2,0,0,2,0,0,NA,0,2,0,0,2,0,0,2,0,0,0,2,0,0,2,2,0,2,2,0,2,0,0,0,2,0,0,2,2,0,0,0,0,0,0,0,2,2,0,0,0,2,0,2,2,0,2,0,0,0,2,0,0,0,NA,0,0,0,0,0,0,0,2,2,0,0,0,0,0,2,0,0,0,0,0,2,2,0,0,0,0,0,0,0,0,0,0,0,0,0,0,0,0,0,0,0,0,0,0,0,0,0,2,0,0,0,0,0,2,0,0,0,0,0,0,0,0,0,0,0,0,2,2,0,0,0,0,0,0,2,0,0,0,0,0,0,0,0,2,0,0,0,0,2,0,0,2,0,0,2,0,0,0,0,0,0,0,2,0,0,0,0,0,0,0,0,0,2,0,0,2,0,2,0,0,0,0,0,0,0,0,0,0,0,0,0,0,0,2,0,0,0,0,0,0,0,0,0,0,0,0,2,0,0,0,0,2,0,NA,0,0,2,2,0,2,0,0,0,0,0,0,2,2,2,0,0,0,2,0,2,0,2,0,0,0,0,0,0,0,0,0,0,0,2,2,2,0,0,2,2,0,2,0,2,0,2,0,0,0,2,0,0,0,0,2,0,0,0,0,0,2,2,2,0,0,2,0,0,0,2,2,0,0,2,0,2,0,0,0,0,0,2,0,2,2,0,0,0,0,0,2,0,2,0,0,2,0,0,0,0,2,0,0,2,0,2,2,0,2,0,2,0,0,0,0,0,0,0,0,0,0,0,2,0,2,0,0,0,2,2,2,0,0,0,0,0,0,0,0,0,2,0,0,0,2,2,0,2,0,0,0,0,2,2,2,2,2,0,2,0,2,0,2,2,0,0,0,0,2,0,0,0,2,0,2,0,0,0,0,2,0,0,2,NA,2,0,0,0,0,0,2,2,2,0,0,0,0,0,0,0,0,0,2,0,0,2,2,0,0,0,0,0,0,0,0,0,0,2,0,0,0,0,NA,0,2,0,0,0,0,0,0,0,0,0,0,0,0,2,0,0,0,0,0,0,0,0,0,0,0,0,0,0,0,0,0,0,0,0,2,0,0,0,0,2,0,2,0,2,0,0,2,0,2,0,2,0,0,2,0,0,0,0,0,2,0,0,0,0,0,0,0,0,0,0,0,0,0,0,2,0,0,0,0,0,0,0,0,2,0,0,2,0,2,0,0,0,0,2,0,0,2,0,0,0,0,0,0,0,2,2,0,0,0,2,0,0,0,0,2,0,0,2,0,0,0,0,0,0,2,0,0,2,2,2,0,0,0,0,2,2,0,2,2,2,2,0,2,2,2,0,0,0,2,0,0,0,0,0,2,0,0,0,0,0,0,0,2,2,0,0,0,2,0,2,0,0,2,2,0,0,0,0,0,0,0,0,0,0,2,0,0,0,0,0,0,0,0,0,0,2,0,0,0,0,0,0,2,0,0,0,0,2,0,2,0,0,0,0,2,0,2,2,0,2,0,2,2,0,0,0,0,0,0,0,2,0,0,0,2,2,0,0,2,2,2,2,0,0,0,0,0,0,0,0,0,0,0,0,2,0,0,0,0,2,0,0,2,0,0,0,0,0,2,2,0,0,0,0,2,2,2,0,0,0,2,0,2,0,0,2,2,0,0,0,0,0,0,0,2,0,0,2,0,0,0,2,0,0,0,0,0,2,0,0,0,0,0,2,2,0,2,0,0,0,0,0,0,0,0,0,0,0,0,2,2,0,0,0,0,0,2,0,2,2,0,0,2,0,0,0,2,0,0,0,0,0,0,0,0,0,0,0,0,0,0,0,0,0,0,0,0,0,0,2,0,0,0,0,0,0,0,0,0,2,0,2,2,2,0,2,0,0,0,0,0,0,2,0,0,0,2,0,0,0,2,0,0,2,2,2,0,0,0,0,0,0,2,2,2,2,0,0,0,0,0,0,0,2,2,0,0,0,0,0,0,0,0,0,0,0,0,0,0,0,0,2,0,0,0,0,0,0,0,0,0,0,2,2,0,2,2,0,0,0,0,0,0,0,2,0,2,0,2,0,0,2,0,0,0,0,0,0,0,0,2,0,0,0,0,0,0,0,0,0,0,0,2,2,0,0,2,0,0,0,0,2,2,0,0,0,2,2,0,0,0,0,0,0,2,0,0,0,0,0,2,0,0,0,0,0,0,0,2,0,0,2,2,0,0,0,0,0,0,2,0,0,0,0,0,0,0,0,0,0,2,0,0,0,2,0,0,0,0,2,0,0,0,2,0,0,0,0,0,0,0,2,0,0,0,0,2,0,0,0,0,0,2,0,0,0,0,0,0,0,0,0,2,0,0,0,2,0,0,NA,0,0,2,2,0,0,0,0,0,0,0,0,0,2,0,2,0,0,2,2,0,0,0,0,0,2,0,0,0,0,0,0,0,0,2,0,0,0,2,0,0,0,0,0,0,0,0,0,0,2,0,0,0,0,0,2,0,0,2,0,0,0,0,0,0,0,0,0,0,0,0,0,0,2,0,0,0,0,0,0,0,2,0,0,2,0,0,0,0,0,0,0,0,0,2,0,0,0,0,2,0,0,0,0,0,0,2,0,0,2,0,0,0,0,0,0,0,0,0,0,0,0,0,0,2,0,0,0,0,0,0,0,0,0,2,0,0,0,0,0,0,0,2,2,0,0,0,2,0,0,0,0,0,0,0,0,0,0,2,2,0,0,0,0,0,2,0,0,0,0,0,2,0,2,0,0,0,0,0,0,0,0,0,0,0,0,0,0,0,0,0,0,NA,2,0,0,2,0,0,0,0,2,0,2,0,0,0,0,0,2,0,0,2,0,0,2,0,0,0,2,0,0,0,0,2,0,0,0,0,0,0,0,0,0,0,0,0,0,0,2,0,0,0,0,0,2,0,0,2,0,0,0,0,0,0,0,2,0,0,2,0,0,2,0,0,0,0,0,0,0,0,0,0,0,2,0,0,0,0,0,0,0,0,0,0,2,0,0,0,0,2,0,2,0,2,0,0,0,0,0,0,0,0,0,0,0,0,0,0,0,0,0,0,0,0,0,0,0,0,0,0,2,0,0,0,0,0,0,0,0,0,0,0,0,0,0,0,0,0,0,0,0,0,0,2,0,0,0,0,0,2,0,0,0,2,0,0,0,0,2,0,0,0,2,0,0,0,0,0,2,0,0,0,0,0,0,0,0,0,0,0,0,0,0,0,0,0,0,0,0,0,0,2,0,0,0,2,2,0,0,0,0,0,0,0,0,0,2,0,0,0,0,0,0,0,2,0,2,0,0,0,0,0,0,0,0,0,0,0,2,0,0,0,2,0,0,0,0,0,0,0,0,0,0,0,0,0,2,0,0,2,2,0,0,2,2,0,0,0,0,0,0,0,0,0,0,0,0,0,2,0,0,0,0,0,0,0,0,0,0,0,0,0,2,0,0,0,0,2,2,0,0,0,2,0,0,0,2,0,2,0,0,0,0,0,0,0,0,0,0,0,0,0,0,0,2,0,0,2,0,2,0,0,0,0,0,0,0,0,0,2,0,0,2,2,0,2,0,2,0,0,0,0,0,0,0,0,2,2,0,2,0,0,2,0,0,0,0,0,2,2,0,0,0,0,2,0,0,2,2,2,0,0,0,0,0,0,0,0,0,0,0,0,0,0,0,0,0,0,2,0,0,0,0,0,0,0,0,0,0,0,0,0,0,0,2,2,2,0,0,0,0,2,0,2,0,0,0,2,2,2,0,0,2,0,0,2,2,0,0,0,2,0,0,2,0,0,0,2,0,0,0,0,2,0,2,0,0,0,0,0,2,2,0,0,0,0,2,0,0,0,0,2,0,0,0,0,0,2,0,0,0,0,0,0,0,2,0,2,2,0,0,0,0,0,0,2,0,0,0,0,0,0,0,2,0,2,0,0,2,0,0,0,0,0,0,0,0,0,0,2,0,0,0,0,0,0,2,0,0,0,0,0,2,0,0,0,0,0,0,0,0,2,0,0,0,0,0,0,0,2,2,0,0,0,0,0,0,0,0,2,0,2,0,0,0,0,0,0,2,0,0,0,0,0,0,0,0,0,0,0,2,0,0,0,2,0,0,0,0,2,0,2,0,2,0,0,0,0,0,0,2,2,2,0,0,2,2,0,2,0,0,0,0,0,2,2,0,2,0,0,0,0,0,2,0,0,0,0,2,2,0,2,0,0,2,0,0,0,0,0,0,2,0,2,0,0,0,0,2,0,0,0,0,0,0,2,0,0,0,0,0,2,0,0,2,0,0,0,0,2,2,0,0,0,0,0,0,0,0,0,0,0,0,2,0,2,0,0,2,0,0,0,2,0,2,0,2,0,0,0,0,0,0,0,0,0,0,0,0,0,0,0,0,0,2,0,0,0,2,0,0,0,0,0,0,0,2,0,0,0,2,2,2,2,0,0,2,0,0,0,2,0,0,0,2,0,0,2,2,2,0,2,0,0,0,0,0,2,0,2,2,0,0,0,0,0,0,0,0,0,0,2,0,2,2,2,0,0,0,0,0,0,0,0,0,0,0,2,0,0,0,0,0,2,0,0,0,2,0,2,0,0,2,0,0,0,0,2,0,0,2,0,2,0,0,0,0,0,2,2,0,0,0,2,2,0,0,0,0,0,2,0,2,0,2,0,0,0,0,0,0,0,2,0,2,2,2,0,0,0,2,0,0,0,0,2,2,0,0,2,2,0,0,0,2,0,0,0,0,0,0,0,2,0,0,0,0,2,2,0,2,0,0,0,0,0,0,0,0,0,0,0,0,0,2,0,0,0,0,0,0,0,0,2,2,2,0,0,0,0,2,2,2,0,0,0,0,0,2,0,0,0,0,0,0,0,0,0,0,0,0,0,2,0,2,0,0,2,2,0,0,0,0,0,0,0,0,0,0,2,0,2,2,0,2,2,2,0,0,0,0,0,0,2,0,0,0,0,0,0,0,0,0,0,0,0,0,2,0,0,0,0,2,0,0,0,0,0,2,0,0,0,0,0,2,0,0,0,0,0,0,0,0,0,0,0,0,2,0,0,0,0,0,0,0,0,0,0,2,0,0,0,0,0,0,0,0,0,0,2,0,0,2,0,0,0,0,0,0,0,0,0,0,0,0,0,0,0,0,0,0,0,0,0,0,0,2,0,0,0,0,0,2,2,0,2,0,0,0,0,0,0,0,0,0,0,0,2,0,0,0,0,0,0,0,0,0,0,0,0,0,0,0,0,0,0,0,0,0,0,0,0,2,0,0,0,0,0,0,0,0,0,0,2,0,0,2,0,0,0,0,0,2,2,0,0,0,0,0,0,0,0,2,0,0,0,0,0,NA,0,0,0,0,0,0,0,0,0,0,0,0,0,0,0,0,0,0,0,0,2,0,2,0,0,0,0,0,0,0,0,0,0,2,0,0,0,0,0,0,2,2,0,0,0,0,0,0,0,0,0,0,0,0,0,0,0,0,0,0,2,0,0,0,0,0,2,2,2,0,2,0,0,0,0,0,0,0,0,0,2,0,0,0,0,0,0,0,0,0,0,0,0,0,0,0,0,0,2,0,0,0,0,0,0,0,0,0,0,2,2,0,0,2,0,0,0,2,0,0,0,2,0,2,0,0,0,0,0,0,0,0,0,0,0,2,0,0,0,0,0,0,0,0,0,0,0,0,0,0,0,0,0,2,0,2,2,0,0,0,0,0,0,0,0,2,0,0,0,0,0,2,0,0,0,2,0,0,2,0,0,2,0,0,2,0,0,0,0,0,0,0,0,0,0,0,0,0,0,0,0,0,0,0,0,0,0,0,0,0,0,0,2,0,0,0,0,0,0,0,0,0,0,0,0,0,0,0,0,0,0,0,0,0,0,0,0,0,0,0,0,0,0,0,0,0,0,2,2,0,2,0,0,0,2,2,2,2,0,2,2,0,0,0,0,2,2,0,0,0,2,2,0,2,0,0,2,0,0,0,0,0,2,2,0,0,0,0,2,0,0,0,0,0,0,0,0,0,2,0,0,2,0,2,2,2,2,0,0,2,2,0,0,0,0,2,0,2,0,2,0,0,2,0,0,2,0,0,0,0,0,0,2,0,0,0,0,0,0,2,0,0,0,0,0,0,0,0,0,0,0,2,0,0,0,0,0,2,0,0,0,0,0,0,0,2,0,0,0,0,0,0,0,0,0,0,0,0,0,0,0,0,0,2,0,0,0,0,2,2,0,2,0,0,0,0,0,0,0,0,0,0,0,0,0,0,0,0,0,0,0,0,0,0,0,0,0,0,0,0,0,0,0,0,0,0,2,0,0,0,0,0,0,0,0,0,0,0,0,2,0,0,0,0,0,2,0,0,0,0,0,0,0,0,2,0,2,0,2,2,0,2,0,0,0,0,0,0,0,0,0,0,0,0,0,0,0,0,0,0,2,0,0,0,0,2,2,2,0,0,0,0,0,2,2,0,0,0,0,0,0,0,0,0,0,2,0,0,0,0,0,0,0,0,0,2,0,0,0,2,0,2,0,0,0,0,0,0,0,2,0,2,0,0,0,2,0,0,2,0,0,0,0,0,2,0,0,0,2,0,0,0,0,0,2,0,0,2,0,0,0,2,0,0,0,0,2,2,2,2,0,0,0,0,2,0,2,0,0,0,0,0,0,0,0,0,0,0,0,0,2,0,0,0,0,0,0,0,0,0,0,0,0,0,0,0,2,0,0,0,0,0,0,0,0,0,0,0,2,0,0,0,0,0,0,2,0,0,0,0,0,0,0,0,0,2,0,0,2,0,0,0,0,2,0,0,0,2,2,2,2,0,0,0,0,0,0,0,0,0,0,0,0,0,0,0,0,0,0,2,0,0,0,0,0,0,0,0,2,0,0,0,0,0,0,0,0,0,0,0,0,2,0,0,0,0,0,0,0,0,0,0,0,2,0,0,0,2,0,0,2,0,0,0,0,0,0,0,0,0,0,2,0,0,0,0,0,0,0,0,0,0,2,2,0,0,0,0,0,0,0,2,0,0,2,0,NA,2,0,0,2,0,0,0,2,2,0,2,0,0,2,0,2,0,0,0,0,0,0,0,0,2,2,0,2,0,0,0,0,0,0,0,0,2,0,0,0,0,0,0,0,2,2,2,2,0,0,0,0,0,2,0,0,0,0,0,2,0,0,0,0,0,0,0,0,0,2,0,0,0,0,0,0,0,2,0,0,2,0,2,0,0,0,0,0,0,0,0,2,0,0,0,0,2,0,0,2,0,0,2,0,0,0,0,2,0,0,2,0,2,0,0,0,0,0,0,0,0,0,0,0,0,0,0,0,0,0,0,2,0,0,0,0,2,NA,0,2,2,0,0,2,0,0,0,2,2,0,0,NA,0,0,0,0,2,0,0,0,0,0,0,0,0,0,0,2,0,2,0,0,0,0,0,0,0,0,2,0,0,0,0,0,0,0,0,2,2,0,2,0,0,2,2,2,0,0,0,0,0,0,0,0,0,2,0,0,0,0,0,0,0,0,0,0,2,0,0,0,0,2,0,0,2,0,2,0,0,0,0,0,2,0,0,0,0,0,0,2,2,0,2,0,0,0,0,2,0,0,0,0,2,0,0,0,0,2,0,0,0,0,0,0,0,0,0,NA,0,2,2,0,0,0,2,2,0,0,0,0,0,0,0,0,2,0,2,0,2,0,2,0,2,0,0,0,0,0,0,NA,2,2,0,2,0,0,0,2,0,2,0,0,0,0,0,2,0,2,0,2,0,0,2,0,0,2,0,0,0,0,2,0,0,0,2,0,0,0,2,0,0,0,0,0,2,0,0,0,0,2,0,2,0,2,0,0,0,0,0,0,0,0,0,0,0,0,0,0,0,0,0,2,2,2,0,0,0,0,0,0,2,0,0,0,0,0,0,2,0,0,0,0,0,0,0,0,0,2,0,0,0,0,0,0,0,0,2,2,0,0,0,0,0,0,0,0,NA,2,0,0,0,0,0,0,0,0,2,0,0,0,0,2,0,2,0,2,2,2,2,0,2,0,2,0,2,0,2,0,0,0,0,0,2,0,0,2,0,2,0,0,0,0,0,0,0,0,0,0,0,0,0,0,0,0,2,0,0,0,2,2,0,2,0,0,0,2,0,0,0,0,2,0,2,0,2,2,0,0,NA,0,2,2,0,0,0,2,0,0,0,0,0,2,0,0,0,0,0,2,0,2,0,0,0,2,2,0,0,2,0,2,0,2,0,0,0,0,0,0,0,0,2,0,0,0,0,0,0,0,0,0,NA,0,0,0,0,0,0,2,2,2,2,0,0,0,0,0,2,0,0,2,0,2,2,2,2,0,0,0,0,2,0,0,0,0,0,0,0,0,0,0,0,2,0,0,0,0,0,0,0,0,0,0,0,0,0,0,0,2,0,0,0,2,0,0,2,0,0,0,2,0,0,2,2,0,0,0,0,0,0,0,0,0,0,0,2,0,0,0,0,2,2,0,0,2,0,0,0,0,2,0,0,0,0,2,0,0,2,0,0,0,2,0,0,2,2,0,2,0,0,2,0,2,0,0,0,0,2,0,0,0,2,0,0,0,0,0,0,0,0,0,0,0,0,2,0,0,2,2,0,2,0,2,0,2,2,2,0,0,0,0,2,0,0,2,0,0,0,0,0,0,0,0,0,2,0,2,0,0,0,2,0,2,0,0,0,0,0,2,2,0,2,2,2,0,0,0,0,0,0,0,0,0,2,0,0,0,0,0,0,0,0,0,0,0,0,0,2,0,2,0,0,0,0,2,0,0,2,0,0,0,0,0,0,0,0,0,0,0,0,0,0,2,0,0,0,0,0,0,2,0,0,0,0,0,0,0,0,0,2,0,0,0,0,2,2,0,0,0,0,0,0,0,0,0,0,0,0,0,0,0,0,2,0,0,0,2,0,0,0,0,0,0,0,0,0,0,2,0,0,0,0,0,0,0,0,0,0,0,2,0,0,0,0,2,0,0,0,0,2,0,0,0,0,0,2,2,0,0,0,0,0,0,0,0,0,0,0,0,0,0,0,0,2,2,0,0,0,0,2,0,0,0,0,0,0,0,2,0,2,0,0,0,0,0,2,2,0,0,0,0,0,0,2,2,2,0,0,2,2,2,2,0,2,2,0,0,0,0,0,2,2,2,2,2,0,0,0,2,0,0,0,0,2,0,0,0,0,0,0,2,2,0,0,2,0,0,0,0,0,0,0,2,0,0,0,2,0,0,0,0,0,2,0,2,0,0,0,0,0,2,2,0,2,2,2,2,0,0,0,0,0,2,0,0,0,2,0,0,0,0,0,0,0,0,0,0,0,0,0,0,0,0,0,0,2,0,2,0,0,0,NA,0,0,0,0,0,0,2,0,0,0,2,2,0,0,2,2,2,0,0,0,0,0,0,0,0,0,0,0,0,0,0,0,2,2,0,0,2,0,0,2,0,0,NA,2,2,0,0,0,0,0,0,0,NA,0,2,2,0,0,2,0,0,0,0,0,2,2,0,0,0,2,0,0,0,0,0,0,0,2,2,0,0,0,0,2,0,0,0,2,0,2,0,0,0,0,0,2,NA,2,0,2,0,2,2,0,2,0,0,NA,2,0,2,NA,0,0,0,2,0,0,2,0,0,0,0,2,2,0,2,0,0,2,0,0,0,0,2,0,0
"CC43",0,0,0,0,0,0,0,0,0,0,0,2,0,0,2,2,0,0,0,2,2,2,0,0,2,0,0,0,2,0,0,0,0,0,2,2,0,0,0,2,2,0,2,2,2,0,2,2,0,0,0,2,0,2,0,0,2,0,0,0,0,0,0,2,0,0,0,0,0,2,0,0,0,0,0,0,0,2,0,2,0,0,0,0,0,0,0,0,0,0,0,0,0,0,2,0,0,0,0,0,0,0,0,2,2,2,0,0,0,0,0,2,0,0,0,0,0,0,0,2,0,0,0,0,0,0,0,0,2,0,0,0,0,2,0,0,0,0,0,0,0,0,2,0,0,0,2,0,0,0,0,0,0,0,0,0,0,0,0,0,0,0,0,2,2,2,2,0,0,0,0,2,0,2,0,0,0,0,0,0,0,0,0,0,2,0,0,0,0,2,2,0,2,2,2,0,0,0,0,0,0,0,0,0,0,0,0,0,0,2,0,0,0,0,0,0,0,0,0,0,2,0,0,0,0,0,0,0,0,0,0,0,0,2,2,0,0,0,0,0,0,0,0,0,0,2,0,0,0,0,0,0,0,0,0,2,0,2,0,0,2,0,0,0,0,2,2,2,0,2,0,0,0,0,2,0,2,2,2,0,2,0,0,0,0,0,0,2,0,0,0,2,2,0,0,0,2,0,0,0,0,0,0,2,0,0,2,0,2,0,0,0,0,0,0,0,0,2,0,0,0,2,2,0,0,0,0,0,2,2,0,0,2,0,0,2,0,0,2,0,0,0,0,0,0,0,0,0,0,0,0,0,0,0,0,0,0,2,0,0,0,0,0,2,0,0,2,0,0,0,0,0,0,0,0,0,0,0,0,0,0,0,0,0,0,0,0,0,0,2,0,0,0,0,0,0,0,0,0,0,0,2,0,0,0,0,0,0,0,2,0,0,0,0,0,0,0,0,0,0,0,2,0,0,2,0,0,2,2,0,0,0,0,2,0,0,0,0,0,0,0,0,0,0,0,0,0,0,0,0,0,0,0,0,0,0,0,2,0,0,0,0,0,0,0,0,0,2,0,0,0,0,0,0,0,0,0,0,0,0,0,0,0,0,2,0,0,0,0,0,0,0,0,0,2,2,0,0,0,0,0,0,0,0,0,0,0,0,2,0,0,0,0,0,0,0,2,0,0,0,0,0,0,0,0,2,2,0,0,0,0,2,0,0,0,2,0,2,2,0,0,0,0,0,0,0,2,0,0,2,2,0,0,2,0,0,0,0,2,0,0,2,0,0,0,0,0,0,0,2,0,0,0,0,0,0,2,2,0,2,0,2,0,0,0,2,0,0,0,0,0,2,0,0,0,0,0,0,2,0,0,0,2,2,0,0,2,2,0,0,0,0,0,0,2,2,2,0,0,2,0,0,0,0,0,0,0,0,0,0,0,0,0,2,2,2,0,0,0,2,0,0,2,0,0,2,0,0,2,2,0,0,0,0,0,0,2,0,2,0,0,0,0,2,2,2,2,0,0,0,0,0,0,0,0,0,0,0,0,2,0,0,0,0,2,0,0,0,0,0,0,0,2,0,0,0,0,2,2,2,0,0,0,0,0,0,0,0,2,2,0,0,2,0,0,2,0,0,0,0,0,0,0,2,0,0,0,0,0,0,0,0,0,2,0,0,0,0,0,0,0,2,0,0,0,0,2,0,2,2,0,0,2,0,0,0,0,0,0,0,0,0,2,0,0,0,0,0,2,0,2,0,0,0,0,0,0,2,0,0,0,0,0,2,0,0,0,2,2,0,0,0,0,2,2,2,0,0,0,0,0,0,0,0,0,0,0,2,0,0,0,0,0,0,0,0,0,0,0,0,0,2,2,0,0,0,2,0,0,0,0,0,0,0,0,0,0,2,0,0,2,2,2,0,0,0,0,0,0,0,0,2,2,0,0,0,0,0,2,0,2,0,0,0,2,0,0,2,0,0,0,0,0,2,0,0,0,2,0,0,0,0,0,0,0,0,0,0,0,0,0,0,0,0,0,0,2,0,0,0,2,0,2,0,0,0,0,2,0,0,0,0,0,0,0,2,0,2,0,0,2,0,0,0,0,2,0,2,0,0,0,0,0,0,2,2,0,0,0,0,0,0,0,2,2,0,0,0,2,0,2,2,2,2,0,0,0,0,0,2,2,0,0,0,0,0,2,0,0,2,0,0,2,0,0,0,0,0,2,2,0,0,2,0,0,0,2,0,0,0,0,2,2,0,2,0,0,0,0,0,0,0,0,0,0,0,0,2,2,0,0,0,0,0,0,2,0,0,0,0,0,0,0,0,2,0,NA,0,0,0,0,2,0,0,2,0,2,2,2,0,0,0,0,0,0,2,2,0,0,0,0,0,0,0,2,0,2,0,0,0,0,0,0,2,0,0,0,0,0,0,0,2,0,2,0,0,2,2,0,0,0,0,0,0,2,2,0,0,0,0,0,2,0,0,0,0,0,0,2,2,0,0,2,0,2,0,0,0,0,0,0,0,0,0,0,0,0,2,2,2,0,0,0,0,0,0,0,0,0,0,0,0,2,0,0,0,0,0,0,0,0,0,0,0,2,0,0,0,2,2,0,0,0,0,0,0,0,0,0,0,0,0,0,0,2,0,0,0,0,0,0,0,2,0,0,0,0,0,0,0,2,2,0,0,0,0,0,0,0,0,0,2,0,0,0,2,0,0,0,0,2,0,0,0,2,2,0,0,0,0,0,0,0,0,2,2,0,0,0,0,2,0,2,0,0,0,0,0,0,2,0,2,0,0,0,0,2,0,2,2,0,0,0,0,0,0,0,0,0,0,0,0,0,0,0,0,0,0,0,2,0,0,0,0,2,0,0,0,0,2,0,0,2,0,0,0,0,0,0,2,0,0,0,0,0,2,0,0,0,0,0,0,2,0,0,0,0,0,0,0,0,0,2,0,0,2,0,0,0,0,0,0,0,0,2,0,0,2,0,0,0,0,0,0,0,0,0,0,2,0,0,0,0,0,0,0,0,0,0,0,0,0,2,0,0,0,0,2,0,0,0,0,0,2,0,0,0,0,0,0,0,0,0,2,2,0,0,0,0,2,2,2,0,0,0,0,0,0,0,0,0,0,0,0,0,0,0,0,0,0,0,2,0,2,0,0,2,0,2,0,2,0,0,2,0,0,2,0,0,2,0,0,0,0,0,0,0,0,0,0,2,0,0,2,2,0,0,0,0,0,2,0,0,2,2,0,2,0,0,0,0,0,0,0,0,0,2,0,0,2,0,0,0,2,2,0,0,0,0,2,0,0,0,0,0,0,0,2,0,0,0,0,0,0,0,0,0,2,0,2,0,0,2,0,0,2,0,2,2,2,2,0,0,2,0,0,0,0,0,0,0,0,0,0,0,0,0,0,0,0,0,0,2,0,0,0,0,0,0,0,0,0,2,2,0,2,0,0,0,0,0,0,0,0,2,0,0,0,0,0,0,0,0,0,0,0,0,2,0,0,0,2,2,0,0,2,2,2,0,0,0,0,2,0,2,0,0,NA,0,0,0,2,2,0,0,0,0,0,0,0,0,0,0,0,2,0,0,0,2,2,2,0,0,0,0,0,0,0,0,0,0,0,0,0,0,0,0,2,0,0,0,0,0,0,0,0,0,0,0,2,0,0,0,0,2,0,0,0,2,0,0,2,0,0,0,0,0,0,0,2,0,2,0,0,0,0,0,0,0,0,2,2,0,0,0,0,0,0,0,0,0,0,0,0,0,2,0,0,0,0,2,0,NA,0,0,0,0,0,2,2,2,0,0,0,0,0,0,0,2,0,0,0,2,0,0,0,0,0,0,0,0,0,0,0,0,2,0,0,0,2,2,0,0,0,0,0,0,0,0,0,0,0,2,0,0,0,0,0,0,0,0,0,0,0,0,0,0,0,0,0,2,0,0,0,0,0,0,0,0,0,0,0,0,0,0,2,2,0,0,0,0,0,0,0,0,0,0,0,2,0,0,0,0,0,0,0,0,0,0,0,0,2,2,0,0,0,0,0,0,0,0,0,0,0,0,0,0,0,0,0,0,0,2,2,0,2,0,0,0,0,0,0,0,0,0,0,2,0,0,0,2,0,0,0,0,0,0,0,0,0,0,0,0,0,0,0,0,0,0,0,0,0,2,0,0,0,0,0,0,0,0,NA,0,0,0,2,0,0,0,0,0,0,0,0,2,0,0,0,0,0,0,0,0,0,0,0,0,0,0,0,0,0,2,0,0,0,0,0,0,0,0,0,0,0,2,0,0,0,0,0,0,0,0,2,0,0,0,0,0,2,2,0,0,2,0,0,0,2,0,0,0,0,2,0,0,2,2,0,0,0,0,0,0,0,2,0,0,0,0,0,0,0,2,0,0,0,2,0,0,0,0,2,2,2,0,0,0,0,0,0,0,0,0,2,0,2,0,0,0,0,0,0,0,0,0,2,0,2,0,0,0,0,0,0,2,0,0,0,2,0,2,0,0,0,0,2,0,2,0,2,0,2,0,0,0,0,0,0,2,0,0,0,0,2,0,0,0,0,0,0,2,0,0,NA,0,0,0,2,0,0,0,2,2,0,0,0,0,0,2,2,0,0,0,0,2,0,0,0,0,0,0,0,0,0,2,0,0,0,2,2,0,2,2,2,0,0,0,0,0,0,0,0,0,2,2,0,2,2,0,0,0,0,2,2,0,2,0,2,0,0,0,0,0,0,0,0,0,0,0,0,0,2,2,0,0,0,2,0,0,0,2,0,0,0,2,2,0,0,0,0,0,0,0,2,0,0,0,2,0,0,0,0,0,0,0,0,0,0,0,0,0,0,2,0,0,0,2,0,0,0,0,0,2,0,0,0,0,0,0,0,0,0,0,0,2,0,0,0,0,0,0,0,0,0,0,0,0,0,0,0,0,0,0,0,0,0,0,0,0,2,2,0,2,0,0,2,0,0,2,0,0,0,0,2,0,0,2,0,0,0,0,0,2,0,0,0,0,2,0,2,2,0,0,0,0,0,NA,2,2,0,0,0,0,0,0,0,0,2,0,0,NA,2,0,2,0,0,0,0,0,0,0,0,0,0,0,0,0,0,0,0,0,2,0,0,2,2,0,0,2,0,0,2,0,0,2,0,2,0,2,0,2,0,0,2,0,0,0,0,0,0,2,2,2,0,0,0,0,0,0,0,2,0,0,2,0,0,0,2,0,0,0,0,0,2,0,0,0,0,0,2,2,0,0,2,0,0,0,0,0,0,0,0,0,0,0,0,0,2,0,0,0,0,0,0,0,2,2,2,2,0,0,0,0,0,0,2,0,2,0,2,0,0,0,0,0,2,0,2,2,0,0,0,0,2,0,0,0,0,0,2,0,0,0,0,2,2,0,0,0,0,0,0,0,0,0,0,2,2,0,0,0,2,0,0,2,2,0,0,0,0,0,0,0,0,0,0,0,NA,0,0,2,0,0,0,0,2,0,0,0,0,0,0,2,0,0,0,0,0,0,0,0,0,0,0,0,2,0,2,0,2,0,0,0,0,0,0,0,0,2,0,0,0,0,0,0,0,0,0,0,2,2,0,0,0,0,0,0,0,0,0,0,0,2,0,0,0,2,0,0,0,0,2,2,0,2,0,0,0,0,2,2,0,0,0,0,0,0,0,2,2,2,0,0,0,0,2,2,0,2,2,2,0,0,0,0,0,0,0,0,0,0,0,0,0,0,2,0,0,2,0,0,0,0,0,0,2,0,2,0,0,0,0,0,0,0,2,2,0,0,0,0,0,2,0,0,0,0,0,2,0,0,0,0,2,2,0,0,2,0,2,0,0,0,0,0,0,0,0,0,0,0,0,0,0,0,0,2,2,0,0,0,0,0,2,2,0,2,2,2,0,0,0,0,2,0,0,0,0,0,2,0,2,0,0,0,0,2,0,2,0,0,0,0,0,2,0,0,0,0,0,0,0,0,0,0,0,0,2,0,0,0,2,0,2,0,2,0,2,0,0,0,0,0,0,2,0,0,0,0,0,0,0,0,2,0,0,0,0,0,0,0,0,0,0,0,0,0,0,0,0,0,0,0,2,0,0,2,0,2,0,2,0,0,0,0,0,0,0,0,0,0,0,0,0,2,0,0,0,0,0,0,2,0,0,0,2,0,0,2,0,0,0,0,0,2,0,0,0,0,0,0,0,0,2,0,0,2,0,0,0,0,0,0,0,0,2,0,0,0,0,2,0,0,0,2,0,0,0,0,2,2,0,2,0,0,0,0,0,0,0,0,0,2,0,2,0,2,0,0,2,0,0,0,0,0,0,0,0,0,0,0,0,2,2,0,0,0,0,0,0,2,2,0,0,2,0,0,0,0,0,0,0,0,0,2,2,0,0,0,0,0,2,0,2,0,2,0,0,2,0,0,0,0,0,0,2,0,0,0,0,0,0,0,2,0,0,0,0,0,0,0,0,0,0,0,0,0,2,0,0,0,2,0,0,2,0,0,0,0,0,2,2,0,0,0,0,0,0,0,2,2,0,2,0,2,0,0,0,2,0,2,2,0,0,0,0,0,0,0,0,0,0,0,0,2,2,2,0,0,0,0,0,2,0,0,0,0,0,2,0,0,0,0,0,0,0,0,0,0,0,2,0,0,0,0,0,0,0,0,0,2,0,0,0,0,0,0,0,0,2,0,0,0,0,0,0,0,0,0,2,2,0,0,2,0,0,0,0,0,0,0,0,0,0,0,0,2,2,0,0,0,2,0,0,0,0,0,2,0,0,2,2,0,0,2,0,2,0,0,0,0,0,0,2,0,2,0,0,2,2,0,2,0,0,0,0,0,0,0,0,0,0,0,0,0,0,0,0,0,0,0,0,0,0,2,2,2,0,0,2,0,0,2,2,0,0,0,0,0,2,0,0,2,2,0,0,2,0,0,0,2,0,0,0,2,2,0,0,0,2,0,0,0,0,0,0,0,0,0,0,0,0,0,2,0,0,2,0,0,0,0,0,0,0,2,0,0,0,0,0,2,0,2,0,0,0,0,0,0,0,0,0,0,0,2,0,0,0,0,0,0,2,0,0,2,2,0,0,0,0,0,2,0,0,0,0,0,2,2,0,0,0,2,0,0,2,2,2,0,2,0,2,0,0,2,0,0,0,0,2,2,0,0,2,0,2,0,0,0,0,0,0,0,0,0,0,0,0,0,0,2,0,0,0,0,0,0,2,0,0,0,0,0,2,2,0,2,0,0,2,0,0,0,0,0,0,0,0,2,0,0,0,0,0,0,0,0,0,0,0,0,0,0,0,0,0,0,0,0,0,0,0,0,2,0,0,0,0,0,0,0,0,0,0,0,0,0,2,0,0,0,0,0,0,2,0,0,0,0,0,0,0,2,2,2,0,0,0,0,2,0,0,0,0,0,2,0,0,0,0,2,0,0,0,0,0,0,2,0,2,2,2,2,0,0,2,0,0,0,0,0,0,0,2,0,0,0,0,2,0,2,2,0,0,0,0,0,0,0,0,0,2,0,0,2,0,2,0,0,0,0,0,0,0,0,0,0,0,0,0,2,0,0,0,0,0,0,0,0,0,0,0,0,0,0,0,0,0,0,0,0,0,0,0,0,0,0,0,2,0,0,0,0,0,0,0,0,0,0,0,0,2,2,2,0,0,0,0,0,0,0,0,0,0,0,0,0,0,0,0,0,0,2,0,0,0,0,0,0,0,0,0,0,0,0,2,0,0,0,0,0,2,0,0,0,2,0,2,0,0,0,0,0,0,0,0,0,0,2,0,0,0,2,2,0,2,0,2,2,2,0,0,0,0,0,0,0,0,0,0,0,2,0,0,0,0,0,0,2,0,0,2,2,0,0,0,0,0,0,0,0,0,0,0,0,0,0,0,0,2,0,2,0,0,2,0,0,0,0,0,0,0,0,0,0,2,0,0,0,0,0,0,0,0,0,0,0,2,0,0,0,0,0,0,0,0,0,2,2,0,2,0,0,0,2,2,2,0,0,0,2,2,0,2,0,0,0,0,0,0,0,2,2,0,0,0,0,2,2,0,2,2,0,2,2,0,0,0,0,0,0,0,0,0,2,0,0,0,0,0,2,0,0,0,0,0,0,0,0,0,2,0,2,0,0,2,0,0,0,0,0,0,2,0,0,0,0,2,0,0,2,0,0,0,2,0,0,0,0,0,0,2,0,0,0,0,2,0,0,0,0,0,0,2,0,2,0,0,0,0,0,0,0,0,0,0,0,0,0,0,0,0,0,0,0,0,0,0,0,0,0,2,0,0,0,0,2,0,0,0,2,0,0,0,0,0,0,2,2,0,0,0,0,0,0,0,0,0,0,0,0,0,0,0,0,2,2,0,0,0,0,2,0,0,0,0,0,0,0,0,0,0,0,0,0,2,0,0,0,0,0,0,0,0,2,0,2,0,2,0,0,0,0,0,0,0,0,0,0,0,0,0,0,0,0,0,0,0,0,0,0,0,0,2,2,2,2,2,0,0,0,0,2,0,2,0,0,0,0,0,0,0,0,0,0,2,0,0,0,0,0,0,0,0,0,2,0,0,0,0,0,2,0,0,0,0,0,0,0,2,0,0,2,0,0,2,0,0,2,0,0,0,0,0,0,0,0,2,0,0,0,0,0,0,2,0,0,0,0,0,0,2,0,0,2,0,2,2,0,0,0,0,0,0,0,0,0,0,0,0,0,0,0,0,0,0,0,0,0,2,0,0,0,0,0,0,0,0,0,0,0,0,0,0,0,0,2,0,0,0,0,0,0,2,2,0,0,0,2,2,0,0,0,0,0,0,0,0,0,0,0,0,0,0,0,0,0,0,2,0,0,0,0,2,0,0,0,2,2,2,2,0,0,0,0,0,0,0,0,0,0,0,0,0,0,0,0,0,0,0,0,0,0,0,0,0,0,0,0,0,2,0,0,0,0,0,2,0,2,0,0,0,0,0,0,0,0,0,0,0,0,0,0,2,0,0,0,2,0,0,0,0,0,0,2,0,0,0,0,0,2,0,2,2,2,0,2,0,0,0,0,0,0,0,0,2,0,0,0,0,0,0,0,0,0,2,0,0,0,0,0,0,0,0,0,2,0,0,0,0,0,0,2,2,0,0,0,0,0,0,0,0,2,0,0,2,0,0,0,0,0,0,0,2,0,0,0,0,0,0,0,2,2,2,2,0,2,2,0,0,2,0,2,0,0,0,2,2,0,2,0,0,2,2,0,2,2,0,0,0,0,0,0,2,2,0,0,2,0,0,0,2,0,0,0,0,2,0,0,0,2,0,0,0,0,0,0,0,2,0,0,0,0,2,2,0,0,2,2,0,0,0,0,0,0,0,2,0,0,2,0,0,2,0,0,0,0,0,0,0,0,0,0,2,NA,0,0,0,0,0,0,2,2,0,0,0,2,0,0,0,0,0,0,0,0,0,0,0,2,0,0,0,0,0,2,0,2,2,0,0,0,0,0,0,0,0,0,0,2,0,0,0,0,0,2,0,2,2,2,0,0,0,0,0,0,0,0,0,0,0,0,2,0,0,0,0,0,0,0,0,0,0,0,0,0,0,0,0,2,0,0,0,0,0,2,0,0,0,2,0,0,0,0,0,0,0,2,0,2,0,0,0,0,2,2,0,0,0,0,2,0,0,0,0,2,0,0,2,0,0,0,0,0,0,0,0,2,2,2,0,0,0,0,2,2,0,0,0,0,0,0,2,0,2,2,0,2,0,0,2,0,0,0,0,2,0,NA,2,2,0,2,0,0,0,2,0,2,0,2,0,0,0,0,0,0,0,2,0,0,2,2,2,2,0,0,0,0,2,0,0,0,0,0,0,0,0,0,0,0,0,0,2,0,0,2,2,0,0,2,0,0,0,0,0,0,0,0,0,0,0,0,0,0,0,0,2,0,0,0,0,2,0,0,0,0,0,0,0,2,0,0,0,0,0,2,0,0,0,0,0,0,0,0,0,0,0,0,0,0,0,0,0,0,2,2,0,2,0,0,0,0,0,2,0,2,0,0,0,0,0,0,0,0,2,2,0,0,0,0,0,0,0,2,0,0,2,0,2,0,0,2,0,0,0,0,0,0,0,0,0,0,2,0,0,0,0,0,0,0,0,0,0,2,0,0,0,0,2,0,0,0,0,0,0,0,0,0,0,0,NA,2,0,2,2,0,0,2,0,2,0,2,0,0,0,2,0,0,0,0,2,0,2,0,0,2,2,0,0,2,0,0,0,2,0,2,0,2,0,0,0,0,0,0,0,2,0,0,2,2,0,0,0,0,0,0,0,0,0,0,0,0,0,0,0,0,0,0,0,0,0,0,0,0,0,2,2,2,2,0,0,0,0,0,0,0,0,2,0,2,0,2,2,2,0,0,0,0,0,0,0,0,0,0,0,2,2,0,0,2,0,0,0,0,0,0,0,0,0,0,0,0,0,0,0,2,0,2,0,0,0,0,2,2,0,2,0,0,0,2,2,0,0,2,0,0,0,0,0,0,0,0,0,0,0,0,0,2,0,0,0,0,0,0,2,0,0,0,0,0,0,0,0,0,0,0,2,2,2,0,0,2,0,0,2,2,0,2,0,2,0,0,0,0,2,2,0,0,0,0,0,0,0,0,0,0,0,0,0,0,0,0,0,0,0,0,0,0,2,0,0,0,2,0,0,0,0,0,0,0,0,2,0,0,0,0,2,0,0,2,0,0,0,2,0,0,0,0,2,2,0,0,0,0,0,0,2,0,0,2,0,0,0,0,2,2,0,0,0,0,2,0,0,0,2,0,0,0,0,0,0,0,0,0,0,2,0,0,0,0,0,2,0,0,0,0,0,0,0,0,0,0,0,0,0,0,2,0,0,0,0,0,0,0,2,0,0,0,0,0,0,2,0,0,0,0,0,2,0,0,0,2,0,0,0,0,2,0,0,0,0,0,0,0,2,2,0,0,0,0,0,0,0,2,0,0,0,2,0,0,0,0,0,0,2,2,0,2,0,0,0,0,0,0,2,0,0,0,0,0,0,0,0,0,0,0,NA,NA,0,0,2,0,2,0,0,0,0,0,2,0,0,2,0,0,0,0,0,0,2,0,2,2,0,2,0,0,2,2,0,0,0,0,0,0,2,0,2,0,2,2,0,0,2,2,0,0,0,NA,0,0,2,2,0,0,0,2,0,0,2,2,0,0,0,0,2,0,0,0,2,2,2,2,0,0,0,0,0,0,0,0,2,0,0,0,0,0,0,0,0,2,0,2,0,2,2,0,0,0,2,0,2,2,0,0,0,0,0,0,0,2,0,0,0,0,0,0,0,0,2,0,2,2,2,2,0,0,2,0,0,0,2,0,0,0,0,0,0,0,0,0,0,0,0,2,0,0,0,2,0,0,0,0,0,0,0,0,0,0,NA,0,0,2,0,0,0,0,0,2,0,2,2,0,0,0,2,2,0,2,2,0,2,2,2,0,0,0,0,0,2,0,0,0,0,0,2,0,0,0,0,0,2,0,2,0,0,0,0,0,0,0,0,0,0,0,2,0,0,2,0,0,0,0,0,0,2,NA,0,2,0,0,0,0,0,2,0,0,0,2,0,0,0,0,2,0,0,0,0,0,2,0,0,0,0,0,0,2,2,0,2,0,2,2,0,2,0,0,0,2,0,2,0,2,0,0,0,2,2,0,0,2,0,0,0,0,0,0,2,2,2,0,2,0,0,0,0,0
"CC44",0,0,0,0,2,0,0,0,0,0,0,2,0,0,0,0,0,0,0,0,0,0,0,0,2,2,0,0,0,2,0,0,0,2,0,0,0,0,0,0,0,0,0,0,0,0,0,2,0,0,0,0,0,0,0,0,2,0,0,0,0,2,0,0,2,0,0,0,2,0,0,0,0,0,0,0,0,2,0,0,2,0,0,0,0,0,2,0,0,0,2,0,0,0,0,0,0,0,0,0,0,0,0,2,0,0,0,0,0,0,0,0,2,0,0,0,0,0,0,2,0,0,0,2,0,0,2,0,0,0,2,0,0,2,0,0,0,0,2,0,0,0,0,0,2,0,0,0,0,0,0,0,0,0,0,0,0,0,0,0,0,0,0,0,0,2,0,0,2,0,0,0,2,2,0,2,0,0,0,0,2,2,0,0,2,0,0,0,0,2,2,0,0,0,2,0,0,0,0,0,0,0,0,0,0,0,0,0,2,0,2,0,0,0,0,2,0,0,2,2,2,0,2,0,2,0,0,2,0,2,0,0,0,0,2,0,0,0,0,0,2,0,0,0,0,0,2,0,2,0,0,0,0,0,0,0,0,2,0,0,0,0,0,2,2,0,0,0,0,2,0,0,0,2,0,0,0,0,0,0,2,0,0,0,2,0,0,2,0,0,0,2,2,0,0,0,2,2,2,0,0,0,2,0,2,0,2,0,2,0,0,0,0,2,2,0,2,0,0,0,0,2,0,0,0,0,0,0,2,0,0,0,0,0,0,2,0,0,0,0,0,2,0,0,2,0,0,0,0,0,0,2,0,0,0,0,0,2,0,0,0,0,0,2,0,0,2,0,0,0,0,0,0,0,0,0,0,0,0,0,0,0,0,0,0,0,0,2,2,2,0,2,0,2,2,2,2,0,0,0,0,0,0,2,0,2,2,2,0,0,2,0,0,0,0,0,0,0,0,0,2,0,0,0,2,2,0,2,2,2,0,0,0,0,0,0,0,0,0,0,0,0,0,0,0,0,0,0,0,0,0,0,0,0,0,0,0,0,0,0,0,0,0,0,0,0,0,2,0,0,0,0,0,0,0,2,0,2,0,2,0,0,0,0,0,2,2,0,2,0,0,2,0,0,0,0,0,0,0,2,0,0,0,0,0,0,0,0,0,0,0,2,2,0,2,0,0,0,0,0,0,0,0,0,2,2,0,0,0,0,2,0,0,0,0,2,2,2,0,2,0,0,0,0,2,0,0,0,0,2,0,0,0,2,0,0,0,0,2,0,0,0,0,2,2,0,2,2,0,0,0,0,0,0,0,2,0,0,0,0,0,0,2,2,2,0,0,0,0,0,0,0,0,0,0,0,2,0,0,0,0,2,0,2,2,2,2,2,2,0,0,0,0,0,0,0,2,0,2,0,2,0,0,0,0,2,0,0,2,0,0,0,0,2,2,0,0,0,0,2,0,0,2,0,2,2,0,2,0,0,0,0,0,0,0,0,0,0,0,0,2,0,0,0,0,2,0,0,0,0,0,0,0,0,0,0,0,0,2,0,0,0,2,0,2,0,2,0,2,0,0,0,0,0,0,0,0,0,0,0,0,0,0,0,0,0,0,0,0,0,0,0,2,0,0,0,0,2,0,0,0,0,0,2,2,0,0,0,0,0,0,0,0,0,0,0,0,0,0,0,0,0,0,2,0,2,2,2,0,2,0,0,2,2,2,0,0,0,0,0,0,0,0,0,0,2,0,0,2,0,0,0,0,0,0,0,2,2,0,0,0,0,2,0,0,2,0,2,2,0,0,0,0,0,0,2,2,0,0,0,0,0,2,0,0,0,0,2,0,0,0,0,0,0,0,0,0,0,0,0,0,2,2,2,0,0,2,0,0,2,2,2,0,0,0,0,2,2,0,2,0,2,2,0,0,0,0,0,0,2,0,2,2,0,2,0,0,2,0,0,0,0,0,0,0,0,2,0,0,0,0,0,0,2,2,0,0,0,0,0,0,0,0,0,0,0,0,0,0,0,0,0,0,0,0,2,0,0,2,0,0,0,2,0,0,0,0,0,0,0,0,2,0,0,2,2,0,0,0,0,0,0,0,0,0,0,0,2,0,2,2,0,0,0,0,0,0,0,0,0,0,0,0,0,2,0,0,0,2,0,0,2,0,0,0,0,0,0,0,2,0,0,0,0,0,0,0,0,0,2,0,0,0,0,0,0,0,0,2,2,0,0,0,0,0,0,2,0,0,0,2,2,2,0,0,0,0,0,0,0,0,0,0,0,0,0,0,2,0,2,0,0,0,0,0,0,0,2,0,0,0,0,0,0,2,0,0,0,2,0,0,0,0,0,0,0,2,2,2,0,0,0,0,0,0,2,0,0,0,0,2,0,0,0,2,0,2,0,0,0,0,2,0,0,0,0,0,0,2,0,0,0,0,2,0,2,0,0,0,0,0,0,0,0,2,2,0,0,0,0,0,0,2,0,2,0,0,0,0,0,0,0,0,0,0,0,0,0,0,2,0,0,0,0,0,0,0,2,0,0,2,0,0,0,0,2,0,2,0,0,0,0,2,0,0,0,0,0,0,2,2,0,0,0,0,0,0,0,0,0,0,0,0,0,0,0,0,0,0,2,0,0,0,0,0,0,0,0,0,0,2,2,0,0,2,0,0,0,0,2,2,0,0,0,0,0,0,2,0,0,0,2,0,0,0,0,0,0,0,2,2,0,0,0,0,0,0,0,2,0,0,0,0,0,0,2,0,0,0,0,0,0,0,0,0,0,0,2,0,2,0,0,0,0,0,0,0,0,0,0,0,0,0,0,0,0,0,0,0,0,0,0,2,0,2,2,0,0,0,0,0,0,0,0,0,0,0,0,0,0,NA,0,0,0,0,0,0,0,2,0,0,0,2,0,2,0,0,0,0,2,0,0,0,0,0,0,0,0,0,0,0,0,0,0,2,2,0,0,0,0,0,0,0,0,0,0,2,0,0,0,0,0,0,0,0,0,0,0,2,0,0,0,0,0,0,0,0,0,0,0,0,0,2,0,0,0,0,0,0,0,2,0,0,2,0,0,0,0,0,0,0,0,0,0,0,0,0,0,0,0,0,2,0,0,0,2,0,0,0,0,0,0,0,0,0,0,0,0,0,2,2,0,0,2,0,0,0,0,2,0,0,0,0,0,0,2,0,0,2,2,0,0,0,2,0,2,0,0,0,0,0,0,0,2,2,0,0,0,0,0,0,0,0,0,2,0,0,0,0,0,0,0,0,0,0,0,0,0,0,2,0,0,0,2,2,0,0,0,0,2,0,0,0,0,0,2,0,0,0,0,0,0,0,0,0,0,0,0,0,0,0,0,0,0,0,0,0,2,0,2,2,0,0,0,0,0,0,0,0,0,0,0,0,0,0,0,0,0,0,0,0,0,2,0,0,0,0,0,0,0,0,0,0,2,0,2,2,0,0,2,0,0,2,0,2,0,0,0,0,0,0,0,2,0,0,2,0,0,0,0,0,2,0,2,0,2,2,0,0,2,0,0,0,2,2,0,0,2,0,0,0,2,2,0,0,0,0,0,0,0,0,0,0,2,0,0,0,0,0,2,0,0,0,2,0,0,0,2,0,0,0,2,2,2,0,0,0,0,0,2,2,0,0,0,0,0,0,2,2,2,0,0,0,0,2,2,0,0,2,0,0,2,2,0,0,0,0,2,0,0,0,2,0,0,2,0,0,2,0,0,2,0,0,0,0,0,0,0,0,0,0,2,0,0,2,0,0,0,0,0,0,0,0,0,0,0,0,2,2,2,2,0,0,0,0,0,2,0,2,0,0,0,2,0,0,0,0,0,0,0,2,0,0,0,0,2,0,0,2,2,2,0,0,2,0,0,2,0,0,0,0,0,0,0,2,0,0,0,0,2,0,2,2,2,2,0,0,0,0,0,0,0,0,0,0,0,2,0,0,0,0,0,0,2,2,0,0,0,0,0,0,2,2,2,0,0,0,0,0,2,0,0,0,2,2,0,0,0,0,0,0,2,0,0,0,0,0,0,0,0,0,0,0,0,2,0,0,0,0,0,0,0,0,0,0,0,0,0,0,0,0,0,2,0,0,0,0,0,0,0,0,0,0,0,0,0,0,2,0,0,2,2,0,0,0,0,0,0,0,0,0,0,2,0,0,0,0,0,0,0,0,0,2,0,0,2,0,0,2,0,0,0,0,0,2,0,0,0,2,0,NA,2,0,0,0,0,0,0,0,0,0,0,0,0,0,2,0,0,0,0,0,0,0,0,0,0,0,0,0,0,0,0,2,0,0,0,0,0,2,2,0,0,0,0,0,0,0,0,0,0,2,0,0,0,0,0,2,0,0,0,0,2,2,0,0,0,0,0,0,0,0,0,2,0,2,0,2,0,0,2,0,0,0,2,2,0,0,0,0,0,0,0,0,0,0,2,0,0,0,0,0,0,0,0,0,0,0,2,0,0,0,0,0,0,0,2,0,0,0,0,2,0,0,2,0,0,0,0,0,0,0,0,0,0,0,0,0,0,2,0,0,0,0,2,0,0,0,0,0,0,0,0,0,0,0,2,0,2,0,0,0,0,0,0,0,0,0,0,0,0,0,0,0,0,0,0,0,0,0,0,0,0,0,0,2,2,0,0,0,2,0,0,0,2,0,0,0,0,0,0,0,0,0,0,2,0,0,0,0,0,2,0,0,0,0,0,0,2,0,0,0,0,0,2,0,0,0,2,0,0,0,0,2,0,0,0,2,0,2,0,0,0,0,0,0,2,0,0,0,0,0,2,0,2,0,0,0,0,2,0,0,0,0,0,0,0,0,0,0,0,0,0,2,2,0,0,0,0,0,0,0,0,2,0,0,0,0,0,0,0,0,0,2,0,2,2,0,0,0,0,0,2,0,0,0,0,0,0,0,NA,2,0,0,2,0,0,0,0,0,0,2,0,2,0,0,0,0,0,0,0,0,0,0,0,2,0,0,0,0,2,0,0,2,0,0,0,0,2,0,2,0,0,0,0,2,0,0,2,2,0,2,0,0,0,0,0,0,2,0,0,0,2,2,0,0,0,0,0,0,0,0,0,0,0,0,0,0,0,0,0,0,2,0,0,0,2,0,2,0,0,0,0,0,0,2,0,2,0,0,0,0,0,0,2,0,0,0,0,0,2,0,2,2,0,0,0,0,0,0,0,2,0,0,0,0,2,0,2,2,0,0,2,2,2,0,2,0,0,0,2,0,0,0,0,0,0,0,0,0,0,0,0,0,0,0,0,0,0,0,0,0,0,0,0,0,0,2,2,0,0,2,0,0,0,2,2,0,2,0,0,2,0,0,0,2,2,2,2,0,2,2,0,0,0,0,0,0,2,0,2,0,0,0,0,2,0,0,0,0,0,2,0,0,0,0,0,2,0,0,2,0,2,0,0,2,2,0,0,0,0,0,0,0,0,0,0,0,2,0,0,2,0,0,0,0,2,0,0,0,0,0,0,0,0,2,0,0,0,0,0,0,0,0,0,0,0,0,2,0,2,0,0,0,0,2,0,0,2,0,2,0,0,0,0,0,0,0,0,0,0,0,0,0,0,0,2,2,0,0,0,0,0,2,0,0,0,0,2,0,0,0,2,2,0,0,0,0,0,0,0,2,0,0,0,0,0,0,2,0,2,NA,0,0,0,2,0,0,2,0,0,2,0,0,2,0,0,0,0,0,0,0,2,0,2,0,2,2,0,0,2,0,0,0,0,0,0,0,0,0,0,0,0,0,0,0,0,2,0,0,0,0,0,2,0,0,2,0,0,2,0,0,0,0,2,0,0,0,2,0,2,2,2,2,0,0,2,0,0,0,0,0,0,0,0,0,0,2,0,0,0,0,0,0,0,0,2,2,0,2,0,2,2,0,0,2,0,2,0,2,2,0,2,0,0,0,0,0,2,0,0,0,0,0,0,2,2,0,0,0,0,0,0,0,0,0,0,0,2,0,0,0,2,2,2,2,2,0,2,0,0,0,2,0,2,0,0,0,0,0,0,2,0,0,2,0,0,0,0,0,0,0,0,0,0,0,0,0,0,0,2,0,0,0,0,0,0,0,0,0,0,2,0,0,0,0,2,0,0,0,0,0,0,0,0,0,0,0,0,0,0,0,0,0,0,0,0,0,0,0,2,0,NA,0,0,2,0,2,0,2,0,0,0,0,2,0,0,2,0,0,0,0,0,2,0,0,2,0,0,0,0,0,0,0,2,0,0,0,0,0,2,0,0,2,0,0,0,0,0,0,0,0,0,2,0,2,0,0,2,0,2,0,0,0,0,0,0,0,0,0,0,0,0,0,2,0,0,0,0,0,0,0,2,0,0,0,0,0,2,0,2,0,0,2,0,0,2,2,0,0,2,0,0,0,2,0,2,0,2,0,0,0,0,0,0,0,0,0,0,2,0,0,2,0,2,0,0,0,0,2,0,2,0,2,0,0,0,0,0,0,0,0,2,0,2,0,0,0,0,2,2,2,2,0,0,0,0,2,0,0,2,2,0,2,0,2,0,0,0,2,0,2,2,0,0,0,0,0,0,0,0,2,0,2,0,2,2,0,0,0,2,0,0,2,0,0,0,0,0,2,0,0,0,0,0,0,0,0,0,0,0,0,0,0,0,0,2,0,0,0,0,2,2,2,2,0,0,0,0,0,0,2,0,0,0,0,0,0,0,0,0,2,2,0,2,0,2,0,0,0,0,0,0,0,0,0,0,0,2,0,0,0,2,0,0,0,0,2,2,0,0,2,2,0,0,0,0,2,0,0,0,0,0,0,0,0,2,0,0,2,2,0,2,0,0,0,0,0,0,0,0,0,0,0,0,0,2,0,0,0,0,0,2,0,0,0,2,2,2,0,0,0,0,2,2,0,0,0,0,0,2,0,0,2,0,0,0,0,0,0,0,0,0,0,2,0,2,0,0,0,2,0,0,0,0,0,0,0,0,0,0,0,0,0,2,0,0,2,0,0,0,0,0,0,0,0,0,0,0,0,0,0,0,0,0,0,0,0,0,2,0,0,0,0,2,0,0,0,0,0,2,0,0,0,0,0,2,0,0,0,0,0,2,0,0,0,0,0,0,2,0,0,0,0,0,0,2,2,0,0,2,0,0,0,0,2,0,0,0,0,0,2,0,0,2,0,0,0,0,0,0,0,0,0,0,0,0,0,0,0,0,2,0,0,0,0,2,0,2,0,0,0,0,0,2,2,0,2,0,0,0,0,0,0,0,0,0,0,0,2,0,0,2,0,0,0,0,0,0,0,0,0,0,0,0,0,0,0,0,0,0,0,0,0,2,0,0,0,0,0,0,0,0,0,0,0,0,0,0,0,0,0,0,0,0,2,0,0,0,0,0,2,0,0,2,2,0,0,0,0,0,0,0,0,0,2,0,0,0,0,0,0,0,0,0,0,0,0,0,0,0,2,0,0,0,0,0,0,2,2,0,0,2,0,2,0,2,0,0,0,0,2,2,0,0,0,0,0,0,0,0,0,0,0,0,2,0,0,0,0,0,2,0,0,0,0,0,2,2,2,0,2,0,0,0,0,0,0,2,0,2,2,0,0,0,0,0,0,0,2,0,0,0,0,0,0,2,0,2,2,0,0,0,0,0,0,0,0,2,0,0,0,0,2,2,2,0,0,0,0,2,0,0,2,0,0,2,2,0,0,0,0,0,0,0,0,2,0,2,0,0,0,0,2,0,0,0,0,0,0,0,0,0,0,0,2,0,0,0,2,0,0,0,0,0,0,0,0,2,2,0,0,2,0,0,0,2,0,0,0,0,0,2,0,0,0,0,0,0,0,0,0,0,0,0,0,0,0,0,0,0,0,0,0,0,0,0,0,2,2,2,0,0,0,0,2,0,0,0,0,0,0,0,0,0,0,0,0,2,0,0,0,2,0,0,0,0,0,0,0,0,0,0,2,2,0,0,0,0,0,0,0,2,0,0,0,0,0,2,2,0,2,0,0,0,2,0,2,0,0,0,0,0,0,2,0,0,2,0,0,0,0,0,2,2,0,0,0,0,0,0,0,0,0,0,0,0,0,0,0,0,0,0,2,2,0,2,0,0,2,0,0,0,0,0,2,0,2,0,0,0,0,2,2,2,2,2,0,2,2,0,2,0,2,0,2,0,2,2,0,0,2,0,0,0,0,0,2,0,0,0,0,0,0,0,0,0,0,0,0,0,0,0,0,2,2,2,0,0,0,2,0,0,0,2,2,0,2,2,0,0,0,0,0,0,0,0,0,0,0,0,0,2,0,0,0,0,2,0,0,0,2,0,0,0,0,0,0,2,0,0,0,0,0,0,0,0,2,0,0,0,0,0,0,0,0,2,2,0,0,0,0,2,2,0,0,0,0,0,0,0,0,0,0,0,0,0,0,0,0,0,0,0,0,2,2,0,2,0,2,0,0,0,0,0,0,2,0,0,0,0,0,0,0,0,0,0,0,0,0,0,0,0,0,0,2,0,0,0,0,0,0,0,2,0,2,0,0,0,0,2,0,0,0,2,0,0,0,0,0,0,NA,0,0,0,2,0,0,0,0,0,0,0,0,0,2,0,0,2,0,0,0,0,2,0,0,0,0,0,0,2,0,2,0,0,0,2,0,2,0,0,0,2,0,2,0,0,2,0,0,0,0,2,0,2,0,0,0,0,0,0,0,0,2,0,0,0,0,0,0,0,0,0,2,0,0,0,0,2,0,0,0,0,0,0,2,0,2,2,0,2,0,0,2,0,0,2,2,0,0,2,0,0,0,2,0,0,2,0,NA,2,0,0,2,0,0,0,0,0,2,0,0,0,0,0,2,0,0,0,0,0,0,0,0,2,0,0,0,2,2,2,0,0,0,0,2,0,0,0,0,0,0,0,0,0,0,0,2,0,0,0,0,0,0,0,0,0,0,0,0,0,0,0,0,0,0,0,0,0,0,0,0,0,2,2,0,0,0,0,0,0,2,0,0,0,2,2,0,2,0,0,0,0,0,0,0,2,0,0,0,2,2,0,0,0,0,0,0,0,0,0,2,0,0,0,0,0,0,0,0,0,0,2,0,0,2,0,0,0,0,0,0,2,0,0,0,0,0,0,2,0,0,0,2,0,0,0,0,0,0,0,0,0,2,0,0,0,0,0,0,0,0,0,0,2,0,0,0,0,0,0,0,2,2,2,2,0,0,0,0,0,2,2,0,0,0,0,2,0,0,0,0,0,0,0,0,0,2,0,0,0,2,0,0,0,2,0,0,2,0,2,0,0,0,0,0,0,0,0,0,2,2,0,2,0,2,0,0,0,2,0,0,0,0,0,0,2,0,0,0,0,0,2,0,2,0,0,0,0,0,0,0,0,0,0,0,0,0,0,0,0,0,0,0,0,0,0,0,2,0,0,0,0,0,0,0,0,0,0,0,0,0,0,0,0,0,0,0,0,2,0,0,0,0,0,0,0,0,2,0,0,2,0,0,0,2,0,0,0,0,0,2,0,0,0,0,0,2,2,2,0,0,0,2,0,2,0,0,0,0,0,2,2,2,0,0,0,0,0,0,0,0,0,0,0,2,0,0,0,0,0,0,0,0,0,0,0,0,0,0,0,0,0,0,0,0,0,2,2,0,0,0,0,0,0,2,0,0,0,2,2,0,0,2,0,2,0,2,0,0,0,0,0,0,0,0,2,2,0,0,0,0,0,2,0,0,2,0,0,0,0,2,0,0,0,0,0,0,0,2,2,0,0,2,2,0,0,0,0,2,0,0,2,0,2,0,0,2,0,0,0,0,0,0,0,0,0,2,0,0,0,0,0,2,0,0,0,0,2,2,0,0,0,0,0,0,0,2,0,0,0,0,2,0,0,2,2,0,0,2,0,0,0,0,0,0,0,0,0,0,0,0,0,0,0,0,2,0,0,0,2,0,0,0,0,0,0,0,0,2,0,0,0,2,0,2,0,0,0,0,0,2,2,0,0,2,0,0,0,0,0,0,2,0,0,0,0,2,0,0,0,0,0,0,0,2,0,0,2,0,0,0,0,0,2,2,0,0,0,0,0,0,2,2,0,0,2,0,2,0,0,2,0,0,0,0,2,0,0,0,2,0,0,0,0,0,0,0,0,0,2,0,0,0,2,2,0,0,0,0,2,0,0,0,0,0,0,2,0,0,0,2,0,2,0,0,0,0,2,0,0,2,0,2,0,2,0,0,0,0,2,0,0,2,0,2,0,0,0,2,0,0,0,2,0,2,0,2,0,0,0,2,0,0,0,2,0,0,2,0,0,0,0,0,0,0,0,0,0,0,0,0,2,0,0,0,0,0,0,0,0,0,0,2,0,2,2,0,2,0,0,0,0,0,2,0,0,2,2,2,0,2,2,0,0,0,0,0,0,0,0,0,0,0,0,0,2,0,0,2,0,0,0,2,0,0,0,0,0,0,0,0,0,0,0,0,0,0,0,0,2,0,2,2,0,2,0,0,2,0,2,0,0,0,0,0,2,0,0,2,2,0,0,0,2,0,0,0,0,0,0,0,2,0,0,0,0,0,0,0,2,0,0,0,0,0,2,0,2,0,0,2,2,0,2,0,0,2,0,2,0,0,0,0,2,0,0,0,0,0,0,0,0,0,0,0,0,0,0,0,0,0,0,0,0,0,0,0,2,0,0,0,2,0,0,0,0,0,0,0,0,2,0,0,0,0,2,2,2,2,0,0,0,2,2,0,0,0,0,2,0,2,0,0,0,0,2,2,0,0,0,0,0,0,0,0,0,0,0,0,2,2,0,0,0,0,0,0,0,0,2,2,2,0,0,2,0,0,0,0,0,2,0,0,2,0,0,0,0,0,0,2,2,0,0,0,0,0,2,0,0,0,0,0,0,0,0,0,0,0,0,0,0,0,2,0,0,2,0,0,0,0,0,0,0,0,0,0,0,0,0,0,0,0,2,0,0,0,0,0,0,0,0,2,0,0,0,0,2,2,0,0,0,0,2,0,0,2,0,0,0,2,0,0,0,0,0,0,0,0,2,0,0,0,0,0,0,0,0,2,0,0,2,0,0,0,0,0,2,0,0,0,0,0,0,0,0,0,2,0,2,2,0,2,0,0,0,0,0,0,0,0,2,0,0,0,0,0,2,0,2,0,2,0,0,0,0,0,2,0,2,0,0,0,0,2,0,0,0,2,0,0,0,0,2,0,2,0,0,0,0,2,2,0,0,0,0,2,0,0,0,0,0,0,0,0,0,0,0,2,0,0,2,0,0,0,0,0,0,0,2,2,2,0,0,0,0,0,0,0,0,0,0,0,0,0,0,0,0,0,0,0,2,0,0,0,0,0,0,0,2,0,0,0,2,0,2,0,NA,2,0,0,0,2,0,0,0,0,2,0,0,0,0,0,0,2,0,0,0,0,0,2,2,2,0,0,0,2,0,0,0,0,2,0,0,2,0,2,2,2,2,2,2,0,0,2,0,2,2,0,0,0,0,2,2,0,2,0,0,0,2,0,0,0,0,2,0,0,0,0,0,0,2,0,0,0,0,0,0,0,0,0,0,0,0,2,0,0,0,0,0,0,0,2,0,0,0,0,2,0,2,0,0,0,0,0,0,0,0,0,0,0,0,0,0,2,0,0,0,0,0,2,2,0,0,2,0,2,0,2,0,2,0,0,0,0,2,0,2,0,0,0,0,0,0,0,2,2,2,0,0,0,0,0,0,0
"CC45",0,0,0,0,0,0,0,0,0,0,0,2,0,0,2,2,0,0,0,2,2,2,0,0,2,0,0,0,0,0,0,0,0,0,2,2,0,0,0,2,2,0,2,2,2,0,2,2,0,0,0,2,0,2,0,0,2,0,0,0,0,0,0,2,0,0,0,0,0,2,0,0,0,0,0,0,0,0,0,2,0,0,0,0,0,0,0,0,0,0,0,0,0,0,2,0,0,0,0,0,0,0,0,2,2,2,0,0,0,0,0,2,0,0,0,0,0,0,0,2,0,0,0,0,0,0,0,0,2,0,0,0,0,2,0,0,0,0,0,0,0,0,2,0,0,0,2,0,0,0,0,0,0,0,0,0,0,0,0,0,0,0,0,2,2,2,2,0,0,0,0,2,0,2,NA,0,0,0,0,0,0,0,0,0,2,0,0,0,0,2,2,0,2,2,2,0,0,0,0,0,0,0,0,0,0,0,0,0,0,2,0,0,0,0,0,0,0,0,0,0,0,0,0,0,0,0,0,0,0,0,0,0,0,0,2,0,0,0,0,0,0,0,0,0,0,2,0,0,0,0,0,0,0,0,0,2,0,2,0,0,2,0,0,0,0,0,2,2,0,2,0,0,0,0,2,0,2,2,2,0,2,0,0,0,0,0,0,0,0,0,0,2,2,0,0,0,2,0,0,0,0,0,0,2,0,0,2,0,2,0,0,0,0,0,2,0,0,2,0,0,0,2,2,0,0,0,0,0,2,2,0,0,2,0,0,2,0,0,2,0,0,0,0,0,0,0,0,0,0,0,0,0,0,0,0,0,0,2,0,0,0,0,0,2,0,0,2,0,0,0,0,0,0,0,0,0,0,0,0,2,0,0,0,0,0,0,0,0,0,2,0,0,0,0,0,0,0,0,0,0,0,0,0,0,0,0,0,0,0,2,0,0,0,0,0,0,0,0,0,0,0,2,0,0,2,2,0,2,2,0,0,0,0,2,0,0,0,0,0,0,0,0,0,0,0,0,0,0,0,0,0,0,0,0,0,0,0,2,0,0,0,0,0,0,0,0,0,2,0,0,0,0,0,0,0,0,0,0,0,0,0,0,0,0,2,0,0,0,0,0,0,0,0,0,2,2,0,0,0,0,0,0,0,0,0,0,0,0,2,0,0,0,0,0,0,0,2,0,0,0,0,0,0,0,0,2,2,2,0,0,0,2,0,0,0,2,0,2,2,0,0,0,0,0,0,0,2,2,0,2,2,0,0,2,0,0,0,0,2,2,0,2,0,0,2,0,0,2,0,2,0,0,0,0,0,2,2,2,0,2,0,2,0,2,2,2,0,0,0,0,0,2,0,0,0,0,0,0,2,0,0,0,2,2,0,0,2,2,0,0,0,0,0,0,2,0,2,0,0,2,0,0,0,0,0,0,0,0,0,0,0,0,0,2,2,2,0,0,0,2,0,0,2,0,0,2,0,0,0,2,0,0,0,0,0,0,2,0,2,0,0,0,0,2,2,2,2,0,0,0,0,0,0,0,0,0,0,0,0,2,2,0,0,0,2,0,0,0,0,0,0,0,2,0,0,0,0,2,2,0,0,0,0,0,0,0,0,0,2,2,0,0,2,0,0,2,0,0,0,0,0,0,0,2,2,0,0,0,0,0,0,0,0,2,0,0,0,0,0,0,0,2,0,0,0,0,2,0,2,2,0,0,2,0,0,0,0,0,0,0,0,0,2,0,0,0,0,0,2,0,2,0,2,0,2,0,0,2,0,0,0,0,0,2,0,0,0,2,2,0,0,0,0,2,2,2,0,0,0,0,0,0,0,0,0,0,0,2,0,0,0,0,0,0,0,0,0,0,0,0,0,2,2,0,0,0,2,0,0,0,0,0,0,0,0,0,0,2,0,0,2,2,2,0,0,0,0,0,0,0,0,2,2,0,0,0,0,0,2,0,2,0,0,0,2,0,0,2,0,0,2,0,0,2,0,0,0,2,0,0,0,0,0,0,0,0,0,0,0,0,0,0,0,0,0,0,2,0,0,0,0,0,2,0,0,0,0,2,0,0,0,0,0,0,0,2,0,2,0,0,2,0,0,0,0,2,0,2,0,0,0,0,0,0,2,2,0,0,0,0,0,0,0,2,2,0,0,0,2,0,2,2,2,2,0,0,0,0,2,0,0,0,0,0,0,0,2,0,0,2,0,0,2,0,0,0,0,0,2,2,0,0,0,0,0,0,2,0,0,0,0,2,2,0,2,0,0,0,0,0,0,0,0,0,0,0,0,2,2,0,0,0,0,0,0,2,0,0,0,0,0,0,0,0,2,0,NA,0,0,0,0,2,0,0,2,0,2,2,2,0,0,0,0,0,0,2,2,0,0,0,0,0,0,0,2,0,2,0,0,0,0,0,0,2,0,0,0,0,0,0,0,2,0,2,0,0,2,2,0,0,0,0,0,0,2,2,0,0,0,0,0,2,0,0,0,0,0,0,2,2,0,0,2,0,2,0,0,0,0,0,0,0,0,0,0,0,0,2,0,0,0,0,0,0,0,0,0,2,2,0,0,0,2,0,0,0,0,0,0,0,0,0,0,0,0,0,0,0,0,0,0,0,0,0,0,0,0,0,0,0,0,0,0,0,2,0,0,0,0,0,0,0,2,0,0,0,0,0,0,0,2,2,0,0,0,0,0,0,0,0,0,2,0,0,0,2,0,0,0,0,2,0,0,0,0,2,0,0,0,0,0,0,0,0,2,2,0,0,0,0,0,0,2,0,0,0,0,0,0,2,0,2,0,0,0,0,2,0,2,2,0,0,0,0,0,0,0,0,0,0,0,0,0,0,0,0,0,0,0,0,0,0,0,0,2,0,0,0,0,0,0,0,0,0,0,0,0,0,0,2,2,0,0,0,2,0,0,0,0,0,0,0,2,0,0,0,0,0,0,0,0,0,2,0,0,2,0,0,0,0,0,0,0,0,0,0,0,2,0,0,0,0,0,0,0,0,0,0,2,0,0,0,0,0,0,0,0,0,0,0,0,0,2,0,0,0,0,2,0,0,0,0,0,2,0,0,0,0,0,0,0,0,0,2,0,0,0,0,0,2,2,2,0,0,0,0,0,2,0,0,0,0,0,0,0,0,0,0,0,0,0,0,0,2,0,0,2,0,2,0,2,0,0,2,0,0,2,0,0,2,0,0,0,0,0,0,0,0,0,0,0,0,0,2,2,0,0,0,0,0,2,0,0,0,2,0,0,2,0,0,0,0,0,0,0,0,2,0,0,2,0,0,0,2,2,0,0,0,0,2,0,0,0,0,0,0,0,0,0,0,0,0,0,0,0,0,0,2,0,2,0,0,2,0,0,0,0,2,2,2,2,0,0,2,0,0,0,0,0,0,0,0,0,0,0,0,0,0,0,0,0,0,2,0,0,0,0,0,0,0,0,0,2,2,0,2,0,0,0,0,0,0,0,0,2,0,0,0,0,0,0,0,0,0,0,0,0,0,0,0,0,2,2,0,0,2,2,2,0,0,0,0,2,0,2,0,0,NA,0,0,0,2,0,0,0,0,0,0,0,0,0,0,0,0,2,0,0,0,2,0,2,0,0,0,0,0,0,0,0,0,0,0,0,0,0,0,0,0,0,0,0,0,0,0,0,0,0,0,0,0,0,0,0,0,2,0,0,0,2,0,0,2,0,0,0,0,0,0,0,2,0,2,0,0,0,0,0,0,0,0,2,0,0,0,0,0,0,0,0,0,0,0,0,0,0,2,0,0,2,0,2,0,NA,0,0,0,0,0,2,2,2,0,0,0,0,0,0,0,2,0,0,0,0,0,0,0,0,0,0,0,0,0,0,0,0,2,0,0,0,2,2,0,0,0,0,0,0,0,0,0,0,0,2,0,0,0,0,0,0,0,0,0,0,0,0,0,0,0,0,0,2,0,0,0,0,0,0,0,0,0,0,0,0,0,0,2,2,0,0,0,0,0,0,0,0,0,0,0,2,0,0,0,0,0,0,0,0,0,0,0,0,2,2,0,0,0,0,0,0,0,0,0,0,0,0,0,0,0,0,0,0,0,2,2,0,2,0,0,0,0,0,0,0,0,0,0,0,0,0,0,2,0,0,0,0,0,0,0,0,0,0,0,0,0,0,0,0,0,0,0,0,0,2,0,0,0,0,0,0,0,0,NA,0,0,0,2,0,0,0,0,0,0,0,0,2,0,0,0,0,0,0,0,0,0,0,0,0,0,0,0,0,0,2,0,0,0,0,0,0,0,0,0,0,0,2,0,0,0,0,0,0,0,0,2,0,0,0,0,0,2,2,0,0,0,0,0,0,2,0,0,0,0,2,0,0,2,2,0,0,0,0,0,0,0,2,0,0,0,0,0,0,0,2,0,0,0,2,0,0,0,0,2,2,0,0,0,0,0,0,0,0,0,0,2,0,2,0,0,0,0,0,0,0,0,0,2,0,2,0,0,0,0,0,0,2,0,0,0,2,0,2,0,0,0,0,2,0,2,0,2,0,2,0,0,0,0,0,0,2,0,0,0,0,2,0,0,0,0,0,0,2,0,0,2,0,0,0,2,0,0,0,0,0,0,0,0,0,0,2,2,0,2,0,0,2,0,0,0,2,0,0,0,0,0,2,0,0,0,2,2,0,2,2,2,0,0,0,0,0,0,0,0,0,0,2,0,2,2,0,0,0,0,2,2,0,2,0,2,0,0,0,0,0,0,0,0,0,0,0,0,0,2,2,0,0,0,2,0,0,0,2,0,0,0,2,2,0,0,0,0,0,0,0,2,0,0,0,2,0,0,0,0,0,0,0,0,0,0,0,0,0,0,2,0,0,0,2,0,0,0,0,0,2,0,0,0,0,0,0,0,0,0,0,0,2,0,0,0,0,0,0,0,0,0,0,2,0,0,0,0,0,0,0,0,0,0,0,0,0,2,2,0,2,0,0,2,0,0,2,0,0,0,0,2,0,0,2,0,0,0,0,0,2,0,0,0,0,2,0,2,2,0,0,0,0,0,NA,2,2,0,0,0,0,0,0,0,0,2,0,0,NA,2,0,2,0,0,0,0,0,0,0,0,0,0,0,0,0,0,0,0,0,2,0,0,2,2,0,0,2,0,0,2,0,0,2,0,2,0,2,0,2,0,0,2,0,0,0,0,0,0,2,2,2,0,2,0,0,0,0,0,2,0,0,2,0,0,0,2,0,0,0,0,0,2,0,0,0,0,0,2,2,0,0,2,0,0,0,2,0,0,0,0,0,0,0,0,2,2,0,0,0,0,0,0,0,2,2,2,2,0,0,0,0,0,0,2,0,2,0,2,0,0,0,0,0,2,0,2,2,0,0,0,0,2,0,0,0,0,0,2,0,0,0,0,2,2,0,0,0,0,0,0,0,0,0,0,2,2,0,0,0,2,0,0,2,2,0,0,0,0,0,0,0,0,0,0,0,NA,0,0,2,0,0,0,0,2,0,0,0,0,0,0,2,0,0,0,0,0,0,0,0,0,0,0,0,2,0,2,0,2,0,0,0,0,0,0,0,0,2,0,0,0,0,0,0,0,0,0,0,0,2,0,0,0,0,0,0,0,0,0,2,0,2,0,0,0,2,0,0,0,2,2,2,0,2,0,0,2,0,2,2,0,0,0,2,0,0,0,2,2,2,0,0,0,0,2,2,0,2,2,2,0,0,0,0,0,0,0,0,0,0,0,0,0,0,2,0,0,2,0,0,0,0,0,0,2,0,0,0,0,0,0,0,0,0,2,2,0,0,0,0,0,2,0,0,0,0,0,2,0,0,0,0,2,2,0,0,2,0,2,0,0,0,0,0,0,0,0,0,0,2,0,0,0,0,0,2,2,0,0,0,0,0,2,2,0,2,2,2,0,0,0,0,2,0,0,0,0,0,2,0,2,0,0,0,0,2,0,2,0,0,0,0,0,2,0,0,0,0,0,0,0,0,0,2,0,0,2,0,0,0,2,0,2,0,2,0,2,0,0,0,0,0,2,0,0,0,0,0,0,0,0,0,2,0,0,0,0,0,0,0,0,0,0,0,0,0,0,0,0,0,0,0,2,0,0,2,0,2,0,2,0,0,0,0,0,0,0,0,0,0,0,0,0,2,0,0,0,0,0,0,2,2,0,0,2,0,0,0,0,0,0,0,0,2,0,0,0,0,0,0,2,0,2,0,0,2,0,0,0,0,0,0,0,0,2,0,0,0,0,0,0,0,0,2,0,0,0,0,2,2,0,2,0,0,0,0,0,0,0,0,0,2,0,2,0,2,0,0,2,0,0,0,0,0,0,0,0,0,0,0,0,2,2,0,0,0,0,0,0,2,2,0,0,2,0,0,0,0,0,0,0,0,0,2,2,0,0,0,0,0,2,0,2,0,2,0,0,2,0,2,0,0,0,0,2,0,0,0,0,0,0,0,2,0,0,0,0,0,0,0,0,0,0,0,0,0,2,0,0,0,2,0,0,0,0,0,0,2,0,0,2,0,0,0,0,0,0,0,2,2,0,2,0,2,0,0,0,2,0,2,2,0,0,0,0,0,0,0,0,0,0,2,0,2,2,2,0,0,0,0,0,0,0,0,0,0,0,2,0,0,0,0,0,0,0,0,0,0,0,2,0,2,0,0,0,0,0,0,0,2,0,0,0,0,0,0,0,0,2,0,0,0,0,0,0,0,0,0,2,2,0,0,2,0,0,0,0,0,0,0,0,0,2,0,0,2,2,0,0,0,2,0,0,0,0,0,2,0,0,2,2,0,0,2,0,2,0,0,0,0,0,0,2,0,2,0,0,2,2,0,2,0,0,0,0,0,0,0,0,0,0,0,0,0,0,0,0,0,0,0,0,0,0,2,2,2,0,0,2,0,0,2,2,0,0,0,0,0,2,0,0,2,2,0,0,2,0,0,0,2,0,0,0,2,2,0,0,0,2,0,0,0,0,0,0,0,0,0,0,0,0,0,2,0,0,2,0,0,0,0,0,0,0,2,0,0,0,0,0,2,0,2,0,0,0,0,0,0,0,0,0,0,0,2,0,2,0,0,2,0,2,0,0,2,2,0,0,0,0,0,2,0,0,0,0,0,2,2,0,0,0,0,0,0,0,0,2,0,2,0,2,0,0,0,0,0,0,0,0,2,0,0,2,0,2,0,0,0,0,0,0,0,0,0,0,0,0,0,0,2,0,0,0,0,0,0,2,0,0,0,0,0,2,2,0,2,0,0,2,0,0,0,0,0,0,0,0,2,0,0,0,0,0,0,0,0,0,0,0,0,0,0,0,0,0,0,0,0,0,0,0,0,2,0,0,0,0,0,0,0,0,0,0,0,0,0,2,0,0,0,0,0,0,2,0,0,0,0,0,0,0,2,2,2,0,0,0,0,2,0,0,0,0,0,2,0,0,0,0,2,0,0,0,0,0,0,2,0,2,2,2,2,0,0,2,0,0,0,0,0,0,0,2,0,0,0,0,0,0,2,2,0,0,0,0,0,0,0,0,0,2,0,0,2,0,2,0,0,0,0,0,0,0,0,0,2,0,0,0,2,0,0,0,0,0,0,0,0,0,0,0,0,0,0,0,0,0,0,0,0,0,0,0,0,0,0,0,2,0,0,0,0,0,0,0,0,0,0,0,0,0,2,2,0,0,0,0,0,0,0,0,0,0,0,0,0,0,0,0,0,0,2,0,0,0,0,0,0,0,0,0,0,0,0,2,0,0,0,0,0,2,0,0,0,2,0,2,0,0,0,0,0,0,0,0,0,0,2,0,0,2,2,2,0,2,0,2,2,2,0,0,0,0,0,0,0,0,0,0,0,2,0,0,0,0,0,0,2,0,0,2,2,0,0,0,0,0,0,0,0,0,0,0,0,0,0,0,0,2,0,0,0,0,2,0,0,0,2,0,0,0,0,0,0,2,0,0,0,0,0,0,0,0,0,0,0,2,0,0,0,0,0,0,0,0,0,2,2,0,2,0,0,0,2,2,2,0,0,0,2,2,0,2,0,0,2,0,0,0,0,2,2,0,0,0,0,2,2,0,2,2,0,2,2,0,0,0,0,0,0,0,0,0,2,0,0,0,0,0,2,0,0,0,0,0,0,0,0,0,2,0,2,0,0,2,0,0,0,0,0,0,2,0,0,0,0,2,0,0,2,0,0,0,0,0,0,0,0,0,0,2,0,0,0,0,2,0,0,0,0,0,0,2,0,2,0,0,0,0,0,0,0,0,0,0,0,0,0,0,0,0,0,0,0,0,0,0,0,0,0,2,0,0,0,0,2,0,0,0,2,0,0,0,0,0,0,2,0,0,0,0,0,0,0,0,0,0,0,0,0,0,0,0,0,2,2,0,0,0,0,2,0,0,0,0,0,0,0,0,0,0,0,0,0,2,0,0,0,0,0,0,0,0,2,0,2,0,2,0,0,0,0,0,0,0,0,0,0,0,0,0,0,0,0,0,0,0,0,0,0,0,0,0,2,2,2,2,0,0,0,0,2,0,2,0,0,0,0,0,0,0,0,0,0,2,0,0,0,0,0,0,0,0,0,2,0,0,0,0,0,2,0,0,0,0,0,0,0,2,0,0,2,0,0,2,0,0,2,0,0,0,0,0,0,0,0,2,0,0,0,0,0,0,2,0,0,0,0,0,0,2,0,0,2,0,2,2,0,0,0,0,2,0,0,2,0,0,0,0,0,0,0,0,0,0,0,0,0,0,0,0,0,0,0,0,0,2,0,0,0,0,0,0,0,0,2,0,0,0,0,0,0,2,2,0,0,0,NA,2,0,0,0,0,0,0,0,0,0,0,0,0,0,0,0,0,0,0,0,0,2,0,0,2,0,0,0,2,2,2,2,0,0,0,0,0,0,0,0,0,0,0,0,0,0,0,0,0,0,0,0,0,0,0,0,0,0,0,0,0,2,0,0,0,0,0,0,0,0,0,0,0,0,0,0,0,0,0,0,0,0,0,0,2,0,0,0,2,0,0,0,0,0,0,2,2,2,0,0,0,2,0,2,2,2,0,0,0,0,0,0,0,2,2,0,2,0,0,0,0,0,2,0,0,0,0,0,0,0,0,0,0,0,0,2,2,0,0,0,0,0,0,2,2,0,2,0,0,0,0,0,0,2,0,0,2,0,0,0,0,0,0,0,2,0,0,0,0,0,0,0,2,2,2,2,0,2,2,0,0,2,0,2,0,0,0,2,2,0,2,0,0,2,0,0,2,2,0,0,0,0,0,0,2,2,0,0,2,0,0,0,2,0,0,0,0,2,0,0,0,2,0,0,0,0,0,0,0,2,0,0,0,0,2,0,0,0,2,2,0,0,0,0,0,0,0,0,0,0,2,0,0,2,0,0,0,0,0,0,0,0,0,0,2,NA,0,0,0,0,0,0,2,0,0,0,0,2,0,NA,0,0,0,0,0,0,0,0,0,2,0,0,0,0,0,2,0,2,2,0,0,0,0,0,0,0,0,0,0,0,0,0,0,0,0,2,0,2,2,0,0,0,0,0,0,0,0,0,0,0,0,0,0,0,0,0,0,0,0,0,0,0,2,0,0,0,0,0,0,2,0,0,0,0,NA,2,0,0,0,2,0,0,0,0,0,0,0,2,0,2,0,0,0,0,0,2,0,0,0,0,2,0,0,0,0,2,0,0,2,0,0,0,0,0,0,NA,0,2,2,2,0,0,0,0,2,2,2,0,0,0,0,0,2,0,2,2,0,2,0,0,2,0,0,0,0,2,0,0,2,2,0,2,0,0,0,2,0,2,0,2,0,0,0,0,0,0,0,2,0,0,2,0,2,2,0,2,0,2,2,0,0,0,0,0,0,0,0,0,2,0,0,0,2,0,0,2,2,0,0,2,0,0,0,0,0,0,0,0,0,0,0,0,0,0,0,0,2,2,0,0,0,2,0,0,0,0,0,0,0,2,0,0,0,0,0,2,0,0,0,0,0,0,0,0,0,0,0,0,0,0,0,0,0,0,2,2,0,2,0,0,0,0,0,2,0,2,0,0,0,0,0,0,0,0,2,2,0,0,0,0,0,0,0,2,0,0,2,0,2,0,0,2,0,2,0,0,0,0,0,0,0,0,2,0,0,0,0,0,0,0,0,0,0,2,0,0,0,0,2,0,0,0,2,0,0,0,0,0,0,0,NA,2,0,2,2,0,0,2,0,2,0,2,0,0,2,2,NA,0,0,0,2,0,2,0,0,2,2,0,0,2,0,2,0,0,0,2,0,2,0,0,0,0,0,2,0,2,0,0,2,2,0,0,0,2,0,0,0,0,0,0,0,0,0,0,0,0,0,0,0,0,0,0,0,0,0,2,2,2,2,0,0,0,0,0,0,0,0,2,0,2,0,2,2,0,0,0,0,0,0,0,0,0,0,0,0,0,0,0,0,2,0,0,0,0,0,0,0,0,0,0,0,0,0,0,0,2,0,2,0,0,0,0,2,2,0,2,0,0,0,2,2,0,0,2,0,0,0,0,0,0,0,0,0,0,0,0,0,2,0,0,0,0,0,0,2,0,0,0,0,0,0,0,0,0,0,0,2,2,2,0,0,2,0,0,0,2,0,2,0,2,0,2,2,0,0,2,0,0,0,0,0,0,0,0,0,0,0,0,0,0,0,0,0,0,0,0,0,0,2,2,0,0,2,0,0,0,NA,0,0,0,0,2,0,0,0,0,2,0,0,2,0,0,0,0,0,0,0,0,2,2,0,0,0,0,0,0,0,0,0,0,0,0,0,0,2,2,0,0,0,0,0,0,0,0,2,0,0,0,0,0,0,0,0,0,0,2,0,0,0,0,0,0,0,0,0,2,0,0,0,2,0,0,0,0,0,0,2,0,0,0,0,0,0,0,2,0,0,0,0,0,0,2,0,0,0,0,0,2,0,0,0,2,0,0,0,0,2,0,0,0,0,0,0,0,2,2,0,0,0,0,0,0,0,2,0,0,0,2,0,0,0,0,0,0,2,2,0,0,0,0,0,0,0,0,0,2,2,0,0,0,0,0,0,0,0,0,0,0,0,0,2,0,2,2,0,0,0,0,0,0,0,0,0,2,0,0,0,0,2,0,2,2,0,0,0,0,2,2,0,0,0,0,0,2,2,0,2,0,0,2,2,2,2,2,0,0,0,NA,2,0,2,2,0,0,0,2,0,0,2,2,0,0,0,0,0,0,0,0,2,2,2,2,0,0,NA,0,0,0,0,0,2,0,0,0,0,0,0,0,0,2,0,2,0,2,2,0,0,0,2,2,0,0,0,0,0,0,0,0,0,2,0,0,0,0,0,0,0,0,2,0,2,2,2,2,0,0,2,0,0,2,0,0,0,0,0,0,0,0,0,0,0,0,0,0,0,0,0,2,0,0,0,2,0,0,0,0,0,0,0,2,0,0,0,0,0,0,0,2,0,2,2,0,0,0,2,2,0,0,2,0,0,2,0,0,0,NA,0,0,2,0,0,0,0,0,2,0,0,0,0,0,0,0,2,0,0,0,0,0,0,0,0,0,0,0,2,0,0,2,0,0,0,0,0,0,2,NA,0,2,0,0,0,0,0,0,0,0,0,2,0,NA,0,0,2,0,0,0,0,0,2,0,0,0,0,0,0,0,2,0,0,0,2,2,0,2,0,0,0,2,0,2,0,2,0,0,0,0,2,0,0,2,0,0,0,0,0,0,2,2,2,0,2,0,0,0,0,NA
"CC46",0,0,0,0,0,0,0,0,0,0,2,0,0,0,0,2,0,0,0,0,2,0,0,2,0,0,0,0,0,2,0,0,2,0,0,2,0,0,0,0,0,0,0,2,2,0,2,2,0,0,0,2,0,2,0,2,2,0,0,0,0,2,0,2,0,0,0,0,0,2,0,2,0,0,0,0,0,2,0,0,0,0,0,0,0,0,0,0,2,0,0,0,0,0,0,0,0,0,0,0,0,0,0,0,0,0,0,0,0,0,2,2,0,0,2,0,0,0,0,2,0,0,0,0,0,0,0,2,2,0,0,0,0,0,0,0,0,0,0,0,0,0,0,0,0,0,2,0,0,2,0,0,0,0,0,0,0,0,0,0,0,0,0,2,2,2,0,0,0,0,0,2,0,2,0,0,0,0,0,0,0,0,0,0,2,0,0,2,0,0,2,0,2,2,2,0,0,0,0,0,0,0,0,0,0,0,0,0,0,2,0,0,0,0,0,2,0,0,0,0,0,0,0,0,2,0,0,2,0,0,0,0,2,0,0,0,2,0,0,0,0,0,0,0,0,0,2,0,0,0,0,0,0,0,0,0,0,2,0,0,2,0,0,0,2,0,2,2,0,0,0,0,0,0,2,0,2,2,2,0,2,0,0,0,0,0,0,2,0,0,0,2,2,0,0,0,0,0,NA,0,0,0,0,0,0,0,2,0,2,0,0,0,0,0,0,0,0,NA,0,2,0,0,0,0,0,0,0,0,2,0,0,0,2,0,0,0,0,0,0,0,0,2,0,0,0,0,0,0,0,0,2,2,0,0,0,0,0,0,0,0,0,0,0,0,0,0,0,0,0,0,0,0,0,0,0,0,0,0,0,0,0,0,0,0,0,0,0,0,0,0,0,0,0,0,0,0,0,0,0,0,0,0,2,2,0,2,0,0,0,0,0,0,0,0,0,0,0,0,0,0,0,2,0,0,0,2,0,0,0,0,2,0,0,2,0,NA,0,0,0,0,0,0,0,0,0,0,0,0,0,2,0,0,0,0,2,2,0,0,0,0,0,0,0,0,2,2,0,2,0,0,2,2,2,2,0,2,0,0,0,2,0,0,0,0,2,0,2,0,0,2,0,0,0,2,0,0,2,0,0,0,0,0,2,0,0,0,0,0,2,0,0,2,2,0,0,0,0,0,0,0,0,2,0,0,0,0,0,0,0,0,0,0,0,0,0,0,0,2,0,2,0,0,0,0,0,0,0,0,0,2,0,0,0,2,0,0,0,0,0,0,0,0,0,0,0,0,2,0,0,0,0,0,2,0,0,0,0,0,2,0,0,0,0,0,0,0,0,0,0,0,0,0,0,0,2,0,2,0,0,0,0,0,0,0,0,0,0,0,2,0,0,0,0,0,0,0,2,0,0,0,0,0,0,0,0,2,0,0,2,0,2,0,0,2,0,0,0,2,0,0,0,0,0,2,2,0,0,2,0,0,0,2,0,0,0,0,0,0,0,0,0,0,0,0,0,0,0,0,0,2,0,0,2,0,0,0,0,0,0,0,0,0,2,0,2,0,0,0,0,0,0,0,0,0,2,0,2,0,0,2,0,2,0,0,0,0,0,0,0,0,0,0,2,0,0,0,0,0,0,0,0,0,0,0,0,2,0,0,2,0,0,0,0,0,0,0,0,0,0,0,0,0,0,0,0,2,0,2,0,2,0,0,0,0,0,0,0,0,0,2,0,0,2,2,0,0,0,0,NA,0,0,0,0,0,0,0,0,2,0,0,0,0,0,0,0,2,0,2,2,0,0,0,0,0,0,2,0,0,0,0,0,0,2,0,0,0,0,0,0,0,2,0,0,0,2,0,0,2,0,0,0,2,2,0,0,0,2,0,0,0,2,0,0,0,0,0,2,0,0,0,2,2,0,0,0,0,2,0,0,2,0,0,2,0,2,0,0,0,0,0,2,0,0,0,0,0,2,2,0,0,0,0,0,2,0,0,0,0,0,0,0,0,0,2,0,2,0,0,0,0,0,0,0,0,0,0,2,0,0,0,2,0,0,0,0,0,0,2,0,0,0,0,0,0,0,2,0,2,0,0,2,0,0,0,0,2,0,0,0,2,0,0,0,0,0,0,0,0,0,0,0,0,0,0,0,0,0,0,0,0,2,0,2,0,2,2,0,0,0,0,2,0,0,0,2,0,2,0,0,2,0,0,0,0,0,0,0,0,0,0,0,0,0,0,0,0,0,0,0,0,0,2,2,0,0,0,0,0,0,0,2,0,0,0,0,NA,2,0,2,0,0,0,0,0,0,2,0,0,0,0,0,0,0,0,0,0,0,0,0,2,0,0,0,0,0,0,0,0,0,0,0,0,0,0,2,0,0,2,0,0,2,0,0,0,0,0,0,2,0,0,0,2,0,0,0,0,2,0,0,0,0,0,2,0,2,0,2,2,0,0,0,0,2,0,0,0,0,2,2,0,0,0,0,0,2,0,0,0,0,0,0,0,0,0,0,0,0,0,0,0,0,0,0,0,0,0,2,0,2,0,2,0,0,0,0,0,0,0,2,2,0,0,0,0,0,0,0,0,0,2,0,0,0,NA,0,0,0,0,2,2,0,0,2,0,0,0,0,0,0,0,0,0,0,0,0,0,0,0,0,0,2,2,0,0,0,2,0,0,0,0,0,2,0,0,0,2,0,0,0,0,0,2,0,0,0,0,0,0,0,0,0,0,0,0,2,NA,0,0,0,0,0,0,2,0,NA,0,0,0,0,0,0,0,2,2,0,0,2,2,0,2,0,0,0,2,0,0,0,0,0,0,0,2,0,0,0,0,0,2,0,2,0,0,0,0,0,0,0,0,0,0,0,0,0,0,2,0,0,2,0,0,0,0,0,0,0,0,0,0,2,0,0,0,2,0,2,0,NA,0,0,0,0,0,2,0,0,0,0,0,0,0,0,0,2,0,0,2,0,0,0,0,0,0,0,0,2,2,0,0,0,0,0,0,0,0,0,0,0,0,0,0,2,0,0,0,0,0,0,0,0,0,0,0,2,0,0,0,0,2,0,0,0,0,0,2,0,0,0,0,0,0,0,0,2,2,0,0,0,0,0,2,2,2,0,0,2,2,0,0,0,0,0,0,0,0,0,0,0,0,0,2,2,0,0,2,0,0,0,0,0,0,0,0,0,0,0,0,0,0,2,2,0,0,0,2,0,0,0,0,0,0,0,0,0,0,2,0,0,0,0,0,0,0,2,2,0,0,2,0,2,0,0,0,0,0,0,0,0,0,0,0,0,0,0,2,0,0,0,0,2,2,0,0,0,0,0,0,0,0,0,0,0,2,0,0,0,0,0,0,0,0,0,0,0,0,0,0,0,2,2,0,0,0,0,2,0,0,0,0,0,0,0,0,0,0,0,0,0,0,0,0,2,0,0,0,0,2,0,0,0,0,0,0,0,0,0,2,0,0,0,2,0,0,0,0,0,2,0,0,0,0,0,2,0,0,0,2,2,2,0,0,2,0,2,0,2,0,0,2,0,0,0,2,0,2,2,2,0,0,0,0,0,0,0,0,0,0,0,0,0,2,0,0,0,2,0,0,0,0,0,0,0,0,0,0,0,2,2,0,0,0,2,0,0,0,0,0,0,0,0,2,0,0,0,0,0,0,0,0,2,0,0,0,0,0,2,2,0,0,2,0,0,2,0,0,0,0,0,2,0,0,0,2,0,0,0,0,0,2,0,0,0,0,2,0,0,0,0,0,0,0,0,2,0,0,2,0,0,0,0,2,0,0,2,0,0,2,2,2,2,0,2,0,0,0,0,0,2,0,2,0,0,0,0,0,0,0,2,0,0,0,0,0,0,0,0,2,0,0,0,2,2,0,0,2,2,2,2,0,0,2,0,0,2,0,0,0,0,0,0,0,0,0,0,0,2,0,0,0,0,0,0,0,0,0,0,0,2,0,0,0,0,0,0,0,0,2,2,0,0,0,0,0,0,0,0,0,0,0,0,0,0,0,0,0,0,0,0,0,0,0,0,0,0,0,0,0,0,0,0,0,0,0,2,0,0,2,0,0,0,0,2,0,2,0,2,0,2,2,0,0,2,0,2,0,0,0,2,0,2,2,0,0,0,2,0,0,0,0,0,0,0,0,0,0,0,0,0,0,0,0,0,0,2,2,2,0,2,0,0,0,0,0,0,0,0,0,0,0,0,0,0,0,0,0,0,0,0,0,0,0,0,0,0,0,0,0,0,0,2,0,2,0,2,0,0,0,0,0,0,2,2,0,0,0,2,0,0,0,0,0,0,0,0,2,2,0,0,0,0,2,0,0,2,0,0,0,0,0,0,0,0,2,0,0,0,0,2,0,0,0,0,0,0,0,0,0,0,0,0,0,0,0,2,0,0,0,2,0,0,0,0,0,0,0,0,0,0,0,0,0,0,0,0,2,0,0,0,0,0,0,0,0,0,0,0,0,0,2,0,0,0,0,0,2,0,0,0,0,0,0,0,0,0,0,0,0,0,0,0,0,0,0,0,0,0,0,0,0,0,0,0,0,0,0,0,0,0,0,0,0,0,0,0,2,0,2,0,0,0,0,0,2,0,0,0,0,0,0,0,0,0,0,0,0,2,0,2,2,0,0,0,0,0,0,0,0,0,0,0,0,0,0,0,0,0,0,0,0,0,0,2,0,0,0,0,0,0,0,0,0,0,0,0,0,0,0,0,2,0,0,0,0,0,2,0,0,0,2,0,0,0,0,0,0,2,0,2,2,2,0,0,0,0,0,0,0,0,0,0,0,0,2,0,2,0,0,0,0,0,0,0,0,0,0,0,0,0,0,0,0,0,0,0,2,0,0,2,0,0,0,0,0,0,0,0,0,0,0,0,0,0,0,2,2,0,0,2,0,0,0,0,2,2,0,2,0,0,0,0,0,0,0,0,0,0,0,0,0,0,2,0,0,0,0,0,0,0,0,2,0,2,0,2,0,0,0,2,0,2,2,0,0,0,0,0,0,2,0,0,0,0,0,2,0,2,0,2,0,2,2,0,2,2,0,0,0,0,0,0,0,2,2,2,0,0,0,2,0,0,0,0,0,0,2,2,0,0,0,0,0,0,0,0,0,2,0,0,0,0,0,0,2,0,0,2,0,2,0,0,2,0,0,0,0,0,2,2,0,2,0,0,0,0,2,0,0,0,0,0,0,0,0,0,0,0,0,0,0,0,0,2,0,0,0,2,0,0,0,0,2,0,0,0,2,0,0,0,0,0,0,0,0,0,0,0,0,0,0,0,0,0,0,0,0,0,0,2,2,0,0,0,0,0,0,0,0,0,2,0,0,0,0,0,0,0,2,2,0,0,0,0,0,0,0,0,0,0,0,0,2,0,0,0,2,0,0,0,0,0,0,0,0,0,0,0,0,0,0,2,2,2,2,0,0,0,0,0,0,0,0,0,0,0,0,0,0,0,0,0,0,0,0,0,2,0,0,0,0,0,0,0,0,0,0,0,0,0,0,0,2,0,0,0,0,0,0,0,0,0,2,0,0,0,0,0,0,0,0,2,0,2,0,0,0,0,0,0,0,0,0,0,0,2,0,2,0,2,0,0,0,0,0,0,0,0,0,2,2,2,0,0,2,2,0,0,0,0,0,2,0,0,0,0,0,0,0,0,0,0,2,2,0,0,0,0,0,0,0,0,0,0,0,0,0,0,0,0,0,0,0,2,0,2,2,0,0,0,0,0,2,2,0,0,0,0,0,0,0,0,0,0,0,0,0,0,0,2,2,0,0,0,0,2,0,0,0,0,0,0,0,0,2,0,0,0,0,0,0,0,2,0,2,0,0,0,0,0,0,0,0,2,2,2,0,0,0,0,0,0,0,0,2,2,0,0,0,0,0,0,0,2,2,0,0,2,0,0,0,0,0,0,0,0,0,2,0,0,0,0,2,2,2,0,0,0,2,2,0,0,0,0,0,0,0,0,0,2,0,2,2,0,0,0,0,2,0,0,0,2,0,0,2,0,2,2,0,0,0,0,0,0,0,0,0,0,0,0,0,0,0,0,0,0,0,0,0,2,2,0,2,0,0,0,0,0,0,0,0,0,0,2,0,0,2,0,0,0,0,0,0,2,NA,0,0,0,0,0,0,0,0,0,0,0,0,0,0,0,0,0,0,0,2,0,0,2,0,0,0,0,0,2,0,0,0,0,2,0,2,0,0,0,2,0,2,0,2,0,0,2,0,0,0,0,0,0,0,0,0,0,0,0,0,2,0,0,0,0,0,0,0,0,0,2,0,2,0,0,2,0,2,2,0,0,2,2,0,0,0,2,0,0,2,0,0,0,0,0,0,0,0,0,2,0,0,0,0,0,0,0,0,0,0,0,0,0,2,0,0,0,0,0,0,0,2,0,2,0,2,0,2,0,0,0,0,0,0,0,0,2,0,0,2,0,2,0,0,0,0,2,0,2,0,0,0,0,0,0,0,0,0,0,2,0,2,2,0,0,0,0,2,2,2,0,0,0,0,2,0,2,2,2,0,2,0,2,2,0,0,2,0,2,2,0,0,0,0,NA,0,2,0,2,0,2,0,2,0,0,0,2,2,0,0,2,2,0,2,0,0,2,0,0,0,0,0,2,0,0,0,2,0,0,0,0,0,0,NA,0,0,0,0,0,2,0,2,0,0,0,0,0,0,0,0,0,0,0,0,0,0,0,0,0,0,0,0,0,0,0,0,0,0,0,0,0,0,0,2,0,2,0,0,0,2,0,0,0,0,0,0,0,0,2,2,0,0,0,0,0,0,0,0,0,0,0,0,0,0,0,0,2,0,0,0,0,0,0,2,0,0,0,0,0,0,0,0,0,0,0,0,0,0,0,2,0,0,0,2,2,2,0,0,0,2,0,2,0,0,0,0,0,2,0,2,2,0,0,0,0,0,0,0,0,0,0,0,0,2,0,0,0,2,0,0,0,0,0,0,0,0,0,0,0,0,0,0,0,0,2,0,0,0,0,0,2,0,2,0,0,0,0,0,0,0,0,0,0,0,0,0,0,0,0,0,0,0,0,0,0,0,0,0,0,2,0,0,2,2,0,0,0,0,0,2,0,0,0,0,0,2,2,0,0,0,2,0,0,0,0,0,0,0,0,0,0,0,0,0,0,0,0,0,2,0,0,0,0,2,2,0,0,0,2,0,0,0,0,0,0,0,0,0,2,0,0,0,0,0,0,0,0,0,0,0,0,0,2,0,0,0,0,0,0,2,0,0,0,0,0,0,0,2,2,2,0,2,0,0,0,0,2,0,2,0,0,0,2,0,0,2,2,0,2,2,0,2,0,0,0,0,0,0,0,0,0,0,0,0,0,0,0,0,0,0,0,0,0,0,0,0,0,0,2,0,2,0,0,0,0,2,0,0,0,0,0,0,2,2,2,0,0,0,2,0,0,2,0,0,0,2,0,2,0,2,2,2,2,2,0,2,0,0,0,2,0,2,0,2,0,2,0,0,0,2,0,0,0,0,0,2,0,0,2,2,2,0,2,0,0,2,0,0,0,0,0,0,0,0,0,0,0,0,2,2,0,0,2,0,0,0,0,0,0,2,0,0,0,0,0,0,2,0,2,2,2,0,0,2,0,2,2,2,0,0,0,0,0,0,0,2,0,0,2,2,0,0,2,2,0,0,2,0,0,0,2,0,0,2,2,0,0,0,0,0,0,0,0,2,0,0,0,0,0,0,0,0,0,0,0,0,0,0,0,2,0,0,0,0,0,0,2,0,0,0,0,0,0,2,0,2,0,0,0,0,2,0,0,2,0,2,2,0,0,0,0,0,0,0,0,0,0,0,0,0,0,2,0,0,2,0,0,0,0,0,0,0,0,0,0,0,0,0,0,0,0,0,0,0,0,0,0,0,0,0,0,0,0,0,0,0,0,0,0,0,0,0,0,0,0,2,0,0,0,0,0,0,0,0,0,2,2,0,0,2,0,0,0,2,2,2,0,2,2,0,0,0,0,2,2,0,0,0,2,2,0,2,0,0,2,0,0,0,0,0,2,0,0,0,0,0,0,0,0,2,0,2,2,2,0,0,0,0,0,2,0,2,2,2,2,0,0,2,2,0,0,0,0,2,0,2,0,0,0,2,2,0,0,2,0,0,2,0,0,0,2,0,2,0,2,2,0,2,0,0,0,0,0,0,2,0,0,0,0,0,0,0,0,0,0,2,0,0,0,0,0,0,2,0,0,0,0,2,0,0,0,2,2,0,2,2,0,0,0,0,0,0,0,0,0,0,2,NA,0,0,0,0,0,0,0,0,0,0,0,0,0,0,0,0,0,0,0,0,0,0,0,0,0,0,0,0,0,0,0,0,0,0,0,0,2,0,0,0,0,0,0,0,0,0,0,0,0,0,0,0,0,0,0,2,0,0,0,0,2,2,0,0,2,0,2,0,2,0,0,0,0,0,0,0,0,0,0,2,0,0,0,0,0,0,0,0,0,0,0,0,0,0,2,0,2,2,0,2,0,0,0,0,2,0,0,0,0,0,0,0,0,0,0,2,0,0,0,0,0,0,0,0,0,2,0,0,0,0,0,2,0,0,0,0,0,0,2,0,0,0,2,0,0,2,0,0,2,0,0,0,0,0,2,0,0,0,0,0,0,0,0,0,2,0,0,0,0,0,0,2,0,0,2,0,0,2,0,0,0,0,0,0,0,0,0,0,0,0,0,0,0,0,2,0,0,0,0,0,0,0,0,0,0,0,0,0,0,0,0,0,0,0,0,0,0,0,0,0,0,0,2,0,0,0,0,0,0,0,0,0,0,0,0,0,0,0,0,0,0,0,0,0,2,0,0,0,0,0,2,2,2,2,0,2,0,2,2,0,0,0,0,0,0,0,0,0,0,0,0,0,0,0,0,0,0,0,0,0,0,0,0,0,0,0,0,0,0,0,0,0,0,0,0,0,0,0,0,0,0,0,2,2,0,0,0,0,0,0,0,0,0,0,0,2,0,2,0,0,0,0,0,0,2,0,0,0,0,0,2,0,0,2,0,0,0,0,0,0,0,0,2,0,0,2,0,0,0,0,0,0,0,0,0,0,0,2,0,0,0,0,0,0,0,2,0,0,0,0,0,0,2,0,0,0,0,0,0,0,0,0,2,0,0,0,0,0,0,0,0,0,0,2,0,0,0,0,0,0,0,2,2,2,2,0,2,2,0,0,2,2,0,0,0,0,2,0,0,0,0,0,0,0,0,0,2,0,0,0,2,2,0,0,0,0,2,0,0,0,0,0,0,0,0,0,0,0,0,2,2,0,2,0,0,0,0,0,2,0,0,0,0,0,0,0,0,0,0,0,0,0,0,0,0,0,0,0,0,0,0,0,0,0,0,0,0,0,2,0,0,0,0,0,0,0,0,0,0,2,2,0,0,0,2,0,0,0,0,0,0,0,0,0,0,0,2,2,0,0,0,0,0,2,0,0,0,2,0,0,0,0,0,0,0,0,0,0,2,0,0,0,0,0,0,0,2,0,2,0,0,0,2,0,0,0,0,NA,0,0,0,2,0,2,0,0,0,0,0,0,0,0,0,0,0,0,0,0,0,0,0,0,0,2,2,0,0,0,0,0,0,0,0,0,0,0,0,2,0,0,0,0,0,0,0,0,0,0,0,2,0,0,0,0,0,0,2,0,0,0,0,0,0,0,0,0,0,0,0,0,0,0,0,0,0,0,0,0,0,0,0,0,0,0,0,0,0,2,0,0,0,0,0,0,0,0,0,0,0,0,0,2,0,2,0,0,2,0,2,0,0,2,0,0,0,0,2,2,0,0,0,2,0,0,2,2,2,0,0,0,0,2,2,0,0,2,0,2,0,0,0,0,0,0,2,0,0,0,0,0,0,0,0,0,0,0,0,0,0,0,0,0,0,0,2,2,2,NA,0,2,0,0,0,0,0,0,2,0,0,0,0,0,2,0,0,0,0,0,0,0,0,2,0,0,2,0,0,0,0,0,0,2,0,0,0,0,2,0,0,0,0,0,0,0,0,0,0,2,0,0,0,0,0,0,2,0,0,0,0,0,2,0,0,0,0,0,0,2,0,0,2,0,0,0,0,2,0,2,0,2,0,0,2,0,0,0,0,0,0,2,2,0,0,2,0,0,0,0,0,0,0,0,0,0,0,0,0,0,0,0,2,0,0,0,0,0,0,0,0,2,0,0,2,2,2,0,0,0,2,0,0,0,2,0,0,0,0,0,0,0,2,0,2,0,0,0,0,0,0,0,0,2,0,0,0,0,0,2,0,0,0,0,2,0,0,0,0,0,0,0,0,2,0,0,0,0,0,0,0,2,0,0,2,2,0,0,0,0,0,0,0,0,0,0,0,0,0,2,0,2,0,0,0,0,0,0,0,2,0,0,2,0,0,0,0,0,0,0,0,0,0,0,0,0,0,0,0,0,0,2,0,0,0,0,0,0,0,0,2,2,2,0,0,0,0,0,0,2,0,0,0,0,0,0,0,0,0,0,2,0,0,0,0,0,0,0,0,0,0,0,0,2,0,0,0,2,2,0,0,0,0,0,0,0,2,0,0,0,0,0,0,0,0,0,0,0,0,0,0,0,2,0,0,0,0,0,0,0,0,0,0,0,0,0,0,0,0,0,0,0,2,2,0,0,2,0,0,0,0,0,0,2,0,0,0,0,0,0,0,0,0,0,0,0,0,2,0,0,0,2,0,0,0,0,0,0,0,2,0,0,0,0,0,2,0,0,0,2,0,0,0,0,0,0,0,0,0,2,0,0,0,0,0,0,0,0,NA,0,0,0,0,0,0,2,0,0,0,2,0,0,0,0,0,2,0,0,0,0,0,0,0,0,0,0,0,0,0,0,0,0,0,0,0,0,0,0,0,0,0,2,0,0,0,2,0,0,2,0,0,0,0,0,0,0,0,0,0,0,0,2,0,0,0,2,2,0,0,0,0,0,0,0,0,0,0,0,2,0,0,0,0,0,0,0,0,0,0,0,0,0,0,0,0,2,0,0,0,0,0,0,0,2,0,0,0,0,0,0,2,0,0,0,0,0,0,0,0,NA,0,0,2,0,0,0,2,0,0,2,0,0,0,0,0,0,0,0,0,0,0,0,0,0,2,0,0,2,0,2,2,0,0,0,2,0,0,0,0,2,0,2,0,0,0,0,0,2,0,0,2,0,0,2,0,0,0,0,0,0,2,0,0,2,0,0,0,2,0,0,0,2,0,0,0,0,2,0,0,0,2,0,2,2,2,2,0,0,0,2,0,0,0,2,0,0,0,0,0,0,2,0,0,0,2,0,0,0,0,0,0,0,0,2,0,0,0,0,0,0,0,2,0,0,0,0,0,0,2,2,0,0,0,0,2,0,0,0,0,2,0,0,0,2,0,0,2,0,0,0,0,0,0,2,0,0,2,0,2,0,0,2,2,0,0,0,2,0,0,2,2,0,2,0,0,0,2,0,0,2,0,0,2,0,NA,2,0,0,0,0,0,0,0,0,0,0,2,0,0,0,2,0,0,0,0,0,0,0,2,0,0,0,0,0,0,2,0,2,0,0,0,0,0,0,2,2,0,0,2,2,0,0,0,2,0,2,0,0,0,2,0,0,0,0,0,0,2,0,0,2,0,0,0,2,0,0,0,0,0,0,0,0,2,0,0,0,0,0,0,0,0,0,0,0,0,0,0,2,2,2,0,0,0,0,0,0,NA
"CC47",0,2,0,0,2,0,0,2,0,0,0,2,2,0,2,2,0,0,0,0,0,2,0,0,0,NA,0,0,0,0,0,2,0,2,2,2,0,0,0,2,2,0,0,0,0,2,0,0,0,0,0,0,0,0,0,0,0,0,0,0,2,0,2,0,2,2,0,0,0,0,0,0,0,0,0,0,0,2,0,0,2,0,0,0,0,0,2,0,2,0,2,2,0,0,2,2,0,0,0,0,0,0,0,0,0,0,0,0,0,0,0,2,0,0,0,0,0,0,0,2,0,0,2,0,0,2,2,0,0,0,0,0,0,0,0,0,2,0,0,0,0,0,2,0,2,0,0,2,0,0,2,0,0,0,0,0,0,0,0,0,0,0,0,0,0,0,0,0,2,0,0,0,0,0,0,0,0,0,0,0,0,0,2,0,0,0,0,0,0,0,0,0,NA,0,2,0,0,0,NA,0,0,0,0,0,0,0,0,0,0,0,0,0,0,0,0,0,0,0,0,0,0,0,0,0,2,0,0,2,0,0,2,0,0,0,2,0,2,0,0,0,0,0,0,0,0,2,2,0,2,0,0,0,0,0,0,0,0,2,0,0,0,0,0,2,0,0,2,0,2,2,0,0,0,2,0,0,0,0,0,0,0,0,0,0,0,0,0,2,0,2,2,0,0,2,0,0,2,0,0,0,0,0,0,0,0,0,0,0,NA,0,0,0,0,0,0,0,0,0,0,0,0,2,2,0,0,0,0,0,0,2,0,2,2,0,0,2,0,0,0,0,0,0,0,0,0,0,0,0,0,0,0,2,0,NA,0,0,0,2,0,2,0,0,0,2,0,0,2,0,0,0,0,0,0,0,0,0,0,0,0,0,0,0,0,0,0,0,0,0,0,2,0,0,0,2,2,2,2,0,0,0,0,0,0,0,0,0,0,0,0,0,0,0,0,0,0,0,0,0,0,0,0,0,0,0,2,2,0,2,2,2,0,0,0,0,0,0,0,0,0,0,0,0,0,0,0,0,0,0,0,0,0,0,0,0,0,0,0,0,0,0,0,0,2,0,0,0,0,2,2,0,0,0,0,0,0,2,NA,0,0,2,2,0,0,0,0,0,2,0,0,2,0,2,0,0,2,2,0,0,0,0,0,0,0,0,0,0,0,0,2,0,0,2,2,0,0,0,2,0,0,0,0,0,0,0,2,2,0,0,0,0,0,2,0,0,0,0,0,0,0,2,0,0,0,2,0,0,2,0,0,0,0,0,0,0,2,0,0,0,0,0,0,2,0,0,2,0,0,2,0,0,0,2,0,0,2,2,2,0,0,2,0,0,2,2,2,2,0,2,0,2,0,0,0,2,0,0,2,0,2,0,0,2,0,2,0,0,2,2,2,0,0,0,0,0,0,0,2,0,0,0,2,0,0,0,0,0,0,0,0,0,0,0,0,0,2,0,0,2,0,0,0,2,2,0,2,2,0,0,0,2,0,0,0,0,0,0,0,0,0,0,2,0,0,0,0,2,0,0,0,0,0,0,0,0,0,0,0,0,0,0,0,0,0,0,2,0,0,0,2,0,0,0,0,0,0,0,0,2,2,0,0,0,0,0,0,0,0,0,2,0,0,0,2,0,0,2,0,2,0,0,0,0,2,0,2,2,0,0,0,0,0,0,0,0,0,0,0,0,0,0,0,0,0,2,0,0,0,2,0,2,0,0,0,2,0,0,0,0,0,0,0,0,0,0,0,2,0,0,0,0,0,0,0,0,0,0,0,2,0,0,0,0,0,2,0,2,0,0,0,0,0,0,0,0,2,2,0,0,0,0,0,0,2,0,0,0,0,2,0,0,0,0,0,0,0,0,0,0,0,0,0,2,2,2,0,0,2,0,0,2,2,0,0,0,0,0,2,2,0,2,2,2,2,0,0,0,2,0,0,2,2,2,2,0,2,0,0,2,2,0,2,0,0,0,0,0,2,0,2,0,0,0,0,2,2,0,0,2,0,0,0,0,0,2,0,0,0,0,0,0,0,0,0,0,0,2,2,0,0,0,0,0,0,0,0,0,0,2,0,NA,0,0,0,0,0,2,0,0,0,0,2,0,0,0,0,0,0,2,0,0,2,0,0,0,0,0,0,0,0,0,0,0,0,2,2,0,0,0,0,2,0,0,2,2,0,0,0,0,0,0,0,0,0,0,0,0,0,0,0,2,0,0,0,0,0,0,0,0,2,2,0,0,0,0,0,2,0,0,0,0,0,2,2,0,0,0,2,0,0,0,0,0,0,0,0,0,0,0,0,2,0,0,0,0,0,0,0,2,0,0,0,0,0,0,2,0,0,0,2,2,2,0,0,0,0,0,0,2,2,0,0,0,0,0,0,2,0,0,0,0,0,0,0,0,2,0,0,0,0,0,0,0,0,0,0,0,0,0,0,0,0,0,0,2,NA,2,0,0,0,0,0,0,0,0,2,0,0,0,0,0,0,0,2,2,0,0,0,0,0,0,0,0,0,0,0,0,NA,0,0,2,0,0,0,0,0,0,0,2,0,0,2,0,0,2,0,0,0,2,0,0,0,0,2,0,0,0,0,2,2,0,0,0,2,0,0,0,0,0,0,0,0,0,0,0,0,0,0,0,0,0,0,0,0,0,2,2,0,0,0,2,2,0,0,0,2,0,0,0,0,0,0,2,0,0,0,0,2,0,0,0,0,2,0,0,0,2,0,0,0,0,2,2,0,0,0,0,0,0,2,2,0,0,0,0,0,2,0,0,0,0,0,0,2,0,0,0,0,0,0,2,0,0,0,0,0,0,2,0,0,0,2,0,0,0,0,0,0,0,0,0,0,0,2,0,0,0,0,0,0,2,0,0,0,0,0,0,0,2,0,0,2,0,0,0,0,0,0,0,0,2,0,0,0,0,2,0,0,0,0,0,0,0,0,0,0,0,0,0,0,0,0,0,0,0,2,0,0,0,0,0,0,0,0,2,0,0,0,2,0,0,0,0,0,0,0,0,0,0,2,0,0,0,0,0,0,0,0,0,0,0,0,0,2,0,0,0,0,0,0,0,0,0,0,2,0,0,0,0,0,0,0,0,0,0,0,0,0,0,0,2,2,2,0,0,0,0,0,0,0,0,0,0,0,0,0,0,0,0,0,0,0,0,0,0,0,0,0,0,2,0,0,0,0,0,0,0,0,0,2,0,0,0,0,0,2,2,0,0,0,0,0,0,0,2,0,0,0,0,0,0,2,0,0,0,2,0,0,0,0,0,0,0,0,0,0,0,0,0,0,0,0,0,0,0,0,0,0,0,0,2,0,0,0,0,2,0,0,0,0,0,0,0,0,0,0,0,0,2,0,2,0,0,0,0,0,0,0,0,0,0,2,0,0,0,0,0,0,0,0,0,2,0,0,0,0,0,0,0,0,0,0,0,0,0,0,0,0,0,0,0,0,0,2,0,0,0,0,0,0,0,0,0,0,0,0,0,2,0,0,0,0,0,0,0,0,2,0,0,0,2,0,2,2,0,0,0,0,2,0,2,0,0,0,0,0,0,0,2,0,0,0,2,0,0,0,0,0,0,0,0,0,0,0,2,0,0,2,2,0,0,0,0,2,0,0,0,0,2,0,0,0,0,0,0,0,0,0,0,2,2,0,0,0,0,0,0,0,0,0,0,0,0,0,0,2,2,0,0,2,0,0,2,0,0,0,0,0,2,0,0,0,2,0,0,0,0,0,0,0,0,0,0,0,0,0,0,0,0,0,0,0,2,0,0,0,2,0,0,0,0,2,0,0,0,0,2,0,0,2,2,2,0,0,2,0,0,0,2,2,0,0,0,0,0,0,0,0,0,0,0,0,0,0,0,0,2,0,0,0,2,2,0,0,0,0,2,2,0,0,2,2,0,0,0,0,0,0,0,0,0,0,2,2,2,2,0,0,0,0,0,0,0,0,0,0,0,0,0,0,0,0,0,0,2,2,2,0,0,0,0,0,0,2,2,0,0,0,0,0,0,0,0,0,2,2,0,0,0,0,0,0,2,0,0,0,0,0,0,0,0,0,0,0,0,0,0,0,0,0,0,0,0,2,0,0,0,0,0,0,0,0,0,0,0,0,0,0,0,0,0,0,0,0,2,0,0,0,2,0,0,2,0,0,0,0,0,0,2,0,0,0,0,2,0,0,0,0,0,0,0,0,0,0,2,0,2,0,0,0,0,0,0,0,0,2,0,0,0,0,2,NA,0,0,0,0,0,0,0,0,0,0,2,2,0,0,0,0,0,0,0,0,0,0,0,0,0,0,0,0,0,2,0,0,0,0,0,0,0,0,2,0,2,0,0,0,0,0,0,0,2,0,0,0,0,0,0,2,0,0,0,0,0,0,0,0,0,0,0,0,0,0,0,0,0,0,0,0,0,0,2,0,0,0,0,0,0,0,0,0,2,0,0,0,0,2,2,0,2,0,2,0,0,0,0,0,0,0,2,0,0,2,2,0,0,2,0,0,0,0,0,2,2,0,0,0,0,0,0,0,0,0,0,0,0,0,0,0,0,0,0,0,0,0,0,0,2,0,0,0,0,0,0,0,0,2,0,0,0,0,0,0,0,0,0,0,0,0,0,0,0,0,0,0,0,2,0,0,0,0,0,0,0,0,0,0,0,0,0,0,2,0,2,2,2,0,0,0,0,0,0,0,0,0,0,2,0,2,0,0,0,0,0,2,2,0,2,0,2,0,0,0,0,0,2,0,0,0,0,0,0,0,0,0,0,0,0,2,0,0,0,0,0,0,0,2,2,0,0,0,0,0,0,0,2,0,0,0,0,0,0,0,0,0,0,0,0,0,0,0,0,0,0,2,0,0,0,2,0,0,0,0,0,2,0,0,0,0,0,0,0,0,0,0,0,2,2,0,0,0,0,0,2,0,0,0,0,0,0,0,2,0,2,0,2,0,0,0,2,0,0,2,2,2,0,2,0,0,0,0,0,0,2,0,0,0,0,0,0,0,2,0,0,2,0,0,0,0,2,0,0,0,0,0,2,0,0,NA,0,2,0,0,0,0,0,0,0,0,2,0,0,2,2,2,0,2,0,0,0,0,0,0,0,0,0,0,2,0,0,0,0,0,0,0,0,0,0,2,0,0,0,0,0,0,0,2,0,2,0,0,0,0,0,0,0,0,0,0,0,0,0,0,0,0,0,0,0,0,0,0,0,2,0,0,0,0,0,0,2,0,0,0,2,0,2,0,0,0,0,0,0,0,0,2,0,0,0,0,0,0,0,0,0,0,0,0,0,0,0,0,0,0,0,0,0,0,0,2,2,0,0,0,0,0,0,2,0,0,2,0,0,0,0,0,0,0,2,2,2,2,0,2,0,0,0,2,0,0,2,0,2,0,0,0,0,0,0,0,0,0,0,0,0,0,0,0,0,0,2,0,0,0,2,0,0,2,2,0,0,0,0,0,0,0,0,0,0,0,0,0,0,0,0,0,0,0,0,0,0,0,0,0,0,2,0,0,0,0,0,0,0,0,0,0,0,0,0,2,2,0,2,0,0,0,0,0,0,0,0,0,0,0,0,0,0,0,0,0,0,0,0,0,0,0,0,0,0,2,0,0,0,0,0,2,0,0,0,2,2,0,2,0,2,2,0,0,0,0,0,0,2,2,0,0,0,0,0,0,0,2,2,2,0,0,0,0,0,0,0,0,0,0,2,0,0,0,0,0,0,0,0,0,0,0,2,0,0,0,0,0,2,0,2,0,0,0,0,0,0,0,0,0,0,0,0,0,0,2,0,0,2,2,0,2,0,2,0,0,0,2,2,0,0,0,2,0,0,0,0,0,2,0,0,0,0,0,0,0,0,0,0,2,0,0,2,0,0,2,0,0,0,0,0,0,0,0,0,2,2,2,2,0,0,0,2,0,0,0,0,2,2,0,2,0,0,0,0,2,0,2,0,0,0,0,0,2,0,0,0,0,0,0,0,0,0,0,0,0,2,0,0,0,2,0,2,0,2,0,2,0,0,0,0,0,0,0,0,0,0,0,0,0,0,0,2,0,0,0,0,2,0,0,0,0,0,0,2,0,0,0,0,0,0,0,2,0,0,0,0,0,0,0,2,0,0,0,0,2,2,0,0,0,0,2,0,0,0,0,0,0,0,0,2,2,0,0,2,0,0,0,0,2,0,2,0,0,0,0,2,0,0,0,0,0,2,0,0,2,0,0,2,0,0,0,0,0,2,0,0,2,0,0,0,0,0,2,0,0,2,0,2,2,NA,2,0,0,2,0,0,0,0,0,0,2,2,0,0,0,0,0,0,0,0,0,0,0,0,0,0,0,0,0,0,2,2,0,0,0,0,0,0,2,2,0,0,2,0,0,0,0,0,0,0,0,0,2,2,2,0,0,2,0,0,0,2,0,0,0,2,2,0,0,0,0,0,0,2,0,0,0,0,0,0,0,0,0,2,0,0,0,2,0,0,0,0,0,0,0,2,0,0,0,2,0,2,0,0,0,0,0,0,0,2,0,0,0,2,0,0,0,0,2,0,0,0,0,0,0,0,0,0,0,0,0,0,0,0,0,0,0,0,0,0,0,0,0,2,2,0,0,0,0,2,0,0,0,0,0,2,2,0,0,0,0,0,0,0,0,0,0,0,0,0,0,0,0,0,0,0,2,0,2,2,0,2,0,0,0,0,0,0,2,0,0,0,0,2,0,0,0,0,2,2,0,2,0,2,0,0,0,0,0,0,0,0,0,0,0,2,0,0,0,0,0,0,0,0,2,2,2,0,2,0,0,0,2,0,2,0,0,0,0,0,0,0,0,2,0,0,0,2,0,2,2,0,0,2,0,0,2,0,0,0,0,0,0,2,0,0,0,0,0,0,0,0,2,0,0,0,0,0,0,0,2,2,0,0,0,0,0,0,0,0,2,0,0,0,0,0,0,0,2,0,0,0,0,0,0,0,0,0,0,0,2,0,0,0,0,0,0,2,2,0,0,2,0,2,0,0,0,0,0,2,0,0,0,0,0,0,0,0,2,2,2,0,0,0,0,0,0,0,0,0,0,0,2,0,0,0,0,2,0,0,0,0,0,0,0,0,0,0,2,2,0,0,2,0,0,0,2,0,0,0,0,0,0,2,2,2,0,2,0,2,0,0,2,0,0,0,0,0,0,0,0,2,0,0,0,2,0,0,0,0,0,0,0,2,0,0,0,0,2,0,0,0,0,0,0,2,0,0,0,0,0,2,2,2,2,0,0,0,0,0,0,0,0,0,0,0,2,0,0,0,0,0,0,2,0,0,0,0,0,0,0,0,0,0,0,0,0,0,0,0,0,2,0,0,0,0,2,2,0,2,0,0,0,0,0,2,0,0,0,0,0,0,2,0,0,0,0,0,0,0,2,2,2,2,0,0,0,0,0,0,0,0,0,2,0,0,0,0,2,0,0,0,2,0,0,2,0,2,2,2,0,0,0,2,0,2,2,0,0,2,0,2,0,2,0,0,0,0,2,2,0,0,0,0,0,0,0,0,0,2,0,0,0,0,0,0,0,2,0,0,0,0,0,0,2,0,0,0,2,0,0,0,0,0,0,2,0,2,0,0,0,0,0,0,0,0,0,0,0,0,0,0,0,0,0,2,2,0,0,0,0,0,0,0,0,0,0,0,0,0,2,2,0,0,0,0,0,2,0,2,0,0,0,0,0,0,0,0,0,0,0,0,0,0,0,2,0,0,0,0,0,0,0,0,0,0,0,0,0,0,0,0,2,2,0,0,0,0,0,0,0,0,0,0,0,0,0,0,0,2,0,0,0,0,0,0,0,0,0,0,0,0,0,0,0,0,0,0,0,0,0,0,0,0,0,0,0,0,0,0,0,0,0,0,0,0,0,0,0,0,0,0,0,0,0,0,0,0,0,0,0,0,0,0,0,2,0,0,0,2,0,0,0,0,0,0,0,0,0,0,2,2,0,0,0,0,0,0,0,2,0,2,0,0,0,2,2,0,2,0,0,0,2,0,2,0,0,0,0,0,0,2,0,0,2,0,0,0,0,0,2,0,0,0,0,0,2,0,0,0,0,0,0,0,0,0,0,0,0,0,2,2,0,2,0,0,2,0,0,2,0,0,2,0,2,0,0,2,0,0,2,2,2,2,0,2,2,0,2,0,2,0,2,0,2,2,0,0,2,2,0,0,0,2,2,2,0,2,0,2,0,0,2,0,0,0,2,2,0,0,0,2,2,2,0,0,2,2,0,0,0,0,0,0,0,0,0,0,2,0,0,2,0,2,0,0,0,0,0,2,0,0,0,0,2,0,0,0,2,0,0,2,0,0,0,2,0,0,0,0,0,0,0,2,2,0,2,0,2,0,2,2,0,2,2,0,0,2,0,2,0,0,2,0,0,0,2,2,2,0,0,0,2,2,0,2,NA,2,2,2,2,0,0,0,0,0,0,2,2,2,0,0,0,0,0,2,2,0,2,0,0,0,0,0,0,0,0,2,0,2,0,0,2,0,0,0,0,0,0,0,2,0,0,0,0,2,0,0,0,0,0,0,0,0,0,0,0,0,0,0,0,0,0,0,0,0,0,0,0,0,0,0,2,0,0,0,0,0,0,0,2,0,0,0,2,2,0,2,0,2,0,0,0,2,0,2,0,0,0,2,0,0,0,0,2,0,0,0,0,0,0,0,2,0,2,0,0,0,0,0,0,0,0,0,0,0,0,0,0,0,2,0,0,0,0,0,0,0,0,0,0,0,2,0,2,2,0,2,0,NA,2,0,0,2,2,0,0,2,0,0,0,2,0,0,2,0,0,2,0,0,2,0,0,0,0,0,2,0,0,0,0,0,0,0,0,0,0,0,0,0,0,2,0,0,0,2,2,0,2,2,0,0,0,0,0,0,0,0,0,0,0,0,0,0,2,0,0,2,0,0,0,0,0,0,0,0,0,0,0,0,0,0,0,0,0,0,0,0,0,0,2,2,0,0,0,0,0,0,2,0,0,2,2,2,0,2,0,0,2,0,0,0,0,2,0,0,0,2,2,0,0,0,2,0,0,0,0,0,2,0,0,0,0,0,0,0,0,0,0,2,0,0,2,0,0,0,0,0,0,2,0,0,0,0,0,0,0,0,0,0,0,0,0,0,2,0,0,2,2,2,0,0,0,0,0,0,0,0,0,0,0,2,0,0,0,0,0,0,0,2,2,2,2,0,0,0,0,0,2,0,2,0,0,0,2,0,2,2,0,0,0,0,0,0,2,0,0,0,0,0,0,0,2,0,0,2,0,2,0,0,0,0,0,0,2,0,0,0,0,0,2,0,2,0,0,0,2,0,0,0,0,0,0,0,2,2,0,2,0,0,0,2,0,0,0,0,0,0,0,0,0,0,0,0,0,0,0,0,0,0,0,0,0,0,0,2,0,0,0,0,0,0,0,0,0,0,NA,0,0,0,0,2,0,2,0,0,2,0,0,0,0,0,0,0,2,0,0,0,0,0,0,0,2,0,0,0,0,0,2,0,0,0,2,0,0,2,0,0,0,2,2,0,2,0,0,0,0,0,2,0,2,0,2,0,0,0,0,0,0,0,0,2,2,0,0,0,2,NA,0,2,0,NA,0,0,0,0,0,0,0,0,0,0,0,0,2,2,0,0,0,0,0,0,2,0,0,0,2,2,0,0,2,0,2,0,2,0,NA,NA,0,0,0,0,0,2,2,0,0,0,0,2,2,2,0,2,0,0,0,0,2,0,0,0,0,2,0,0,2,2,0,0,2,2,2,0,0,0,2,0,2,2,0,2,0,0,2,0,0,0,0,0,2,0,2,0,2,0,0,2,0,0,2,0,0,0,0,2,2,0,0,0,0,0,0,0,2,0,0,0,0,2,0,0,2,2,0,0,2,0,0,0,0,0,0,0,0,0,0,0,0,0,0,0,0,2,0,0,0,0,2,0,0,0,0,0,0,0,0,0,0,0,0,0,0,0,0,0,0,0,0,0,0,0,2,0,0,0,0,0,0,0,0,2,0,0,2,0,0,0,0,0,0,0,2,0,0,0,0,0,0,0,0,2,2,0,0,0,0,2,0,2,2,2,0,2,0,2,0,0,0,0,0,0,0,0,0,0,0,0,0,2,0,0,0,0,0,0,0,0,0,0,2,0,2,0,0,2,2,2,0,0,0,0,0,0,0,0,0,NA,0,0,2,0,0,0,0,2,0,0,2,0,0,0,0,0,0,0,2,2,0,2,0,0,2,2,0,0,2,0,0,0,2,0,2,0,2,0,0,0,0,0,0,0,2,0,0,2,2,0,0,0,0,0,0,0,0,0,0,0,0,0,0,0,0,0,0,0,0,0,0,0,0,0,2,2,2,2,0,0,0,0,0,2,0,0,2,0,2,0,2,2,2,0,0,0,0,2,0,0,0,0,0,0,0,2,0,0,2,0,0,0,0,0,0,0,0,0,0,0,0,0,0,0,0,0,0,0,0,2,0,2,2,0,2,0,0,2,2,2,0,0,0,0,0,0,0,0,2,0,0,0,0,2,0,0,0,2,0,0,0,2,0,0,0,0,2,0,0,0,0,0,0,0,0,2,0,2,0,0,2,2,0,2,0,0,2,0,0,0,0,2,0,2,0,0,0,0,0,0,0,0,0,0,0,0,0,0,0,0,0,0,0,0,2,0,2,2,2,0,0,2,0,0,0,0,0,0,0,0,2,0,0,0,0,2,2,2,0,0,2,0,2,2,0,0,0,0,2,0,2,0,0,0,0,2,2,0,0,0,0,0,0,0,0,0,0,0,0,2,2,0,0,0,0,0,0,0,0,2,2,0,0,2,0,0,0,2,0,0,2,0,0,0,2,0,0,0,0,0,2,2,0,0,0,0,0,2,0,0,0,0,0,2,0,0,0,0,0,0,0,0,0,0,0,0,2,0,0,0,2,0,0,0,0,2,0,0,0,0,0,0,0,2,2,0,0,0,0,0,0,0,0,0,0,0,2,2,0,0,0,0,0,2,0,0,2,0,0,0,2,0,0,2,0,0,0,0,0,2,0,0,0,0,0,0,0,0,0,0,0,2,0,0,0,0,0,2,0,0,0,0,0,0,0,0,0,0,0,2,2,0,2,0,0,2,0,0,0,0,0,2,0,2,0,0,0,2,0,0,0,2,2,0,2,0,NA,2,0,2,2,2,0,0,2,2,0,0,0,2,0,0,0,2,0,2,0,2,0,2,0,0,0,0,2,0,2,0,0,0,0,0,0,NA,0,0,0,0,2,2,0,0,0,0,0,0,0,0,0,2,2,2,0,0,0,0,0,0,0,NA,2,0,0,0,0,0,2,0,0,2,0,2,0,0,0,0,0,0,0,2,0,0,2,2,0,2,0,0,0,0,0,0,0,0,0,0,0,0,0,0,0,2,0,2,2,0,0,NA,0,0,2,0,2,0,2,0,0,0,0,0,0,2,2,0,0,0,2,0,0,2,0,2,0,0,0,0,2,0,0,0,2,0,2,0,2,2,0,0,0,2,NA,2,2,0,2,0,0,0,0,2,NA,2,2,2,0,0,0,0,0,0,0,0,2,0,NA,2,0,2,0,NA,0,0,2,0,0,NA,0,2,0,2,2,0,0,0,0,2,0,0,0,0,0,0,0,2,2,2,0,0,0,2,2,2,2,0,2,0,2,0,2,0,0,0,0,2,0,0,2,0,0,0,0,2,2,0,2,0,0,0,0,0,0,0,2,2,2
"CC48",0,2,0,0,0,0,0,2,0,0,0,0,0,2,2,2,2,2,0,0,0,2,0,0,2,0,0,0,2,0,0,2,2,0,2,2,0,0,0,2,2,0,2,0,0,2,0,0,0,0,0,0,0,0,0,0,0,0,0,0,0,0,0,0,2,2,0,0,0,0,0,0,0,0,0,2,0,2,0,2,0,0,0,0,0,0,0,0,0,0,0,0,0,0,0,2,0,0,0,0,0,0,0,2,2,2,0,2,0,0,0,0,0,0,0,0,2,0,0,0,0,0,2,2,0,2,0,0,0,0,0,0,2,2,0,0,0,0,0,0,0,0,2,0,0,0,0,2,0,0,2,0,0,0,0,0,0,0,0,0,0,0,0,0,0,0,0,0,2,0,2,0,0,0,0,0,0,0,0,0,0,0,2,0,0,0,0,0,2,2,0,NA,0,0,0,0,0,0,NA,0,NA,2,0,0,2,0,0,0,0,0,0,0,0,0,0,0,0,0,2,0,0,0,0,0,2,NA,2,0,0,0,0,0,0,0,2,0,0,0,0,0,0,0,0,0,0,2,2,0,2,0,0,0,0,0,2,0,2,0,2,0,0,0,0,0,0,2,0,0,0,2,2,0,0,0,0,0,2,2,2,2,0,0,0,0,2,0,0,2,0,0,0,0,0,0,2,0,2,0,0,0,0,0,0,2,0,0,0,2,0,0,0,0,NA,0,0,0,0,2,0,2,0,2,2,2,0,0,0,0,0,2,0,2,2,0,0,2,0,0,2,0,0,0,0,2,0,0,0,0,0,0,0,2,0,0,0,0,0,2,0,0,0,0,0,2,0,0,2,0,2,0,0,0,0,0,0,0,0,0,0,0,0,0,0,0,0,0,2,0,0,2,0,0,0,0,0,0,0,0,0,0,0,2,NA,0,0,0,0,0,0,0,0,2,2,0,0,2,0,0,2,0,0,2,0,0,2,2,0,2,NA,0,0,0,2,0,0,0,0,0,0,0,0,0,0,0,0,2,0,0,0,0,0,0,0,0,0,0,0,0,0,2,2,0,0,0,0,0,0,2,0,0,0,0,0,0,0,2,0,0,0,2,0,0,0,2,0,0,2,2,0,0,0,0,2,0,2,2,0,0,0,0,0,0,0,0,0,0,0,0,0,2,0,2,2,0,2,0,2,0,0,0,0,0,0,0,0,0,0,0,0,2,0,2,0,0,0,0,0,0,0,0,2,0,0,2,0,0,2,0,0,0,2,2,0,0,2,0,0,2,0,0,0,2,0,0,0,0,0,0,0,0,0,2,0,0,2,0,0,0,0,2,0,0,0,0,0,0,2,2,0,2,0,0,0,2,0,0,0,0,2,2,0,0,0,0,0,0,0,0,0,0,0,0,2,0,0,2,2,0,0,0,0,0,2,0,0,0,2,0,0,0,0,0,0,0,2,0,0,0,0,0,2,0,2,2,2,2,0,2,0,2,0,0,2,0,0,0,0,0,0,0,NA,0,0,0,0,0,0,2,0,0,0,2,0,2,0,0,0,0,2,0,0,0,0,0,0,0,0,2,0,2,0,0,0,2,0,0,0,2,2,0,0,0,0,0,2,2,2,0,2,0,0,2,2,0,0,2,2,0,0,0,0,0,2,0,2,0,0,0,0,0,0,0,0,0,0,0,0,0,0,0,0,0,0,0,0,0,0,0,0,2,0,0,0,0,0,0,0,0,2,0,0,0,0,2,2,0,0,0,0,0,0,0,0,0,0,0,0,2,0,0,0,0,0,2,0,2,0,0,0,0,0,2,0,2,2,2,0,2,2,0,0,0,2,2,0,2,0,2,2,0,0,0,0,0,0,0,2,0,2,0,2,0,0,0,0,2,2,2,0,0,2,0,0,0,2,2,2,0,0,0,0,2,0,0,0,0,2,0,0,2,0,2,2,0,2,0,0,0,2,0,0,2,2,0,0,0,0,2,0,0,2,0,0,2,0,0,0,2,0,0,2,0,0,2,0,0,NA,0,0,2,0,2,2,0,2,0,2,0,0,0,0,0,0,0,2,0,0,2,0,0,0,0,0,0,2,2,0,0,0,0,2,0,0,0,0,0,0,0,0,0,0,0,0,0,0,2,2,0,0,0,0,NA,2,2,2,0,0,0,0,2,0,0,2,2,0,0,0,2,0,2,0,0,0,0,0,0,0,0,0,0,0,0,0,0,0,0,0,0,2,2,0,0,0,0,0,0,0,0,0,0,0,2,2,0,0,0,2,0,0,0,0,0,0,0,0,0,0,0,0,0,0,0,0,0,0,0,0,0,0,0,0,0,0,0,2,0,2,0,0,2,2,0,0,0,0,0,0,2,2,2,0,2,0,0,0,2,0,0,0,0,0,0,0,0,2,0,0,0,2,2,0,0,NA,0,0,2,0,2,2,0,0,0,0,0,0,0,0,0,0,0,0,0,0,2,2,0,2,0,0,0,0,0,0,2,0,0,0,0,0,0,0,0,0,0,0,0,0,0,0,0,2,0,0,0,0,0,0,2,0,0,2,0,2,2,0,0,0,2,0,0,0,0,0,2,2,0,0,2,2,0,0,0,0,2,0,2,0,0,0,0,0,0,0,0,0,0,0,0,0,0,0,0,0,0,2,2,0,0,0,2,2,0,0,0,0,0,0,0,0,0,2,0,0,0,0,0,0,2,0,2,0,0,0,0,0,2,0,0,0,2,0,2,0,0,0,0,0,2,0,2,2,0,0,2,0,2,0,0,2,0,0,2,0,0,0,0,0,0,0,0,0,2,2,0,2,0,2,2,0,0,0,0,0,2,0,2,2,0,2,0,2,0,0,0,2,2,2,0,0,0,0,0,0,0,NA,NA,0,2,0,0,NA,0,0,2,0,0,2,0,0,0,0,2,0,0,2,0,2,0,0,2,2,0,0,0,0,0,2,0,0,0,2,0,0,2,0,0,0,0,2,NA,0,0,2,0,0,0,2,0,0,0,0,0,2,0,0,0,0,0,0,0,0,0,0,0,0,0,0,0,0,2,0,0,0,0,0,0,0,0,0,0,2,0,2,0,0,0,0,0,0,0,0,0,0,0,0,0,0,0,0,0,0,2,0,0,0,0,0,0,0,0,0,0,0,0,0,0,0,0,0,0,0,0,0,0,0,0,0,0,0,0,2,2,0,2,0,0,0,0,0,0,0,0,0,0,2,0,0,0,0,0,0,0,2,2,0,0,0,0,0,0,2,0,0,0,2,0,0,0,0,0,0,0,0,0,0,0,0,0,2,0,0,0,0,0,0,NA,0,0,0,2,0,0,0,0,2,0,0,0,0,0,0,2,0,0,2,0,0,2,2,2,0,0,0,0,0,0,0,0,0,0,2,0,2,0,2,0,0,0,0,0,2,2,0,0,0,0,0,0,0,0,0,0,0,2,0,0,2,0,0,0,0,0,2,0,2,0,0,0,0,0,0,0,2,0,0,0,2,0,0,0,0,0,0,2,0,2,0,0,0,0,0,2,0,0,0,0,0,0,0,2,0,0,0,0,2,0,2,2,0,2,0,0,0,2,0,0,2,2,0,0,2,2,0,2,0,2,2,2,0,0,0,2,2,0,0,0,0,0,0,0,0,0,0,2,0,0,0,2,2,2,0,0,2,0,0,0,0,0,0,0,0,0,0,0,2,2,0,0,2,0,0,2,2,0,0,0,0,0,0,0,0,2,0,0,2,0,0,0,0,0,0,2,0,0,0,0,0,0,0,0,0,0,0,2,2,0,2,0,0,0,0,0,0,0,0,0,0,0,0,2,2,0,0,0,0,0,0,0,2,2,0,0,NA,0,0,0,2,0,0,0,0,0,0,0,0,2,0,0,0,2,0,0,0,0,0,0,0,0,0,2,0,2,0,0,2,0,0,2,0,0,0,2,2,2,2,0,0,2,0,0,0,0,2,0,0,0,0,0,0,2,0,2,0,2,2,2,0,0,0,0,0,2,2,2,0,0,0,0,0,0,0,0,2,2,2,0,0,2,0,0,0,2,0,0,2,2,0,0,2,0,0,2,0,0,0,0,0,0,0,0,0,0,2,2,0,2,0,2,0,0,0,0,0,0,0,0,0,0,2,0,0,0,0,0,0,0,0,2,0,0,2,2,0,0,0,0,0,2,0,0,0,0,2,2,0,0,2,0,0,0,0,2,0,2,0,0,2,0,0,0,0,0,0,0,0,2,0,0,0,0,2,0,0,0,0,0,0,0,0,0,0,0,2,0,2,0,0,0,0,0,0,0,0,0,0,0,0,0,0,0,0,0,0,0,0,0,0,0,0,2,0,0,2,0,0,0,0,0,0,0,0,0,0,0,0,0,2,0,0,0,0,0,2,0,0,2,0,0,0,0,0,0,0,0,0,0,0,0,0,NA,0,0,2,0,0,0,0,0,0,0,0,0,0,0,2,0,0,2,2,0,0,0,0,0,0,2,0,0,0,0,2,2,0,0,0,0,0,0,2,0,0,2,0,0,0,0,0,2,0,2,0,0,0,0,0,0,0,0,0,0,0,2,0,0,0,2,0,NA,0,0,0,0,0,0,2,0,0,0,0,0,0,0,0,0,0,0,0,0,0,0,0,0,0,0,2,0,0,2,0,0,0,0,0,0,0,0,0,0,0,0,0,2,2,2,0,0,0,0,0,0,0,0,0,0,2,0,2,0,0,0,0,0,2,2,2,2,0,2,0,0,0,0,0,2,0,0,0,0,0,0,0,0,0,0,0,0,0,0,0,2,0,0,0,0,2,2,0,0,0,0,0,0,0,2,0,0,0,0,0,0,0,0,0,0,0,0,0,0,0,0,0,0,NA,0,0,0,2,0,0,0,0,0,0,0,0,0,0,0,0,0,0,0,0,0,0,2,0,0,0,0,0,2,0,0,2,2,0,0,2,0,0,0,0,0,0,0,0,0,0,2,0,0,0,0,0,0,0,0,2,0,0,0,0,0,0,0,2,0,0,2,0,0,2,0,0,0,0,0,0,2,0,0,0,2,0,0,0,2,2,0,0,0,0,0,0,0,0,0,0,0,2,2,2,0,2,0,0,0,0,0,0,0,0,0,0,2,0,0,0,0,0,0,0,0,0,0,2,0,0,0,0,2,0,0,2,0,2,0,0,0,2,0,0,2,0,0,0,0,0,0,0,0,0,0,0,0,0,0,0,0,2,0,0,0,0,0,0,2,0,0,0,0,0,2,0,0,0,0,0,2,0,0,0,0,0,0,0,0,0,0,0,0,0,0,0,0,0,0,0,0,0,0,2,0,0,0,2,2,0,0,0,0,0,0,0,0,0,2,0,0,0,0,0,0,0,2,0,2,0,0,0,0,0,0,0,0,0,0,0,2,0,0,0,2,0,0,0,0,0,0,0,0,0,0,0,0,0,2,0,0,2,2,0,0,2,2,0,0,0,0,0,0,0,0,0,0,0,0,0,0,2,0,0,0,0,2,0,0,0,0,0,0,0,0,0,0,0,0,0,0,0,0,0,2,0,2,2,2,0,2,0,2,0,0,0,0,0,0,2,0,0,0,0,0,0,2,2,0,0,0,2,0,0,0,0,0,0,0,0,0,0,0,2,0,0,0,2,0,2,0,0,0,2,0,0,0,0,0,2,0,2,0,0,0,0,0,0,0,0,0,0,0,0,0,0,2,0,0,0,0,2,0,0,0,0,0,0,0,0,0,0,0,2,2,0,0,0,0,0,2,0,0,0,0,0,0,0,0,0,0,0,0,0,0,0,0,2,2,2,2,0,0,2,0,2,0,2,0,0,2,0,0,0,2,0,0,2,2,0,0,0,2,0,0,0,0,0,0,0,0,2,0,0,2,0,2,0,0,0,0,0,0,0,0,0,0,2,2,2,2,0,0,0,2,0,0,0,0,0,0,0,2,0,0,0,0,2,0,2,2,0,2,0,0,2,0,0,0,0,0,0,0,0,0,0,0,0,0,0,2,0,2,0,2,0,2,0,2,0,0,2,0,0,0,0,0,0,0,0,0,0,0,0,2,0,0,0,0,2,0,0,0,0,0,0,2,0,0,0,0,0,0,0,2,0,0,0,0,0,0,2,0,0,0,0,0,0,0,2,0,0,0,0,0,0,0,0,0,0,0,0,2,0,0,0,0,0,0,0,0,2,0,2,0,2,0,0,0,0,0,0,0,0,2,0,0,0,0,0,2,0,0,2,0,0,0,0,0,2,2,0,0,0,0,0,0,0,0,0,0,0,2,0,0,0,2,0,0,0,0,0,0,2,0,2,0,2,0,0,2,0,0,0,0,0,0,0,0,0,2,2,0,0,2,0,0,0,2,0,0,2,2,0,0,2,0,0,0,0,0,0,0,2,0,2,2,0,0,0,0,0,0,0,2,0,2,0,2,2,0,0,2,0,0,0,2,0,0,0,0,0,0,0,2,0,0,0,0,0,0,0,0,0,0,0,0,0,2,0,0,0,2,0,0,2,0,0,0,0,0,0,2,0,0,0,2,2,0,0,2,2,0,2,0,0,0,0,0,0,2,2,2,2,0,2,0,0,2,0,0,0,0,2,0,2,2,2,0,0,0,0,0,0,0,0,0,0,0,0,0,0,0,0,0,0,0,0,0,0,0,0,0,0,0,0,0,0,0,2,0,2,2,0,2,0,0,0,0,0,0,2,0,0,0,0,0,2,0,0,0,2,2,0,0,0,2,0,0,0,0,0,0,0,0,0,0,2,2,0,0,0,2,0,0,2,0,0,0,2,0,0,2,0,0,0,0,2,0,0,0,0,0,0,0,0,2,0,0,2,2,0,2,0,0,0,0,0,0,0,0,0,0,0,0,0,2,0,0,0,2,0,0,0,0,2,2,2,0,0,0,0,2,0,2,0,0,0,0,0,2,0,0,2,0,0,0,0,0,0,0,2,0,0,0,2,2,0,0,0,2,0,0,0,0,0,0,0,0,0,0,0,0,2,0,0,0,2,0,0,0,0,0,2,0,2,0,0,0,0,0,2,0,2,0,0,0,0,2,0,2,0,0,0,0,2,0,2,0,0,0,0,0,0,0,0,2,0,0,0,0,0,0,0,0,0,0,0,0,2,2,2,0,0,0,0,0,0,2,0,0,0,2,0,0,0,0,0,0,0,0,2,0,0,0,0,0,0,2,0,0,0,0,0,0,0,0,0,0,0,0,0,0,0,0,0,0,0,2,0,0,0,0,0,0,0,0,0,0,0,0,0,0,0,0,0,0,0,0,2,0,0,0,0,0,0,0,0,0,0,0,0,0,0,0,0,0,0,0,0,0,0,0,0,2,0,0,0,0,0,0,0,0,0,0,2,0,0,2,0,0,0,0,0,0,2,0,0,0,0,0,0,0,2,0,2,0,0,0,0,0,0,0,0,2,2,2,0,0,0,0,2,0,0,0,0,0,0,2,0,2,2,2,2,0,0,2,0,0,0,0,0,0,0,2,0,0,0,0,0,0,2,2,0,0,0,0,0,0,0,0,0,2,0,0,0,0,0,0,0,0,0,0,0,0,0,0,0,0,0,0,0,0,0,0,0,0,0,0,0,0,0,0,0,0,0,0,0,0,0,0,0,2,0,0,0,0,0,0,0,0,0,0,0,0,0,0,0,0,0,0,0,0,2,2,0,0,0,0,0,2,0,0,0,2,0,0,0,0,0,2,0,0,0,2,0,2,0,0,0,0,0,0,0,0,0,2,0,0,0,0,0,2,0,0,0,2,0,2,0,0,0,0,0,0,0,2,0,0,0,0,0,0,0,0,0,0,0,2,2,2,0,0,0,0,2,0,0,0,0,0,0,0,0,0,0,0,0,0,0,0,0,0,0,0,0,0,0,0,0,0,0,0,0,0,0,0,0,0,0,0,0,0,0,0,0,0,2,0,0,0,0,0,0,0,0,0,0,0,0,0,0,0,0,0,0,0,0,2,0,0,2,2,0,0,2,0,0,2,2,0,2,0,0,0,2,0,2,0,2,0,0,0,0,2,0,2,2,0,0,0,0,0,2,0,0,0,0,0,2,0,0,0,0,0,0,0,0,0,0,0,0,0,0,2,0,2,0,0,0,0,0,0,2,0,0,0,0,0,0,0,0,0,2,0,0,2,0,0,0,0,0,0,2,0,0,0,0,0,2,0,2,0,0,0,0,0,0,0,0,0,0,2,0,2,0,0,0,0,0,0,0,0,0,0,2,2,2,0,0,2,0,0,0,0,0,0,0,0,0,0,0,2,0,0,0,0,0,0,0,0,0,2,0,0,0,0,2,0,0,0,2,0,0,0,0,0,0,2,0,0,0,0,0,0,0,0,2,0,0,0,0,0,0,0,0,2,0,2,0,2,0,2,0,0,0,0,0,0,0,2,2,0,0,0,2,2,0,2,0,0,0,0,0,0,0,0,0,0,0,0,2,2,0,0,0,0,0,0,0,0,2,0,0,0,0,0,0,0,2,2,0,0,0,0,2,0,2,2,0,0,0,0,2,0,0,0,0,0,0,0,0,0,0,0,0,2,0,0,0,0,0,0,0,0,0,2,0,0,0,2,0,2,0,0,2,2,0,0,0,0,0,0,0,0,2,2,0,0,2,2,0,2,0,0,0,0,0,2,2,0,0,0,0,0,0,2,0,2,0,0,0,0,0,2,0,0,2,0,2,2,0,0,2,0,2,2,2,0,0,0,0,0,2,0,0,0,0,0,0,0,2,0,0,0,0,2,2,2,0,2,0,0,2,0,2,0,2,0,0,2,0,0,0,2,0,2,2,0,NA,2,0,0,2,2,0,2,0,0,2,0,0,2,0,0,2,2,0,0,0,0,2,0,0,2,0,0,0,2,2,2,0,0,2,0,0,0,0,0,0,0,0,0,0,0,0,0,0,0,0,0,0,0,0,0,0,0,0,0,2,0,0,0,0,0,0,0,0,0,0,0,2,0,2,2,0,0,0,2,0,0,2,0,0,2,2,2,0,2,0,0,0,0,0,0,2,2,0,0,0,2,2,0,0,2,0,0,0,0,0,0,NA,0,0,0,0,2,0,0,0,0,0,2,0,0,0,0,0,0,0,0,2,2,0,0,0,0,0,2,0,0,2,0,0,0,0,0,2,0,0,2,2,2,0,0,0,0,0,0,0,0,0,0,0,2,0,0,0,0,0,0,0,2,2,2,2,0,0,0,0,0,2,0,0,0,0,0,2,0,0,0,0,0,0,0,0,0,2,0,0,0,0,0,0,0,2,0,0,2,0,2,0,0,0,0,0,0,0,0,0,0,2,0,2,2,2,0,0,0,2,0,0,0,0,0,0,0,2,2,0,0,0,0,2,2,0,0,0,0,0,0,0,0,0,2,0,0,0,0,2,0,0,2,0,0,0,2,2,2,0,0,2,0,0,0,0,0,0,0,0,0,0,0,0,0,0,0,0,0,2,0,0,0,0,0,0,0,2,2,0,0,0,0,0,0,2,0,0,0,0,0,2,0,0,0,0,0,2,2,0,0,2,2,2,0,2,0,0,0,0,0,2,0,2,0,0,0,0,0,0,0,0,0,0,2,2,0,0,0,0,0,0,0,0,2,0,0,0,0,0,2,0,0,0,0,0,0,0,2,0,0,0,0,0,0,0,0,0,0,2,2,0,0,2,0,0,0,0,0,0,0,2,0,0,0,0,0,2,0,0,0,0,0,0,0,2,2,0,0,0,0,2,0,2,0,2,0,0,0,2,2,0,0,2,2,0,0,0,0,2,0,2,2,0,2,0,0,2,0,0,0,2,0,0,0,0,0,2,0,0,0,2,0,0,0,0,0,0,0,2,0,0,0,0,0,0,0,2,0,0,0,0,0,0,0,2,0,0,0,0,0,0,0,0,0,0,0,0,0,0,0,0,2,0,0,0,0,0,0,0,0,2,0,0,0,0,2,0,0,2,0,0,0,0,0,0,0,0,2,0,0,0,2,0,2,2,0,0,0,0,0,0,2,0,2,0,0,2,0,0,0,2,0,0,0,0,0,0,2,0,0,0,0,0,2,2,0,0,0,0,0,0,2,2,0,0,0,0,2,0,0,0,0,0,0,0,0,0,0,0,0,0,2,0,0,0,0,2,0,0,2,0,0,0,2,2,0,0,2,0,2,0,0,0,0,0,0,0,0,0,0,0,0,0,0,0,0,0,2,0,0,2,2,0,0,0,0,0,0,0,0,0,0,0,0,2,0,0,0,2,0,0,0,2,0,0,0,0,0,0,0,2,0,0,0,0,0,0,2,2,0,0,0,0,0,2,0,0,0,2,0,0,0,0,2,0,0,0,NA,0,0,0,0,0,0,0,2,0,0,0,0,0,0,0,0,0,0,0,0,0,0,0,0,0,0,0,0,0,0,0,0,2,0,2,0,0,2,0,2,0,0,0,0,0,0,0,0,0,0,0,0,0,0,0,0,0,0,0,0,0,2,0,0,2,0,2,0,0,2,0,0,0,0,0,0,0,0,0,0,2,0,0,0,0,2,0,0,0,0,0,0,2,2,0,0,0,0,2,0,0,0,2,0,0,2,0,2,0,2,0,0,2,0,0,2,0,0,2,0,0,0,0,0,0,2,0,0,0,0,0,0,0,0,0,0,0,0,0,0,0,0,0,0,0,2,0,0,0,2,2,0,0,2,0,0,0,NA,0,0,0,0,2,0,0,0,0,0,0,0,2,0,0,0,2,0,0,0,0,0,2,0,2,0,0,0,2,2,2,0,0,2,0,2,0,0,0,0,0,0,0,2,0,0,0,0,0,0,0,0,0,0,0,0,0,0,0,0,0,2,0,0,2,0,0,0,0,2,0,0,0,0,0,0,0,0,0,0,0,2,0,0,0,0,0,0,0,0,0,0,0,0,0,0,0,0,0,0,2,0,0,2,2,0,0,0,0,2,0,0,0,0,0,0,0,2,2,0,0,0,2,0,0,0,2,0,0,2,2,0,0,0,0,0,0,2,0,0,0,0,0,0,0,0,0,0,0,0,0,0,0,0,2,0,0,0,0,0,2,0,0,0,0,2,0,2,0,0,0,0,0,0,0,0,0,0,0,0,0,2,0,2,2,0,2,0,0,0,0,0,0,0,0,2,0,0,0,0,0,0,0,0,0,2,0,0,2,0,0,2,0,2,2,0,0,0,2,0,0,0,0,2,0,0,0,2,0,2,0,0,0,2,2,0,0,0,2,2,2,0,0,0,0,0,0,2,2,0,0,0,2,0,0,0,0,0,0,0,0,0,0,2,0,0,0,0,0,0,0,0,0,0,2,0,0,0,0,0,2,0,0,0,0,0,0,0,0,0,0,0,0,0,0,0,2,2,0,0,0,0,0,0,0,0,0,0,0,0,0,0,0,0,0,0,0,0,2,0,0,0,0,0,0,0,2,2,0,0,0,0,2,0,0,0,0,0,2,0,0,0,0,0,0,0,0,0,0,0,2,0,0,0,0,0,0,0,0,2,0,0,0,0,0,2,2,0,2,0,0,0,0,2,0,2,2,2,0,0,0,0,0,0,0,0,0,0,0,0,0,2,0,2,0,0,2,0,0,0,0,2,0,2,2,0,0,0,0,2,0,0,0,0,0,0,0,0,2,0,0,0,2,0,2,0,0,0,0,0,0,0,2,0,0,0,0,2,0,0,0,0,0,0,0,2,2,0,2,2,0,0,0,0,0,0,0,2,2
"CC49",0,0,0,0,0,0,0,0,0,0,0,2,0,0,0,2,0,0,0,0,2,0,0,0,0,0,0,0,0,0,0,0,0,0,0,2,0,0,0,0,0,0,0,2,2,0,0,2,0,0,0,2,0,2,0,2,2,0,0,0,0,2,2,2,0,0,0,0,0,2,0,0,0,0,0,0,0,2,0,0,0,0,0,0,0,0,0,0,2,0,0,0,2,0,0,0,0,0,0,0,0,0,0,0,0,0,0,0,0,0,0,2,0,0,0,0,0,0,0,2,0,0,0,0,0,0,2,0,0,0,0,0,0,0,0,0,0,0,0,0,0,0,2,2,0,0,2,0,0,0,2,0,0,0,0,0,0,0,0,0,0,0,0,2,2,0,2,0,0,0,0,2,2,0,0,0,0,0,0,0,0,0,0,0,2,0,0,2,0,0,0,0,2,0,2,0,0,0,0,0,0,0,0,0,0,0,0,0,0,0,0,0,0,0,0,2,0,0,0,0,2,0,0,0,2,2,0,2,0,0,0,0,0,0,0,0,2,0,0,0,2,0,0,0,0,2,2,0,0,0,0,0,0,0,0,0,0,0,0,0,2,0,0,0,0,2,2,2,0,2,0,0,0,2,0,0,0,0,0,0,2,0,0,0,0,0,0,0,0,0,0,2,2,0,0,0,0,0,0,0,0,0,0,2,0,0,2,0,2,0,0,2,0,0,2,0,0,0,0,0,0,0,NA,0,0,0,0,0,2,0,0,0,2,0,0,0,0,0,2,0,0,2,0,0,0,0,0,0,0,0,2,2,0,0,0,2,0,0,0,0,2,0,0,0,0,0,0,0,0,0,0,0,0,0,0,0,0,0,0,0,0,0,0,0,0,0,0,0,0,0,0,0,0,0,2,2,0,0,0,0,0,0,0,2,0,2,0,0,0,0,0,0,0,0,0,0,0,2,0,0,0,2,0,0,0,2,0,0,0,0,2,0,0,2,0,2,0,0,0,0,0,0,0,0,0,0,0,0,0,0,0,0,0,0,2,2,0,2,0,0,0,0,2,0,0,0,0,0,0,2,0,0,2,0,0,2,0,0,0,2,0,0,0,0,0,0,2,0,0,0,0,2,0,2,0,0,2,0,0,0,0,0,0,0,0,0,0,0,2,0,0,0,2,0,0,0,2,0,0,0,0,2,0,0,2,0,2,0,0,0,2,0,0,0,0,2,0,2,0,0,2,0,0,0,0,0,2,0,0,2,2,0,0,2,0,0,0,0,2,0,0,0,0,0,0,0,2,0,0,0,0,0,0,0,0,0,0,0,2,0,0,0,2,0,0,0,0,0,0,0,0,2,0,0,2,0,0,0,2,0,0,0,0,0,0,0,2,2,2,0,0,0,0,0,0,0,0,0,0,2,0,0,0,0,0,0,0,0,0,0,0,0,0,2,2,0,0,0,0,0,0,0,0,0,2,0,0,2,0,0,0,0,0,0,0,0,0,0,2,0,0,0,0,0,0,0,2,0,0,2,0,0,2,0,0,0,0,0,0,2,0,0,0,0,2,0,0,0,0,2,2,0,2,0,0,0,0,0,0,2,0,0,2,2,0,0,0,0,0,2,0,0,2,0,0,0,0,0,0,0,0,0,0,0,0,0,2,0,0,0,0,0,0,2,0,0,0,0,0,0,0,0,0,0,0,0,0,0,0,2,0,0,0,0,0,0,0,0,0,0,0,0,0,2,0,0,0,0,0,0,0,0,0,0,0,0,0,2,0,0,0,0,0,0,0,0,0,0,0,0,0,0,0,2,0,2,0,0,0,0,0,0,0,0,0,0,0,2,0,0,0,0,0,0,0,0,0,0,2,0,0,0,0,NA,0,2,0,0,2,0,2,0,0,0,0,0,0,0,0,NA,2,2,0,2,0,2,2,0,0,0,2,0,2,0,2,2,0,0,0,2,2,0,0,0,0,0,2,0,0,0,0,0,0,2,0,0,0,0,0,0,2,0,0,2,0,2,0,0,0,0,0,2,2,0,0,0,2,0,0,0,2,0,0,0,0,0,0,2,0,0,0,2,NA,0,0,0,0,2,0,0,2,2,2,2,0,0,2,0,2,0,0,0,0,0,2,2,0,0,0,2,0,0,0,0,2,0,0,2,0,2,2,0,2,0,0,0,0,0,0,0,2,0,0,0,0,0,2,2,0,0,2,0,0,0,0,0,0,2,0,0,0,0,0,0,0,2,0,0,0,0,0,2,2,2,0,0,0,0,0,0,0,0,0,2,0,0,0,0,0,0,0,0,0,0,0,2,0,0,0,0,0,0,0,0,0,0,0,NA,0,2,2,0,0,0,2,0,0,2,0,2,0,0,0,0,0,0,0,2,0,2,0,0,0,0,0,0,0,0,0,2,0,0,2,2,0,0,0,0,2,0,0,0,0,0,0,0,2,2,0,0,0,0,0,0,0,0,0,2,0,0,0,2,0,2,0,0,0,0,0,NA,0,0,2,2,0,0,0,0,0,0,0,0,0,0,0,0,0,0,0,0,0,0,2,2,0,0,0,2,2,2,0,0,0,0,2,0,0,2,2,2,2,0,0,2,0,0,0,0,0,0,0,0,2,0,2,0,0,2,2,0,0,0,0,2,0,2,0,0,0,2,0,2,0,0,0,0,0,0,0,0,2,2,0,0,0,0,0,0,0,0,0,0,0,0,0,0,0,0,0,0,0,2,0,2,0,0,0,0,0,2,0,0,0,0,0,0,0,2,0,0,0,2,2,0,0,0,0,2,0,0,0,0,0,0,0,0,2,0,0,0,0,2,2,0,0,0,2,0,2,2,2,0,0,0,0,0,2,0,0,0,2,0,0,0,2,0,0,0,2,0,0,0,0,2,2,2,0,0,0,2,2,2,2,0,2,0,0,0,0,0,0,0,2,0,0,0,0,0,0,0,0,2,2,0,0,2,0,0,0,0,0,0,0,0,0,0,0,2,0,0,2,0,2,0,0,0,0,0,0,0,0,0,0,0,0,2,0,0,0,2,0,0,0,0,0,0,0,2,0,0,0,0,2,0,0,2,2,0,0,0,0,0,2,2,0,0,0,0,0,2,2,0,0,0,2,0,0,0,2,0,0,0,0,2,0,0,0,0,0,0,0,0,2,0,0,0,0,0,0,0,NA,0,0,2,0,0,2,2,0,0,0,0,0,2,2,0,0,0,0,0,0,0,2,2,2,0,0,0,0,0,2,0,2,0,2,0,0,0,0,0,0,0,0,0,0,0,0,0,2,0,0,0,0,0,0,2,0,0,0,2,0,0,0,0,0,0,0,0,0,0,0,0,0,0,0,0,0,0,0,0,0,0,0,0,0,0,0,0,2,0,0,0,2,0,0,0,0,0,2,0,0,2,0,0,2,0,0,0,0,0,0,0,0,0,0,0,0,0,0,0,0,0,2,0,2,2,0,0,0,0,0,0,0,0,0,0,2,0,0,0,0,0,0,2,0,2,0,0,0,0,0,0,NA,0,0,0,0,0,0,0,0,0,2,0,2,0,2,2,0,0,0,0,0,2,0,0,2,2,0,0,0,0,0,2,0,0,2,2,0,0,0,0,2,0,0,0,0,0,0,0,2,0,0,0,0,0,2,0,2,0,0,0,0,0,0,0,0,0,0,0,0,2,0,2,0,0,0,0,2,0,0,0,0,0,0,0,0,0,0,0,0,2,0,0,0,2,2,0,0,2,0,0,0,2,0,0,0,0,0,0,0,0,0,0,0,2,0,0,2,0,2,0,0,0,2,0,0,0,2,0,2,0,0,0,0,0,0,0,2,0,0,2,0,0,0,0,2,0,0,0,0,0,0,0,0,2,0,0,0,2,2,0,0,0,2,2,2,0,0,2,0,0,0,0,0,0,0,0,0,0,0,0,0,0,0,0,2,0,0,0,0,0,0,0,0,0,0,0,0,0,0,0,0,0,0,2,0,0,0,0,0,2,0,0,0,0,0,0,0,0,0,0,0,0,0,0,0,0,0,0,0,0,0,0,0,0,0,0,2,0,0,0,0,0,0,0,0,2,2,0,0,0,2,2,0,2,0,0,0,0,0,0,0,0,0,0,2,0,0,2,0,0,0,0,0,0,0,0,2,0,0,2,0,0,2,0,0,2,0,NA,0,0,2,2,0,0,0,0,0,0,0,0,0,0,2,0,0,0,0,0,0,0,0,0,0,0,0,0,0,0,0,0,0,0,0,0,0,0,0,0,2,0,2,0,0,0,0,0,NA,0,0,0,0,0,0,0,0,0,0,2,0,0,0,0,0,0,0,0,0,2,0,0,0,0,0,0,0,0,0,0,0,0,0,0,0,0,0,0,0,0,0,0,2,0,2,0,0,0,0,0,0,0,0,0,0,0,0,0,0,0,0,0,0,0,0,0,0,0,0,0,0,0,0,2,2,0,0,2,0,0,0,0,0,0,0,0,0,0,0,0,2,2,0,0,0,0,0,0,2,0,0,2,0,0,0,0,0,0,0,2,2,0,0,0,2,0,0,0,0,0,0,0,0,2,0,2,0,0,0,0,0,0,0,2,2,2,0,0,0,0,0,2,0,0,0,0,0,0,0,0,0,0,0,0,2,0,0,2,0,0,0,0,0,0,0,0,0,0,0,0,0,2,2,0,2,0,0,0,0,0,2,0,0,0,0,0,2,2,0,0,2,0,2,2,0,2,0,2,0,2,0,0,0,0,0,0,0,0,0,0,0,0,0,0,2,0,2,0,0,0,0,0,0,0,2,0,0,0,0,0,0,0,0,2,0,0,0,0,0,0,0,0,0,0,0,0,0,0,0,0,0,0,2,0,0,0,0,0,0,0,0,0,0,0,0,2,0,0,0,0,0,0,0,0,2,2,0,0,0,0,0,0,0,0,0,NA,0,0,0,NA,2,0,0,0,0,0,0,0,0,0,0,0,2,0,0,2,0,0,0,0,0,0,0,0,0,2,0,0,0,2,2,2,2,0,0,0,0,0,0,0,0,0,0,2,0,2,0,0,2,2,0,0,0,0,2,0,0,0,2,0,0,2,0,0,2,0,0,0,0,0,0,0,0,0,0,2,0,0,2,0,2,0,0,0,0,0,2,0,0,0,0,2,0,0,2,0,2,0,0,0,0,0,0,0,0,0,0,0,0,0,0,0,0,0,2,0,0,0,0,0,2,0,0,0,0,0,0,2,0,0,0,0,0,2,0,0,0,0,0,2,0,0,0,0,0,0,0,0,0,0,0,0,0,0,0,0,2,0,0,0,0,0,2,0,0,0,2,2,2,0,0,0,0,0,0,0,0,0,0,2,0,0,0,0,0,0,0,0,0,0,0,0,0,0,0,0,2,0,2,0,0,0,0,0,0,0,0,0,0,0,2,0,0,0,0,0,0,2,0,0,0,0,0,0,0,0,0,0,0,0,0,0,0,0,0,0,0,0,0,0,0,0,0,0,0,0,0,0,0,0,2,0,0,0,0,0,2,0,0,0,0,0,0,0,0,0,0,0,0,0,0,0,0,0,0,0,0,0,0,0,0,0,0,0,0,0,2,0,0,0,0,0,0,2,0,0,2,0,0,0,2,0,2,0,2,0,0,2,0,2,0,2,2,0,0,0,0,2,2,0,2,0,0,2,2,0,0,0,0,2,2,2,0,0,0,0,0,0,0,0,0,0,0,0,0,0,0,0,0,0,0,0,2,2,2,0,0,0,0,2,0,0,0,0,0,0,0,0,0,0,2,0,0,2,0,2,0,2,0,0,2,0,0,0,0,0,0,0,0,0,0,NA,2,0,0,0,0,0,0,2,0,0,0,0,0,0,0,0,0,0,2,0,0,0,0,0,0,2,0,0,0,0,0,0,2,0,2,0,2,0,2,2,0,0,2,0,0,0,0,0,0,2,0,2,0,0,0,0,0,2,0,0,0,0,2,2,0,0,2,0,0,0,0,0,2,0,0,2,0,0,0,2,0,2,2,2,0,2,0,0,0,2,0,2,0,0,0,0,0,0,0,0,0,0,0,0,0,0,0,0,0,0,0,0,0,0,0,0,0,2,0,0,0,0,0,0,0,0,2,0,2,2,0,2,0,0,2,0,0,0,2,0,0,0,2,0,0,0,0,0,0,0,0,0,0,0,0,0,0,0,0,2,0,0,2,0,0,2,0,0,0,0,0,0,0,0,0,2,0,0,0,0,0,0,0,0,0,0,NA,0,0,2,0,0,0,0,0,0,0,0,0,0,2,0,0,0,0,0,0,0,0,0,0,0,2,0,0,0,0,0,0,0,0,0,0,0,0,0,0,0,0,0,0,0,0,0,0,0,0,0,2,2,2,0,0,0,0,2,0,0,0,0,0,0,2,2,2,0,0,0,0,2,0,2,0,0,0,0,2,0,0,0,0,2,0,2,0,0,0,0,0,0,0,2,0,0,0,2,0,0,0,0,2,0,2,0,0,2,0,0,0,2,0,0,0,0,0,0,0,0,0,2,0,0,0,2,0,0,0,0,2,0,0,0,0,0,0,0,0,0,0,0,0,0,0,0,0,0,0,0,0,0,0,0,2,2,2,0,0,0,0,0,2,0,0,0,0,0,2,0,0,0,0,2,2,0,0,0,2,0,2,0,0,0,0,0,0,0,0,0,2,0,0,0,0,0,0,0,0,0,0,0,0,0,0,0,0,0,0,2,0,0,0,NA,2,0,0,0,0,0,0,0,0,2,0,0,2,0,0,0,0,0,0,0,0,0,2,0,2,0,2,0,2,0,2,0,0,0,0,0,0,0,0,2,0,0,2,0,0,0,0,0,0,2,0,0,0,0,2,0,0,0,0,2,0,0,0,0,2,0,0,0,0,2,2,0,0,0,0,2,0,0,2,2,0,0,0,0,0,0,0,0,0,2,0,0,0,0,0,0,0,0,0,0,2,0,0,0,2,0,0,0,0,0,0,2,0,0,0,0,0,0,2,2,2,2,0,2,2,0,0,0,0,2,2,0,0,2,2,0,0,2,0,0,2,2,0,2,0,2,0,2,0,0,0,0,2,0,0,2,0,2,2,0,2,0,0,0,2,0,2,2,0,0,2,0,0,2,2,2,2,0,2,0,0,0,0,0,0,2,0,0,0,0,0,0,0,0,0,0,0,0,0,0,0,2,0,2,0,0,0,0,0,0,0,2,0,0,0,0,2,0,0,0,0,0,0,2,0,0,0,0,0,0,0,0,0,0,0,0,0,0,0,0,0,0,0,0,2,0,0,0,0,0,0,0,0,0,0,0,0,0,0,0,0,0,0,0,0,0,0,0,0,2,0,0,0,0,0,0,0,0,0,0,0,0,0,0,0,0,0,0,0,0,2,0,0,0,0,0,0,0,0,0,0,0,0,0,0,NA,0,0,0,2,0,0,0,0,0,0,0,2,0,0,0,0,0,0,0,0,2,0,2,0,2,0,0,0,0,0,0,2,0,2,0,2,0,0,0,0,0,0,0,0,2,0,0,0,0,0,0,0,2,0,2,0,0,2,0,0,2,0,0,0,0,0,2,2,2,0,0,0,0,0,2,0,0,0,0,0,2,0,0,0,0,0,0,0,2,0,0,0,0,0,0,2,0,2,0,0,0,0,0,0,0,0,0,2,0,0,2,0,2,2,0,0,0,0,0,2,0,0,2,0,0,0,2,0,2,0,0,0,0,0,0,0,2,0,2,0,0,0,2,0,0,0,2,0,2,2,2,2,0,0,0,0,0,0,2,0,0,0,0,0,0,2,0,0,0,0,0,2,2,0,0,2,2,0,2,0,2,0,0,0,0,0,0,0,0,0,0,0,0,0,0,0,0,0,2,0,2,2,2,0,0,2,0,0,0,0,2,0,0,0,0,0,2,0,0,0,0,0,0,0,0,0,0,0,0,2,2,0,0,0,0,0,0,2,0,0,0,0,0,0,0,0,0,2,2,0,0,0,0,0,0,2,2,2,0,2,2,0,0,0,0,2,2,0,0,0,2,2,0,2,0,0,2,0,0,0,0,0,2,0,0,0,0,0,2,0,0,0,0,0,0,0,0,0,0,0,0,0,0,0,2,0,0,0,0,0,0,0,2,0,0,0,0,0,0,0,2,0,2,0,0,2,0,0,0,0,0,0,2,0,2,0,2,2,0,2,0,0,0,0,0,0,2,0,0,0,0,0,0,0,0,0,0,2,0,0,0,0,0,0,2,0,0,0,0,2,0,0,0,2,2,0,2,2,0,0,0,0,0,0,0,0,0,0,2,0,0,0,0,0,0,0,0,0,0,0,0,0,0,0,0,0,0,0,0,0,0,0,0,0,0,0,0,0,0,0,0,0,0,0,0,0,2,0,0,0,2,0,0,0,0,0,0,0,0,0,0,0,0,0,0,2,0,0,0,0,2,2,0,0,2,0,2,0,2,0,0,0,0,0,0,0,0,0,0,0,0,0,0,0,0,0,0,0,0,0,0,0,0,0,2,2,2,2,0,2,0,0,2,0,2,0,0,0,0,0,0,0,0,0,0,2,0,0,0,0,0,0,0,0,0,2,0,0,0,0,0,2,0,0,0,0,0,0,2,2,0,2,2,0,0,2,0,0,2,0,0,0,0,0,0,0,0,2,0,0,0,0,0,0,2,0,0,0,0,0,0,2,0,0,0,0,0,2,0,0,0,0,0,0,0,2,0,0,0,0,0,0,0,0,0,0,0,0,0,0,0,0,0,0,0,0,0,0,0,0,0,0,0,0,0,0,0,0,0,0,0,0,2,2,0,0,0,0,0,2,0,0,0,0,0,0,0,0,0,0,0,0,0,0,0,0,0,0,0,0,0,0,0,2,0,0,0,2,2,2,2,0,0,0,0,0,0,0,0,0,0,0,0,0,0,0,2,0,0,2,0,0,0,0,0,0,0,0,0,0,0,0,0,0,0,2,0,0,2,0,2,0,0,0,0,0,0,0,0,0,0,0,0,2,0,0,0,2,0,0,2,0,0,0,0,0,2,0,0,0,2,0,2,0,0,0,0,0,0,0,0,0,2,0,0,0,0,0,0,0,0,0,0,0,2,0,NA,2,0,0,2,0,0,0,0,2,0,0,0,0,0,0,2,2,0,0,0,0,0,0,0,2,2,0,0,2,0,0,0,0,0,0,0,2,0,2,0,0,0,0,0,2,2,2,2,0,0,0,0,0,2,0,2,0,0,0,2,0,0,0,0,0,0,0,0,2,2,0,0,0,2,0,0,0,2,0,0,2,0,2,0,0,0,0,0,0,0,0,2,0,0,0,0,2,2,0,0,0,2,0,0,0,0,2,0,0,0,2,0,0,2,0,0,0,0,0,0,0,2,2,0,0,0,0,0,2,0,0,0,0,0,0,0,2,NA,0,2,0,0,0,0,0,2,0,0,0,0,0,0,0,0,2,0,2,0,0,2,0,0,2,2,0,2,2,0,0,2,0,2,2,0,0,2,2,0,2,0,0,0,0,0,0,0,2,0,0,0,0,2,0,2,0,0,0,0,2,2,2,0,0,0,2,2,0,0,0,2,0,0,0,0,0,0,0,0,2,0,0,0,0,2,0,0,0,0,0,0,0,0,0,0,0,2,0,0,2,0,0,0,0,0,0,2,0,0,2,0,2,0,2,0,0,0,0,0,0,0,0,0,0,0,0,0,0,0,0,0,0,0,0,2,2,2,0,0,0,0,0,0,0,0,2,0,0,0,2,0,0,0,0,0,0,0,2,0,2,2,2,0,0,0,0,0,0,0,2,2,0,0,0,0,0,0,0,0,0,2,2,0,2,0,0,0,0,0,0,0,0,0,2,2,2,2,0,2,0,0,0,2,0,2,0,0,0,2,0,0,0,0,0,0,2,0,0,0,0,0,2,2,0,0,0,0,0,0,2,0,0,0,2,2,0,2,0,0,0,0,0,0,0,0,0,0,0,0,0,0,0,0,0,0,0,0,0,2,0,0,0,0,0,2,0,2,0,2,0,2,0,0,0,0,0,2,0,0,0,0,0,0,NA,0,0,2,0,2,0,0,2,0,0,2,0,0,0,0,0,0,0,0,0,2,0,0,0,0,2,0,2,0,2,0,0,2,0,2,2,0,0,0,0,0,0,0,2,0,0,0,0,0,0,0,2,0,0,0,0,2,0,0,0,2,0,0,0,0,0,0,0,0,0,0,0,0,0,2,0,0,0,2,0,0,0,2,0,0,0,0,0,0,2,0,0,0,0,0,0,0,0,0,0,2,2,0,2,0,0,0,2,0,0,0,0,0,0,0,0,0,0,0,0,0,2,0,0,0,0,0,0,0,0,0,0,2,0,0,2,0,0,0,0,0,0,0,0,0,0,0,2,0,0,0,0,0,0,0,0,0,2,0,0,2,0,0,0,0,2,0,0,0,2,0,0,0,0,0,0,0,0,0,2,2,0,0,0,0,0,0,0,0,2,2,0,0,0,0,0,0,2,0,0,0,0,0,0,2,0,0,0,2,0,0,0,0,0,0,0,0,0,0,0,0,2,0,0,0,2,2,0,0,0,0,2,0,2,2,0,0,0,0,0,0,0,0,2,0,0,0,0,0,0,0,0,0,2,2,0,0,0,0,0,0,0,0,0,0,0,0,0,0,0,2,2,0,2,2,0,0,0,2,0,0,2,0,0,0,0,0,0,0,0,2,0,0,0,0,0,0,0,0,0,0,0,2,2,0,0,0,0,0,0,0,0,0,0,0,2,0,0,0,0,0,0,0,0,0,0,0,0,0,2,0,0,0,0,0,0,0,0,0,2,0,0,0,2,0,0,0,2,0,2,2,2,0,0,0,0,0,0,2,0,2,0,0,0,0,0,0,0,0,0,0,2,2,2,0,0,0,0,0,0,0,0,0,2,0,0,2,0,2,0,2,0,0,0,0,2,0,0,0,0,2,0,0,2,2,0,0,0,2,0,0,0,0,0,0,0,2,2,0,0,0,0,0,2,0,0,2,0,0,0,2,0,0,2,0,0,0,0,0,NA,2,2,0,0,0,0,0,0,0,0,0,0,0,0,0,0,0,2,0,0,0,0,0,0,0,0,0,2,0,0,0,0,2,0,0,0,0,0,0,0,2,0,0,0,0,2,0,2,2,0,0,2,0,0,0,0,0,0,0,2,0,0,0,0,0,2,2,0,2,0,2,0,2,2,0,0,0,0,2,2,0,2,0,0,0,0,0,0,0,2,0,0,0,NA,0,2,0,0,2,2,2,2,2,2,0,0,0,2,0,2,2,0,0,0,0,0,0,0,2,0,2,2,0,0,0,0,0,0,0,0,2,2,0,0,0,0,0,2,2,2,0,0,0,0,0,0,0,0,0,0,0,0,0,0,0,0,0,2,0,0,0,0,0,0,2,2,0,0,0,0,2,2,0,0,2,0,0,2,2,2,0,0,0,0,2,0,2,2,2,2,0,2,0,0,2,0,0,0,0,0,2,0,2,0,0,0,0,0,0,2,0,0,0,0,2,0,0,0,0,0,0,0,0,0,0,0,2,0,0,0,0,0,0,2,0,0,0,0,0,0,0,0,0,0,0,0,2,2,0,0,0,2,0,2,0,0,0,2,0,2,0,0,0,0,0,0,0,2,0,0,0,2,0,0,2,2,2,0,0,0,0,0,0,0,0,0,0,2,0,0,0,0,0,0,0,0,2,2,0,0,0,0,0,0,NA
"CC5",0,0,0,0,0,0,0,0,0,0,2,0,0,0,0,2,0,0,0,0,2,0,0,2,0,0,0,0,0,2,0,0,0,2,0,2,0,0,0,2,0,0,0,2,2,0,0,2,0,0,0,2,0,2,0,2,2,2,0,0,0,2,0,2,0,0,0,0,0,2,0,2,0,0,0,0,0,2,0,0,0,0,0,0,0,0,0,0,2,0,0,0,0,0,0,2,0,0,0,0,0,0,0,0,0,0,0,0,0,0,2,2,0,0,0,0,2,0,0,0,0,0,0,0,0,0,0,2,2,0,0,0,0,0,0,0,0,0,0,0,0,0,2,0,0,0,2,0,0,2,2,0,0,0,0,0,0,0,0,0,0,0,0,2,2,0,0,0,2,0,0,2,0,0,0,0,0,2,0,2,0,0,0,0,2,0,0,2,0,0,0,NA,2,0,0,0,2,2,0,0,0,0,0,0,0,0,0,0,0,0,0,0,0,0,0,0,0,0,2,0,2,0,0,0,2,2,2,0,0,0,0,0,0,2,0,0,2,0,0,0,0,0,0,0,0,2,2,0,0,2,0,0,0,0,0,0,0,0,0,0,2,0,0,0,0,2,2,2,0,2,0,2,0,0,0,0,2,2,2,2,2,0,0,0,0,0,0,0,0,0,0,0,2,0,0,0,0,0,0,0,2,0,0,0,0,0,2,0,2,0,2,0,0,0,0,0,0,0,0,2,0,0,2,0,0,0,0,0,2,0,0,0,0,2,0,2,0,0,0,0,0,2,0,0,0,0,0,0,0,0,2,2,0,0,0,0,0,0,0,0,0,0,0,0,0,0,0,0,2,0,0,0,0,0,0,0,0,0,0,0,0,0,0,0,0,0,0,0,2,0,0,0,0,0,0,0,0,0,0,0,0,2,NA,2,0,2,0,0,0,2,0,0,0,0,2,0,0,0,2,0,2,2,0,0,0,2,0,0,0,2,0,0,0,2,0,0,0,0,0,0,0,0,0,0,0,0,0,2,0,0,0,0,0,0,2,2,0,2,0,2,2,0,0,0,0,0,0,0,0,0,0,0,2,0,0,2,0,0,0,2,0,0,0,0,2,0,2,2,0,0,0,0,0,2,0,0,2,0,0,0,0,0,0,0,0,0,0,0,0,2,0,0,2,0,0,0,0,0,0,2,0,2,0,0,0,0,0,0,0,0,2,0,0,0,0,0,0,0,0,2,0,0,2,2,0,0,2,0,0,0,0,0,0,0,0,0,0,2,2,0,0,2,0,0,0,0,0,0,0,0,0,2,0,0,0,0,2,0,2,2,2,0,0,0,0,0,0,0,0,2,2,0,0,0,2,0,2,0,2,0,0,0,0,0,2,0,0,0,2,0,0,0,0,0,0,0,2,0,0,0,0,0,0,0,0,0,0,0,0,0,0,0,0,0,2,0,0,0,0,0,0,0,0,2,2,0,0,0,0,0,0,0,0,0,0,0,0,0,0,0,0,0,0,0,0,0,0,0,0,2,0,0,2,0,0,0,NA,0,2,0,2,0,0,2,2,2,0,0,2,0,0,0,0,0,0,2,2,2,NA,0,0,0,0,0,0,0,0,0,2,0,2,0,2,0,0,NA,0,0,0,0,0,0,0,0,0,0,0,0,0,0,0,0,2,0,0,0,0,0,0,0,2,0,0,0,0,0,0,2,0,2,0,0,0,0,0,2,0,0,0,0,0,0,2,2,0,0,0,0,0,0,2,0,0,0,0,0,0,2,0,0,0,0,0,0,2,2,0,0,0,0,0,0,0,0,0,0,0,0,0,0,0,0,2,0,0,0,0,2,0,0,0,0,0,0,0,0,0,0,0,0,0,2,0,2,0,2,2,0,0,0,0,0,0,0,0,0,2,0,0,0,0,2,0,0,0,0,0,0,0,2,2,0,2,0,2,0,0,0,0,0,2,0,0,0,0,0,0,2,0,2,0,0,0,2,0,0,0,0,0,2,0,0,0,0,0,2,0,0,0,0,0,0,0,0,0,0,0,0,0,0,0,0,2,0,0,0,0,2,0,0,0,0,0,0,0,2,0,0,2,0,2,0,0,0,0,2,0,0,0,0,0,0,0,0,0,0,0,0,0,0,0,0,0,0,0,0,0,0,2,0,2,2,2,0,0,0,2,0,0,0,0,0,0,0,0,0,0,0,0,2,0,0,0,0,0,0,0,0,2,2,0,0,0,0,2,0,2,0,2,0,0,0,0,0,0,0,0,0,2,0,0,0,0,0,0,2,0,2,2,0,0,0,0,0,2,2,0,0,0,0,0,2,0,0,0,0,0,0,0,2,2,0,0,0,0,0,2,0,0,0,0,0,0,0,0,0,0,0,0,0,2,0,0,0,2,0,2,0,0,0,0,0,0,0,0,0,0,0,0,0,0,0,0,0,0,0,2,2,0,0,2,0,0,0,0,2,2,0,0,0,0,0,0,2,0,0,0,0,0,0,0,0,0,0,0,2,0,2,2,0,0,0,0,0,2,0,0,0,2,2,2,0,0,0,0,0,0,0,0,0,0,0,2,0,0,0,0,2,2,2,0,0,0,2,0,0,0,2,0,0,0,0,0,0,0,0,0,0,0,0,0,0,0,0,0,2,0,0,0,2,2,2,0,0,0,2,0,2,0,0,0,2,0,0,0,2,0,0,0,0,0,0,0,0,0,0,2,0,2,0,0,2,0,0,0,0,0,0,0,2,0,0,0,0,0,NA,0,0,0,2,2,2,2,0,0,0,2,2,0,0,0,2,0,0,0,0,2,0,0,0,0,0,0,0,0,0,2,0,2,0,2,0,0,0,0,0,2,0,0,2,0,0,0,0,2,0,2,2,0,NA,0,0,2,2,0,0,0,0,2,2,2,2,0,0,2,2,0,0,0,0,0,0,2,0,2,0,0,0,2,0,0,0,2,0,0,0,2,0,0,0,2,0,0,0,0,0,0,0,2,0,0,0,2,0,0,2,0,0,0,0,0,2,0,0,0,0,0,0,0,2,0,2,0,2,2,0,0,2,0,0,0,0,2,0,0,2,2,0,0,0,0,0,2,2,0,0,2,0,0,2,2,0,0,2,0,0,0,0,2,0,0,2,0,2,2,0,0,0,0,2,0,0,0,2,0,0,2,0,0,0,2,0,0,2,0,2,0,0,2,2,0,0,0,0,0,0,0,2,2,0,0,0,0,0,0,0,0,0,0,0,0,0,2,0,0,0,0,0,0,0,0,0,0,0,0,0,0,0,0,0,0,0,0,0,2,0,0,0,2,2,0,0,0,0,0,0,0,0,0,0,0,2,0,0,0,2,0,0,0,0,0,0,0,2,0,0,2,2,0,0,2,2,0,0,0,0,2,0,2,0,0,0,0,0,0,0,2,0,0,0,0,0,0,0,0,2,0,2,0,0,0,0,2,0,0,2,0,0,0,0,0,0,0,0,0,0,2,0,0,0,0,0,0,0,0,2,0,2,0,0,2,2,0,0,0,0,0,0,0,0,0,0,0,2,2,2,0,0,0,0,0,0,2,0,0,0,0,0,0,0,0,0,0,0,2,0,0,0,0,2,0,0,2,0,0,0,2,0,0,0,2,0,0,0,0,0,0,0,0,2,0,0,0,0,0,0,0,0,0,0,0,2,0,0,2,2,0,0,0,2,0,2,0,0,0,0,0,2,0,0,0,0,0,0,0,0,0,0,0,0,0,0,2,0,0,0,0,0,0,0,0,2,0,0,0,0,0,2,0,2,0,0,0,0,0,0,0,0,2,2,0,0,0,0,0,0,0,0,0,2,0,0,2,0,0,0,0,0,0,0,2,0,0,0,0,2,0,0,0,2,2,0,0,0,2,0,2,0,0,0,0,0,0,0,2,0,0,0,0,0,0,0,0,0,0,2,2,0,0,0,2,0,0,0,0,0,0,0,0,0,0,0,0,0,0,0,0,0,0,0,0,0,0,2,0,0,0,0,0,0,0,0,0,0,0,0,0,0,0,0,0,0,2,0,0,0,0,0,2,0,0,0,0,0,0,0,0,0,0,0,2,0,0,0,0,0,0,0,0,0,0,0,0,0,0,0,0,0,0,0,0,0,0,2,0,0,0,0,0,0,0,0,0,0,0,0,0,2,2,0,0,0,0,0,0,0,0,0,0,0,0,0,0,2,0,2,0,0,2,0,0,0,0,0,0,0,0,0,0,0,0,0,0,0,0,0,2,0,2,0,2,0,0,0,0,0,0,0,0,0,0,0,0,0,0,0,0,0,0,0,0,2,2,2,0,0,0,2,2,2,0,0,0,0,0,0,2,0,0,0,2,0,0,0,0,0,2,0,0,0,0,2,0,0,0,0,0,0,0,0,0,0,2,0,0,0,2,0,0,2,0,0,0,0,2,0,0,2,2,0,0,0,0,0,0,0,0,0,2,0,0,0,0,0,0,0,0,0,0,0,0,0,0,0,0,2,0,0,0,0,2,0,0,0,0,0,0,0,0,0,0,0,0,0,0,0,2,0,0,0,2,0,0,0,0,0,0,0,0,0,0,0,0,0,0,2,0,0,0,0,0,0,0,0,0,0,0,0,0,0,2,0,0,0,0,0,2,2,0,0,0,0,0,0,0,0,0,0,0,0,0,0,0,0,0,0,0,2,0,2,2,0,0,0,0,0,0,0,0,0,0,0,0,0,0,0,2,2,0,0,0,0,2,0,0,0,0,2,0,0,0,0,2,0,2,0,2,0,2,0,0,0,0,0,0,0,2,0,0,0,2,2,0,2,0,0,0,0,0,0,0,0,0,2,0,0,2,0,2,0,0,0,0,2,2,0,2,0,0,0,2,0,0,0,0,0,0,2,0,0,0,0,0,0,0,2,0,0,0,0,0,0,0,0,2,0,0,0,2,0,0,0,0,0,0,0,0,0,2,2,0,0,0,0,0,0,0,0,2,0,0,0,0,0,0,0,0,2,0,2,0,0,2,0,0,0,0,0,0,2,0,0,0,0,2,2,0,0,0,0,0,0,0,0,0,0,2,0,0,0,2,0,2,0,2,0,0,2,0,2,0,0,0,0,0,0,2,0,0,0,0,0,0,0,0,0,0,0,0,0,0,0,0,0,2,0,0,0,0,0,0,0,0,2,2,0,0,2,0,0,0,0,0,0,0,0,0,0,0,2,2,0,0,0,2,0,0,0,0,2,0,2,0,2,0,0,0,0,0,2,0,0,0,2,0,0,0,0,0,0,0,2,0,0,0,0,0,2,0,0,0,0,0,0,0,0,2,2,0,0,0,0,0,0,2,0,0,2,0,0,0,0,2,0,0,2,0,0,0,2,0,2,0,0,0,0,0,0,0,2,0,0,0,2,2,2,0,0,0,2,2,0,0,0,0,0,2,2,0,2,0,2,0,0,NA,NA,0,0,0,2,0,0,0,0,0,0,0,0,0,0,0,0,0,0,0,0,0,0,0,0,0,0,2,0,2,0,0,2,0,0,2,0,0,0,0,0,0,0,2,2,0,0,0,0,0,0,0,0,0,0,0,0,0,0,0,2,0,0,0,0,2,0,0,0,0,2,0,0,0,0,0,0,0,0,0,0,0,0,0,0,0,0,0,0,0,0,0,0,2,0,2,0,0,0,0,0,0,0,0,0,0,0,0,0,0,0,0,0,0,0,2,0,0,0,0,0,0,0,0,0,0,2,2,0,0,2,0,0,0,0,0,0,0,0,0,0,0,0,0,0,0,0,0,0,0,0,2,2,0,0,2,0,2,0,0,0,0,0,0,0,0,0,0,0,0,0,0,2,0,2,0,0,0,0,0,0,0,0,0,0,0,0,0,0,0,0,0,0,0,0,0,0,0,0,2,2,2,2,2,0,0,0,0,0,0,0,2,0,2,0,2,2,0,0,0,2,0,0,0,0,0,0,0,0,0,0,0,0,0,0,0,0,0,0,0,0,0,2,0,0,0,2,2,2,0,0,0,0,0,0,0,0,0,2,0,0,0,2,0,0,2,0,0,2,0,0,0,0,0,0,0,0,2,0,0,0,0,0,0,0,0,0,0,0,2,0,0,0,0,0,2,0,0,0,0,0,0,0,0,0,0,0,2,0,0,0,0,0,2,0,0,0,0,0,0,2,0,0,0,0,0,0,2,2,2,0,2,0,2,0,2,0,0,2,0,2,0,0,0,2,0,2,0,2,0,2,0,0,0,0,0,0,0,0,0,0,0,0,0,0,0,2,2,0,0,0,2,2,0,0,0,0,2,0,2,0,2,0,0,2,2,2,0,2,2,0,2,2,2,2,2,2,0,2,0,2,0,2,0,0,2,0,0,0,0,0,0,0,2,0,0,0,2,2,0,2,0,0,0,0,0,0,0,2,0,2,0,0,0,0,0,0,0,0,0,0,0,0,2,0,0,2,0,2,0,0,0,0,2,0,2,0,2,0,0,0,0,0,0,0,0,2,0,0,0,0,0,0,0,0,2,2,0,0,0,0,2,0,2,2,0,0,2,0,2,2,0,0,2,2,2,2,0,2,0,0,NA,0,0,0,2,0,0,0,2,0,0,0,0,2,0,0,2,0,0,0,0,0,2,0,0,0,0,0,2,0,2,0,2,0,0,0,0,0,0,2,0,0,2,0,2,2,0,2,0,0,0,0,2,2,0,0,2,0,2,0,0,0,0,0,0,0,0,0,0,0,0,0,0,0,0,0,0,0,0,0,0,2,0,0,0,2,0,0,0,0,0,0,0,0,2,2,0,0,0,2,0,0,0,0,0,NA,2,0,2,0,0,0,2,0,0,0,0,0,0,2,0,0,0,0,0,0,0,0,2,0,0,0,0,0,0,0,0,0,0,2,2,0,0,2,0,2,2,2,0,0,0,0,0,2,0,2,2,0,0,0,2,0,0,2,2,0,0,0,0,2,0,0,0,2,0,0,0,0,0,0,0,0,0,0,0,0,0,2,0,0,2,0,0,0,0,0,0,0,2,0,0,0,0,0,2,0,0,2,0,0,0,0,0,0,0,0,0,0,0,0,0,0,0,2,0,0,0,0,0,2,0,0,0,0,0,2,0,0,0,0,0,0,2,0,0,0,0,0,0,0,0,0,0,0,0,2,0,0,0,0,0,0,0,0,2,0,0,0,0,0,0,0,0,0,0,2,0,0,2,2,0,0,2,2,2,0,0,0,0,2,0,0,2,0,0,2,0,0,2,0,0,0,0,0,0,2,0,0,0,0,0,0,0,2,2,0,0,0,0,0,0,0,0,0,0,0,0,0,0,0,0,2,0,0,0,0,0,2,0,0,0,0,0,0,0,0,0,0,0,0,0,0,0,0,0,0,0,0,0,0,0,0,0,0,0,0,0,0,0,0,0,2,0,0,0,0,0,0,2,0,0,0,0,0,0,2,0,0,0,0,0,0,0,0,0,0,2,2,2,0,0,2,0,0,0,2,0,2,0,2,0,2,0,0,0,0,0,0,0,0,0,2,0,0,2,0,2,2,2,0,0,2,0,2,2,2,0,0,0,0,2,2,0,0,2,0,2,2,2,2,0,0,0,0,0,0,0,0,0,0,0,0,2,0,0,0,0,0,2,2,0,2,2,0,0,0,0,2,0,0,0,2,0,0,2,2,0,0,0,0,0,0,0,0,0,0,2,0,0,2,2,0,0,2,0,0,0,0,0,2,0,0,2,0,0,0,0,0,0,0,0,0,0,2,2,2,0,0,0,2,0,0,2,0,0,0,0,2,0,2,0,2,0,0,0,2,0,0,0,2,0,0,0,0,0,2,0,0,0,0,0,0,0,0,0,0,0,0,0,0,2,0,2,0,0,0,2,0,0,0,2,2,0,0,0,0,0,0,0,0,0,0,0,0,0,0,0,0,0,0,0,0,0,2,2,0,0,0,0,0,0,2,0,0,0,0,2,0,0,0,0,2,2,0,0,0,0,0,0,2,2,2,0,2,2,0,0,0,0,2,2,0,0,2,2,2,2,2,0,0,2,2,2,0,0,2,2,0,2,0,2,0,2,0,2,2,2,2,2,0,0,0,0,0,0,2,0,0,2,0,0,0,0,0,0,0,0,0,0,0,0,0,0,0,2,0,2,0,0,2,0,0,0,0,0,0,2,0,2,0,2,2,0,2,0,0,0,0,0,0,2,0,0,0,0,0,0,0,0,0,0,2,0,0,0,0,0,0,2,0,0,2,0,2,0,0,0,2,2,0,2,2,0,0,0,0,0,0,0,0,0,0,2,0,0,0,0,0,0,0,0,0,0,0,0,0,0,0,0,0,0,0,0,0,0,2,0,0,0,0,0,0,0,0,0,0,0,0,0,0,2,2,0,0,0,0,0,0,0,0,0,0,0,2,0,0,0,0,0,2,0,0,0,0,0,0,0,0,2,0,2,0,2,0,0,0,0,0,0,0,0,0,0,0,0,0,0,0,0,0,0,0,0,0,0,0,0,0,2,0,2,2,0,2,0,0,2,0,2,0,0,0,0,0,0,0,0,0,0,2,0,0,0,0,0,0,0,0,2,2,0,0,0,0,0,2,0,0,0,0,0,0,2,0,0,0,2,0,0,0,2,0,2,0,0,0,0,0,0,2,0,2,0,0,0,0,2,0,2,0,0,0,0,0,0,2,0,0,0,0,2,2,0,0,0,0,0,0,0,0,0,0,0,0,0,0,0,0,0,0,0,0,0,0,0,0,0,0,0,0,0,0,0,0,2,0,0,0,0,0,0,0,0,0,0,0,0,2,0,0,0,0,0,2,0,0,0,0,0,0,0,0,0,0,0,0,0,0,2,0,0,0,0,0,0,0,0,2,0,0,0,2,2,2,0,0,0,0,0,2,0,0,0,0,0,0,0,0,0,0,2,0,0,0,0,0,0,0,0,0,0,0,0,0,0,0,0,0,0,0,0,0,0,0,0,0,2,2,0,2,0,2,0,0,0,2,0,2,0,2,0,2,0,0,0,0,0,0,0,0,0,0,0,0,2,0,0,0,0,0,0,0,0,0,0,0,2,0,0,0,0,0,0,0,0,0,0,0,0,0,0,2,0,0,0,0,0,0,0,2,0,0,0,0,2,0,2,0,0,0,0,0,0,0,0,0,2,0,0,0,0,0,0,0,0,0,0,2,0,0,0,0,0,0,0,2,2,2,2,0,0,0,0,0,2,0,0,0,0,0,0,0,0,0,0,0,0,2,2,0,2,0,0,0,0,0,0,0,2,0,0,2,2,2,0,0,0,0,0,0,2,0,2,0,2,0,0,2,0,0,2,0,2,0,0,0,0,0,0,0,0,2,0,0,0,0,0,0,0,0,0,0,0,2,0,0,0,0,0,0,0,0,0,0,0,0,0,2,NA,0,2,0,0,0,0,0,0,0,0,0,2,0,0,0,0,0,0,0,0,0,2,0,2,0,0,0,0,0,2,0,2,2,0,0,0,0,0,0,0,2,0,0,0,0,0,0,0,0,0,0,2,2,0,0,0,2,0,0,0,0,0,0,0,0,0,0,2,0,0,0,0,0,0,0,0,0,0,2,0,2,0,0,2,0,2,0,0,2,0,0,2,0,0,0,0,2,2,0,0,0,0,0,0,2,0,0,0,0,0,0,2,0,0,2,0,2,0,0,0,0,0,0,0,0,0,0,0,0,0,0,0,2,0,0,0,0,0,0,0,0,0,0,0,0,0,2,0,0,0,0,0,0,0,0,0,0,0,2,0,2,0,2,0,0,2,0,0,0,2,0,2,0,0,0,0,0,0,0,0,0,2,2,0,0,0,0,0,0,0,0,0,0,0,2,2,2,0,0,0,0,0,0,0,0,0,0,0,0,2,0,0,0,0,0,0,0,0,0,0,0,0,0,0,0,0,0,0,0,0,2,0,0,0,0,2,0,0,0,0,0,2,0,0,0,0,0,0,0,2,0,0,0,0,0,0,2,0,0,2,0,0,0,0,0,0,2,0,2,0,0,2,0,0,0,0,0,0,0,0,0,0,2,0,0,2,0,0,0,2,0,0,0,0,0,2,0,0,0,0,0,0,2,2,0,2,0,0,2,0,2,0,2,0,0,0,2,2,0,0,0,0,0,0,0,0,0,2,0,0,0,0,2,0,0,0,0,0,0,0,0,0,0,0,0,2,0,0,0,0,0,0,0,0,0,0,2,2,0,2,0,0,0,2,0,0,0,0,0,0,0,0,0,0,0,0,0,0,0,0,0,0,0,0,0,0,2,0,0,0,0,0,2,2,0,0,0,0,0,0,0,0,0,0,0,0,0,0,0,0,0,0,0,0,NA,0,0,0,0,0,2,0,0,0,0,0,0,0,0,0,0,0,0,0,0,0,0,0,0,0,0,0,0,0,0,0,0,0,0,0,2,0,0,0,0,0,0,0,0,0,0,0,0,0,2,0,0,0,0,2,0,0,2,2,0,2,0,0,0,0,0,0,0,0,0,0,0,0,0,0,0,0,0,0,0,0,0,0,0,0,0,2,0,0,0,2,0,2,0,0,2,0,0,0,2,2,0,0,2,0,0,0,0,0,0,0,0,0,0,0,0,0,0,2,0,2,2,0,2,0,0,2,0,0,0,0,0,0,0,0,0,0,0,0,0,0,2,0,2,2,0,0,0,2,0,0,2,0,0,0,0,0,0,0,0,2,0,0,0,0,2,0,0,0,2,0,0,2,0,0,0,0,2,0,0,0,0,0,0,2,0,0,2,0,0,0,0,0,0,2,0,0,0,2,0,0,0,0,0,0,0,0,0,0,0,0,0,0,2,0,0,0,0,0,0,0,0,0,2,0,0,0,0,2,0,0,0,0,0,0,0,0,0,0,0,0,0,0,0,0,0,0,0,0,0,0,0,0,2,0,2,0,0,0,0,2,0,0,0,0,0,0,0,0,0,0,0,0,0,0,0,0,0,2,0,0,0,0,0,0,0,0,0,0,0,0,0,0,2,0,0,0,0,0,0,0,0,0,0,0,2,0,0,0,0,2,2,0,0,0,0,2,0,0,0,0,0,0,2,0,0,0,0,0,0,0,0,0,0,0,0,0,2,0,0,0,0,2,0,0,0,0,0,0,0,0,0,0,0,0,0,0,0,2,0,0,2,2,2,0,0,0,2,0,2,2,0,0,0,0,2,0,0,2,0,0,0,0,2,0,0,2,2,2,2,2,0,0,0,0,2,0,0,0,2,0,0,0,2,2,0,0,0,2,0,2,2,2,2,0,0,0,2,0,2,0,2,0,0,2,0,0,0,2,0,2,2,0,0,0,0,0,0,0,0,0,2,0,0,0,0,0,2,0,0,0,0,0,0,0,0,2,2,0,0,0,0,0,0,0,0,0,2,0,0,2,2,0,0,2,2,0,0,0,0,0,2,0,0,2,0,0,2,0,2,0,0,0,0,2,0,0,0,2,0,0,0,0,0,2,0,0,0,0,0,2,0,NA,0,0,0,0,0,0,0,0,0,0,0,2,0,0,2,2,0,0,0,0,0,0,0,2,0,0,0,0,0,0,2,0,0,0,0,0,0,0,0,0,0,0,NA,2,2,0,0,0,2,0,0,0,0,0,2,0,0,0,0,0,0,0,0,0,0,0,0,0,2,2,0,0,0,0,0,0,0,0,0,0,0,0,0,0,0,0,0,0,0,0,0,0,0,2,2,2,0,0,0,0,0,NA
"CC50",0,2,0,0,2,0,0,0,0,0,0,0,2,0,0,2,0,0,0,0,2,0,0,0,0,0,0,0,0,2,0,2,0,2,0,2,0,0,0,2,0,0,0,0,0,0,0,2,0,0,0,0,0,0,0,0,2,0,0,0,0,2,0,0,2,0,0,0,0,0,0,0,0,0,0,0,0,2,0,0,2,0,0,0,0,0,0,0,2,0,2,0,0,0,0,0,0,0,0,0,0,0,0,0,0,0,0,0,0,0,0,0,0,0,0,0,0,0,0,0,0,0,0,0,0,0,2,0,0,0,2,0,0,0,0,0,2,0,0,2,0,0,2,2,0,0,0,0,0,2,2,0,0,0,0,0,0,0,0,0,0,0,0,0,0,0,0,2,2,2,0,0,0,0,0,0,0,0,0,0,0,0,0,0,0,0,2,0,0,0,0,NA,0,0,0,0,0,2,0,0,0,0,0,0,0,0,0,0,0,0,0,0,0,0,0,0,0,0,0,0,2,0,0,0,2,NA,2,2,0,0,2,0,0,0,0,0,2,2,0,0,2,0,0,0,0,2,2,0,0,0,0,0,0,0,0,0,0,0,0,0,2,0,0,0,0,2,2,0,0,2,0,0,0,0,0,0,2,2,2,2,2,0,2,0,0,0,0,2,0,0,2,2,2,0,0,0,0,0,0,0,0,0,0,0,0,0,0,0,NA,0,0,0,0,0,0,0,0,0,0,0,0,0,2,0,0,0,0,0,0,0,0,2,0,0,0,2,0,0,0,0,0,2,2,0,0,0,0,0,0,0,0,2,0,NA,0,0,0,0,0,0,0,2,0,0,0,0,0,0,2,0,0,0,0,0,0,0,0,0,0,0,0,0,0,0,0,0,0,0,0,0,0,0,0,2,2,2,2,0,0,0,0,2,NA,2,0,2,0,0,0,2,0,0,0,0,0,0,2,0,2,2,0,2,0,0,0,2,0,0,NA,0,0,0,0,0,0,0,0,0,0,0,0,0,0,0,0,0,0,0,0,0,0,0,0,0,2,2,0,2,0,0,0,0,0,0,0,0,0,0,0,0,0,0,2,0,0,2,0,0,0,2,0,0,0,0,0,0,2,0,0,0,2,NA,0,2,0,0,2,0,0,0,0,0,0,0,0,0,0,0,2,0,0,0,2,0,0,0,0,0,0,0,2,2,0,0,2,2,0,2,0,0,2,0,0,0,0,0,0,2,2,2,0,0,0,0,0,0,NA,0,0,2,0,0,0,2,2,0,0,2,2,0,0,2,0,0,2,0,0,2,0,2,0,2,0,0,0,2,2,2,2,2,0,0,0,2,2,2,0,0,0,0,2,0,0,0,2,0,2,0,2,2,0,2,2,0,0,0,2,2,2,0,0,0,0,0,2,0,2,0,0,0,2,0,0,0,0,0,0,0,0,0,0,0,0,0,2,0,0,0,0,0,0,0,0,0,2,0,0,0,0,0,0,0,0,0,0,0,0,0,0,0,2,0,0,0,0,0,0,0,0,2,0,0,2,0,0,0,0,0,0,0,2,0,0,2,2,2,0,0,2,0,0,0,0,0,0,2,0,2,NA,0,0,0,0,0,0,0,0,0,2,0,2,0,2,0,0,0,0,0,0,0,0,0,0,2,0,0,0,0,0,0,0,0,2,0,0,0,0,0,0,0,2,0,0,0,0,0,2,2,0,2,0,0,2,2,0,2,0,0,0,0,0,0,0,2,0,2,0,0,2,0,0,0,0,0,0,0,0,2,0,0,0,0,0,0,2,2,0,2,2,0,0,0,0,0,0,0,0,0,0,0,0,0,2,0,0,0,0,2,0,0,0,0,0,0,0,0,0,0,0,0,0,2,0,2,0,2,2,0,0,2,2,0,0,0,0,0,2,0,0,2,2,2,0,0,0,0,0,0,0,2,2,0,2,0,2,0,0,2,0,0,2,0,0,0,0,0,0,0,0,0,0,0,0,0,2,0,0,0,0,0,0,0,0,0,0,2,0,0,0,0,0,0,0,0,0,2,2,0,0,0,0,0,2,0,0,0,0,2,0,NA,0,0,0,0,0,2,0,0,0,0,2,0,0,0,0,2,0,0,0,0,2,0,0,0,0,0,0,0,0,0,0,0,0,0,0,0,0,0,2,0,2,2,2,0,0,0,2,0,0,0,0,0,0,0,0,0,0,0,0,2,0,0,0,0,0,0,0,0,2,2,0,0,0,0,2,0,2,0,2,0,0,0,0,0,0,0,0,0,0,0,0,0,0,0,0,0,0,2,2,0,0,0,0,0,2,2,0,0,2,0,0,2,0,0,2,0,0,0,0,2,2,0,0,0,0,0,2,0,0,0,0,0,0,0,0,0,0,0,0,0,0,0,0,0,2,0,2,0,0,2,0,0,2,0,0,0,0,0,0,0,0,0,0,2,0,0,2,2,0,0,2,0,0,0,0,2,2,0,0,0,0,0,0,2,0,0,0,0,0,0,0,0,0,0,0,2,0,2,NA,0,0,0,0,0,2,0,0,2,0,2,2,0,2,0,0,0,0,0,0,0,0,0,2,0,0,0,0,2,2,2,0,0,0,0,0,0,0,0,0,0,0,0,0,0,0,0,0,0,0,0,0,0,0,0,0,2,0,0,0,2,2,2,0,0,0,2,0,0,0,0,0,2,0,0,0,2,2,0,0,0,0,2,0,0,0,0,2,0,2,0,2,2,0,0,0,0,2,0,0,2,0,0,0,0,0,NA,0,0,0,2,2,2,2,0,2,0,2,2,0,2,0,2,0,0,0,0,2,0,0,0,0,0,0,0,0,0,0,0,2,0,2,0,0,0,0,0,2,0,0,2,0,0,0,0,2,0,2,2,0,NA,0,0,2,2,0,0,0,0,2,2,2,0,0,0,2,2,NA,0,0,0,0,0,2,0,2,0,0,0,2,0,0,0,2,0,0,0,2,0,0,0,2,0,0,0,0,0,0,2,2,0,0,0,0,0,0,2,0,0,2,0,0,2,0,0,0,0,0,0,0,0,0,2,2,2,2,0,0,2,0,0,0,0,2,2,0,2,2,0,0,0,0,0,2,2,0,0,2,0,0,2,2,0,0,2,2,0,0,0,2,0,0,2,0,2,2,0,0,0,0,2,0,0,0,2,0,0,2,0,0,0,2,0,0,2,0,0,0,0,2,2,0,0,0,0,0,0,0,2,2,0,0,0,0,0,0,0,0,0,0,0,0,0,2,0,0,0,0,0,0,0,0,0,0,0,0,0,0,0,0,0,0,0,0,0,2,2,0,0,0,2,0,0,0,0,0,0,0,0,0,0,0,0,0,0,0,0,0,0,0,0,0,0,0,2,0,0,0,2,0,0,0,2,2,0,2,0,2,0,NA,0,0,0,0,0,0,0,2,0,0,0,0,0,0,0,0,0,0,2,0,0,0,0,2,0,0,2,0,0,0,0,0,0,0,0,0,0,0,0,0,0,0,0,0,0,0,2,0,2,0,0,0,2,0,0,0,0,0,0,0,0,0,0,0,2,2,0,2,0,0,0,0,2,2,0,0,NA,0,0,0,0,0,0,0,0,2,0,0,0,0,2,0,0,0,0,0,0,2,0,0,0,2,0,0,0,0,0,0,0,0,2,0,0,0,0,0,0,0,0,2,0,0,2,0,0,2,2,2,0,0,2,0,0,0,0,0,0,0,2,0,0,0,0,0,0,0,0,0,2,0,0,0,0,2,0,0,0,0,2,0,0,0,2,0,0,0,0,0,2,0,0,0,0,0,0,0,0,0,0,2,0,0,0,0,0,0,0,2,0,0,2,0,0,2,0,0,2,0,0,0,0,2,0,0,0,0,0,0,0,0,2,2,0,0,0,2,0,2,0,0,2,0,0,0,0,0,0,0,0,2,0,2,2,2,2,2,0,2,0,0,0,0,0,0,0,0,2,2,0,0,0,2,0,2,2,2,0,0,0,0,0,0,0,2,2,2,2,0,0,0,0,0,0,0,2,2,0,0,0,0,0,0,0,0,0,0,0,0,0,0,0,0,0,0,0,0,0,0,0,0,0,0,0,0,0,0,0,0,0,0,0,0,0,0,0,2,0,0,0,0,0,0,0,0,0,0,0,0,0,0,0,2,0,0,0,0,0,0,0,2,0,0,2,0,0,0,0,2,0,0,0,0,0,0,2,0,0,0,2,2,2,0,0,0,2,0,0,0,0,0,0,0,0,0,0,0,0,2,2,0,0,2,0,0,0,0,0,0,0,0,0,0,0,0,0,2,0,0,0,0,0,0,0,2,0,0,0,2,0,2,2,2,0,2,0,0,0,0,2,0,0,2,2,2,0,0,0,2,0,0,0,0,2,2,2,0,0,0,0,0,0,0,0,2,0,0,0,2,0,0,2,0,2,0,0,2,0,0,2,0,0,0,0,0,0,0,0,0,0,0,0,0,0,0,0,0,0,0,0,0,0,0,0,0,0,2,2,0,0,0,0,0,0,0,0,0,0,0,0,0,0,0,0,0,0,0,2,0,0,2,0,0,0,0,2,0,0,0,0,0,0,0,0,0,0,0,0,0,NA,0,0,0,0,0,0,2,0,0,0,0,0,0,2,0,0,0,0,0,2,0,0,0,0,0,0,0,0,2,0,0,0,0,0,0,0,0,0,0,2,0,2,0,0,0,0,0,0,0,0,0,0,0,0,0,0,0,0,2,0,0,0,2,0,0,2,0,0,0,2,0,2,0,0,0,0,2,0,2,0,2,0,0,0,0,0,0,0,2,0,0,0,2,2,0,2,0,0,0,0,0,0,0,0,0,2,0,0,2,0,2,0,0,0,0,2,2,0,0,0,0,0,0,0,0,2,0,0,0,0,0,0,0,0,2,0,0,2,0,0,0,0,0,2,0,0,2,0,0,0,0,0,0,0,0,0,0,0,0,0,0,2,0,0,0,0,0,0,0,0,2,0,0,0,0,0,0,0,2,0,0,2,0,0,2,2,0,0,0,0,0,0,0,0,0,0,2,2,0,0,0,0,0,0,0,0,0,0,0,0,0,0,0,0,2,0,2,0,0,0,0,0,0,0,0,0,0,0,0,0,2,0,2,0,0,0,0,0,0,0,0,0,0,2,0,0,2,0,0,0,0,0,2,0,0,0,0,0,0,0,0,0,0,0,0,0,0,0,0,0,0,0,2,0,0,0,2,0,0,0,0,2,0,0,0,2,0,0,0,0,0,2,0,0,0,2,0,0,0,0,0,0,0,0,0,0,0,0,0,2,0,0,0,0,0,0,0,0,2,2,0,0,0,0,0,2,2,0,0,2,0,0,0,0,2,0,0,2,0,0,0,2,0,2,0,NA,2,0,0,2,0,2,0,0,0,0,2,2,0,0,0,2,0,0,0,0,0,0,0,2,0,0,0,2,0,0,NA,NA,0,0,0,0,0,0,0,0,0,0,0,0,0,0,0,0,2,2,0,0,0,2,0,0,0,0,0,2,0,0,0,2,2,0,2,0,0,0,0,0,0,0,2,2,0,0,0,0,0,0,0,0,0,0,0,0,0,0,0,2,0,0,0,0,2,0,0,0,0,0,0,0,0,0,0,0,0,0,0,0,0,0,0,0,0,0,0,0,0,0,0,0,2,0,2,0,0,0,0,0,0,0,0,0,0,0,0,0,0,0,0,0,0,0,2,0,0,0,0,0,0,0,0,0,0,0,2,0,0,0,0,0,0,0,0,0,0,0,0,0,0,0,0,0,0,0,0,0,0,0,2,0,0,0,2,0,2,0,0,0,0,0,0,0,0,0,0,0,0,0,2,2,2,0,0,0,0,0,0,0,0,0,0,0,0,0,0,0,0,0,NA,0,0,0,0,2,2,0,0,0,2,0,2,0,2,2,0,0,2,0,0,0,0,0,2,2,2,0,0,2,0,0,0,0,0,0,0,0,2,2,0,0,0,0,0,0,0,0,0,0,0,2,0,0,0,2,2,2,0,2,0,2,0,0,0,0,0,2,0,0,0,0,0,0,2,0,0,2,0,0,0,0,2,0,0,0,0,0,0,2,0,0,0,0,0,0,0,0,0,0,0,0,0,0,2,0,0,0,0,0,0,0,0,0,0,0,0,0,0,0,0,0,0,0,0,0,0,0,0,2,0,0,0,0,0,0,0,0,2,0,2,0,2,0,0,0,2,2,0,0,0,2,0,0,0,0,2,0,0,0,0,0,0,0,0,0,0,0,0,0,0,0,0,2,0,2,0,0,0,2,2,2,0,0,0,0,2,0,2,0,0,0,0,2,2,0,0,0,0,0,0,2,0,0,0,0,0,2,0,0,0,0,0,0,2,0,0,0,0,0,0,0,2,0,0,0,0,0,0,2,0,0,0,0,0,0,0,2,0,2,0,2,2,0,0,0,0,0,0,2,0,0,0,0,0,0,0,2,0,0,0,0,0,0,2,0,2,0,0,0,0,0,0,0,0,2,0,0,2,0,0,0,0,0,2,2,0,0,0,0,2,0,0,2,0,0,2,0,2,0,0,0,2,2,2,2,0,2,0,0,0,0,0,0,0,0,2,0,2,0,0,0,0,0,0,0,0,0,0,0,0,0,0,0,0,0,0,0,2,0,2,0,2,0,0,0,0,0,0,2,0,0,2,0,2,2,0,2,0,0,0,0,0,2,0,0,2,0,0,0,2,0,0,0,0,0,0,0,0,0,0,0,0,0,0,0,0,0,0,0,0,0,0,0,0,2,0,0,0,0,0,0,0,0,0,2,0,0,0,2,0,2,0,0,0,0,0,0,0,0,2,0,2,0,0,0,0,0,0,2,2,0,2,0,0,0,0,0,0,2,0,0,0,0,0,0,0,0,0,2,2,0,0,2,0,0,2,0,0,0,0,0,0,2,0,2,0,0,2,0,2,0,0,0,0,0,0,2,0,0,2,0,0,2,0,0,0,0,0,0,0,0,0,0,2,0,2,2,0,0,2,0,0,2,2,0,0,0,0,0,0,0,0,0,2,0,0,0,0,0,0,0,0,0,0,0,2,0,0,0,0,0,0,2,0,0,0,0,0,2,0,0,0,0,0,0,0,0,0,0,0,0,2,0,0,0,0,0,0,0,0,2,0,0,0,0,0,0,0,0,0,0,0,0,0,0,0,0,0,0,0,0,0,0,0,2,0,0,0,0,0,0,2,2,2,0,0,0,0,2,0,0,2,0,0,2,0,0,2,0,0,0,0,0,0,2,0,0,0,0,0,0,0,2,2,0,0,0,0,0,0,0,0,0,0,0,0,0,0,0,0,0,0,0,0,0,0,2,0,0,0,0,2,0,0,2,0,0,0,0,0,0,0,0,0,0,0,2,0,0,0,0,0,0,0,0,0,0,0,0,0,2,0,0,0,0,0,2,2,0,0,0,0,0,0,2,0,0,0,0,0,0,0,0,0,0,0,2,2,0,0,0,0,0,2,2,0,2,0,2,0,0,0,0,0,0,0,0,0,0,0,0,0,0,2,0,2,0,0,0,0,2,0,0,2,2,0,0,0,0,2,2,2,0,0,0,2,2,2,2,0,0,0,0,2,0,0,0,0,0,0,0,2,0,0,0,0,0,0,2,0,2,0,0,0,0,0,2,0,0,0,0,0,0,2,2,0,0,0,0,0,0,0,0,0,2,0,0,0,0,0,0,0,2,0,0,0,0,0,2,0,0,2,0,0,0,0,0,0,0,0,0,NA,2,2,2,0,0,0,2,0,0,0,0,0,0,0,2,0,2,0,0,0,0,0,2,0,0,0,2,2,0,0,0,2,2,0,0,0,0,0,0,0,0,0,0,0,0,0,0,2,0,2,0,2,0,2,0,0,0,2,0,0,0,0,0,0,0,0,0,0,0,0,0,0,0,0,0,0,0,0,0,0,2,2,0,0,0,0,0,0,2,0,0,0,0,0,0,0,0,0,2,2,0,0,0,0,0,0,2,2,2,0,2,2,0,0,0,0,2,2,0,0,2,2,0,2,2,0,2,2,0,2,0,0,2,2,0,2,0,0,0,2,2,2,2,0,2,2,0,0,0,0,0,0,2,0,0,2,0,2,0,0,0,0,0,2,0,0,0,0,0,0,0,2,0,2,0,0,2,0,0,0,0,0,0,2,0,2,0,2,0,0,2,0,0,0,0,0,0,2,0,0,0,0,0,0,0,0,0,0,2,0,0,0,0,0,0,2,0,0,2,0,2,2,0,0,2,2,0,2,2,0,0,0,2,0,0,0,0,0,0,2,0,0,0,0,0,0,0,0,0,0,0,0,0,0,0,0,0,0,0,0,0,0,0,0,0,0,0,0,0,0,0,0,0,0,0,0,0,0,2,0,0,0,0,0,0,0,0,0,0,0,2,0,0,0,0,0,2,0,0,0,0,0,0,0,0,2,0,2,0,2,2,0,0,0,0,0,0,0,0,0,0,0,0,0,0,0,0,0,2,0,0,0,0,0,0,2,0,2,2,0,0,0,0,2,0,2,0,0,0,0,0,0,0,0,0,0,2,0,0,0,0,0,0,0,0,0,2,0,0,0,0,0,2,0,0,0,0,0,0,2,0,0,0,2,0,0,2,0,0,2,0,0,0,0,0,0,0,0,2,0,0,0,0,2,0,2,0,0,0,0,0,0,2,0,0,0,0,2,2,0,0,0,0,0,0,0,0,0,0,0,0,0,0,0,0,0,0,0,0,0,0,0,0,0,0,2,0,0,0,0,0,0,NA,0,0,0,2,0,0,0,0,0,0,0,2,0,0,0,0,0,2,0,0,0,0,0,0,0,0,0,0,0,2,0,0,2,0,0,0,2,0,2,0,0,2,0,0,0,2,0,2,0,0,0,0,0,0,0,0,0,0,0,0,0,0,0,0,2,0,0,2,0,0,0,0,0,0,0,0,0,0,0,0,0,0,0,0,0,0,0,0,0,0,2,2,0,0,0,0,0,0,0,0,0,2,0,2,0,2,0,0,0,0,0,0,2,0,0,0,0,0,0,2,0,2,0,0,0,0,0,0,2,0,2,0,0,2,0,0,0,0,0,0,0,0,0,0,NA,2,0,0,0,0,0,0,0,0,0,0,0,0,2,0,0,0,0,0,0,0,0,2,2,0,0,0,0,0,0,0,2,0,2,0,0,0,0,0,0,0,0,0,0,0,0,0,0,0,0,0,0,0,2,0,0,0,0,0,0,2,0,0,0,0,0,2,2,0,2,0,0,0,0,0,0,0,2,0,0,2,2,2,0,0,0,0,0,0,0,0,2,0,2,0,0,2,0,0,2,0,2,0,0,0,0,0,0,0,0,0,0,2,0,0,0,0,0,0,0,0,0,2,0,0,0,0,0,0,0,0,0,0,0,0,0,2,NA,0,2,0,0,0,0,0,0,0,0,0,2,0,0,0,0,0,0,0,0,2,2,0,2,0,0,0,0,0,2,0,2,2,0,0,0,0,0,0,0,2,0,0,0,0,0,0,0,0,2,0,0,2,0,0,2,2,0,0,0,0,0,0,0,0,0,0,2,0,0,2,0,0,0,0,0,0,0,2,0,2,0,0,2,0,2,2,0,2,0,0,0,0,0,0,0,0,2,0,0,0,2,0,0,0,0,0,0,0,2,0,0,0,0,2,0,0,0,0,2,0,0,0,NA,NA,0,0,0,0,NA,0,0,2,0,0,0,0,2,0,0,0,0,0,0,0,0,2,0,0,0,0,0,0,0,0,0,0,0,2,0,2,NA,2,0,0,2,0,0,0,2,0,2,0,0,0,0,0,2,0,2,0,2,2,0,2,0,0,2,0,0,0,0,2,0,2,2,2,0,0,0,0,0,0,0,0,0,2,0,0,2,0,0,0,2,0,0,0,0,0,0,0,0,0,0,0,0,0,0,0,0,2,0,0,0,0,2,0,0,0,0,0,0,0,2,0,0,0,0,0,2,0,0,0,0,0,0,0,0,0,2,0,0,0,0,0,0,0,0,2,2,0,2,0,0,0,0,0,2,0,2,0,0,0,0,0,0,0,0,0,2,0,0,0,0,0,2,0,2,2,0,2,0,2,2,0,0,0,2,0,0,0,0,0,0,0,0,2,2,0,0,0,0,0,0,0,0,0,2,0,0,0,0,2,0,0,0,0,0,0,0,0,0,0,0,0,0,0,2,0,0,0,0,0,0,0,0,2,0,0,0,0,0,0,2,0,0,2,0,0,0,2,0,0,2,0,0,0,0,0,2,0,2,0,0,0,0,2,0,0,2,0,0,2,2,0,0,0,0,0,0,0,0,0,0,0,0,0,0,0,0,0,0,0,0,0,0,0,0,0,2,2,2,2,0,0,0,0,0,0,0,0,2,0,2,0,2,2,0,0,0,0,0,0,0,0,0,0,0,0,0,2,0,0,2,0,0,0,0,0,0,0,0,0,0,2,0,0,0,0,2,0,0,0,2,0,0,2,0,0,0,0,0,0,2,2,0,0,0,0,0,0,0,0,0,0,0,0,0,0,0,0,2,2,0,0,2,0,0,0,0,2,0,0,0,0,2,0,0,2,0,0,0,2,0,0,2,2,0,2,0,0,2,0,2,0,0,2,0,2,0,0,0,0,0,0,0,0,0,0,0,0,0,0,0,0,0,0,0,2,2,0,2,0,2,0,0,2,0,0,0,0,0,0,0,0,2,0,0,0,0,0,0,0,0,2,2,0,2,0,0,0,2,0,0,0,0,2,0,0,2,2,0,0,0,2,0,0,0,0,2,0,0,0,0,2,0,0,0,0,0,0,0,0,0,0,0,0,0,2,0,0,0,0,0,0,2,2,0,0,0,0,0,0,2,0,0,0,0,0,0,0,0,0,0,0,0,2,2,2,0,0,0,0,0,0,0,0,0,0,0,2,0,0,0,0,2,0,0,0,0,2,0,0,0,0,0,0,0,0,0,0,0,0,2,0,0,2,0,0,0,0,0,0,0,0,0,0,0,2,0,0,2,0,0,0,0,0,0,2,2,2,0,0,0,0,2,2,0,0,0,0,NA,0,0,2,0,0,0,0,0,0,0,2,0,2,0,0,2,0,0,0,0,2,0,0,0,0,2,0,0,0,0,0,0,0,0,2,0,0,0,2,0,2,0,0,0,2,0,0,2,0,0,0,0,2,2,0,0,0,0,2,0,0,2,0,0,0,2,2,0,0,2,0,2,2,2,0,0,0,0,0,0,0,0,2,0,0,0,0,0,0,0,0,2,0,2,2,0,0,0,0,0,0,0,2,2,0,0,2,0,0,0,0,0,0,2,2,0,0,0,0,0,0,0,0,0,2,0,0,0,0,0,2,0,2,0,0,0,0,0,0,0,0,0,0,0,0,0,0,0,0,0,2,0,0,0,2,0,0,2,2,0,0,0,0,2,2,0,0,2,0,0,2,2,2,0,0,2,0,2,0,2,0,2,2,0,2,0,0,2,0,0,0,0,0,2,0,2,0,0,0,0,0,0,2,2,0,0,0,2,0,0,0,0,2,2,0,0,0,0,0,2,0,0,0,0,2,0,2,0,0,0,0,0,0,0,0,0,0,0,NA,2,2,0,0,2,2,0,0,0,0,0,2,0,2,0,0,0,2,0,0,0,2,0,0,0,2,2,0,2,2,0,0,0,0,0,0,0,0,0,0,2,0,0,0,0,0,0,0,0,0,0,2,0,2,0,0,0,2,2
"CC51",0,2,0,0,0,0,0,0,0,0,0,0,0,0,2,2,0,0,0,0,0,2,0,0,0,0,0,0,2,2,0,2,0,0,2,2,0,2,0,0,2,0,0,2,2,0,2,0,0,0,0,0,0,0,0,2,0,0,0,0,0,0,0,2,0,2,0,0,0,2,2,2,0,0,0,0,0,0,0,0,0,0,0,0,0,0,0,0,2,0,0,0,0,0,2,2,0,0,0,0,0,0,0,0,0,0,0,0,0,2,2,2,0,2,0,0,0,0,0,2,0,0,0,0,0,0,0,2,0,0,2,0,0,0,0,0,0,0,0,0,0,0,2,2,0,0,0,2,2,2,2,0,0,2,0,0,0,0,0,0,0,0,0,2,2,0,0,0,2,0,0,2,0,0,0,0,0,0,0,0,0,0,0,0,2,0,0,2,0,0,0,0,2,0,2,0,0,0,0,0,0,0,0,0,0,0,0,0,0,0,0,0,0,0,0,2,0,0,0,0,0,0,0,0,2,0,0,0,0,0,0,0,0,0,0,0,2,0,0,0,0,0,0,0,0,0,2,0,0,0,0,0,0,0,0,0,0,2,0,0,2,0,0,0,0,0,2,2,0,2,2,0,0,0,0,0,2,2,2,0,2,0,0,0,0,0,0,0,0,0,0,2,2,2,0,0,0,0,0,0,0,0,0,2,0,0,2,0,2,0,0,0,0,0,0,0,0,2,0,2,0,0,0,0,0,0,0,0,2,0,0,0,0,0,0,0,0,0,2,0,0,0,0,0,0,0,0,0,0,0,2,2,0,0,0,0,0,2,0,0,0,0,0,0,0,0,0,0,0,0,0,2,0,0,0,0,0,0,0,0,2,0,0,0,0,0,0,0,0,0,0,0,0,0,0,0,0,0,0,0,0,0,2,0,0,0,0,0,2,2,0,0,0,0,0,0,0,2,0,0,0,2,0,0,2,2,0,2,0,2,0,0,0,2,0,0,0,0,2,0,0,0,0,0,0,0,0,0,0,0,0,0,2,0,0,0,2,0,0,0,0,2,0,0,0,0,0,2,0,0,0,2,0,0,0,2,0,0,0,2,0,0,0,0,2,0,2,0,0,2,0,0,0,2,2,2,2,0,0,0,2,0,2,0,0,0,0,0,2,0,0,2,2,0,0,0,2,0,0,0,0,2,0,0,0,0,0,NA,0,0,2,2,2,0,0,2,0,2,0,2,0,0,0,0,0,0,0,0,0,2,0,0,0,2,0,0,0,2,2,0,0,0,0,0,0,0,2,0,0,0,0,2,0,0,0,0,0,0,0,0,2,0,0,2,0,0,0,0,0,0,0,0,0,0,2,0,2,0,0,0,2,0,0,0,0,0,2,2,2,0,0,0,0,0,0,0,2,0,0,0,2,0,0,0,0,0,0,0,0,0,0,0,2,2,0,0,0,0,0,0,0,0,2,0,2,0,0,2,0,2,0,0,0,0,0,0,0,0,0,0,0,0,0,0,0,0,0,0,0,0,0,0,2,0,0,0,0,0,0,0,0,0,0,0,2,0,0,0,0,0,0,0,0,0,0,0,2,0,0,0,0,2,0,0,0,0,0,0,0,0,0,0,0,0,0,0,0,0,2,0,0,0,0,0,0,2,0,0,2,0,2,0,0,0,0,0,0,0,0,0,0,0,0,0,0,0,0,0,2,0,0,0,0,0,0,0,0,0,0,0,2,0,2,2,0,0,0,0,0,0,0,0,0,0,0,0,0,2,0,0,0,0,0,2,0,2,0,0,0,0,0,0,0,0,2,2,0,0,0,0,0,0,2,0,0,0,0,0,0,0,0,0,0,0,0,0,0,0,0,0,0,2,2,0,0,0,0,0,0,0,0,0,0,0,0,0,2,0,0,0,2,2,0,2,0,0,0,2,0,2,0,0,2,0,2,0,0,0,0,2,2,0,0,0,0,0,2,2,0,0,0,0,0,2,0,0,0,0,0,0,0,2,0,0,0,0,0,0,0,0,0,0,0,0,0,0,2,0,0,0,0,0,0,0,0,2,0,2,0,0,0,0,0,0,0,2,0,0,0,0,2,0,0,0,0,2,2,0,0,0,0,0,0,0,0,2,0,0,0,0,0,0,0,2,0,0,0,0,0,0,2,0,2,2,0,0,2,0,0,0,0,0,0,0,0,0,0,0,0,2,0,0,0,0,0,0,0,0,2,2,0,0,2,0,2,0,0,0,0,0,0,0,0,0,0,0,0,0,0,0,0,0,0,0,0,0,0,0,2,0,0,0,0,0,0,2,0,0,0,0,0,0,0,0,2,0,0,0,0,2,2,0,0,0,0,0,0,0,0,0,0,0,0,0,0,0,0,0,0,0,0,0,0,0,2,0,0,2,0,0,0,0,0,0,0,0,0,0,0,0,0,0,2,0,0,0,2,2,0,0,0,0,2,0,0,0,0,2,2,0,0,0,0,2,0,2,0,0,0,0,0,0,0,0,0,0,0,0,0,0,0,0,0,0,0,0,0,2,0,0,2,0,0,0,0,0,0,2,0,0,0,0,0,0,0,0,0,2,2,0,0,0,0,2,0,0,0,0,0,0,0,0,0,0,0,0,0,0,0,0,0,0,0,0,2,2,0,0,0,2,2,0,0,0,0,0,0,0,0,0,0,2,0,0,0,2,0,0,0,0,0,0,0,0,0,2,2,0,2,0,0,2,0,0,0,2,0,0,0,2,0,0,0,0,0,0,0,0,0,0,2,2,2,0,2,0,2,0,0,0,0,0,0,0,0,0,2,0,0,0,0,0,0,0,0,0,2,0,2,0,0,0,0,0,0,0,0,0,0,0,0,0,0,0,0,0,0,2,0,0,0,0,0,0,0,0,0,0,0,0,2,0,2,0,0,2,0,0,0,0,0,0,0,0,0,0,0,0,0,0,0,0,0,0,2,2,0,0,0,0,0,0,0,0,0,0,0,2,2,0,0,2,2,0,0,0,0,0,0,2,0,0,0,0,2,0,0,0,0,2,0,0,0,0,0,0,0,0,0,0,0,2,0,0,0,0,0,0,0,0,2,2,2,0,2,0,0,0,0,2,2,0,0,0,2,0,0,2,0,0,0,0,0,0,0,0,0,0,2,0,0,2,0,2,0,0,0,0,0,0,0,2,0,0,2,2,0,0,0,2,0,0,0,2,0,0,0,NA,0,0,2,0,0,2,0,0,0,0,0,0,0,0,0,2,2,0,2,0,NA,0,0,0,0,0,0,0,0,0,0,0,0,0,0,2,2,0,0,0,0,2,0,0,0,0,0,2,2,0,0,0,0,0,0,0,0,2,0,2,0,2,0,0,0,0,0,0,0,2,0,0,2,0,0,0,0,0,0,0,2,0,0,0,0,0,0,2,0,0,2,0,0,0,0,0,0,0,0,2,0,2,0,2,2,0,0,2,2,2,2,0,0,0,0,0,0,0,0,0,0,0,0,0,0,0,0,2,0,2,0,0,0,0,0,0,0,0,0,0,0,2,0,0,0,2,2,0,0,2,0,0,0,0,2,0,0,0,0,0,0,0,0,0,0,2,0,0,0,0,0,2,2,0,0,0,0,0,0,2,0,0,2,0,2,0,0,0,0,2,0,0,0,0,0,0,0,0,0,0,2,2,0,0,NA,2,0,0,0,0,0,0,2,2,0,0,0,0,0,2,0,0,0,0,0,0,0,0,0,2,0,0,0,2,2,0,0,2,0,0,0,0,0,2,0,0,0,0,0,2,0,0,0,0,2,2,0,0,2,0,0,0,0,0,0,0,0,2,2,0,0,2,2,0,2,0,0,0,0,0,0,0,0,0,0,0,0,2,0,2,2,0,0,0,0,0,2,0,0,0,0,0,0,2,2,0,2,0,0,0,0,2,0,0,0,0,0,0,0,0,0,0,2,0,2,0,0,0,2,0,0,0,0,2,0,0,0,0,2,0,0,0,0,0,0,0,0,0,0,0,0,0,2,0,0,0,0,0,0,0,0,0,2,0,0,0,0,0,0,0,2,0,0,0,0,0,0,0,0,0,0,0,0,2,0,0,2,0,2,0,2,0,0,0,2,0,0,0,0,0,2,2,0,0,0,0,0,0,0,0,0,0,0,0,2,0,0,0,0,0,0,0,0,0,2,NA,0,0,0,0,0,0,0,0,0,0,0,0,0,0,2,0,0,0,0,0,0,0,0,0,2,0,0,0,0,0,0,0,0,0,0,0,2,2,0,0,0,2,0,0,0,0,0,0,0,0,0,0,0,0,0,0,0,0,2,2,0,0,0,0,2,2,0,0,2,0,0,0,0,0,0,0,2,0,0,0,0,0,2,0,0,0,0,2,0,0,2,0,0,0,0,0,0,0,2,0,2,0,2,0,0,0,0,0,0,0,2,0,0,0,0,0,0,0,0,0,0,0,0,0,0,0,0,0,0,0,0,2,0,2,0,2,0,0,0,0,0,2,0,0,0,0,0,0,0,0,0,0,0,0,0,0,0,0,2,0,0,0,0,0,0,0,0,0,0,2,0,0,0,0,0,0,0,0,0,0,0,0,0,0,0,0,0,0,0,0,0,0,0,0,0,0,0,0,0,0,0,0,2,2,0,0,0,0,0,0,0,0,0,0,0,0,0,0,0,0,0,0,0,0,0,0,2,0,0,0,0,0,0,2,0,0,2,0,0,0,0,0,0,2,0,0,0,0,0,0,0,0,0,2,0,0,0,0,0,0,2,0,2,2,2,0,0,0,0,0,0,0,0,0,0,0,0,2,0,2,0,0,0,0,0,0,0,0,0,0,0,0,0,0,0,0,0,0,0,2,0,0,0,0,0,0,0,0,0,0,0,0,0,0,0,0,0,0,2,0,0,0,0,0,0,0,0,0,0,0,0,0,0,2,0,2,2,0,0,0,0,0,0,0,0,0,0,0,0,0,0,2,0,0,0,0,0,0,0,2,0,0,0,2,0,0,2,0,2,0,2,2,0,0,0,2,0,2,0,2,0,2,0,0,2,2,0,0,0,0,2,0,2,0,2,0,0,2,0,0,2,0,0,2,2,2,0,0,0,0,0,2,2,0,2,0,2,0,0,0,0,0,2,0,0,0,0,2,0,0,2,0,2,2,0,2,2,2,0,0,2,0,0,2,2,0,0,0,0,0,0,0,0,0,0,2,2,0,0,0,0,0,0,2,0,0,0,0,0,2,0,0,0,0,0,2,0,0,0,0,0,0,0,0,2,0,0,2,0,0,0,0,0,0,0,0,0,0,0,2,2,0,2,2,0,0,0,0,2,0,0,0,2,0,0,0,0,0,0,0,0,0,0,0,0,0,0,0,0,0,0,0,2,0,2,0,0,0,0,0,0,0,2,2,0,0,2,0,0,0,0,0,0,0,2,0,0,0,0,0,0,0,0,0,0,2,0,0,0,0,0,0,0,0,0,0,0,0,0,2,0,0,0,0,0,0,0,0,0,0,0,0,0,0,2,0,0,0,0,2,0,0,0,0,0,0,0,0,0,0,0,0,0,0,2,0,0,2,0,0,0,0,0,0,0,0,0,0,0,0,0,0,2,0,0,0,0,0,2,0,0,0,0,2,0,0,0,2,2,0,0,0,0,0,2,0,0,0,0,0,0,0,0,0,0,2,2,0,NA,0,0,0,0,0,0,0,0,0,0,0,0,0,0,0,0,0,0,0,2,2,0,0,0,0,0,2,0,0,0,0,0,0,0,0,0,0,0,0,0,0,0,0,2,2,0,0,2,0,2,0,0,0,0,0,0,0,0,2,0,0,0,0,0,2,0,2,0,2,0,0,2,0,0,0,2,0,2,0,0,0,2,0,0,2,0,0,0,0,0,0,0,0,0,0,0,0,2,2,0,0,2,0,0,0,0,0,0,0,0,0,0,0,0,0,0,2,0,0,0,0,0,2,0,0,0,0,0,0,0,0,0,0,0,2,0,0,0,0,0,0,0,0,0,0,0,0,0,0,0,2,0,0,0,0,0,0,0,0,0,0,0,0,0,0,0,0,0,0,0,0,0,0,0,0,0,0,0,0,0,0,0,0,0,0,0,0,2,0,0,2,0,0,0,0,0,2,2,0,0,0,0,0,0,0,0,0,0,0,0,0,0,0,0,0,0,0,0,2,0,0,2,0,0,0,0,0,0,0,0,0,0,0,0,2,0,0,0,0,0,0,0,NA,0,0,2,0,0,0,0,0,0,0,2,0,0,0,0,0,2,0,0,0,0,0,0,0,0,0,0,0,2,0,0,0,0,2,0,0,0,0,0,0,0,0,0,0,0,0,0,2,0,0,0,0,0,0,2,2,0,0,0,2,0,2,0,0,0,0,0,0,2,0,2,2,0,2,0,2,2,2,0,2,0,0,2,2,0,0,0,0,0,2,0,0,2,0,0,2,0,2,0,0,2,0,2,0,0,0,0,0,0,0,0,0,0,0,0,2,0,0,2,0,0,0,0,0,0,2,0,0,0,0,0,0,0,2,2,0,2,0,2,0,0,0,2,0,2,2,0,0,0,0,0,0,0,0,2,0,2,0,2,0,0,0,0,2,0,0,2,0,0,0,2,0,0,0,0,0,0,0,0,0,0,0,0,0,0,0,0,0,0,0,0,2,0,0,2,0,0,0,0,0,0,0,0,2,0,0,0,0,0,0,2,0,0,0,0,0,0,0,0,0,0,0,0,0,0,0,0,0,0,0,0,0,0,0,0,2,0,0,0,0,0,0,0,0,0,2,0,0,0,0,2,2,0,0,0,0,0,0,0,2,2,0,2,0,0,2,2,0,0,2,0,0,2,0,0,0,2,0,0,0,2,0,0,0,0,0,0,0,2,2,2,0,2,0,0,0,2,0,2,0,0,0,2,2,0,2,0,0,0,0,2,0,0,0,2,0,0,0,0,2,0,0,2,2,0,0,0,0,0,0,0,0,0,0,0,0,0,0,0,0,2,0,0,0,0,0,0,0,2,0,0,0,0,0,0,0,0,0,0,0,0,2,0,2,0,0,0,0,0,0,2,0,0,2,0,2,0,0,2,2,0,0,0,0,0,2,0,0,0,0,0,2,2,2,2,0,2,0,0,0,0,0,0,0,0,0,0,0,0,0,0,0,2,0,2,0,0,0,0,2,0,0,0,0,NA,0,2,0,0,0,0,0,0,0,2,2,0,2,2,0,0,2,0,0,0,0,2,0,0,0,0,2,0,2,0,0,0,2,2,0,0,2,2,0,0,0,0,0,2,0,0,0,0,0,0,2,0,0,0,2,0,0,0,2,0,0,0,2,0,0,0,0,0,0,2,0,2,0,0,2,0,2,0,0,0,0,0,0,2,0,0,0,0,0,0,0,0,0,2,0,0,0,0,2,0,0,0,2,0,0,0,0,0,0,0,2,0,0,0,0,0,0,0,0,2,0,2,0,2,0,2,0,0,0,0,2,0,2,0,2,0,0,0,0,0,0,0,0,2,0,0,0,2,0,0,2,2,0,2,0,2,2,0,0,0,0,0,0,0,0,2,0,0,0,0,0,0,0,2,0,0,0,NA,0,0,0,0,0,0,0,0,0,2,2,0,0,0,0,0,2,2,2,2,0,0,2,0,0,0,0,2,2,0,0,0,0,2,2,0,0,0,0,0,2,0,0,2,0,0,0,2,0,2,0,0,0,0,0,0,0,0,2,0,0,0,0,0,0,0,0,2,0,0,0,0,0,0,0,2,0,0,0,2,0,0,2,0,0,0,0,0,0,0,0,2,2,0,0,0,2,0,0,0,0,0,0,0,0,0,0,0,0,2,0,0,0,0,0,2,2,0,0,0,0,0,0,0,0,0,0,2,0,0,0,0,0,0,0,0,0,2,0,0,0,0,0,0,0,0,0,0,0,0,0,0,0,0,2,0,0,0,2,2,0,2,0,2,0,0,2,0,0,0,0,0,0,0,0,0,2,0,0,2,0,0,0,0,0,0,2,0,0,0,0,2,2,0,2,0,0,0,0,0,0,0,0,2,0,0,0,0,0,2,0,0,0,0,0,0,0,0,0,0,0,0,0,2,0,2,0,0,0,2,0,0,0,2,0,2,0,2,0,0,0,0,0,2,2,2,2,0,2,2,0,2,0,2,2,2,0,2,2,0,2,0,0,2,0,0,2,0,0,0,2,2,2,0,0,0,0,2,2,0,0,0,0,2,2,0,0,0,0,0,0,2,0,0,2,2,0,2,2,2,0,2,2,0,2,0,0,0,0,2,0,0,0,0,0,0,0,0,0,0,0,0,0,0,0,0,2,0,0,0,0,0,0,0,0,0,2,0,0,2,0,2,0,2,2,2,0,0,0,0,0,0,0,0,0,2,0,2,0,2,0,0,2,0,0,0,0,0,0,0,0,2,2,0,0,2,0,2,0,2,0,0,0,2,0,0,0,0,0,0,0,0,0,0,0,0,0,0,0,0,0,0,0,0,0,2,2,0,0,0,0,0,0,0,0,2,0,0,0,0,2,0,0,0,2,0,0,0,0,0,0,0,0,0,0,2,0,0,0,0,0,0,0,0,0,0,0,0,0,0,2,0,0,2,0,0,2,0,2,0,0,0,0,0,2,2,0,0,0,0,0,0,0,0,2,2,0,2,0,0,0,0,2,0,2,0,0,0,0,0,0,0,0,2,0,0,0,0,0,0,0,0,0,0,0,0,0,0,0,0,0,0,0,0,2,0,0,0,0,0,0,0,0,2,0,0,0,0,0,0,0,0,0,2,0,2,0,0,0,0,0,0,0,0,0,0,0,0,0,0,0,0,2,0,0,0,0,0,0,2,0,2,0,2,2,0,2,0,2,2,0,2,0,2,0,0,0,0,0,0,0,0,0,0,0,0,0,0,0,0,0,0,0,0,0,0,0,0,0,0,0,2,2,0,0,0,0,0,0,0,0,0,0,0,0,0,0,0,0,0,0,0,0,0,2,0,0,0,2,0,0,2,0,0,0,NA,0,0,0,0,0,2,0,0,2,0,0,0,0,0,0,0,0,0,2,0,2,0,0,0,0,0,2,0,0,0,0,0,2,0,0,0,0,0,0,2,2,0,0,0,0,0,0,2,0,0,0,0,0,0,0,0,0,2,0,2,0,0,0,0,0,0,0,0,2,0,0,0,0,0,0,0,2,2,2,2,0,0,0,0,0,2,0,0,0,0,0,2,0,0,0,0,0,0,0,0,0,2,0,0,0,0,0,0,2,2,0,0,2,0,2,0,0,0,0,0,0,0,0,0,0,0,0,0,2,0,0,2,0,2,0,0,0,2,0,0,0,0,0,2,0,0,0,0,0,0,0,0,0,0,0,0,0,2,2,0,0,0,0,0,0,0,2,0,0,0,0,0,0,2,2,2,0,0,2,2,0,0,0,0,0,0,0,0,2,0,0,2,2,0,0,0,2,0,2,0,0,0,0,0,2,0,0,0,0,0,2,0,2,2,0,0,0,0,0,0,0,0,0,0,0,0,2,2,0,0,0,0,0,0,0,0,0,0,2,0,0,0,0,0,0,0,0,0,2,0,0,0,0,2,0,0,0,0,0,2,0,2,0,0,2,0,0,0,0,0,0,0,2,0,0,0,0,0,0,0,0,0,0,0,2,0,0,0,0,0,0,0,0,0,0,0,0,0,0,0,0,0,0,0,2,0,2,0,0,0,0,0,0,0,0,0,0,0,0,0,2,0,2,0,0,0,0,0,0,2,2,2,2,0,0,0,0,0,0,0,0,2,0,2,0,0,0,0,0,0,2,2,2,0,0,0,2,0,0,0,0,2,0,0,0,0,2,0,0,0,0,2,0,0,0,0,0,0,0,2,0,0,0,0,0,0,0,0,0,0,0,0,0,0,0,0,0,0,0,2,2,0,0,0,2,2,0,0,0,0,0,0,0,0,0,0,0,0,0,0,0,0,0,0,0,2,2,0,0,2,0,0,2,0,0,0,2,0,2,2,0,0,0,0,0,0,2,2,0,0,0,0,2,0,0,0,0,0,0,2,0,0,0,0,0,0,0,0,0,0,0,0,2,0,0,2,0,0,0,0,2,0,2,0,2,0,0,2,0,0,2,0,0,0,0,2,0,0,2,0,0,0,0,0,0,2,0,0,0,0,0,0,0,2,2,2,0,0,0,0,0,0,0,0,2,0,0,0,0,2,0,0,0,2,2,0,0,2,0,0,2,0,0,0,0,0,0,2,2,0,0,0,0,0,0,0,2,0,0,0,0,0,2,0,0,0,0,0,0,0,0,0,0,0,0,0,2,0,0,0,0,0,0,0,0,0,0,2,0,2,0,2,2,0,0,0,2,2,2,0,0,2,2,2,2,2,2,0,0,0,0,0,2,0,0,0,0,0,0,0,2,0,0,2,0,0,0,0,0,2,0,0,2,0,2,0,0,0,0,0,0,0,0,2,2,0,2,0,0,0,0,0,2,2,2,0,0,0,0,0,0,0,0,2,0,0,0,0,0,0,0,0,0,0,0,0,2,0,0,0,2,2,0,0,2,0,0,0,0,0,0,0,2,0,2,2,0,0,0,0,0,2,0,0,0,2,0,0,0,0,0,0,0,0,0,2,0,0,0,0,2,0,0,0,0,0,0,0,0,2,0,0,0,2,0,0,2,0,0,0,0,0,0,0,0,2,0,0,0,0,0,0,0,0,0,0,0,0,0,0,0,0,0,0,0,0,0,0,0,0,0,0,0,2,2,0,0,0,0,0,0,0,2,0,0,0,0,0,0,0,0,0,0,0,0,0,0,0,2,0,0,0,2,0,0,0,0,0,2,0,0,0,0,0,0,0,0,0,0,0,0,0,0,0,0,0,0,0,0,0,0,0,0,0,0,0,0,0,0,0,0,2,0,0,2,2,0,0,0,0,2,0,0,0,0,0,0,0,2,2,0,0,0,0,0,0,2,0,0,0,0,2,0,0,0,0,0,0,2,0,0,0,0,0,0,0,0,0,0,2,2,0,0,0,0,0,0,0,0,0,0,0,0,0,0,0,0,2,0,0,0,0,0,0,0,2,0,2,0,0,0,0,2,0,0,0,0,0,0,0,0,0,0,0,0,0,0,0,0,0,0,0,0,0,0,0,0,2,0,2,0,0,0,0,2,0,0,0,0,0,2,0,0,2,0,0,0,0,0,0,0,0,0,0,2,0,0,0,0,0,0,2,2,0,0,0,0,0,0,0,2,0,0,0,0,0,0,0,0,0,0,0,2,2,0,0,0,0,0,0,0,0,0,0,0,0,0,0,0,0,0,0,0,0,0,0,0,0,0,0,0,0,0,0,0,0,0,0,0,0,0,0,0,0,0,0,0,0,0,0,0,0,0,0,0,0,2,0,0,2,0,0,0,0,0,0,0,0,0,2,0,0,0,2,0,2,0,0,0,0,0,0,0,0,0,0,0,0,0,0,0,0,0,0,0,2,0,0,0,0,0,0,0,0,0,0,2,0,0,2,0,0,0,0,0,0,0,0,2,0,0,2,0,0,0,0,0,0,2,0,2,0,0,0,2,0,0,0,0,0,2,2,2,0,0,2,2,0,2,0,0,0,2,0,0,2,0,0,0,0,0,0,2,2,0,0,0,0,0,0,0,0,0,0,0,0,0,0,0,0,0,2,0,0,0,0,0,0,0,0,0,0,2,0,0,0,0,0,2,2
"CC52",0,0,2,0,0,0,0,0,0,0,2,0,0,0,0,0,2,2,0,0,2,0,0,2,0,0,0,0,0,2,0,0,0,0,0,0,0,0,0,2,0,0,0,0,0,0,0,2,0,0,0,0,0,0,0,2,2,0,0,0,0,2,0,2,0,0,0,0,0,0,2,2,0,0,0,0,0,0,0,0,0,2,0,0,0,0,0,0,2,0,0,0,0,0,0,2,0,0,0,0,0,0,0,2,0,0,0,0,0,0,2,2,0,0,0,0,0,0,0,2,0,0,0,0,0,0,0,2,2,0,2,0,0,0,0,0,0,0,0,0,0,0,2,0,0,0,0,2,2,2,2,0,0,0,0,0,0,0,0,0,0,0,0,2,2,0,0,0,2,0,0,2,0,0,0,0,0,0,0,0,2,0,0,0,2,0,0,2,0,0,0,0,2,0,2,2,2,0,0,0,0,0,0,0,0,0,0,2,2,0,2,0,0,0,0,2,0,0,2,2,0,0,2,0,2,2,0,0,0,2,0,0,0,0,0,0,2,0,0,0,0,0,0,0,0,2,2,0,0,0,0,0,0,0,0,0,0,0,0,0,2,0,0,0,0,0,0,2,0,0,0,0,0,0,2,0,2,2,2,0,2,0,0,2,0,0,0,2,0,0,0,2,2,0,0,2,0,2,2,2,0,0,0,0,2,0,2,0,2,0,0,0,0,2,0,0,0,2,0,2,0,0,2,0,0,0,0,0,2,0,0,0,0,0,0,0,0,0,2,0,0,0,0,0,0,0,0,0,0,0,2,2,0,0,2,0,0,0,0,0,0,0,0,0,0,0,0,0,0,0,0,0,0,0,0,0,0,0,0,0,2,0,0,0,0,0,0,0,0,0,0,2,0,0,0,0,0,0,0,0,0,0,0,0,0,0,0,0,0,0,0,2,0,0,0,0,0,2,0,0,0,0,0,0,0,2,0,0,0,2,2,0,0,2,0,2,0,0,0,0,0,0,0,0,0,0,0,0,0,0,0,0,0,0,0,0,0,0,0,0,0,0,0,0,0,0,0,2,0,2,0,0,0,0,0,2,0,2,0,2,0,0,0,0,2,2,2,0,2,2,0,0,0,2,0,0,2,0,0,2,0,0,0,0,0,0,0,0,0,0,0,2,2,0,0,0,0,0,0,0,0,2,0,0,0,0,0,NA,0,0,0,0,0,0,0,2,0,2,0,2,0,0,0,0,0,NA,2,0,0,2,0,0,0,2,0,0,0,2,2,0,0,0,0,2,0,0,2,0,0,0,0,2,0,0,0,0,0,0,2,0,0,0,0,2,0,0,0,0,0,0,0,0,0,0,2,0,2,0,0,0,2,0,0,0,2,2,2,2,2,0,0,0,0,0,0,0,2,0,0,0,2,0,0,0,0,0,0,0,2,0,0,0,2,2,0,0,0,2,0,0,0,0,0,0,2,0,0,2,0,2,0,0,0,0,2,0,0,0,0,0,0,0,0,0,0,0,0,0,0,0,2,0,2,0,0,0,0,0,0,0,0,2,0,0,2,0,0,0,0,0,2,2,0,0,0,0,0,0,0,0,0,2,0,0,0,0,0,0,0,0,0,0,0,0,0,0,0,0,2,0,0,0,0,0,0,2,0,0,2,0,0,0,0,0,0,0,0,0,0,0,0,0,0,0,0,0,0,0,0,0,0,0,0,0,0,0,0,0,0,0,2,0,2,2,0,0,2,0,0,0,0,0,0,0,0,0,2,2,0,0,0,0,0,2,0,0,0,0,0,0,0,0,0,0,0,0,0,0,0,0,0,0,0,0,0,0,0,0,0,0,2,0,0,2,0,0,0,0,0,0,0,2,2,0,0,0,2,0,0,0,0,0,0,0,0,2,0,0,0,0,0,2,0,0,0,0,0,2,0,0,0,0,2,2,2,0,0,0,0,0,0,0,0,0,0,0,0,2,0,0,0,0,0,0,0,0,0,0,0,NA,0,2,0,0,0,0,0,0,0,0,0,0,0,2,0,0,0,0,0,0,0,0,2,0,0,0,0,0,0,0,0,0,NA,0,0,0,0,0,0,0,0,2,2,2,0,2,2,0,0,2,0,0,0,0,2,2,0,0,0,2,0,0,0,2,2,0,0,0,0,0,2,0,0,0,0,0,2,0,0,0,0,0,0,0,0,2,0,0,0,2,0,0,0,0,0,0,0,2,0,0,0,0,0,0,2,0,0,0,0,0,2,0,0,2,0,0,0,0,0,0,0,0,0,0,0,2,0,0,2,0,0,0,0,0,0,2,0,0,2,0,0,0,2,0,NA,0,0,0,0,2,2,0,0,0,2,0,0,0,0,0,0,0,0,0,0,0,0,0,2,2,0,0,0,0,NA,0,0,0,0,2,0,0,2,2,0,0,0,0,2,0,0,0,0,0,0,0,2,2,0,0,0,0,0,0,0,0,2,0,0,0,0,2,0,2,0,0,0,0,0,NA,0,2,2,0,0,0,NA,2,2,0,0,0,0,2,0,0,0,0,2,2,0,0,2,0,0,0,2,0,0,2,0,0,0,0,0,0,0,2,2,2,0,2,0,2,2,0,2,0,2,2,2,0,2,0,2,0,0,2,2,0,0,0,0,2,0,2,0,0,0,2,0,2,0,0,0,0,0,0,0,0,0,2,0,0,0,0,0,0,2,0,0,0,0,0,0,2,0,0,0,0,0,2,0,2,0,NA,0,0,0,2,0,0,0,0,2,0,0,2,0,0,0,2,0,0,0,0,0,0,0,0,0,0,0,0,0,0,2,0,0,0,2,2,2,0,0,0,2,2,2,2,2,0,0,0,0,0,2,0,0,0,2,0,0,2,2,0,0,0,2,0,0,0,0,2,2,2,0,0,2,0,2,2,2,0,2,2,0,0,0,2,0,0,2,2,2,0,0,0,0,0,0,2,2,0,0,0,0,0,0,0,0,2,0,0,0,0,0,0,2,0,2,0,2,0,2,0,0,0,0,0,0,2,0,0,0,2,0,0,0,2,0,0,0,2,0,0,0,2,0,0,0,0,0,0,0,2,2,0,0,0,0,0,2,0,2,0,0,0,0,2,2,0,0,0,2,0,0,NA,2,0,0,0,0,2,2,0,0,0,0,2,0,2,0,0,0,0,0,0,0,0,0,0,0,0,0,0,0,0,2,0,0,0,0,2,2,0,0,2,2,0,0,0,0,2,0,0,2,0,0,2,2,0,2,2,2,0,2,0,NA,0,0,0,2,0,0,0,2,0,0,0,0,0,0,0,0,2,0,0,0,2,2,0,0,0,2,0,0,0,0,0,0,0,0,0,2,0,0,0,0,0,0,0,0,2,0,0,0,0,0,0,0,0,2,0,2,0,0,0,2,0,0,2,0,0,2,2,0,0,0,0,0,0,0,0,0,2,0,2,0,2,2,0,2,0,2,0,0,0,0,0,0,0,0,0,0,0,0,0,0,0,0,0,0,0,0,0,0,0,0,2,2,0,2,0,0,0,0,2,2,0,0,0,0,2,0,2,2,0,0,0,0,0,2,0,0,0,0,0,0,0,0,0,0,2,0,0,0,0,0,2,0,0,0,2,0,0,2,0,0,0,0,2,2,0,0,0,0,0,0,2,0,0,0,0,0,0,0,0,0,2,0,0,0,2,0,0,2,0,0,0,2,0,2,0,0,0,0,2,0,0,0,0,0,0,2,0,0,0,0,0,0,2,0,0,0,0,2,2,0,2,0,2,0,0,0,0,0,2,0,0,0,0,2,0,0,0,0,0,2,0,2,0,2,0,0,0,0,0,2,2,0,0,2,0,0,0,0,0,0,0,0,0,0,0,0,0,0,0,0,0,2,0,0,0,2,0,2,0,0,0,2,2,2,0,0,0,0,0,0,0,0,0,2,0,0,0,0,0,0,0,2,0,0,0,0,0,NA,0,0,0,0,2,0,0,0,2,2,2,0,0,0,2,0,0,0,0,NA,2,0,0,2,0,0,0,0,0,0,0,0,0,2,0,0,0,0,0,0,0,2,0,0,0,0,2,0,0,0,2,0,0,0,2,2,2,0,2,0,0,0,0,0,0,2,2,0,0,0,2,0,2,0,0,0,2,0,0,0,0,0,0,2,2,2,0,2,0,0,2,0,0,0,0,2,2,0,0,0,0,0,0,0,0,0,2,0,0,0,0,0,0,0,0,0,0,0,0,0,0,0,2,0,0,0,0,0,0,0,0,0,0,2,2,2,0,0,0,0,0,0,0,0,2,2,0,0,0,0,0,0,0,0,0,0,2,0,2,0,0,0,2,0,0,2,0,0,0,2,0,0,0,0,0,0,0,0,0,2,0,NA,0,0,0,0,0,2,0,0,0,0,0,2,0,0,0,0,0,2,0,0,2,0,0,0,0,0,0,0,0,0,0,0,0,0,0,0,0,0,0,0,2,2,0,0,0,0,0,0,0,0,0,0,0,0,0,2,0,2,2,2,0,0,0,0,0,0,0,0,0,0,2,2,0,0,0,0,0,2,0,0,0,2,0,0,2,0,0,0,0,0,0,0,0,0,0,0,0,0,0,0,2,2,2,0,0,0,0,0,0,0,0,0,0,0,0,2,0,0,0,0,0,0,0,0,0,0,0,0,2,0,0,0,0,2,0,0,0,0,0,0,0,2,0,0,0,0,0,2,0,0,0,2,0,0,0,0,2,0,2,0,0,0,0,0,0,0,0,0,0,2,0,0,0,0,0,2,0,2,0,2,0,0,0,0,0,0,0,0,0,0,0,0,2,0,2,0,0,2,0,0,0,2,0,0,0,0,2,0,0,2,0,0,0,2,2,0,0,0,0,0,0,0,0,2,2,0,0,0,0,0,0,2,0,2,2,2,0,0,0,0,0,0,2,2,0,0,0,0,0,0,0,2,0,0,0,0,0,0,2,0,2,0,0,2,2,0,0,0,0,0,2,2,0,0,2,0,0,0,0,2,0,0,0,0,0,0,0,2,0,0,0,0,0,0,0,0,0,0,0,2,0,0,0,0,0,0,0,0,0,2,0,2,2,2,0,0,0,0,0,0,0,0,2,0,0,2,2,0,2,0,0,0,0,0,2,2,0,0,0,2,0,0,0,0,0,2,0,2,2,0,2,0,2,0,0,0,2,2,0,2,0,0,0,0,2,0,2,0,0,0,0,0,0,0,0,0,0,0,0,0,0,2,0,0,2,0,0,0,0,0,2,0,0,0,2,0,0,0,0,0,0,0,0,0,2,0,0,0,2,0,2,0,0,2,0,0,2,2,2,0,0,0,0,0,0,0,2,0,0,0,0,0,0,0,0,0,0,2,2,0,0,0,0,0,2,0,0,0,0,2,0,0,0,0,0,2,2,0,0,0,2,0,0,0,0,0,0,2,2,0,0,0,0,0,0,NA,NA,0,0,0,0,0,0,0,0,0,0,0,NA,0,0,2,0,0,2,0,2,0,0,0,0,0,0,0,0,0,0,0,2,0,0,0,0,0,0,0,2,0,0,2,2,0,0,0,0,0,0,0,0,2,0,2,0,0,0,0,0,0,0,0,0,0,0,2,0,2,0,0,0,0,0,0,0,0,0,0,0,2,0,0,0,0,0,0,0,0,2,0,0,0,2,2,0,0,0,0,0,0,0,2,2,0,0,0,0,2,0,0,2,0,0,2,0,0,2,0,2,0,2,0,0,0,0,2,2,0,2,0,0,0,2,0,0,0,0,0,2,0,0,0,0,0,0,0,0,0,0,2,0,0,2,0,0,2,0,0,0,0,0,0,2,0,0,0,0,0,0,2,2,0,2,0,2,0,2,0,0,2,0,0,0,2,0,0,2,0,0,2,2,0,0,0,0,0,2,0,0,2,2,2,0,0,0,0,0,0,0,0,0,0,0,0,2,0,0,0,0,0,0,0,0,0,0,0,0,2,0,0,0,0,0,0,0,0,0,0,0,0,2,0,0,2,0,0,0,2,NA,0,2,0,0,0,2,0,2,0,0,2,0,0,0,0,0,0,2,2,0,0,0,0,0,0,0,0,0,0,0,0,0,2,2,0,0,2,0,0,2,0,0,0,0,0,0,0,2,0,0,0,0,0,0,2,0,0,0,0,2,0,0,0,0,0,0,0,0,0,0,2,2,0,0,0,2,NA,2,0,0,0,0,0,0,0,0,2,2,0,0,0,2,0,0,0,0,0,0,0,NA,0,0,2,0,0,0,2,0,0,0,2,0,0,0,0,0,2,0,0,2,0,0,2,2,2,0,0,0,0,0,2,0,0,2,0,0,2,0,0,0,0,0,0,0,0,0,0,0,0,0,2,0,0,0,0,2,0,0,2,0,0,0,0,0,2,0,NA,0,0,2,0,2,0,2,0,2,0,2,0,2,0,0,0,0,0,0,0,0,0,0,0,0,0,2,0,0,0,2,0,0,0,0,0,0,0,0,2,0,0,0,0,0,0,0,2,2,0,2,2,0,0,0,0,0,0,2,0,0,0,0,0,0,0,2,2,0,2,0,2,0,0,0,2,0,2,2,0,0,0,2,0,0,0,0,0,0,2,0,0,2,0,0,0,0,0,2,0,0,0,0,0,0,2,0,0,0,0,0,0,0,0,0,2,0,0,0,0,0,0,0,0,0,2,0,2,2,0,0,0,2,0,0,0,0,2,0,0,0,0,2,0,0,0,0,0,2,2,0,0,2,0,0,2,0,0,0,0,0,2,0,0,2,0,0,2,2,2,0,2,0,0,0,0,0,0,2,0,2,0,0,2,0,0,2,0,0,0,0,0,0,0,0,2,2,0,2,0,0,0,0,0,0,0,0,0,0,2,0,0,0,0,0,0,0,0,0,0,0,2,2,2,0,2,2,0,0,0,0,2,0,0,0,2,2,0,0,2,0,0,0,0,0,0,2,2,2,0,0,0,2,0,0,0,2,0,0,0,0,0,0,0,0,0,0,0,0,2,0,0,0,2,0,0,2,2,0,0,0,2,0,0,0,0,2,2,0,0,0,0,0,0,0,0,0,2,0,0,0,0,0,0,0,0,0,0,2,0,0,2,2,0,0,0,0,0,2,2,0,0,0,0,2,2,0,0,0,2,0,0,0,0,0,0,0,0,0,0,0,0,0,0,0,0,0,2,0,0,0,0,2,0,0,0,0,2,0,0,0,0,0,0,0,0,0,2,0,0,2,2,0,0,2,0,0,0,0,2,2,2,0,2,0,0,2,2,0,0,0,0,0,0,0,0,0,0,2,0,0,0,0,0,0,0,0,0,0,0,0,0,0,0,0,2,0,0,2,0,0,0,0,2,0,0,0,0,0,0,0,0,2,0,2,0,0,0,0,0,0,2,0,0,0,0,0,2,0,0,2,2,0,0,0,0,2,2,0,0,2,0,2,0,0,0,0,2,0,2,0,0,0,0,2,0,2,2,2,2,0,0,2,0,0,0,0,0,0,2,2,0,0,0,0,0,0,0,0,0,0,2,0,0,0,2,0,0,0,0,0,2,0,0,0,0,0,2,0,2,0,2,0,0,0,0,2,0,2,0,0,0,0,0,0,2,0,2,0,0,0,0,0,0,0,0,2,0,0,0,0,0,0,2,0,0,0,0,2,0,0,0,0,2,0,0,0,0,0,2,2,0,0,0,0,0,2,0,0,0,0,0,0,0,0,0,0,0,2,0,0,0,0,2,0,2,0,0,0,2,0,0,0,2,0,2,0,0,2,0,0,0,0,0,0,0,0,0,2,0,0,0,2,0,0,0,0,2,0,2,0,0,2,0,0,2,0,0,0,0,NA,0,0,0,0,2,0,0,0,0,0,2,2,0,0,2,0,0,2,2,0,0,2,0,0,0,0,2,0,0,0,0,0,2,0,0,0,0,0,0,0,0,0,0,0,0,2,2,0,0,0,0,0,0,2,0,0,2,0,0,0,0,2,0,2,0,0,0,2,0,0,0,2,0,2,2,0,2,0,0,0,0,2,2,0,0,2,2,2,2,2,0,0,0,0,2,0,0,2,0,0,2,0,0,0,0,0,0,0,0,0,0,0,0,0,0,0,0,0,0,0,0,0,0,0,0,0,0,0,2,0,0,0,0,0,0,0,2,2,0,0,0,2,0,0,0,0,0,0,2,0,0,0,0,2,0,0,2,0,0,0,0,0,0,0,0,0,0,2,0,0,0,0,0,0,0,0,0,0,0,0,0,0,0,0,0,0,0,0,0,0,0,0,0,0,0,0,0,0,0,0,0,0,0,0,0,0,0,0,0,0,0,0,2,0,2,NA,2,0,0,0,0,0,0,2,2,0,0,0,0,0,2,0,0,0,0,0,0,0,0,0,0,2,2,0,0,0,0,2,0,0,0,0,0,0,0,2,2,0,0,0,0,2,2,0,0,2,0,0,0,0,0,0,2,0,2,0,0,2,0,0,0,0,0,0,0,0,0,0,2,0,0,0,0,0,0,0,0,0,0,0,2,0,2,2,0,2,0,0,0,2,0,0,0,0,0,0,0,0,0,0,0,2,0,0,0,0,0,0,0,0,0,2,0,0,0,0,0,2,0,2,2,0,0,0,2,0,0,2,0,0,0,2,0,0,2,0,0,0,0,2,2,0,0,0,0,0,0,0,0,0,2,0,0,0,0,0,0,0,0,0,0,0,2,2,0,0,0,0,0,0,0,0,0,2,0,2,0,0,0,0,0,0,0,0,0,0,0,0,0,2,0,0,0,0,0,0,0,0,0,0,0,0,0,0,0,0,0,0,2,0,2,0,0,0,0,0,0,0,0,0,0,0,0,0,0,0,0,2,0,0,2,0,0,0,0,0,2,2,0,2,0,0,0,2,2,0,0,0,2,0,0,0,0,0,0,0,0,0,0,2,0,0,0,0,0,0,0,0,0,0,0,0,0,0,0,0,2,0,0,0,0,2,0,0,2,0,0,0,0,0,0,0,0,0,0,0,0,0,0,2,0,0,0,2,0,0,0,0,0,0,2,0,0,0,0,0,0,2,0,2,0,0,0,0,0,0,0,0,2,0,0,2,0,0,0,0,0,0,0,0,2,0,NA,2,0,0,0,0,0,0,0,2,0,0,0,0,0,0,2,0,0,0,0,0,0,0,0,2,2,0,0,0,0,0,0,0,0,0,0,2,0,2,0,0,0,0,0,2,2,2,2,0,0,0,0,0,2,2,0,0,0,0,2,0,0,0,0,0,0,0,0,0,2,0,0,0,0,0,0,2,2,0,0,2,0,2,0,0,0,0,0,0,0,0,0,0,0,0,2,2,0,0,0,0,2,0,0,0,2,0,0,0,0,2,2,0,0,0,0,0,0,0,2,0,0,0,0,0,2,2,0,0,0,0,0,0,0,2,0,0,0,0,0,0,2,0,0,2,0,2,0,0,2,0,0,0,0,0,0,2,0,0,2,0,2,0,0,2,0,2,0,0,2,0,0,2,2,0,2,2,0,2,0,0,0,0,0,0,0,0,0,0,0,2,0,0,0,2,0,0,0,0,0,0,2,0,2,0,0,0,0,2,0,0,2,2,0,0,0,2,2,0,0,0,2,0,0,0,2,0,2,2,2,0,0,0,0,0,2,0,0,0,0,0,0,2,0,2,0,2,0,2,2,0,0,2,0,0,2,0,0,0,2,0,0,0,0,0,0,0,0,0,0,0,0,0,0,2,0,0,0,0,0,0,0,0,0,0,0,2,0,2,0,0,2,2,0,0,0,2,0,0,0,0,2,0,2,2,0,2,0,2,0,0,0,0,0,0,0,0,0,0,2,0,0,2,0,0,0,0,0,2,0,0,2,2,2,0,2,0,0,0,2,0,2,0,0,0,0,0,2,0,0,0,0,0,0,0,0,0,0,0,0,0,0,0,0,2,0,0,0,2,0,0,0,2,2,0,0,0,0,2,0,0,0,0,0,0,0,0,0,0,0,0,0,2,0,2,0,0,2,0,0,0,0,0,0,2,0,2,0,0,2,0,0,0,0,0,0,0,2,2,0,2,0,0,0,0,0,0,2,0,0,0,0,0,0,2,2,2,0,0,0,2,0,0,0,0,0,2,0,2,0,0,0,2,0,0,0,0,0,0,0,0,0,2,0,2,0,2,2,0,0,2,0,2,0,0,0,0,0,0,0,0,0,0,2,0,0,0,0,0,0,0,0,0,0,0,2,0,2,0,0,0,0,0,0,0,2,0,0,0,0,0,2,2,0,0,0,0,0,0,0,0,0,0,0,0,0,0,0,0,0,2,0,0,0,0,0,0,2,0,0,0,2,0,0,2,0,2,0,0,0,2,0,0,0,0,2,0,0,0,0,0,0,0,0,2,0,2,0,0,0,2,0,0,0,0,0,0,0,2,0,2,0,0,0,0,0,0,0,2,0,0,0,0,0,0,0,0,2,0,0,0,0,2,0,0,0,0,0,0,0,0,0,2,0,0,0,0,2,0,0,2,0,0,0,0,0,0,0,0,2,0,2,0,0,0,0,0,0,0,0,0,0,0,2,2,0,0,0,2,2,0,0,0,0,0,0,2,0,0,0,0,0,0,0,0,0,0,0,0,2,0,0,0,2,0,0,0,0,0,0,0,0,0,0,0,0,0,0,0,0,0,0,0,0,2,0,2,0,0,0,0,2,0,0,2,0,0,0,2,0,0,0,0,0,0,0,2,0,2,0,0,0,0,0,0,0,0,0,0,2,2,0,0,0,0,2,2,0,0,0,2,2,0,0,0,0,0,0,0,0,0,0,0,0,0,0,0,0,0,0,0,0,0,0,0,0,2,0,0,0,2,0,0,0,0,0,2,0,0,0,0,0,0,0,0,0,0,0,0,0,0,0,0,0,0,0,0,0,0,0,0,0,0,0,0,0,2,0,0,2,0,0,0,2,0,0,0,0,0,2,0,0,0,0,0,0,2,2,0,0,0,2,0,0,0,0,0,0,0,2,0,0,0,0,0,0,0,0,0,0,0,0,0,0,0,0,0,0,0,0,0,0,0,2,NA,0,0,0,0,0,0,2,0,0,0,2,0,0,0,0,0,0,0,2,0,0,0,2,0,0,2,0,0,0,0,0,0,0,0,2,0,0,0,2,0,2,0,0,2,0,0,0,0,0,2,0,0,0,0,0,0,0,2,2,0,0,0,0,0,0,0,2,0,0,0,0,0,0,0,0,0,2,2,0,0,0,0,0,0,0,0,0,2,0,0,0,0,0,0,2,2,0,0,2,2,0,0,0,0,0,0,2,0,0,2,2,0,0,0,0,0,2,0,0,0,0,0,0,0,0,2,0,0,0,2,2,0,0,0,0,0,0,0,0,0,0,0,0,0,2,2,0,0,0,0,0,2,0,0,0,2,0,0,0,0,0,0,0,0,0,0,0,0,0,2,0,0,0,0,0,0,0,2,2,0,0,0,2,0,0,0,2,0,0,0,0,0,2,0,0,0,0,0,2,0,NA,0,0,0,2,0,0,0,0,0,0,0,2,0,0,0,2,0,0,0,0,0,0,0,2,0,0,0,0,0,0,2,0,2,0,0,0,0,0,0,0,0,0,2,2,2,0,0,0,2,0,2,0,0,0,2,0,0,2,0,0,0,0,0,0,2,0,0,0,2,2,0,0,0,0,0,0,0,NA,0,0,0,0,0,2,0,0,0,0,0,0,0,0,2,0,2,0,0,0,0,0,0,0
"CC54",2,2,0,0,0,0,0,0,0,0,0,2,0,2,2,2,0,0,0,0,0,2,0,0,0,0,0,0,0,0,2,2,0,0,0,2,0,0,0,0,0,0,0,0,0,0,0,0,0,0,0,0,0,0,0,0,0,0,0,0,0,0,0,0,2,0,0,0,0,0,0,0,0,0,0,0,0,0,0,2,0,0,0,0,0,0,0,0,2,0,0,2,0,0,0,2,0,0,0,0,2,2,0,0,2,2,0,0,0,0,0,0,2,0,0,0,0,0,0,2,0,0,0,2,0,2,0,0,0,0,0,0,0,0,0,0,0,0,0,0,0,0,0,2,0,0,0,2,0,0,2,0,0,0,0,2,0,0,0,0,0,0,0,0,0,0,0,0,0,0,0,0,0,0,0,0,0,0,0,0,0,0,2,0,0,0,0,0,0,0,0,2,0,0,2,0,0,2,NA,0,2,0,0,0,0,0,0,0,0,0,0,0,0,0,0,2,2,0,0,0,2,0,0,0,2,2,0,2,0,0,0,0,2,0,2,0,2,2,2,0,0,0,0,0,2,0,2,0,2,0,0,0,2,0,0,2,0,0,0,0,0,0,0,2,0,0,2,0,0,2,0,0,0,2,0,0,0,0,0,0,0,0,0,0,0,0,0,2,0,0,0,0,0,2,0,0,2,0,0,0,0,2,0,2,0,0,0,2,0,0,0,2,0,0,0,0,0,2,0,0,0,2,0,0,0,0,0,0,0,2,0,2,2,0,0,0,0,0,2,0,0,0,0,2,0,0,0,0,0,0,0,2,0,0,0,2,0,0,2,0,2,2,0,2,0,0,2,0,0,0,0,0,2,0,0,0,2,0,0,0,0,0,0,0,0,0,2,0,0,2,0,0,0,0,0,0,0,2,2,0,0,0,0,0,0,0,0,0,0,2,0,0,0,0,0,2,0,0,0,0,0,0,0,0,0,2,2,2,2,0,0,0,0,0,0,0,0,0,2,0,0,0,0,0,0,2,0,0,0,0,0,0,0,0,0,0,0,0,0,0,0,0,2,0,0,0,0,2,0,0,0,0,0,0,0,2,0,0,0,2,0,0,0,2,0,0,2,0,0,0,0,0,0,0,2,2,2,0,0,0,0,0,0,2,0,0,0,0,2,0,0,2,2,0,0,0,2,0,0,0,0,2,0,0,0,0,0,2,0,0,0,2,0,0,2,2,0,2,2,0,0,0,2,0,0,0,0,0,0,2,2,0,2,2,0,2,0,0,2,0,2,0,0,0,0,0,0,0,0,2,0,0,0,0,2,0,0,2,0,0,0,0,0,2,2,0,0,0,2,0,0,2,0,2,2,0,0,2,0,0,2,0,2,0,0,0,2,2,0,0,0,0,0,2,2,0,2,0,0,0,0,0,0,0,0,0,0,0,2,0,2,0,0,2,0,0,0,0,0,0,0,0,2,0,2,2,0,0,0,2,2,0,0,0,2,0,0,0,0,0,2,0,0,2,2,0,0,0,2,0,0,0,2,0,0,0,2,0,0,0,0,0,0,0,2,0,0,0,0,0,0,0,0,0,2,0,2,0,0,0,0,2,0,0,0,2,2,0,0,0,0,2,0,2,2,0,2,0,2,0,0,0,0,0,2,0,0,0,0,0,2,2,0,2,0,0,0,0,0,0,0,0,2,0,0,0,0,2,0,0,0,0,0,0,0,0,0,0,2,0,2,0,0,2,0,0,0,0,0,0,0,0,0,0,0,0,0,0,0,0,0,2,0,2,0,0,0,0,0,0,0,0,0,0,2,2,0,0,0,0,0,0,0,0,0,0,0,2,0,0,2,0,0,0,0,0,0,0,0,0,0,0,2,2,0,0,2,0,0,0,2,0,0,0,0,0,0,0,0,2,2,0,0,0,0,0,2,0,0,0,0,0,0,0,2,0,2,0,0,2,2,2,2,0,0,0,2,2,2,2,2,0,2,0,0,0,0,2,0,0,0,0,0,2,0,0,0,0,0,2,0,0,0,0,2,0,2,2,0,0,0,0,0,0,2,0,0,2,0,0,0,0,NA,0,0,0,0,0,0,0,2,2,2,2,0,0,0,0,0,0,0,0,0,0,2,0,0,0,0,2,0,0,0,2,0,0,0,0,0,2,0,0,2,2,0,0,0,0,0,0,0,0,0,0,2,0,0,0,0,2,0,0,0,0,0,2,0,0,0,0,0,0,2,2,0,0,0,0,0,0,0,2,2,2,0,0,0,2,0,0,2,2,0,0,0,2,2,0,2,0,0,0,0,0,0,0,0,0,0,0,0,0,0,0,NA,0,0,0,0,0,0,0,0,0,2,0,0,0,2,2,2,2,0,0,2,0,0,2,0,2,2,0,0,0,0,0,0,2,0,2,0,0,2,2,0,0,2,0,2,0,0,0,2,0,2,0,2,2,0,0,0,0,0,0,2,0,0,2,0,0,0,2,0,0,0,0,0,0,0,0,2,0,2,2,0,0,0,0,0,0,0,0,0,0,0,0,0,0,0,2,0,0,0,2,0,0,0,2,0,2,0,0,0,0,0,0,0,0,0,0,0,2,0,2,0,0,0,0,0,0,0,0,2,0,2,0,0,2,2,0,0,0,0,2,0,0,0,2,0,0,0,0,0,0,0,2,0,0,0,0,2,0,0,2,0,2,0,0,0,0,0,0,0,0,0,2,0,0,0,0,0,0,0,2,0,0,2,0,0,0,0,0,0,0,0,2,0,2,0,0,0,0,0,0,0,0,0,0,0,0,0,0,0,0,0,0,0,0,0,0,0,2,2,0,2,0,0,2,0,2,0,0,0,0,0,0,0,0,2,0,0,0,0,0,2,0,0,0,0,0,2,2,0,0,2,2,0,0,0,0,2,2,0,0,2,0,NA,0,0,0,0,0,2,0,0,0,0,0,0,0,0,0,2,0,0,0,0,0,0,0,0,0,0,0,0,0,0,2,0,0,0,0,0,0,0,0,0,0,2,0,0,0,2,0,0,2,0,0,0,0,0,0,0,0,0,0,0,2,0,0,0,0,0,2,0,0,0,2,0,0,0,0,2,0,0,0,0,0,0,0,NA,0,0,0,2,0,0,2,0,0,0,0,0,0,0,0,0,0,0,0,0,0,0,0,2,0,0,0,0,2,0,0,0,0,0,0,0,0,2,0,2,0,0,2,2,0,0,0,0,0,0,0,0,2,0,0,2,2,0,0,2,0,2,0,2,2,0,0,0,2,0,2,2,0,0,0,0,0,0,0,0,0,0,0,0,0,0,2,0,2,0,0,0,0,0,0,0,0,0,0,0,2,0,0,0,0,0,2,0,2,0,0,0,0,0,0,0,0,0,0,2,0,0,2,0,0,0,0,2,0,2,0,0,0,2,0,0,0,0,0,2,0,0,0,0,2,0,2,0,0,0,0,2,0,0,0,0,0,0,0,0,0,0,0,0,0,2,0,0,0,0,0,0,0,0,2,0,0,0,2,2,2,2,0,0,0,0,2,2,0,0,0,0,0,0,2,0,0,0,0,0,0,0,0,0,0,0,2,0,0,0,0,0,2,0,0,0,0,0,0,0,0,0,2,0,0,2,0,0,0,2,2,0,2,0,0,2,0,0,0,0,0,0,0,0,0,0,0,0,0,0,2,0,2,2,2,2,2,2,0,0,0,2,0,0,0,0,2,0,0,2,2,2,0,2,0,0,0,0,2,0,0,0,2,0,0,0,0,2,0,0,2,2,0,0,0,0,2,0,2,0,0,0,0,2,0,0,0,2,0,2,0,0,0,0,0,0,0,2,2,0,2,0,0,0,0,0,0,0,0,0,0,0,0,0,NA,0,0,0,2,2,0,0,0,2,0,2,0,0,0,0,0,0,0,0,0,0,0,0,0,0,0,0,0,0,0,0,0,0,0,2,0,0,0,0,0,0,0,0,0,0,0,0,0,0,2,0,0,0,0,0,0,0,0,0,0,0,0,0,0,0,0,0,0,0,0,0,0,0,0,0,2,0,0,2,2,0,0,0,0,0,0,2,0,0,2,0,2,2,0,0,0,2,0,2,0,2,0,0,0,0,0,2,0,0,2,0,0,2,2,0,0,0,0,0,0,0,0,2,0,0,0,0,0,2,0,0,2,0,2,0,0,2,2,2,0,0,0,0,0,2,0,0,0,0,0,0,0,0,0,0,0,0,0,0,0,0,0,0,0,0,2,0,0,0,0,0,0,0,0,2,0,2,2,0,0,0,0,NA,0,2,0,0,0,2,0,0,0,0,2,2,0,0,2,0,0,0,0,0,0,2,0,0,0,0,0,0,2,0,0,0,0,2,0,0,0,0,2,0,0,0,0,0,0,2,0,0,2,0,0,0,0,0,0,0,0,0,0,0,0,0,2,0,0,0,0,0,0,0,0,0,0,0,0,2,0,0,2,0,0,0,0,0,0,0,0,0,0,0,0,2,2,0,0,0,0,0,0,2,0,0,2,0,0,2,0,0,0,0,NA,0,0,0,0,0,0,0,0,0,0,0,0,0,0,0,2,0,0,0,0,0,0,0,0,2,0,0,0,0,0,0,2,0,2,0,0,0,0,0,0,0,2,0,0,2,0,2,2,0,0,0,0,0,0,0,0,0,0,0,0,0,2,2,2,2,0,0,0,0,0,0,0,0,0,0,0,2,2,0,0,2,0,2,2,0,2,0,2,0,0,0,0,0,0,2,0,0,0,0,0,0,2,0,0,0,2,0,0,0,0,0,0,0,0,2,0,0,0,0,0,0,0,0,2,0,0,0,0,0,0,0,0,0,0,0,0,0,0,0,0,0,0,0,0,0,0,0,2,0,0,0,0,0,2,0,2,0,0,0,0,0,0,0,0,0,2,0,2,0,0,2,0,0,0,0,2,0,0,0,0,0,0,2,2,0,0,0,0,2,2,0,0,2,0,2,2,0,0,2,0,0,0,0,0,2,2,0,0,0,2,0,2,2,0,0,0,0,0,0,0,0,0,0,2,0,0,0,0,2,2,2,0,0,0,0,0,0,0,0,0,0,2,2,0,2,0,0,0,0,0,2,0,0,0,0,2,0,0,0,0,0,0,0,0,0,0,2,0,0,0,0,0,0,0,2,0,2,0,0,2,0,0,0,0,0,0,0,0,2,0,0,0,0,0,0,0,0,0,0,2,2,NA,0,0,0,0,0,2,0,0,0,0,0,2,0,0,0,0,0,0,0,0,2,0,0,0,0,2,2,0,0,0,0,0,0,0,2,0,0,0,0,0,0,2,0,0,0,0,2,0,0,2,0,2,0,0,0,0,0,2,0,0,0,0,0,0,0,0,0,0,0,0,0,0,0,0,0,2,2,0,2,0,0,0,0,0,0,0,0,0,2,0,0,0,0,0,0,0,2,2,2,0,0,0,0,0,0,0,0,0,2,0,0,0,0,0,0,0,0,0,0,0,2,2,NA,0,0,0,2,0,0,0,0,0,0,0,2,0,0,0,0,0,0,0,0,0,0,0,0,0,0,0,0,0,0,0,0,0,2,0,0,0,0,2,0,0,0,0,0,0,0,0,0,2,0,0,2,0,0,0,0,0,2,0,2,0,2,2,0,2,2,2,2,0,0,0,0,0,0,2,0,0,0,2,0,0,0,0,2,2,2,2,0,0,0,0,0,0,0,0,0,2,2,0,0,0,0,0,2,0,0,0,2,2,2,2,2,0,0,2,2,2,2,0,2,0,0,0,0,0,0,0,0,2,2,0,0,0,0,2,0,2,0,0,2,0,0,0,0,2,0,0,0,0,0,0,2,0,0,0,0,2,0,0,2,0,0,0,2,2,2,0,0,2,0,0,0,2,0,0,0,2,2,0,0,0,0,2,0,0,0,0,0,0,0,0,0,0,0,0,0,0,2,2,0,2,0,0,0,2,2,0,0,2,0,0,0,2,0,0,2,0,2,0,0,2,2,0,0,0,0,0,0,2,0,2,0,2,0,0,0,0,0,2,0,0,0,0,0,2,0,0,2,0,0,0,0,0,0,2,0,2,2,0,2,0,0,0,0,0,2,2,0,0,0,0,0,0,2,0,0,2,0,2,2,0,2,0,0,2,2,0,2,0,2,0,0,0,0,0,0,0,2,0,0,0,2,0,0,0,0,2,0,0,2,0,0,2,0,0,0,0,0,2,0,0,0,2,0,2,0,0,2,0,0,0,0,0,NA,0,0,2,0,0,0,0,0,0,0,0,0,0,0,0,0,0,0,0,0,0,0,0,0,0,2,0,0,0,0,0,0,0,0,0,0,2,0,0,0,0,0,0,0,0,0,0,0,2,0,0,2,2,2,0,0,0,0,2,0,0,0,0,2,0,2,0,0,0,0,2,0,2,0,2,0,0,0,0,0,0,0,0,0,0,0,0,0,0,0,0,0,0,0,2,0,0,0,0,0,0,0,0,2,0,0,0,0,2,0,0,0,2,0,0,0,0,0,0,0,0,0,2,0,0,0,0,2,0,0,0,0,0,0,0,2,0,0,0,0,0,0,0,0,2,0,0,0,0,0,0,0,0,0,2,2,0,0,0,0,0,2,0,2,0,2,0,2,0,2,0,0,0,0,2,2,0,0,0,2,0,0,0,0,0,0,0,0,0,0,0,2,0,0,0,0,0,0,2,0,0,0,0,0,0,0,0,0,0,0,0,0,0,0,NA,2,0,0,0,0,0,0,0,0,0,0,0,0,0,0,0,0,0,0,0,0,0,0,0,2,0,2,0,2,0,0,0,0,0,0,0,0,0,0,0,0,0,2,0,0,0,0,0,0,2,0,0,0,0,2,0,0,2,0,2,0,0,0,0,2,0,0,0,0,2,2,0,0,0,0,2,0,0,2,2,0,0,0,0,0,0,0,0,0,2,0,0,0,0,0,0,0,0,0,2,2,0,0,0,0,0,0,0,0,0,0,2,0,0,0,0,0,0,0,0,2,0,0,0,0,0,0,0,0,2,0,0,0,0,0,0,0,2,0,0,0,0,0,0,2,0,0,0,0,2,0,0,0,0,0,2,0,2,0,0,2,0,0,0,0,0,2,0,0,0,2,0,0,2,0,0,0,0,2,0,0,0,0,0,0,0,0,0,0,0,0,0,0,0,0,0,0,0,0,0,0,2,0,2,0,0,0,0,0,0,0,2,0,0,2,0,0,0,0,0,0,0,0,0,2,0,0,2,0,0,0,0,0,0,0,0,0,2,0,0,0,0,0,0,0,2,2,0,0,0,0,0,0,0,0,0,0,0,0,0,0,0,0,0,2,0,0,2,0,2,0,0,2,0,0,0,0,0,0,0,0,0,0,0,0,0,0,2,0,2,0,0,0,2,0,0,0,0,0,0,0,0,0,2,0,0,0,2,0,0,2,0,2,0,0,0,0,2,0,0,0,0,2,0,0,0,0,0,0,0,2,0,0,0,0,0,2,2,0,0,0,2,0,0,0,0,2,0,0,0,0,0,0,0,0,0,0,0,2,2,0,0,0,2,0,0,0,0,0,0,0,0,2,0,0,0,0,0,0,0,2,0,0,0,0,0,0,0,0,0,0,0,2,0,2,0,2,0,0,2,0,2,0,2,2,0,0,0,0,0,0,0,0,2,2,0,2,2,0,2,0,0,0,0,0,0,0,0,2,0,0,0,2,0,2,0,0,0,0,0,0,0,2,2,0,0,0,0,2,0,0,0,0,0,0,0,0,2,0,0,0,0,0,0,2,0,0,0,0,0,0,2,0,0,0,0,0,2,2,0,0,0,0,0,2,0,0,0,0,0,0,0,0,0,0,0,0,0,0,0,0,0,0,0,2,0,0,2,2,0,0,2,0,0,0,0,2,0,2,2,0,0,0,0,0,0,0,0,0,0,0,0,0,0,0,0,0,0,0,0,0,0,0,0,0,0,0,0,0,0,0,0,0,0,2,0,0,0,0,0,0,2,2,0,0,2,0,0,0,0,0,0,0,0,0,0,0,0,0,2,0,0,2,0,0,2,2,0,2,0,0,0,0,NA,2,2,0,2,2,0,2,0,0,0,0,0,0,0,0,0,0,0,0,2,0,0,0,2,0,0,0,0,0,0,0,0,2,0,2,0,0,2,0,0,0,2,0,2,2,0,2,0,2,0,2,2,0,0,0,0,0,0,2,0,2,2,2,0,0,0,0,0,0,2,0,0,0,0,0,0,2,2,2,0,0,2,0,0,0,2,2,0,2,2,0,2,2,0,0,0,0,0,0,0,0,0,0,2,0,0,0,0,2,2,0,NA,2,0,0,0,0,0,0,2,2,0,0,0,0,0,2,0,0,0,0,0,0,0,0,0,0,2,2,0,0,0,0,2,0,0,0,0,0,2,0,0,0,0,0,0,0,0,0,0,0,0,0,0,2,0,2,0,2,0,2,0,0,0,0,0,0,2,0,0,0,0,0,0,0,0,0,0,0,0,0,0,0,0,0,0,2,0,0,0,0,2,0,0,0,2,0,0,0,0,0,0,0,0,0,0,0,0,0,2,0,0,2,0,0,0,0,2,0,0,2,0,0,0,2,0,0,2,2,2,0,0,0,2,0,0,0,0,2,0,0,0,0,0,0,0,0,2,0,0,0,0,0,2,0,2,0,0,0,2,2,2,0,0,2,0,0,2,0,0,2,0,0,0,0,0,0,2,2,0,2,0,0,0,0,0,0,0,0,0,0,0,0,0,0,0,0,0,0,0,0,0,0,0,0,0,0,0,2,0,0,0,0,2,2,0,0,0,0,0,0,0,0,0,0,0,0,2,0,0,0,0,0,0,0,0,2,2,0,0,0,0,0,0,2,2,0,2,0,2,2,0,0,0,0,0,0,0,0,0,0,0,0,0,0,0,0,0,2,0,0,0,0,0,0,0,0,0,0,0,0,0,2,0,0,0,0,2,0,0,2,0,0,0,0,0,2,0,0,0,0,0,0,0,0,2,0,0,0,0,0,0,0,0,0,0,0,0,0,2,2,0,2,0,0,0,2,0,0,0,0,0,0,0,0,0,0,0,2,0,2,2,0,0,0,2,0,0,0,2,0,2,0,0,2,0,0,2,2,0,0,0,0,2,0,0,NA,0,0,2,NA,0,0,2,0,0,0,0,0,0,0,0,2,0,0,0,2,0,0,0,0,0,0,0,0,0,0,0,0,0,0,0,0,0,0,0,0,2,0,0,0,0,0,0,0,0,0,0,2,0,0,0,0,2,0,0,0,0,0,0,0,0,0,0,0,0,0,0,0,0,2,0,2,0,0,0,0,0,2,0,0,0,2,0,0,0,0,NA,0,0,0,0,0,0,0,2,0,0,2,2,0,0,0,NA,0,0,0,0,0,0,0,0,2,0,0,0,0,0,0,0,0,0,0,0,0,0,0,0,0,0,NA,0,0,0,0,0,0,0,0,0,0,0,0,0,0,0,0,NA,0,2,0,0,0,2,0,0,0,0,0,0,0,0,0,0,0,0,0,0,2,0,2,0,0,0,2,0,0,0,0,2,2,0,2,2,2,0,0,0,0,0,2,2,0,0,0,0,0,2,0,0,0,0,2,0,0,0,0,2,0,0,0,0,2,0,2,0,0,0,0,0,0,0,0,0,0,0,0,0,0,0,0,2,0,0,0,0,0,0,2,0,0,0,0,0,0,0,0,0,0,0,0,0,0,0,0,0,0,0,0,0,0,0,0,0,0,0,0,0,0,0,0,0,0,0,0,2,0,2,2,2,0,0,0,0,2,0,0,0,0,0,2,0,0,0,0,0,0,2,0,2,0,0,0,2,0,0,0,2,0,0,0,2,2,0,2,0,0,0,0,2,0,0,0,0,0,0,0,0,0,0,0,0,0,0,0,2,2,0,0,0,0,0,0,0,0,0,0,0,2,2,2,0,0,0,0,0,0,0,0,0,0,0,0,2,2,2,0,0,0,0,0,0,0,0,0,0,2,0,0,0,2,2,0,0,2,0,0,0,0,0,0,0,0,0,2,0,0,0,2,0,0,0,0,0,2,0,0,0,2,2,0,0,2,0,0,0,0,0,0,0,0,0,0,0,0,0,0,0,0,2,0,0,0,0,2,0,0,0,2,2,0,0,0,0,0,0,0,0,0,2,0,2,2,2,0,0,0,0,0,0,0,0,0,0,0,0,0,0,0,2,0,0,0,0,0,2,2,0,0,0,2,0,0,0,0,0,0,0,0,2,0,0,0,0,2,0,0,2,0,0,0,0,0,2,0,2,0,0,2,0,2,0,0,0,0,0,0,0,0,0,0,0,2,0,0,0,0,0,0,2,0,0,0,0,0,0,0,2,0,0,0,0,0,0,0,0,2,0,0,2,0,0,0,0,0,0,0,0,0,2,0,2,2,2,0,2,2,2,0,0,0,2,0,0,0,0,0,0,0,0,2,0,2,2,2,0,0,0,0,0,2,0,2,0,2,0,0,0,0,0,0,0,0,0,0,0,2,0,0,0,0,0,0,2,0,0,0,2,0,0,2,0,2,0,0,0,0,2,0,0,2,0,0,2,0,2,2,0,0,0,2,0,0,0,0,2,0,0,0,0,0,0,0,0,0,2,0,0,0,0,0,0,0,0,0,0,2,0,0,0,0,0,2,2,0,2,2,0,0,0,0,0,0,2,2,0,0,0,0,0,0,2,2,0,0,0,0,2,2,2,0,0,0,2,2,2,0,0,0,0,2,0,0,0,0,0,0,2,0,0,0,0,0,2,0,0,0,0,0,0,0,2,2,0,0,0,2,0,0,0,0,2,2,0,0,2,0,0,0,0,0,0,2,0,2,0,2,2,0,0,0,0,0,0,0,0,0,0,0,0,0,0,2,0,0,0,0,0,0,0,0,0,0,0,0,0,0,0,NA,0,0,0,0,0,2,0,0,0,0,0,0,0,0,0,0,0,0,0,0,0,0,2,0,0,0,0,0,2,0,0,0,0,2,0,0,2,0,0,2,0,0,0,0,0,0,2,0,0,0,2,0,0,2,NA,2,0,0,0,NA,2,0,0,2,2,0,0,0,2,0,2,0,0,2,0,0,0,0,0,0,0,0,2,2,0,2,0,0,0,0,0,2,0,0,0,0,0,2,0,0,2,0,0,0,2,0,0,2,0,0,2,0,2,0,2,0,0,2,2,2,0,0,0,0,0,0,2,0,0,0,0,2,2,0,0,0,2,0,0,0,0,0,2,2,0,0,0,0,2,0,0,2,0,0,2,0,0,0,0,0,0,0,2,2,0,0,2,0,0,0,0,0,0,0,0,0,0,0,0,0,0,2,0,2,2,0,0,2,0,0,2,2,2,2,0,0,2,0,0,0,0,0,0,2,2,0,0,0,0,0,0,2,0,0,0,0,0,2,0,2,0,2,0,2,0,0,0,2,2,0,2,2,0,0,0,0,0,0,0,2,0,0,2,0,2,0,0,0,0,2,0,0,2,2,0,0,0,0,2,0,0,0,2,2,2,0,0,2,2,2,2,0,2,2,0,0,2,0,2,0,0,0,0,NA,2,0,2,0,2,0,0,0,0,0,0,0,0,0,0,2,2,2,0,2,2,0,2,0,0,0,2,0,0,0,0,0,2,0,0,0,2,0,2,2,0,0,0,0,0,2,0,2,0,0,0,0,0,0,0,0,0,0,0,0,0,0,0,0,0,0,2,0,0,0,0,2,2,0
"CC55",0,2,0,0,0,0,0,0,0,0,2,0,0,0,0,2,0,0,0,2,2,0,0,2,0,0,0,0,0,0,0,2,0,0,0,2,0,0,0,0,0,0,0,0,0,0,0,0,0,0,0,0,0,0,0,2,2,0,0,2,0,2,0,0,2,2,0,0,0,0,0,2,0,0,0,0,0,0,0,0,0,0,0,0,0,0,0,0,2,0,0,0,0,0,0,2,0,0,0,0,0,0,0,2,0,0,0,0,0,0,2,2,0,0,0,0,0,0,0,0,0,0,0,0,0,2,0,2,2,0,0,0,0,0,2,0,0,0,0,0,0,0,0,0,0,0,0,2,0,2,2,0,0,0,0,2,0,2,0,0,0,0,0,0,0,0,2,0,0,0,0,0,0,0,0,0,0,0,0,0,2,0,2,0,2,0,0,2,0,0,0,2,2,0,0,NA,2,2,0,0,0,0,0,0,0,0,0,2,0,0,0,0,0,0,0,0,2,0,2,0,0,0,0,2,0,2,0,0,0,0,0,0,0,0,0,0,2,0,0,0,0,0,0,0,0,0,2,0,0,0,0,0,0,0,0,0,2,0,0,0,2,0,0,0,0,0,0,2,0,2,0,0,0,0,0,0,2,2,2,0,2,0,0,2,0,0,0,0,0,0,0,2,2,0,0,0,0,2,0,0,0,0,0,0,0,0,2,0,2,0,0,0,0,2,0,0,0,NA,0,2,0,0,0,0,0,0,0,0,2,0,0,0,2,0,0,0,0,0,0,0,0,2,0,0,0,0,0,0,0,0,2,0,0,0,0,0,0,0,0,0,0,0,0,0,0,0,0,0,0,2,0,0,NA,0,0,0,0,0,0,0,0,0,0,0,0,0,0,0,0,0,0,0,0,0,0,0,0,0,0,0,0,0,2,2,0,2,0,0,0,0,0,0,0,0,0,2,0,2,0,0,0,2,0,0,0,0,0,0,0,0,0,0,0,2,0,0,0,0,0,0,2,0,0,0,0,0,0,0,0,0,0,0,0,0,2,2,2,0,0,0,0,2,0,0,0,0,0,2,0,0,0,2,2,0,0,0,0,0,0,0,0,0,0,0,2,0,2,0,0,0,0,0,0,2,0,0,2,0,0,0,0,0,2,0,0,0,0,0,2,0,0,2,0,0,0,0,0,0,0,0,0,2,0,0,0,0,0,2,0,0,2,0,0,0,0,0,0,2,2,2,0,0,0,0,0,0,0,0,0,2,0,2,0,2,0,0,0,0,0,0,0,0,0,0,0,0,0,0,0,2,0,0,0,0,0,0,0,2,2,2,0,2,0,0,0,0,0,0,0,0,0,0,0,0,2,0,2,0,0,0,0,0,2,0,0,0,0,0,2,0,0,0,0,0,2,0,2,0,0,0,0,0,0,0,0,0,0,0,0,2,0,0,0,2,0,0,0,0,0,0,0,0,0,2,0,0,0,2,0,0,0,0,0,0,0,0,0,0,0,0,0,0,0,0,0,0,0,0,0,2,0,0,2,0,0,0,0,0,0,0,0,0,0,0,2,0,0,0,0,0,2,0,0,0,0,0,2,2,2,0,0,2,0,0,0,0,0,0,2,0,0,0,0,0,0,0,0,0,2,0,0,0,0,0,0,0,2,0,0,0,2,0,0,0,0,0,0,0,0,0,0,0,0,0,0,0,0,0,0,0,0,0,0,0,0,0,2,0,0,0,2,0,2,2,0,0,0,0,0,0,0,0,0,2,0,0,0,2,0,0,0,0,0,0,0,0,0,0,0,0,0,0,0,0,0,2,0,0,0,2,0,0,0,0,0,2,0,2,2,0,0,0,0,0,0,0,0,0,2,0,0,2,0,0,0,2,2,0,0,0,0,0,0,0,0,2,0,0,0,0,2,2,0,0,0,0,2,0,2,0,0,0,2,0,2,0,0,0,0,0,2,0,0,0,0,0,0,0,0,0,0,0,0,2,0,0,0,0,0,0,0,0,0,2,0,2,0,2,0,0,0,0,0,0,0,0,0,0,0,0,0,0,0,0,0,2,0,0,0,0,0,2,0,0,0,0,0,0,0,0,0,2,2,2,2,2,0,0,2,0,0,0,0,0,2,0,0,0,0,2,0,0,0,0,2,0,0,0,0,2,2,0,0,0,0,0,0,0,0,0,0,0,0,0,0,0,0,0,0,2,0,0,0,0,0,0,0,0,2,2,0,0,0,0,0,0,0,2,0,0,0,2,2,2,0,0,0,0,0,0,0,0,0,0,0,0,0,0,2,0,0,0,0,0,0,2,0,0,0,0,0,0,0,2,2,0,0,NA,0,0,0,0,0,0,2,0,0,2,0,0,0,0,0,0,0,0,0,0,0,2,0,0,2,0,2,0,0,0,0,0,0,2,0,2,2,0,2,0,2,0,0,0,0,0,2,0,2,2,0,0,0,2,0,0,0,0,0,0,0,0,0,2,0,0,2,0,0,0,0,0,2,0,2,2,0,0,0,0,0,0,0,0,0,0,0,0,0,2,0,0,0,0,0,2,0,0,0,2,0,0,0,0,0,0,0,0,0,0,0,2,0,0,0,2,0,0,0,0,0,0,0,0,0,0,2,0,0,2,2,0,0,0,0,2,0,0,0,0,0,0,0,2,0,0,0,0,0,0,0,0,0,0,0,0,0,0,0,0,0,0,0,0,0,0,0,0,0,0,2,0,0,0,0,2,0,0,0,0,0,0,0,0,0,0,0,0,0,2,0,0,0,0,0,0,0,0,0,2,0,2,0,0,0,0,0,0,0,0,0,0,0,0,0,0,0,0,0,0,0,0,0,0,0,0,0,0,0,0,0,0,0,0,0,0,2,0,0,2,0,0,0,0,0,0,0,0,0,0,2,0,2,2,2,0,2,0,NA,0,0,0,0,0,2,2,0,0,0,0,0,0,0,0,2,0,0,0,0,0,0,0,0,2,0,0,0,0,0,2,0,0,2,0,0,0,2,0,0,0,0,0,0,0,0,0,0,0,2,0,0,0,0,0,0,0,0,0,0,2,0,0,0,0,0,0,0,2,2,0,0,0,0,0,2,0,0,0,0,0,0,0,0,0,0,0,2,2,0,0,2,0,0,0,0,2,0,0,0,0,0,2,2,0,0,2,0,0,0,0,0,0,0,0,0,0,0,0,0,0,2,2,0,0,0,0,0,0,0,2,2,0,0,0,0,2,0,0,0,0,0,2,2,0,2,0,2,0,0,0,0,0,0,0,0,0,0,0,0,0,0,0,0,0,0,2,2,0,0,0,0,2,0,0,0,0,0,2,0,0,0,0,0,0,0,0,2,0,0,0,0,0,0,0,0,2,0,0,0,2,0,0,0,0,0,0,0,0,0,0,2,0,0,0,0,0,0,0,2,0,0,0,0,0,0,0,0,0,0,2,0,0,0,2,2,0,0,0,2,0,2,0,0,0,0,0,0,0,2,0,0,0,0,0,0,0,0,2,0,2,0,0,0,0,0,0,0,0,0,0,0,0,0,0,0,0,2,0,0,0,0,0,0,0,0,0,0,0,0,0,2,0,0,0,0,2,0,0,0,0,0,0,0,0,0,2,2,0,2,0,0,0,2,2,0,0,0,0,0,2,0,0,0,0,0,0,2,0,0,0,0,0,0,0,2,0,0,0,0,0,0,0,0,2,2,0,0,0,0,2,0,0,0,0,0,0,2,0,0,0,0,0,2,0,2,0,0,0,0,0,0,0,0,0,0,0,0,0,0,2,0,0,0,0,0,0,0,0,2,0,0,0,0,0,0,0,0,0,0,0,2,2,0,0,0,0,0,0,0,0,0,0,0,0,0,0,0,2,0,0,0,2,0,0,0,0,2,0,0,0,0,0,0,0,0,0,0,0,2,2,0,0,0,0,0,0,2,0,0,0,0,0,2,0,2,0,0,2,0,0,0,0,0,0,0,0,0,0,0,0,0,0,0,2,0,0,0,0,0,0,0,0,0,0,0,0,0,0,0,0,0,0,0,0,0,0,0,0,0,0,0,0,0,0,0,0,0,0,0,0,0,0,0,0,2,0,0,0,0,0,0,0,0,0,0,0,0,0,2,0,0,0,0,0,0,0,0,0,0,0,0,0,0,2,0,0,0,0,0,2,2,0,0,0,0,0,0,0,0,0,0,0,0,0,0,0,0,0,0,0,0,0,0,0,0,0,0,0,0,0,0,0,0,0,0,0,0,0,2,0,0,0,2,0,0,0,0,0,0,0,0,0,0,0,0,2,0,0,0,0,0,0,0,0,0,2,0,0,0,2,0,2,0,0,2,0,0,0,0,0,0,0,0,0,0,0,0,0,2,0,0,0,0,0,0,0,0,0,0,0,0,0,0,0,0,0,0,0,0,0,0,0,0,0,0,0,0,0,0,0,0,0,0,0,0,2,2,0,0,2,0,0,0,0,0,0,0,2,0,2,0,2,2,2,0,0,0,0,0,0,0,0,0,2,0,0,0,0,0,0,0,0,0,0,0,0,0,0,0,0,2,0,0,2,0,0,0,2,0,0,0,0,0,0,0,2,2,0,0,2,0,0,0,2,0,0,0,0,0,0,0,0,0,2,0,0,2,0,2,2,0,0,0,0,0,2,2,0,0,0,0,0,0,2,0,0,0,0,0,0,0,0,2,0,0,2,0,0,2,2,0,0,0,0,2,2,0,2,2,0,0,0,0,0,0,0,0,2,0,0,0,2,0,0,0,0,0,0,0,0,0,0,0,2,0,0,2,0,0,0,0,0,0,0,0,2,0,0,0,0,0,0,0,0,0,0,0,0,0,0,0,0,0,0,0,0,0,0,2,0,0,0,0,2,0,0,0,0,0,0,0,2,2,0,0,0,0,2,0,0,0,2,0,2,0,0,2,2,0,0,0,0,0,0,2,0,0,0,0,0,2,2,0,0,2,0,0,0,0,0,2,0,0,0,0,0,0,2,2,0,0,2,0,2,2,0,0,0,0,0,0,0,0,0,0,2,2,2,0,0,2,2,0,0,0,0,0,0,0,0,0,0,2,0,2,0,2,0,0,0,0,0,2,0,0,0,2,2,0,0,0,0,0,0,0,0,2,0,2,0,0,0,0,2,0,0,0,0,0,0,0,0,0,0,0,0,0,2,2,0,0,0,0,0,0,2,2,0,0,0,0,2,0,0,0,0,2,0,0,0,0,2,2,0,0,0,2,0,0,0,0,2,0,0,0,0,0,0,0,0,0,0,0,0,0,0,0,0,0,0,0,0,0,0,2,2,0,0,2,2,0,0,0,0,0,0,0,0,0,0,0,0,0,0,0,0,0,0,0,0,0,0,0,0,0,0,0,0,0,0,2,0,0,0,0,2,0,0,0,0,0,0,0,0,0,0,0,0,0,0,0,0,2,0,0,0,0,0,0,0,0,0,0,0,0,0,0,0,0,0,0,0,0,2,0,0,0,0,0,0,0,0,2,0,0,0,0,0,0,0,0,0,0,0,0,0,0,0,0,0,0,0,0,0,0,0,0,0,0,0,2,0,0,0,0,0,0,0,0,0,0,0,0,0,0,0,0,0,0,0,0,0,2,0,0,0,0,0,2,0,2,0,2,0,0,0,0,0,0,2,2,0,2,0,0,0,0,0,0,0,0,2,NA,0,0,0,2,0,0,2,0,0,2,0,0,0,0,0,0,0,2,0,0,0,0,2,0,0,0,0,0,2,0,0,0,0,0,0,0,0,0,0,2,0,0,2,2,2,0,2,0,0,0,0,0,0,0,0,0,0,2,0,0,0,2,0,0,0,2,2,0,2,0,2,0,0,0,0,0,0,0,0,0,0,0,0,0,0,2,0,0,0,0,2,2,2,0,0,2,2,2,0,0,0,0,0,0,0,0,0,0,2,0,2,0,0,0,0,0,2,0,0,0,0,0,2,2,0,0,0,2,0,0,0,0,0,2,0,2,0,0,0,0,0,2,0,0,0,0,0,0,0,0,0,2,2,0,0,0,0,0,0,0,0,0,0,0,0,2,0,0,0,0,0,0,0,0,0,0,0,0,0,0,0,0,0,0,0,0,0,0,0,2,0,0,0,0,0,0,0,0,0,0,0,0,0,0,2,0,0,0,2,0,2,0,0,0,2,0,0,0,0,0,2,0,0,2,0,0,0,0,0,0,0,0,0,0,0,0,2,0,0,0,0,2,0,2,0,0,2,0,0,0,0,0,0,0,0,2,0,0,NA,0,0,0,0,0,0,2,0,0,0,0,0,0,0,2,0,0,0,0,2,0,2,0,0,0,0,0,2,0,0,0,0,0,0,0,0,2,0,0,0,2,0,0,0,0,2,0,2,0,0,0,0,0,0,2,2,0,0,0,0,0,0,0,0,0,2,2,2,2,2,0,2,0,0,0,2,0,0,0,2,2,0,0,2,0,0,0,0,0,0,0,0,0,0,0,0,0,0,0,0,0,0,0,0,0,0,0,0,0,0,0,0,0,0,0,0,0,0,0,2,0,0,2,0,2,0,0,0,2,0,2,2,0,2,0,0,0,0,2,0,0,0,2,0,2,2,0,0,2,0,0,0,0,2,0,2,0,0,0,0,0,0,0,0,0,0,0,0,2,0,2,0,0,0,0,0,0,0,0,0,0,0,0,0,0,2,0,0,0,2,0,0,0,0,0,0,2,0,0,2,0,0,0,0,0,0,0,0,2,0,0,0,0,2,0,0,2,2,0,0,0,2,0,0,0,0,0,0,0,2,2,2,0,0,0,2,2,0,0,0,0,2,0,2,0,2,0,0,2,0,0,2,0,0,2,0,0,0,0,2,0,0,0,0,2,2,0,2,0,2,0,0,2,0,2,2,2,0,0,2,2,2,2,2,0,0,0,0,0,2,0,2,2,2,0,2,2,0,0,0,2,0,0,0,2,2,0,0,0,2,0,NA,0,0,0,0,2,2,0,0,0,0,0,0,0,0,2,0,0,0,0,0,0,0,2,0,2,0,0,0,2,0,2,2,0,0,0,2,0,2,0,0,0,0,0,0,2,0,2,2,0,0,0,0,0,2,0,0,0,0,0,2,0,0,0,2,2,0,2,2,2,0,0,0,0,0,0,0,0,0,0,0,0,0,0,0,0,0,0,0,2,0,2,0,2,0,0,0,0,2,0,0,0,0,0,0,0,0,2,0,2,2,0,0,0,2,0,2,0,0,0,2,0,0,0,0,0,2,0,0,0,0,0,0,0,0,0,0,0,0,0,0,0,0,0,0,0,0,0,0,0,0,0,0,0,0,0,0,2,0,0,2,0,2,0,0,2,0,0,0,0,0,0,2,0,0,0,2,0,0,0,0,0,0,2,0,0,0,0,0,0,0,0,0,0,0,0,0,0,0,0,0,0,0,2,0,0,0,0,0,0,0,0,0,0,0,0,0,0,0,0,0,2,0,0,0,0,0,0,0,0,0,0,0,0,0,0,0,0,0,0,0,0,0,0,0,0,0,0,0,0,0,0,2,2,0,0,0,0,0,2,0,0,0,0,0,2,0,0,0,0,0,0,0,0,0,0,0,0,0,0,0,0,0,0,0,2,0,0,0,2,0,0,2,0,0,0,0,0,0,0,0,0,0,0,0,0,0,2,0,2,2,0,2,0,0,0,0,0,0,0,0,0,0,0,0,0,0,0,0,2,0,0,0,0,0,2,0,0,0,0,0,2,0,0,0,0,0,2,0,0,2,0,0,0,0,0,0,0,0,0,0,0,0,0,2,0,0,0,0,0,2,2,0,0,2,0,0,2,0,0,0,0,0,0,0,0,0,0,0,0,0,0,0,0,0,0,0,2,0,0,2,2,0,0,2,0,0,0,0,2,0,0,0,0,2,0,0,0,0,0,0,0,0,0,0,0,0,0,2,2,0,0,0,0,0,0,2,0,0,0,0,0,0,0,0,0,2,2,0,0,0,0,0,0,2,2,2,0,2,2,0,0,0,0,2,2,0,0,0,2,2,0,2,0,0,0,0,0,0,0,0,2,0,0,0,0,0,2,0,0,0,0,0,0,0,0,0,0,0,0,0,0,0,2,0,0,2,0,0,0,2,0,0,0,0,0,0,0,0,2,0,2,0,0,2,0,0,2,2,0,2,2,0,0,0,0,2,0,2,0,0,0,0,0,0,0,0,0,0,0,2,0,2,0,0,0,2,0,0,0,0,0,0,0,0,0,0,0,0,0,0,0,0,0,0,0,0,0,0,0,2,0,0,0,0,0,0,2,0,0,0,0,0,0,0,0,0,0,0,0,0,0,0,0,0,0,0,0,0,0,0,0,0,0,0,0,0,0,0,0,0,0,0,0,0,0,0,0,0,0,0,0,0,0,0,0,2,0,2,2,0,0,0,0,2,2,0,0,2,0,0,0,0,0,0,2,0,2,0,0,2,0,0,0,0,0,0,0,0,0,0,2,0,0,0,0,0,0,0,0,0,0,0,2,2,2,2,0,0,0,0,0,2,2,0,0,0,0,0,0,0,0,0,2,0,0,0,0,0,0,2,0,0,0,0,2,0,2,0,0,0,0,0,0,0,0,0,2,2,0,0,2,0,0,0,2,0,0,0,0,0,0,2,2,2,0,0,0,0,0,2,0,2,2,0,2,0,0,0,0,2,0,2,0,0,0,0,0,0,0,0,0,0,0,2,0,0,0,0,0,0,0,0,0,0,0,0,2,0,0,0,0,0,0,0,0,0,0,0,0,0,0,0,0,0,0,0,0,0,0,0,2,0,0,0,0,0,0,0,0,0,0,0,0,0,0,0,0,0,0,0,0,0,2,0,0,0,2,0,0,0,0,2,0,0,0,2,2,0,2,0,0,0,0,0,0,0,0,0,0,0,0,0,0,0,2,0,0,0,0,0,0,0,0,0,0,0,0,0,2,0,0,0,0,0,0,0,0,0,0,0,0,0,0,0,0,0,0,0,0,0,0,2,0,0,0,2,0,0,2,0,0,0,0,0,2,0,0,2,2,0,2,0,0,0,0,0,0,0,0,0,2,0,0,0,0,0,0,0,0,2,0,0,2,0,0,2,0,0,2,0,0,0,2,2,0,0,0,2,2,0,2,2,0,0,0,0,0,0,0,2,2,0,2,2,0,0,0,0,0,0,0,2,2,0,0,0,0,0,0,2,2,2,2,0,2,2,0,0,2,0,2,0,0,0,2,0,0,0,0,0,0,0,0,2,0,0,0,0,0,2,0,0,0,0,0,0,0,0,0,0,0,0,0,0,2,0,0,0,0,2,0,0,2,2,0,0,0,2,0,0,0,2,0,0,0,0,0,0,0,0,0,0,0,0,0,0,0,0,0,0,0,0,2,0,0,0,0,2,0,0,0,0,0,0,0,0,2,2,2,0,2,0,2,0,0,0,0,0,0,2,0,2,0,0,2,0,0,0,0,0,2,0,0,0,0,0,2,0,0,0,0,0,0,2,0,0,2,0,0,0,0,0,0,0,0,0,2,0,0,0,0,0,0,0,0,0,2,0,0,2,0,0,0,0,0,0,0,0,0,0,0,0,0,0,0,0,0,0,0,0,0,0,0,0,0,0,0,0,0,0,0,2,0,0,0,0,0,0,0,0,0,0,0,0,0,0,0,2,0,0,0,0,0,0,0,2,0,0,0,0,0,0,0,0,0,0,0,2,2,0,0,0,0,0,0,0,0,0,0,0,0,0,0,0,2,0,0,2,0,0,0,0,2,2,2,2,2,0,0,0,0,0,0,0,2,0,0,0,0,0,0,0,0,2,2,0,0,2,0,0,0,0,0,0,0,0,0,2,2,2,0,0,0,2,0,2,0,0,2,0,0,0,0,0,2,0,0,2,2,0,0,0,0,0,0,0,0,0,0,2,2,0,0,2,NA,2,0,2,0,2,0,0,0,2,0,0,0,0,0,0,0,0,0,0,0,2,0,0,2,0,0,0,0,0,0,2,0,0,0,0,0,0,2,0,0,0,0,0,0,0,2,0,0,0,0,0,0,0,0,0,0,0,0,0,0,0,0,0,0,0,2,0,2,0,0,0,0,0,2,0,2,0,0,0,0,0,0,2,0,0,0,0,0,0,0,0,0,0,0,0,0,2,0,0,0,0,0,0,0,2,0,2,0,2,0,0,2,2,2,0,0,0,0,0,0,0,0,2,0,0,0,0,2,0,0,0,2,0,0,0,2,0,0,0,0,0,2,2,0,0,0,2,0,0,0,0,0,0,0,0,0,0,0,0,0,0,0,0,2,0,0,0,2,2,0,0,2,0,0,2,0,2,0,0,0,2,0,0,0,0,2,0,0,2,0,0,0,0,0,2,2,2,0,0,0,2,0,0,0,0,0,2,0,0,2,2,0,0,2,0,0,0,0,2,0,0,0,0,0,0,0,0,0,0,0,0,0,2,0,0,0,0,0,0,2,0,0,2,2,0,0,0,0,0,0,2,0,0,0,0,0,0,0,0,2,0,2,0,0,0,0,0,0,0,0,0,0,0,2,2,0,0,0,2,2,0,0,0,0,0,0,2,2,0,0,0,0,0,0,0,0,0,2,0,2,0,0,0,2,0,0,0,0,0,0,0,0,0,0,0,2,0,NA,0,0,0,0,0,2,2,0,2,2,0,0,0,0,0,0,2,0,0,0,2,0,0,0,0,2,0,0,2,0,2,0,0,0,0,0,2,0,0,0,0,2,2,0,0,0,0,0,0,0,0,0,2,0,0,0,0,0,2,0,0,0,0,2,0,0,0,0,2,0,0,0,0,0,0,0,0,2,2,2,0,0,2,0,0,0,0,0,2,0,0,0,0,0,0,0,0,0,0,0,0,0,0,0,0,0,0,0,0,0,0,0,0,0,2,2,0,0,0,0,0,2,0,0,2,0,0,0,0,0,2,0,0,0,0,0,0,0,2,0,0,0,0,0,0,0,0,0,0,0,0,2,0,0,0,0,0,0,2,2,0,0,0,0,0,0,0,0,0,2,2,0,0,2,0,2,2,0,2,0,0,2,0,0,2,0,0,0,2,0,0,0,0,0,2,2,2,2,0,0,0,0,2,0,0,0,0,0,0,0,0,0,0,0,2,0,2,0,0,0,0,0,0,0,0,0,2,2,0,2,0,0,0,0,2,0,0,0,0,0,2,2,0,2,0,0,0,0,0,0,0,0,0,0,2,0,2,0,2,0,0,0,2,0,0,2,0,0,0,0,2,0,NA,2,0,0,0,0,0,0,0,0,0,2,0,0,2,0,2,0,0,2,0,0,0,0,0,0,0,0,0,0,2,0,0,2,0,2,0,0,2,0,0,2,2,0,0,0,0,0,0,2,2,0,0,0,2,0,2,0,0,2,2,0,0,0,0,0,0,0,0,0,0,2,0,0,2,0,0,2,0,0,0,0,0,0,0,0,0,0,2,2,0,2,2,0,2,0,0,2,0,0,0,0,0,2,0,0,0,0,0,2,0,0,2,0,0,0,0,2,0,0,0,2,2,0,0,0,0,0,0,0,0,0,0,0,0,0,2,0,2,2,0,0,0,2,2,0,0,2,0,2,0,0,0,2,2,0,2,0,0,0,2,0,0,2,0,0,0,0,0,2,2,0,0,0,2,0,0,0,0,2,0,0,0,0,0,0,0,0,0,0,2,2,0,0,0,0,0,0,0,0,0,0,2,0,0,0,2,2
"CC56",0,0,0,0,0,0,0,2,0,2,0,2,0,0,0,2,0,0,0,0,2,0,0,0,2,0,0,0,0,0,0,0,0,0,0,0,2,0,0,0,0,2,0,0,0,2,0,2,0,0,2,0,0,0,0,0,2,0,0,0,0,2,2,2,0,0,0,0,0,0,2,0,0,0,0,0,0,2,0,2,0,2,0,0,0,0,0,0,0,0,0,2,0,0,0,0,0,0,0,0,0,0,0,0,2,2,0,0,0,0,0,2,0,0,0,0,0,0,0,2,0,0,2,0,0,0,0,0,0,0,0,0,0,0,0,0,0,0,0,0,0,0,0,0,0,0,2,0,0,0,2,0,2,0,0,0,0,0,0,0,0,0,0,2,2,0,0,0,2,0,0,2,0,0,0,0,0,0,0,0,0,0,0,0,2,0,0,0,0,2,0,2,2,0,2,0,0,2,0,0,0,0,0,0,0,0,0,0,0,0,0,0,0,0,0,2,2,0,0,0,0,0,0,0,0,0,0,2,0,0,0,0,0,0,0,0,0,0,0,0,0,0,0,2,0,0,0,2,0,2,0,0,0,0,0,0,0,0,0,0,2,2,0,0,0,0,2,0,0,0,0,0,0,2,0,0,0,0,0,0,2,0,0,0,0,0,2,2,0,0,0,2,2,0,0,0,0,0,0,0,0,0,0,2,0,0,0,2,0,0,0,0,0,0,0,0,0,2,0,0,0,0,0,0,2,0,0,0,0,0,0,2,2,0,0,0,0,0,0,0,0,0,0,0,0,0,0,0,0,0,0,0,0,0,0,0,0,2,0,0,0,0,0,0,0,0,0,0,0,0,0,0,0,0,0,0,0,0,0,0,0,0,0,0,0,0,2,0,0,0,0,0,0,0,0,0,0,0,0,0,0,0,0,0,0,0,0,0,0,0,0,0,0,0,0,0,0,0,0,0,0,2,0,0,2,0,0,2,0,0,0,0,0,0,0,0,0,0,0,0,0,0,0,0,0,2,0,0,0,0,0,0,0,0,0,0,2,0,0,0,0,0,2,2,0,0,0,2,2,2,0,0,0,0,0,0,NA,0,0,0,2,0,0,2,0,0,0,0,0,2,0,0,0,2,2,2,0,0,0,0,0,0,2,0,0,0,0,0,2,0,0,2,0,0,0,0,2,0,0,0,0,0,0,0,0,0,0,0,0,0,0,2,0,0,0,2,0,2,0,0,0,0,0,0,0,0,0,0,2,2,2,0,0,2,0,0,2,NA,0,0,0,0,0,0,2,0,2,2,0,0,2,NA,0,0,2,2,2,0,0,0,0,2,0,2,2,0,0,2,2,0,0,2,0,2,2,0,0,0,2,0,0,2,0,0,0,0,2,2,0,0,0,0,0,0,0,0,0,0,0,0,2,0,0,0,NA,0,0,0,0,0,0,0,0,2,2,0,0,0,0,2,0,0,2,2,0,0,0,2,0,2,0,0,0,0,0,0,2,0,0,0,0,0,0,0,0,0,0,0,0,0,0,0,2,0,0,0,0,0,0,0,0,0,0,0,2,0,0,2,2,0,0,0,0,2,0,0,0,0,0,0,0,0,0,0,2,2,2,0,2,0,0,0,2,0,0,0,0,0,0,0,0,2,0,0,0,0,0,0,0,0,0,0,0,0,0,0,0,0,0,0,0,2,0,0,0,0,0,2,2,2,0,0,0,2,0,0,0,0,2,0,0,0,0,2,0,2,0,0,0,0,0,0,0,2,0,0,0,2,0,0,0,0,0,2,0,0,0,0,0,0,0,0,0,0,2,2,0,0,0,0,2,0,0,2,0,0,0,0,0,0,0,0,0,0,0,0,0,0,NA,0,0,0,0,2,0,0,2,0,0,2,2,0,0,0,0,0,0,0,0,2,2,2,0,0,0,0,0,2,0,0,2,0,2,0,0,0,0,2,0,0,2,0,0,0,2,0,2,0,0,0,0,0,0,2,2,0,0,0,0,0,2,2,0,0,2,0,2,0,0,0,0,2,2,0,0,0,2,0,0,0,0,0,0,0,0,0,0,2,2,2,2,2,0,0,0,0,0,0,2,0,2,0,0,0,0,0,0,0,0,0,0,0,0,0,2,0,0,0,0,0,2,0,0,0,2,0,0,0,0,0,2,0,2,2,0,0,0,0,0,0,0,0,2,0,0,0,0,0,2,0,0,0,0,0,0,0,2,0,2,2,0,0,0,0,0,2,0,0,0,0,0,2,2,0,0,0,0,0,0,0,0,0,0,0,0,0,0,0,0,0,0,0,0,0,0,0,0,2,0,0,0,0,0,0,2,0,0,0,0,2,2,0,2,0,0,0,0,2,2,2,0,0,0,0,0,2,0,0,0,0,2,2,0,0,2,0,0,0,0,2,0,0,NA,0,0,0,2,0,0,0,0,0,0,0,2,0,2,2,0,0,0,0,0,0,0,0,0,0,0,0,0,0,0,2,0,0,0,0,0,0,2,0,0,2,0,0,NA,0,0,0,0,0,0,0,0,0,2,2,0,0,0,0,2,2,0,0,0,2,0,0,2,0,2,0,0,0,0,2,2,2,0,0,0,0,0,0,0,0,0,0,0,0,0,0,0,0,0,0,0,2,2,2,0,0,2,2,0,0,0,2,0,2,0,0,0,0,0,0,0,0,2,0,0,0,0,0,0,0,0,0,0,2,0,0,0,2,0,0,2,0,0,2,0,0,2,0,0,0,0,2,0,0,0,0,0,0,0,0,0,0,0,2,0,0,0,2,0,0,0,2,0,0,2,0,0,0,2,0,0,0,2,0,0,0,0,0,0,0,2,0,2,0,0,2,2,0,2,0,0,0,0,0,0,0,0,2,0,0,0,0,0,0,0,2,0,0,0,0,2,2,0,2,2,0,0,0,0,0,0,0,0,0,0,0,2,0,2,0,0,0,0,0,0,0,2,0,0,0,0,0,0,0,0,0,0,0,0,2,2,0,0,0,0,0,0,0,0,0,0,0,0,2,0,0,0,0,0,0,0,0,2,0,2,2,0,0,0,0,0,0,2,2,0,2,0,0,0,0,0,0,2,2,2,0,0,0,0,0,0,0,0,0,2,0,2,0,0,0,2,0,0,0,0,2,2,0,0,0,2,2,0,0,0,2,0,0,0,0,0,0,0,2,0,0,2,2,0,0,0,2,0,0,0,2,0,0,0,0,0,0,2,0,0,0,0,0,0,0,0,0,0,0,0,0,0,0,0,0,0,0,0,0,0,0,0,0,2,0,0,2,0,0,0,0,0,NA,0,0,0,2,0,0,0,0,0,0,0,0,0,0,0,0,0,0,0,0,0,2,0,2,0,0,0,0,0,0,0,2,0,0,2,0,2,0,2,0,0,0,0,0,2,2,0,0,0,0,0,0,0,0,0,0,0,0,0,0,0,0,0,0,0,0,0,0,2,0,0,0,0,2,0,0,0,0,0,0,2,0,0,0,0,0,0,0,2,2,0,2,0,2,0,0,0,0,0,0,0,0,2,0,0,0,0,0,0,0,2,0,0,0,0,0,0,0,0,0,0,0,0,0,0,0,0,2,0,0,0,0,0,0,0,0,0,2,0,0,2,0,0,0,2,2,0,2,0,0,0,0,0,2,0,0,0,0,0,0,0,0,0,0,0,0,0,0,2,2,0,0,2,0,0,2,2,0,0,0,0,0,2,2,0,2,0,0,2,2,2,0,0,0,0,0,2,0,0,0,0,0,0,0,0,0,0,0,0,0,0,2,0,0,0,0,0,0,0,0,0,0,2,0,2,0,0,2,0,0,0,2,2,0,0,0,0,0,0,0,0,0,0,0,0,0,0,0,0,2,0,0,2,0,2,0,0,2,2,0,2,0,0,0,2,0,0,0,0,0,0,0,0,0,0,2,2,2,0,0,0,0,0,0,0,0,0,0,0,0,0,0,0,0,0,0,0,2,2,2,0,0,0,0,0,0,2,2,0,0,0,0,0,0,0,0,2,2,2,0,0,2,0,0,0,0,0,0,2,2,0,0,0,0,0,0,0,0,0,0,0,0,0,0,0,0,2,0,0,0,0,0,0,0,0,0,0,0,0,2,0,0,0,0,0,0,0,0,0,0,0,0,2,0,2,2,0,0,0,0,0,0,0,2,0,0,2,0,0,0,0,0,0,0,0,0,0,2,0,0,0,0,0,0,0,0,0,0,0,2,0,0,0,0,0,0,0,0,0,0,0,0,0,0,0,0,2,0,2,0,0,0,2,0,0,0,0,0,2,0,2,0,0,2,2,0,0,2,0,0,0,0,0,2,2,0,2,0,0,0,0,2,0,2,0,0,2,2,0,0,0,0,0,0,0,0,0,0,2,0,2,0,0,0,0,0,0,0,0,0,0,0,0,2,0,2,0,0,0,0,0,0,0,0,0,0,0,0,0,0,0,0,0,0,2,0,0,0,0,0,0,0,0,0,0,0,0,0,2,0,0,0,0,0,0,0,0,0,0,0,0,0,0,0,0,0,0,0,0,0,0,0,0,0,0,0,0,0,2,0,0,0,2,0,2,0,0,0,0,0,0,0,0,0,0,2,0,0,0,0,0,0,0,0,0,2,0,0,2,0,0,2,0,0,0,2,0,0,0,0,0,0,0,0,0,0,0,0,0,0,0,0,0,0,0,0,0,0,0,0,2,0,0,0,0,0,0,0,0,0,0,2,2,0,0,0,0,2,0,2,0,0,0,0,0,0,0,0,0,0,0,0,0,0,0,0,0,0,2,0,0,0,0,0,0,0,0,2,0,0,0,0,0,0,0,0,0,0,0,0,0,0,2,0,0,0,0,0,2,0,0,0,0,0,0,0,0,0,0,0,0,0,0,0,0,0,0,0,0,2,0,0,0,0,0,2,0,0,0,NA,0,0,2,0,0,2,2,0,0,2,0,2,0,0,0,0,2,0,0,2,0,0,0,0,0,2,0,0,0,2,0,0,0,2,0,2,2,0,0,0,0,0,0,0,0,0,2,2,0,0,2,0,2,2,0,0,0,0,0,0,0,0,0,0,0,2,0,2,0,0,0,0,0,0,0,0,0,0,0,2,0,0,0,0,0,0,0,0,0,0,2,0,0,0,0,2,0,0,2,0,2,0,0,0,2,0,0,0,0,0,0,0,0,0,0,0,0,0,0,0,0,0,0,0,2,0,0,0,2,0,0,2,0,0,0,0,0,2,0,0,0,0,0,0,0,0,0,0,0,0,0,0,0,0,0,0,0,0,0,0,0,0,2,0,0,0,0,0,0,0,0,0,0,2,0,0,0,0,0,0,0,0,0,0,0,0,0,0,0,0,0,0,2,0,0,0,0,0,0,0,0,2,2,0,0,2,0,0,0,0,0,0,0,0,0,0,0,0,0,0,0,2,0,0,2,0,0,0,0,0,0,0,0,0,0,0,0,0,0,0,0,0,0,2,0,0,0,0,0,0,0,0,0,0,2,0,2,0,0,0,0,0,0,2,0,0,0,0,0,0,0,0,0,0,0,0,0,0,0,0,0,0,0,0,0,0,0,0,0,0,0,0,0,0,0,0,0,0,0,0,2,0,0,0,0,0,2,0,0,0,0,2,0,0,0,2,2,0,0,0,0,0,0,2,2,2,0,0,0,0,0,0,0,2,2,0,0,0,0,0,0,0,0,0,0,0,0,2,2,0,0,0,0,0,0,0,0,2,0,2,0,0,0,2,0,0,0,0,0,2,0,0,0,0,2,0,0,0,0,0,0,2,0,0,0,0,0,0,0,0,0,0,0,0,0,NA,2,0,0,0,0,0,0,2,0,0,0,0,0,0,0,0,0,0,0,0,0,0,0,0,2,2,0,0,0,0,0,2,2,2,0,2,0,0,0,0,0,2,0,0,0,0,2,2,0,0,0,0,0,0,0,0,0,0,2,0,0,0,0,0,0,0,2,0,0,0,2,0,0,0,0,2,0,0,0,0,0,0,0,0,0,0,0,0,0,0,2,0,0,0,2,0,0,2,0,0,0,0,2,2,0,0,0,0,0,0,0,2,0,0,0,0,0,0,0,0,0,0,0,0,0,2,0,0,0,2,0,0,0,0,2,0,0,0,0,0,2,0,0,0,0,0,0,0,0,2,0,0,0,2,0,0,0,0,0,0,0,0,0,0,0,2,0,0,0,0,0,0,0,0,2,0,0,0,0,0,0,0,0,2,0,0,2,0,0,0,0,0,2,0,0,2,0,2,2,0,2,0,0,0,0,0,0,0,0,0,2,2,0,0,2,0,0,0,0,0,0,0,0,0,0,0,0,0,0,0,2,0,0,0,0,2,0,0,2,2,0,0,0,0,0,0,0,0,0,0,2,0,2,2,2,0,0,0,0,2,0,2,0,0,0,0,2,0,0,0,0,2,0,2,2,0,2,0,0,2,0,0,0,2,0,0,2,2,0,0,2,0,2,0,0,2,0,0,0,2,0,2,0,0,0,0,0,0,0,2,0,0,0,2,0,0,0,0,2,0,0,0,0,0,0,0,0,0,0,0,0,0,0,0,2,0,0,0,2,0,0,0,0,NA,2,2,0,2,0,0,2,0,0,0,0,0,0,0,0,0,0,2,2,0,0,0,2,0,0,0,0,0,0,0,0,0,2,0,2,2,0,2,0,0,0,0,0,2,0,0,0,0,0,2,2,0,0,0,0,2,0,0,0,0,0,0,0,0,0,0,0,0,0,0,0,0,0,0,0,0,0,0,0,0,2,0,0,0,0,0,0,0,2,0,0,2,0,0,0,0,0,0,0,0,2,0,0,0,0,2,0,0,0,0,0,0,2,0,0,0,0,0,0,0,0,0,0,2,0,0,0,0,2,0,0,0,0,0,0,0,2,2,0,0,0,2,0,0,0,0,0,0,0,0,2,0,0,0,2,0,0,0,0,0,0,0,0,0,0,0,2,0,0,0,0,0,0,0,0,0,0,2,0,2,0,0,0,0,0,2,2,2,2,0,0,0,0,0,2,0,2,0,0,0,0,0,0,0,0,0,0,0,2,0,0,0,0,2,0,2,0,0,2,2,0,0,0,0,0,2,0,2,0,0,0,2,2,0,2,0,2,0,0,2,2,2,0,2,0,2,0,2,2,0,0,0,2,0,0,0,0,0,0,2,0,0,0,0,0,0,0,0,0,0,0,0,0,0,2,0,0,0,0,0,0,2,0,0,0,0,0,0,0,0,0,0,0,0,0,0,0,0,0,0,0,0,2,0,0,2,0,0,0,0,0,0,0,0,0,0,0,0,0,0,0,0,0,0,0,0,0,0,0,0,0,0,0,0,0,0,0,2,0,0,0,0,0,0,0,0,0,0,0,0,0,0,0,0,2,0,2,0,0,0,0,0,0,NA,0,0,0,0,0,2,0,0,0,0,2,2,0,0,0,0,0,2,0,2,2,2,2,0,0,2,0,0,0,0,2,2,0,2,0,2,0,0,0,0,0,2,2,0,0,2,0,2,0,0,0,2,2,0,2,0,0,2,0,0,2,0,0,0,0,0,2,0,0,0,2,0,0,0,2,0,0,0,0,0,0,0,0,0,0,0,0,0,2,0,0,0,0,0,0,2,0,2,2,0,0,0,0,0,0,0,0,0,0,0,2,0,2,2,0,0,0,0,0,2,0,0,2,0,0,0,2,0,2,0,0,0,0,0,0,0,2,2,0,0,0,0,2,0,0,0,0,0,0,0,0,2,0,0,0,0,0,0,2,0,0,0,0,0,0,2,0,0,0,0,0,2,2,0,0,2,0,0,2,0,0,0,0,2,0,0,0,0,0,0,0,0,0,0,0,0,0,0,2,0,0,2,2,0,0,2,0,0,0,0,2,0,0,0,0,0,0,0,0,0,0,0,0,0,0,0,2,0,0,2,2,0,0,2,0,0,0,2,2,0,0,0,2,0,0,0,0,0,0,0,0,0,0,0,0,0,0,0,2,0,0,0,0,0,2,2,0,0,2,0,2,2,0,2,0,0,2,0,0,0,0,0,2,0,0,0,0,0,0,0,0,0,0,0,0,0,0,0,0,0,0,0,2,2,2,2,0,0,0,0,0,0,0,0,0,0,0,0,0,2,0,2,0,0,0,0,0,0,2,0,0,0,0,0,2,0,2,2,0,0,0,0,0,0,2,0,2,0,2,2,2,2,0,0,0,2,0,0,0,0,0,0,0,0,2,0,0,0,0,2,2,0,0,0,0,0,0,0,0,0,0,0,0,0,0,0,0,0,0,0,0,0,0,0,0,0,2,0,2,0,0,0,0,0,0,0,0,2,0,0,0,2,0,0,2,0,0,0,0,0,0,0,0,0,0,2,0,0,0,0,0,2,0,0,0,0,0,0,0,2,2,0,0,0,2,0,0,2,0,0,2,2,0,2,0,0,0,0,0,0,2,2,0,0,0,2,0,0,0,0,2,0,0,0,0,0,0,0,0,2,0,2,0,0,2,2,0,2,0,0,0,0,2,0,2,0,2,0,0,0,0,0,0,0,0,0,0,0,0,0,2,0,0,0,2,0,0,0,0,0,0,0,0,0,0,0,0,0,0,2,0,0,2,0,0,0,2,0,0,0,0,0,0,0,0,2,0,2,0,0,0,2,0,2,0,0,2,0,0,2,2,2,2,0,0,2,2,0,0,0,0,2,0,0,0,0,0,0,0,0,0,0,0,0,0,0,0,0,0,0,0,0,0,0,2,2,0,2,0,0,0,0,0,0,0,2,2,0,0,0,0,0,0,2,0,2,0,0,0,2,0,0,0,2,0,0,0,0,0,0,0,0,0,0,0,0,0,0,2,0,0,0,0,2,0,0,0,0,0,0,2,2,2,0,2,2,2,0,0,0,NA,2,0,2,0,2,0,0,2,2,0,2,0,0,2,0,0,0,0,0,0,2,2,0,0,0,0,0,2,0,0,0,0,0,0,0,0,0,0,0,0,0,0,2,0,0,0,2,0,0,2,0,0,0,0,2,0,0,0,0,2,0,0,0,0,0,0,0,0,0,2,0,2,0,0,0,0,2,0,0,0,0,0,0,2,0,2,0,0,0,0,0,0,0,0,2,0,0,0,0,0,0,2,0,0,0,0,0,0,0,0,2,2,0,0,0,0,0,0,0,0,0,0,2,0,0,0,0,0,0,0,2,2,2,2,0,0,0,0,0,2,2,2,0,0,0,2,0,2,2,0,0,0,0,0,0,2,0,0,0,0,0,0,0,2,0,0,2,0,2,0,0,0,0,0,0,2,0,0,0,0,0,2,0,0,0,0,0,0,0,0,0,2,0,0,0,0,2,0,0,0,0,0,0,0,0,2,0,0,0,2,2,0,0,0,0,0,0,0,0,0,0,0,0,2,0,0,0,0,2,0,0,0,0,2,0,0,0,2,0,0,0,0,2,0,0,0,0,0,2,0,0,0,0,0,0,2,0,0,0,0,0,0,0,0,0,2,0,2,0,0,0,0,0,0,0,0,0,0,0,0,2,0,0,0,0,0,0,0,0,0,0,2,0,0,0,0,0,0,0,0,0,0,2,0,0,0,0,0,2,0,0,0,0,0,0,0,0,0,0,0,0,0,0,0,0,0,0,0,0,0,0,0,0,0,0,0,0,0,0,0,0,0,0,0,0,0,2,0,0,0,0,0,0,2,0,2,0,0,0,2,2,2,2,0,2,0,0,0,0,0,2,0,0,0,2,2,0,0,0,2,0,0,0,2,0,0,0,0,0,2,2,0,0,0,0,2,0,0,0,0,0,0,0,0,0,0,2,0,2,0,0,2,0,0,0,0,2,0,0,0,2,0,0,0,0,0,0,0,0,2,2,0,2,0,2,2,0,2,0,2,0,0,0,0,0,0,0,0,0,0,2,0,0,0,2,0,0,2,2,2,0,0,0,0,2,0,0,2,0,0,0,0,0,2,0,0,2,0,0,0,0,0,2,2,0,0,0,0,0,0,0,0,2,0,0,2,0,0,0,0,0,0,0,0,0,0,0,0,0,0,0,0,0,2,0,0,0,0,0,0,0,2,0,2,0,0,0,0,0,2,0,0,0,0,2,0,2,0,2,0,0,0,0,0,0,0,0,0,0,0,0,0,0,0,0,0,0,0,0,2,0,0,0,0,0,0,0,0,0,2,0,0,0,0,0,0,0,0,0,2,0,0,0,2,0,0,0,0,2,0,0,2,0,2,0,0,2,0,0,0,0,2,0,0,2,0,0,0,0,0,2,0,0,0,0,0,2,0,0,0,0,0,0,0,0,0,0,0,0,0,2,0,0,0,0,0,0,0,0,0,0,2,0,0,2,0,0,0,0,0,0,0,0,0,0,0,2,0,0,0,0,0,0,0,0,0,0,0,0,0,0,0,0,0,2,0,0,0,0,0,0,0,0,0,0,0,2,0,0,0,0,0,0,0,0,0,0,2,2,0,2,0,0,2,0,0,2,2,2,0,0,0,0,0,0,0,0,2,0,0,0,0,2,0,0,0,0,0,0,0,2,0,0,0,0,2,0,2,0,0,0,0,0,0,0,0,2,0,0,2,0,0,2,0,0,2,0,0,0,0,0,0,2,0,0,0,0,0,2,2,0,0,0,0,0,0,2,0,0,0,0,2,0,0,0,0,0,0,0,2,0,0,0,0,2,0,0,0,0,2,0,0,2,0,0,0,0,2,0,0,0,2,2,2,0,2,0,0,0,2,0,0,0,0,2,2,0,0,0,0,0,0,0,0,0,0,0,0,2,0,0,0,0,0,0,0,0,0,2,0,0,0,0,0,0,0,2,0,0,2,0,0,0,0,2,0,0,0,0,NA,0,0,0,0,0,0,0,0,0,0,0,0,0,0,0,0,0,0,0,0,0,0,0,0,0,2,0,2,0,0,0,0,0,0,0,0,0,0,0,0,0,0,2,2,0,0,0,0,0,0,0,0,0,0,0,2,0,0,0,0,0,0,2,0,0,2,0,0,0,0,0,0,2,0,0,0,0,0,0,2,0,0,0,0,0,0,2,0,0,0,0,0,0,0,0,0,2,0,0,0,0,0,0,0,0,0,2,0,0,0,0,2,0,0,0,0,0,2,0,0,0,0,0,2,0,0,2,0,0,0,2,0,0,2,0,0,0,0,2,0,0,0,0,0,0,0,0,2,2,0,0,0,2,0,0,0,0,2,0,2,0,0,0,2,0,2,0,0,0,0,0,0,0,0,0,0,0,2,0,0,2,0,0,0,0,0,0,0,2,2,0,0,2,0,0,0,0,0,0,2,0,0,0,0,0,2,0,2,0,0,2,0,0,0,0,0,0,0,2,0,0,2,0,0,0,0,0,0,0,0,2,0,2,0,0,0,2,0,0,0,0,0,0,0,0,0,0,0,0,2,2,2,0,0,0,0,0,2,0,0,0,0,2,2,0,2,0,2,2,0,2,0,0,2,0,2,0,0,0,0,0,0,0,0,2,0,0,0,2,0,0,2,0,0,0,0,0,0,0,0,0,2,0,0,0,2,0,0,0,0,0,0,2,0,2,0,2,0,0,0,0,2,0,0,2,2,0,0,0,0,2,0,2,0,2,0,2,0,0,0,0,0,0,2,0,0,2,0,0,0,0,0,0,0,0,2,0,0,0,0,2,0,2,0,0,2,0,0,0,0,2,2,0,2,0,2,2,2,0,0,0,0,0,0
"CC57",0,2,0,0,0,0,0,0,0,0,2,0,0,0,2,2,0,0,0,2,0,2,0,2,0,0,0,0,0,2,0,2,0,2,2,2,0,0,0,2,2,0,0,0,0,0,0,2,0,0,0,0,0,0,0,2,2,0,0,0,0,0,0,0,2,0,0,0,0,0,0,2,0,0,0,0,0,0,0,0,0,0,0,0,0,0,0,0,2,0,0,0,0,0,2,2,0,0,0,0,0,0,0,0,0,0,0,0,0,0,2,2,0,0,0,0,0,0,0,0,0,0,2,0,0,2,0,2,2,0,0,0,0,0,0,0,0,0,0,0,0,0,2,0,0,0,0,2,0,2,2,0,0,0,0,0,0,0,0,0,0,0,0,0,0,0,2,0,0,0,0,0,0,0,0,0,0,0,0,0,0,0,2,0,2,0,0,2,0,0,0,0,2,0,0,0,0,0,0,0,0,0,0,0,0,0,0,0,0,0,0,0,0,0,0,2,0,0,0,0,0,0,0,0,2,0,0,2,0,0,0,0,2,0,2,0,2,0,0,0,0,0,0,0,0,2,2,0,0,0,0,0,0,0,0,0,0,2,0,0,2,0,0,0,0,0,2,2,0,2,0,0,0,0,0,0,0,0,0,0,2,0,0,0,0,0,0,0,0,0,0,2,2,0,0,0,2,0,0,0,0,0,0,0,0,0,2,0,2,0,0,2,0,0,0,0,0,NA,0,2,0,2,2,0,0,0,0,0,2,2,0,0,0,0,0,2,0,0,0,0,0,2,0,0,0,0,0,0,0,0,2,2,0,0,0,2,0,0,0,0,0,0,0,2,0,0,2,0,0,2,0,0,0,0,0,0,0,0,0,0,0,0,0,0,0,0,0,0,0,2,0,0,2,0,0,0,0,0,0,0,0,0,0,2,0,2,0,0,0,0,0,0,0,0,0,0,0,0,0,0,0,2,0,0,0,2,0,0,2,2,0,0,0,2,0,0,0,0,0,0,0,0,0,0,0,0,0,0,0,0,0,0,0,0,2,2,0,0,0,0,0,0,2,0,0,0,0,2,0,0,0,0,2,0,0,2,0,0,0,2,0,0,0,0,2,0,2,0,0,2,0,0,0,0,0,0,0,0,0,0,0,0,0,0,0,0,0,0,0,0,0,2,2,0,0,0,0,0,0,0,0,0,0,0,0,0,0,0,0,0,0,0,0,0,0,0,0,0,0,2,0,0,0,2,0,0,2,0,0,0,0,0,0,0,0,0,0,0,0,0,0,2,0,0,2,0,0,2,0,0,0,0,0,0,0,2,0,0,2,2,0,0,0,2,2,2,0,0,0,2,0,0,0,0,0,0,2,0,2,0,0,2,0,2,0,0,2,2,2,0,0,0,0,0,0,0,2,0,0,0,2,0,0,0,0,0,0,0,0,0,0,0,0,2,2,0,0,0,0,0,0,0,0,2,2,2,0,2,0,0,0,0,0,0,0,0,0,0,0,0,2,0,0,0,0,2,0,0,0,2,0,0,0,0,0,0,0,0,0,0,0,0,0,0,2,0,0,0,2,0,0,0,0,0,0,0,0,2,2,0,0,0,0,0,0,0,0,0,2,0,0,0,2,0,0,2,0,0,0,0,0,0,0,0,2,0,0,0,0,0,0,0,0,0,0,0,0,0,0,0,0,0,0,0,0,0,0,2,0,2,0,0,0,2,0,0,0,0,0,0,0,0,0,0,0,2,0,0,0,0,0,0,0,0,0,0,0,2,0,0,0,0,0,0,0,2,0,0,0,0,0,0,0,0,0,2,0,0,0,0,0,0,2,0,0,0,0,2,0,0,0,0,0,0,0,0,0,0,0,0,0,2,2,2,0,0,2,0,0,2,2,0,0,0,0,0,2,2,0,2,0,2,2,0,0,0,2,0,0,2,2,2,2,0,2,0,0,2,2,0,2,0,0,0,0,0,2,0,0,0,0,0,0,2,2,0,0,2,0,0,0,0,0,2,0,2,0,2,0,0,0,0,0,0,0,2,0,0,0,2,0,0,0,0,0,0,0,2,0,0,0,0,0,0,0,2,0,0,0,0,2,0,0,0,0,0,0,2,0,0,2,0,0,0,0,0,0,0,0,0,0,0,0,0,2,0,0,0,0,2,0,0,2,0,0,NA,0,0,0,2,0,0,0,0,0,0,0,0,0,2,0,0,0,0,0,0,0,0,2,2,0,0,0,0,0,0,0,0,0,0,0,2,2,2,0,0,2,0,2,0,0,0,0,0,0,0,0,0,0,2,0,0,0,0,0,0,0,2,0,0,0,0,0,0,2,0,0,0,2,2,2,0,0,0,2,0,0,2,2,0,0,0,0,0,0,2,0,0,0,2,0,0,0,0,2,0,0,0,0,0,0,0,0,2,0,0,0,0,2,0,0,0,0,2,NA,2,0,0,0,0,0,0,0,0,2,0,0,0,0,0,0,2,2,2,0,0,0,0,0,0,0,0,2,0,0,0,0,0,0,2,0,0,0,0,0,0,0,2,0,0,0,0,0,2,0,0,0,2,0,0,0,0,2,0,0,0,0,2,2,0,0,0,0,0,0,0,0,0,0,0,0,0,0,0,0,0,0,0,0,2,2,2,0,0,0,2,0,0,0,2,0,0,0,0,2,0,0,0,0,0,0,2,0,0,0,0,0,0,0,0,0,2,0,0,0,0,0,0,0,0,2,2,0,0,2,0,0,0,2,2,0,0,0,0,0,2,0,0,0,0,0,0,2,0,0,0,0,2,0,2,0,0,0,0,0,0,2,0,0,0,0,0,0,0,0,0,0,0,0,0,0,0,2,0,0,0,0,0,0,0,0,0,2,0,0,0,0,2,0,0,NA,0,0,0,0,0,0,2,0,0,0,0,2,0,2,0,0,0,0,0,0,0,0,0,0,0,0,0,0,2,0,0,0,0,2,0,0,0,0,0,0,0,0,0,0,0,0,0,0,0,0,0,0,0,0,0,0,0,2,0,0,0,0,0,0,0,0,0,0,0,0,0,2,0,0,0,0,0,0,0,0,0,0,2,0,0,0,0,0,0,0,0,0,0,0,0,0,0,0,2,2,2,0,0,0,0,0,0,0,0,0,0,0,0,0,0,0,0,0,0,0,0,0,0,0,0,0,0,2,0,0,0,0,0,0,0,0,0,2,0,0,0,0,2,2,2,0,0,0,0,0,0,0,2,0,0,0,0,0,0,0,0,0,0,2,0,0,0,0,0,0,0,0,0,0,0,0,0,0,0,0,0,0,0,0,0,0,0,2,2,0,0,0,0,0,0,0,0,0,0,0,2,0,0,0,0,0,0,0,0,0,0,0,0,0,0,0,2,0,0,0,0,0,0,0,0,0,0,0,0,0,0,0,0,0,0,0,0,0,0,0,0,2,0,0,2,0,0,0,0,0,0,2,2,0,2,0,0,0,0,2,0,0,0,0,0,2,0,0,0,0,0,0,0,0,2,0,0,0,0,2,2,2,0,0,2,2,2,0,2,0,0,0,0,2,2,0,2,0,0,0,2,0,0,0,0,0,0,0,0,0,0,0,2,0,0,2,2,0,0,0,0,2,0,0,0,0,2,0,0,0,0,0,0,0,0,0,0,2,2,0,0,0,0,0,0,0,0,0,0,0,0,0,0,2,2,0,0,2,0,0,2,0,0,0,0,0,2,0,0,0,2,0,0,0,0,0,0,0,0,0,0,2,0,0,0,0,0,0,0,0,2,0,0,0,0,0,2,0,0,0,0,0,0,0,0,0,0,2,0,2,0,0,0,0,0,0,0,2,2,0,0,0,0,0,2,0,0,0,2,0,0,0,0,0,2,0,0,0,2,2,0,0,0,2,0,2,0,0,0,0,0,0,0,0,0,0,0,2,0,2,0,0,0,0,0,0,0,0,2,2,0,0,0,0,0,0,0,0,0,0,0,2,0,0,2,0,0,0,0,0,0,0,0,0,0,0,0,0,0,0,0,0,0,0,0,0,0,0,0,0,2,0,0,0,0,0,0,0,0,0,0,0,0,0,0,0,0,0,0,0,0,2,0,0,0,0,0,0,0,0,0,0,0,0,0,0,0,0,0,0,0,0,0,0,0,0,0,0,0,0,0,0,0,0,0,0,2,0,0,0,0,2,0,0,0,0,0,0,0,0,0,0,0,0,0,0,0,0,0,0,0,0,0,2,0,0,0,0,2,0,0,0,0,0,0,0,0,0,0,0,2,2,0,0,0,0,0,0,0,0,0,0,0,0,0,0,0,0,0,2,0,0,2,0,0,0,0,0,2,0,0,2,0,0,0,2,0,0,2,0,0,0,0,0,0,2,0,0,0,0,0,0,0,2,0,0,0,0,0,0,0,0,0,0,0,0,0,0,2,0,0,0,2,0,0,0,0,0,2,0,0,0,0,2,2,0,2,0,2,0,0,0,0,0,0,0,2,0,0,2,2,0,0,2,0,0,0,0,0,0,2,0,0,0,0,0,0,0,0,0,0,0,0,0,0,2,0,0,0,2,0,0,0,0,2,0,0,0,0,0,0,0,0,2,0,0,0,0,0,0,2,0,0,0,2,0,0,0,0,2,0,0,0,2,0,0,0,0,0,0,0,0,0,0,0,0,0,0,2,0,0,0,2,0,0,0,0,0,0,0,0,0,0,2,0,0,2,0,0,0,0,0,0,0,0,0,2,0,0,0,0,0,0,0,0,0,2,0,0,0,0,2,0,0,0,2,0,2,0,0,0,2,0,0,2,0,0,0,0,0,2,0,2,0,0,0,0,0,0,0,0,0,0,0,0,0,2,0,0,0,0,2,2,0,0,2,2,0,0,2,0,2,0,0,0,0,2,0,0,0,0,2,0,2,2,2,0,0,0,0,2,0,0,2,0,0,0,0,0,0,0,0,0,0,0,0,0,2,2,2,0,2,0,0,0,0,0,2,0,0,0,0,0,0,0,2,2,0,2,0,0,2,0,0,0,2,2,0,2,0,0,0,0,2,0,NA,0,2,2,2,0,0,0,0,0,2,2,0,0,2,2,2,0,2,0,0,2,0,2,0,0,0,2,0,0,2,0,0,0,0,0,0,0,0,0,0,0,0,0,0,2,0,0,2,0,2,0,0,2,0,0,0,0,2,0,0,2,2,0,0,0,0,0,0,0,0,0,0,2,0,0,2,0,0,0,0,2,0,0,0,0,0,0,0,0,0,2,0,2,0,0,0,0,0,0,0,0,0,0,0,2,0,0,0,0,0,0,0,0,0,0,0,0,0,0,2,2,0,0,0,0,0,0,0,2,0,2,0,0,2,0,0,2,2,2,0,2,2,2,2,0,0,0,0,0,0,0,0,2,0,0,0,2,2,0,0,0,0,0,0,0,0,0,0,0,2,2,0,0,2,2,0,0,2,2,0,2,0,0,0,2,0,0,0,0,0,2,0,2,NA,0,0,0,0,2,0,0,0,2,0,0,2,0,0,0,0,0,0,0,0,0,0,0,0,0,2,2,0,2,0,0,0,0,2,0,0,2,0,2,0,0,0,0,0,0,0,0,0,0,0,0,0,0,0,0,2,0,0,0,0,0,2,0,0,0,0,2,0,0,0,2,2,0,0,0,0,0,2,0,2,0,0,0,0,0,0,2,0,2,NA,0,0,0,2,0,0,2,0,0,2,0,0,0,0,0,0,0,0,0,0,0,0,2,0,0,0,0,0,2,2,2,2,0,0,0,0,0,0,0,0,0,0,0,0,0,2,2,0,2,2,0,2,2,2,2,0,0,2,2,0,0,0,2,0,0,0,2,0,2,2,0,2,0,0,0,0,0,0,0,2,0,0,2,0,0,2,2,0,0,2,0,0,0,2,0,2,2,0,0,0,0,0,2,0,0,0,0,2,2,0,2,0,0,0,0,2,2,2,0,0,0,0,0,0,0,0,0,0,0,0,0,0,0,0,0,0,2,0,0,0,2,2,2,0,2,0,2,0,0,0,0,0,2,0,0,0,0,2,0,0,0,0,2,0,0,0,0,0,0,0,0,0,0,0,0,0,0,0,0,0,2,0,0,0,0,0,0,0,0,0,0,0,0,0,0,0,2,0,0,0,0,0,0,0,0,0,0,0,0,0,0,0,0,0,0,0,0,0,2,2,NA,2,0,0,0,0,0,2,0,2,0,0,0,0,NA,2,0,0,2,0,2,0,2,0,2,0,0,2,0,0,0,0,2,0,0,0,0,0,2,0,0,2,0,0,2,0,0,0,0,0,0,0,0,0,0,0,0,0,2,2,0,0,2,2,0,0,0,2,0,0,2,0,0,0,0,0,0,0,0,2,2,0,0,2,0,0,0,0,2,0,0,0,0,0,2,0,0,0,0,0,2,0,2,0,2,0,0,0,0,0,0,0,0,0,0,0,0,0,0,0,0,0,0,0,2,0,0,0,0,0,0,0,0,0,0,0,2,0,0,0,2,0,2,2,0,0,0,0,0,0,2,0,0,0,0,0,0,2,2,2,0,2,0,2,2,0,0,2,0,2,2,0,0,0,0,0,0,0,0,0,0,2,0,0,0,2,0,0,0,0,0,0,0,0,0,0,2,2,0,0,0,0,0,2,0,0,0,2,0,0,0,0,0,0,0,0,0,0,0,2,0,0,0,0,0,0,0,0,2,0,0,0,0,0,2,0,0,0,0,0,0,2,2,0,0,0,0,0,0,0,0,0,0,0,0,0,2,0,0,0,2,0,0,0,0,0,2,0,0,2,2,0,0,0,0,0,0,0,0,0,0,0,0,0,0,0,0,2,2,0,2,0,0,0,0,0,0,0,0,0,0,0,0,0,0,0,0,0,0,0,0,0,0,2,0,0,0,0,0,0,2,2,2,0,2,0,0,0,0,0,0,2,0,0,2,2,0,0,0,2,0,0,0,0,0,0,0,0,0,0,0,0,0,0,0,0,0,0,2,0,0,0,0,0,0,0,0,0,0,0,2,0,0,2,0,0,0,0,0,2,2,2,0,0,0,0,0,0,0,0,0,0,0,0,0,0,0,0,2,0,2,0,0,2,0,0,0,0,0,2,2,0,0,2,0,0,2,2,0,0,0,2,0,0,0,0,0,0,2,0,0,0,0,0,0,0,0,0,0,0,0,0,2,0,2,0,2,0,0,0,0,0,0,0,2,0,0,0,0,2,0,0,0,0,0,0,2,0,0,0,0,0,0,2,0,0,0,0,0,0,0,0,0,0,0,0,0,2,0,0,0,0,0,0,2,0,0,0,0,0,0,0,0,0,0,0,0,0,0,0,0,0,2,0,0,0,0,2,2,0,2,0,0,0,0,0,2,0,0,0,0,0,0,0,0,0,0,0,0,0,0,0,0,0,0,0,2,0,0,0,0,0,0,2,0,0,0,0,0,0,0,0,0,0,0,0,0,0,0,2,0,2,0,0,0,0,2,2,0,0,2,0,2,0,2,0,2,0,0,2,0,0,0,0,0,0,2,0,0,0,0,0,2,2,0,0,0,0,0,0,0,2,0,0,0,2,0,0,0,2,0,0,0,0,0,0,2,0,2,0,0,0,0,0,0,0,0,0,0,0,0,0,0,0,0,0,2,2,0,0,0,0,0,0,0,0,0,0,0,2,0,2,2,0,0,0,0,0,2,0,0,0,0,0,0,0,0,0,0,0,0,0,0,0,0,0,2,0,0,0,0,0,0,0,0,0,0,0,0,0,0,0,0,2,0,0,0,0,0,0,0,0,0,0,0,0,0,0,0,0,2,0,0,0,0,0,0,0,0,0,0,0,0,0,0,0,0,0,0,0,0,0,0,0,0,0,0,0,0,0,0,0,0,0,0,0,0,0,0,0,0,0,0,0,0,0,0,0,0,0,0,0,0,0,0,0,2,0,0,0,2,0,0,0,0,0,0,0,0,0,0,2,2,0,0,0,0,2,0,0,2,0,0,0,2,2,2,0,2,2,0,0,0,0,0,2,0,0,0,2,0,0,2,0,0,2,0,0,0,0,0,2,0,0,0,0,0,2,0,0,0,0,0,0,0,0,0,0,0,0,0,2,2,0,2,0,0,2,0,0,0,0,0,2,0,2,0,0,2,0,0,2,2,2,2,0,2,2,0,2,0,2,0,2,0,2,2,0,2,0,2,0,0,0,2,2,2,0,0,0,2,0,0,0,0,0,2,0,0,0,0,0,2,2,2,0,0,0,2,0,0,0,0,0,0,0,0,0,0,0,0,0,0,0,0,0,0,2,0,0,2,0,0,0,0,0,0,0,0,0,0,0,0,0,0,0,0,0,0,0,0,0,0,0,0,2,0,0,0,0,0,0,0,0,0,2,0,0,2,0,0,0,0,0,0,0,0,0,2,2,0,0,0,2,2,0,2,0,0,2,2,0,0,0,0,0,0,0,0,2,2,0,0,0,0,0,0,0,0,2,0,0,0,0,0,0,0,0,2,0,0,0,0,2,0,2,2,0,0,0,0,2,0,0,0,0,0,0,0,0,0,0,0,0,2,0,0,0,0,0,0,0,0,0,2,0,0,0,0,0,2,0,0,0,0,0,0,2,0,0,0,2,0,0,2,0,0,2,0,0,0,0,0,0,0,0,2,0,0,0,0,0,0,2,0,0,0,0,0,0,0,0,0,0,0,2,2,0,0,0,0,0,0,0,0,0,0,0,0,0,0,2,0,0,0,0,0,0,0,0,0,0,0,0,0,0,2,0,0,0,0,0,0,0,0,2,0,0,0,0,0,0,2,0,0,0,0,NA,2,0,0,2,0,0,0,0,0,0,0,0,0,0,0,2,0,0,0,2,0,0,0,0,2,0,0,0,2,2,2,0,2,0,0,0,0,0,0,0,0,0,0,0,0,0,0,2,0,0,0,0,0,0,0,0,0,0,0,0,0,2,0,0,0,0,0,0,0,2,0,0,0,0,0,0,0,0,0,0,0,0,0,0,2,0,0,0,2,0,0,0,0,0,0,0,2,0,0,0,0,2,0,0,0,0,0,0,0,0,0,0,0,0,0,0,0,0,0,0,0,0,0,0,0,2,0,0,0,0,0,2,0,0,0,0,2,0,0,0,0,0,0,2,0,0,0,0,0,0,0,0,2,2,0,0,0,0,0,0,0,0,0,0,2,0,0,0,0,0,0,0,2,2,2,2,0,0,0,0,0,2,0,0,0,0,0,2,0,0,2,0,0,0,0,0,0,2,0,0,0,0,0,0,0,2,0,0,2,0,2,0,0,0,0,0,0,2,0,0,0,0,0,2,0,0,0,0,0,2,0,0,0,0,0,0,0,2,2,0,0,0,0,0,2,0,0,2,0,0,0,0,0,0,0,0,0,0,0,0,0,0,0,0,0,2,0,0,2,2,0,0,0,0,0,0,0,2,0,0,0,0,0,0,2,0,0,0,0,2,0,0,0,0,0,0,0,2,0,0,0,0,0,0,0,2,0,0,0,0,0,2,0,0,0,0,0,0,2,2,0,0,0,0,0,2,0,0,0,0,0,2,2,2,0,0,0,0,0,0,0,0,0,0,0,2,0,0,0,2,0,0,0,0,NA,2,0,2,0,0,0,0,2,0,0,0,0,0,0,2,0,0,0,0,0,0,0,0,0,0,2,0,0,2,0,0,0,0,2,0,0,2,0,0,0,0,0,2,0,0,0,0,0,2,2,0,2,0,0,0,0,0,0,0,0,0,0,2,0,2,0,0,0,0,0,2,0,0,0,0,0,2,2,0,2,0,0,2,0,0,0,0,0,0,0,0,0,2,2,0,2,2,0,0,0,0,0,0,0,2,0,0,0,0,0,0,0,2,0,0,0,0,0,0,0,2,0,0,0,0,0,0,0,0,0,0,0,0,0,0,0,0,0,0,0,0,2,0,0,0,2,2,0,0,0,0,0,0,0,0,0,0,0,2,0,0,0,0,0,0,0,0,0,0,0,0,0,0,0,0,0,0,0,0,2,0,0,2,0,0,0,0,0,0,0,0,0,0,0,0,0,0,0,0,0,2,0,0,0,2,0,0,2,0,0,0,0,0,0,0,0,2,0,2,0,0,2,0,2,0,2,0,0,0,0,0,0,0,0,0,0,0,0,2,0,2,0,0,0,0,2,0,2,0,0,0,0,0,0,0,0,2,0,0,0,0,0,0,2,2,0,0,0,0,0,2,0,0,0,2,2,0,2,2,0,0,2,0,0,0,0,0,0,0,0,0,0,0,0,0,0,0,0,0,0,0,0,0,2,0,0,0,0,0,0,0,0,0,0,0,0,0,2,0,0,0,0,0,0,0,0,0,0,2,0,0,2,0,0,0,0,0,0,0,2,0,0,0,2,0,0,0,0,0,0,0,0,0,2,0,0,2,0,0,0,0,2,0,0,0,0,0,0,0,0,0,0,0,0,0,0,0,0,0,0,0,0,0,0,0,2,2,0,2,0,2,0,0,2,0,0,0,0,0,0,0,0,0,0,2,0,0,0,0,2,0,0,0,0,0,0,0,2,0,0,0,0,2,0,0,0,0,0,0,0,0,2,0,0,0,0,0,0,0,2,2,0,0,0,0,0,0,2,0,2,0,0,0,0,0,0,0,0,0,0,0,0,0,2,0,0,0,2,2,0,2,0,0,0,2,0,2,0,0,0,0,0,0,0,0,0,2,0,0,0,0,2,0,0,0,0,0,0,2,0,2,0,0,2,2,0,2,0,0,0,0,2,2,0,0,0,0,0,0,2,0,0,0,0,0,2,0,0,0,2,0,0,0,0,0,0,0,0,0,2,2,0,0,2,0,0,2,0,0,0,0,0,0,0,0,0,0,0,0,0,0,0,0,0,0,0,0,0,0,2,0,0,0,0,0,0,2,0,0,0,0,0,2,0,0,0,2,0,0,0,0,2,0,0,0,0,0,0,0,2,2,0,0,0,0,0,0,0,0,0,0,0,2,0,0,0,0,0,0,2,2,0,2,0,0,0,0,0,0,2,2,2,0,0,0,0,0,2,0,0,0,0,NA,0,0,2,0,2,0,0,0,0,0,2,0,0,0,0,2,0,0,0,0,2,0,2,2,0,2,0,0,2,0,0,0,0,0,2,0,2,0,0,0,2,0,0,0,2,2,0,2,0,0,0,0,2,2,0,0,0,2,2,0,0,2,0,0,0,0,2,0,2,0,2,0,2,0,0,0,0,0,0,2,0,0,0,0,0,0,0,0,0,0,0,2,0,0,0,0,0,0,0,0,0,0,2,2,2,0,0,0,0,0,0,0,0,2,2,0,0,0,0,0,0,0,2,0,2,0,0,0,2,0,2,0,2,0,0,0,2,0,0,2,2,0,0,0,0,0,0,0,0,2,0,0,0,0,2,0,0,2,2,0,NA,0,0,2,0,2,0,2,0,0,2,0,0,0,0,0,0,2,0,2,0,0,2,0,2,0,0,0,0,2,0,0,0,2,0,NA,0,0,2,0,0,0,2,0,2,0,0,2,0,0,0,2,2,0,2,0,2,0,0,0,0,0,0,0,0,0,0,0,2,2,0,0,0,0,0,0,0,0,2,0,2,0,2,2,0,0,2,0,0,0,0,0,0,0,0,0,0,0,2,0,0,0,2,2,2,2,0,0,0,2,0,2,0,0,0,0,0,0,0,2,0,2,0,0,0,0,0,0,0,0,0,0,2,0,0,0,2,2
"CC58",0,0,0,0,0,0,0,0,0,0,0,0,0,0,0,2,0,0,0,0,2,2,0,0,2,NA,0,2,0,0,0,0,0,0,2,0,0,0,0,2,2,0,2,2,NA,0,2,2,0,0,0,0,0,0,0,0,2,0,0,0,0,0,2,2,0,0,0,0,0,0,2,0,0,2,2,0,0,2,0,2,0,2,0,0,0,0,0,0,0,0,0,2,0,0,0,0,0,0,2,2,0,0,0,2,2,0,0,2,0,0,0,2,0,0,0,0,0,0,0,2,0,0,0,0,0,0,0,0,0,2,0,0,0,2,0,0,0,2,0,0,0,0,2,2,0,0,2,0,0,0,2,2,0,0,2,0,0,0,2,0,2,0,0,0,2,0,0,0,0,0,0,0,0,0,NA,0,0,0,0,0,0,0,0,0,2,0,0,0,0,2,0,NA,2,0,2,0,0,NA,0,0,0,2,0,0,NA,0,0,0,0,0,0,0,0,0,0,0,0,0,0,0,2,0,0,0,0,0,2,2,0,0,0,0,2,0,2,0,0,0,0,2,2,0,2,0,0,2,0,0,0,0,0,0,0,0,0,2,0,0,0,0,2,0,0,0,2,2,2,0,0,2,0,0,0,2,2,0,0,0,0,2,2,0,0,0,0,0,0,0,0,0,0,2,2,0,0,0,2,0,0,0,0,0,0,2,0,0,2,0,2,0,2,2,2,0,0,0,0,2,0,0,0,2,2,0,0,0,0,0,2,2,0,0,2,0,0,2,0,0,2,0,0,2,0,0,0,0,0,0,0,0,0,0,0,0,0,0,0,0,0,0,2,0,0,2,0,2,2,0,2,0,0,0,0,0,0,0,0,0,0,0,2,0,0,0,0,0,2,0,0,2,0,0,2,0,0,0,0,0,0,0,0,2,0,2,0,2,0,0,0,2,0,2,0,0,0,0,0,0,2,0,0,2,0,0,2,0,0,2,0,0,0,0,0,0,0,0,0,0,0,0,0,0,0,0,0,2,0,0,0,2,NA,0,0,0,0,0,0,2,0,0,0,0,0,0,0,0,0,0,0,0,0,0,0,0,0,0,0,0,0,0,0,0,0,2,0,0,0,0,0,0,0,0,0,2,2,2,0,0,0,0,0,0,0,0,0,0,0,0,2,0,0,0,0,0,0,0,2,0,0,0,0,0,0,0,0,0,0,2,0,0,0,2,0,0,0,2,0,2,2,0,0,0,0,0,0,0,2,2,0,2,2,0,0,2,0,0,0,0,2,2,0,2,0,0,2,0,0,2,0,2,0,0,0,0,2,2,2,2,0,2,0,2,0,2,2,2,2,0,0,0,0,0,0,0,0,0,0,0,2,0,0,2,2,2,0,0,2,2,0,0,0,2,0,0,2,0,2,0,0,0,2,2,0,0,0,0,0,0,0,0,0,0,0,2,2,2,0,0,0,2,0,0,2,0,0,2,0,0,0,2,0,0,2,0,0,2,2,0,0,0,NA,0,2,2,2,2,0,2,0,0,0,0,0,0,0,0,0,0,0,0,0,0,0,0,2,0,0,0,2,2,0,0,0,0,0,2,0,2,NA,0,0,0,NA,NA,0,0,0,0,2,0,0,0,2,0,0,0,0,0,0,0,0,0,0,2,2,0,0,0,0,2,0,0,0,2,0,0,0,0,0,0,0,2,0,0,0,0,0,2,2,2,0,0,0,2,0,0,0,0,0,0,0,0,0,0,2,2,0,0,2,2,2,2,2,0,0,0,0,2,0,0,0,0,0,2,2,0,0,2,0,2,0,0,0,0,2,2,0,2,0,0,0,0,0,0,0,0,0,0,0,0,0,0,2,0,0,0,2,0,0,2,0,2,0,2,0,0,2,0,0,2,2,0,0,0,0,0,0,0,0,2,2,2,2,0,0,0,0,2,0,0,2,2,2,0,0,0,0,2,2,0,2,0,2,0,2,0,0,0,0,0,0,0,0,2,2,0,0,2,0,0,0,0,0,0,0,0,2,0,0,2,0,0,0,0,2,0,2,0,0,0,0,0,2,2,2,0,0,2,0,0,0,0,0,0,0,2,0,2,0,0,2,0,0,0,0,0,0,2,0,0,0,0,0,0,2,2,2,0,0,0,0,2,2,2,2,0,0,0,2,0,0,2,2,2,0,0,0,2,0,2,0,0,0,0,0,0,2,0,0,0,0,0,2,0,2,0,0,0,2,2,0,0,0,0,0,0,2,0,0,0,0,2,2,0,2,0,0,2,0,0,0,0,0,0,0,0,0,2,0,0,0,0,0,0,0,0,0,0,0,0,0,0,0,0,2,0,NA,0,0,0,0,2,0,0,2,0,2,2,2,0,0,0,0,0,0,2,0,0,0,0,0,0,0,0,2,0,2,0,NA,0,0,0,0,0,0,2,0,0,0,0,0,0,0,2,0,0,0,0,0,0,0,0,0,2,2,2,0,0,0,0,2,0,0,0,0,0,0,0,0,0,0,2,0,0,2,0,0,0,0,0,0,0,0,0,0,0,0,2,0,0,0,0,0,0,0,0,0,2,2,0,2,0,2,0,0,0,0,0,0,0,0,0,0,0,0,2,0,2,0,0,0,0,0,0,0,0,0,0,0,0,0,0,0,0,2,0,0,2,0,0,2,0,2,0,0,2,0,0,0,0,2,2,0,0,0,0,0,0,0,0,0,2,0,0,0,2,0,0,0,0,2,0,0,0,0,2,0,2,0,0,2,0,0,0,NA,2,0,0,2,0,0,0,2,0,0,0,0,0,0,2,0,0,2,0,2,0,2,0,2,2,0,0,0,0,0,0,0,0,0,0,0,0,0,0,0,0,0,0,0,0,0,0,0,0,NA,0,0,2,0,0,0,2,0,0,0,0,0,0,0,2,2,2,0,0,2,0,2,0,0,0,0,0,0,0,0,0,0,0,0,0,2,0,0,0,0,2,0,0,2,NA,0,0,0,0,0,0,0,2,0,0,0,0,0,0,0,0,0,0,2,0,0,0,0,0,0,0,0,0,0,0,0,0,2,0,0,0,0,0,0,0,0,0,0,2,0,0,0,0,0,0,0,0,0,2,0,0,0,0,0,2,2,2,0,0,2,0,0,0,0,0,0,0,0,0,0,0,0,0,0,0,0,2,0,2,0,0,2,0,2,0,2,0,0,2,0,0,0,0,0,2,0,0,0,0,0,0,0,0,0,0,0,0,0,2,2,0,0,0,0,0,2,0,0,2,2,0,2,0,2,0,0,0,0,2,0,0,2,0,0,0,0,0,0,2,2,0,2,0,0,2,0,0,0,0,0,0,0,2,0,0,0,0,0,0,2,0,0,2,0,2,0,0,0,0,0,2,0,2,2,0,2,0,0,2,0,2,0,0,0,0,0,0,0,0,0,0,0,0,0,0,0,0,2,2,0,0,0,0,0,2,0,0,2,2,0,0,0,0,0,0,0,0,0,0,0,0,0,0,0,0,0,0,0,0,0,0,0,0,2,0,0,2,2,0,0,0,0,2,0,2,0,0,0,0,2,0,0,2,0,0,0,2,2,0,0,0,0,0,0,0,0,0,0,0,2,0,0,0,2,2,2,0,0,2,0,0,0,0,0,0,0,2,0,0,2,0,0,0,0,0,2,0,0,0,0,0,0,0,0,2,0,0,0,0,0,0,0,0,2,0,2,2,2,0,0,2,2,0,0,2,0,2,0,0,2,0,0,0,0,0,0,2,0,0,0,0,0,0,0,2,0,0,0,2,0,0,2,2,0,0,0,0,2,0,0,0,0,0,0,0,2,0,0,0,0,0,0,0,2,2,0,0,0,0,0,0,0,0,0,0,0,0,0,0,0,2,0,0,0,2,0,0,0,0,0,0,0,0,0,0,0,0,2,0,0,0,0,0,0,0,0,0,0,0,0,2,0,0,0,0,2,0,2,0,0,0,0,0,0,0,0,0,0,0,0,2,2,0,0,0,0,0,0,0,0,0,0,0,2,0,0,0,0,0,0,0,0,0,0,0,0,0,2,0,0,0,0,0,0,0,0,2,0,0,0,0,0,0,0,0,0,0,2,2,0,2,0,0,0,0,2,0,0,0,0,0,0,0,2,0,0,0,0,0,2,0,0,0,0,0,0,0,0,0,0,0,0,2,0,0,0,0,2,2,0,0,0,0,0,0,0,2,0,0,0,2,2,0,0,0,0,0,0,0,2,0,0,0,0,0,2,0,0,0,0,0,0,0,0,0,0,0,2,0,0,0,0,0,0,0,0,2,0,0,0,0,0,0,0,0,0,2,0,2,0,2,0,0,0,2,0,0,0,0,2,0,0,0,0,0,0,0,0,0,0,0,2,0,0,0,0,0,0,0,2,0,0,0,0,0,0,0,0,0,0,0,0,0,2,NA,0,0,2,0,0,0,0,0,0,0,0,0,0,2,2,2,0,2,2,0,0,0,0,0,0,2,0,2,0,0,0,0,0,0,0,0,0,0,2,0,2,0,0,0,0,0,0,2,0,2,0,2,0,0,0,0,0,0,2,0,0,0,0,2,0,0,0,NA,0,0,0,0,0,2,0,0,0,2,0,0,0,2,0,0,0,0,0,0,2,NA,0,0,0,2,2,0,0,0,0,0,0,0,0,0,2,0,0,0,2,2,0,2,2,2,0,0,0,0,0,0,0,0,0,2,2,0,2,2,0,2,0,0,2,2,2,2,0,2,0,0,0,0,0,0,0,0,0,0,0,0,0,2,2,0,0,0,0,0,0,2,2,0,0,0,2,2,0,0,0,0,0,0,0,2,0,0,0,2,0,0,0,0,0,0,0,0,0,0,0,0,0,0,2,0,0,0,2,0,0,0,0,0,0,0,0,0,0,0,0,0,0,0,0,0,0,0,0,0,0,0,0,0,2,0,0,0,0,0,0,0,0,0,0,0,0,0,0,0,0,2,0,0,0,0,0,2,0,0,2,0,0,0,0,0,0,0,2,0,0,2,0,0,2,0,0,0,0,0,0,2,0,0,0,2,0,0,0,2,2,0,0,0,0,0,0,0,0,0,0,2,NA,2,0,2,0,0,2,0,0,0,0,0,0,0,0,2,0,0,0,0,0,2,0,0,2,2,2,0,0,0,0,2,0,0,2,0,2,0,2,0,2,0,0,2,0,0,0,0,0,0,2,2,2,0,2,2,0,0,0,0,2,0,0,2,0,0,0,2,0,0,0,0,0,2,0,0,0,0,0,2,0,0,0,2,0,0,0,0,0,0,0,0,0,0,0,0,2,2,2,0,0,0,0,0,0,2,2,2,2,0,0,0,0,0,0,2,0,2,0,2,0,0,0,0,0,2,0,2,0,0,0,0,0,2,0,0,0,0,0,2,0,0,0,0,2,2,0,0,0,0,0,0,0,0,0,0,2,2,0,0,0,2,0,0,2,2,0,0,0,0,0,0,0,0,0,0,0,0,0,0,2,0,0,0,0,2,0,0,0,0,0,0,0,0,0,0,0,0,0,0,0,0,0,0,0,2,0,2,0,2,0,0,0,0,0,0,0,0,2,0,0,0,0,2,0,0,0,0,0,0,2,0,0,0,0,0,0,0,0,0,2,0,2,0,0,0,2,0,0,0,0,2,2,0,2,0,0,2,0,2,2,0,0,0,0,0,0,0,2,2,2,0,0,0,0,2,2,0,2,2,2,0,0,0,0,0,0,0,0,0,0,0,0,0,0,2,0,0,2,0,0,0,0,0,0,2,0,2,0,0,0,0,0,0,0,2,2,0,0,0,0,0,2,0,0,0,0,0,2,0,0,0,0,2,2,0,0,2,0,2,0,0,0,0,0,0,0,0,0,0,2,0,0,0,0,0,2,NA,0,0,0,0,0,2,2,0,2,2,2,0,0,0,0,2,0,0,0,0,0,2,0,2,0,0,0,0,2,0,2,0,0,0,0,0,2,0,0,0,0,0,0,0,0,0,2,0,0,2,0,0,0,2,0,2,0,2,0,2,0,0,0,0,0,0,0,0,0,0,0,0,0,0,0,2,0,0,0,0,0,0,0,0,0,0,0,0,0,0,0,0,0,0,0,2,0,0,2,0,0,0,2,0,0,0,0,0,0,0,0,0,0,0,0,0,0,0,0,0,0,0,0,2,0,0,0,2,0,0,0,0,0,0,0,0,2,0,0,0,0,0,0,0,0,2,0,0,2,2,0,0,0,0,0,0,0,2,0,0,0,0,0,0,0,0,2,0,0,0,0,2,2,0,2,0,0,0,0,0,0,0,0,0,2,0,2,0,2,0,0,2,0,0,0,0,0,0,0,0,0,0,0,0,2,2,0,0,0,0,0,0,2,2,0,0,2,0,0,0,0,0,0,0,0,0,2,2,0,0,0,0,0,0,0,2,0,2,0,0,2,0,0,0,0,0,0,2,0,0,0,0,0,0,0,2,0,0,0,0,0,0,0,0,0,0,0,0,0,2,0,0,0,2,0,0,2,0,0,0,2,0,0,2,0,0,0,0,0,0,0,2,2,0,2,0,2,0,0,0,2,0,2,2,0,0,0,0,0,0,0,0,0,0,2,0,2,2,2,0,0,0,0,0,0,0,0,0,0,0,2,0,0,0,0,0,0,0,0,0,0,0,2,0,0,0,0,0,0,0,2,0,2,2,0,2,0,0,0,0,0,2,0,0,0,0,0,0,0,0,0,2,2,0,0,2,0,0,0,0,0,0,0,0,0,2,0,0,2,2,0,0,0,2,0,0,0,0,0,2,0,0,2,2,0,0,2,0,2,0,0,0,0,0,0,2,0,2,0,0,2,2,0,2,0,0,0,0,0,0,0,0,0,0,0,0,0,0,0,0,0,0,0,0,0,0,2,2,2,0,0,2,0,0,2,2,0,0,0,0,0,2,0,0,2,2,0,0,2,0,0,0,2,0,0,0,2,2,2,0,0,2,0,0,0,0,0,0,0,0,0,0,0,0,0,2,0,0,2,0,0,0,0,0,0,0,2,0,0,0,0,0,2,0,2,0,0,0,0,0,0,2,0,0,0,0,2,0,0,0,0,2,0,NA,0,0,0,2,0,0,0,0,0,2,0,0,0,0,0,2,2,0,0,0,2,0,0,2,2,2,0,2,0,2,0,0,2,0,0,0,0,0,2,0,0,2,0,0,0,0,0,0,0,0,0,0,0,0,0,0,0,0,2,0,0,0,0,0,0,2,0,0,0,0,0,0,0,0,0,0,0,2,0,0,0,0,0,0,0,0,2,0,0,0,0,0,0,0,0,0,0,0,0,0,0,0,0,0,0,0,0,0,0,0,0,0,0,0,0,0,0,0,0,0,0,0,0,0,0,2,0,0,0,0,0,0,2,0,0,0,0,0,0,0,2,2,2,0,0,0,0,2,2,0,0,0,0,2,0,0,0,0,2,0,0,0,0,0,0,2,0,2,2,2,2,0,0,2,0,0,0,0,0,0,0,2,0,0,0,0,0,0,2,2,0,0,0,0,0,0,0,0,0,2,0,2,2,0,0,0,0,0,0,0,0,0,0,0,2,0,0,2,2,0,0,0,0,0,0,0,0,0,0,0,0,0,0,0,0,0,0,0,0,0,0,0,0,0,0,0,2,0,0,0,0,0,0,0,0,0,0,0,0,0,2,2,0,0,0,0,0,0,0,0,0,0,0,0,0,0,0,0,0,0,2,0,0,0,0,0,0,0,0,0,0,0,0,2,0,0,0,0,0,2,0,0,0,2,0,2,0,0,0,0,0,0,0,0,0,0,0,0,0,2,2,2,0,2,0,2,2,2,0,0,0,0,0,0,0,0,0,0,0,2,0,0,0,0,0,0,2,0,0,2,2,0,0,2,2,0,0,0,0,0,0,0,0,0,0,0,0,2,0,2,0,0,2,2,0,0,0,0,0,0,0,0,2,2,0,0,0,0,0,0,0,0,0,NA,0,2,0,0,0,2,0,0,0,0,0,2,2,0,2,2,0,0,2,2,2,0,0,0,2,2,0,2,0,0,2,0,0,0,0,2,2,0,0,0,0,2,2,0,2,2,0,2,2,0,0,0,0,0,0,0,0,0,0,0,0,0,0,0,2,2,0,0,0,2,0,2,0,0,2,0,2,0,0,2,0,0,0,2,0,0,2,0,0,0,0,2,0,0,2,0,0,0,0,0,0,0,0,0,0,2,0,0,0,0,0,0,0,0,0,0,0,2,0,2,0,0,0,0,0,0,0,0,0,0,0,0,0,0,0,0,0,0,0,0,0,0,0,0,0,2,0,0,0,0,2,0,0,0,2,0,0,0,0,0,0,2,0,0,0,0,0,0,0,0,0,0,0,0,0,0,0,0,0,2,2,0,0,0,0,2,0,0,0,0,0,0,0,0,0,0,0,0,0,2,0,0,0,2,0,0,0,0,2,0,2,0,2,0,0,0,0,0,0,0,0,0,0,0,0,0,0,0,0,0,0,0,0,0,0,0,0,0,2,0,2,2,0,0,0,0,0,0,0,0,0,0,0,0,2,0,0,0,0,2,0,0,0,0,0,0,0,0,0,2,0,0,0,0,0,2,0,0,0,0,0,0,0,0,0,0,2,0,2,2,0,0,2,0,0,0,0,0,2,0,0,0,0,0,0,0,0,0,2,0,0,0,0,0,0,0,0,0,2,0,2,2,0,0,0,0,0,0,0,2,0,0,0,0,0,0,0,2,0,0,0,0,0,0,0,0,0,0,0,0,0,2,0,0,0,0,0,0,0,0,2,0,0,0,0,0,0,2,2,0,0,0,NA,2,0,0,0,0,0,0,0,0,2,0,0,0,0,0,0,0,0,0,0,0,2,0,0,2,0,0,0,2,2,2,0,0,0,0,0,0,0,0,0,0,0,0,0,0,0,0,0,0,0,0,0,0,0,0,0,0,0,0,2,0,2,0,0,0,0,0,0,0,0,0,0,0,2,2,0,0,0,0,0,0,2,0,0,0,0,0,0,2,0,0,0,0,0,0,2,2,2,0,0,0,2,0,2,2,2,0,0,0,0,0,0,0,2,0,0,2,0,0,0,0,0,2,0,0,0,0,0,2,0,0,0,0,0,0,0,2,0,2,0,0,0,0,2,2,0,0,0,0,0,0,0,0,2,0,0,2,0,0,0,0,0,0,0,2,0,0,0,0,0,0,2,2,2,2,2,0,2,2,0,0,2,0,2,0,0,0,2,0,0,2,0,2,0,0,0,2,2,0,0,0,0,0,0,2,2,0,0,2,2,0,0,2,0,0,0,0,2,0,0,0,0,0,0,0,2,0,0,0,2,0,0,0,0,2,0,0,0,2,2,0,0,0,0,0,0,0,0,0,0,0,0,0,2,0,2,0,0,0,0,0,0,0,0,0,2,0,0,0,2,0,0,2,0,0,0,0,0,0,0,0,0,0,0,2,0,0,0,0,2,0,0,0,0,0,0,0,2,0,0,0,0,0,2,2,0,0,0,0,0,0,0,0,0,0,2,0,0,2,0,0,0,0,0,0,0,0,0,0,0,0,0,0,0,2,0,0,0,0,0,0,0,0,0,0,0,0,0,0,2,0,0,0,0,0,2,0,0,0,2,0,0,0,0,0,0,0,2,2,0,0,0,0,0,0,0,0,0,0,0,2,0,0,0,0,2,0,0,0,0,0,0,0,0,0,0,0,2,0,2,0,2,2,0,2,2,2,0,0,0,0,0,0,0,0,2,2,0,0,0,2,0,0,0,2,0,2,2,2,2,0,2,0,0,0,0,0,2,0,2,0,0,0,0,0,0,2,2,0,0,0,0,2,2,0,2,0,2,2,0,2,2,0,0,0,0,0,0,2,0,0,0,2,0,0,2,0,0,0,2,0,0,0,0,0,0,0,0,0,0,0,0,0,2,0,0,0,2,0,0,0,2,0,2,0,0,0,0,0,2,0,0,0,0,0,2,0,0,0,0,0,0,2,0,0,2,0,0,0,2,0,0,2,0,2,0,0,0,0,0,0,0,0,2,0,2,0,0,2,0,0,2,0,0,0,2,0,0,0,2,0,2,0,2,0,0,2,0,0,0,0,2,0,0,0,0,0,0,0,0,0,0,2,2,0,0,0,0,0,0,0,0,0,0,2,0,0,0,2,0,0,0,0,0,0,0,0,0,0,0,0,2,0,2,0,0,0,0,0,0,0,0,0,0,2,2,0,0,0,0,0,0,0,0,0,0,0,0,0,2,0,2,0,0,0,2,2,2,0,0,0,0,2,0,0,2,0,0,2,2,0,0,0,2,0,0,0,0,0,0,0,0,0,0,0,0,0,0,2,0,0,0,0,0,0,2,2,2,2,0,0,0,0,0,0,0,0,2,0,2,2,2,2,0,0,0,0,0,0,0,0,0,0,0,0,0,0,0,0,2,0,0,2,0,0,0,0,0,2,0,0,0,0,0,0,2,0,2,0,0,0,0,2,2,0,2,0,0,0,2,2,0,0,2,0,0,0,2,0,0,0,0,0,0,0,0,0,2,0,0,0,2,0,0,2,0,0,0,0,0,0,2,0,0,2,0,0,2,2,0,0,2,0,0,0,0,0,2,0,2,0,2,0,0,0,2,0,0,0,0,0,2,0,0,0,0,0,0,0,0,0,0,0,0,2,0,0,0,0,2,0,0,2,0,0,0,0,0,0,0,0,2,0,0,0,0,0,0,0,2,0,0,0,0,0,0,0,0,0,2,0,0,0,0,0,2,0,0,0,0,2,0,0,0,0,2,2,0,2,0,0,0,0,0,0,0,0,2,0,0,0,0,0,0,0,0,0,0,0,2,0,0,0,0,0,2,2,0,0,0,0,0,0,0,0,0,2,0,0,0,0,0,0,2,2,0,0,0,0,0,0,0,0,0,2,0,0,2,0,0,0,2,0,0,0,0,2,0,0,0,0,0,0,0,2,2,2,0,0,2,0,0,0,2,0,0,0,2,0,0,0,0,0,0,2,0,0,0,0,0,0,0,0,0,0,0,0,0,0,0,0,2,2,0,0,0,0,0,0,0,0,0,2,2,0,2,0,0,0,0,0,0,0,0,0,0,0,0,2,0,2,2,0,0,0,0,0,2,0,2,0,0,0,0,0,2,2,0,0,0,0,0,2,2,0,0,0,0,2,0,2,2,0,0,0,2,0,0,2,2,0,0,0,2,0,0,0,0,0,2,2,2,0,0,0,0,0,0,0,2,2,0,0,0,0,0,0,2,2,0,0,2,0,0,0,0,0,0,0,2,0,0,0,2,0,0,0,0,0,0,0,0,0,0,0,0,0,0,2,0,0,2,0,2,2,0,0,0,0,2,0,0,0,0,0,0,0,0,0,0,0,0,0,2,0,0,0,0,0,0,0,2,2,0,0,0,0,0,0,2,0,0,0,0,0,0,0,2,0,2,2,0,0,0,2,2,0,0,2,0,0,2,0,0,0,0,0,0,2,0,0,0,0,0,2,0,0,0,0,2,0,0,2,0,0,0,0,0,0,0,0,0,0,0,2,0,0,2,0,0,0,0,0,0,2,0,0,0,0,0,0,0,0,0,0,0,0,2,0,0,0,0,2,0,0,0,0,0,2,0,2,2,0,2,0,0,0,0,2,0,0,2,0,2,0,0,2,0,0,2,0,2,0,0,0,0,2,2,0,0,0,0,0,0,0,0,2,2,2,0,0,0,0,0,0,0
"CC59",0,0,0,0,0,0,0,0,0,0,0,0,0,0,0,0,0,0,0,0,0,0,0,0,0,0,0,0,0,2,0,0,0,0,0,0,0,0,0,2,0,0,0,0,0,0,0,0,0,0,0,0,0,0,0,0,0,0,0,0,0,2,0,2,0,2,0,0,0,0,2,0,0,0,0,0,0,2,0,2,0,2,0,0,0,0,0,0,2,0,0,0,0,0,0,0,0,0,0,0,2,2,0,2,2,0,0,0,0,0,0,2,0,0,0,0,0,0,0,2,0,0,0,0,0,0,0,0,0,0,2,0,0,2,0,0,0,0,2,0,0,0,2,0,0,0,0,0,0,0,0,0,0,0,0,2,0,0,0,0,0,0,0,0,0,2,0,0,2,0,0,0,2,2,2,2,0,0,0,0,2,2,0,0,2,0,0,0,0,0,2,2,2,0,2,0,0,2,0,0,0,0,0,0,0,0,0,0,2,0,2,0,0,0,0,2,2,0,2,2,2,0,2,0,0,2,0,0,0,2,0,2,0,0,0,0,2,0,0,0,0,2,0,2,0,2,0,0,0,0,0,0,0,0,0,0,0,0,0,0,2,0,0,0,0,0,0,0,0,2,0,0,0,0,2,0,2,2,2,0,2,0,0,0,0,0,0,2,0,0,0,2,2,0,0,2,0,2,2,2,0,0,0,2,2,0,2,0,2,0,0,0,0,2,0,0,0,2,0,0,0,0,2,0,0,0,0,0,2,0,0,0,0,0,0,0,0,0,0,0,0,0,0,0,0,0,0,0,0,0,0,0,2,0,0,0,0,2,0,0,2,0,0,0,0,2,0,0,0,0,0,0,2,0,0,0,0,0,0,0,0,0,0,0,0,0,2,2,0,0,0,2,0,0,0,0,0,0,2,0,0,0,0,2,0,2,0,0,0,0,NA,0,0,0,0,0,0,0,0,0,0,NA,0,0,0,0,0,2,2,2,0,0,0,0,0,0,0,0,0,0,0,0,0,0,0,2,0,0,0,0,0,0,0,0,2,2,0,2,0,2,2,0,0,0,0,0,0,2,0,0,0,0,0,0,0,0,0,NA,0,0,0,0,0,2,0,2,0,2,0,2,0,0,0,0,2,0,2,0,0,2,0,0,0,0,0,0,0,0,0,2,0,0,0,0,0,0,0,0,0,0,0,2,0,0,0,0,0,NA,0,0,2,0,0,0,0,2,0,2,0,0,0,2,0,0,0,0,0,0,0,2,2,0,0,2,0,0,0,0,2,0,0,0,0,0,0,0,2,0,0,0,0,0,0,0,0,0,0,0,2,0,0,2,0,0,0,2,2,0,0,0,0,0,0,0,2,0,0,0,2,0,0,0,0,0,0,0,0,0,0,0,0,0,0,0,0,0,2,0,0,0,0,0,0,0,2,2,0,0,0,0,0,0,0,0,2,0,0,0,0,2,0,0,0,0,0,0,0,0,0,0,0,0,0,0,0,0,2,0,0,0,0,0,0,0,0,0,0,0,0,NA,2,0,2,0,0,0,0,0,0,2,0,2,2,0,2,0,2,0,0,2,0,0,0,0,0,0,0,0,0,2,0,0,2,0,0,0,0,0,0,0,0,0,2,2,0,0,0,2,0,0,0,0,0,2,0,2,0,0,2,0,0,0,0,0,2,0,0,0,2,0,0,0,0,0,0,2,2,0,2,2,0,0,2,0,0,0,0,0,0,0,0,2,0,2,0,0,2,0,2,0,0,0,0,0,0,0,2,2,0,2,0,0,0,2,0,0,0,2,2,0,0,0,0,2,NA,2,0,0,0,0,0,0,0,0,0,0,0,2,0,0,2,0,0,2,0,0,0,0,0,0,0,2,2,0,0,0,2,0,0,0,0,0,0,0,0,0,0,0,0,0,0,2,0,0,0,0,0,0,0,0,0,0,2,0,0,0,0,0,2,0,0,0,0,0,0,0,2,2,0,0,0,0,0,2,0,2,0,0,0,0,0,2,0,0,2,0,0,0,0,0,0,0,0,0,0,0,0,0,0,0,0,0,0,0,0,2,0,0,0,0,2,2,0,0,2,0,0,0,2,0,0,0,0,0,0,0,0,0,0,2,0,0,0,0,2,0,0,0,0,0,0,0,0,2,2,0,0,0,0,0,2,0,0,0,0,0,0,0,0,0,0,0,2,0,0,0,0,0,0,0,0,0,0,2,0,0,0,2,0,0,0,0,0,0,0,0,0,0,0,0,2,2,2,0,0,0,0,0,0,0,0,0,0,0,0,2,0,0,0,0,0,0,0,0,0,0,0,2,0,0,2,0,2,0,NA,0,0,0,0,0,0,0,0,0,0,0,0,2,0,0,0,0,0,0,0,0,0,0,2,0,0,0,0,0,NA,0,0,0,0,0,0,0,0,0,0,0,0,0,0,0,0,0,0,0,0,2,0,0,0,0,0,0,0,2,0,0,0,0,2,0,0,0,0,0,0,0,0,0,0,0,0,0,0,0,0,0,0,0,0,0,0,0,0,0,0,0,0,0,0,0,0,0,0,0,0,2,2,2,0,2,2,NA,0,0,0,0,0,2,2,0,0,0,0,2,0,0,0,0,0,0,0,0,2,0,0,0,0,0,0,2,2,2,2,0,0,2,0,0,0,0,0,0,0,0,0,0,2,0,0,2,2,2,0,0,0,0,0,0,2,0,0,0,0,0,0,2,0,0,0,0,0,0,0,0,0,0,0,0,0,0,2,0,0,0,NA,0,0,0,0,0,0,0,2,0,0,0,0,0,0,0,NA,0,2,0,0,0,0,0,0,0,0,2,0,0,0,0,2,2,0,0,0,0,0,0,0,0,0,0,0,0,0,0,0,0,0,0,0,0,0,0,0,0,0,0,0,0,0,0,2,2,0,2,2,0,2,0,0,0,0,0,0,0,2,0,0,0,0,0,0,0,2,0,0,0,0,2,0,0,2,2,0,0,0,0,0,0,0,0,0,0,0,0,2,0,0,0,0,0,0,0,0,0,0,0,2,0,0,0,0,2,0,0,0,0,0,2,0,0,0,0,0,0,0,0,0,0,0,0,0,0,0,2,2,0,2,2,0,0,2,0,0,0,0,0,0,2,0,NA,2,0,0,0,0,2,0,0,0,0,0,2,2,2,2,0,0,0,0,2,0,0,0,2,2,0,0,0,0,0,0,0,0,0,0,2,2,0,0,2,0,0,0,0,0,0,2,0,0,0,0,0,0,0,0,2,0,0,2,0,NA,0,0,0,0,0,0,0,2,0,0,2,0,0,0,2,0,0,0,0,0,2,0,0,0,0,2,0,0,0,0,0,0,0,0,0,0,0,0,2,0,2,0,0,0,2,0,0,0,0,0,0,2,2,0,0,0,0,0,0,NA,0,0,2,0,0,0,2,2,0,0,0,0,0,0,0,0,2,0,2,0,2,0,2,0,0,2,0,0,0,2,2,0,0,2,0,0,0,0,0,0,0,0,0,0,0,0,2,0,0,0,0,2,0,2,0,0,0,0,2,0,2,2,0,0,2,2,2,0,2,0,0,0,0,2,0,0,0,0,0,2,0,0,0,0,0,2,0,0,0,0,2,0,0,0,2,0,0,0,0,0,0,0,2,2,0,0,0,0,2,0,2,0,0,0,0,0,0,0,0,2,2,0,0,0,0,0,0,0,0,0,0,2,2,2,0,0,0,0,0,0,0,0,0,0,0,2,0,0,2,0,0,0,2,0,0,0,0,0,0,0,0,0,2,0,0,0,0,0,2,0,0,0,0,2,0,0,0,0,0,2,2,0,0,0,0,0,2,2,0,0,2,0,0,2,0,NA,0,0,0,2,0,0,0,0,0,0,2,0,0,0,0,2,0,0,2,0,0,2,0,0,0,0,2,2,0,0,0,NA,0,0,0,0,0,0,0,2,0,2,0,0,0,2,0,0,0,0,2,2,0,0,0,0,2,0,0,0,0,2,0,0,0,0,0,0,0,0,0,0,0,0,0,2,NA,0,0,0,0,0,0,0,0,2,0,0,0,0,0,0,0,2,0,0,0,0,0,2,0,0,0,0,0,0,2,0,0,0,0,0,0,0,0,2,0,0,0,0,0,0,0,2,2,0,0,0,0,0,0,2,0,0,0,0,0,2,2,0,0,0,0,0,0,0,0,0,2,0,0,2,0,0,0,0,0,2,0,0,0,0,2,0,0,0,0,0,2,0,0,0,0,0,0,0,0,0,0,0,0,2,0,0,0,2,0,0,0,0,0,0,0,0,2,0,0,0,2,0,0,0,0,0,0,0,0,0,2,0,0,0,0,0,2,0,0,2,0,0,0,0,0,0,0,0,2,0,0,0,0,2,0,0,0,0,0,0,2,0,0,0,0,0,0,0,0,2,0,0,0,2,0,0,0,0,0,0,2,0,0,0,0,0,0,0,0,0,0,0,0,0,0,0,0,0,0,2,2,0,0,0,2,0,0,0,0,0,0,0,0,0,0,0,0,0,0,0,2,0,0,0,2,0,0,0,0,0,0,0,0,0,0,2,0,0,0,0,2,0,0,0,0,0,0,0,0,0,0,0,2,0,0,0,0,0,2,0,0,0,0,0,0,2,2,0,0,0,2,2,0,2,0,0,2,0,0,0,0,0,0,2,0,2,2,0,0,0,0,0,0,0,0,0,0,2,0,0,2,0,0,0,0,0,0,0,0,0,0,0,0,0,2,0,0,0,0,0,2,0,0,0,2,0,0,0,0,2,0,2,0,2,0,2,0,0,0,0,0,0,0,0,0,0,0,0,2,0,2,0,0,0,0,0,0,0,0,0,0,0,0,0,0,0,0,0,0,0,2,0,0,2,0,0,0,2,0,0,0,0,0,0,2,0,0,0,0,2,0,0,0,0,0,0,0,0,2,2,0,0,NA,0,0,0,NA,2,0,0,0,0,0,0,0,0,0,0,0,0,0,0,0,0,0,0,0,0,0,0,0,2,2,0,0,0,2,0,2,2,0,0,0,0,0,0,0,0,0,2,0,2,0,2,0,2,2,2,0,0,0,0,0,0,0,0,0,0,2,2,0,0,0,0,0,0,0,0,0,0,0,2,0,0,0,0,0,0,2,0,0,0,0,0,2,0,0,0,0,0,0,2,0,2,0,0,0,0,0,0,0,0,2,2,0,0,2,0,0,0,2,0,0,0,0,0,0,2,0,0,0,0,0,0,2,0,0,2,0,2,2,0,0,0,0,0,2,0,0,0,0,0,0,0,0,0,0,0,0,0,0,0,0,0,0,0,0,0,0,0,0,0,0,2,2,0,0,2,0,0,0,2,0,0,2,0,0,0,0,0,0,0,2,2,0,0,0,2,0,0,0,0,0,0,2,0,2,0,0,0,0,2,0,0,0,0,0,2,0,0,0,0,0,2,2,0,0,0,2,0,0,0,0,0,0,0,0,0,0,0,0,0,0,0,2,0,0,2,0,0,0,0,2,0,0,0,0,2,0,0,0,2,0,0,0,0,0,2,0,0,0,0,0,0,0,0,0,0,0,0,0,2,0,0,2,2,2,0,0,0,0,0,0,0,0,0,0,0,0,0,0,0,2,2,0,0,0,0,0,2,0,0,0,0,2,0,0,0,2,2,0,0,0,0,0,0,0,2,0,0,0,0,0,0,2,0,2,NA,0,0,0,2,0,0,2,0,0,2,0,0,2,0,0,0,0,0,0,0,2,2,2,0,2,2,0,0,2,2,0,0,0,0,0,0,0,0,0,2,0,0,0,0,0,0,0,0,0,0,0,0,0,0,2,0,0,0,0,0,0,2,0,0,0,0,2,0,0,2,2,2,0,0,2,0,0,0,0,0,0,0,0,0,0,2,0,0,0,0,0,0,2,0,2,2,2,2,0,0,0,0,0,0,0,2,0,2,2,0,2,0,0,0,2,0,2,0,0,0,0,0,0,2,0,0,0,2,0,0,0,0,0,0,0,0,2,0,0,0,2,2,0,0,0,0,0,0,0,0,0,0,2,0,0,2,0,0,0,2,0,0,0,0,0,0,0,0,0,0,0,0,0,0,0,0,0,0,0,0,0,0,2,2,0,0,0,2,0,2,0,0,0,0,2,0,0,0,0,0,0,0,0,2,0,0,0,0,0,0,0,0,0,0,0,0,0,0,0,0,2,0,0,2,0,2,0,0,0,0,0,0,0,0,0,0,0,0,0,0,0,0,0,0,2,0,0,0,0,0,0,0,0,0,0,0,0,0,0,0,0,2,0,0,2,0,0,0,0,0,0,0,0,2,0,0,0,0,2,0,0,0,0,0,0,0,0,0,0,0,0,0,2,0,0,0,0,0,0,2,2,0,0,2,0,0,0,2,0,0,0,0,0,0,2,0,0,0,2,0,0,0,2,0,2,0,2,2,0,0,0,0,2,0,2,0,0,0,0,0,0,0,2,0,0,0,0,0,0,2,0,2,0,0,0,0,2,0,0,0,2,0,2,2,0,0,0,0,2,2,2,0,0,0,0,0,0,0,2,2,0,2,0,2,0,0,0,2,0,2,2,0,0,0,0,0,0,0,0,0,0,2,0,2,2,2,0,0,0,0,0,0,0,0,0,0,0,2,0,0,0,0,0,0,0,NA,0,0,0,0,0,2,0,0,NA,0,0,0,0,2,0,0,0,0,0,0,0,0,0,0,0,2,0,0,2,0,0,0,2,2,0,0,0,0,0,0,0,0,0,0,0,0,0,0,0,0,0,0,0,0,2,0,0,0,0,0,0,0,0,0,2,0,0,0,0,2,0,0,0,0,0,2,0,0,2,0,0,2,0,0,2,0,0,0,0,0,0,0,0,0,0,0,0,0,0,0,0,0,0,0,2,0,0,0,2,2,2,0,0,0,0,2,0,0,0,0,0,0,2,0,0,2,0,0,2,0,0,0,0,2,0,0,0,0,2,0,0,0,2,0,0,0,0,0,0,0,0,0,0,0,0,0,2,0,0,2,0,0,0,0,0,0,0,2,0,0,0,0,0,2,0,2,0,0,0,0,0,0,0,0,0,0,0,0,0,0,0,0,2,0,2,0,0,2,2,0,2,0,0,0,2,0,0,0,0,0,2,2,0,0,0,2,0,0,0,0,0,0,0,0,0,0,0,0,0,0,0,0,0,2,0,0,0,0,2,0,0,0,0,0,0,0,0,0,0,0,0,0,0,2,0,0,0,0,2,0,2,0,0,0,2,0,0,2,0,0,0,0,2,0,0,0,0,0,0,0,0,0,0,0,2,0,0,0,0,0,0,0,0,0,0,0,0,0,0,0,0,2,0,0,2,0,2,0,0,2,0,0,0,0,0,0,0,0,0,0,0,0,0,0,0,0,0,0,0,0,0,0,0,2,0,0,0,2,0,0,0,0,0,0,0,0,0,2,2,0,0,0,0,2,0,0,0,0,0,0,2,0,2,2,2,2,0,2,2,0,0,0,0,0,2,0,2,0,2,0,2,0,0,0,2,0,0,0,2,2,2,0,0,0,2,2,0,2,0,0,2,0,0,2,0,0,0,0,0,2,0,0,0,0,0,0,0,2,0,0,0,0,0,0,0,0,0,0,0,0,0,2,0,0,0,0,0,0,2,0,2,0,0,0,0,0,0,0,0,0,2,0,0,0,0,2,2,0,0,0,2,2,0,0,0,2,0,0,2,2,0,NA,0,2,0,0,0,0,2,0,2,0,0,0,0,0,0,0,0,0,0,0,0,0,0,0,2,0,2,2,0,2,0,0,0,0,0,0,2,0,2,2,0,0,2,2,0,0,2,0,2,2,0,0,2,0,0,0,0,0,0,0,0,0,2,0,2,0,0,2,0,0,0,0,2,2,0,0,0,0,2,2,2,2,0,0,0,2,0,0,0,0,0,0,0,0,0,0,0,0,2,0,0,0,2,0,0,0,0,0,2,0,0,0,0,2,2,0,0,0,0,0,0,0,2,0,0,0,0,0,2,2,0,2,0,0,0,2,2,2,0,0,2,2,2,2,2,0,0,2,0,0,0,0,0,2,0,0,0,0,0,0,2,NA,2,2,0,2,0,0,0,0,0,0,2,2,2,2,2,2,0,2,2,2,0,0,0,2,2,2,2,0,0,0,2,2,2,2,2,0,2,0,0,2,0,2,0,0,0,0,2,0,0,2,0,0,0,0,2,0,2,0,2,0,0,0,2,2,0,0,0,2,2,0,0,0,0,0,0,0,0,2,0,0,0,0,2,2,0,2,2,0,0,2,0,0,2,0,2,0,0,0,0,0,0,0,0,0,0,2,0,0,0,2,0,0,2,0,0,0,2,0,0,0,0,0,0,0,2,0,0,2,0,0,0,0,0,0,2,2,0,0,0,0,2,0,0,0,0,0,0,0,0,0,0,0,0,0,0,0,0,0,0,0,0,0,2,2,0,2,0,2,0,0,0,0,0,0,0,0,2,2,0,0,0,0,0,0,0,2,0,0,0,0,2,0,0,2,0,0,2,0,2,0,2,2,0,2,0,2,0,0,0,0,0,2,0,0,0,2,0,0,0,2,2,0,0,2,0,0,0,0,0,0,0,0,0,2,0,0,0,2,0,0,0,2,0,0,0,2,0,0,2,0,2,0,2,0,2,0,2,0,0,0,2,0,2,0,0,2,0,0,0,0,2,0,2,0,0,2,0,0,0,0,0,2,0,0,0,0,2,0,0,0,0,0,0,2,0,0,0,0,0,0,0,0,0,0,0,2,0,0,2,0,0,2,0,0,0,0,0,0,2,0,0,0,2,0,0,2,0,0,2,0,0,0,0,0,0,0,0,0,0,0,0,0,0,2,0,0,0,0,0,0,2,2,2,0,0,0,2,2,0,0,0,0,0,0,0,0,0,0,0,0,0,0,0,0,0,0,0,0,0,0,0,2,0,0,0,0,0,0,0,0,0,0,0,0,0,0,0,0,0,2,0,0,0,0,0,0,2,0,0,0,0,0,0,0,0,0,2,0,0,0,0,0,0,0,0,0,0,0,0,2,0,0,0,0,0,0,0,0,0,0,0,0,2,0,0,0,0,0,0,0,2,0,0,2,0,0,0,0,0,0,0,0,0,2,2,0,0,0,2,0,0,2,0,0,0,0,0,0,0,0,0,2,0,2,0,0,0,0,0,0,0,0,2,0,0,0,0,0,0,0,2,2,2,2,0,2,2,0,0,2,2,0,0,0,0,2,0,0,0,0,2,0,0,0,0,2,0,0,0,2,0,0,2,2,0,0,2,2,2,0,0,0,0,0,0,0,0,2,2,2,2,2,0,2,0,0,0,2,0,0,0,0,0,0,0,0,0,2,0,0,0,0,0,0,0,0,0,0,0,0,0,2,0,0,0,0,0,0,0,0,0,0,0,0,0,2,0,0,0,0,2,0,0,0,0,0,0,0,0,0,0,0,0,0,0,2,0,0,0,0,0,0,0,0,2,2,2,0,0,2,0,0,0,0,0,0,0,0,0,0,0,0,0,0,2,2,0,2,0,2,0,0,0,0,0,0,NA,0,0,0,2,0,2,0,0,0,0,0,0,0,0,0,0,0,0,0,0,0,0,2,0,2,0,0,0,0,0,0,0,2,0,2,0,0,0,0,2,0,0,0,2,0,2,0,0,2,0,0,2,0,0,0,0,0,0,2,0,0,0,0,0,0,0,0,0,0,0,0,0,2,0,0,0,0,0,0,0,0,0,0,0,0,0,0,0,0,0,0,0,0,0,0,2,0,0,0,0,0,0,2,2,0,2,0,0,2,0,0,0,0,0,0,0,0,0,2,2,0,0,0,0,0,0,0,2,0,0,0,2,2,0,2,0,0,0,0,2,0,0,2,0,0,0,0,2,2,0,0,0,2,0,0,0,0,0,0,0,0,0,0,0,2,0,0,2,NA,2,2,2,2,2,0,0,0,0,2,0,0,0,0,0,2,0,2,0,0,0,0,0,0,2,0,0,2,0,0,0,0,0,0,2,0,2,0,0,2,0,0,0,0,2,0,0,0,0,0,2,0,0,0,0,0,0,0,0,0,0,0,0,0,0,0,0,2,0,0,0,2,0,2,2,0,0,0,2,0,2,0,2,0,0,2,0,0,0,0,0,0,2,0,0,0,2,0,0,0,0,0,0,2,0,2,0,0,2,2,0,0,0,2,0,0,0,0,0,0,0,0,0,2,0,2,0,2,0,0,2,2,0,0,0,2,0,0,0,0,0,0,0,0,0,2,0,0,0,0,0,0,0,2,0,0,0,0,0,2,0,0,0,0,0,0,0,0,0,0,2,0,0,0,2,0,0,0,0,0,2,0,0,0,0,2,0,0,0,0,0,0,0,0,2,2,2,0,0,0,2,0,NA,0,0,0,2,0,0,2,0,0,0,2,0,0,0,0,2,0,0,0,0,0,2,2,0,0,2,0,2,0,2,0,0,0,0,0,0,2,0,0,2,2,0,2,0,2,0,0,2,0,0,2,2,2,2,0,2,0,0,2,2,0,2,0,0,0,2,0,0,0,0,2,2,0,0,0,2,0,0,0,0,0,0,0,2,0,2,0,0,0,0,0,0,0,0,0,0,0,0,2,0,2,0,0,0,0,0,0,0,0,0,0,0,0,0,0,0,0,0,0,0,0,2,0,2,2,0,0,2,2,0,0,2,0,0,0,NA,0,0,0,0,2,0,0,0,0,0,0,0,0,0,0,2,0,0,0,0,0,0,0,0,0,0,0,0,0,0,0,0,0,2,0,0,0,0,0,2,0,2,0,0,0,0,0,0,0,0,2,0,0,0,0,2,0,2,0,0,0,0,2,0,0,0,0,2,0,0,0,0,0,0,0,0,0,0,0,0,0,0,0,0,0,2,0,0,0,0,0,0,0,0,0,0,0,2,0,0,2,0,0,0,0,0,0,0,0,0,0,0,0,0,0,2,0,2,0,0,0,2,0,0,0,0,2,0,0,0,0,0,0,0,0,0,0,2,0,0,0,0,2,0,0,0,2,0,0,0,2,0,0,0,2,0,0,0,0,0,2,0,0,0,0,0,0,2,0,0,0,0,0,0,0,0,0,0,0,0,0,2,0,0,0,0,2,0,0,0,2,0,0,0,0,0,0,0,0,0,0,0,0,0,0,2,0,0,2,0,0,2,0,2,2,0,0,0,0,2,2,0,2,2,2,0,0,2,2,0,0,0,0,2,2,2,0,2,2,2,2,0,0,0,0,0,2,2,2,0,0,0,0,0,0,2,0,0,0,0,0,2,0,2,0,0,0,0,0,0,0,0,0,0,2,0,0,0,0,0,2,0,0,0,0,2,2,0,0,0,0,0,0,0,0,0,0,0,0,0,0,0,0,0,0,2,2,0,0,0,0,2,0,0,2,0,0,0,0,0,0,0,NA,0,0,2,2,0,2,0,2,0,2,0,0,0,0,2,0,0,0,2,2,0,2,0,0,0,2,0,2,2,0,0,2,0,0,2,0,2,0,0,0,0,0,0,0,0,0,0,0,0,2,0,0,2,0,0,0,0,0,0,0,0,0,0,0,0,0,0,0,0,0,0,0,0,2,0,0,0,0,0,0,2,2,0,0,0,0,0,0,0,0,0,0,0,0,0,2,0,0,0,0,0,0,0,2,0,0,0,0,0,0,0,2,0,0,0,0,2,0,2,0,0,0,0,0,0,0,2,0,0,0,0,0,0,0,0,0
"CC6",0,0,0,0,0,0,0,0,0,0,0,0,0,2,2,0,0,0,0,0,2,2,0,0,2,0,0,0,0,0,0,0,0,0,0,0,2,0,0,0,0,0,0,0,0,0,0,2,0,0,0,0,0,0,0,0,2,0,0,0,0,0,2,0,2,0,0,0,0,0,0,0,0,2,0,0,0,0,0,2,0,0,0,0,0,0,0,0,0,2,0,2,0,0,0,0,0,0,0,0,0,0,0,0,2,0,0,0,0,0,0,0,0,0,2,0,0,0,0,2,0,0,0,2,0,0,0,0,2,0,2,0,0,0,0,0,0,0,2,0,0,0,0,0,0,0,0,0,0,0,0,0,0,0,0,0,2,0,0,0,0,0,2,0,0,2,2,0,0,2,0,0,2,0,0,2,0,0,0,2,0,0,0,2,0,0,0,0,0,2,2,0,0,0,2,0,0,0,0,0,0,0,0,0,0,0,0,0,0,0,0,2,0,0,0,0,0,0,0,0,2,0,0,2,0,0,0,2,0,2,0,0,0,0,0,0,0,2,0,0,0,0,0,2,2,0,0,0,NA,0,0,0,0,0,0,2,0,2,0,0,2,0,0,0,0,0,2,0,0,0,0,0,0,0,0,0,0,0,0,0,0,2,0,0,0,0,0,0,0,0,0,0,0,0,0,2,0,0,2,2,0,0,0,2,2,0,0,2,0,0,0,0,0,0,0,2,0,2,0,0,0,0,0,0,0,0,0,0,0,0,0,2,0,0,0,2,0,0,2,0,0,0,0,0,0,0,0,0,0,0,0,0,0,0,0,0,0,0,0,0,0,0,0,0,0,0,0,0,0,0,0,0,0,0,0,0,0,0,0,0,0,0,2,0,2,0,2,2,2,0,0,0,0,0,0,0,0,0,0,0,2,0,0,0,0,0,0,0,0,2,0,0,0,0,0,0,0,2,0,0,0,0,2,0,2,0,0,2,0,0,0,0,2,0,2,0,0,0,0,0,2,0,0,0,0,2,0,0,0,0,0,2,0,0,0,0,2,0,0,0,0,2,2,0,0,0,0,0,0,0,0,2,0,0,0,0,0,0,0,0,0,0,0,2,0,2,0,0,2,0,0,0,0,0,0,0,0,0,2,2,0,2,0,0,0,0,0,0,2,0,0,2,0,0,0,0,0,0,0,2,0,0,2,0,0,0,0,0,0,0,0,0,0,0,0,0,0,0,0,0,2,0,0,2,0,0,0,2,0,0,2,0,0,0,0,0,2,2,0,2,0,0,0,0,2,0,0,2,0,0,0,2,0,0,2,2,0,0,2,2,2,0,0,2,2,0,0,0,0,0,0,2,0,0,0,0,0,0,2,2,0,2,0,2,0,0,2,2,0,2,0,0,0,0,0,0,0,0,0,0,2,0,0,0,2,2,0,0,0,0,0,0,0,0,2,0,0,0,0,0,0,0,0,0,0,0,0,2,0,0,0,0,0,0,0,0,0,0,0,0,0,0,0,0,0,2,0,0,0,2,0,0,0,0,0,0,0,0,0,0,0,0,2,0,0,0,0,2,2,0,2,0,0,2,0,0,0,2,2,0,0,0,0,0,2,2,2,0,2,0,0,2,2,0,0,0,2,0,0,0,0,NA,2,0,0,0,2,0,0,0,0,0,0,2,0,0,0,0,0,0,0,0,2,0,0,0,0,2,0,2,0,0,0,2,2,0,2,0,0,0,0,0,0,0,0,2,0,0,0,0,2,0,0,2,0,2,0,2,0,0,0,0,0,0,0,0,0,0,0,2,0,0,0,0,0,2,0,0,0,2,0,0,0,0,0,2,0,0,2,0,0,0,0,0,0,0,2,2,2,0,0,2,0,2,0,2,0,0,0,2,2,0,0,0,2,0,2,0,0,2,2,2,0,2,0,0,2,0,0,2,2,0,2,0,2,0,0,2,2,0,2,2,2,0,2,0,0,0,0,0,2,0,0,0,2,0,0,0,0,0,0,0,0,2,2,2,2,0,0,2,0,0,0,0,2,2,2,0,0,0,0,0,0,0,2,0,0,2,0,0,2,0,0,0,0,0,0,0,2,0,2,0,0,0,0,0,2,0,0,0,2,0,0,0,0,2,0,0,0,0,0,0,0,0,2,0,0,0,0,0,2,0,2,0,2,2,0,0,0,2,0,0,0,0,0,0,0,0,2,0,0,0,0,2,0,0,2,0,2,2,0,0,0,0,0,0,0,0,0,0,0,2,2,0,0,0,2,2,0,0,0,2,0,0,0,0,0,0,0,0,0,0,0,0,0,0,0,2,2,0,0,0,0,0,2,0,2,0,0,2,2,0,2,0,0,0,0,2,0,0,0,0,2,0,0,0,0,0,0,0,0,0,0,0,2,2,0,0,2,2,0,0,2,0,0,0,0,2,0,0,0,0,0,2,NA,0,2,2,2,0,0,0,0,0,0,0,0,0,0,0,2,NA,0,2,0,0,2,0,0,0,0,0,2,0,0,0,0,0,0,0,2,0,0,0,0,0,0,2,0,0,0,0,2,0,0,0,0,2,0,0,0,0,2,0,0,2,0,2,2,0,0,2,0,0,0,0,0,2,0,0,0,0,0,2,0,0,0,0,0,0,0,0,0,0,0,2,0,2,0,2,0,0,0,0,0,2,0,0,0,0,2,0,0,0,0,0,0,0,2,0,0,2,0,0,0,0,0,0,2,0,2,2,0,0,0,2,0,0,0,2,0,0,0,2,2,0,0,0,0,0,0,2,2,0,0,2,0,2,0,2,0,2,2,0,0,0,2,2,0,0,0,0,0,2,0,2,0,0,2,0,2,0,0,0,0,0,2,0,0,0,0,0,0,0,0,0,2,0,0,0,0,2,0,2,0,0,2,0,2,0,0,0,0,0,0,0,0,0,0,0,2,0,0,0,2,0,0,0,0,2,0,0,0,0,2,0,0,0,0,0,0,2,2,0,0,0,0,2,2,0,0,0,0,0,0,0,0,0,2,0,0,2,0,0,0,0,0,0,0,0,0,0,2,2,0,0,0,0,0,0,0,2,0,2,2,0,0,0,0,0,2,2,2,0,0,0,0,0,0,0,0,0,0,0,0,0,0,0,0,0,0,0,0,2,2,0,0,0,0,2,0,2,0,0,0,0,0,0,0,0,0,0,0,0,0,0,0,0,0,0,0,2,0,0,2,0,0,0,0,0,0,0,0,0,0,0,0,0,0,0,2,0,0,2,0,0,2,0,2,0,0,0,0,2,0,0,0,0,0,0,0,0,0,0,0,2,0,0,0,0,0,2,0,0,2,2,0,2,2,0,0,0,0,0,2,0,0,0,0,0,2,0,0,0,0,2,2,0,0,0,0,0,2,0,2,0,0,0,0,0,0,2,0,0,0,0,0,0,0,0,0,0,0,0,0,0,2,0,0,2,2,0,0,0,0,0,0,0,0,2,0,2,0,0,0,0,0,0,2,2,0,0,0,0,2,0,0,0,0,0,0,0,0,0,0,0,0,0,0,0,0,0,0,0,0,0,2,0,0,0,0,0,2,0,0,0,0,0,0,0,0,2,0,0,2,0,0,0,0,2,0,0,0,0,2,2,2,0,0,0,0,2,0,0,2,0,2,2,0,0,0,2,0,0,2,0,0,0,0,2,0,2,0,NA,2,2,2,0,0,0,2,0,0,0,0,2,2,0,2,0,0,0,0,0,0,2,2,0,0,0,0,2,0,0,0,0,0,2,0,0,0,0,0,0,2,0,2,0,0,0,0,0,2,0,0,0,0,0,2,2,0,0,0,0,0,0,0,0,2,0,0,0,NA,0,0,2,2,0,0,0,0,0,2,0,0,0,0,0,0,0,2,0,0,2,0,0,2,0,0,0,2,0,2,0,2,0,0,0,2,2,2,0,0,0,2,0,0,0,0,0,0,0,0,0,2,0,0,2,2,0,0,0,2,0,0,0,2,0,0,0,0,0,0,0,0,0,0,0,0,0,0,0,0,0,0,0,0,0,0,0,0,0,0,0,0,0,0,0,0,0,0,0,0,0,0,0,0,0,0,2,0,0,0,0,0,0,0,0,0,0,0,0,0,0,0,2,0,0,0,0,0,2,2,0,0,2,0,0,0,0,0,2,0,2,0,0,0,2,0,0,2,0,0,0,0,2,2,0,0,0,0,0,2,2,0,0,0,2,2,0,0,0,2,0,0,0,2,0,2,0,0,2,0,0,0,0,2,0,2,0,2,0,0,0,0,0,0,0,0,2,0,2,2,0,2,2,0,2,2,0,0,0,2,0,2,2,0,0,2,2,2,2,2,0,2,0,0,0,0,0,2,2,0,0,0,0,2,0,0,0,0,2,0,0,0,0,0,0,0,0,0,0,0,0,0,0,0,2,0,0,0,0,0,0,0,0,0,0,0,2,0,0,0,0,2,0,2,2,0,2,0,0,0,0,0,2,0,0,0,2,2,2,0,0,0,0,0,0,0,0,0,2,0,0,0,0,0,0,2,0,0,0,2,0,0,2,0,0,2,0,0,2,0,2,0,2,0,0,0,0,0,0,2,0,2,0,0,0,0,0,0,2,0,0,2,0,0,0,0,0,0,0,0,0,2,0,2,0,0,0,0,0,0,0,0,0,2,0,0,0,0,2,2,0,0,0,0,0,0,0,2,0,2,2,0,0,2,0,0,0,0,0,2,2,0,2,2,0,0,0,0,0,0,0,0,0,0,0,0,0,0,NA,0,2,2,0,2,0,0,2,0,0,2,2,2,0,0,0,0,0,2,0,0,0,0,0,0,0,2,0,0,2,0,0,0,0,0,2,2,2,0,0,0,0,2,0,0,0,0,0,0,0,0,2,0,0,0,0,0,0,0,0,0,0,0,2,0,0,0,0,0,2,0,0,0,0,0,0,0,0,0,0,0,0,0,0,0,0,0,2,0,0,0,2,0,0,0,0,2,0,2,0,0,0,2,0,0,0,2,2,0,0,0,0,0,0,0,0,0,0,0,0,2,2,0,0,2,0,2,0,2,0,0,0,0,0,0,0,0,0,0,2,2,0,0,0,0,0,0,0,0,0,2,0,2,2,0,0,0,2,0,0,0,2,0,0,2,0,0,0,0,2,0,0,2,0,2,0,0,2,2,2,0,0,0,2,2,0,2,0,0,0,0,2,0,0,2,0,0,0,2,0,0,2,0,0,0,0,0,0,2,0,2,2,0,0,0,0,0,2,0,0,0,2,0,0,0,0,0,0,0,0,0,0,0,0,0,2,0,0,0,0,2,0,0,2,2,2,0,0,0,0,0,0,2,2,0,2,0,0,0,0,0,0,0,2,2,2,0,0,0,0,0,2,0,0,0,0,0,2,0,0,0,0,2,0,0,0,0,0,0,0,0,0,0,0,2,0,0,0,0,0,0,0,2,2,0,0,0,0,0,0,0,0,0,2,2,2,0,0,2,0,0,0,0,2,0,0,0,0,0,0,0,2,0,0,0,0,2,0,0,0,0,0,0,0,2,2,0,2,0,0,0,0,0,0,2,0,0,0,0,2,0,0,0,2,0,0,0,0,0,0,0,2,0,0,2,0,0,0,0,0,2,0,0,0,0,2,0,0,0,2,2,2,0,2,0,0,0,2,2,2,0,0,0,0,2,2,0,2,NA,0,0,2,2,0,0,2,0,0,2,2,0,0,0,0,0,0,0,0,0,2,2,2,0,2,0,0,0,2,0,0,0,0,0,2,0,0,0,2,0,0,0,0,0,0,2,0,0,0,0,0,2,0,0,0,0,0,0,0,0,0,2,2,0,0,0,2,0,0,2,0,2,0,2,0,0,0,2,0,0,0,0,0,0,0,0,0,0,0,0,0,0,2,0,0,0,0,0,2,2,0,2,2,0,0,0,0,0,0,0,0,0,0,0,0,2,0,2,2,0,2,0,0,0,0,0,0,0,0,0,0,0,0,0,0,0,0,0,2,0,0,0,0,0,0,0,0,0,0,0,0,0,0,0,0,2,0,0,0,0,0,0,2,2,0,0,0,2,0,0,0,0,0,0,0,0,0,0,0,0,2,0,0,0,0,0,0,0,0,2,0,0,0,0,0,2,0,0,2,0,0,0,2,0,0,2,2,0,2,0,2,0,0,2,0,0,0,0,0,0,0,0,0,2,0,2,2,0,2,2,0,2,2,2,2,0,0,0,2,0,2,0,2,0,0,0,2,2,0,0,0,0,0,0,0,0,0,0,0,0,2,0,0,0,2,0,0,0,0,0,0,2,0,2,0,2,0,2,2,2,0,0,0,2,0,0,0,2,2,2,2,0,0,2,0,0,2,0,0,2,2,0,0,2,0,0,0,0,0,0,0,2,0,0,0,0,0,0,2,0,0,0,2,0,2,0,2,2,0,0,0,0,0,0,0,0,0,0,0,0,0,2,0,0,2,0,0,0,2,2,0,0,0,0,0,2,2,0,0,0,2,0,2,2,2,0,0,0,2,2,2,2,0,0,0,0,2,2,2,2,0,2,0,0,2,0,0,2,0,2,2,0,0,0,0,0,0,2,0,0,0,2,0,2,0,2,0,2,0,0,0,2,2,0,2,0,0,0,0,0,0,0,0,2,0,NA,0,2,0,0,0,0,0,0,2,0,0,0,0,0,0,0,0,0,0,0,0,0,0,2,0,0,0,2,2,2,0,0,0,0,2,2,2,0,2,0,0,0,0,0,0,0,0,0,0,0,2,0,0,0,2,0,0,0,0,2,2,0,0,2,2,0,0,0,2,0,0,0,0,0,0,0,0,0,0,0,0,2,2,0,0,0,0,0,0,0,0,0,2,2,0,0,0,0,2,0,2,0,0,0,2,0,0,0,2,2,2,0,2,0,0,0,0,0,0,0,0,0,2,0,0,2,0,0,0,0,0,2,2,0,0,0,2,0,2,0,0,0,2,2,2,0,0,2,0,0,0,0,0,0,0,2,0,0,0,2,0,0,0,0,0,0,0,2,0,0,0,0,0,0,0,0,2,0,0,2,0,2,0,0,0,0,2,0,0,0,2,2,0,0,0,0,0,0,2,0,0,0,0,0,0,0,0,0,0,0,0,2,0,0,2,0,2,0,0,0,0,0,2,0,0,0,0,0,2,0,0,0,0,2,2,2,0,2,0,0,0,0,0,0,2,0,0,0,0,0,0,2,0,0,0,0,0,0,0,0,0,2,0,0,2,0,0,0,2,0,0,0,2,0,2,2,0,0,0,0,0,0,2,2,2,0,0,0,0,0,0,0,0,0,0,0,0,0,0,0,0,2,0,0,2,0,2,0,0,2,0,0,0,0,0,0,0,0,0,0,2,NA,0,2,2,0,2,0,0,0,2,0,NA,2,0,2,0,0,0,0,0,2,2,0,2,0,0,0,2,2,0,0,0,2,0,0,0,0,0,2,0,0,0,0,0,0,0,0,0,0,0,0,0,2,0,0,0,0,0,0,0,0,0,0,0,2,0,0,2,0,2,0,0,0,0,0,0,0,0,2,0,2,0,0,0,0,0,0,0,0,2,2,0,0,0,0,0,0,0,0,0,0,0,2,0,0,0,0,0,0,0,0,0,0,0,0,0,0,0,0,0,0,0,0,0,2,0,0,0,0,0,0,0,2,0,0,0,0,2,0,2,0,0,0,0,0,0,0,0,0,0,0,0,0,0,0,0,2,0,0,0,2,0,0,0,0,0,0,2,2,0,0,2,2,2,0,0,0,2,0,2,0,0,0,0,0,0,0,2,0,0,2,0,0,0,2,0,0,2,2,2,2,2,2,0,0,0,0,0,0,0,0,0,0,0,0,0,0,0,0,0,0,0,2,0,0,0,0,0,0,0,0,0,0,0,0,0,0,0,0,0,0,0,0,0,0,0,0,0,0,0,0,0,0,0,0,0,0,0,0,2,0,0,0,0,0,0,0,0,0,2,2,0,0,2,0,0,0,2,2,2,0,2,2,0,0,0,0,0,2,0,0,0,2,0,0,2,0,2,2,0,0,0,0,0,2,0,0,0,0,0,0,0,0,0,0,0,2,0,0,0,2,0,0,0,0,0,0,0,0,0,0,0,0,0,2,0,0,0,0,2,0,0,2,2,2,0,0,2,0,0,0,0,0,0,2,0,2,0,2,0,0,2,0,0,0,0,0,0,2,0,0,0,0,0,0,0,0,0,2,2,0,0,0,0,0,0,2,0,0,0,0,2,0,0,0,2,2,0,2,2,0,0,0,2,0,0,0,0,0,0,2,0,0,0,0,0,0,0,0,0,0,0,0,0,0,0,0,0,0,0,0,0,0,0,0,0,0,0,0,0,0,0,0,0,0,0,0,0,0,0,0,0,0,0,0,0,0,0,0,0,0,0,0,0,0,0,0,0,0,0,0,0,0,0,0,2,2,0,2,0,2,0,0,0,0,0,0,0,0,2,2,0,0,0,0,0,0,0,0,0,0,0,0,2,0,0,0,0,0,2,0,0,0,0,0,0,0,0,2,0,0,0,0,0,2,0,0,0,0,0,0,0,2,2,0,0,2,0,0,0,0,0,0,0,0,0,0,0,0,0,2,0,0,0,0,0,2,0,2,0,0,0,0,0,0,0,2,2,0,0,0,0,0,2,2,2,2,0,2,0,0,0,2,0,0,0,0,0,0,2,0,0,0,0,0,0,0,0,2,0,0,0,0,0,0,0,0,0,0,0,0,0,0,0,0,0,0,0,0,0,0,0,0,0,0,0,0,0,0,0,0,0,0,0,2,0,0,0,0,0,0,0,0,2,0,0,0,0,0,0,2,0,0,0,0,0,0,0,0,0,2,0,0,0,2,2,0,2,0,2,2,0,0,0,0,0,0,0,0,0,0,0,0,0,0,2,0,0,0,0,0,0,0,0,0,0,0,0,0,0,0,0,0,0,0,0,0,0,0,0,0,0,0,0,2,2,0,0,0,2,0,0,0,0,0,2,0,2,0,2,0,0,0,0,0,0,2,0,0,0,0,0,2,0,0,2,2,0,0,0,0,0,0,0,0,0,0,2,0,0,0,0,0,0,2,0,0,0,2,0,0,0,2,0,0,0,2,0,0,0,0,0,2,0,2,0,0,2,0,0,0,0,0,2,0,0,2,0,0,0,0,0,0,0,2,0,0,0,0,2,0,0,0,0,2,2,2,0,0,0,0,0,2,0,0,0,0,2,0,0,0,0,0,2,0,0,0,0,0,2,2,2,0,0,2,2,0,0,0,0,0,0,0,0,0,0,2,2,0,0,0,0,0,2,0,2,2,2,2,0,2,0,0,0,0,0,0,0,0,0,2,0,0,0,0,0,2,2,0,0,0,0,0,0,2,0,0,0,0,2,2,0,0,0,0,0,0,0,0,0,2,0,2,2,0,0,0,0,2,0,0,0,0,0,0,2,0,0,2,0,2,0,2,0,0,0,0,0,0,0,0,0,0,0,0,0,0,2,0,0,0,0,0,0,0,2,0,0,0,2,0,0,0,2,0,2,0,0,0,0,0,0,0,0,2,0,0,0,0,0,2,2,0,2,0,2,0,2,0,0,0,0,2,0,0,2,0,0,0,0,0,0,0,0,2,0,0,0,0,0,0,2,0,0,0,0,0,0,0,0,0,2,0,0,0,0,0,0,2,0,0,0,0,0,0,0,0,0,0,0,0,0,2,2,0,0,2,0,0,0,0,0,0,0,0,0,2,2,0,0,0,2,0,0,0,2,0,2,2,2,2,0,0,0,0,0,0,0,2,0,0,0,0,0,0,0,0,2,0,2,2,0,2,0,0,0,0,0,0,0,0,2,2,0,0,0,0,0,0,0,0,0,2,0,0,0,0,0,0,0,0,0,0,0,0,2,2,0,0,0,0,0,0,0,0,0,0,2,0,0,2,0,0,0,0,0,0,0,0,0,2,0,0,2,0,0,0,0,0,0,0,0,2,0,0,0,0,0,0,2,0,0,0,0,0,0,0,0,0,0,2,0,0,0,2,0,0,0,0,0,0,0,0,0,0,0,0,0,0,0,0,0,0,0,2,0,0,0,0,2,0,0,0,0,0,0,0,0,0,0,0,0,0,2,2,0,0,0,2,0,0,2,0,0,0,2,0,0,0,2,0,0,2,0,0,0,2,0,0,0,0,0,0,0,0,0,0,0,0,0,0,0,0,0,2,0,0,0,0,0,0,0,0,0,0,0,0,0,0,0,2,0,0,0,0,0,0,0,0,0,0,0,2,0,0,0,0,0,2,0,2,0,0,0,0,0,2,0,0,2,2,0,0,0,0,2,0,0,0,0,2,0,0,0,0,0,0,0,0,0,0,0,0,0,0,0,0,0,0,0,0,0,0,0,0,0,0,0,2,0,0,0,0,0,0,0,2,0,0,0,0,0,0,0,0,0,0,0,0,0,2,2,0,0,0,0,2,0,0,0,0,0,0,0,0,0,0,2,0,0,0,0,0,0,0,0,0,0,0,0,0,0,0,2,0,0,0,0,2,2,0,0,0,0,0,0,0,2,0,0,0,0,2,0,0,0,2,0,0,0,0,0,0,2,2,2,2,0,0,0,2,0,0,0,0,2,0,0,0,0,0,2,2,0,0,2,0,0,0,0,0,0,2,2,0,0,0,0,0,0,0,0,0,2,0,0,0,2,0,0,0,0,2,0,0,2,0,0,0,0,2,0,0,0,2,2,0,0,2,0,0,0,0,0,0,0,0,2,0,0,0,0,0,2,0,0,0,0,0,0,0,2,0,0,0,0,0,0,2,0,0,2,0,0,0,0,2,0,0,0,0,0,2,0,0,2,0,0,0,0,0,0,2,0,0,0,0,0,0,0,2,0,0,0,0,0,0,2,0,0,0,0,2,0,0,2,0,2,0,0,2,0,0,2,0,0,0,2,2,0,0,0,0,0,0,0,0,2,2,0,0,0,0,0,2,0,0,0,0,0,0,0,0,0,0,2,0,0,0,0,0,0,0,0,2,0,2,2,2,0,0,0,0,2,0,0,0,0,0,2,0,2,0,0,2,0,0,0,0,0,0,0,2,0,0,0,0,0,0,0,0,0,0,0,0,0,0,0,2,0,0,0,0,0,0,0,0,2,0,0,0,0,0,2,2,2,2,0,0,0,0,0,0,0,0,0,0,0,2,2,0,0,0,0,0,0,0,0,2,0,2,0,2,0,0,2,0,0,2,2,0,0,0,0,0,0,0,0,0,0,2,0,0,0,2,2,0,0,0,2,2,0,0,0,2,0,0,0,0,0,0,2,0,0,0,2,0,0,0,0,0,0,2,0,0,2,0,0,0,0,2,0,0,0,0,0,0,0,0,0,0,2,0,2,0,0,0,0,0,0,0,0,0,0,0,0,2,0,0,2,2,0,0,0,0,0,0,0,0,0,2,0,0,0,2,0,0,2,0,0,0,0,0,0,0,2,0,0,0,0,0,0,0,0,0,0,0,0,0,0,0,0,0,2,0,0,2,0,0,0,0,0,0,0,0,2,0,0,2,0,0,0,0,0,0,2,0,0,2,0,0,0,0,0,0,0,0,0,2,2,2,0,0,2,2,0,0,0,0,2,0,0,0,0,0,2,2,0,0,2,0,2,0,0,0,2,0,0,0,0,0,2,0,0,0,0,0,0,0,0,2,0,0,0,0,0,0,0,0,2,0,0,0,0,0,0,0
"CC60",0,2,0,0,0,0,0,0,0,0,0,0,2,0,2,2,0,0,0,0,2,2,2,0,0,0,0,2,0,0,0,0,0,0,2,2,0,0,0,2,2,0,0,2,2,0,0,2,0,0,0,2,0,2,0,0,2,0,0,0,2,0,0,2,0,0,0,0,0,2,0,0,0,0,0,0,0,0,0,2,0,0,0,0,0,0,2,0,2,0,0,0,0,0,2,0,0,0,0,0,0,0,0,0,2,2,0,0,0,0,0,2,0,0,0,0,2,0,0,0,0,0,0,0,0,0,0,0,0,0,0,0,0,0,2,0,2,0,2,0,0,0,2,0,0,0,2,0,0,0,0,0,0,0,0,0,0,0,0,0,0,0,2,2,2,2,0,0,2,0,0,2,2,0,0,2,0,0,0,0,0,0,0,2,0,0,0,0,0,0,2,0,NA,0,0,0,0,0,0,0,0,0,0,0,0,0,0,0,0,0,0,2,0,0,0,0,0,0,0,2,2,0,2,0,0,0,0,0,0,2,2,0,0,0,0,0,2,0,0,0,0,0,0,0,0,2,0,0,2,0,0,0,0,0,0,0,0,2,0,0,0,0,0,2,0,0,2,0,0,2,0,0,0,0,0,0,2,2,0,0,0,0,0,0,0,0,0,0,0,2,2,0,0,2,0,2,0,0,2,2,0,0,0,2,2,0,0,0,NA,0,0,2,0,0,0,0,0,2,0,0,0,0,0,0,0,0,0,0,0,0,0,2,2,0,0,2,0,0,0,0,0,0,0,2,0,0,0,0,0,0,0,0,2,0,0,0,2,2,0,0,0,0,0,0,0,0,0,0,0,0,0,0,0,0,0,0,0,0,0,0,0,0,0,0,0,0,2,2,0,0,0,0,0,0,0,0,0,0,0,0,0,0,0,2,0,2,0,0,0,0,0,2,0,0,0,2,0,0,0,0,0,NA,0,0,0,0,0,2,2,0,0,0,0,0,0,0,0,0,0,0,0,0,0,0,0,2,0,0,0,0,0,0,0,0,2,2,0,2,0,0,0,0,2,0,0,0,0,2,2,0,0,0,0,0,0,0,NA,NA,0,0,2,0,0,2,0,2,0,0,0,2,0,0,0,0,2,0,2,0,0,2,0,0,0,0,0,0,0,0,2,0,0,0,0,0,0,0,0,0,0,0,0,2,0,0,0,0,0,2,0,0,2,0,0,0,0,2,0,2,2,0,0,0,0,0,0,0,2,2,0,2,2,0,0,2,0,0,0,0,0,2,0,0,0,2,2,0,0,2,0,2,0,2,0,0,2,2,0,2,2,0,0,2,0,2,2,0,2,0,0,0,2,0,0,0,2,0,0,0,0,2,0,2,2,0,2,2,2,2,0,0,0,0,0,0,2,0,2,0,0,0,2,0,0,0,0,0,0,0,2,0,0,0,0,0,0,0,0,0,0,2,0,0,0,0,0,0,0,0,0,0,0,0,0,0,0,0,2,0,0,0,0,0,0,0,0,0,0,0,0,0,2,0,2,0,0,0,0,0,0,0,0,2,0,0,2,0,2,0,2,2,0,NA,0,0,0,0,0,0,0,0,0,0,0,NA,0,0,0,0,2,0,0,0,0,0,0,2,0,2,0,0,0,0,0,2,0,0,0,0,0,0,0,0,0,0,0,0,0,0,2,0,0,0,0,0,0,2,2,2,2,0,0,0,2,2,0,0,0,0,0,0,0,0,0,0,2,2,2,0,2,0,0,0,0,0,0,0,2,0,0,2,0,0,2,2,0,0,0,2,2,0,2,2,0,0,NA,0,0,2,2,0,0,0,0,0,0,0,0,2,0,0,0,0,0,2,0,0,0,0,0,0,2,2,2,2,0,0,2,2,0,2,2,0,0,0,0,2,0,2,0,2,2,2,2,0,0,0,0,0,0,0,2,2,2,0,0,0,0,2,2,0,2,0,0,0,2,0,0,0,0,0,0,0,0,0,2,0,0,0,2,2,0,0,0,0,0,0,0,0,0,0,0,0,0,0,0,2,2,0,0,0,0,0,2,0,0,0,0,2,0,NA,0,0,0,0,2,NA,0,0,0,0,0,NA,NA,2,0,0,0,2,0,2,2,2,0,2,2,0,2,0,0,0,2,0,0,2,2,0,0,0,2,0,0,2,2,0,0,0,0,2,2,2,0,0,0,0,0,0,0,0,0,0,NA,0,0,0,0,0,0,0,2,2,0,0,0,0,0,0,2,0,0,0,0,2,2,0,0,0,0,0,0,0,0,0,0,0,0,0,0,2,0,0,0,0,0,0,2,0,0,0,2,0,2,0,2,0,2,0,0,0,0,0,0,0,0,0,0,0,2,2,2,0,0,0,0,0,0,2,0,0,0,0,0,0,0,0,2,0,2,0,0,2,0,2,2,0,0,2,0,0,0,0,0,0,0,2,0,0,0,0,0,0,0,0,0,2,0,2,2,0,0,0,0,0,0,0,2,0,0,0,0,0,0,0,0,0,0,0,0,0,0,0,0,0,0,0,0,0,0,2,0,0,0,0,2,0,0,2,2,2,0,0,2,0,0,0,NA,0,0,0,0,0,0,0,0,2,0,2,0,0,0,0,NA,0,0,0,0,0,0,0,0,2,2,2,0,0,0,0,0,0,0,0,0,0,2,0,0,0,0,0,0,2,2,0,0,0,0,0,2,2,0,0,0,2,0,0,0,2,0,0,0,2,0,0,0,0,0,0,0,2,0,0,2,0,0,0,0,0,2,0,2,0,0,0,0,0,0,0,0,0,0,2,NA,2,2,0,2,0,0,0,0,0,0,0,0,0,0,0,0,0,0,0,0,0,NA,0,2,2,0,0,0,0,0,0,0,0,NA,0,0,0,0,0,0,0,0,0,0,0,0,0,2,0,0,0,0,0,2,0,2,0,0,2,0,0,0,0,0,0,0,0,0,0,2,0,0,0,0,0,0,0,2,0,0,0,0,0,0,0,2,0,0,0,0,0,0,0,0,0,0,0,2,0,0,0,2,0,0,0,0,0,0,0,0,0,0,0,0,0,0,0,0,0,2,0,0,0,2,0,0,0,0,0,0,0,0,0,2,0,0,0,0,2,2,0,0,0,0,2,0,NA,0,0,0,0,0,0,0,0,0,0,0,2,2,2,0,2,0,0,0,2,2,0,0,0,0,0,0,0,0,0,0,2,0,0,0,NA,0,0,0,0,0,0,0,0,0,0,0,0,0,0,0,0,2,0,0,2,0,0,2,0,0,0,0,0,0,0,0,0,0,0,0,2,0,0,0,2,0,2,0,0,0,2,2,0,0,0,2,0,0,0,0,0,0,0,0,0,0,0,0,2,0,0,0,0,0,0,2,0,0,2,0,2,2,0,2,2,2,0,0,0,0,0,2,0,0,0,0,2,0,0,0,0,2,0,2,0,0,2,0,0,0,2,0,0,2,2,0,2,0,0,0,0,0,0,2,0,2,0,2,0,0,0,0,0,0,0,0,2,0,0,0,0,2,0,2,0,0,0,0,2,0,2,0,0,0,2,2,2,2,2,0,0,0,2,2,0,0,0,0,0,0,0,0,0,0,2,0,0,0,0,0,2,0,0,0,0,0,0,0,0,0,0,0,0,2,0,0,0,0,0,0,0,0,0,0,0,0,0,0,0,0,2,0,0,2,0,0,0,2,0,0,0,2,0,0,0,0,0,0,0,0,0,0,0,0,0,0,0,0,0,0,0,0,2,0,0,0,0,0,2,0,0,0,0,0,2,0,0,0,2,0,0,0,0,0,2,0,0,0,0,0,2,0,0,0,0,0,2,0,0,0,2,2,0,2,0,0,0,0,0,0,0,0,0,0,0,0,0,0,0,2,0,0,0,0,0,0,0,0,0,0,0,2,2,0,0,2,0,0,0,0,2,0,0,0,0,0,2,0,0,0,0,2,0,2,0,0,0,0,0,0,0,0,2,0,0,0,0,0,0,0,0,0,0,0,0,0,0,0,0,0,0,2,0,0,0,0,0,0,0,0,0,2,0,0,0,0,0,0,0,0,0,0,2,0,0,0,0,0,0,0,0,0,2,0,2,0,2,0,0,0,0,2,0,0,0,0,0,0,0,2,0,0,0,0,0,0,0,0,0,0,0,0,0,2,0,0,0,0,2,0,0,0,0,2,2,0,0,2,0,0,0,0,2,2,2,0,0,2,2,2,0,0,0,0,2,2,0,0,0,2,0,2,0,0,0,0,0,0,0,0,0,0,0,0,0,0,2,0,0,0,2,0,0,0,0,0,0,0,0,0,0,0,0,0,2,NA,0,0,0,0,2,0,0,0,0,0,0,0,0,0,0,0,2,0,0,0,0,2,0,0,0,0,0,0,2,2,0,0,0,0,0,0,0,0,0,0,0,0,0,0,2,0,0,2,0,0,0,0,0,0,0,2,0,0,0,2,2,0,2,2,0,0,0,0,2,0,2,0,0,0,0,2,2,0,0,0,0,0,0,2,0,0,2,0,0,0,0,0,0,0,2,0,0,0,0,0,0,0,0,2,0,0,0,0,0,0,2,0,0,0,0,0,0,0,0,2,2,0,0,0,0,0,2,0,0,0,0,0,0,0,0,0,0,0,2,2,0,0,2,0,0,0,0,0,0,0,0,2,0,0,0,0,2,2,0,0,0,0,0,0,0,0,0,0,0,2,0,2,2,0,0,0,0,2,2,0,2,0,2,0,0,0,0,2,0,0,0,0,0,0,0,0,0,2,0,0,0,2,0,0,0,0,0,0,0,2,2,0,0,0,0,0,0,0,2,0,0,0,0,0,0,0,0,0,0,0,0,0,0,0,0,0,0,2,0,0,0,2,0,0,0,2,0,2,2,0,0,0,2,0,0,0,0,0,0,2,2,0,0,0,0,0,0,0,0,2,0,0,0,0,0,0,0,2,0,0,0,0,0,0,2,2,0,2,0,0,2,0,0,2,0,0,0,0,0,0,0,2,0,0,2,0,0,2,0,0,0,0,0,0,0,0,0,0,2,0,0,0,0,2,0,0,0,0,0,0,0,0,0,0,2,2,2,2,0,2,0,2,0,0,0,0,0,0,0,2,2,0,0,0,0,0,0,0,0,0,0,2,0,0,0,0,2,0,0,2,0,2,0,0,0,0,0,0,0,0,2,2,0,0,0,0,0,0,2,0,0,0,0,0,0,2,2,0,0,0,0,0,2,0,0,2,0,0,2,0,0,0,0,0,0,0,0,2,0,0,0,0,0,0,0,0,0,0,0,0,0,0,0,0,0,0,0,0,0,0,0,2,2,0,0,0,0,0,0,0,0,0,2,0,0,0,0,0,0,0,2,2,2,2,0,0,0,0,2,0,0,0,0,0,2,0,0,0,0,0,0,0,0,0,0,0,0,0,0,0,0,0,2,0,0,0,2,0,0,2,2,0,0,0,0,0,0,0,0,0,0,0,0,0,0,0,0,0,0,0,0,0,0,0,0,0,0,2,2,0,0,0,0,2,0,0,0,0,0,0,0,0,2,0,2,0,0,0,0,0,0,0,0,0,0,0,0,0,0,0,0,0,0,0,0,0,0,0,0,0,0,2,0,0,0,0,0,2,0,0,0,2,2,0,2,0,2,2,0,0,2,0,0,0,2,2,0,0,0,0,0,0,0,0,2,2,0,0,0,0,0,2,0,0,0,0,0,0,0,0,0,0,0,0,0,0,0,0,2,0,2,0,0,0,2,0,0,0,0,0,2,0,0,0,0,0,0,0,0,0,0,2,0,0,2,0,0,2,0,0,0,0,0,2,2,0,0,0,2,0,0,2,0,0,0,0,2,0,2,0,0,0,0,0,0,0,0,0,2,2,0,2,NA,0,0,0,2,2,2,0,0,2,2,2,0,0,0,0,0,0,0,0,0,0,2,0,2,0,0,0,0,0,0,0,0,0,2,0,0,2,0,0,0,0,0,0,0,0,0,0,0,0,2,0,0,0,0,0,0,2,0,0,0,0,0,0,2,0,0,0,0,0,0,0,0,0,0,0,2,0,0,0,0,0,0,0,0,0,0,0,2,0,0,0,2,0,0,2,0,0,0,0,0,0,0,0,0,0,0,0,2,0,2,0,0,0,0,2,0,0,0,0,0,0,0,0,2,2,0,0,2,0,0,0,0,2,0,NA,2,0,0,0,0,0,0,0,0,2,2,0,0,2,0,0,2,0,0,2,0,0,0,0,0,0,0,0,0,0,0,2,0,0,2,0,2,2,NA,0,0,0,0,0,0,0,0,0,0,2,2,0,0,0,0,0,0,0,0,0,0,0,0,0,0,0,0,0,0,2,2,0,0,0,0,0,0,2,2,0,0,0,0,0,0,0,0,0,0,0,0,2,2,0,2,0,2,0,0,2,2,0,0,0,0,0,0,0,0,0,0,0,0,0,0,2,0,0,2,0,0,0,2,0,0,2,2,0,0,2,0,0,0,0,0,0,0,0,2,0,2,0,0,0,0,2,0,0,2,0,0,0,0,0,0,0,0,2,0,0,0,2,0,0,0,0,0,0,0,0,0,0,0,0,0,0,0,2,0,2,0,0,2,0,0,0,2,0,0,2,0,0,0,0,2,2,0,0,0,0,0,0,0,0,0,0,0,0,0,0,0,0,0,0,0,2,0,2,2,0,0,0,0,0,0,0,2,0,0,0,0,0,0,0,0,0,2,2,0,0,0,0,0,0,0,0,0,0,0,0,0,0,0,0,0,0,0,0,0,0,0,0,0,0,0,2,0,0,0,0,0,0,0,2,2,0,0,0,0,0,0,0,2,2,0,0,2,0,2,0,0,0,0,0,0,2,0,0,0,2,0,0,0,0,0,0,0,0,0,0,0,2,0,0,0,2,0,0,0,0,0,2,0,0,0,2,0,0,0,0,2,0,0,2,0,0,0,2,0,0,0,2,0,0,0,0,0,0,0,0,0,0,0,0,0,0,2,2,0,0,2,0,0,0,0,0,0,0,2,0,0,0,0,0,0,0,2,0,2,0,0,0,0,0,2,0,2,0,0,0,0,0,0,2,0,0,0,0,NA,0,0,0,0,0,0,0,0,2,2,0,0,2,0,0,2,2,2,2,0,2,0,0,2,2,0,0,0,0,0,0,0,2,0,0,0,0,0,0,0,0,0,0,NA,0,2,0,0,0,0,2,0,0,2,0,0,0,0,2,0,0,2,2,0,0,2,0,0,NA,0,2,0,0,0,0,0,0,0,0,0,0,0,0,0,0,2,2,0,0,0,0,0,0,2,0,0,0,0,0,2,0,0,0,0,0,0,0,2,0,0,0,2,0,0,0,0,2,2,0,2,2,0,0,0,0,2,0,0,0,0,0,0,2,0,0,0,0,0,0,0,0,2,2,2,0,0,0,0,0,0,0,2,2,0,0,0,0,0,0,0,0,0,0,0,0,0,0,0,2,0,0,0,0,0,0,0,2,0,0,2,0,2,0,2,0,0,0,0,0,0,0,0,0,0,0,0,0,0,0,2,0,0,0,0,0,0,0,0,0,0,0,0,0,0,0,0,0,0,0,0,0,0,0,0,0,2,0,2,0,0,2,0,0,0,0,0,0,0,0,0,0,0,0,0,0,2,0,0,0,0,0,0,0,0,0,0,0,0,0,0,2,2,0,0,0,0,0,2,0,2,0,0,0,0,0,0,0,0,0,0,0,0,0,0,2,0,0,0,2,0,2,0,0,0,0,0,0,0,0,2,0,0,0,0,0,0,0,0,0,0,0,0,0,2,0,0,2,0,2,0,2,0,0,0,0,0,2,0,0,2,0,0,0,0,0,0,0,0,0,0,0,0,0,0,0,0,2,2,0,2,2,0,0,2,2,0,0,0,2,0,0,0,0,0,0,0,0,0,0,0,0,0,0,0,0,0,0,2,2,2,0,0,2,0,0,2,0,0,0,0,0,2,0,NA,0,0,0,2,0,2,0,0,0,0,0,2,2,0,2,0,0,0,2,0,2,0,0,0,0,0,0,2,0,2,2,0,0,0,0,0,2,0,0,0,0,0,2,0,0,0,0,0,0,0,0,0,2,0,0,2,0,2,0,2,2,0,0,2,2,0,2,0,0,2,0,0,0,2,0,0,2,0,0,2,0,0,2,0,0,0,2,0,2,0,2,2,2,0,2,0,0,0,0,0,2,0,0,0,0,2,2,0,0,0,0,0,0,0,0,0,0,0,2,0,2,0,0,2,0,0,0,0,0,0,0,0,0,0,0,0,0,0,0,0,0,0,0,2,0,0,0,0,0,0,2,0,0,0,2,0,0,0,0,0,0,2,0,0,0,0,0,0,0,0,2,0,0,0,0,0,0,0,0,2,2,0,0,0,0,2,0,0,0,0,0,0,0,2,2,0,0,0,2,2,0,2,0,0,0,0,0,0,0,0,0,0,0,2,2,2,0,0,0,0,0,0,0,0,2,0,0,0,0,0,0,0,0,2,0,0,0,0,2,0,2,2,0,0,0,0,2,0,0,0,0,0,0,0,0,0,0,0,0,2,0,0,0,0,0,0,0,0,0,0,2,0,0,0,0,0,0,0,2,0,0,0,2,0,0,0,2,0,0,0,0,0,0,2,0,2,0,0,0,0,0,2,0,0,0,0,0,0,0,2,2,0,0,0,2,0,0,0,0,0,2,0,0,0,0,0,2,0,0,2,0,0,0,0,0,0,2,0,0,0,0,0,0,0,0,0,0,0,2,0,2,2,0,2,0,0,2,2,2,2,0,0,0,2,0,0,0,2,0,0,2,0,NA,2,0,0,2,0,0,0,0,0,2,0,0,2,0,0,2,0,0,0,2,0,2,0,0,2,0,0,0,2,2,2,2,0,0,0,0,0,0,0,0,0,0,0,0,0,0,0,2,0,0,2,0,0,0,0,0,0,0,0,0,0,0,0,0,0,0,0,0,0,0,0,0,0,2,2,0,0,0,0,0,0,0,0,0,2,0,2,0,2,0,0,2,0,0,0,2,2,0,0,0,0,2,0,0,2,2,0,0,0,0,0,2,0,0,0,0,2,0,0,0,0,0,0,0,0,0,0,0,0,0,0,0,2,0,0,0,0,0,0,0,0,0,0,2,0,0,0,0,0,0,0,0,2,2,0,0,0,0,0,0,0,0,0,0,2,0,0,0,0,0,0,0,2,2,2,2,0,0,0,0,0,2,0,2,0,0,0,2,0,2,2,0,0,0,0,0,0,2,0,0,0,0,0,0,2,2,0,0,2,0,2,0,0,0,0,0,0,2,0,0,0,0,0,2,0,0,0,0,0,2,0,0,0,0,0,0,0,0,2,2,2,0,0,0,2,0,0,2,0,0,0,0,0,2,0,0,0,0,0,0,0,0,0,0,0,2,0,0,2,0,0,0,0,0,0,0,0,2,0,0,0,0,0,0,2,0,0,2,0,2,2,0,0,0,0,0,0,2,0,0,0,2,0,0,0,2,0,0,0,0,0,2,0,0,0,0,0,0,2,0,0,0,2,0,0,2,0,0,0,0,0,2,0,2,0,2,0,0,0,0,0,0,0,0,2,2,0,0,0,0,0,0,2,0,NA,2,0,0,0,0,0,0,0,0,0,0,0,0,0,2,0,0,0,0,0,0,0,0,0,0,2,0,0,2,0,0,0,0,2,NA,NA,0,0,0,0,0,0,2,2,0,0,0,2,0,2,0,2,0,0,0,0,0,2,0,2,0,2,2,0,2,0,0,0,0,0,2,0,NA,2,0,0,2,0,0,0,2,0,2,0,0,0,0,0,2,0,2,0,2,2,0,2,0,0,0,0,0,0,0,0,2,2,2,0,0,0,0,0,2,0,0,0,0,0,0,0,2,2,0,0,0,0,0,0,0,0,0,0,0,0,0,0,0,0,2,0,0,2,0,0,0,0,2,2,0,0,0,0,0,0,0,0,0,0,0,0,2,0,0,0,0,0,0,0,0,0,2,0,0,0,0,0,0,0,0,2,0,0,2,0,0,0,0,0,0,0,2,0,0,0,0,0,0,0,0,0,2,0,0,0,0,0,0,2,2,2,0,2,0,0,0,0,0,0,2,0,0,0,0,0,0,0,0,2,0,0,0,0,0,0,0,0,0,0,2,0,2,0,0,2,0,2,0,2,0,0,0,0,2,0,0,0,0,0,2,0,0,0,0,0,0,0,0,0,0,0,0,0,0,0,2,2,0,2,0,0,0,2,0,0,2,0,0,0,0,0,2,0,2,0,0,0,2,0,0,0,2,0,0,2,2,0,0,0,0,0,0,0,0,0,0,0,0,0,0,0,0,0,0,0,0,0,0,0,0,0,2,0,2,2,0,0,0,0,0,2,0,0,2,0,2,2,2,2,0,0,0,0,0,0,0,0,0,0,0,0,0,0,0,0,2,2,0,0,0,0,0,0,0,2,0,2,0,0,0,0,0,0,0,0,2,2,0,2,0,0,2,2,0,2,2,2,0,0,0,0,0,2,0,0,2,0,0,0,0,2,0,0,0,2,0,0,0,2,0,0,0,0,2,2,0,2,0,0,0,0,2,0,0,2,0,2,2,2,0,2,0,0,2,0,0,0,0,2,0,2,0,0,0,0,0,0,2,0,0,0,0,2,0,0,0,0,2,0,0,0,2,0,2,0,2,0,0,2,0,0,0,2,0,0,0,0,2,0,0,2,0,0,0,0,0,0,2,0,2,0,0,0,2,0,0,0,2,0,0,0,0,2,0,0,0,2,0,0,0,0,0,0,0,0,2,2,0,0,0,0,0,0,2,0,0,0,0,2,0,2,0,0,0,2,0,0,2,0,0,0,0,0,0,0,0,0,0,0,0,0,0,0,0,0,2,0,0,0,0,2,0,2,0,0,0,0,0,0,0,0,0,0,2,0,0,0,2,2,0,0,0,2,0,0,0,0,0,0,0,2,2,0,0,0,0,0,0,0,2,0,0,0,2,0,0,0,0,0,0,0,0,0,0,0,0,0,0,0,0,0,2,2,0,0,0,0,0,NA,0,0,0,0,0,2,2,0,0,0,2,0,0,0,0,0,0,0,0,0,2,0,2,0,0,0,0,0,0,0,0,0,0,2,0,0,0,0,0,0,0,2,0,0,0,0,0,0,0,0,2,0,2,0,0,0,0,0,2,0,0,0,0,2,0,0,0,0,0,0,0,0,0,2,0,2,0,2,2,0,0,0,0,0,2,0,0,0,0,0,0,0,0,0,0,0,2,0,0,0,2,2,0,0,0,2,2,0,0,0,0,0,0,0,2,0,2,0,2,2,0,0,0,0,0,0,0,2,0,2,0,0,0,0,0,2,0,0,0,0,0,0,0,0,0,0,0,0,0,0,0,0,0,0,0,0,0,0,0,0,0,0,0,2,0,NA,0,0,0,0,2,0,2,0,0,2,2,0,0,0,0,2,2,0,0,0,0,0,0,0,0,0,0,0,2,0,0,0,2,0,0,0,0,2,0,0,0,0,0,2,0,0,0,0,0,0,0,0,0,2,0,2,0,0,0,0,0,0,0,0,0,0,0,0,0,0,0,0,0,0,0,0,0,0,0,0,0,2,0,0,0,0,0,0,0,0,0,0,0,0,0,0,0,2,0,0,0,2,0,0,2,0,0,0,0,0,0,0,0,0,0,0,0,0,0,0,0,0,0,0,0,0,0,0,2,2,0,2,0,0,2,0,2
"CC62",0,2,0,0,2,0,0,2,0,0,0,0,0,0,2,2,2,2,0,0,2,2,0,0,2,0,0,0,0,2,0,2,0,0,2,2,0,0,0,0,2,0,0,0,0,2,0,2,0,0,0,0,0,0,0,0,2,0,0,0,0,0,2,0,2,0,0,0,0,0,0,0,0,2,0,0,0,2,0,0,2,0,0,0,0,0,0,0,0,0,2,2,0,0,2,2,0,0,0,0,0,0,0,2,0,0,0,0,0,0,0,2,0,0,0,0,0,0,0,2,0,0,2,2,0,2,2,0,2,0,0,0,0,2,0,0,0,0,0,0,0,0,0,0,2,0,0,2,0,0,0,0,0,0,0,2,0,0,0,0,0,0,0,0,0,2,0,NA,2,2,0,0,0,2,0,0,0,0,0,0,0,0,2,0,0,0,0,0,0,2,2,2,0,2,0,0,0,2,0,0,0,0,0,0,0,0,0,0,0,2,0,0,0,0,0,0,2,0,2,0,0,0,0,0,2,2,0,2,0,0,0,0,0,0,0,0,0,2,0,0,0,0,0,0,0,0,2,0,NA,0,0,0,0,0,0,0,2,0,0,0,2,0,0,0,0,0,0,0,0,2,0,0,0,2,2,0,0,0,0,0,2,0,0,0,0,0,0,2,0,0,0,2,2,0,0,0,0,0,0,0,0,0,0,0,0,0,2,0,2,0,0,0,0,0,0,0,0,0,0,0,0,0,0,0,0,0,0,2,2,0,0,0,0,0,0,0,2,0,0,0,2,2,2,0,0,0,0,2,0,0,0,2,0,0,0,0,0,0,0,0,0,0,2,0,2,0,0,0,0,0,0,0,2,0,0,0,0,0,0,0,0,0,0,0,0,2,0,0,0,0,2,0,0,2,2,2,2,0,2,0,0,0,0,2,0,2,0,0,0,0,0,0,0,2,0,0,0,0,0,0,0,2,0,0,0,2,0,0,2,2,0,0,0,0,0,0,0,0,0,0,0,0,0,0,2,0,2,0,0,0,0,0,0,0,2,2,0,0,0,0,0,0,2,0,0,0,0,0,2,0,0,0,2,0,0,2,NA,0,0,2,2,0,0,0,0,0,2,0,0,2,0,2,0,0,0,0,0,0,0,0,0,0,0,2,0,0,0,0,0,0,0,2,2,0,0,0,2,0,0,0,0,0,0,0,2,2,0,NA,0,0,2,2,0,0,2,2,0,2,0,2,0,0,0,0,0,0,0,0,0,2,0,0,0,2,2,0,0,0,0,0,0,0,0,2,0,0,2,0,0,0,0,2,0,0,2,0,0,0,0,0,0,0,0,2,0,2,0,2,0,0,0,0,0,2,0,0,2,0,0,0,0,2,0,2,2,2,2,2,2,0,0,0,0,0,0,0,2,0,0,0,2,0,0,0,0,0,0,0,2,0,0,0,0,0,0,0,0,0,0,0,0,0,2,0,2,0,0,0,0,2,0,0,0,0,0,0,0,0,0,0,2,0,0,0,0,2,0,0,0,0,0,0,0,0,0,0,0,0,0,0,0,NA,0,0,0,0,0,0,0,0,0,0,0,0,0,0,0,0,0,0,0,0,0,0,0,0,0,0,0,0,0,0,0,0,0,0,0,0,0,0,0,0,0,0,0,2,0,0,2,0,0,0,0,0,2,0,0,0,0,0,0,0,0,0,0,0,0,2,0,0,0,0,0,0,0,0,0,0,0,0,0,0,0,0,0,0,0,0,0,0,2,0,0,0,0,0,0,0,0,0,0,0,0,2,0,2,0,0,0,0,0,0,0,0,2,0,0,0,0,0,0,0,2,0,0,0,0,2,0,0,2,0,0,0,0,2,0,0,0,0,0,2,2,2,2,0,2,0,0,0,2,0,2,0,0,0,2,0,2,0,0,2,0,0,2,0,2,0,0,2,2,2,2,0,2,0,0,2,0,0,0,0,0,0,0,0,0,2,0,0,0,0,0,2,0,0,0,0,0,0,0,0,0,2,0,0,0,0,0,0,0,0,0,0,0,0,2,0,0,0,0,0,0,0,0,0,0,2,0,0,0,2,0,0,0,2,0,0,0,0,2,0,0,0,0,0,0,2,0,2,0,0,0,0,0,0,0,0,0,0,0,0,0,2,2,0,0,0,0,2,0,0,2,2,0,0,0,0,0,0,0,0,0,0,0,0,0,0,0,2,0,0,0,0,0,0,0,0,2,2,0,0,0,0,0,2,0,0,0,0,0,2,2,0,0,0,2,0,0,0,0,0,0,0,0,0,0,0,0,2,0,0,0,0,0,0,0,2,0,0,0,0,0,0,2,0,0,0,2,0,0,0,0,0,0,0,0,2,2,0,0,0,0,0,0,2,0,0,0,0,0,0,0,0,2,0,0,0,0,0,0,0,0,0,0,0,0,0,0,0,0,0,0,0,0,2,0,0,0,0,0,0,0,0,0,0,0,0,0,0,0,0,2,0,0,0,0,0,0,0,0,0,0,0,2,0,NA,0,0,2,0,0,0,0,0,0,0,2,0,0,2,0,0,2,0,0,0,2,0,0,0,0,2,0,0,0,0,2,0,2,0,0,0,0,0,0,0,0,0,0,0,0,0,0,0,0,0,0,0,0,0,0,0,0,2,0,0,0,0,0,2,2,0,0,2,0,0,0,0,0,0,2,0,0,0,0,0,0,0,0,0,0,0,0,0,2,0,0,2,0,0,0,0,2,0,0,0,0,2,0,0,0,0,0,0,0,0,2,0,0,0,0,2,0,0,0,0,0,0,0,0,0,0,0,0,0,2,0,0,0,2,0,2,0,0,0,0,0,0,0,0,0,2,0,0,0,0,0,0,0,0,0,0,0,0,0,0,0,0,0,NA,0,0,0,2,2,0,0,0,0,0,2,2,0,2,0,0,0,0,0,0,0,0,0,0,0,0,0,0,0,0,0,0,0,2,0,0,0,0,0,0,0,0,0,0,0,0,0,0,0,0,0,0,0,0,0,0,0,0,0,0,0,0,0,0,2,0,0,0,0,0,0,NA,0,0,0,0,0,0,0,0,0,2,0,0,0,0,0,0,0,0,0,0,2,0,0,0,0,0,2,2,2,0,0,2,0,0,0,NA,0,0,0,0,2,0,0,0,0,2,0,0,0,0,0,0,0,0,0,2,0,NA,2,0,2,2,2,0,0,2,2,0,0,0,0,2,2,0,NA,0,0,2,0,2,2,0,0,0,0,0,0,0,0,0,0,2,0,0,0,0,0,0,0,0,0,0,0,0,0,2,0,0,0,0,2,0,0,0,0,0,2,0,0,0,0,0,0,0,0,0,0,0,2,0,0,0,0,0,2,0,2,0,0,0,0,0,0,0,0,0,0,2,0,0,0,0,0,0,0,2,0,0,2,0,0,0,0,0,0,2,0,0,0,0,0,0,2,0,2,0,0,0,2,0,2,2,2,0,2,2,2,0,0,0,0,2,0,0,0,0,0,0,0,0,2,0,2,0,0,0,0,2,0,0,0,0,2,2,0,0,2,0,0,0,0,2,2,0,2,0,2,0,2,0,2,0,0,2,2,0,0,2,0,0,2,0,2,0,0,0,0,0,2,0,0,2,0,0,2,0,0,NA,0,0,0,0,0,2,2,0,2,0,0,2,0,2,0,0,0,2,0,0,2,2,0,2,2,0,0,0,0,0,2,2,0,0,0,0,2,0,0,0,0,0,0,2,0,0,2,0,0,0,0,0,0,0,0,0,0,0,0,0,2,0,0,2,0,0,0,0,0,0,0,0,2,0,0,0,0,2,2,0,0,0,0,0,2,2,0,0,2,2,0,0,0,0,0,2,0,0,0,0,0,2,0,0,2,0,0,0,2,2,0,0,2,0,0,2,0,0,2,0,0,0,0,2,0,0,0,0,2,0,2,2,2,0,0,0,0,0,0,0,0,0,0,0,0,2,0,0,0,2,0,0,2,2,0,0,0,0,0,0,2,2,2,2,2,0,0,0,0,0,0,0,2,2,0,0,0,0,0,0,0,0,0,0,0,0,0,0,0,0,0,0,0,0,0,0,0,0,2,0,0,0,0,0,0,2,0,0,0,0,0,0,0,2,2,0,0,0,0,0,0,0,0,0,0,0,0,0,0,2,2,0,0,0,2,0,0,0,0,0,0,2,0,0,0,0,0,0,0,0,0,0,0,0,0,0,0,2,0,0,0,0,0,2,0,0,0,2,2,0,0,0,0,0,0,0,0,0,0,0,2,0,0,0,2,0,0,0,0,0,0,0,0,0,0,0,0,0,0,0,0,2,0,0,0,0,0,2,2,0,0,0,0,0,0,0,0,0,0,2,0,0,0,0,0,2,0,0,0,0,2,2,0,2,0,0,0,0,0,0,0,2,0,2,0,2,0,0,2,0,0,0,0,2,0,0,0,0,0,0,0,0,0,0,2,0,0,0,2,0,0,0,0,0,0,0,2,0,0,0,0,0,0,2,2,0,0,0,0,0,0,0,0,0,0,0,0,0,0,0,0,0,0,0,0,0,0,0,0,0,0,0,2,0,0,0,0,0,0,0,0,0,0,0,0,0,0,0,0,0,0,0,0,0,0,0,0,0,0,0,0,0,0,0,0,0,0,0,0,0,0,0,0,0,0,0,0,0,2,0,0,0,0,0,0,0,0,0,0,0,0,2,0,2,0,0,2,0,0,0,0,0,0,0,0,0,2,0,0,0,0,0,0,0,0,0,2,0,0,0,0,0,0,0,0,2,0,2,0,0,0,0,0,0,2,0,0,0,0,0,2,0,2,0,0,0,2,2,0,0,0,0,0,0,0,0,0,0,0,0,0,2,2,0,0,0,0,0,0,0,0,2,0,0,2,0,0,0,0,0,2,2,0,2,2,0,0,0,0,0,0,0,0,0,0,0,0,0,0,2,0,0,0,0,0,0,0,0,0,2,0,2,0,0,2,0,0,0,0,0,0,0,0,2,0,0,0,0,2,0,0,2,0,0,0,0,2,0,0,0,0,0,0,2,0,0,0,2,0,2,0,0,0,0,0,0,2,0,0,0,2,2,0,0,0,0,0,0,0,0,0,0,0,0,0,0,0,0,0,0,2,0,0,0,0,0,2,0,0,0,0,0,0,2,0,2,0,0,0,0,0,0,0,0,0,0,0,0,0,0,0,0,0,0,0,0,0,0,0,2,0,0,0,0,0,0,2,0,0,0,0,0,2,0,0,0,0,0,2,0,0,0,0,0,0,0,0,0,0,0,0,0,0,0,0,2,0,2,0,0,0,0,0,0,0,2,2,2,0,0,0,0,0,2,0,0,2,0,2,0,0,0,0,0,2,0,2,0,0,0,0,0,0,2,0,0,2,0,2,0,0,0,0,0,0,0,0,0,0,0,0,0,0,0,0,0,0,0,0,0,2,0,0,2,2,0,0,0,0,0,0,0,0,0,0,0,0,0,0,0,0,0,0,0,0,0,0,0,0,0,0,0,0,0,0,0,0,0,0,0,0,0,0,0,0,2,2,0,2,0,0,0,0,0,0,0,0,0,0,0,0,0,0,2,0,0,0,0,0,0,0,0,0,0,0,2,0,0,0,0,0,0,0,0,0,2,0,0,0,0,0,0,0,0,0,0,0,0,2,2,0,0,0,0,0,0,0,2,0,0,0,0,0,0,0,0,0,0,0,0,2,0,0,0,0,0,0,0,0,0,0,0,0,0,0,0,0,0,0,0,2,0,0,0,0,0,0,0,0,0,0,0,0,0,0,2,0,0,2,0,0,2,0,2,0,0,0,2,2,0,0,0,2,0,0,0,2,0,2,0,0,0,0,0,0,0,0,0,0,2,0,0,2,0,0,0,2,0,0,0,0,0,0,0,0,2,2,2,2,0,0,0,2,0,0,0,0,2,0,0,2,0,0,0,0,2,2,2,0,0,0,0,0,2,0,0,0,0,0,0,0,0,0,0,0,0,2,0,0,0,2,0,2,0,2,0,2,0,0,0,0,0,0,0,0,0,0,0,0,0,0,0,2,0,0,0,0,0,0,0,0,0,0,0,0,0,0,0,0,0,0,0,2,0,0,0,0,0,0,0,2,0,0,0,0,2,2,0,0,0,0,0,0,0,0,0,0,0,0,0,2,0,0,0,2,0,0,0,0,2,0,2,0,0,0,0,2,0,0,0,0,0,2,0,0,0,0,0,2,0,0,0,0,0,2,0,0,2,0,0,0,0,0,0,0,0,0,2,2,0,0,2,0,0,2,0,0,0,0,0,0,0,0,0,0,0,0,0,2,0,0,0,0,0,0,0,0,0,0,0,0,0,0,0,0,0,0,0,0,2,2,0,0,2,0,0,0,2,0,0,0,0,0,0,2,0,0,0,0,0,2,0,2,0,2,0,0,2,0,0,0,0,0,0,2,0,0,0,0,0,0,0,2,0,0,0,0,0,0,0,0,0,0,0,0,0,2,2,0,0,2,0,2,2,0,0,0,0,0,0,2,0,0,0,2,0,0,0,2,2,0,2,0,0,2,0,0,2,0,2,2,0,0,0,0,0,0,0,0,0,0,2,0,0,0,2,0,0,0,0,0,0,0,0,0,0,0,2,0,0,0,0,0,0,0,0,0,0,0,0,0,0,0,0,0,0,0,0,0,2,0,0,0,0,0,0,0,0,2,0,0,0,0,0,2,0,0,0,0,2,0,0,2,0,0,0,0,0,0,0,0,0,0,0,0,0,2,0,0,0,2,0,0,0,0,0,2,0,0,2,2,0,0,0,0,2,0,0,0,0,0,0,0,0,2,0,0,2,2,0,2,2,0,0,0,0,0,0,0,0,0,0,0,0,0,2,0,0,0,0,0,0,0,2,2,2,0,0,0,0,2,2,2,0,0,0,0,0,2,0,0,2,0,0,0,2,0,0,0,2,0,0,0,0,2,0,0,0,2,0,0,0,0,0,0,0,0,0,0,0,0,0,0,0,0,2,0,0,0,0,0,0,0,0,0,0,0,0,0,2,0,2,0,0,0,0,0,0,0,0,0,0,0,2,0,0,0,0,2,0,2,0,0,2,2,0,0,0,0,0,2,0,0,0,0,0,2,0,0,0,0,2,0,0,0,0,2,0,2,0,2,0,0,0,0,0,0,0,0,2,0,0,2,0,2,0,0,0,0,0,0,0,0,0,0,0,0,0,0,0,0,0,0,0,0,0,2,0,0,0,0,0,0,2,0,0,0,0,2,0,0,0,0,0,0,0,0,2,0,0,2,0,0,0,0,0,0,0,0,0,0,0,0,0,0,0,0,0,0,0,0,0,2,0,0,0,0,0,0,0,0,0,0,0,0,0,0,0,0,0,0,0,0,0,0,0,0,0,0,2,0,0,0,0,0,0,0,0,2,0,0,0,0,0,0,0,0,0,0,0,0,0,0,0,0,0,0,0,0,0,0,0,0,2,0,0,0,0,0,0,2,0,2,0,2,0,2,0,0,2,0,0,0,0,2,2,2,0,0,0,0,2,0,0,0,2,2,0,0,2,0,0,0,0,0,2,2,2,0,2,0,0,0,2,0,0,0,0,0,2,0,0,0,0,0,0,0,2,0,2,0,0,0,0,2,0,2,2,0,0,0,0,0,0,0,0,2,0,0,2,0,2,2,0,0,0,0,0,2,0,0,2,0,0,2,2,0,NA,0,0,0,0,0,0,2,0,2,2,0,0,0,0,0,0,0,0,0,0,2,2,0,0,0,2,2,0,0,2,0,0,0,0,0,0,0,0,2,0,0,0,2,0,0,0,2,2,0,0,0,2,0,0,0,0,0,0,0,0,0,0,0,0,0,0,0,0,0,0,0,2,0,0,0,0,0,0,2,2,2,0,0,0,0,2,0,0,0,0,0,0,0,0,0,0,0,0,2,0,0,0,2,0,0,0,0,0,0,0,0,0,0,2,2,0,0,0,0,2,0,0,0,0,0,0,2,2,2,0,2,2,0,0,0,0,2,2,0,0,0,2,2,0,2,0,0,2,0,0,0,0,0,2,0,0,0,0,0,0,0,0,0,0,0,0,0,0,0,0,0,0,0,2,0,2,2,0,0,2,0,0,0,0,0,2,0,2,0,0,2,0,2,2,2,2,2,0,2,2,0,2,0,2,0,2,0,2,2,0,2,0,2,0,0,0,2,2,2,0,2,0,2,0,0,2,0,2,2,2,2,0,0,0,2,2,2,0,0,2,2,0,0,0,0,0,0,0,0,0,0,2,0,0,2,0,0,0,0,2,0,2,2,0,0,0,0,0,0,0,0,0,0,0,2,0,0,0,0,0,0,0,0,0,0,0,2,0,0,2,0,2,0,2,2,0,0,2,0,0,2,0,0,0,0,2,0,0,0,2,2,2,0,0,0,2,2,0,2,0,0,2,2,2,0,0,0,0,0,0,0,2,2,0,0,0,0,0,0,0,0,2,0,0,0,0,0,0,0,0,2,0,0,0,0,2,2,0,2,2,0,0,0,2,0,2,0,0,0,0,2,0,0,0,0,0,0,0,0,0,0,0,0,2,0,0,0,0,0,0,0,0,0,0,0,0,0,0,0,0,2,0,0,2,0,0,0,2,2,0,0,0,0,0,0,0,2,0,2,0,0,0,2,0,0,2,0,2,0,0,0,0,2,0,0,0,0,0,0,0,0,0,0,0,0,0,0,0,0,0,0,0,0,0,0,0,0,0,0,0,0,0,0,0,0,2,0,0,2,0,0,0,0,0,0,0,2,2,0,0,0,0,0,0,2,2,0,0,0,NA,2,0,0,0,0,0,0,0,0,0,0,0,0,0,0,0,0,0,0,2,0,0,0,0,2,0,0,0,2,2,0,2,2,0,0,0,0,0,0,0,0,0,0,0,0,0,0,0,0,0,0,0,0,0,0,0,0,0,0,0,0,2,0,0,0,0,2,0,0,2,0,0,0,0,0,2,0,0,0,0,0,0,0,0,2,0,0,0,2,0,0,2,0,0,0,0,2,0,0,0,0,2,0,0,0,2,0,0,0,0,0,2,0,2,0,0,0,0,0,0,0,0,0,0,0,2,0,0,0,0,0,0,2,0,0,0,0,0,0,0,0,0,0,0,0,0,0,2,0,0,2,2,2,0,0,0,0,0,0,2,0,0,0,2,2,0,0,0,0,0,0,0,0,0,2,0,2,0,0,0,0,0,2,0,0,2,NA,0,2,0,0,0,0,0,0,0,0,0,0,0,0,0,2,0,2,0,0,0,0,0,0,0,0,0,0,0,0,0,0,0,0,0,0,2,0,2,0,0,0,2,0,0,0,0,0,0,0,2,0,2,0,0,0,0,0,0,0,0,0,0,2,2,0,2,0,0,0,0,0,0,0,0,0,0,2,NA,0,0,0,2,0,0,2,0,0,0,0,0,0,0,0,0,0,0,0,0,0,0,0,0,0,0,0,0,0,2,0,0,0,0,0,0,0,0,0,0,0,0,0,0,0,0,0,0,0,2,0,2,0,2,0,0,0,2,0,0,0,0,2,0,0,0,2,2,0,0,2,0,0,0,0,0,0,0,0,0,2,0,0,2,0,2,0,0,0,0,0,0,0,0,0,2,0,2,0,0,0,2,0,0,0,0,0,0,0,2,0,0,0,0,2,0,0,0,0,2,0,0,0,0,0,2,0,0,0,0,0,2,2,0,0,2,NA,2,0,0,2,0,2,0,0,0,2,0,2,0,2,0,0,0,2,0,0,0,2,0,0,NA,2,2,0,0,0,0,0,2,0,2,0,0,0,0,0,0,0,0,0,2,0,0,0,2,0,2,0,0,2,0,2,0,2,2,2,2,0,0,0,0,0,0,0,2,2,0,0,2,0,0,0,2,0,0,0,0,2,2,0,0,0,0,0,0,0,0,0,0,2,0,0,0,2,0,0,0,0,0,0,0,0,0,0,0,0,2,0,0,0,0,0,0,0,0,0,0,0,NA,0,0,0,0,0,0,0,0,0,2,0,2,0,2,0,0,2,2,0,2,0,0,0,0,0,0,0,0,0,2,0,0,0,0,0,2,0,2,0,0,2,0,0,0,0,0,0,2,0,0,2,0,0,0,2,0,0,2,0,0,0,0,0,0,0,0,0,2,0,0,2,0,0,0,0,0,2,0,0,0,0,0,0,0,0,2,0,2,0,0,0,0,2,0,0,0,0,0,2,2,NA,0,0,0,0,0,2,2,0,0,2,0,0,2,0,0,0,0,0,2,0,2,0,0,0,0,2,0,0,2,0,0,2,0,0,0,0,0,0,0,0,0,0,0,0,0,2,0,0,0,0,0,2,2,0,0,0,2,0,2,0,2,2,0,0,0,2,2,2,0,0,2,2,2,0,2,2,0,2,0,0,0,2,0,0,0,0,0,0,0,2,0,0,2,0,0,0,0,0,0,0,0,0,0,0,0,0,0,0,0,0,0,0,2,2,0,2,0,0,0,0,0,2,2,2,0,0,0,0,0,0,0,0,2,0,0,0,0,0,0,2,0,0,0,NA,2,2,0,0,0,2,2,2,0,2,0,0,0,2,0,0,0,2,0,2,2,0,0,0,2,0,2,0,0,0,2,0,0,0,0,0,0,0,0,0,0,0,0,0,0,2,0,0,0,0,0,0,0,2,0,0,2,0,0,0,0,2,0,0,0,0,0,0,0,0,2,0,0,0,0,2,2,2,2,0,0,2,0,2,0,0,0,0,2,0,0,0,0,0,0,0,2,0,0,0,0,2,0,0,0,0,0,0,0,0,2,0,0,0,0,0,0,0,0,2,2,0,0,0,0,0,0,2,0,0,0,2,0,0,0,0,0,0,2,0,2,2,0,0,0,0,0,2,0,0,0,2,NA,2,0,0,0,0,0,0,2,0,0,0,0,0,2,0,0,0,0,0,0,0,2,2,0,0,0,0,0,0,2,2,2,0,0,0,0,0,0,0,0,0,0,0,2,2,0,2,0,0,0,0,0,0,0,0,0,0,2,0,0,0,2,2,0,0,0,2,2,0,0,0,0,0,0,0,0,2,0,2,2,0,0,0,0,0,0,2,0,2,2,2,0,0,0,0,0,2,2,0,0,0,0,2,2,0,0,0,0,2,0,2,0,2,0,0,0,0,2,0,2,2,2,0,0,0,0,0,0,2,0,0,2,0,0,0,0,2,0,0,2,2,0,0,0,2,2,2,0,2,0,0,2,2,0,0,0,2,2,0,0,2,2,2,0,NA,2,2,2,0,0,0,0,0,0,0,0,2,0,2,0,2,0,0,0,0,0,0,2,0,0,2,0,0,2,0,0,2,0,2,2,0,0,0,0,0,0,0,0,0,2,0,0,2,0,NA,0,0,0,0,0,0,0,0,0,0,0,0,0,0,0,0,2,0,0,0,0,0,0,0,0,0,0,0,0,0,0,2,0,2,2,0,0,0,0,0,0,0,0,0,0,0,0,0,0,0,0,0,0,0,0,0,0,0,0,0,0,0,0,2,2,0,2,0,0,0,0,2,0,0,2,2,0,0,2,0,0,0,0,0,0,2,0,2,2,2,0,NA,0,0,0,0,0,0,2,2,0,0,2,2,0,2,0,2,0,2,0,2,0,0,0,0,0,2,0,2,0,2,0,2,0,0,2,2,0,0,0,0,0,0,0,2,0,0,0,2,0,0,0,2,2,0,2,2,0,2,0,0,0,0,0,2,2
"CC63",0,0,0,0,2,0,0,0,0,0,0,0,0,0,0,2,0,0,0,0,2,0,0,0,0,0,0,0,0,2,0,0,0,2,0,2,0,0,0,2,0,0,0,2,2,0,0,2,0,0,0,2,0,2,0,0,2,0,0,0,0,2,0,2,0,0,0,0,0,2,0,0,0,0,0,0,0,2,0,0,2,0,0,0,0,0,0,0,2,0,2,0,0,0,0,0,0,0,0,0,0,0,0,2,0,0,0,0,0,0,0,2,0,0,0,0,0,0,0,2,0,0,0,2,0,0,2,0,2,0,0,0,0,2,0,0,0,0,2,2,0,0,2,0,0,0,2,0,0,2,2,0,0,0,0,0,0,0,0,0,0,0,0,2,2,0,0,2,2,2,0,2,2,0,2,2,0,0,0,0,2,0,0,0,0,0,2,0,0,0,0,0,0,0,2,0,0,0,0,0,0,0,0,0,0,0,0,0,0,0,0,0,0,0,0,2,0,0,2,0,2,0,0,2,2,0,0,0,0,0,2,0,0,0,0,0,2,2,0,0,0,0,0,0,0,2,2,0,NA,0,0,0,0,0,0,0,0,2,0,0,2,0,0,0,0,0,0,0,0,2,0,0,0,0,2,0,2,2,2,0,2,0,2,0,0,0,0,0,0,0,0,2,2,0,0,0,0,2,0,0,0,2,2,0,0,0,2,0,2,0,0,0,0,2,0,0,0,0,0,0,0,0,2,0,0,0,0,2,2,0,0,0,2,0,0,2,2,0,0,0,2,2,2,0,0,0,0,2,0,0,0,2,0,2,0,0,0,0,0,0,0,0,2,0,2,0,0,0,0,0,0,0,0,0,0,0,0,0,0,0,0,0,0,0,0,2,0,2,0,0,2,0,0,2,2,2,2,0,0,0,0,0,0,2,0,2,0,0,0,0,0,0,0,0,0,0,2,0,0,2,0,2,0,0,0,2,0,0,2,2,0,0,0,0,0,0,0,0,0,0,0,0,0,0,2,0,2,0,0,0,0,0,0,0,2,2,0,2,0,2,2,0,0,0,0,0,0,2,0,0,0,0,2,0,0,2,0,0,0,2,0,0,0,0,0,0,2,2,0,0,2,NA,0,0,0,0,2,0,0,0,0,0,0,2,0,0,0,0,0,2,0,0,2,0,0,0,0,0,0,0,0,2,0,0,2,2,0,NA,0,0,2,0,0,0,2,2,0,2,0,2,0,2,0,0,0,0,2,0,0,2,0,0,0,2,0,2,0,0,2,0,0,2,0,0,0,0,2,0,0,0,0,0,0,0,2,0,0,0,2,2,0,0,0,0,0,2,0,0,0,0,0,0,0,2,2,0,2,0,2,0,0,0,0,0,0,0,0,0,2,0,0,0,0,0,0,0,2,0,0,0,0,0,0,0,0,2,0,0,0,0,0,2,0,2,2,0,0,0,0,0,0,0,0,0,2,0,0,2,0,0,0,0,0,0,0,0,0,0,0,0,2,0,0,2,2,0,0,0,0,2,0,0,2,0,0,0,0,2,0,0,0,0,2,0,0,0,0,0,0,0,0,0,0,0,0,0,0,2,2,2,0,0,0,0,0,0,0,0,2,0,0,0,2,0,0,2,0,0,0,0,0,0,0,2,0,0,0,0,0,0,0,0,0,0,0,0,0,0,0,0,0,0,0,0,0,0,0,0,0,2,0,0,0,0,0,0,0,0,2,0,0,0,0,2,0,0,0,0,0,0,0,0,0,0,0,0,2,2,0,0,0,0,0,0,0,2,0,0,0,0,2,2,0,2,0,0,0,0,2,0,0,0,2,0,0,0,0,2,0,0,0,0,0,0,0,0,0,0,0,0,2,0,2,0,0,0,2,2,0,0,2,0,0,0,0,2,2,2,0,0,0,0,2,0,0,0,2,0,0,2,0,0,0,0,2,0,0,2,2,0,0,0,0,0,0,0,2,0,0,0,0,0,0,0,NA,0,0,0,0,0,0,0,0,2,0,2,0,0,0,0,0,0,0,0,0,0,0,0,0,0,0,0,0,0,0,0,0,0,0,0,0,0,0,0,0,2,0,0,0,0,0,0,0,0,0,0,0,0,0,0,0,0,0,0,0,0,0,0,0,0,0,0,0,0,0,0,0,0,0,2,0,0,0,0,0,0,2,0,0,0,0,0,0,0,0,0,0,0,0,2,0,0,0,0,0,0,0,0,2,2,0,0,0,0,0,0,0,0,0,0,0,2,2,0,2,0,2,0,2,0,0,0,0,0,0,0,0,0,0,2,0,0,0,0,0,0,0,2,2,0,0,0,0,0,2,0,0,0,2,2,0,2,0,0,2,0,0,2,0,2,0,0,0,0,0,0,2,0,0,0,0,0,0,0,2,0,0,0,0,2,2,0,2,2,0,0,0,0,0,0,0,2,0,2,0,2,0,0,0,0,0,0,0,0,0,0,0,0,0,0,0,2,2,0,2,0,0,0,2,2,0,0,2,0,0,0,0,2,0,2,0,0,0,0,0,0,0,2,0,0,0,0,2,2,0,0,0,2,0,0,0,0,2,0,0,0,0,0,0,0,0,0,0,0,0,0,0,2,0,0,0,0,0,0,0,0,0,0,0,0,0,0,0,0,0,0,0,0,0,0,0,0,0,0,2,0,2,0,0,0,0,2,0,0,0,0,0,0,0,0,0,2,0,0,0,0,0,0,0,0,2,0,0,0,0,2,0,0,2,0,0,0,0,0,2,0,0,0,0,0,0,0,2,0,0,0,0,2,0,2,0,0,0,0,0,0,0,0,0,0,2,0,0,0,0,0,0,0,0,0,0,0,2,0,0,0,0,0,0,0,0,0,0,0,0,0,2,2,0,0,0,0,0,0,0,0,0,0,0,0,0,0,0,0,2,0,0,0,0,0,0,0,0,0,0,0,0,0,2,0,0,0,0,0,2,2,0,0,0,0,2,0,0,0,0,0,0,0,0,0,0,0,0,0,0,2,0,0,2,0,0,0,2,0,0,0,0,0,0,0,0,2,0,0,2,0,0,0,0,0,0,0,2,0,0,0,0,0,0,0,0,0,0,0,0,0,2,0,0,2,2,0,0,2,2,0,0,0,0,0,0,2,0,0,0,0,0,0,0,0,0,0,0,2,0,0,2,0,0,0,2,0,0,2,0,0,0,0,2,2,0,0,0,0,0,2,0,0,0,0,0,0,0,2,2,0,0,0,0,0,0,0,0,0,2,0,0,0,0,0,0,0,0,0,0,0,2,0,0,0,0,0,0,0,0,2,0,0,2,2,0,0,0,0,0,0,0,0,0,0,0,2,0,0,0,0,0,0,0,0,0,0,0,0,0,0,0,2,0,0,0,0,2,0,2,0,2,0,2,0,0,0,0,0,2,0,0,0,0,0,0,0,0,0,0,2,0,2,0,0,0,0,0,0,0,2,0,0,0,2,0,0,0,0,0,0,0,0,0,0,0,0,0,0,0,2,0,2,0,0,2,0,0,0,0,0,0,0,0,2,0,0,0,2,2,2,2,2,0,0,0,0,2,0,0,NA,0,0,0,0,0,0,0,0,2,0,2,2,2,2,2,2,2,0,0,0,0,2,0,0,2,0,0,0,0,0,2,0,2,2,0,0,0,0,0,0,0,0,2,0,0,2,0,0,2,2,2,0,0,0,0,0,0,0,0,0,0,2,0,0,0,0,0,0,0,0,0,2,0,0,0,0,2,0,0,0,0,2,0,0,0,2,0,0,0,2,0,0,0,0,2,0,2,0,0,0,0,0,2,0,0,0,0,0,0,2,2,0,0,0,2,0,2,0,0,0,2,0,0,0,2,0,0,0,0,0,0,0,2,0,2,0,0,2,2,2,2,0,0,2,2,0,2,0,2,0,0,0,0,2,0,0,0,0,2,0,0,0,0,0,0,0,0,0,0,0,2,0,0,0,0,0,0,0,0,0,2,0,0,0,0,0,0,0,0,0,0,0,0,2,0,0,0,0,0,0,0,0,0,0,0,0,0,0,0,0,0,0,0,0,0,0,2,0,0,2,0,0,0,2,0,0,0,0,2,0,2,0,0,0,0,0,2,0,0,2,0,0,0,0,0,2,0,0,0,2,0,0,0,0,0,2,0,2,0,0,0,0,0,0,0,2,2,0,2,0,2,0,0,0,2,0,NA,2,0,0,0,2,2,2,0,0,0,2,0,2,0,0,2,0,0,0,0,0,0,0,2,2,0,0,2,0,0,0,0,0,0,0,0,NA,0,0,0,2,2,0,0,0,0,0,2,0,0,0,0,0,2,0,0,2,2,0,0,0,0,0,2,2,0,0,0,2,2,0,0,0,2,0,0,0,0,0,2,2,0,0,0,0,0,0,0,0,2,0,2,0,2,0,0,2,0,2,2,0,2,0,0,2,0,0,0,0,0,0,0,0,0,0,0,0,0,0,0,0,0,0,0,0,0,0,0,0,0,0,0,2,0,0,0,0,0,0,0,0,0,0,0,0,0,0,0,0,0,0,0,0,2,0,2,0,2,0,0,0,0,0,0,0,0,0,0,0,0,0,0,0,0,2,0,0,NA,0,0,0,0,2,0,0,0,0,2,2,0,0,0,0,0,2,0,0,0,0,0,0,2,0,0,0,0,0,0,0,0,0,0,0,0,2,0,0,0,0,0,0,0,0,0,2,0,2,0,0,0,0,0,0,0,0,0,0,0,0,0,0,0,0,0,2,0,0,0,0,2,0,0,0,0,2,2,0,0,0,2,0,0,0,0,0,2,0,2,2,0,2,0,0,0,2,0,0,0,2,0,2,0,0,0,2,2,0,2,0,0,2,2,0,2,0,0,0,0,0,0,2,0,0,0,0,0,0,0,0,2,0,0,2,2,0,0,0,0,0,0,0,2,0,0,0,0,0,0,0,2,0,0,0,0,0,0,2,0,0,2,0,0,2,0,0,2,0,0,0,0,0,0,0,2,0,0,2,0,0,2,0,2,0,2,0,0,2,0,2,0,0,2,0,0,2,0,2,2,0,0,0,0,2,0,0,0,0,2,0,2,0,0,0,0,0,0,0,0,0,0,2,0,0,0,0,0,0,0,2,0,0,0,0,0,0,0,0,0,2,0,0,0,0,0,0,0,2,2,0,0,2,0,0,0,0,2,0,0,0,0,0,0,0,0,2,0,0,0,2,2,0,0,0,0,2,0,0,0,0,0,0,0,0,0,0,0,0,0,0,0,0,0,0,0,0,0,0,0,0,0,0,0,0,0,0,0,0,0,0,0,0,0,0,2,2,0,0,0,0,0,0,0,0,0,2,0,0,0,0,0,0,0,2,0,0,2,0,0,0,0,0,0,0,0,0,0,2,0,0,0,2,0,0,0,0,0,0,0,0,2,0,0,0,0,2,2,0,2,2,0,0,0,0,0,0,0,0,0,0,0,0,0,0,0,0,0,0,0,0,0,2,0,0,0,2,0,0,0,2,2,2,0,0,0,2,2,2,0,0,0,0,0,0,0,0,2,2,0,0,0,0,0,0,0,0,0,0,2,0,0,0,2,0,0,0,0,2,0,0,0,0,2,0,2,0,0,0,0,0,0,0,0,0,0,0,0,2,2,0,0,0,0,0,0,0,2,0,2,0,0,0,0,0,0,0,0,0,0,0,2,0,0,0,0,0,0,0,0,0,0,0,0,0,0,0,0,0,0,0,2,0,0,0,0,0,0,0,0,2,0,0,0,0,0,0,0,0,0,0,0,0,0,0,2,2,0,2,2,0,2,0,2,0,0,0,0,2,0,0,0,0,0,0,0,0,0,2,0,0,0,0,0,0,0,0,0,0,0,0,0,0,0,0,0,0,0,0,0,0,0,0,2,0,0,2,0,0,0,0,0,2,2,0,0,0,0,0,0,0,0,0,0,0,0,2,0,0,0,0,0,0,0,2,0,0,0,0,0,0,0,0,0,0,0,2,0,0,0,2,0,2,0,2,0,2,0,0,0,0,0,0,0,0,0,0,0,0,0,0,0,2,0,0,0,0,0,0,0,0,0,0,0,0,0,0,0,2,0,0,2,0,0,0,0,0,0,0,2,0,0,0,0,0,0,0,0,0,0,0,2,0,0,0,0,0,0,0,0,2,2,0,0,2,0,0,0,0,0,0,0,0,2,0,0,0,0,0,2,0,2,2,0,2,0,0,0,2,0,2,0,2,0,0,0,0,2,0,0,0,0,0,0,0,0,2,2,0,0,0,0,0,0,0,0,0,0,0,0,0,0,2,2,0,0,0,0,0,2,0,0,2,2,0,0,0,2,0,0,2,0,2,0,0,0,0,0,2,2,0,0,0,0,0,0,0,2,0,0,0,2,0,0,2,0,0,0,0,0,0,0,0,0,0,0,2,0,0,0,0,0,0,0,0,0,0,0,0,2,0,0,2,0,0,0,0,0,0,2,0,2,0,0,0,0,0,0,0,0,0,0,2,0,0,0,0,0,0,2,0,0,0,0,0,0,0,2,0,0,0,0,0,2,2,0,0,0,0,0,0,0,2,0,0,0,0,0,0,0,0,2,0,2,0,0,0,0,0,0,0,0,0,0,0,0,2,2,0,0,0,0,0,2,0,2,0,2,0,0,0,0,0,0,2,0,0,0,0,2,0,0,0,0,0,0,0,0,2,0,0,2,0,0,2,0,0,0,0,0,0,0,0,0,0,0,0,0,0,0,0,0,0,0,0,0,0,0,0,0,0,0,0,0,0,0,0,2,0,0,0,0,0,0,2,0,2,0,0,0,0,0,0,0,0,2,0,0,0,0,0,0,0,0,2,0,0,2,0,0,0,0,0,0,0,0,0,0,0,0,0,0,0,0,0,0,0,0,0,0,0,0,0,0,0,0,0,0,0,0,2,0,0,0,0,0,0,0,0,0,0,0,0,0,0,0,0,0,0,0,0,0,0,0,0,0,0,0,2,2,0,0,2,0,0,0,0,0,0,0,2,0,0,0,0,0,0,0,0,0,2,0,2,0,0,0,0,0,0,0,0,0,0,0,0,0,0,0,0,0,2,0,0,2,0,0,2,0,0,2,2,0,0,2,0,0,2,2,0,0,0,2,0,2,0,0,0,0,0,0,0,0,0,0,0,0,0,0,0,0,0,0,0,0,2,0,2,0,0,0,2,0,0,0,2,0,0,0,2,2,0,0,0,0,0,0,2,0,0,0,0,0,0,2,0,0,0,0,2,0,0,0,0,0,0,0,0,2,0,0,2,0,0,0,2,0,0,0,0,0,0,0,0,0,0,0,0,0,0,0,0,0,2,0,0,0,0,2,2,0,2,0,2,0,0,0,2,0,0,0,0,0,0,0,0,0,0,0,0,2,0,0,0,0,0,0,2,2,0,0,0,0,0,2,0,0,0,0,0,0,0,0,0,2,0,2,0,0,0,0,0,0,0,0,0,0,0,2,0,2,2,0,0,0,2,2,0,0,0,0,0,0,0,0,0,0,0,0,0,0,0,0,0,0,0,0,0,2,0,0,0,0,0,0,0,0,2,2,0,0,2,0,0,0,0,0,2,0,2,2,2,2,0,0,0,0,0,0,0,2,2,2,0,0,0,0,2,2,2,0,0,0,0,0,0,0,0,0,2,2,0,2,2,0,0,0,0,0,2,0,2,0,0,0,0,0,0,0,0,0,0,0,0,0,0,0,0,2,0,0,0,0,0,0,0,0,0,0,2,2,0,0,0,2,0,0,0,0,0,0,0,0,0,0,0,0,0,2,0,0,0,0,0,0,2,2,0,0,0,2,2,0,0,0,0,2,0,0,0,0,0,0,0,0,0,0,0,0,0,2,0,0,2,0,0,0,2,2,2,0,0,0,0,2,0,0,0,0,0,2,0,0,0,0,0,0,2,0,0,0,2,0,0,0,0,0,2,0,0,0,0,0,2,0,0,0,0,2,0,0,0,0,0,0,2,2,2,0,2,2,0,0,0,0,0,2,0,0,0,0,0,0,2,0,2,0,0,0,0,0,0,2,0,0,0,0,0,0,0,0,0,0,0,0,0,0,0,0,0,0,0,2,2,0,2,0,0,2,0,0,0,2,0,2,0,2,0,0,2,0,2,2,2,2,2,0,2,0,0,2,0,2,0,0,0,0,2,0,2,0,2,0,0,0,2,0,2,0,2,0,2,0,0,2,0,0,2,2,2,0,0,0,2,0,0,0,0,2,0,0,0,0,0,0,0,0,0,0,0,2,0,0,2,NA,2,0,0,2,0,0,0,0,0,0,0,0,0,0,0,0,0,0,2,0,0,0,0,0,0,0,0,0,0,0,2,0,0,2,0,2,0,2,2,0,0,2,0,0,2,0,0,0,0,2,0,0,0,2,2,0,0,0,0,0,2,0,0,0,0,2,2,2,0,2,0,2,0,2,0,0,0,0,0,0,0,0,0,0,0,0,0,0,0,0,0,0,0,0,0,0,0,0,0,2,0,0,2,0,2,0,0,0,0,0,0,0,0,0,2,0,0,0,2,0,0,0,0,0,0,NA,0,0,0,2,0,0,0,0,0,0,0,0,0,0,0,0,0,2,0,0,0,2,0,0,2,0,2,0,0,0,0,0,0,2,0,0,0,0,0,0,0,0,0,2,0,0,0,0,0,0,0,0,2,2,0,2,0,0,0,0,0,2,0,0,0,0,0,0,0,0,0,0,0,0,0,0,0,0,0,0,0,0,2,2,0,0,0,0,0,0,2,0,0,0,2,0,0,0,0,0,0,0,2,0,0,0,0,0,2,0,0,0,0,0,0,0,0,0,0,0,2,0,0,2,0,0,0,2,0,2,2,0,2,0,0,0,2,2,0,0,0,0,0,0,0,0,0,0,0,2,0,0,0,0,0,0,0,0,0,0,0,0,0,0,0,0,0,0,0,0,0,0,0,0,0,0,0,0,0,2,0,0,0,0,2,0,0,2,0,0,0,0,0,0,0,0,0,0,0,0,0,0,0,2,0,0,0,0,0,2,0,0,2,0,0,0,0,0,0,2,0,0,2,0,2,0,0,0,0,0,2,0,0,0,0,0,0,0,0,0,0,0,0,2,2,0,0,0,0,0,0,2,0,0,0,0,0,0,0,0,0,2,0,2,0,0,0,0,0,0,0,0,2,0,0,0,0,0,0,0,2,2,2,2,0,0,0,0,0,2,2,0,0,0,2,0,0,0,2,2,0,0,0,0,0,0,0,0,0,0,0,0,2,2,0,0,2,0,2,0,0,0,0,0,2,2,0,0,0,2,0,0,0,0,0,2,2,2,0,0,0,0,0,0,0,0,2,2,0,0,0,0,0,0,0,0,0,0,0,0,0,2,0,0,0,0,0,0,0,0,0,0,0,0,0,0,0,0,2,0,2,0,0,2,0,0,0,0,0,0,0,0,0,0,0,2,2,0,0,0,0,0,0,0,0,2,2,0,0,0,0,0,0,0,2,0,0,2,0,0,2,0,0,0,0,2,0,0,0,0,2,2,0,0,0,0,NA,0,0,0,0,2,2,0,2,0,0,0,0,0,0,0,2,0,0,0,0,0,0,0,0,0,NA,2,0,0,0,0,0,0,0,0,0,0,0,0,2,0,2,0,0,0,0,0,0,0,0,0,2,2,0,0,0,0,0,0,0,2,2,2,2,0,0,0,0,0,0,0,0,0,0,0,2,0,0,0,0,0,2,0,2,0,0,0,0,0,2,0,0,0,0,0,0,2,0,0,0,0,0,2,2,0,2,0,0,2,0,0,0,0,0,0,0,2,0,2,2,0,0,0,0,0,0,0,0,0,0,0,0,0,2,0,0,0,2,0,0,0,2,0,0,0,0,2,NA,0,0,0,0,0,0,0,0,0,0,0,0,0,0,0,0,0,0,2,2,0,0,0,0,2,0,0,0,0,0,0,2,0,0,0,0,0,0,2,0,0,0,0,0,0,2,0,0,2,0,0,0,0,0,0,2,0,2,0,0,2,0,2,0,0,0,0,0,0,0,0,2,0,0,0,0,0,0,2,0,0,0,0,0,2,0,0,2,0,0,0,2,2,0,0,2,0,2,0,0,0,2,0,0,0,2,2,2,0,0,0,0,0,2,0,2,0,2,0,0,0,2,0,0,0,0,0,0,0,0,2,0,0,0,2,0,0,0,0,0,0,0,0,2,0,0,2,2,2,0,0,0,2,2,0,0,0,0,0,0,0,0,0,0,0,0,0,0,0,0,0,0,0,0,2,2,0,0,0,0,0,2,2,0,0,0,0,0,0,0,0,0,0,0,0,0,0,0,0,0,0,0,0,0,0,0,0,0,0,0,0,0,0,0,0,0,0,0,0,0,0,0,0,2,0,0,0,0,0,0,0,0,0,0,2,0,0,0,2,0,0,0,0,0,0,0,0,0,0,0,0,0,2,2,0,0,0,0,2,0,0,0,2,0,2,0,0,0,0,0,0,0,0,0,0,0,0,0,0,0,0,0,0,0,0,0,0,0,0,0,2,0,0,0,0,0,2,0,0,2,0,0,0,0,0,0,0,0,0,0,0,0,0,0,0,0,0,0,0,0,0,0,2,0,0,2,0,2,0,0,0,0,0,0,0,0,0,0,0,0,2,0,0,0,0,2,0,0,2,0,0,0,2,0,0,2,0,0,0,0,0,0,0,0,2,0,0,0,0,0,0,0,0,2,0,0,2,0,0,0,0,0,0,0,0,0,0,0,0,0,0,2,0,2,0,0,0,0,0,0,0,2,0,0,0,0,0,0,0,0,0,0,0,0,0,2,0,2,2,0,2,0,0,0,0,0,0,2,0,0,0,0,0,0,0,0,0,0,0,0,0,0,0,0,0,0,0,0,0,0,0,0,0,0,0,0,0,2,0,2,0,0,0,0,2,0,0,0,0,0,0,0,0,0,0,0,0,0,0,0,0,0,0,0,2,0,2,0,0,0,0,0,2,0,0,0,0,2,0,0,0,0,0,0,0,0,0,0,0,0,0,0,0,0,0,2,0,0,0,0,2,0,0,0,0,0,0,2,0,0,0,0,0,0,0,0,2,0,0,0,0,0,0,0,0,0,2,0,0,0,2,0,0,0,0,0,0,0,0,2,0,0,2,0,0,2,0,0,0,0,0,0,0,0,2,0,0,0,0,2,2,0,0,0,2,0,0,2,0,0,0,0,2,2,2,NA,0,2,0,2,0,0,0,2,0,0,2,2,2,0,0,0,2,0,2,2,2,2,0,0,0,2,0,2,0,0,0,0,0,2,0,0,2,0,0,0,0,0,2,0,0,0,0,0,0,2,0,0,0,0,0,0,0,0,0,0,0,0,0,0,0,0,0,0,0,0,0,0,0,0,0,2,0,0,2,2,0,0,2,0,0,0,2,0,0,2,0,0,2,0,2,0,2,2,0,0,0,0,0,0,0,2,2,0,2,0,0,0,2,0,0,2,0,0,2,0,2,2,0,0,0,2,0,0,0,0,0,0,2,0,0,0,0,0,0,0,0,0,0,0,2,0,0,0,0,0,0,2,0,0,0,0,0,0,0,0,0,0,0,NA,2,2,0,0,0,2,0,0,0,0,0,2,0,2,0,0,0,0,0,0,0,2,0,0,0,2,2,0,2,2,0,0,0,0,2,0,0,0,2,2,2,0,0,0,0,0,0,0,0,2,2,2,0,0,0,0,0,0,NA
"CC64",2,2,0,0,0,0,0,0,0,0,0,2,0,0,2,0,0,0,0,0,2,2,0,0,0,0,0,0,0,0,2,0,0,0,2,0,0,0,0,0,2,0,2,0,0,0,0,0,2,0,0,0,0,0,0,0,2,0,0,0,0,0,2,0,0,2,0,0,0,0,0,0,0,2,0,0,0,0,0,2,0,2,0,0,0,2,0,0,0,0,0,2,0,0,2,0,0,0,0,0,0,0,0,0,2,0,0,0,0,0,0,0,0,NA,0,0,0,2,0,0,0,0,0,2,0,0,0,0,2,0,0,0,0,0,2,0,0,0,0,0,0,0,0,0,0,0,2,0,0,0,2,0,0,0,0,2,0,0,0,2,0,0,0,2,2,0,2,0,0,0,0,2,0,0,NA,0,0,0,2,2,0,0,0,0,0,0,0,0,0,0,0,2,0,2,0,0,0,2,0,0,2,0,0,0,0,0,0,0,0,0,0,0,0,0,0,0,2,0,0,0,2,0,0,0,2,2,0,0,0,0,0,0,0,2,0,0,0,2,0,0,0,0,0,0,0,0,2,0,0,2,0,0,0,0,0,0,0,0,0,0,0,0,0,0,2,0,2,2,0,0,0,0,0,0,0,2,0,0,2,0,0,0,0,0,0,0,0,0,0,0,0,0,0,0,0,0,0,0,0,0,0,0,0,2,0,0,0,2,0,0,0,2,0,0,0,0,0,2,0,0,0,0,0,0,0,0,0,0,0,0,0,0,2,0,0,0,0,0,2,2,0,2,0,2,0,0,0,0,0,0,0,2,0,0,0,0,0,0,2,NA,2,2,0,2,0,2,0,2,0,0,0,0,NA,0,0,0,2,2,0,0,0,0,0,0,0,0,0,0,0,0,0,0,2,0,0,0,0,2,0,0,0,0,2,2,0,2,0,0,0,0,0,0,0,0,0,2,0,2,0,0,0,2,2,0,0,0,2,0,0,0,2,0,2,2,0,2,2,0,2,0,0,0,2,0,2,0,0,0,0,0,0,0,0,0,2,2,0,2,0,0,0,0,0,0,0,0,0,0,0,0,0,0,2,0,0,2,0,0,0,2,0,0,0,0,2,0,2,0,0,0,0,0,0,0,0,0,0,0,2,0,2,0,0,0,0,0,0,0,2,0,0,0,0,0,0,2,0,0,0,2,0,0,2,0,0,2,2,0,0,2,0,0,0,0,0,0,0,0,0,0,2,0,2,2,2,0,0,2,0,0,2,0,2,0,0,0,2,0,0,2,2,0,0,0,2,0,2,2,0,0,0,0,0,0,2,2,0,0,0,0,2,0,0,2,2,0,0,0,2,0,0,2,0,2,0,0,0,0,0,0,0,2,2,2,0,0,2,2,0,0,0,0,0,0,2,0,2,0,0,0,2,0,0,0,0,2,0,0,2,0,2,0,0,2,0,0,0,0,0,0,0,0,2,0,0,0,0,0,0,2,2,0,0,0,2,0,0,0,0,0,0,0,0,2,2,0,0,0,2,0,0,0,2,0,0,2,2,0,0,0,0,0,2,0,2,0,0,0,2,0,2,0,0,0,0,0,2,0,0,0,0,2,0,NA,0,0,0,0,0,0,0,0,0,0,0,0,0,0,2,0,0,0,0,0,0,0,0,0,0,0,2,0,0,0,0,0,0,0,0,0,0,0,0,0,0,0,0,2,0,0,0,0,0,2,2,0,0,0,2,0,NA,0,2,0,0,2,0,0,0,0,0,0,2,0,0,0,0,0,0,0,2,0,0,2,0,0,0,0,0,0,0,0,0,0,2,2,0,0,0,0,0,0,0,0,0,0,0,2,0,0,0,0,0,0,0,0,0,0,0,0,0,0,2,2,0,0,2,0,0,2,0,0,0,0,0,0,0,0,0,2,2,0,0,0,0,0,2,0,0,0,2,2,0,0,0,0,0,2,0,0,2,0,0,0,0,2,0,0,0,0,0,0,0,0,2,2,0,0,0,0,0,0,0,2,2,0,0,0,0,0,0,0,0,0,0,0,2,0,0,0,0,0,0,0,0,0,0,2,0,0,2,2,0,0,0,0,0,0,2,0,2,0,0,0,0,2,0,0,0,0,0,0,0,0,0,0,0,0,0,0,0,0,0,2,0,0,0,0,0,2,2,0,2,2,0,0,2,0,0,0,0,2,0,0,0,0,0,2,0,2,0,0,0,2,0,2,0,0,2,2,0,0,0,0,2,0,0,0,0,2,0,0,0,0,0,0,2,0,0,0,0,0,0,0,0,0,0,0,2,0,0,0,0,0,0,2,0,0,0,0,0,0,0,0,2,0,0,0,0,0,0,0,0,0,0,0,0,0,2,0,0,0,2,0,0,2,0,0,0,0,0,0,0,0,2,0,0,2,0,0,0,0,0,0,0,0,0,0,0,0,0,0,2,2,NA,0,2,2,0,0,0,0,2,0,0,0,2,2,0,0,0,0,0,0,0,0,2,0,0,0,0,0,2,0,0,0,0,0,0,0,0,0,0,0,0,0,0,2,0,0,0,0,0,2,0,0,0,2,0,0,0,0,2,2,0,0,0,2,2,2,0,0,0,0,0,0,0,0,0,0,0,0,0,0,0,0,0,0,0,2,2,2,0,0,2,2,0,2,0,2,0,2,0,0,0,2,0,0,0,0,2,0,0,0,0,0,0,0,0,0,0,2,0,0,0,2,0,0,2,0,2,2,0,0,0,2,0,0,0,2,0,0,0,0,0,0,0,0,0,0,0,2,0,0,2,0,0,0,0,2,0,0,0,0,0,0,2,0,0,2,0,0,0,0,0,0,0,0,2,0,2,0,0,2,2,0,2,0,0,0,0,0,2,0,2,2,0,2,2,0,NA,2,0,2,0,0,0,2,2,0,0,2,2,0,2,0,0,0,0,0,0,0,2,0,2,0,0,0,0,0,0,2,2,0,0,0,0,0,0,0,0,0,0,0,0,0,0,2,2,0,0,0,0,0,2,0,0,0,2,0,0,2,0,0,0,0,0,0,0,0,0,0,2,2,0,0,0,2,0,0,0,0,0,2,0,0,0,0,0,0,0,0,2,0,0,0,0,0,0,2,2,0,0,0,2,0,0,0,0,0,0,2,0,0,2,0,0,0,0,2,0,0,0,2,0,0,2,0,0,0,2,0,0,2,0,0,0,2,2,2,0,0,0,0,0,0,0,0,0,0,0,0,0,0,0,0,0,0,0,0,2,0,2,0,0,0,0,0,0,0,0,0,0,0,2,0,0,0,2,0,0,0,0,0,2,0,0,0,0,2,0,0,0,0,0,2,0,0,0,0,0,0,0,0,0,0,0,0,0,0,0,0,0,0,0,0,0,2,0,2,0,0,0,0,0,0,0,0,0,0,0,2,0,0,0,0,0,0,0,0,0,0,2,0,0,0,0,0,0,0,2,0,0,2,2,0,0,0,0,0,0,0,0,0,2,0,0,0,0,0,2,0,0,0,0,0,0,0,0,2,0,0,0,0,0,0,2,0,2,0,0,0,0,0,0,0,0,0,0,2,0,0,0,0,0,0,0,0,0,0,0,0,0,2,0,2,0,0,0,0,0,0,0,0,0,2,2,0,0,0,2,0,0,0,0,0,0,0,0,0,0,0,0,0,0,0,0,0,0,0,0,0,0,2,0,0,0,0,0,0,0,2,2,2,0,0,0,2,0,0,0,2,0,0,0,0,0,0,0,0,0,0,0,2,0,0,0,0,0,0,0,2,2,0,2,0,0,0,0,0,0,0,2,0,0,2,0,0,2,0,0,0,0,0,0,0,0,0,0,2,0,0,0,0,0,2,2,0,0,0,0,0,0,0,0,2,0,0,0,0,2,0,0,0,2,2,2,0,0,2,0,0,2,0,0,0,2,0,2,0,2,0,0,0,2,0,0,0,0,0,0,0,0,2,0,2,0,0,0,0,0,0,2,0,0,0,0,0,0,0,0,0,0,0,0,0,2,0,0,0,0,0,0,0,0,0,0,2,0,0,0,0,0,0,0,0,0,0,0,0,0,0,0,2,0,0,0,2,2,2,0,0,0,0,0,0,0,0,2,0,0,0,0,0,0,2,0,0,0,0,0,0,0,0,0,2,0,0,0,0,0,2,0,2,2,0,0,0,2,0,0,0,0,0,0,0,0,0,0,0,0,0,0,0,0,0,0,0,2,0,0,0,0,0,0,0,0,0,2,0,0,0,0,0,0,0,2,0,0,0,2,0,0,0,0,0,0,0,0,0,0,0,0,2,0,0,2,0,0,0,2,0,0,0,0,0,0,0,0,0,0,2,2,0,0,0,0,0,0,2,0,0,0,2,0,0,0,0,2,0,0,0,0,0,0,0,2,0,0,0,2,0,0,0,0,0,0,0,0,2,0,0,0,2,0,0,0,0,0,0,0,0,0,0,0,0,0,0,0,0,2,0,0,0,0,0,0,2,0,0,0,0,0,0,0,0,2,2,0,0,0,0,0,0,0,0,0,2,0,0,0,0,0,0,0,0,2,0,0,0,2,0,0,2,0,0,0,0,0,0,0,0,0,0,0,2,0,0,0,2,2,0,0,0,0,0,0,0,2,NA,0,0,0,0,2,0,0,0,0,0,0,0,0,0,0,0,0,0,2,2,0,0,0,0,0,0,0,0,0,0,0,0,0,0,2,0,2,2,0,0,0,0,2,2,0,2,2,0,0,0,0,0,0,0,0,0,0,0,0,2,0,0,0,0,0,0,2,0,0,0,0,2,2,0,2,2,0,0,0,0,0,0,0,2,0,0,0,0,0,0,0,0,0,0,2,0,2,2,2,0,0,0,2,0,2,0,2,0,0,0,0,0,2,0,0,0,0,0,0,0,0,0,0,0,2,0,0,0,0,0,0,2,0,0,0,0,0,0,0,0,0,0,0,0,0,0,0,0,2,2,2,0,2,0,0,0,0,0,2,0,0,0,0,0,0,0,2,0,2,2,0,0,0,0,0,0,0,2,0,0,0,0,0,0,2,0,NA,0,0,0,0,0,0,0,0,2,0,2,0,0,NA,0,0,2,0,0,0,0,0,0,2,0,0,0,0,0,0,0,0,0,0,0,0,0,0,0,0,0,0,0,0,2,0,0,0,0,0,0,2,0,0,0,0,0,0,0,0,0,0,0,2,0,2,0,0,0,0,0,0,2,0,0,2,0,2,0,0,0,0,2,0,0,0,0,2,0,0,0,0,2,0,0,0,0,0,0,0,0,0,0,0,0,0,0,0,0,0,0,0,0,0,0,0,2,0,0,2,2,0,0,0,0,0,0,0,0,0,2,0,0,0,0,0,0,0,2,0,2,0,0,0,0,0,2,0,0,0,0,0,2,0,0,0,0,0,0,0,0,0,0,0,0,0,0,0,0,0,0,0,0,0,2,0,0,2,2,0,0,0,0,0,0,0,0,0,0,0,0,0,2,2,0,0,0,0,2,0,0,0,0,0,0,0,0,0,0,0,0,0,2,2,0,0,0,0,2,2,2,0,2,0,0,0,0,0,0,0,0,2,0,0,0,0,0,0,0,0,0,0,0,2,0,0,0,0,0,0,0,0,0,0,0,0,0,0,2,2,0,0,0,0,0,0,0,0,0,0,0,0,2,2,0,0,0,0,0,0,0,2,0,0,0,0,0,0,0,2,0,0,0,2,0,0,0,0,0,0,0,0,0,0,0,0,0,0,2,0,0,0,0,0,0,0,0,0,2,0,0,0,0,0,0,0,0,0,0,2,0,0,2,0,0,2,2,0,0,0,0,2,2,0,0,0,2,0,0,2,2,0,0,0,0,0,0,0,0,0,0,0,0,0,0,0,0,0,0,0,0,0,0,0,2,2,0,2,NA,0,0,0,0,2,2,0,2,2,0,0,0,0,0,0,0,0,0,0,0,2,0,2,2,0,0,0,2,0,2,0,0,0,0,0,0,0,0,0,0,2,0,0,0,0,2,0,2,2,2,0,2,0,2,0,2,0,2,0,0,0,2,0,0,2,0,0,2,0,0,0,0,0,0,0,0,2,0,0,0,0,0,0,2,2,2,2,0,0,0,0,0,0,0,2,0,0,2,0,0,0,0,0,2,2,NA,0,0,0,0,0,0,0,0,0,0,0,0,0,0,0,0,0,2,0,2,0,2,2,0,2,0,0,0,0,0,0,2,0,0,0,0,0,0,0,0,0,0,0,2,0,2,0,0,0,0,2,0,0,0,0,0,0,2,2,0,2,0,0,2,2,0,0,2,0,0,0,0,2,2,2,0,0,2,0,2,2,0,0,0,2,2,0,2,2,0,0,2,0,2,0,2,0,0,0,0,0,0,0,2,0,0,0,0,0,2,2,0,0,0,0,0,0,2,0,0,0,0,0,0,2,0,0,0,0,2,0,0,0,0,0,0,2,0,2,2,0,2,0,0,2,0,2,0,2,0,0,0,0,0,0,2,0,0,0,0,0,0,0,0,0,0,0,0,2,0,0,0,0,0,0,0,0,0,0,0,0,0,2,0,0,0,0,2,0,0,2,2,0,0,0,0,0,0,2,2,0,0,2,0,2,0,0,2,0,2,2,0,0,0,0,2,0,0,0,0,0,0,0,0,2,0,0,0,2,0,2,0,0,2,0,0,0,0,2,0,0,0,0,0,0,2,0,0,0,0,0,0,0,2,2,0,0,0,2,0,0,0,0,0,0,0,0,0,0,0,0,2,0,2,2,0,0,0,0,0,0,0,0,0,0,0,2,2,0,0,0,0,0,2,2,2,0,0,0,0,0,2,0,2,2,0,0,2,0,2,0,0,0,0,0,0,2,2,2,0,2,0,0,0,0,2,0,0,2,2,0,0,0,0,0,2,2,0,0,2,2,2,2,0,0,0,2,0,0,0,0,2,0,0,0,0,2,2,2,0,0,0,2,0,0,0,0,0,2,0,0,0,2,0,0,0,0,2,0,0,0,0,0,0,0,0,0,0,0,2,2,0,2,0,0,0,0,0,0,2,0,2,0,0,2,0,0,0,0,0,0,0,0,0,0,2,2,2,0,2,0,0,2,0,0,0,0,0,2,2,0,0,2,0,0,2,2,0,0,0,2,2,0,0,0,0,0,0,0,0,0,0,0,2,0,0,0,0,0,2,2,0,0,2,0,2,0,0,0,2,2,2,0,2,0,0,0,0,2,0,0,2,2,0,0,0,0,0,0,0,0,0,0,0,0,0,0,0,0,2,0,0,0,0,0,0,0,0,0,0,0,0,0,2,0,0,0,0,0,0,0,0,0,0,0,0,0,0,0,0,0,2,0,0,0,0,2,NA,0,2,0,0,0,0,0,2,0,0,0,0,0,0,2,0,0,0,0,0,0,0,0,0,0,0,0,0,0,2,0,0,0,0,0,0,0,0,0,0,0,0,0,0,0,0,0,0,0,0,0,0,2,0,0,0,0,0,2,0,2,2,0,0,0,2,0,0,0,0,2,0,0,0,0,0,0,0,0,0,0,0,0,2,2,0,0,0,0,0,2,0,0,0,0,0,2,0,2,0,2,0,0,0,0,0,0,2,0,2,0,0,0,0,0,0,0,0,0,0,0,0,0,0,0,0,0,2,2,0,0,0,0,0,0,0,0,0,2,0,2,2,0,0,0,0,0,0,0,0,0,0,0,0,0,0,0,0,0,0,0,0,0,2,0,2,0,2,0,0,0,0,0,0,0,0,0,0,0,0,0,2,0,0,0,2,0,0,0,0,0,0,0,0,0,2,0,0,0,0,0,2,2,0,0,0,0,0,0,0,0,2,0,0,0,0,0,0,0,0,0,0,0,0,0,0,2,0,2,0,0,2,2,0,0,2,0,0,0,0,2,0,0,0,0,0,0,0,0,2,0,2,0,0,2,0,0,2,0,0,0,2,0,0,0,0,0,0,0,0,0,0,0,0,0,0,0,0,2,0,0,2,0,2,0,2,2,2,0,2,2,0,0,0,0,2,2,0,0,0,2,2,0,2,0,0,2,0,0,0,0,0,2,0,0,0,0,0,0,0,0,0,0,0,0,0,0,0,0,0,0,0,0,2,0,2,0,2,0,0,0,2,0,0,0,0,0,0,0,2,0,0,2,0,0,2,0,0,0,2,0,2,2,0,0,0,0,2,0,2,0,0,0,0,0,2,0,0,0,2,0,2,0,0,2,0,0,2,0,2,0,0,0,0,0,2,0,0,0,0,0,0,0,0,0,0,0,0,0,0,0,2,0,0,0,0,0,0,2,0,0,2,0,0,0,0,0,0,0,0,0,0,0,0,0,0,0,0,0,0,0,0,0,0,0,0,0,0,0,0,0,0,0,0,0,0,0,0,0,0,0,0,0,0,0,0,0,2,0,0,0,0,0,0,0,2,0,0,0,0,2,2,0,0,2,0,2,0,2,0,0,0,0,0,0,0,0,0,0,0,0,0,0,0,0,0,0,0,0,0,0,0,0,0,0,0,2,2,0,0,0,0,0,2,0,0,0,0,0,0,0,0,0,0,0,2,0,0,0,0,0,0,0,0,0,2,0,0,0,0,0,2,0,0,0,0,0,0,0,0,0,2,0,0,0,2,0,0,2,0,0,0,0,0,2,0,0,0,0,0,0,0,0,0,2,0,0,0,2,0,0,0,0,0,2,0,0,2,0,0,0,0,0,2,0,0,0,0,0,2,0,0,0,0,0,0,0,0,0,0,0,0,0,2,0,0,0,2,0,0,0,0,0,0,0,0,2,0,0,2,0,0,0,0,2,0,2,0,NA,0,0,0,0,0,0,0,0,0,2,0,0,0,0,0,0,0,0,0,2,0,2,0,0,2,0,0,0,2,2,2,0,0,2,0,0,0,0,0,0,0,0,2,0,0,0,0,2,0,0,0,0,0,0,0,0,0,0,0,0,0,2,0,0,0,0,0,0,0,0,0,0,0,2,2,0,0,0,2,0,0,2,0,0,2,2,2,0,2,0,0,0,0,0,0,2,2,0,0,0,2,2,0,0,2,0,0,0,0,0,0,0,0,0,0,0,2,0,2,0,0,0,2,0,0,0,0,0,2,0,0,0,0,0,0,0,2,0,0,0,0,0,0,2,0,0,0,0,0,0,0,0,2,2,0,0,0,0,0,0,0,0,0,0,2,0,0,0,0,0,0,0,2,2,2,2,0,0,0,2,0,2,0,0,2,0,0,2,0,0,0,0,0,0,0,0,0,2,0,0,0,0,0,0,2,2,0,0,2,0,2,0,0,0,0,0,2,0,0,0,0,2,0,2,0,2,0,0,0,2,0,0,2,2,0,0,0,0,2,2,0,0,0,0,0,0,0,0,0,0,0,0,0,2,0,0,0,0,0,0,0,0,0,0,0,2,0,0,0,0,0,0,0,2,0,0,0,0,0,NA,0,0,0,0,0,0,0,0,0,2,2,0,0,2,0,0,0,0,2,0,0,0,0,0,0,0,2,0,0,0,0,0,0,0,0,0,0,2,2,2,0,0,0,2,0,0,0,0,0,0,0,2,2,2,0,0,0,0,2,0,0,0,0,0,0,0,0,0,0,0,0,0,0,0,0,0,0,0,0,0,0,0,0,0,0,0,0,0,2,0,2,0,0,0,0,0,0,0,0,2,2,0,0,0,0,0,0,0,0,0,0,0,0,0,0,2,2,0,0,0,0,0,0,0,0,2,0,0,0,0,0,2,2,0,0,2,0,0,2,0,0,0,0,0,0,0,0,0,0,0,0,0,2,0,2,0,0,2,0,0,0,0,0,0,0,0,0,2,2,0,0,0,0,0,0,0,0,0,0,0,0,0,2,0,0,0,2,0,0,0,0,0,0,0,0,2,2,0,0,0,0,0,0,0,2,2,0,0,0,0,0,0,2,0,2,0,2,0,0,0,2,0,0,0,0,0,2,0,0,0,0,0,0,2,0,2,0,0,2,0,0,0,0,2,2,0,0,0,0,0,0,0,NA,0,0,0,0,2,0,2,0,0,0,0,0,0,0,0,0,0,0,0,2,0,0,2,0,0,0,2,0,2,0,2,0,2,0,2,2,0,0,0,0,0,2,0,2,0,0,0,2,0,0,2,0,0,0,2,0,0,0,2,0,2,0,0,0,0,0,0,0,0,2,0,2,0,0,0,0,0,NA,0,0,0,0,0,2,2,2,0,0,2,0,0,0,0,0,2,2,0,0,0,2,2,0,2,2,0,0,2,0,2,0,0,0,0,0,0,0,0,0,2,0,2,0,0,0,2,0,0,0,0,0,2,0,2,0,0,2,2,0,0,2,0,2,0,0,0,2,2,0,0,0,2,0,0,0,0,0,0,0,0,0,0,0,0,2,0,2,0,0,0,0,0,0,0,2,2,0,0,0,0,0,0,0,0,0,0,2,0,0,0,0,0,0,0,0,0,0,0,0,0,0,0,0,0,0,0,0,0,2,0,0,0,0,0,0,0,2,0,0,0,0,0,0,0,0,0,0,2,0,0,2,0,0,0,0,0,2,0,0,2,2,0,0,2,2,2,2,0,2,0,0,0,2,0,0,0,2,0,2,0,2,2,0,2,0,2,0,0,0,2,0,0,0,0,0,0,0,2,0,2,0,0,0,0,2,2,0,0,0,0,2,0,2,0,0,2,2,0,0,0,2,0,0,0,2,0,0,0,0,0,0,0,2,0,2,0,0,0,0,0,2,0,0,0,0,2,2,2,0,0,0,0,0,0,0,0,0,0,0,0,0,0,0,0,0,2,0,0,0,0,0,0,0,2,0,0,0,0,0,0,2,0,2,0,0,0,2,0,0,0,2,2,0,2,0,0,0,2,0,0,0,0,0,0,0,0,0,0,2,0,0,0,2,0,0,0,0,0,0,2,0,0,0,0,0,2,0,0,0,0,0,2,0,0,2,0,0,0,0,0,0,0,2,2,0,0,0,0,2,0,0,0,0,0,0,2,0,0,0,0,0,0,0,0,0,0,0,0,0,0,0,0,0,0,0,0,2,0,0,2,0,2,0,0,0,0,0,2,2,0,2,2,0,0,0,0,0,0,0,0,0,0,0,2,0,0,0,0,2,2,0,0,0,0,2,0,0,0,0,0,0,0,2,0,0,0,0,0,0,0,0,2,2,0,0,0,0,0,0,0,0,0,0,0,0,0,2,0,0,0,2,0,0,0,0,0,2,0,0,0,2,0,2,0,0,2,0,2,0,0,0,0,0,0,0,0,0,0,0,0,0,0,0,0,0,0,2,2,0,0,0,0,0,0,0,0,0,0,0,0,0,0,2,0,0,0,2,2,2,2,2,2,0,2,0,0,0,2,0,2,0,0,0,0,0,0,0,0,0,2,0,0,0,0,0,0,0,2,0,2,0,0,0,0,0,2,0,2,0,0,0,0,0,0,2,0,0,2,0,0,0,2,2,2,2,0,0,0,0,0,0,0,0,NA,0,0,0,0,2,2,0,0,0,0,0,0,0,2,0,0,2,0,0,0,0,2,2,0,0,0,0,0,2,0,0,2,0,2,0,NA,0,0,2,0,2,2,0,0,0,0,0,0,0,0,0,2,0,0,0,0,2,0,2,0,0,0,2,0,0,0,0,0,2,0,2,0,2,0,2,0,0,0,0,0,0,0,NA,0,0,0,0,0,0,0,0,0,2,2,0,NA,0,0,0,0,0,2,2,0,0,2,0,0,0,0
"CC65",0,2,0,0,2,0,0,2,0,0,0,0,0,0,2,2,0,0,0,0,0,2,0,0,2,NA,0,2,0,0,0,2,0,0,2,2,0,0,0,0,2,0,0,0,0,2,0,0,0,0,0,0,0,0,0,0,0,0,0,0,0,0,2,0,2,2,0,0,0,0,0,0,0,2,0,0,0,2,0,0,2,0,0,0,0,0,0,0,0,0,2,2,0,0,2,2,0,0,0,0,0,0,0,0,0,0,0,0,0,0,0,0,0,0,0,0,0,0,0,2,0,0,2,0,0,2,2,0,0,0,0,0,0,0,0,0,0,0,0,0,0,0,0,0,2,0,0,2,0,0,2,0,0,0,0,2,0,0,0,0,0,0,0,0,0,0,0,NA,2,0,0,0,0,0,0,0,0,0,0,0,0,0,2,0,0,0,0,0,0,2,0,2,0,0,0,0,0,2,0,0,0,0,0,0,0,0,0,0,0,0,0,0,0,0,0,2,2,0,0,0,0,0,0,0,2,2,0,2,0,0,2,0,0,0,2,0,0,2,0,0,0,0,0,0,0,0,2,0,NA,0,0,0,0,0,0,0,0,0,0,0,2,0,0,0,0,0,2,0,0,2,0,0,0,2,0,0,0,0,0,0,0,0,0,0,0,0,0,2,0,0,0,0,0,0,0,0,2,0,0,0,0,2,0,0,0,0,0,2,0,0,0,0,0,0,0,0,0,0,0,0,0,2,0,0,2,0,0,0,0,0,0,2,0,0,0,0,2,0,0,0,2,2,2,0,0,0,0,0,0,0,0,2,0,2,0,0,0,0,0,0,0,0,0,0,0,0,0,0,0,0,0,0,2,0,0,0,0,0,0,0,0,0,0,0,0,0,0,0,0,0,0,0,0,2,2,2,2,0,2,0,0,0,0,2,0,2,2,0,0,0,0,0,0,2,0,0,0,0,0,0,0,2,0,0,0,2,0,0,2,2,0,0,0,0,0,0,0,0,0,0,0,0,0,0,0,0,0,0,0,0,0,0,0,0,2,2,0,0,0,0,0,0,0,0,0,0,0,2,0,0,0,0,2,0,0,2,0,0,0,2,0,0,0,NA,0,0,2,0,0,0,0,2,0,0,0,0,0,0,0,0,0,0,0,0,0,0,0,0,2,0,0,2,2,0,0,2,0,0,0,0,0,0,0,0,2,2,0,2,0,0,2,0,0,0,0,2,0,2,0,2,0,0,0,0,0,0,0,0,0,2,0,0,0,2,2,0,0,0,0,0,0,0,0,0,0,0,2,0,0,0,0,0,0,0,2,0,0,0,2,0,0,0,0,2,0,0,0,2,0,0,0,0,0,2,2,0,2,0,2,0,0,2,0,0,0,0,2,2,2,0,2,0,0,0,0,0,2,0,0,0,2,0,0,0,0,0,0,0,0,0,0,0,0,0,2,0,0,0,0,0,0,2,0,0,2,0,0,0,0,0,0,0,0,0,0,0,0,0,0,0,2,0,0,0,0,0,0,0,0,2,0,0,0,2,0,0,0,0,0,0,0,0,0,0,2,0,0,0,0,0,0,0,0,0,0,0,0,0,0,0,0,0,0,0,0,0,0,0,0,0,0,0,2,0,0,0,0,0,0,0,0,0,2,0,0,0,0,0,0,0,0,0,0,2,0,0,0,0,0,0,0,0,0,0,0,0,0,2,0,2,0,0,0,0,0,0,0,0,0,0,0,0,0,0,0,0,0,0,0,0,0,0,0,0,0,0,0,2,0,0,0,0,0,0,0,2,0,0,0,0,0,0,0,0,0,2,0,0,0,0,0,0,2,0,0,0,0,2,0,0,2,0,0,0,0,2,0,0,0,0,0,2,2,2,2,0,2,0,0,0,2,0,0,0,0,0,2,0,0,0,2,2,0,0,2,0,2,0,0,2,2,0,2,0,2,0,0,2,0,0,2,0,0,0,0,0,2,2,0,0,0,0,0,2,0,0,0,0,0,0,0,0,0,2,0,2,0,0,0,0,0,0,0,0,0,0,2,0,0,0,0,0,0,0,0,0,0,2,0,0,0,2,0,0,0,2,0,0,0,0,2,0,0,0,0,0,0,0,0,0,0,0,0,0,0,0,0,0,0,0,0,0,0,0,2,0,0,0,0,2,0,0,2,0,0,0,0,0,0,0,0,0,0,0,2,0,0,0,0,2,0,0,0,0,0,0,0,0,0,0,0,0,0,0,0,2,0,0,0,0,0,2,2,0,0,0,0,0,0,0,0,0,0,0,0,0,2,0,0,2,0,0,0,0,0,0,0,2,0,0,0,0,0,0,NA,0,0,0,2,2,2,0,0,0,0,0,0,2,0,0,0,0,0,0,0,0,0,2,0,0,2,0,0,0,0,0,0,0,0,0,0,0,0,0,0,0,0,0,0,0,0,0,0,0,0,2,0,0,0,0,0,0,0,0,0,0,0,0,0,0,0,0,2,2,0,0,0,0,0,0,0,0,0,0,0,0,NA,0,0,2,0,0,0,0,0,0,0,0,0,0,2,0,0,2,0,0,0,2,0,2,0,0,2,0,0,0,0,2,2,2,0,0,0,0,0,0,0,0,0,0,0,0,2,0,0,0,0,0,0,0,0,0,0,0,0,2,0,0,0,2,2,2,0,0,2,0,0,0,0,0,0,2,0,0,0,0,0,0,0,0,0,0,0,0,0,0,0,0,0,0,0,2,0,0,0,0,0,0,2,2,0,0,0,0,0,0,0,0,0,0,0,2,2,0,0,0,0,2,0,0,0,0,0,0,0,0,2,0,0,0,2,2,0,0,0,0,0,2,2,2,2,0,2,0,0,0,2,0,0,0,0,0,0,0,0,0,0,2,0,0,0,0,0,2,0,0,0,0,2,0,2,2,2,0,2,0,0,0,0,0,0,0,0,0,2,0,0,0,0,0,0,0,0,0,2,0,0,0,0,0,0,0,0,0,0,0,0,2,2,0,0,0,0,0,0,0,0,0,0,0,0,2,0,0,0,0,0,0,0,0,0,0,0,2,0,0,0,0,0,0,0,0,2,0,0,0,0,0,0,0,0,0,0,0,0,0,0,0,0,2,2,2,0,0,2,0,0,0,0,0,0,0,0,0,2,0,0,0,0,2,0,0,0,2,0,0,0,0,0,0,2,0,0,2,0,0,0,0,2,2,0,0,0,0,0,2,0,0,0,0,0,0,2,2,0,0,0,0,0,0,2,0,0,0,2,0,0,0,0,0,0,0,0,0,0,0,0,0,2,0,0,0,0,0,0,0,0,0,0,2,0,0,0,0,0,0,0,0,0,0,0,0,0,0,0,0,0,0,0,0,0,0,0,0,0,0,0,2,0,0,0,0,0,0,0,0,0,0,0,0,0,2,0,0,0,0,0,0,0,0,0,0,0,0,0,0,0,0,0,0,0,0,2,0,2,2,0,0,0,0,0,0,0,0,0,0,2,0,0,0,0,0,0,2,0,2,0,2,0,0,0,0,0,0,0,0,0,0,0,2,0,0,0,0,2,0,0,2,0,2,0,0,0,2,0,0,2,2,0,0,2,0,0,2,0,2,0,0,0,0,0,2,0,0,2,0,0,2,0,0,2,0,0,0,0,0,2,2,0,0,0,0,2,0,2,0,0,0,0,0,0,2,2,0,0,0,0,0,0,0,0,2,2,0,0,0,0,2,0,0,0,0,0,0,2,0,0,0,0,0,0,0,2,0,0,0,0,0,0,0,0,2,0,0,2,0,0,0,0,0,0,0,0,2,0,0,0,0,2,0,0,0,0,0,0,2,0,0,0,2,2,0,0,0,0,0,2,0,0,0,0,0,2,0,0,2,0,0,0,2,2,0,0,0,2,0,2,0,0,2,2,0,0,0,2,0,0,0,0,2,0,0,0,0,2,0,0,0,0,0,0,0,0,0,0,0,0,0,0,0,2,0,0,0,0,0,0,0,0,0,0,0,0,0,2,2,0,0,0,0,0,0,0,2,2,0,0,0,0,0,0,0,0,0,0,0,0,0,0,0,0,0,0,0,0,0,0,0,0,2,0,0,0,0,0,0,0,2,0,0,0,0,0,0,2,0,0,0,2,2,0,0,0,0,0,0,0,0,0,0,2,0,0,0,0,2,0,2,0,0,0,0,2,2,0,0,0,0,0,0,0,0,0,2,0,0,0,0,2,0,0,0,0,0,0,0,0,0,2,2,0,0,0,0,0,0,0,0,0,0,2,2,0,0,0,2,0,0,0,0,0,0,0,0,0,0,0,0,0,0,2,0,2,0,0,0,0,0,2,2,0,0,0,0,0,0,0,0,0,2,2,0,0,0,0,0,2,0,0,0,0,2,2,0,0,0,0,0,0,0,0,0,0,0,2,0,0,0,0,2,0,0,0,0,2,0,0,0,0,2,0,0,0,0,2,0,0,2,0,2,0,0,0,0,0,0,0,2,0,0,2,2,0,0,2,2,0,0,0,0,0,2,0,0,0,0,0,0,0,0,0,0,0,0,0,0,0,0,0,0,0,0,0,0,0,2,0,0,0,0,0,0,0,0,2,0,0,0,0,0,0,0,0,0,0,0,0,0,0,0,0,0,0,0,0,0,0,0,0,0,0,0,0,0,0,0,0,0,0,2,0,2,2,0,0,0,0,0,0,0,0,0,0,0,2,0,2,0,0,0,0,0,2,2,0,2,0,2,0,0,0,0,0,2,0,0,0,0,0,0,0,0,0,0,0,0,2,0,0,0,0,0,0,0,2,2,0,0,0,0,0,0,0,2,0,0,0,0,0,0,0,0,0,0,0,0,0,0,0,0,0,0,2,0,0,0,2,0,0,0,0,0,2,0,0,2,0,0,0,0,0,0,0,2,2,2,0,0,0,0,0,0,0,0,0,0,0,0,0,2,0,2,0,0,0,0,0,2,0,0,2,0,2,0,0,2,0,0,0,0,2,0,0,0,0,0,0,0,2,2,0,0,0,0,0,0,0,2,0,0,0,0,0,2,0,0,NA,0,2,0,0,2,0,0,0,0,0,2,0,0,2,2,2,0,0,0,0,0,0,0,0,0,0,0,0,2,0,0,NA,0,0,2,0,0,0,2,2,0,0,2,0,0,0,0,2,0,2,0,0,0,0,0,0,0,0,0,0,0,0,0,0,2,0,0,0,0,0,0,0,0,0,0,2,0,0,0,0,2,0,0,0,0,0,0,2,0,0,0,0,2,0,2,0,2,0,0,0,0,0,0,0,0,0,0,0,0,0,2,0,0,0,0,0,0,0,2,2,2,0,0,0,0,0,0,2,2,0,0,0,0,0,0,0,0,0,0,2,2,0,0,0,0,0,0,2,0,0,2,2,0,0,0,0,0,2,2,0,0,0,0,0,0,0,0,0,0,2,0,0,0,0,0,0,0,2,2,0,0,0,2,0,0,0,0,0,0,0,NA,0,0,2,0,0,0,0,2,0,2,0,0,0,0,0,0,0,0,0,0,0,0,0,0,0,0,0,2,0,2,0,2,0,0,0,0,0,0,0,0,2,0,0,0,0,0,0,0,0,0,0,0,2,0,0,0,0,0,0,0,0,0,0,0,0,0,0,0,2,0,0,0,0,0,0,0,0,0,0,0,0,2,2,0,0,0,0,0,0,0,2,0,0,0,0,0,0,0,0,0,0,0,2,2,0,0,0,0,0,0,0,0,0,0,2,0,0,0,0,0,0,0,2,2,0,0,0,0,0,0,0,0,0,0,0,0,0,0,2,0,0,2,0,0,2,0,2,0,0,0,0,2,0,0,0,2,0,0,0,2,0,2,0,0,0,0,2,0,0,0,2,0,2,0,0,2,0,0,2,0,0,0,0,0,0,0,0,0,0,2,0,2,0,0,0,2,0,0,0,0,2,2,0,0,0,0,0,0,2,0,2,0,0,2,0,0,0,0,0,0,0,0,0,0,0,0,0,0,0,0,0,2,0,2,0,2,0,2,0,2,0,0,0,0,0,0,0,0,0,0,0,0,0,0,0,2,0,0,0,0,2,0,0,0,2,0,0,0,0,0,0,0,0,0,0,2,0,0,0,0,0,0,0,2,0,0,0,0,2,2,0,2,0,0,0,0,0,0,0,0,0,0,0,2,0,0,0,2,0,0,0,0,2,0,2,0,0,0,2,2,0,2,2,2,0,2,0,2,2,2,0,2,0,2,0,2,0,2,0,2,0,0,0,0,0,0,2,0,0,0,0,0,2,NA,2,0,2,2,0,0,0,0,0,0,2,0,0,0,0,0,0,2,2,0,0,2,2,0,0,0,2,0,0,2,2,0,0,0,0,0,0,0,2,2,0,0,0,0,0,0,0,0,0,0,0,0,2,2,0,0,0,0,0,0,0,2,0,2,0,2,0,0,0,0,0,0,0,0,0,0,2,0,0,2,0,0,0,2,0,0,2,2,0,0,0,0,0,0,0,2,0,0,0,2,0,2,2,0,0,0,0,0,0,2,0,0,0,0,0,0,2,2,2,0,2,0,0,2,0,0,2,0,2,2,0,0,0,0,0,0,2,0,2,0,2,0,0,0,2,0,2,0,0,0,2,2,0,2,0,0,2,0,0,0,0,0,0,0,0,0,0,0,0,0,0,0,0,0,0,0,2,0,2,2,0,2,0,0,0,0,0,0,0,0,2,0,0,2,0,0,0,0,0,0,0,2,0,0,0,0,0,0,0,0,0,0,0,0,0,2,0,0,0,2,0,0,0,0,0,2,0,0,2,2,0,0,0,0,2,0,0,0,0,0,0,0,0,2,0,0,2,2,0,2,2,0,0,0,0,0,0,0,0,0,0,0,0,2,2,0,0,0,0,0,0,0,2,2,2,0,0,2,0,0,2,2,0,0,0,0,0,2,0,0,2,0,0,0,0,0,0,0,2,0,0,0,0,2,0,0,0,2,0,0,0,0,0,0,0,0,0,0,2,0,0,0,0,0,2,0,0,0,0,0,0,0,2,0,0,0,0,0,2,0,2,0,0,0,0,0,0,0,0,0,0,0,2,0,0,0,0,2,0,0,0,0,0,2,0,0,0,0,0,2,0,0,0,0,0,0,2,0,0,0,0,0,0,2,2,2,0,2,0,2,0,0,2,0,0,0,0,0,2,0,0,2,0,0,0,0,0,0,0,0,0,0,0,0,0,0,0,0,2,0,0,0,0,0,0,2,0,0,0,0,0,0,2,0,0,0,0,2,0,0,0,0,0,0,0,0,2,0,0,0,0,0,0,0,0,0,0,0,0,0,0,0,0,0,0,0,0,0,0,0,0,2,0,0,0,0,0,0,0,0,0,2,0,0,0,0,0,0,0,0,0,0,0,0,0,0,0,0,0,0,2,0,0,0,0,0,0,2,0,0,0,0,0,2,0,0,0,0,2,0,0,0,0,0,0,2,0,2,2,2,0,0,2,2,0,0,0,0,0,2,0,2,0,2,0,2,0,0,2,2,0,0,0,2,2,2,0,0,0,2,2,0,0,0,2,2,0,0,2,0,0,0,0,0,2,0,0,0,2,0,0,0,0,0,0,0,0,0,0,0,0,0,0,0,0,0,2,0,0,0,0,0,0,2,0,2,2,0,0,0,0,0,0,0,0,2,0,0,2,0,2,2,0,0,0,0,0,2,0,2,2,0,0,2,2,0,0,0,0,0,2,0,0,0,0,2,0,0,0,0,0,0,0,0,0,0,0,0,0,0,0,0,2,0,0,0,2,0,0,0,0,0,0,0,0,2,0,0,0,2,0,0,0,2,0,0,0,0,0,0,0,0,0,0,0,0,0,0,0,2,0,0,0,0,0,0,0,0,0,0,0,0,0,0,0,2,2,2,0,0,0,0,2,0,0,0,0,0,0,0,0,0,0,0,0,0,0,0,0,0,0,0,0,0,0,0,0,0,0,0,2,0,2,0,0,0,2,0,0,2,2,0,0,2,2,0,0,2,2,0,0,0,0,2,0,0,0,0,2,2,0,2,0,0,2,0,0,0,0,0,2,2,0,2,0,0,2,0,0,0,0,0,0,0,0,0,0,0,0,0,2,2,0,2,0,0,2,0,0,0,0,0,2,0,2,0,0,2,2,0,2,2,2,2,0,2,2,0,2,0,2,0,2,0,2,2,0,2,0,2,0,0,0,2,2,2,0,2,0,2,0,0,2,0,2,2,2,2,0,0,0,2,2,2,0,0,2,2,0,0,0,0,0,0,0,0,0,0,2,0,0,2,NA,2,0,2,2,0,0,2,0,0,0,0,0,2,0,0,0,0,2,0,0,0,0,0,0,0,0,0,0,0,0,0,0,2,0,0,0,0,2,0,0,0,2,0,0,0,0,0,0,0,2,0,0,0,2,2,2,0,0,0,2,2,0,2,0,0,2,2,0,0,0,0,0,0,0,0,2,2,2,0,0,0,0,2,2,0,2,0,0,0,0,0,0,0,0,2,0,2,0,0,2,0,0,0,0,2,0,0,2,0,0,0,0,2,0,0,0,0,0,0,0,0,0,0,0,0,0,0,0,0,0,0,0,0,0,0,0,0,0,0,0,0,0,0,2,0,0,0,2,0,0,0,2,2,0,0,0,0,0,0,0,2,0,2,0,0,0,2,0,0,2,0,2,0,0,0,0,0,0,0,0,0,0,0,0,0,0,0,0,0,0,0,0,0,0,0,0,0,0,0,0,0,0,0,0,0,0,0,0,0,2,0,2,0,0,2,0,2,2,0,0,2,2,0,0,2,0,0,0,2,2,0,2,0,0,2,0,0,0,0,0,0,0,0,2,0,0,0,0,0,0,0,0,0,0,0,0,0,0,2,0,0,0,2,2,0,2,0,0,0,0,0,0,0,0,0,0,0,0,0,0,0,0,0,0,0,0,0,0,0,0,0,0,0,0,0,2,0,0,0,0,0,0,0,0,0,0,0,0,0,0,0,0,0,0,0,0,0,0,2,0,0,0,2,0,0,2,0,0,0,0,0,0,0,0,0,2,0,0,0,2,0,0,0,0,0,2,0,0,0,0,0,0,0,0,0,0,0,0,0,0,0,0,2,0,0,0,2,0,0,0,0,0,0,0,0,0,0,0,0,0,0,2,0,0,2,2,2,0,0,0,0,0,0,2,0,0,0,2,2,0,0,0,0,0,0,0,2,2,2,2,0,0,0,0,0,2,0,0,0,0,0,2,2,0,0,0,0,0,0,0,0,2,0,0,0,0,0,0,2,2,0,0,2,0,2,0,0,0,0,0,0,0,0,0,0,0,0,2,0,2,0,0,2,2,0,0,0,0,0,0,0,0,0,2,0,0,0,0,0,0,0,0,0,0,0,0,0,2,0,0,0,0,0,0,0,0,0,0,0,0,0,0,0,2,0,0,0,0,0,0,0,0,0,NA,0,0,0,0,0,0,0,0,0,0,0,0,0,0,0,0,0,0,0,0,0,0,0,0,0,0,0,0,0,0,0,0,2,0,0,2,0,2,0,2,0,0,0,2,0,0,0,0,2,0,0,0,2,0,0,0,2,0,0,0,0,0,0,0,0,0,2,0,0,2,0,2,0,0,0,0,0,0,0,0,0,2,0,2,0,0,0,2,0,0,0,0,0,0,0,2,0,0,0,0,2,2,0,0,0,2,0,2,0,2,2,0,2,0,0,0,2,0,0,0,0,2,NA,0,0,2,0,0,2,0,0,0,0,0,0,2,2,0,0,0,2,0,0,0,2,0,0,0,0,2,0,0,2,2,2,0,0,2,0,0,0,0,0,0,0,2,0,2,0,0,0,0,0,2,0,0,2,0,2,0,2,2,0,2,0,0,0,0,0,0,0,2,2,0,0,2,0,0,0,2,0,0,0,0,2,2,0,0,0,0,0,0,0,0,0,0,2,0,0,0,2,0,0,0,0,0,0,0,0,2,0,0,0,0,0,0,0,0,0,0,0,0,0,0,0,0,0,0,0,0,0,0,0,0,0,0,0,2,0,2,0,0,0,2,0,2,0,0,0,0,0,0,0,0,0,2,0,0,0,0,0,0,0,2,2,0,2,0,0,0,0,0,0,0,0,0,2,0,0,0,2,0,0,0,2,0,0,0,0,0,0,0,2,2,0,0,0,0,0,0,0,0,2,0,0,0,0,0,0,0,NA,2,0,2,2,0,0,2,2,2,0,0,0,0,2,2,NA,0,0,0,0,0,2,2,0,0,2,0,0,2,0,0,0,2,0,2,0,2,0,0,0,0,0,0,0,2,0,0,2,0,0,0,0,0,0,0,0,0,0,0,0,0,2,0,0,0,0,0,2,2,0,0,0,2,0,2,0,2,2,0,0,0,2,2,0,0,0,2,2,2,0,2,2,0,2,0,0,0,2,0,0,0,0,0,0,0,2,0,0,2,0,0,0,0,0,0,0,0,0,2,0,0,0,0,0,2,0,2,0,2,2,0,2,0,0,2,0,0,2,2,2,0,0,2,0,0,0,0,0,2,0,0,0,0,0,0,2,0,0,0,0,2,2,2,2,0,0,2,0,0,0,0,0,0,2,0,0,2,2,0,0,2,2,0,0,2,0,2,0,0,0,2,0,0,0,0,0,0,0,0,0,0,0,0,0,0,0,0,0,0,0,0,0,0,2,0,0,0,0,0,0,2,2,0,0,0,0,0,0,0,0,2,0,0,0,0,2,2,2,2,0,0,2,0,2,0,0,0,0,2,0,0,0,0,0,0,0,0,0,0,0,0,2,0,0,0,0,0,0,0,0,2,0,0,0,0,0,0,0,0,2,2,0,0,0,0,0,0,2,0,0,0,2,0,0,0,0,0,0,2,0,2,2,0,0,0,0,0,2,0,0,0,2,0,2,0,0,0,0,0,0,2,0,0,0,0,0,2,0,0,0,0,0,0,0,0,2,0,0,0,0,0,0,2,2,2,0,0,0,0,0,0,0,0,0,0,0,2,2,0,2,0,0,0,2,0,0,0,0,0,0,2,0,0,0,2,0,0,0,0,2,2,2,0,0,0,0,0,0,0,2,0,2,2,0,0,0,0,0,0,2,0,0,0,0,0,2,2,0,0,2,2,0,0,0,0,2,0,0,0,0,0,2,0,2,0,0,0,0,0,0,0,2,2,2,2,0,NA,2,0,2,2,2,0,0,2,0,0,0,0,2,0,0,0,2,0,0,0,2,0,2,0,2,0,0,2,2,2,0,0,0,2,0,0,2,2,2,0,0,2,2,0,0,0,0,0,0,0,0,0,2,0,2,0,2,0,0,NA,0,0,0,2,0,0,2,0,0,2,0,0,2,0,2,0,0,0,0,0,0,0,0,0,0,2,0,0,2,0,NA,0,0,0,2,0,0,0,0,0,0,0,0,0,0,0,0,2,0,0,0,0,0,0,0,2,0,0,0,0,0,0,0,0,2,2,0,0,0,0,0,0,0,0,0,0,0,NA,0,2,0,0,0,0,0,2,0,0,2,0,0,0,0,0,2,2,0,2,0,0,0,0,2,0,2,2,2,0,0,0,0,0,0,0,0,2,0,NA,2,2,2,0,0,0,0,2,0,0,0,0,2,0,2,2,0,0,2,0,2,0,0,0,0,0,0,0,0,2,2,0,0,0,2,2,2,0,0,2,0,0,0,2,0,0,0,0,2,2,0,0,2,0,0,0,2,2,0,2,0,0,0,0,0,0,0,0,2,2
"CC66",0,0,0,0,0,0,0,0,0,0,0,0,0,0,2,0,0,0,0,0,0,2,0,0,0,0,0,0,2,2,0,0,0,0,2,0,0,0,0,0,2,0,0,0,0,0,0,0,0,0,0,0,0,0,0,0,0,0,0,0,0,0,0,0,2,2,0,0,0,0,0,0,0,0,0,0,0,2,0,2,0,0,0,0,0,0,0,0,2,0,0,0,0,0,2,0,0,0,0,0,2,2,0,0,2,0,0,0,0,0,0,2,0,0,0,0,0,0,0,2,0,0,0,0,0,0,0,0,0,0,2,0,0,0,0,0,0,0,0,0,0,0,0,2,0,0,0,0,0,0,2,0,0,0,0,2,0,0,0,0,0,0,0,0,0,0,0,0,2,0,0,0,0,0,2,0,0,0,0,0,0,0,0,0,2,0,0,0,0,0,0,2,2,0,2,0,0,2,0,0,0,0,0,0,0,0,0,0,0,0,0,0,0,0,0,2,2,0,0,0,2,0,0,0,2,2,0,0,0,0,0,2,0,0,0,0,2,0,0,0,0,2,0,2,0,0,2,0,0,0,0,0,0,0,0,0,0,0,0,0,2,0,0,0,0,2,2,0,0,0,0,0,0,0,2,0,2,2,2,0,2,0,0,0,0,0,0,2,0,0,0,2,2,0,0,0,0,0,0,0,0,0,0,2,0,0,2,0,2,0,0,0,0,0,0,0,0,2,0,0,0,0,0,0,0,0,0,0,2,0,0,0,0,0,0,0,0,0,2,0,0,2,0,0,0,0,0,0,0,0,0,2,0,0,0,0,0,0,0,0,2,0,0,0,0,2,0,0,0,0,0,0,2,0,0,0,0,0,0,0,0,0,0,0,0,0,2,0,0,0,0,0,0,0,0,0,0,0,2,0,0,0,0,2,0,2,0,0,0,0,0,0,0,0,0,0,0,0,0,0,0,2,0,0,0,2,0,2,2,2,0,0,2,0,0,0,0,0,0,0,0,0,0,0,0,2,0,0,0,0,0,0,0,0,2,2,0,2,0,0,0,0,0,0,0,0,0,2,0,0,0,0,2,0,0,2,0,0,0,2,0,0,0,2,0,0,2,0,0,0,2,0,0,0,0,0,2,0,0,0,0,0,0,0,0,0,0,0,2,0,0,0,2,0,0,0,0,0,0,0,0,2,0,2,0,0,0,NA,0,0,0,0,0,0,0,2,0,2,0,0,0,2,0,0,0,0,0,2,0,2,2,0,0,2,0,0,0,0,2,2,0,0,0,0,2,0,2,2,0,0,0,0,0,0,0,2,0,0,2,0,0,0,0,2,2,0,2,0,0,0,0,0,0,0,2,0,0,0,2,0,0,2,0,0,0,0,2,2,0,0,0,0,0,0,0,0,2,0,0,0,2,0,0,0,2,2,0,0,0,0,0,0,0,2,2,0,0,0,0,0,0,0,0,0,2,0,0,2,0,0,0,0,0,0,0,0,0,0,0,0,0,0,0,0,0,0,0,0,0,2,0,0,2,0,0,0,0,0,0,0,0,0,2,0,2,0,0,0,2,2,0,0,0,0,0,0,0,0,0,2,0,0,2,0,0,0,0,0,0,0,0,0,2,0,0,0,0,0,0,0,0,0,0,2,0,0,0,0,0,0,0,0,0,0,0,0,0,0,0,0,0,0,0,0,0,0,2,2,0,2,0,0,2,2,0,0,0,0,0,0,0,0,0,2,0,2,0,0,2,0,0,0,0,0,0,0,0,2,0,0,0,0,0,0,0,2,0,2,2,0,0,0,0,0,0,2,0,0,0,0,0,0,2,0,0,0,0,2,0,0,0,0,0,0,0,0,0,0,0,0,0,2,2,2,0,0,2,0,0,2,0,0,0,0,0,0,2,0,0,2,2,2,0,0,0,0,2,0,0,2,2,0,0,0,2,0,0,2,0,0,2,0,0,0,0,0,2,0,0,0,0,0,0,2,2,0,0,0,0,0,0,0,2,2,0,2,0,0,0,0,0,0,0,0,0,0,2,0,0,0,0,0,0,0,0,0,0,2,0,0,0,2,0,2,0,2,0,0,0,0,2,0,0,0,0,0,0,0,0,0,0,0,0,0,0,2,0,0,0,0,0,0,0,0,2,0,0,0,0,2,2,0,2,0,0,0,0,0,0,0,0,0,0,0,0,0,0,0,0,0,0,0,0,0,0,0,0,0,0,0,0,0,0,0,0,0,0,0,0,0,0,2,2,0,0,0,0,0,0,0,0,0,0,0,0,2,0,0,0,0,0,0,0,0,0,0,0,2,0,0,0,0,0,0,0,0,0,0,0,0,0,0,0,0,0,0,0,2,0,0,0,0,0,0,0,0,0,0,2,0,0,0,0,0,NA,0,0,0,0,0,0,2,0,0,0,0,0,0,0,0,0,0,0,2,0,2,0,0,0,0,0,0,0,2,0,0,0,0,0,0,0,0,0,0,2,0,0,0,0,0,0,0,0,0,0,0,0,0,0,0,0,0,0,0,0,0,0,0,0,0,2,0,0,2,0,0,0,2,0,2,0,0,2,0,0,0,0,0,0,2,0,0,0,0,0,0,0,0,0,0,0,0,2,0,2,0,0,2,2,0,0,0,0,2,0,0,0,0,2,0,0,2,0,0,0,0,0,0,0,0,2,2,0,0,0,0,0,0,0,0,0,2,0,0,0,0,0,0,0,0,2,0,0,2,0,NA,0,0,0,0,2,0,0,0,0,0,0,2,0,0,0,0,2,0,0,0,0,2,0,2,0,0,2,0,0,0,0,0,2,2,0,2,0,0,0,0,0,0,0,0,0,0,0,0,0,0,0,0,0,0,0,0,0,0,0,0,0,2,0,0,0,0,0,0,0,0,0,0,2,0,2,2,2,0,2,0,0,0,0,0,0,0,2,0,0,0,0,0,0,0,2,0,0,0,0,2,0,0,2,2,0,0,0,2,0,0,2,0,0,0,0,0,0,0,0,0,0,0,2,0,0,0,0,0,2,2,0,0,0,0,0,2,2,0,0,2,0,0,0,0,0,0,0,2,0,0,0,0,0,0,0,2,2,0,2,0,0,0,0,0,0,0,0,0,2,2,0,2,2,0,0,0,0,2,0,0,0,0,0,2,2,2,2,0,0,0,0,0,0,0,0,2,2,0,0,0,0,0,0,0,0,0,0,2,2,0,0,2,0,0,0,0,0,2,2,0,0,0,0,0,0,0,0,2,2,0,2,0,NA,0,0,0,0,0,0,0,0,0,2,0,0,0,0,2,0,0,0,0,0,2,0,0,0,0,0,0,0,0,0,0,0,0,0,0,0,0,0,2,0,2,0,0,0,2,0,0,0,0,0,0,2,2,0,0,0,0,0,0,2,0,0,2,0,0,0,2,2,0,0,0,0,0,0,0,0,0,0,2,0,2,0,2,0,0,2,0,0,0,2,2,0,0,0,0,0,0,0,0,0,0,0,0,0,0,0,2,0,0,0,0,0,0,0,0,0,0,0,0,0,2,2,0,0,2,2,0,0,2,0,0,0,0,2,0,0,0,0,0,2,0,0,0,0,0,2,0,0,0,0,2,0,0,0,2,0,0,0,0,0,0,2,2,2,0,0,0,0,2,0,0,0,0,0,0,0,0,0,0,2,2,0,0,0,0,0,0,0,0,0,0,2,2,2,0,0,0,0,0,0,0,0,0,0,0,2,0,0,2,0,0,0,2,0,2,0,0,0,0,0,0,0,2,0,0,0,0,NA,2,0,0,0,0,2,0,0,0,0,0,2,0,0,0,0,0,0,2,2,0,0,2,0,0,2,0,0,2,0,0,2,0,2,0,0,0,0,2,0,0,0,2,2,0,0,2,2,0,2,0,0,0,0,2,2,0,0,0,0,0,2,0,2,0,0,0,2,0,2,0,0,0,2,0,0,0,0,2,2,0,0,0,0,2,2,0,0,0,2,0,0,0,0,0,0,0,0,0,0,0,0,0,2,0,0,0,0,0,0,0,0,0,2,0,0,0,0,0,0,0,2,0,0,0,0,0,0,0,0,2,2,0,0,2,0,0,0,0,0,0,0,0,2,0,0,0,0,0,0,0,2,2,0,0,0,2,0,0,2,0,0,0,0,0,2,2,2,0,0,0,0,0,0,0,0,2,2,0,2,0,0,0,0,0,2,0,0,0,0,2,0,0,0,0,0,2,0,0,0,0,0,0,0,0,0,0,0,0,2,0,0,0,2,0,0,0,0,0,0,0,0,2,0,0,0,2,0,0,0,0,0,0,0,0,0,2,NA,0,0,0,0,2,0,0,2,0,0,0,0,0,0,0,0,2,0,0,0,0,2,0,0,0,0,0,0,2,0,0,0,0,0,0,0,0,2,0,0,0,2,0,0,0,0,0,0,0,0,0,0,0,0,0,0,0,0,0,0,0,0,0,0,0,0,0,2,0,0,0,0,2,0,0,0,0,0,0,0,0,0,0,0,0,0,0,0,0,0,0,0,2,0,0,0,0,0,0,0,0,0,0,2,0,0,0,0,2,0,0,0,0,0,0,0,0,0,0,0,2,0,0,0,0,0,2,0,0,0,0,0,0,2,2,0,0,0,2,2,0,2,2,0,2,0,0,0,0,0,0,2,0,2,0,0,0,0,0,0,0,0,0,0,0,2,0,0,0,0,0,0,2,0,0,0,0,0,0,0,0,0,2,0,0,0,0,0,0,0,0,0,2,0,0,0,2,2,0,2,0,2,0,2,0,0,0,0,0,0,0,0,0,0,0,0,2,0,2,0,0,0,0,0,0,0,0,0,0,0,0,0,0,0,0,0,0,0,2,0,0,2,0,0,0,2,0,0,0,0,0,0,2,0,0,0,0,2,0,0,0,0,0,0,0,0,2,2,2,0,0,0,2,0,NA,2,0,0,0,0,0,0,0,2,0,0,0,0,0,0,0,0,0,0,0,0,0,0,0,2,2,0,2,0,2,0,0,2,0,0,0,0,0,0,2,0,0,2,0,2,0,2,0,2,0,2,0,0,0,0,0,2,0,0,0,0,2,2,0,0,0,0,2,0,2,0,0,0,0,2,0,2,0,0,0,0,2,0,0,0,0,0,2,0,0,0,0,0,0,2,0,2,0,0,0,0,0,0,0,2,2,2,2,0,2,0,0,0,2,0,0,0,0,0,2,0,0,2,0,0,0,0,2,0,0,2,0,2,0,0,0,0,0,0,2,0,0,0,0,0,0,0,0,0,0,0,2,0,0,0,0,0,0,0,0,0,0,0,2,2,0,2,2,0,0,2,0,2,0,2,0,2,2,0,0,0,0,0,0,0,2,0,0,0,0,0,0,0,0,0,0,0,2,0,2,0,0,0,0,2,0,2,2,0,0,2,0,0,0,2,0,2,0,0,0,0,2,0,0,0,0,0,0,0,2,0,0,0,0,0,0,0,2,0,0,2,0,0,2,0,2,0,0,0,0,0,0,0,0,2,0,0,0,2,0,2,0,0,0,0,0,0,0,0,0,0,0,0,0,2,0,0,2,2,2,0,2,0,0,0,0,0,0,0,0,0,0,2,0,0,2,2,0,0,0,0,0,2,0,0,0,0,2,0,0,0,2,2,0,0,0,0,0,0,0,0,0,0,0,2,0,0,2,0,2,NA,0,0,0,2,0,0,2,0,0,2,0,0,2,0,0,0,0,0,0,0,2,2,2,0,2,2,0,0,2,2,2,0,0,0,0,0,0,0,0,0,0,0,0,0,0,0,0,0,2,0,0,0,0,2,2,0,0,0,2,0,0,0,0,0,0,2,2,0,2,2,2,2,0,0,2,0,0,0,0,0,0,0,2,0,0,2,0,0,0,0,0,0,0,NA,2,2,2,2,0,0,0,0,0,0,0,2,0,0,2,0,2,0,0,0,2,2,2,0,0,0,0,0,0,2,0,0,0,0,0,0,0,0,0,0,0,0,2,0,0,0,2,2,0,0,0,0,0,0,0,0,0,0,2,0,0,2,0,0,0,2,0,0,0,0,0,0,0,0,0,0,0,0,0,0,0,0,0,0,0,0,0,0,2,0,0,0,0,2,0,2,0,0,0,0,0,0,0,0,0,0,0,0,0,2,0,0,0,0,0,0,0,0,0,0,0,0,0,0,0,2,2,2,0,2,0,2,0,0,0,0,0,0,0,0,2,0,2,0,2,2,2,0,2,0,2,0,0,2,0,0,0,0,0,0,0,0,0,0,0,0,0,2,0,0,2,0,0,0,0,0,0,0,0,2,0,0,0,0,2,2,0,0,2,2,0,0,0,2,0,0,2,0,2,0,0,0,0,0,0,2,2,0,0,0,0,0,0,2,0,0,0,0,0,0,2,0,0,0,0,0,0,0,2,0,2,0,2,0,0,0,0,0,0,0,0,0,0,2,0,0,2,0,2,0,0,0,0,2,0,0,0,0,0,0,0,0,2,0,0,0,2,0,2,2,0,0,0,0,0,0,2,0,0,0,0,0,0,2,2,2,0,2,0,2,2,0,0,2,0,2,2,0,0,0,0,0,0,0,0,2,0,2,0,2,0,2,0,0,2,0,0,2,0,0,0,0,0,2,0,0,0,0,0,0,0,0,0,0,0,0,0,0,0,0,0,0,0,0,0,2,0,0,0,0,0,0,0,0,0,0,0,2,0,0,2,0,0,0,0,2,0,0,0,0,0,0,0,0,0,0,0,0,0,0,0,0,0,0,0,0,2,0,0,0,0,0,0,0,0,0,2,0,0,0,0,2,2,0,0,0,0,0,0,0,2,2,0,2,2,0,0,0,0,0,0,0,0,2,0,0,0,0,0,0,0,0,0,0,0,0,0,0,0,2,2,2,0,0,0,0,0,2,0,0,0,0,0,0,2,0,0,0,0,0,0,0,0,0,0,0,0,0,0,0,2,0,0,0,2,0,0,0,0,0,0,0,0,0,0,0,0,0,2,0,0,2,0,0,0,0,0,0,0,2,0,0,0,0,0,0,0,0,0,0,0,0,0,0,2,0,0,0,0,0,0,0,0,0,2,0,2,0,0,2,2,0,0,0,0,0,2,0,0,0,0,0,2,2,0,0,0,2,0,0,0,0,0,0,0,0,0,0,0,0,0,0,0,0,0,2,0,0,0,0,2,0,0,0,0,0,0,0,0,0,0,0,0,0,0,2,0,0,0,0,2,0,2,0,0,0,2,0,0,0,0,0,0,0,2,0,0,0,0,0,0,0,0,0,0,0,2,0,0,0,0,0,0,0,0,0,0,0,0,0,0,0,0,2,0,0,2,0,2,0,0,2,0,0,0,0,0,0,0,0,0,0,2,0,0,0,0,0,0,2,0,0,0,0,0,2,0,2,0,2,0,0,0,0,0,0,0,0,0,2,2,0,0,0,0,2,2,0,0,0,0,0,2,0,2,2,2,2,0,2,2,0,0,0,0,0,2,0,2,0,2,0,2,0,0,0,2,0,0,0,2,2,2,0,0,0,2,2,0,2,0,0,2,0,0,2,0,0,0,0,0,2,0,0,0,2,0,0,0,2,0,0,0,0,0,0,0,0,0,0,0,0,0,2,0,0,0,0,0,0,2,0,2,2,0,0,0,0,0,0,0,0,2,0,0,0,0,2,2,0,0,0,2,2,0,0,0,2,0,0,0,2,0,2,0,0,0,2,0,0,0,0,2,0,0,0,0,0,0,0,0,0,0,0,0,0,0,0,2,0,2,2,0,2,0,0,0,0,0,0,2,0,0,0,0,0,2,2,0,0,2,0,2,2,0,0,2,0,0,0,0,0,0,0,0,0,0,0,2,0,0,2,0,0,0,0,2,2,0,0,0,0,0,0,0,2,0,0,0,0,0,0,0,0,0,0,0,0,0,0,0,0,0,0,0,0,0,0,0,0,0,0,2,0,0,0,0,2,0,0,0,0,2,0,0,0,0,0,0,0,0,0,2,2,0,2,0,0,0,2,2,2,0,0,2,2,2,2,2,0,0,2,0,0,0,0,0,2,0,0,0,0,NA,0,2,NA,2,2,0,2,2,0,0,0,0,0,2,0,2,2,2,2,0,0,2,2,0,0,0,0,2,0,2,0,0,0,2,2,0,0,2,0,0,2,0,0,0,2,0,2,0,2,2,0,0,2,0,0,0,0,0,2,0,0,0,0,0,0,2,2,0,0,0,2,2,0,0,0,0,2,0,0,0,2,0,0,0,0,2,2,0,2,2,0,0,2,0,0,2,0,2,0,0,0,0,0,0,0,0,0,0,2,0,0,0,2,0,0,2,0,0,0,2,0,0,0,0,0,0,0,2,0,0,2,0,0,0,0,0,0,2,2,0,0,0,0,2,0,0,0,0,0,0,0,0,0,0,0,0,0,0,0,0,0,0,0,0,0,2,2,0,2,0,2,0,0,0,0,0,0,0,0,2,2,0,0,0,0,0,0,0,2,0,0,0,0,2,0,0,2,2,0,2,0,2,0,2,2,0,2,0,2,0,0,0,0,0,2,0,0,0,2,0,0,0,2,0,0,2,2,0,0,0,0,0,0,0,0,0,2,0,0,0,2,2,0,0,2,0,0,0,2,0,0,2,0,2,0,0,0,2,0,2,0,0,0,2,0,2,0,0,2,0,0,0,0,2,0,2,2,0,0,0,0,0,0,0,2,0,0,0,0,2,0,0,0,0,0,0,0,0,0,0,0,0,0,0,0,0,0,0,2,0,0,2,0,0,2,0,0,0,0,0,0,0,0,0,0,2,0,0,0,0,0,2,0,0,0,0,0,0,0,0,0,0,0,0,0,0,2,0,0,0,0,0,2,2,0,2,0,0,0,2,2,0,2,0,0,0,0,0,0,0,0,0,2,0,0,0,0,0,0,0,0,0,0,0,0,0,0,0,0,0,0,0,0,0,0,0,0,2,0,0,0,0,0,0,0,0,0,0,0,0,0,0,0,0,0,2,0,0,0,2,0,0,2,0,0,0,2,0,2,0,0,0,2,0,2,2,2,0,2,0,0,0,0,0,0,2,0,2,0,0,0,0,0,2,0,0,0,2,0,0,0,0,0,0,0,0,2,2,0,0,0,0,0,0,2,2,0,0,0,0,0,0,0,2,2,0,2,2,0,0,0,0,0,0,0,2,0,0,0,0,0,0,0,2,2,2,2,0,2,2,0,0,2,2,2,0,0,0,2,0,0,0,0,2,0,0,0,2,2,0,0,0,0,0,0,2,2,0,0,2,2,2,0,0,0,0,0,0,0,0,0,0,2,2,0,0,2,0,0,0,2,0,0,0,0,2,0,0,0,0,2,0,0,0,0,0,0,0,0,0,0,0,0,0,2,0,0,0,0,0,0,0,0,0,0,0,2,0,0,0,0,0,0,2,2,0,0,0,0,0,0,0,2,0,0,0,0,2,2,0,0,2,0,0,0,0,0,2,0,2,0,0,2,0,0,0,0,2,0,0,0,0,0,0,0,0,0,2,2,0,2,0,0,0,0,0,0,0,0,NA,0,0,0,2,0,2,0,0,0,0,0,0,0,2,0,0,0,0,0,0,0,0,2,0,2,0,0,0,0,0,0,0,2,0,2,0,0,0,0,2,0,0,0,2,0,2,0,0,2,0,0,2,0,0,0,0,0,0,0,0,0,0,0,0,0,0,0,2,0,2,0,0,2,0,0,0,0,0,0,0,0,0,0,2,0,2,0,0,0,0,0,0,0,0,0,2,0,0,0,2,0,0,0,0,0,0,2,0,2,0,2,0,0,0,0,0,0,0,2,2,0,0,0,2,0,0,2,2,2,0,0,2,2,0,2,0,0,2,0,2,0,0,2,0,0,0,2,2,0,0,0,2,0,0,0,0,0,0,0,0,0,0,0,0,2,0,0,2,2,NA,0,0,0,2,0,0,0,0,0,0,0,0,0,0,2,0,2,0,0,0,0,0,0,2,0,0,2,0,0,0,0,0,0,2,0,0,2,0,2,0,0,0,0,0,2,0,0,0,0,2,0,0,0,0,0,0,2,0,0,0,0,2,2,0,0,0,0,0,0,0,2,0,2,2,0,0,0,2,0,2,0,2,0,0,2,0,0,0,0,0,0,0,0,0,2,0,0,0,0,0,0,0,2,2,0,0,0,2,2,0,2,NA,2,0,0,0,0,0,0,0,0,2,0,0,0,0,2,0,0,0,2,0,0,2,2,0,0,2,0,0,0,0,0,0,2,0,0,0,0,0,0,0,2,0,0,0,0,0,0,2,0,0,0,0,0,0,0,0,0,0,0,0,0,2,0,0,0,0,0,2,0,0,0,0,2,0,0,0,0,0,0,0,0,0,0,2,0,0,0,2,0,2,0,0,2,0,0,0,0,0,0,0,2,0,0,0,0,2,0,0,0,0,0,0,0,0,0,0,0,0,0,2,0,0,0,0,0,0,2,0,2,2,2,0,0,0,2,0,0,2,0,0,2,2,2,2,0,0,0,0,2,0,0,0,0,0,0,2,0,0,0,0,2,2,0,0,0,2,2,0,0,2,0,0,0,2,0,0,0,0,0,0,0,0,0,0,0,0,0,0,0,0,2,0,0,0,0,0,0,0,0,0,0,0,0,0,0,0,0,0,0,0,0,2,0,2,2,0,0,0,0,0,0,2,0,0,0,0,0,0,0,0,2,0,0,0,0,0,0,0,0,2,0,2,0,0,0,0,2,0,0,0,0,0,0,0,0,0,0,2,0,2,0,0,0,0,0,0,0,0,0,0,0,0,0,0,0,0,0,0,0,0,0,0,0,2,0,0,0,2,0,0,0,0,0,0,0,2,0,0,0,0,0,0,0,0,0,0,0,0,0,0,0,0,0,0,0,0,0,0,0,0,0,0,0,2,0,0,2,0,0,0,0,0,0,0,0,2,0,0,0,0,0,2,0,2,2,NA,0,0,0,0,0,0,2,0,0,0,2,0,0,0,0,0,0,2,0,0,0,0,0,0,0,2,0,0,0,0,0,0,0,0,2,2,0,0,0,2,0,0,0,0,0,0,2,0,2,0,0,0,0,0,0,0,0,0,0,0,0,2,0,0,0,0,0,0,0,0,2,0,0,0,0,0,2,0,0,0,0,0,2,0,0,2,2,0,0,0,2,2,2,2,0,0,0,0,0,2,2,0,2,0,2,0,0,0,0,0,0,0,0,0,2,2,0,2,0,0,2,0,0,0,0,0,2,0,0,0,0,0,2,0,0,2,2,2,0,0,0,2,2,0,0,0,0,0,0,0,0,0,2,0,0,0,0,0,0,0,0,0,0,0,0,0,0,0,0,0,0,0,0,0,0,0,0,0,2,0,0,0,0,0,0,0,0,0,0,0,0,2,0,0,2,0,0,0,2,0,0,0,2,0,0,0,2,0,2,0,0,0,2,0,0,0,0,0,0,0,0,0,0,0,0,0,0,0,0,0,2,0,0,0,2,0,0,0,0,2,0,0,0,0,0,2,0,0,2,0,2,0,0,0,0,2,0,2,0,0,0,0,0,0,0,0,2,0,2,0,0,0,0,0,0,0,2,0,0,0,0,2,0,2,0,0,0,0,0,0,0,0,0,0,0,0,0,0,2,0,0,0,0,2,0,0,0,0,0,0,0,0,0,0,0,0,0,0,0,0,0,2,0,0,0,0,0,0,0,0,2,0,0,0,0,0,0,0,0
"CC67",0,2,0,0,0,0,0,0,0,0,0,2,0,0,2,2,0,0,0,0,2,NA,0,2,0,0,0,0,2,2,0,2,0,2,2,2,2,0,0,0,2,2,2,0,0,0,0,2,0,0,2,0,0,0,0,0,2,0,0,0,0,0,2,0,2,0,0,0,0,0,0,0,0,2,0,0,0,0,0,2,0,0,0,0,0,0,0,0,2,0,0,2,0,0,0,2,0,0,0,2,0,0,0,0,2,0,0,NA,0,2,0,0,0,0,0,0,0,0,0,2,0,0,0,2,0,2,0,0,2,0,0,0,2,0,0,0,0,0,0,0,0,0,0,0,0,NA,0,2,0,0,2,2,0,0,2,0,0,0,2,0,2,0,0,0,0,2,0,0,0,0,2,0,0,0,0,0,0,0,0,0,0,0,2,0,0,0,0,0,2,0,0,2,0,0,0,0,0,NA,0,0,0,2,0,0,2,0,0,0,0,0,0,0,0,0,0,0,0,0,0,0,2,0,0,0,0,NA,2,0,0,0,0,0,0,0,0,0,2,2,2,0,2,0,0,0,2,2,0,0,0,0,0,0,2,0,0,0,0,0,2,0,2,0,0,0,2,2,2,2,0,0,0,0,0,0,0,0,0,0,0,2,2,0,0,0,2,0,0,0,0,0,0,2,2,0,2,0,0,0,0,0,0,0,0,2,0,0,2,0,2,0,0,2,NA,0,0,0,0,2,0,0,0,0,2,0,0,0,0,0,2,0,0,0,2,0,0,2,0,0,2,0,0,2,0,0,0,0,0,0,0,0,0,0,0,0,0,2,0,0,0,0,2,0,0,0,0,0,0,0,2,0,0,0,0,2,0,0,0,0,0,0,0,0,0,0,0,0,0,0,0,0,0,0,0,0,0,0,0,0,0,0,0,2,NA,2,0,2,0,0,0,0,0,0,2,0,0,0,0,0,0,0,0,2,0,0,0,0,0,2,2,2,0,0,2,2,0,0,0,0,0,0,2,0,0,0,0,0,0,0,0,0,0,0,0,0,2,2,0,2,0,0,0,0,0,0,0,0,0,0,0,0,0,0,2,0,0,0,0,0,0,0,0,0,0,0,2,0,0,0,0,0,0,0,0,0,0,0,2,0,0,0,2,0,0,0,0,0,0,0,2,0,0,0,0,0,2,0,2,0,0,0,0,2,2,0,0,2,2,2,0,0,0,0,0,0,0,2,0,2,2,0,2,0,0,0,0,0,0,2,0,2,2,0,0,2,0,0,0,0,0,2,0,0,0,0,2,0,0,2,0,2,0,0,0,0,2,2,0,2,2,0,2,2,0,2,2,2,0,0,0,0,0,2,0,0,2,0,0,0,2,0,0,2,2,0,0,0,2,2,0,2,0,0,2,0,2,0,2,0,0,0,2,0,2,0,0,2,2,0,0,0,0,0,0,2,2,0,0,0,0,2,2,2,0,2,0,0,0,2,0,0,0,0,2,0,0,0,2,0,0,0,0,0,0,0,0,0,0,2,0,2,0,2,2,0,2,0,0,0,2,0,0,0,2,0,2,0,0,0,2,0,0,0,0,0,0,0,0,0,0,2,0,0,0,2,0,0,0,0,0,0,0,2,2,0,0,0,2,0,0,0,0,0,0,2,0,0,0,0,0,0,0,0,0,0,0,0,0,0,0,0,0,0,0,0,0,0,0,2,2,2,0,0,0,2,0,0,0,0,0,0,0,0,0,2,0,2,0,0,2,0,0,0,0,0,0,0,0,2,0,0,2,0,0,0,0,0,0,2,0,0,0,0,0,0,0,2,0,0,0,0,0,0,0,0,0,0,0,0,0,0,2,0,0,0,0,0,2,0,0,0,0,2,2,2,0,0,2,0,0,2,0,0,0,0,2,0,2,0,0,2,2,2,0,0,0,2,NA,2,0,2,2,0,2,0,2,2,0,2,2,0,2,2,2,0,0,0,2,0,0,0,2,0,0,2,2,2,0,0,0,0,0,0,0,0,0,2,2,0,0,2,0,0,0,0,2,2,2,0,0,0,0,0,0,0,2,0,0,2,0,0,0,0,0,0,0,2,0,2,0,0,2,0,0,0,0,0,2,0,0,0,2,0,0,0,0,2,0,0,0,0,0,NA,2,0,2,0,0,0,0,0,2,0,2,0,0,0,0,0,0,0,2,0,2,0,2,0,2,0,0,0,0,2,2,0,0,0,0,0,0,0,0,0,0,0,0,0,0,0,0,0,0,2,2,0,2,0,0,0,0,0,0,0,0,0,0,0,2,0,0,0,0,0,0,0,0,NA,2,2,0,0,0,0,0,0,0,0,2,0,0,0,0,2,0,0,0,0,0,2,0,0,0,0,0,0,0,0,0,2,0,0,0,0,0,0,0,0,2,0,2,0,0,0,0,2,0,0,0,2,0,0,0,2,0,2,0,2,0,0,0,2,0,0,0,0,0,0,0,0,2,0,0,2,2,0,0,0,0,0,2,2,0,0,2,0,0,0,0,0,0,0,2,0,0,0,0,0,0,0,0,0,0,0,0,2,0,0,0,2,2,2,0,0,2,0,0,0,0,0,0,0,0,0,0,0,0,0,0,2,0,0,0,0,2,0,2,2,0,0,0,0,NA,0,0,0,0,2,0,0,0,2,0,0,0,0,2,0,2,0,2,0,2,2,0,0,0,0,0,0,0,2,0,2,0,0,0,0,2,2,0,0,2,2,0,2,0,2,0,0,2,0,0,0,2,2,0,0,0,0,0,0,0,0,2,0,0,2,2,2,0,2,0,0,2,0,0,0,0,2,0,0,0,2,0,2,0,2,0,0,0,2,0,0,0,0,0,0,0,0,0,0,0,0,2,0,0,0,2,2,0,0,0,0,0,2,0,0,2,2,2,0,2,2,2,0,0,0,0,0,0,0,2,0,0,0,2,0,0,0,2,0,0,0,0,0,2,2,0,0,0,0,2,0,2,0,0,0,0,2,2,0,0,0,0,0,0,0,0,0,2,0,0,2,2,0,0,0,0,0,0,0,0,0,2,2,0,0,0,0,0,0,0,0,0,2,0,0,0,0,0,0,0,0,0,2,0,0,0,0,0,2,2,2,0,0,0,0,0,0,0,0,0,0,0,0,0,0,0,0,0,0,0,0,0,0,0,0,2,0,0,0,2,0,0,2,0,0,0,0,0,2,0,2,0,0,0,0,0,0,0,0,0,0,0,2,2,2,0,0,2,0,0,0,0,0,2,0,0,0,0,0,0,0,0,0,0,0,2,0,0,0,0,0,0,2,2,0,0,0,0,2,0,0,0,0,2,0,0,0,0,0,0,0,0,0,0,0,0,0,0,0,0,0,0,0,2,0,0,0,2,0,0,0,0,2,0,0,0,0,0,0,0,0,0,0,0,0,0,0,0,0,0,0,0,0,0,0,2,0,0,0,0,0,0,0,0,0,0,0,0,2,0,2,0,0,0,0,2,0,0,2,0,0,0,0,0,2,0,0,0,0,0,0,2,0,0,0,0,2,0,2,0,0,0,0,0,0,0,2,0,0,0,0,0,2,0,0,2,2,0,0,0,2,0,2,0,0,0,0,0,0,0,0,0,0,0,0,0,0,0,0,0,0,0,0,0,0,2,0,0,0,0,0,0,0,0,0,0,0,0,0,0,2,0,0,0,0,0,0,2,0,0,2,0,0,0,0,0,0,0,0,0,2,0,0,0,0,0,0,0,0,0,0,0,0,0,0,0,0,0,0,0,2,0,0,0,0,0,2,0,0,0,0,2,0,0,0,0,0,2,2,2,0,0,2,0,0,0,2,2,0,0,0,0,0,0,0,0,0,0,0,0,0,0,0,0,2,2,2,0,0,2,0,0,2,0,0,2,0,0,2,0,0,2,0,0,0,0,0,0,0,0,0,0,0,0,0,0,0,0,0,0,0,0,0,0,0,0,2,0,0,2,0,0,0,0,2,2,0,0,0,0,2,0,0,2,0,0,0,0,0,0,0,0,0,0,0,0,0,0,0,0,0,0,0,0,0,0,0,0,0,0,0,2,0,0,2,0,0,0,0,2,0,2,0,2,0,2,0,0,0,0,0,2,0,0,2,2,0,0,0,0,0,0,0,0,0,0,0,0,0,0,2,0,0,0,0,0,2,0,0,0,0,2,0,2,0,0,0,0,0,0,0,2,0,0,0,2,2,0,0,0,0,2,0,0,2,2,0,0,0,0,2,0,0,0,0,0,0,0,0,2,0,2,0,2,0,0,0,0,0,0,0,0,0,2,0,0,0,0,0,2,0,0,2,0,0,0,0,0,2,2,0,2,2,0,0,0,0,0,2,0,0,0,0,0,0,2,0,0,0,0,0,0,0,2,0,0,0,0,0,0,0,0,0,0,0,0,0,0,2,0,0,0,0,0,0,0,0,0,2,0,0,0,2,2,0,0,2,0,2,0,0,0,0,0,0,0,2,0,0,2,2,0,0,2,0,0,2,0,0,0,2,0,0,0,0,0,0,0,0,0,0,0,0,0,0,0,0,0,0,0,0,0,0,0,2,0,0,0,0,0,0,0,2,2,2,0,0,0,0,0,2,0,0,0,0,0,0,0,0,0,0,0,0,2,0,0,2,0,0,0,0,0,0,0,2,0,0,0,0,0,0,0,0,0,0,0,0,0,0,0,0,0,0,2,0,0,2,0,0,0,0,0,0,0,0,0,2,0,0,0,0,0,0,0,0,0,2,0,0,0,0,0,0,0,0,2,0,2,0,0,0,0,0,0,2,0,0,0,0,2,2,0,2,0,0,0,0,0,0,0,2,0,0,0,0,0,0,2,0,0,0,2,2,2,0,2,0,0,0,0,0,2,0,0,0,0,0,2,0,0,0,2,0,2,0,0,0,0,0,0,2,0,0,0,2,0,2,0,2,0,2,0,0,0,0,0,2,0,0,2,0,2,0,0,0,0,0,0,0,0,0,2,0,0,0,0,0,0,2,0,0,2,0,0,0,0,2,0,0,0,0,0,0,2,0,0,2,0,2,0,0,0,0,0,2,0,2,0,0,2,0,2,0,2,0,0,0,0,0,0,0,0,0,0,2,0,0,0,0,0,0,0,0,2,0,2,0,0,0,0,0,2,0,0,0,0,0,0,2,0,2,0,2,0,0,0,0,2,0,0,0,0,0,2,0,2,0,0,0,2,2,0,0,0,0,0,2,2,0,0,0,0,2,0,0,0,0,0,2,0,0,0,0,0,0,0,0,0,0,0,0,2,0,2,0,0,0,0,0,0,0,2,0,0,0,2,2,0,0,0,0,0,0,2,0,0,0,0,0,0,0,0,0,0,2,2,0,0,0,0,0,0,NA,2,0,0,2,0,2,0,0,0,0,0,0,0,0,0,0,0,0,0,0,0,0,0,0,0,0,0,0,0,0,0,0,0,0,0,0,0,0,0,0,0,0,0,0,0,0,0,0,0,2,0,0,0,0,0,0,0,0,0,0,0,0,0,0,0,0,0,0,0,2,0,0,0,0,0,0,0,0,0,0,0,0,0,0,0,0,0,0,0,0,0,0,0,0,0,0,0,0,0,0,0,0,2,0,0,0,2,0,2,0,0,0,2,2,0,0,0,2,2,0,0,0,0,2,0,2,0,0,0,0,0,0,0,0,2,2,2,0,0,0,0,0,0,0,0,0,0,2,0,0,0,0,0,0,0,0,0,0,2,2,0,0,0,0,0,2,0,0,0,0,2,0,0,0,0,0,0,0,0,0,0,2,0,0,0,0,0,0,0,0,0,0,0,0,0,0,0,0,0,2,0,0,0,2,2,2,0,0,0,0,0,0,2,0,0,NA,2,0,0,0,0,0,0,2,0,0,0,0,0,0,0,0,0,2,0,2,0,0,0,2,2,0,0,0,0,2,0,0,0,0,0,0,0,0,0,2,0,0,0,0,0,2,0,0,0,0,0,0,0,0,2,0,0,2,0,0,0,2,0,2,0,2,0,2,0,0,0,0,0,2,0,0,0,0,0,0,0,0,0,2,0,0,0,0,0,0,0,0,0,0,0,2,2,0,0,2,0,0,2,2,0,0,0,2,0,0,0,0,0,2,0,0,0,0,0,0,0,0,0,0,0,0,0,0,0,0,0,2,0,0,0,2,0,0,0,0,0,0,0,0,2,0,0,0,0,0,0,0,0,0,0,0,2,2,0,0,0,0,0,0,0,0,0,0,2,0,0,0,0,0,2,0,0,0,0,0,2,0,0,0,0,0,0,0,0,0,0,0,2,0,2,0,0,0,0,0,0,0,0,0,0,0,0,0,0,0,0,0,2,0,0,0,0,2,0,0,2,2,0,0,0,0,0,0,0,0,0,0,2,0,2,2,0,0,0,0,0,2,0,2,0,0,0,0,0,0,0,0,0,0,0,0,0,0,2,0,0,2,0,0,0,2,0,2,0,2,0,0,0,0,2,0,0,0,0,0,0,2,0,2,0,0,0,0,0,0,0,2,0,0,0,0,0,0,2,0,2,0,0,0,2,2,0,0,0,0,0,0,0,0,0,0,0,0,0,0,0,0,0,0,0,0,0,0,0,0,0,0,0,0,0,0,0,0,0,0,0,0,0,2,0,0,2,0,0,0,2,2,0,0,0,2,0,0,2,0,2,2,0,2,0,0,0,0,0,2,0,0,0,0,0,2,2,0,0,0,2,0,0,2,0,0,0,0,2,0,0,0,0,2,0,0,2,2,0,0,0,0,0,0,0,0,0,2,2,0,2,0,0,0,0,2,2,0,0,0,0,0,0,2,0,0,0,0,0,2,0,2,0,0,0,0,0,0,0,0,0,0,0,0,0,0,0,0,0,2,0,0,0,0,0,0,0,0,0,0,0,2,2,2,0,2,0,0,0,0,0,0,2,0,0,0,2,0,0,0,2,0,0,0,0,0,0,0,0,0,0,0,0,0,0,0,0,0,0,0,0,0,0,0,0,0,0,0,0,0,0,0,0,2,0,0,0,0,0,0,2,2,2,0,0,0,0,0,0,0,0,0,0,0,2,0,0,0,0,0,0,2,0,0,2,0,0,0,0,0,2,2,0,2,2,0,0,2,2,0,0,0,2,0,0,0,0,2,0,0,0,2,0,0,0,0,0,0,0,0,0,0,0,0,0,2,0,2,2,0,0,2,0,0,0,2,0,0,0,2,2,0,0,0,0,0,0,0,0,0,0,0,0,0,0,0,0,0,0,2,0,2,0,0,0,0,0,0,0,2,2,2,0,2,0,2,0,0,2,0,2,0,0,0,2,0,0,2,2,2,2,NA,0,2,0,0,0,0,2,2,2,2,0,0,0,0,0,2,0,0,0,0,0,0,2,0,0,0,0,0,2,0,2,0,0,0,0,0,2,2,0,0,0,0,0,2,2,0,0,0,0,0,0,2,0,0,2,0,0,2,0,2,0,2,0,0,0,0,0,0,0,0,0,2,0,0,2,0,0,0,0,0,0,0,0,0,0,0,0,0,2,2,0,0,0,0,2,0,2,0,0,0,0,2,0,0,0,0,0,0,0,2,0,0,0,0,0,0,0,0,0,2,2,0,0,2,0,0,0,0,2,2,2,0,0,0,0,0,0,2,0,0,0,0,0,0,0,2,0,0,2,2,0,0,2,2,0,0,2,0,0,0,0,0,0,0,0,0,0,0,0,0,2,0,2,2,0,0,2,0,0,0,0,0,0,0,2,0,0,0,0,2,0,0,0,0,0,0,0,0,0,0,0,0,0,2,0,0,0,0,0,0,2,0,0,2,0,2,0,0,0,0,0,0,0,0,0,0,0,0,0,0,0,2,0,0,2,0,0,0,0,0,0,2,0,0,0,0,0,0,0,0,0,0,0,0,0,0,0,0,2,0,0,0,0,0,0,0,0,0,0,0,0,0,0,0,2,2,0,2,0,0,0,0,0,0,0,2,2,0,0,0,0,0,0,2,2,2,0,2,2,0,0,0,0,0,2,0,2,0,0,0,0,2,0,2,2,0,0,0,0,0,2,0,0,0,0,0,2,0,0,2,0,2,2,0,0,0,0,0,0,2,0,0,0,0,2,2,0,2,0,2,2,0,0,2,0,2,0,0,0,0,2,0,0,2,0,0,0,2,0,2,2,0,0,2,0,2,0,2,0,0,0,0,0,0,0,0,0,0,0,2,0,0,0,0,2,2,0,0,0,0,0,0,0,0,0,0,0,2,0,0,0,2,2,0,2,0,0,0,0,2,2,0,0,0,0,0,2,0,0,0,0,0,0,0,0,0,0,0,0,0,0,0,0,0,0,0,0,0,0,2,0,0,0,0,2,0,0,0,0,0,0,0,0,0,0,0,0,0,0,0,0,0,0,0,0,2,0,2,0,0,0,0,2,2,0,2,0,0,2,2,0,0,0,0,0,0,0,0,2,2,0,0,0,0,0,0,0,0,0,0,0,0,0,0,0,0,0,0,2,0,0,0,0,0,2,2,0,0,0,0,0,0,0,0,0,0,0,0,0,2,0,0,0,2,0,0,0,0,0,2,0,0,0,2,0,0,2,0,0,2,0,0,0,0,0,0,2,0,0,0,2,0,0,2,0,0,2,0,2,0,0,0,0,0,0,0,0,0,0,0,0,0,2,0,0,0,0,0,0,0,0,0,2,0,0,2,0,0,0,0,0,0,0,0,0,2,2,0,0,0,2,0,0,0,0,0,0,0,0,0,0,2,2,0,0,2,0,0,0,0,0,0,0,0,0,0,0,0,0,0,0,0,2,0,0,0,2,2,0,0,2,0,0,0,0,0,0,0,0,0,0,0,0,0,0,0,0,0,0,0,0,2,0,0,0,2,2,2,0,0,2,0,0,0,0,0,0,0,0,0,0,0,0,2,0,0,0,0,0,0,0,0,0,0,0,0,0,0,2,0,0,0,0,0,0,0,2,0,0,0,0,0,0,2,0,2,2,0,0,0,0,2,0,0,0,2,0,0,0,0,0,0,2,0,0,0,0,0,2,0,0,2,0,0,0,0,0,0,0,0,0,0,0,2,0,2,0,0,0,0,0,0,0,0,0,2,0,0,0,0,0,0,0,2,0,0,0,2,0,0,2,0,0,0,0,0,0,0,0,2,2,0,0,0,0,0,0,0,0,0,0,2,0,2,0,0,0,0,0,2,2,2,2,0,0,0,0,0,2,0,0,0,0,0,2,0,0,0,0,0,0,0,0,0,2,0,0,0,0,0,0,2,2,0,0,2,0,2,0,0,0,0,0,0,0,0,0,0,2,0,2,NA,0,0,0,0,2,0,0,0,2,0,2,2,0,2,2,0,0,0,2,2,0,0,2,0,0,0,2,2,2,2,0,0,0,0,2,0,0,2,0,0,0,0,0,2,0,0,0,0,0,0,0,0,2,0,0,0,0,0,0,0,0,0,2,0,2,0,0,2,0,2,0,0,0,2,0,0,0,0,0,0,0,0,2,0,0,0,0,0,0,0,0,0,2,2,2,0,0,0,0,0,0,0,0,0,2,0,0,2,2,0,0,0,0,0,2,2,0,0,0,0,0,0,0,0,2,0,0,0,0,0,2,2,2,0,0,0,0,0,0,0,0,0,0,0,2,0,0,0,0,0,0,2,0,0,0,2,0,0,0,0,0,0,0,2,0,0,0,0,0,0,0,0,2,0,0,0,0,0,0,0,0,0,0,0,0,0,0,0,2,0,0,0,2,0,0,0,0,0,0,0,0,0,0,0,0,0,2,2,0,2,0,0,2,0,0,2,0,0,0,0,0,0,2,2,0,0,0,0,0,0,0,2,0,0,0,0,0,2,NA,0,0,2,0,0,2,0,0,0,0,0,2,0,0,0,0,0,0,0,0,2,2,0,0,0,0,0,0,0,0,0,0,2,0,2,0,2,0,0,0,0,0,0,0,0,2,0,0,0,0,0,0,0,0,0,0,0,0,0,0,0,0,0,0,0,0,0,0,NA,0,0,0,0,2,0,2,0,0,0,0,0,0,0,0,0,0,0,0,0,0,0,0,0,0,0,0,0,2,0,0,0,0,0,0,0,0,0,2,2,0,0,0,2,0,2,0,2,0,0,2,0,0,0,0,0,0,2,0,0,0,2,0,0,0,0,0,0,0,2,0,NA,0,2,0,0,2,0,2,0,0,0,0,0,0,0,0,2,0,0,0,0,2,0,0,2,2,0,0,0,2,0,0,0,0,0,0,0,0,0,0,0,0,0,0,0,0,0,0,2,0,0,0,0,2,0,0,0,0,0,0,0,0,0,0,2,0,2,0,2,0,0,0,0,0,2,2,0,0,0,2,0,0,0,0,0,0,0,0,0,0,0,0,0,0,2,0,0,2,0,0,0,0,0,2,2,0,0,0,0,0,0,0,0,0,0,0,0,0,0,0,0,0,0,0,0,2,2,0,0,0,0,2,0,0,0,2,0,0,0,0,0,0,2,0,0,0,0,0,0,0,0,0,0,0,0,0,0,0,2,0,0,0,0,2,2,0,0,2,0,0,0,0,2,0,0,2,0,2,0,0,2,0,0,0,0,0,0,0,0,0,2,2,0,0,0,2,0,0,2,0,2,0,0,0,2,2,0,0,0,0,2,0,0,2,0,0,0,2,0,0,2,2,2,2,0,0,0,0,2,0,0,2,0,0,2,0,0,2,2,0,0,0,2,0,0,0,0,0,2,2,0,0,0,0,2,0,2,0,0,0,0,2,2,0,0,2,0,0,2,0,0,0,0,0,0,0,0,0,2,2,0,0,0,0,2,0,0,0,0,0,2,0,0,0,2,0,0,2,2,0,0,0,2,0,2,2,2,0,0,0,0,2,0,0,0,2,0,0,2,0,0,0,2,0,0,0,0,2,0,2,0,2,0,2,0,0,2,0,2,0,0,0,2,0,0,0,0,0,0,0,2,2,0,0,2,2,0,0,0,0,0,2,2,2,0,0,0,0,2,2,2,0,0,0,0,2,0,0,0,2,0,0,2,2,2,0,0,2,2,NA,0,0,0,0,0,0,2,0,0,2,0,0,0,0,0,0,2,0,0,0,0,0,0,0,2,0,0,0,0,0,0,0,0,0,0,0,0,0,2,0,0,0,2,0,0,0,0,0,2,0,2,2,0,0,2,0,2,0,0,0,0,0,2,2,0,0,0,2,0,0,0,0,0,2,0,2,2,0,0,0,0,0,0,0,0,0,2,2,0,0,0,0,2,0,0,2,0,2,0,0,0,0,2,0,0,2,0,0,2,0,2,0,0,0,0,0,0,0,0,0,2,0,0,0,0,0,0,2,0,0,0,0,0,0,0,2,0,0,0,0,0,0,0,2,2,0,0,0,0,0,0,0,0,0,0,0,0,0,2,0,0,2,0,0,0,0,0,0,0,0,2,2,0,0,0,2,2,0,0,0,0,2,0,0,0,0,0,0,0,0,0,0,0,0,0,0,0,2,0,0,0,0,0,0,0,0,0,0,2,0,0,2,0,0,0,0,2,0,0,0,2,0,0,2,0,0,0,0,0,0,2,0,0,2,0,0,2,0,0,2,0,0,NA,2,NA,0,0,2,2,0,0,0,0,0,2,2,0,0,0,0,0,2,0,0,2,2,0,0,0,0,0,0,0,2,0,0,0,0,2,2,0,0,0,2,0,2,0,0,0,0,0,0,0,0,2,0,0,0,0,0,2,2
"CC68",0,0,0,0,2,0,0,0,0,0,0,0,0,0,0,2,0,0,0,0,2,0,0,0,0,0,0,0,0,2,0,0,0,0,0,2,0,0,0,2,0,0,0,2,2,0,0,2,0,0,0,2,0,2,0,0,2,0,0,0,0,2,0,2,0,0,0,0,0,2,0,0,0,0,0,0,0,0,0,0,2,0,0,2,0,0,0,0,2,0,2,0,0,0,0,0,0,0,0,0,0,0,0,2,0,0,0,0,0,0,0,2,0,0,2,0,0,0,0,0,0,0,0,0,0,0,2,0,0,0,0,0,0,2,0,0,0,0,0,2,0,0,2,2,0,0,2,0,0,2,2,0,0,0,0,0,0,0,0,0,0,0,0,2,2,0,0,2,2,2,0,2,0,0,0,0,0,0,0,2,0,0,0,0,2,0,2,0,0,0,0,0,2,0,0,0,0,NA,NA,0,0,0,0,0,0,0,0,0,0,0,0,0,0,0,0,0,0,0,0,0,2,0,0,0,2,0,2,0,0,0,0,0,0,0,0,0,2,0,0,0,0,0,0,2,0,2,2,0,0,0,0,0,0,0,0,0,0,0,0,0,2,0,0,0,0,2,2,0,0,0,0,0,0,0,0,0,2,2,2,2,2,0,0,0,0,0,0,0,0,0,0,2,2,0,0,0,0,0,0,0,0,0,0,0,0,0,0,0,NA,0,0,0,0,0,0,0,0,0,0,0,0,0,2,0,0,0,0,0,0,0,0,2,2,0,0,2,0,0,2,0,0,2,2,0,0,0,0,0,0,0,0,2,0,0,0,0,2,0,0,0,0,0,0,0,0,0,0,0,2,0,0,0,0,0,0,0,0,0,0,0,2,0,0,0,0,0,0,0,0,0,0,0,0,2,2,2,2,0,0,0,0,2,NA,2,0,2,0,0,0,0,0,0,0,0,0,0,2,0,2,2,0,2,2,0,0,2,0,0,0,0,0,0,2,0,0,0,0,0,0,0,0,0,0,0,0,0,0,0,0,0,0,0,0,0,2,2,0,2,0,0,0,NA,0,0,0,0,0,0,0,0,0,0,2,0,0,2,0,0,0,2,0,0,0,0,0,0,2,0,0,0,2,NA,0,0,0,0,2,0,0,0,0,0,0,0,0,0,0,0,2,0,0,0,2,0,0,0,0,0,0,2,0,2,2,2,2,2,0,2,0,0,0,0,0,0,0,0,0,2,2,2,0,0,0,0,0,0,2,0,0,2,0,0,0,2,0,0,0,0,2,0,0,2,0,0,0,0,0,0,0,2,0,0,0,0,0,0,2,2,2,2,2,0,0,0,0,2,0,0,0,0,2,0,0,0,2,0,2,0,2,0,0,0,2,0,0,0,0,0,2,0,0,0,0,0,2,0,2,0,0,0,0,0,0,0,0,2,0,0,0,0,0,0,0,2,2,0,0,0,0,0,0,0,0,0,2,0,0,2,0,0,0,0,0,0,0,0,0,0,0,0,2,0,0,0,0,0,0,0,0,2,0,0,2,0,0,2,0,0,0,0,0,0,2,0,2,0,0,0,0,0,0,0,0,0,0,0,0,2,2,0,0,0,0,0,0,0,0,0,2,0,0,0,2,0,0,2,0,0,0,0,0,0,2,2,0,0,0,0,0,0,0,0,0,0,0,0,0,0,0,0,0,0,0,0,0,0,0,2,0,2,2,0,0,2,0,0,0,0,0,0,0,0,0,2,0,2,0,0,0,0,0,0,0,0,0,0,0,2,0,0,0,0,0,0,0,2,0,0,0,0,0,0,2,0,0,2,0,0,0,0,0,0,2,0,0,0,0,2,0,0,0,0,0,0,0,0,0,0,0,0,0,2,2,2,0,0,2,0,0,2,2,0,2,0,0,0,2,0,2,2,2,2,0,0,0,0,0,0,0,2,2,0,2,0,2,0,0,2,2,0,2,0,0,0,0,0,2,0,0,0,0,0,0,0,2,0,0,0,0,0,0,0,0,0,0,2,0,0,0,0,0,0,0,0,0,2,2,0,0,0,0,0,2,0,0,0,0,2,0,0,0,2,0,0,0,2,0,0,0,0,0,0,0,0,0,2,0,0,0,2,2,0,0,0,0,2,0,0,0,0,0,0,0,0,2,0,0,0,2,0,2,2,2,0,0,0,0,0,0,0,0,0,0,0,0,0,0,0,0,2,0,0,0,0,0,0,0,0,2,2,0,0,0,0,0,0,2,0,0,0,0,2,2,0,0,0,0,0,0,0,0,0,0,0,0,0,0,2,2,0,0,0,0,0,2,2,0,0,2,0,0,0,0,0,2,0,NA,0,0,2,2,0,0,0,0,0,2,2,0,0,0,0,0,0,0,0,0,0,0,0,0,0,0,0,2,0,2,0,0,2,0,0,2,2,0,0,0,0,0,0,2,0,0,2,0,0,2,2,0,0,0,0,0,0,0,2,0,0,0,0,2,0,0,2,0,0,0,0,0,0,0,2,0,0,0,2,0,0,0,0,0,0,0,0,2,0,0,2,0,0,2,0,2,0,0,0,0,2,0,0,0,0,2,0,0,0,0,0,0,0,0,0,0,0,0,0,0,0,0,0,0,0,0,0,0,0,0,0,0,0,0,0,0,0,0,0,0,0,0,0,2,0,0,0,0,0,0,0,0,0,0,2,0,0,0,2,0,0,0,0,0,2,0,0,0,0,2,0,2,0,2,0,0,0,0,0,0,0,0,0,0,0,0,0,0,0,0,0,0,0,0,0,2,0,2,0,2,2,0,2,0,0,0,0,0,0,2,0,2,2,0,0,0,0,0,0,0,0,0,0,0,0,0,0,0,0,0,0,0,0,0,0,0,0,2,0,2,2,0,0,NA,0,0,0,0,0,0,0,0,2,2,2,2,0,2,0,0,0,0,0,0,0,2,0,0,0,0,0,2,0,0,0,2,0,0,0,2,0,0,0,2,0,0,0,0,0,0,2,2,0,0,2,0,0,0,2,0,0,2,0,0,0,0,0,0,0,0,0,0,0,0,2,2,0,2,0,0,2,0,0,0,0,2,2,0,0,0,0,0,0,0,0,2,2,0,0,2,0,0,2,2,0,0,2,2,0,0,0,0,0,0,2,0,0,0,0,0,0,2,0,0,0,0,2,0,0,2,0,0,0,2,2,0,0,2,2,0,0,2,2,0,0,0,0,0,0,0,NA,0,0,2,0,0,2,0,0,0,0,0,0,0,0,2,0,2,0,0,0,0,0,0,0,0,0,0,0,2,0,0,0,0,0,0,0,0,2,0,0,0,2,0,0,0,0,0,0,0,0,0,0,0,0,0,0,0,0,0,0,0,0,0,0,0,0,0,0,0,2,0,0,0,0,2,0,2,0,0,0,2,0,0,2,2,2,0,0,0,0,2,0,0,0,0,0,2,0,0,2,0,0,0,2,0,0,2,2,0,2,2,2,0,0,0,0,0,2,0,0,0,0,0,2,0,0,0,2,2,2,0,0,0,0,2,0,0,0,0,2,0,0,0,0,0,0,2,0,2,0,0,0,0,0,0,0,0,0,0,0,0,0,0,0,0,2,0,0,0,0,0,0,0,0,0,0,0,2,2,0,0,0,2,0,0,0,0,0,0,0,0,0,0,2,0,0,0,0,0,0,2,0,0,0,0,0,2,0,2,0,0,0,0,0,0,0,0,0,0,2,0,0,0,2,0,0,0,0,0,2,0,0,0,0,2,0,0,0,0,2,0,2,0,2,0,0,0,0,0,2,0,0,0,0,0,2,0,0,0,0,2,0,0,0,0,0,0,2,2,0,0,2,2,0,0,0,0,0,0,0,0,0,0,0,0,0,0,0,0,0,2,2,2,0,0,0,2,0,2,0,0,0,0,0,0,0,2,0,0,0,0,2,0,2,0,0,2,0,0,0,0,0,2,0,0,0,0,0,2,0,0,0,0,0,0,0,0,0,0,0,0,0,0,2,0,0,0,0,0,0,0,0,0,0,0,0,0,0,0,0,0,0,0,0,0,0,0,0,0,0,0,0,0,0,2,0,0,2,0,0,0,0,2,0,0,0,2,0,2,0,0,0,0,0,2,0,0,0,0,0,0,0,0,0,0,0,0,0,0,0,0,0,0,2,0,0,0,0,0,0,2,0,0,0,0,0,2,0,0,0,0,0,0,0,0,2,0,2,0,0,0,0,0,0,0,0,0,0,0,0,0,0,0,0,0,0,0,0,2,0,0,0,2,0,0,0,0,0,0,0,0,0,0,0,0,2,2,0,0,0,0,0,0,0,0,0,0,0,0,0,0,2,2,0,0,0,0,0,0,0,0,0,0,0,0,0,0,0,2,0,0,0,0,0,2,0,0,0,0,0,0,0,0,0,2,0,0,0,2,0,0,2,0,0,2,0,0,0,0,2,0,0,0,0,0,0,0,0,0,0,0,2,0,0,0,0,0,0,0,0,0,0,0,0,0,0,2,0,0,0,0,0,2,0,0,0,0,0,0,2,0,0,0,0,0,0,0,2,0,0,2,0,0,0,0,2,0,0,0,0,0,0,0,0,0,0,0,2,0,0,0,0,0,2,0,0,2,0,0,0,2,2,0,0,0,0,2,0,0,2,0,0,0,0,0,0,0,0,2,0,2,0,0,0,0,0,0,0,0,2,0,0,0,0,0,0,0,0,0,2,0,0,0,0,0,0,0,0,2,0,0,0,0,0,0,0,0,0,0,2,0,2,0,2,0,0,0,0,2,0,2,0,0,2,0,0,0,0,0,0,NA,0,0,2,0,2,0,0,0,2,0,0,0,0,0,2,0,0,0,0,0,0,0,0,0,2,0,0,2,0,0,0,0,2,0,2,0,0,0,0,0,2,0,2,2,0,0,2,0,0,0,2,0,2,0,0,0,0,0,0,0,0,0,0,0,0,0,0,0,0,0,2,0,0,0,0,0,0,0,0,2,0,0,0,0,0,0,0,2,0,0,2,0,0,2,0,0,0,0,0,0,0,0,0,0,0,2,2,0,0,2,0,0,0,0,0,0,0,0,0,0,0,2,0,0,2,0,0,0,0,0,0,0,0,0,0,0,0,0,0,0,0,0,2,0,0,0,0,0,0,0,0,0,2,0,0,2,0,2,0,2,0,0,0,0,0,0,0,0,0,0,0,2,0,2,0,0,2,0,0,0,0,2,0,0,0,0,0,0,2,0,0,0,0,2,2,0,0,0,0,0,2,0,0,0,0,0,0,0,0,2,0,0,0,0,0,0,0,0,0,0,0,0,0,2,0,0,0,2,2,0,0,0,0,0,0,0,0,0,2,0,0,0,0,2,0,0,2,0,0,0,0,0,0,2,2,0,0,0,0,0,2,0,0,0,0,0,0,0,0,0,2,0,0,0,0,0,0,0,2,0,0,0,2,0,0,NA,NA,0,0,0,0,0,0,2,0,0,2,2,0,0,0,0,0,0,2,0,0,0,0,0,0,0,0,0,2,0,0,0,2,2,2,2,0,0,0,0,0,0,0,2,2,0,0,0,0,0,2,0,2,0,0,2,0,0,0,2,2,0,0,0,0,0,0,0,0,2,0,2,0,0,0,0,0,0,0,0,2,2,0,0,0,0,0,0,0,0,0,0,0,0,2,2,0,0,0,2,0,0,0,2,0,0,0,0,0,0,0,0,0,0,0,0,2,2,0,0,0,0,0,0,0,0,0,2,0,0,2,2,0,0,0,0,0,0,0,0,0,0,0,0,0,0,0,0,0,0,0,2,2,0,0,0,0,2,0,0,0,0,0,0,0,0,0,0,2,0,0,2,2,0,0,0,0,0,0,0,0,0,0,0,0,0,0,0,0,0,0,0,0,0,0,0,2,2,0,2,0,0,2,0,0,0,0,0,2,0,0,0,0,0,0,0,0,0,0,0,0,2,0,2,2,0,0,0,0,0,0,2,0,0,0,0,0,0,0,2,0,2,0,0,2,0,2,0,2,0,2,0,2,0,0,0,0,0,2,0,0,0,0,0,0,0,0,0,2,0,0,0,0,2,0,0,0,0,0,0,0,0,2,0,0,0,0,0,2,0,0,0,0,2,0,2,0,0,2,0,0,0,0,0,0,2,0,0,0,2,0,0,0,0,0,0,0,0,0,0,0,0,0,2,0,2,2,2,0,2,0,0,0,0,0,2,0,2,2,0,2,0,2,0,2,0,2,0,2,0,2,0,0,0,0,0,0,0,0,0,0,0,0,0,0,0,0,2,0,0,0,2,0,0,0,0,0,0,0,2,0,2,0,0,0,2,2,0,2,2,0,0,2,2,2,2,2,0,2,0,0,0,2,0,0,2,0,0,0,2,2,0,0,2,0,0,0,2,0,0,2,0,0,2,0,2,0,0,0,0,0,0,0,2,0,0,0,0,0,0,2,0,2,0,0,0,0,0,2,0,0,0,0,0,0,2,0,0,0,0,0,0,2,0,0,0,NA,2,0,0,0,0,2,0,0,2,2,0,0,0,2,2,0,0,2,2,0,0,0,0,0,0,0,0,2,0,0,0,0,0,0,0,0,0,0,0,0,0,0,2,0,2,0,0,0,0,0,0,0,0,0,0,0,2,0,0,0,0,2,0,0,2,0,0,0,2,0,0,2,0,2,2,0,2,0,0,2,2,2,0,0,0,0,0,0,0,0,2,0,0,0,0,0,0,0,2,0,0,0,0,0,0,0,0,0,0,0,0,0,0,0,0,0,0,0,0,2,0,0,2,0,0,0,0,0,0,2,0,0,2,2,2,0,0,0,0,0,0,0,0,2,0,0,2,2,0,0,0,0,0,0,2,0,0,0,0,0,0,0,0,2,0,0,0,0,0,0,0,0,0,2,2,0,0,2,0,2,2,2,0,0,0,0,0,2,0,0,0,0,2,0,0,0,0,0,0,0,0,0,0,0,2,0,2,2,0,0,0,0,0,0,0,0,0,0,0,0,2,0,0,0,2,2,0,0,0,0,0,0,2,0,0,0,0,0,0,0,0,0,0,0,0,0,0,0,0,0,0,0,0,0,0,0,0,2,0,0,2,0,0,2,0,0,2,0,0,2,0,0,0,0,0,0,2,0,0,0,0,0,0,0,0,0,0,2,0,0,0,0,0,0,0,0,0,0,0,0,0,0,0,0,0,0,0,0,0,2,0,0,0,0,0,0,0,2,2,0,0,0,0,0,0,2,0,0,0,0,0,0,0,0,0,0,0,0,0,0,0,0,0,0,0,0,2,0,0,2,0,0,0,0,0,0,0,0,0,0,0,0,0,0,0,0,0,0,0,0,0,2,0,0,0,0,2,0,0,2,0,0,0,0,0,0,0,0,0,0,0,0,2,0,0,0,0,0,2,0,2,0,2,0,0,0,0,0,0,0,0,2,2,2,0,0,0,0,2,2,0,0,0,0,0,2,0,2,0,2,0,0,2,2,0,0,0,0,0,2,0,0,0,2,0,2,0,0,2,2,0,0,0,0,0,2,0,0,0,2,2,0,0,0,0,2,0,0,0,0,0,0,0,0,2,0,0,0,0,2,0,0,2,0,0,0,0,0,0,2,0,2,0,0,0,0,2,0,2,2,2,0,0,2,0,2,0,2,0,0,0,0,0,0,0,0,0,2,0,0,2,2,0,0,0,0,0,0,0,0,0,0,0,0,0,0,0,2,0,0,0,2,0,2,0,0,2,0,0,0,0,0,0,2,0,2,NA,2,2,0,0,0,0,2,0,0,0,0,0,0,0,0,0,2,0,0,0,0,0,2,0,0,0,2,2,2,2,2,2,0,0,0,0,0,0,0,0,0,0,0,0,0,0,0,0,0,2,0,2,2,2,0,0,0,0,0,0,0,0,0,0,0,0,0,0,0,0,2,0,2,0,0,2,0,0,0,0,0,0,0,0,0,0,0,0,0,0,0,0,0,0,0,0,0,0,0,0,2,0,0,0,0,0,0,0,2,0,0,2,0,0,2,0,0,2,0,0,0,0,0,0,0,0,2,0,0,0,0,2,0,0,0,0,0,0,0,0,0,0,0,0,0,2,0,0,0,0,0,0,0,2,0,2,0,0,0,0,0,2,0,2,0,0,0,0,0,0,0,2,2,0,0,0,2,0,0,0,0,0,0,2,0,2,0,2,2,0,0,2,0,0,0,0,0,2,0,0,0,0,0,0,2,0,0,0,0,0,0,0,0,0,0,2,2,0,0,0,2,0,0,0,2,2,0,2,2,0,0,0,0,0,0,0,0,0,0,0,0,0,2,0,0,0,0,2,0,0,NA,2,0,0,2,0,0,0,2,2,0,0,0,0,0,2,2,2,0,2,0,0,0,0,0,0,2,2,2,0,0,0,2,0,0,0,0,0,0,0,2,0,0,0,0,0,0,0,0,0,0,0,0,0,2,2,0,2,0,2,0,0,0,0,0,0,0,0,2,2,0,0,0,0,0,0,0,0,0,0,0,0,2,0,0,2,0,0,2,0,2,0,0,2,0,2,0,2,0,0,0,0,0,0,0,0,0,0,0,0,0,2,0,0,0,2,0,0,0,0,0,0,0,0,2,2,0,0,0,2,0,0,0,2,0,0,0,2,0,0,0,0,0,0,0,0,2,0,2,0,0,0,2,2,2,0,0,2,0,2,2,0,2,2,0,0,2,2,0,0,0,0,0,0,0,0,2,0,0,0,0,0,0,2,0,0,0,0,0,0,0,0,0,0,0,2,0,2,0,0,2,0,0,2,0,0,2,2,0,0,0,0,0,0,2,0,0,0,0,0,2,0,0,2,0,0,0,0,0,2,0,0,2,0,0,2,0,0,0,0,0,2,0,0,2,0,0,0,2,2,0,0,0,0,0,0,0,0,2,2,2,0,0,2,0,0,0,0,0,0,0,0,0,0,0,0,0,0,0,0,0,0,0,0,0,0,0,0,0,0,0,0,0,0,0,2,0,0,2,0,0,0,0,0,2,0,0,0,2,0,0,0,0,0,0,2,0,2,0,0,0,2,0,2,2,2,0,0,0,0,0,2,0,0,2,0,2,0,2,0,0,0,2,0,0,0,0,0,2,0,0,2,0,0,0,2,0,0,0,0,0,2,0,0,2,0,0,0,0,0,2,2,0,0,0,0,2,0,0,2,0,2,0,0,0,0,0,0,0,0,0,0,0,0,0,0,0,0,0,0,0,2,2,2,0,0,0,0,0,0,0,0,0,0,2,2,2,2,0,0,0,NA,0,0,0,2,0,0,2,0,2,0,0,0,0,0,2,0,0,0,0,2,0,0,2,0,0,0,0,2,0,0,0,0,2,0,0,0,2,0,0,0,0,0,2,0,0,0,0,0,2,0,0,0,0,0,0,0,0,2,0,0,0,0,2,2,0,0,2,0,0,2,0,0,0,0,0,2,0,NA,0,0,0,0,0,0,0,0,0,2,0,0,0,0,0,2,0,2,2,0,0,0,0,0,0,2,0,0,0,2,0,2,0,0,0,0,0,2,0,0,0,0,0,0,0,2,0,0,0,0,0,2,0,2,0,0,2,0,0,2,0,0,0,0,0,2,0,0,0,0,NA,0,0,0,2,2,0,0,0,2,2,0,0,0,0,0,0,0,0,2,2,0,0,0,0,0,0,0,0,0,2,0,0,2,0,0,0,0,2,0,0,0,0,0,0,0,0,0,2,2,0,2,0,0,0,0,0,0,0,0,0,0,2,0,0,0,0,2,0,2,0,0,0,0,0,0,2,0,2,0,0,2,0,0,0,2,0,2,0,0,0,0,2,0,0,0,0,2,2,0,0,0,0,0,0,0,0,0,0,2,0,0,0,0,0,0,0,2,0,0,0,2,0,0,0,2,0,0,2,0,0,0,0,0,0,0,0,0,0,0,0,0,2,0,0,0,2,0,0,0,2,2,0,0,0,0,2,2,0,0,0,0,0,2,0,2,0,0,2,0,0,0,2,0,2,2,0,0,0,0,0,0,2,0,2,2,0,2,0,0,0,0,0,2,0,0,0,0,2,0,0,0,0,0,2,2,0,0,0,0,0,0,2,2,0,0,0,0,0,2,0,2,0,0,2,0,2,0,0,0,2,0,0,0,0,0,0,2,0,0,0,2,0,2,0,2,0,0,0,0,2,0,2,0,0,0,2,0,2,2,0,0,0,0,0,0,0,0,2,0,2,0,2,0,0,0,0,0,0,2,0,0,2,2,0,0,2,0,0,2,0,0,0,0,0,0,0,0,0,0,0,0,0,0,0,0,0,0,2,0,0,0,0,0,0,2,0,0,0,2,0,0,0,0,2,0,0,0,0,0,0,0,0,0,0,0,2,0,0,0,0,0,2,2,2,0,0,0,0,0,0,0,0,0,2,2,0,0,0,0,0,2,0,0,0,0,2,0,2,0,0,0,0,0,0,0,0,0,0,0,0,0,0,0,0,2,0,0,0,0,0,2,0,0,0,2,0,0,0,0,0,0,0,0,0,0,0,2,0,0,0,0,0,0,2,0,0,2,0,0,0,2,0,0,0,0,0,0,0,0,0,2,0,0,2,0,0,0,0,0,0,0,0,0,2,0,0,0,0,2,0,2,2,0,2,0,0,0,0,0,0,0,0,0,0,0,0,0,0,0,0,0,2,0,2,2,0,0,0,2,0,0,2,0,0,0,2,0,0,0,0,2,0,0,2,0,0,0,0,0,0,0,0,0,0,0,0,2,0,2,0,0,0,0,0,2,0,0,0,0,2,0,0,0,0,2,0,0,0,0,2,0,0,0,0,0,0,0,0,0,0,0,0,0,2,0,0,0,0,0,0,0,0,0,0,0,0,0,0,2,0,0,0,0,0,0,0,0,0,2,0,0,0,2,2,0,2,0,0,0,0,0,0,0,0,0,0,2,0,0,0,2,2,0,0,0,2,0,0,0,0,0,0,0,2,2,0,0,0,2,0,0,2,0,0,0,0,2,0,0,0,0,0,0,2,0,0,0,0,0,0,0,0,0,0,0,0,0,0,0,0,2,2,0,0,0,0,0,0,0,0,0,2,0,0,0,0,0,NA,0,0,0,0,0,2,0,0,0,2,0,2,2,0,0,0,0,0,0,0,0,0,2,0,0,2,0,2,0,2,2,0,0,2,0,0,0,0,0,0,0,2,2,0,0,0,2,2,0,0,2,0,0,2,0,0,0,0,0,0,2,2,2,2,0,0,0,2,0,0,0,2,0,0,0,0,2,0,0,0,2,0,0,2,2,2,0,0,0,2,0,0,0,0,0,0,0,0,0,0,2,0,0,0,2,0,0,0,0,0,0,0,0,2,0,0,0,0,0,0,0,2,0,0,0,0,0,0,0,0,0,0,0,0,2,0,0,0,0,2,0,0,0,0,0,0,2,0,0,0,0,0,0,2,0,0,2,0,2,0,2,2,0,0,0,0,0,0,0,2,2,0,2,0,0,0,2,0,0,2,0,0,2,0,2,2,0,0,0,0,0,0,0,0,0,0,2,0,0,0,0,0,0,0,0,0,0,0,2,0,0,0,0,0,0,2,0,0,0,0,0,0,0,0,0,0,0,0,2,2,0,0,0,2,0,0,0,0,0,2,0,0,2,0,0,0,0,0,0,2,0,0,0,2,2,0,2,0,0,0,0,0,2,0,0,0,0,2,0,2,0,0,0,0,0,0,0,2,2,2,0,0,0,0,0,0,NA
"CC69",0,0,0,0,0,0,0,0,0,0,0,0,0,0,2,0,0,0,0,0,2,2,0,0,0,0,0,0,2,0,0,0,2,0,2,0,0,0,0,2,2,0,2,0,0,0,0,2,0,0,0,0,0,0,0,0,2,0,0,0,0,0,2,2,0,0,0,0,0,0,2,0,0,2,0,0,0,2,0,0,0,2,0,0,0,0,0,0,2,0,0,2,0,0,0,0,0,0,0,0,2,0,0,0,0,0,0,NA,0,0,0,0,0,0,0,0,0,0,0,2,0,0,0,2,0,0,0,0,0,0,0,0,2,0,0,0,0,2,2,0,0,0,2,0,0,0,2,0,0,2,0,0,0,0,0,0,0,0,0,0,0,0,2,2,2,2,0,0,2,0,0,2,2,0,0,0,0,0,2,0,0,0,0,2,0,0,0,2,2,0,2,NA,0,0,0,0,0,NA,0,0,0,2,0,0,0,0,0,0,0,0,0,2,0,0,2,0,0,0,0,0,0,0,0,2,2,NA,2,2,NA,2,0,0,0,0,0,0,2,0,0,0,0,0,0,0,2,2,2,0,0,0,0,0,0,0,0,0,0,0,0,0,0,0,0,0,0,2,2,0,0,0,0,0,0,2,0,0,0,0,0,2,0,0,2,0,0,0,0,2,0,0,0,0,0,0,2,2,0,0,2,2,0,2,0,0,2,0,0,2,0,0,0,0,2,0,0,0,0,0,0,2,0,0,2,0,0,2,0,0,0,0,0,0,2,0,0,0,0,0,2,0,0,0,0,0,0,0,0,0,0,0,2,2,0,0,0,0,0,0,0,0,0,0,0,0,0,0,0,0,2,0,0,0,2,0,2,0,0,0,0,0,0,0,0,0,0,0,0,2,0,0,0,0,0,0,2,2,0,0,0,0,0,0,2,2,0,2,0,0,0,2,0,0,0,0,0,0,0,0,2,0,0,2,0,0,0,2,0,0,0,0,2,0,0,2,0,0,0,0,0,0,0,0,0,0,2,0,0,0,0,0,0,0,0,2,2,2,0,2,0,0,0,NA,2,0,0,0,0,2,2,0,0,0,2,0,0,2,0,0,0,2,2,0,0,0,0,0,2,0,0,2,0,2,0,2,0,0,2,0,0,0,0,0,0,0,0,0,0,0,2,0,0,0,2,0,2,0,0,0,0,0,0,2,0,0,2,0,2,2,0,0,2,0,0,0,0,0,0,0,0,0,0,0,0,2,0,0,NA,2,0,0,2,0,0,0,0,0,2,0,2,2,0,2,0,0,2,0,0,2,0,0,0,2,0,0,0,2,0,0,2,2,2,0,2,2,2,0,0,0,0,0,0,2,0,0,2,0,0,0,2,0,0,2,0,0,0,0,2,2,2,0,0,0,2,0,0,0,0,0,0,0,2,0,0,0,0,2,0,0,0,0,0,0,0,0,0,0,0,2,0,0,NA,0,0,0,2,0,0,0,0,0,0,0,2,0,2,0,0,0,0,0,0,2,0,0,0,0,0,0,0,2,0,0,0,2,0,2,0,2,0,0,0,0,2,0,0,0,0,0,2,2,0,0,0,0,0,2,2,2,0,2,0,0,2,2,0,0,0,2,2,0,0,0,0,0,0,0,0,0,2,0,0,0,0,2,0,2,0,0,2,0,2,0,0,0,2,0,0,0,0,0,0,0,0,0,0,0,2,2,0,0,0,0,2,2,0,0,0,0,0,0,2,0,0,0,2,2,0,0,2,0,0,2,0,2,0,0,2,0,0,0,0,0,2,0,0,2,0,2,2,0,2,0,0,0,0,2,0,0,0,0,0,2,2,2,0,0,0,2,0,0,0,0,0,0,0,0,0,0,0,0,0,2,0,2,0,2,2,0,0,2,2,0,2,0,0,0,2,0,2,2,2,2,0,0,0,2,0,0,0,2,2,0,2,0,2,2,0,0,2,0,2,2,0,0,0,0,0,2,0,0,0,0,0,2,0,0,0,0,0,0,0,0,0,0,0,2,0,2,0,0,0,0,0,0,0,0,2,0,0,0,2,0,2,0,0,0,0,2,0,0,0,0,0,0,0,2,0,2,0,0,2,0,0,0,0,0,0,0,0,2,0,0,0,0,0,2,0,0,0,0,0,0,0,0,2,0,0,0,2,0,0,2,2,0,0,0,0,0,0,0,2,0,2,0,2,0,2,0,0,0,2,0,0,0,0,0,0,0,0,0,0,0,0,0,0,2,2,0,0,0,0,2,2,0,0,0,2,0,0,0,0,2,0,0,0,0,2,2,0,0,0,0,0,0,0,2,0,0,0,0,0,0,0,0,0,0,0,0,0,0,0,0,0,0,0,0,2,2,0,0,0,0,0,0,0,0,0,2,0,0,2,0,0,0,0,0,2,0,0,0,0,0,0,0,0,0,2,0,0,2,0,0,0,0,0,0,0,0,0,0,0,0,0,2,0,0,0,0,2,0,0,0,0,2,0,0,0,0,0,2,0,0,0,0,0,0,2,0,0,0,0,0,0,0,0,0,0,0,0,0,2,0,0,0,2,2,0,2,2,2,0,0,2,0,0,0,0,2,2,0,0,0,0,0,0,0,0,0,0,0,0,0,0,0,0,0,0,0,0,2,2,2,0,0,0,0,0,0,2,0,0,0,0,0,0,0,0,0,0,0,0,0,0,0,0,0,0,0,0,2,0,0,0,0,0,0,0,0,2,0,0,0,0,0,0,0,0,0,0,0,0,0,0,2,0,0,0,0,0,0,0,0,0,0,2,0,0,2,0,0,0,2,2,0,0,0,0,0,2,2,0,0,0,NA,2,2,2,0,0,0,0,0,0,0,0,0,0,0,0,0,0,2,0,0,0,0,0,0,0,0,NA,0,0,0,0,0,NA,0,0,0,0,2,0,0,2,0,0,2,0,0,2,0,0,0,0,2,0,2,0,0,2,0,0,0,0,2,0,0,2,2,0,0,0,0,0,0,0,0,0,0,0,0,2,0,0,0,2,0,0,0,0,0,0,0,0,0,0,0,0,2,0,0,0,0,0,0,0,0,0,0,0,0,0,0,0,0,0,0,0,0,0,2,2,2,0,0,0,0,0,2,2,2,0,0,0,0,2,0,NA,0,0,0,0,2,0,0,0,0,2,0,0,2,2,0,0,2,0,0,0,0,0,2,0,0,2,2,2,0,0,0,0,0,0,0,2,0,0,0,0,0,2,0,0,0,2,2,0,0,2,0,0,0,0,2,0,0,2,0,2,0,0,0,0,2,0,0,0,0,0,0,0,0,0,2,0,0,0,0,0,0,0,2,0,0,0,2,0,2,0,0,0,0,0,0,0,0,0,0,0,0,0,0,0,0,0,2,0,0,2,0,0,0,0,0,0,0,0,2,0,0,0,2,0,2,0,2,0,0,0,0,0,0,0,0,0,2,0,0,0,0,0,0,2,0,0,2,0,0,0,0,0,2,0,0,0,0,2,0,0,0,0,2,0,0,2,2,2,0,0,0,2,0,0,0,0,0,0,0,0,0,0,2,2,0,2,2,0,2,0,0,0,0,2,2,0,0,0,0,0,0,0,0,0,0,2,0,0,0,0,2,0,0,2,0,0,0,0,0,0,0,0,0,0,0,2,0,2,0,0,0,0,0,0,0,0,2,2,0,0,2,2,2,0,0,0,0,0,0,2,0,2,2,0,0,0,2,2,0,0,2,0,2,0,0,0,0,0,0,0,0,2,2,2,0,0,0,0,0,0,0,0,0,0,0,2,0,2,0,0,0,0,0,0,0,0,2,0,2,2,2,2,0,0,0,0,0,0,0,2,0,0,0,NA,0,0,0,2,0,0,0,0,0,0,0,0,2,0,0,0,0,NA,2,0,0,2,0,0,0,0,0,2,2,0,0,0,2,0,0,0,0,0,0,0,0,0,0,0,0,0,0,0,0,0,0,0,0,0,0,0,2,2,2,0,0,0,2,0,0,0,0,0,2,0,0,2,2,0,0,0,0,0,0,0,0,0,0,2,0,0,0,0,0,0,2,0,0,2,0,2,0,0,0,2,0,0,2,0,0,0,0,0,0,2,0,2,0,2,0,0,0,0,0,2,0,2,0,2,0,0,2,0,0,0,0,0,0,0,0,0,0,0,0,0,0,0,0,0,2,0,0,0,0,2,2,2,0,2,0,0,0,0,0,2,0,0,0,2,2,0,0,0,0,0,0,0,0,0,0,0,0,2,0,0,0,0,0,0,0,0,0,2,0,2,0,0,0,0,0,0,0,0,0,0,0,0,0,0,0,0,0,0,0,0,0,2,0,0,0,0,2,2,0,0,2,0,0,0,2,0,0,0,2,2,0,0,2,2,0,0,0,0,0,2,0,0,0,0,0,0,0,0,0,0,0,0,0,2,0,0,0,0,2,2,2,0,0,0,0,0,0,0,0,0,2,0,0,0,0,0,0,0,0,0,0,2,2,0,2,0,0,0,0,2,0,0,0,0,0,2,0,0,0,0,0,0,2,0,0,0,2,2,0,0,0,0,0,0,0,0,0,0,0,0,2,0,0,0,0,0,0,0,0,0,2,0,0,0,0,0,0,0,2,2,0,0,0,0,0,2,0,0,0,0,0,2,2,0,0,2,0,0,2,0,0,0,0,0,2,0,2,0,0,0,0,0,0,0,2,0,0,0,0,0,2,0,0,0,2,0,0,0,0,0,0,0,0,0,2,0,0,0,0,0,0,0,0,0,0,0,0,0,2,0,0,0,0,0,0,0,0,0,0,0,0,2,0,0,0,2,0,0,0,0,2,0,0,0,0,2,0,0,0,0,2,0,0,0,0,0,0,0,0,0,0,0,0,0,0,0,0,0,0,0,0,0,0,0,0,0,0,0,0,0,0,0,2,0,0,0,0,0,2,0,0,0,0,0,0,0,0,2,0,2,0,0,0,2,0,2,0,0,0,2,0,0,0,0,2,0,0,0,0,0,0,0,0,0,0,0,2,2,0,2,0,0,0,0,0,0,0,0,0,0,2,0,2,0,0,2,0,0,0,0,2,2,0,0,0,0,0,0,2,0,0,0,0,0,0,0,0,0,0,0,0,0,2,0,0,2,0,2,2,0,0,2,2,2,0,0,0,0,0,0,2,2,0,2,0,NA,0,0,0,0,2,0,0,0,0,0,0,0,2,0,0,2,0,0,2,0,0,2,2,0,0,0,0,0,2,0,0,0,0,0,2,0,0,0,0,0,0,0,0,0,2,0,0,0,2,0,0,0,0,0,0,0,2,0,2,0,0,0,0,2,0,0,2,0,0,0,0,0,2,0,2,0,2,0,2,0,0,0,0,0,0,0,2,0,2,0,0,0,0,0,0,0,0,0,2,0,2,0,0,0,0,2,2,0,0,0,0,2,0,2,0,0,0,2,2,0,0,2,2,0,0,2,2,0,0,0,0,0,0,0,0,0,0,0,NA,0,0,2,0,2,0,0,2,0,0,0,0,0,0,0,0,0,0,0,0,0,2,2,0,0,0,0,2,0,2,0,2,0,0,0,0,0,0,0,0,0,0,2,2,0,0,0,0,0,0,2,0,2,0,0,0,2,2,0,0,0,0,2,0,0,0,0,0,0,0,0,2,0,0,0,2,0,2,0,2,0,0,2,0,0,0,0,0,2,0,0,0,0,0,0,2,0,0,0,0,0,0,2,0,0,2,0,0,NA,0,0,0,0,2,0,0,0,2,2,0,0,0,0,2,0,0,0,0,0,0,0,2,0,0,0,0,0,2,2,0,0,2,0,0,2,0,2,0,2,0,2,2,0,0,0,2,0,0,0,0,0,2,0,2,0,0,0,2,0,0,0,0,0,0,0,2,0,2,2,0,0,0,0,0,0,0,NA,2,0,2,0,0,0,0,0,0,0,0,2,0,0,2,0,0,0,0,0,2,2,0,2,0,2,0,0,0,0,0,0,0,0,0,0,0,2,0,2,0,0,2,0,0,0,2,0,2,0,2,0,2,0,0,0,0,0,0,0,0,0,2,0,2,2,0,0,2,0,0,0,0,0,2,0,2,0,0,0,0,0,0,0,0,0,0,0,0,0,0,0,0,0,0,0,0,0,0,0,0,0,2,0,2,0,0,2,0,0,0,0,0,0,0,0,2,0,0,0,2,2,0,0,0,2,0,2,0,0,0,2,0,0,0,2,0,0,2,0,2,2,0,2,0,0,2,0,2,2,2,2,0,2,0,2,0,0,0,2,0,0,0,0,0,2,0,2,0,0,0,2,0,0,0,0,0,2,0,0,0,0,0,0,2,2,0,0,2,2,2,2,0,2,0,0,2,2,2,0,2,0,2,0,0,2,2,0,0,0,0,2,0,0,0,2,0,2,2,2,0,0,0,0,0,0,0,0,2,0,0,0,0,2,0,0,0,0,0,0,2,0,0,2,0,0,2,0,0,0,2,2,0,2,2,2,0,0,0,0,0,0,2,2,0,2,2,0,2,2,0,2,0,0,0,2,2,0,0,0,0,0,0,0,2,2,0,2,0,2,0,0,0,2,0,2,2,2,0,0,2,0,0,0,0,0,2,2,0,0,2,2,0,0,0,0,0,0,0,0,0,0,0,0,0,0,0,0,0,2,0,NA,0,2,2,0,0,0,0,0,2,0,0,2,0,2,2,0,2,0,0,0,2,0,2,0,0,0,0,0,2,2,0,0,2,0,0,0,0,0,0,0,0,0,0,0,0,0,2,2,0,2,0,0,0,2,2,2,0,0,0,0,0,0,2,0,2,0,2,0,0,0,0,0,2,2,0,0,2,0,0,0,0,2,2,0,2,0,0,0,0,0,0,0,2,0,0,2,0,0,0,0,2,0,2,0,2,0,0,0,2,2,2,2,0,2,2,2,2,2,0,0,2,0,2,0,0,0,0,0,0,2,0,0,0,2,2,0,0,0,2,0,0,2,2,0,NA,2,0,0,0,0,0,0,0,0,0,2,0,0,0,2,0,0,2,0,0,2,0,0,0,0,0,0,2,2,0,0,2,0,0,0,0,2,0,0,0,0,2,0,0,0,0,2,0,2,2,0,0,2,2,0,0,2,0,0,0,0,0,0,0,0,2,2,0,0,0,2,0,0,0,0,2,0,2,0,2,0,0,2,0,2,0,0,0,0,0,2,0,2,2,0,2,0,0,2,0,0,0,0,0,2,0,2,0,2,0,0,0,0,2,0,2,0,0,0,0,0,0,0,0,0,0,0,2,0,0,2,0,0,0,0,0,2,0,0,0,0,0,0,0,0,0,0,0,0,0,0,0,0,0,0,0,0,0,0,0,0,2,0,0,0,0,0,0,0,0,0,0,2,0,0,2,0,0,0,0,0,0,0,0,0,0,0,0,0,0,0,0,0,0,0,0,0,2,0,0,0,0,0,2,0,0,0,0,2,2,2,0,0,0,0,2,2,0,2,2,2,0,2,0,0,0,0,0,2,2,0,2,0,2,0,0,0,0,2,2,2,0,0,2,0,2,0,0,0,2,2,0,0,0,2,2,0,0,2,0,0,0,0,0,0,0,0,0,0,0,0,0,2,0,0,0,0,0,0,0,0,0,0,0,0,0,2,0,2,0,0,0,0,2,0,2,0,0,0,0,0,0,0,0,0,0,0,0,2,0,2,2,0,0,0,0,0,2,0,0,2,0,0,0,2,0,2,0,0,0,0,0,2,0,0,0,0,0,0,0,0,0,2,0,2,0,2,0,0,0,0,0,2,0,0,0,2,2,0,0,0,0,0,0,0,0,2,0,0,0,0,0,0,2,0,0,0,0,0,0,0,0,0,0,0,0,0,0,0,0,2,0,0,0,0,0,0,0,0,0,0,2,0,0,0,0,0,2,0,0,2,2,0,0,0,0,0,0,0,0,0,0,0,0,0,2,0,0,0,2,0,2,0,0,0,0,0,0,0,0,0,2,2,0,2,0,2,0,2,0,2,2,2,2,2,0,0,2,2,0,2,0,0,0,0,0,0,0,0,0,0,2,0,2,2,2,0,0,0,0,2,0,0,2,0,0,2,0,0,0,0,0,0,0,2,0,0,2,0,0,2,0,2,0,0,0,0,0,0,0,2,0,0,0,2,0,0,0,0,0,2,2,0,2,0,0,2,0,2,0,2,2,2,0,2,2,0,2,0,0,0,0,0,0,2,0,0,2,2,0,0,2,0,0,2,2,0,0,0,0,0,0,0,2,0,0,0,0,0,2,0,0,0,2,0,0,0,0,2,0,0,0,2,2,0,2,2,0,0,2,0,0,0,2,0,0,0,0,0,0,2,0,2,0,0,0,0,0,0,0,0,0,0,NA,2,0,0,0,0,0,2,0,0,0,2,2,0,0,0,0,0,2,2,0,0,0,2,0,0,0,0,0,0,2,0,0,0,0,2,2,0,0,0,0,0,0,2,0,0,0,2,0,0,0,0,2,2,0,0,0,2,0,0,0,0,0,0,0,0,2,0,0,0,0,0,0,2,2,0,2,2,0,2,0,0,2,0,0,0,0,2,0,0,0,0,0,0,0,0,0,0,0,0,0,2,0,0,0,0,0,0,0,2,0,0,0,2,0,0,2,0,0,0,0,0,2,0,2,0,2,0,0,0,2,0,2,0,0,0,2,0,0,0,0,2,0,0,0,0,2,0,0,0,0,2,0,2,2,2,0,2,0,0,0,2,0,0,0,0,0,2,0,0,0,0,0,0,0,0,0,0,0,0,0,2,0,0,2,0,0,0,0,0,2,2,0,0,0,0,0,0,2,2,0,0,0,2,2,0,0,2,0,0,2,0,0,0,0,0,0,0,0,0,0,0,0,2,0,0,0,0,2,0,0,0,2,2,0,0,2,0,0,0,0,0,0,0,0,2,0,0,0,0,0,2,0,0,0,0,0,0,0,0,0,0,0,2,0,2,0,0,0,0,0,0,0,2,0,0,0,0,0,2,0,0,0,2,0,0,0,0,2,0,0,2,0,2,2,0,0,0,0,0,0,0,2,0,0,0,2,0,0,0,0,0,0,0,0,0,0,0,0,0,0,0,0,0,0,0,0,0,0,0,0,0,0,0,0,0,0,0,0,0,0,0,0,0,0,0,0,0,0,0,0,0,0,2,0,0,2,0,0,0,0,2,0,0,0,2,0,0,0,2,2,0,0,0,0,0,0,2,0,0,2,0,0,0,0,0,0,0,0,0,0,0,2,0,0,0,0,0,0,0,0,0,2,0,0,0,0,0,2,0,0,2,0,0,0,0,0,2,2,0,0,0,0,0,0,0,0,0,NA,0,0,2,0,2,0,0,0,0,0,2,0,0,2,2,0,2,0,0,2,0,0,2,0,2,2,0,0,2,0,0,0,0,0,0,0,0,0,0,2,NA,0,2,2,2,0,0,2,0,0,0,0,2,0,NA,0,0,0,2,0,0,0,0,0,2,2,2,0,0,2,0,0,2,0,0,0,0,0,0,0,0,2,0,0,0,0,0,0,0,2,0,0,2,2,0,0,2,2,0,0,0,0,2,0,0,0,0,0,2,0,0,0,0,0,0,0,0,0,0,2,0,0,0,0,0,2,0,0,0,0,2,0,0,0,0,0,0,0,0,0,0,2,0,0,2,0,0,0,0,0,0,2,0,0,0,2,0,0,0,0,0,2,0,2,0,0,0,0,0,0,0,0,2,0,0,0,0,0,0,0,0,0,0,2,2,0,0,2,0,0,0,2,0,0,0,0,0,0,0,2,0,2,2,2,0,0,2,0,0,0,0,0,2,0,0,0,2,0,0,0,0,0,2,2,0,0,0,0,0,0,0,2,0,0,0,0,0,0,0,0,0,2,0,0,2,0,0,0,0,0,0,2,2,0,0,0,2,2,0,2,2,0,0,0,0,2,0,0,0,0,0,0,0,0,2,0,2,0,0,0,0,0,0,0,0,0,0,0,0,0,0,0,0,0,0,0,0,0,0,0,0,0,0,0,0,2,2,0,2,2,0,0,2,0,2,0,2,2,2,0,0,0,0,0,0,0,0,0,2,0,0,0,NA,2,0,0,0,0,0,0,2,0,0,0,0,0,0,2,2,0,0,0,0,2,0,0,0,2,0,0,0,0,2,0,0,0,0,0,0,2,0,0,0,2,2,0,2,0,0,0,0,0,0,0,0,0,0,0,0,0,0,0,0,2,0,0,2,0,0,0,0,0,0,0,2,0,0,0,0,0,2,0,0,0,0,0,0,0,0,0,0,0,0,0,0,0,2,0,0,NA,0,0,0,2,2,0,0,0,0,0,0,0,0,0,0,0,0,0,0,0,0,0,0,2,2,0,0,0,0,0,0,0,0,0,0,2,0,0,0,0,0,0,0,0,0,2,0,0,0,0,0,0,0,0,0,0,0,0,0,0,0,0,0,0,0,0,0,0,0,0,0,0,0,2,0,2,2,0,2,0,0,0,0,0,2,2,0,0,0,0,0,0,0,2,2,2,0,0,0,0,2,0,0,0,2,0,0,0,0,0,2,0,0,0,0,2,2,2,0,0,0,0,2,0,0,0,2,2,0,2,0,0,2,0,0,0,2,0,0,0,2,0,2,0,0,0,2,0,0,0,0,0,2,2,0,0,2,0,0,0,0,0,0,0,0,2,2,0,0,2,2,0,2,0,2,0,0,2,0,2,0,0,0,0,0,0,2,2,0,0,0,0,0,0,0,0,0,0,0,2,0,0,2,0,0,2,0,0,0,0,0,0,0,0,2,0,0,0,0,0,0,0,0,0,0,0,0,2,2,0,0,0,0,2,0,2,0,2,0,2,0,0,0,2,0,0,0,0,0,0,0,0,0,2,0,2,2,0,0,0,2,0,0,0,0,0,0,0,2,2,0,0,0,0,0,0,NA,2,0,2,2,0,2,0,0,0,2,0,0,0,0,2,0,0,0,0,0,0,0,2,2,2,0,0,2,0,0,0,2,0,0,0,2,0,0,0,0,0,0,2,0,0,0,0,0,2,2,0,0,0,0,0,0,0,0,0,NA,2,0,0,0,0,0,2,0,2,0,0,2,0,0,0,0,0,2,0,NA,0,0,0,0,0,2,0,2,0,0,0,0,0,0,0,2,2,0,0,0,0,0,0,0,2,0,0,0,2,2,2,2,2,2,2,0,0,0,2,2,0,0,0,0,2,2,0,0,0,2,0,0,0,0,0,0,0,2,2,2,0,0,0,0,0,0,2,0,2,0,0,0,0,0,0,0,0,2,0,2,0,2,2,0,0,0,2,2,0,0,0,NA,0,2,0,0,0,0,2,2,0,0,2,0,0,0,0,0,0,2,0,0,0,0,0,0,0,2,0,0,0,0,0,2,0,0,0,0,0,0,0,0,0,2,0,0,0,0,0,0,2,0,0,2,0,0,0,0,0,0,0,0,0,2,0,0,0,2,2,0,0,0,0,0,0,0,0,0,0,0,0,0,0,0,0,0,0,0,0,2,0,0,0,0,0,0,0,2,0,2,2,0,0,2,0,0,0,0,0,2,0,2,2,0,0,2,0,0,0,0,2,NA,2,2,0,2,0,0,0,0,0,2,0,0,0,2,2,0,0,0,2,0,0,0,2,0,0,0,0,0,0,0,2,2,0,0,2,0,2,0,2,2,0,0,0,0,0,0,0,0,0,0,2,0,0,2,0,0,0,0,0,0,0,0,0,2,2,0,0,0,0,0,0,0
"CC7",0,0,0,0,2,0,0,0,0,0,0,0,0,0,0,2,0,0,0,0,2,2,2,0,0,0,0,0,0,2,0,0,0,2,0,2,0,0,0,2,0,0,0,2,2,0,0,2,0,0,0,2,0,2,0,0,2,0,0,0,0,2,0,2,0,0,0,0,0,2,0,0,2,0,0,0,0,2,0,0,2,0,0,0,0,0,0,0,0,0,2,0,0,0,0,0,0,0,0,0,0,0,0,0,0,0,0,0,0,0,0,0,0,0,2,0,0,0,0,0,0,0,0,0,0,0,2,0,0,0,0,0,0,0,0,0,0,0,0,2,0,0,2,2,0,0,2,0,0,2,2,0,0,0,0,0,0,0,0,0,0,0,0,2,2,0,0,2,2,2,0,2,0,0,0,0,0,0,0,2,0,0,0,0,0,2,2,0,0,0,0,NA,0,0,0,0,0,0,0,0,0,0,0,0,0,0,0,0,0,0,0,0,0,0,0,0,0,0,0,0,2,0,0,0,2,0,2,0,0,0,0,0,0,2,0,0,0,2,0,0,0,0,0,0,0,2,2,0,0,0,0,0,0,0,0,0,0,0,0,0,2,0,0,0,0,2,2,0,0,2,0,0,0,0,0,0,2,2,2,2,2,0,0,0,2,0,0,0,0,0,0,2,2,0,0,0,0,0,0,0,2,0,0,0,0,0,0,0,NA,0,0,0,0,0,0,0,0,0,0,0,0,0,2,0,0,0,0,0,0,0,0,2,0,0,0,2,0,0,0,0,0,2,2,0,0,0,0,0,0,0,0,2,0,0,0,0,0,0,0,0,0,2,0,0,0,0,0,0,2,0,0,0,0,0,0,0,0,0,0,0,0,0,0,0,0,0,0,0,2,0,0,0,0,2,2,2,2,0,0,0,0,2,NA,2,0,2,0,0,0,2,0,0,0,0,2,0,2,0,2,2,0,2,0,0,0,2,0,0,0,0,0,0,0,0,0,0,0,0,0,0,0,0,0,0,0,0,0,2,0,0,2,0,0,0,2,2,0,2,0,0,0,0,0,0,0,0,0,0,0,0,0,0,2,0,0,2,0,0,0,2,0,0,0,0,0,0,2,0,0,0,2,NA,0,2,0,0,0,0,0,0,0,0,0,0,0,0,0,0,2,0,0,0,2,0,0,0,0,0,0,2,2,0,0,0,2,2,0,2,0,0,2,0,0,0,0,2,0,2,2,2,0,0,0,0,0,0,NA,0,0,2,0,0,0,2,2,0,0,2,2,0,0,2,0,0,0,0,0,0,0,2,0,2,0,0,0,0,2,2,2,2,2,0,0,0,0,2,0,0,0,0,2,0,0,0,0,0,2,0,2,2,0,0,2,2,0,0,0,0,2,0,0,0,0,0,2,0,2,0,0,0,0,0,0,0,0,0,0,0,0,0,0,0,0,0,2,0,0,0,0,0,0,0,0,0,2,0,0,0,0,0,0,0,0,0,0,0,0,0,0,0,2,0,0,0,NA,0,0,0,0,2,0,0,2,0,0,0,NA,0,0,0,2,0,0,2,2,2,0,0,0,0,0,0,0,0,0,2,0,2,0,0,0,0,0,NA,0,0,0,0,2,0,2,0,2,0,0,0,0,0,0,0,0,0,0,2,0,0,0,0,0,0,0,0,2,0,0,0,0,NA,0,0,2,0,0,2,0,2,0,2,0,2,0,0,0,2,0,2,0,0,0,0,0,0,0,0,0,2,0,0,0,0,0,0,2,0,0,0,0,2,0,0,0,0,0,0,2,2,0,0,0,0,0,0,0,0,0,0,0,0,0,0,0,0,2,0,0,0,0,2,0,0,0,0,0,0,0,0,0,0,0,0,0,2,0,2,0,2,2,0,0,2,2,0,0,0,0,0,2,0,0,2,2,2,0,0,0,0,0,0,0,2,2,0,2,0,2,0,0,2,0,0,2,0,0,0,0,0,0,0,0,0,0,0,0,0,2,0,0,0,0,0,0,0,0,0,0,2,0,0,0,0,0,0,0,0,0,2,2,0,0,0,0,0,2,0,0,0,0,2,0,NA,0,0,0,0,0,2,0,0,0,0,2,0,0,0,0,2,0,0,0,0,2,0,0,0,0,0,0,0,0,2,0,0,0,0,0,0,0,0,2,0,2,2,2,0,0,0,2,0,2,0,0,0,0,0,0,0,0,0,0,2,0,0,0,0,0,0,0,0,2,2,0,0,0,0,2,0,2,0,2,0,0,0,0,0,0,0,0,0,0,0,0,0,0,0,0,0,0,2,2,0,0,0,0,0,2,2,0,0,2,0,0,2,0,0,2,0,0,0,0,2,2,0,0,0,0,0,2,0,0,0,0,0,0,0,0,0,0,0,0,0,0,0,0,0,2,0,2,0,0,2,0,0,2,0,0,0,0,0,0,0,0,0,0,2,NA,0,2,2,0,0,0,0,0,0,0,2,2,0,0,0,0,0,0,2,0,0,0,0,0,0,0,0,0,0,0,2,0,2,NA,0,0,0,0,0,2,0,0,2,0,2,2,0,2,0,0,0,0,0,0,0,0,0,2,0,0,0,0,2,2,2,0,0,0,0,0,0,0,2,0,0,0,0,0,0,0,0,0,0,0,0,0,0,0,0,0,2,0,0,0,2,2,2,0,0,2,2,0,0,0,0,0,2,0,0,0,2,0,0,0,0,0,2,0,0,0,0,2,0,2,0,2,2,0,0,0,0,0,0,0,2,0,0,0,0,0,0,0,0,0,2,2,2,2,0,2,0,2,2,0,2,0,2,0,0,0,0,2,0,0,0,0,0,0,0,0,0,0,0,2,0,2,0,0,0,0,0,2,0,0,2,0,0,0,0,2,0,2,2,0,NA,0,0,2,2,0,0,0,0,2,2,2,2,0,0,2,2,0,0,0,0,0,0,2,0,2,0,0,0,2,0,0,0,2,0,0,0,2,0,0,0,2,0,0,0,0,0,0,2,2,0,0,0,0,0,0,2,0,0,2,0,0,2,2,0,0,0,0,0,0,0,0,2,0,2,2,0,0,2,0,0,0,0,2,0,0,2,2,0,0,0,0,0,2,2,0,0,2,0,0,2,2,0,0,2,2,0,0,0,2,0,0,2,0,2,2,0,0,0,0,2,0,0,0,2,0,0,2,0,0,0,2,0,0,2,0,2,0,0,2,2,0,0,0,0,0,0,0,2,2,0,0,0,0,0,0,0,0,0,0,0,0,0,2,0,0,0,0,0,0,0,0,0,0,0,0,0,0,0,0,0,0,0,0,0,2,2,0,0,0,2,0,0,0,0,0,0,0,0,0,0,0,0,0,0,0,0,0,0,0,0,0,0,0,2,0,0,0,2,0,0,0,2,2,0,2,0,2,0,2,0,0,0,0,0,0,0,2,0,0,0,0,0,0,0,0,0,0,2,0,0,0,0,2,0,0,2,0,0,0,0,0,0,0,0,0,0,0,0,0,0,0,0,0,0,0,2,0,2,0,0,0,2,0,0,0,0,0,0,0,0,0,0,0,2,2,0,2,0,0,0,0,0,2,0,0,NA,0,0,0,0,0,0,0,0,2,0,0,0,0,2,0,0,0,0,0,0,2,0,0,0,2,0,0,0,0,0,0,2,0,0,0,0,0,0,0,0,0,0,2,0,0,2,0,0,0,0,2,0,0,2,0,0,0,0,0,0,0,2,0,0,0,0,0,0,0,0,0,2,0,0,0,0,2,0,0,0,0,2,0,0,0,2,0,0,0,0,0,2,0,0,0,0,0,0,0,0,0,0,2,0,0,0,0,0,0,0,2,0,0,2,0,0,2,0,0,2,0,0,0,0,2,0,0,0,0,0,0,0,0,2,2,0,0,0,2,0,2,0,0,0,0,0,0,0,0,0,0,0,2,0,2,0,0,0,0,2,2,0,0,0,2,0,0,0,0,2,2,0,0,0,0,0,2,0,0,0,0,0,0,0,0,0,0,0,0,0,0,0,0,0,0,0,0,0,0,0,0,0,0,0,0,0,0,0,0,0,0,0,0,0,0,0,0,0,0,0,0,0,0,0,0,0,0,0,0,0,0,0,0,0,0,0,0,0,0,0,0,0,0,0,0,0,0,0,0,0,0,0,0,0,0,0,0,0,0,0,0,0,2,0,0,2,0,0,0,0,2,0,0,0,0,0,NA,2,0,0,0,2,2,2,0,0,0,2,0,0,0,0,0,0,0,0,0,0,0,0,2,2,0,0,2,0,0,0,0,0,0,0,0,0,0,0,0,0,2,0,0,0,0,0,0,0,2,0,0,0,2,0,2,2,2,0,2,0,0,0,0,2,0,0,2,2,2,0,0,0,2,0,0,0,0,2,2,2,0,0,0,0,0,0,0,0,2,0,0,0,2,0,0,2,0,2,0,0,2,0,0,2,0,0,0,0,0,0,0,0,0,0,0,0,0,0,0,0,0,0,0,0,0,0,0,0,0,0,2,2,0,0,0,0,0,0,0,0,0,0,0,0,0,0,0,0,0,0,0,2,0,0,2,0,0,0,0,2,0,0,0,0,0,0,0,0,0,0,0,0,0,0,0,0,0,0,0,0,2,0,0,0,0,0,0,2,0,2,0,0,0,2,0,0,0,0,0,0,0,0,2,0,2,0,0,0,0,0,0,0,0,2,0,2,0,0,0,0,0,0,0,2,0,0,0,0,0,0,0,0,2,0,0,0,2,0,0,0,0,0,0,2,0,2,0,0,0,0,2,0,2,0,2,0,0,0,0,0,0,0,2,0,0,0,2,2,0,2,0,0,0,0,0,0,0,0,0,2,0,0,2,0,2,0,0,0,0,2,2,0,0,0,0,0,0,0,2,2,0,0,0,0,0,0,0,0,2,0,0,2,0,0,0,0,0,0,0,0,2,0,0,0,0,0,0,0,0,0,0,0,0,0,0,2,0,0,0,0,0,2,0,0,2,0,0,0,0,0,0,0,2,0,0,2,0,0,2,2,2,0,0,0,0,0,0,2,0,0,2,2,0,0,0,0,0,0,0,0,0,0,0,0,0,0,0,0,2,0,2,0,0,0,0,0,0,0,0,0,0,0,0,0,2,0,2,0,0,0,0,0,0,0,0,0,0,0,0,0,2,0,0,0,0,0,2,0,0,0,0,0,0,0,0,0,0,0,0,0,0,0,0,0,0,0,2,0,0,0,2,0,0,0,0,2,0,0,0,2,0,0,0,0,0,2,2,0,0,2,0,0,0,0,2,0,0,0,0,0,0,0,0,2,0,0,0,0,0,0,0,0,2,2,0,0,0,0,0,0,2,0,0,2,0,0,0,0,2,0,0,2,0,0,0,2,0,2,0,0,0,0,0,2,0,2,0,0,0,0,2,2,0,0,0,2,2,0,0,0,0,0,0,2,0,0,0,2,0,0,0,0,0,0,0,0,0,0,0,0,0,0,0,0,0,0,0,0,0,2,0,0,0,0,0,0,0,0,0,2,2,0,0,2,2,0,2,0,0,0,0,0,0,0,2,2,0,0,0,0,0,0,0,0,0,0,0,2,0,0,0,2,0,0,0,0,2,0,0,0,0,2,0,0,0,0,0,0,0,0,0,0,0,0,0,0,0,0,0,0,0,0,0,0,0,0,2,0,0,0,0,0,0,0,0,0,0,0,0,0,0,0,0,0,0,0,2,0,0,2,0,0,0,0,0,0,0,2,0,0,0,2,2,0,0,0,0,0,0,0,0,0,0,0,0,0,0,0,0,0,0,0,2,0,0,0,0,0,2,0,0,0,0,0,2,0,0,0,0,0,0,0,2,2,0,0,0,2,0,0,0,2,0,0,0,0,0,0,0,0,0,0,2,0,0,0,0,2,2,0,NA,2,2,2,2,0,0,0,0,0,0,0,2,0,0,0,2,2,0,0,0,2,0,0,0,0,0,0,0,0,0,0,2,0,0,0,0,0,0,2,0,0,2,0,0,2,0,2,2,0,0,0,0,0,0,0,0,0,0,2,0,0,2,2,0,0,2,0,0,2,0,0,0,0,0,0,0,0,0,0,0,2,0,0,0,0,0,0,0,0,2,2,0,0,0,0,2,0,0,0,0,0,0,0,0,0,0,0,0,0,0,0,0,0,0,0,0,0,0,0,0,2,0,0,0,0,2,0,2,0,2,0,2,0,2,0,2,0,2,2,0,2,0,2,0,2,0,2,2,2,0,0,0,0,0,0,0,0,0,0,0,0,0,0,0,2,0,2,0,0,0,0,2,2,0,0,0,0,2,0,2,0,2,0,0,0,2,2,0,2,2,0,2,2,2,2,2,2,0,2,0,2,0,2,0,0,2,0,0,0,0,0,0,0,2,0,0,0,2,0,0,2,0,0,0,0,0,0,0,2,0,0,0,0,2,0,0,0,0,0,0,2,0,0,0,0,0,0,0,2,0,0,0,0,0,0,2,0,2,0,0,0,0,0,0,0,0,2,2,0,0,0,0,2,0,0,2,2,0,0,0,2,2,0,0,2,0,0,0,0,0,0,0,2,0,2,0,0,0,2,0,0,0,0,0,0,0,0,0,0,2,0,0,0,0,0,0,0,0,0,0,0,0,0,0,2,0,0,0,0,2,0,2,0,2,0,0,0,0,2,0,2,2,0,2,0,0,2,0,2,0,0,0,0,2,2,0,0,2,0,0,0,2,0,0,0,0,0,0,0,0,0,0,0,0,0,0,0,0,0,0,0,0,0,0,0,0,2,0,0,2,0,0,0,0,0,0,2,0,0,0,2,0,0,0,0,0,NA,2,0,2,0,0,0,2,0,0,0,0,0,0,2,0,0,0,0,0,0,0,0,0,0,0,0,0,0,0,0,0,0,2,2,2,0,0,2,0,2,2,2,0,0,0,0,0,2,0,2,2,0,2,0,2,0,0,0,0,0,0,0,0,0,2,0,0,2,0,0,0,0,0,0,0,0,0,0,0,0,2,2,0,0,2,0,0,0,0,0,0,0,0,0,0,0,0,0,0,0,0,0,0,0,0,0,0,0,0,0,0,0,0,0,0,0,0,2,0,0,0,0,0,2,0,0,0,0,0,0,0,0,0,0,0,0,2,0,0,0,0,0,0,0,0,0,0,0,0,0,0,0,0,0,0,0,0,0,0,0,0,0,0,0,0,0,0,0,0,2,0,0,0,0,0,0,2,2,2,0,0,0,0,2,0,0,2,0,0,2,0,0,2,0,0,0,0,0,0,2,0,0,0,0,0,0,0,2,2,0,0,0,0,0,0,0,0,0,0,0,0,0,0,0,0,0,0,0,0,0,0,2,0,0,0,0,2,NA,0,2,0,0,0,0,0,0,0,0,0,0,0,2,0,0,0,0,0,0,0,0,0,0,0,0,0,2,0,0,0,0,0,2,2,0,0,0,0,0,0,2,0,0,0,0,0,0,0,0,0,0,0,2,2,0,0,0,0,0,2,2,0,2,0,2,0,0,0,0,0,0,0,0,0,0,0,0,0,0,2,0,2,0,0,0,0,2,0,0,2,2,0,0,0,0,2,2,2,0,0,0,2,2,2,2,0,0,0,0,2,0,0,0,0,0,0,0,2,0,0,0,0,0,0,2,0,2,0,0,0,0,0,2,0,0,0,0,0,0,2,2,0,0,0,0,0,0,0,0,0,0,0,0,0,0,0,0,0,2,0,0,0,0,0,2,0,0,2,0,0,0,0,0,0,0,0,0,NA,2,2,2,0,0,0,2,0,0,0,0,0,0,0,2,0,2,0,0,0,0,0,2,0,0,0,2,2,0,0,0,2,2,0,0,0,0,0,0,0,0,0,0,0,0,0,0,2,0,2,0,2,0,2,0,0,0,2,0,0,0,0,0,0,0,0,0,0,0,0,0,0,0,0,0,0,0,0,0,0,2,2,0,0,0,0,0,0,2,0,0,0,0,0,0,0,0,0,2,2,0,0,0,0,0,0,2,2,2,0,2,2,0,0,0,0,2,2,0,0,2,2,2,2,2,0,2,2,0,2,0,0,2,2,0,2,0,0,0,2,0,2,2,0,0,2,0,0,0,0,0,0,2,0,0,2,0,2,0,0,0,0,0,2,0,0,0,0,0,0,0,2,0,2,0,0,2,0,0,0,0,0,0,2,0,2,0,2,0,0,2,0,0,0,0,0,0,2,0,0,0,0,0,0,0,0,0,0,2,0,0,0,0,0,0,2,0,0,2,0,2,0,0,0,2,2,0,2,2,0,0,0,2,0,0,0,0,0,0,2,0,0,0,0,0,0,0,0,0,0,0,0,0,0,2,0,2,0,0,0,0,0,0,0,0,0,0,0,0,0,0,0,0,0,0,0,0,0,2,0,0,0,0,0,0,0,0,0,0,0,2,0,0,0,0,0,2,0,0,0,0,0,0,0,0,2,0,2,0,2,0,0,0,0,0,0,0,0,0,0,0,0,0,0,0,0,0,0,0,0,0,0,0,0,0,2,0,2,2,0,0,0,0,2,0,2,0,0,0,0,0,0,0,0,0,0,2,0,0,0,0,0,0,0,0,0,2,0,0,0,0,0,2,0,0,0,0,0,0,2,0,0,0,2,0,0,2,0,0,2,0,0,0,0,0,0,0,0,2,0,0,0,0,2,0,2,0,0,0,0,0,0,2,0,0,0,0,2,2,0,0,0,0,0,0,0,0,0,0,0,0,0,0,0,0,0,0,0,0,0,0,0,0,0,0,2,0,0,0,0,0,0,0,0,0,0,2,0,0,0,0,0,0,0,2,0,0,0,0,0,2,0,0,0,0,0,0,0,0,0,0,0,2,0,0,2,0,0,0,0,0,2,0,0,2,0,0,0,2,2,2,0,0,0,0,0,0,0,0,0,0,0,0,0,0,0,0,2,0,0,0,0,0,0,0,0,0,0,0,0,0,0,0,0,0,0,0,0,0,0,0,0,0,2,2,0,0,0,2,0,0,0,0,0,2,0,2,0,2,0,0,0,0,0,0,2,0,0,0,0,0,0,2,0,2,0,0,0,0,0,0,2,0,2,0,0,2,0,2,0,0,0,0,0,0,0,0,0,2,0,0,0,0,0,0,0,0,0,0,0,0,2,0,0,0,0,0,0,0,0,2,2,0,0,0,0,0,0,0,2,0,2,0,0,0,0,0,0,0,0,0,0,0,0,0,0,0,0,0,0,0,2,0,0,0,0,0,0,0,0,0,0,0,0,2,2,0,2,0,0,0,0,0,0,0,2,0,0,2,2,2,0,0,0,0,0,0,0,0,2,0,2,0,0,2,0,0,2,0,2,0,0,0,0,0,0,0,0,2,0,0,0,0,0,0,0,0,0,0,0,2,0,0,0,0,0,0,0,0,0,0,0,0,0,2,NA,0,2,0,0,0,0,0,0,0,0,0,2,0,0,0,0,0,0,0,0,0,2,0,2,0,0,0,0,0,2,0,2,2,0,0,0,0,0,0,0,2,0,0,0,0,0,0,0,0,2,0,2,2,0,0,2,2,0,2,0,0,0,0,0,0,0,0,2,0,0,2,0,0,2,0,0,0,0,2,0,2,0,0,2,0,2,0,0,2,0,0,0,0,0,0,0,0,2,0,0,0,2,0,0,2,0,0,0,0,2,0,0,0,0,2,0,0,0,0,2,0,0,0,0,0,0,0,0,0,0,0,0,2,0,0,0,0,2,0,2,0,0,0,0,0,0,2,0,0,2,0,0,0,0,0,0,0,0,2,0,2,0,2,0,0,2,0,0,0,2,0,2,0,0,0,0,0,0,0,0,0,2,2,2,0,0,0,2,0,0,0,0,2,0,2,2,2,0,0,0,0,0,0,0,0,0,2,0,0,2,0,2,0,2,0,0,0,0,0,0,0,0,0,0,0,0,0,0,0,0,2,0,0,0,0,2,0,0,0,0,0,0,0,2,0,0,0,0,0,2,0,0,0,2,0,0,2,0,0,2,0,0,0,0,0,0,2,0,2,2,0,2,0,0,0,0,0,2,0,2,0,0,2,0,0,2,0,0,0,2,0,0,0,0,0,2,0,2,0,0,2,0,2,2,0,2,0,0,2,0,0,0,0,0,0,0,2,2,0,0,0,2,0,0,0,0,0,2,0,0,0,0,2,0,0,0,2,0,0,0,0,0,0,0,0,0,0,2,0,0,2,0,0,0,0,0,2,0,0,0,0,0,0,0,0,0,2,0,0,0,2,0,0,2,0,0,0,0,0,2,0,2,0,0,0,0,2,2,0,2,0,0,2,2,0,0,0,0,0,0,0,0,0,0,0,0,0,0,0,0,0,0,NA,0,NA,0,0,0,0,2,2,2,2,0,0,0,2,2,0,0,0,2,0,2,0,2,2,0,2,0,0,0,0,0,0,0,0,0,0,0,2,0,2,2,0,0,0,0,0,0,0,0,0,0,2,0,0,0,0,2,0,0,0,2,0,0,2,0,0,0,0,0,0,2,2,0,0,0,0,0,0,0,0,0,0,0,0,0,0,0,0,2,0,0,0,2,0,0,0,0,2,0,0,0,0,2,0,0,2,2,0,0,2,0,0,2,0,0,2,0,0,2,0,2,0,2,2,0,2,0,0,0,0,0,0,0,0,0,0,0,0,0,0,0,0,0,0,0,2,0,0,0,0,2,0,0,2,0,0,0,0,0,0,0,0,2,0,0,0,0,0,0,0,2,2,0,0,0,0,0,0,0,0,0,0,0,0,0,0,2,0,0,2,0,2,0,0,0,0,2,0,0,2,0,2,0,0,0,0,0,2,0,0,0,0,0,0,0,0,2,0,0,0,0,0,0,0,2,0,2,0,0,0,0,0,0,0,0,0,0,0,0,0,2,0,0,0,2,2,0,2,0,0,0,0,0,0,0,2,0,2,0,0,0,2,2,2,2,0,0,2,0,0,0,2,0,0,0,0,0,0,0,0,2,2,0,2,0,0,0,0,0,0,0,0,0,0,0,2,0,0,0,0,0,0,0,0,0,0,0,2,0,0,0,0,2,2,0,0,0,0,0,0,0,0,0,0,0,0,0,0,0,0,0,0,0,0,0,0,0,0,0,2,0,0,0,0,0,0,0,0,0,0,0,0,0,0,0,0,0,2,0,2,2,0,2,2,0,0,0,0,0,2,2,2,2,0,0,0,0,0,0,0,2,0,0,2,0,0,0,0,2,0,2,2,2,0,0,0,0,2,0,0,0,2,0,0,0,0,2,0,0,0,2,0,2,2,2,2,0,0,0,2,0,0,0,0,0,0,0,0,0,0,2,0,2,2,2,0,0,0,0,0,0,0,0,2,0,0,0,0,0,2,0,2,0,0,0,0,0,0,0,0,0,0,0,0,0,0,0,0,0,2,0,0,0,2,0,0,2,2,0,0,0,0,0,2,0,0,0,0,0,2,2,2,0,0,2,0,2,0,0,0,2,0,0,0,0,0,2,0,0,0,0,0,0,0,2,0,0,0,0,0,0,0,2,0,0,0,2,0,0,0,0,0,2,0,0,0,0,0,2,0,0,0,0,2,0,2,0,0,0,0,0,0,0,0,0,0,0,NA,2,2,0,0,0,2,0,0,0,0,0,0,0,0,0,0,0,2,0,0,0,2,0,2,0,2,2,0,2,0,0,0,0,0,0,0,0,0,0,0,2,0,0,0,0,0,0,0,0,0,2,2,0,0,0,0,0,0,NA
"CC70",0,2,0,0,0,0,0,0,0,0,0,2,0,0,2,2,0,0,0,0,0,2,0,2,2,2,0,0,0,0,0,2,0,0,0,2,2,0,0,2,2,2,0,2,2,0,2,0,2,0,2,0,2,0,2,NA,0,0,0,0,0,0,2,2,0,0,0,0,0,0,2,0,0,0,0,0,0,2,0,2,0,2,0,0,0,0,2,0,0,0,0,2,0,0,0,0,0,0,0,0,2,2,0,0,0,0,2,0,0,0,0,0,0,0,0,0,0,0,0,2,0,0,0,2,0,0,2,0,2,0,0,0,0,0,0,0,0,0,0,0,0,0,2,0,0,0,2,0,0,0,0,0,0,0,0,2,2,0,0,0,0,0,0,2,2,2,0,0,2,0,0,2,0,0,0,0,2,0,0,0,0,0,0,0,0,0,0,0,0,0,0,2,0,0,2,0,0,2,NA,0,0,0,0,0,0,0,0,0,0,0,0,0,0,2,0,2,2,0,0,0,0,0,0,0,0,2,0,0,0,0,0,0,0,0,2,0,2,2,2,0,0,0,0,0,2,2,0,0,2,0,0,0,2,0,0,0,0,0,0,0,0,0,0,2,0,0,2,0,0,2,0,0,0,0,0,0,2,2,2,0,2,0,0,0,0,0,0,0,0,0,0,2,2,0,0,0,2,0,0,0,0,0,0,0,0,0,0,2,0,2,0,0,0,0,0,0,0,0,0,0,0,2,2,0,0,0,2,0,0,2,0,2,2,0,0,0,0,0,0,2,0,2,0,0,0,0,0,0,0,0,NA,0,0,0,0,0,0,0,0,0,0,0,0,2,0,0,2,0,0,0,0,0,NA,0,2,0,0,0,0,0,0,0,0,0,0,0,2,0,0,2,0,0,0,0,0,0,NA,0,0,0,0,0,2,2,0,2,0,0,0,0,0,0,0,2,0,0,0,2,0,0,0,2,0,0,0,0,0,0,0,2,2,0,0,0,0,2,2,0,0,0,0,0,2,2,0,0,0,0,0,0,0,0,0,0,2,2,0,0,0,2,2,0,2,2,0,0,0,0,0,0,2,0,2,2,0,0,0,0,0,0,0,0,0,0,0,0,0,2,0,0,0,2,0,0,0,0,2,0,0,0,0,0,0,0,0,0,0,0,2,2,0,2,0,2,0,0,0,0,0,0,0,2,0,0,0,0,0,0,0,0,0,0,0,0,0,0,0,0,0,0,0,0,0,2,0,0,0,0,0,0,2,0,0,0,0,0,2,2,0,0,0,0,0,2,0,0,2,0,0,0,0,2,0,0,2,0,0,0,2,0,0,2,0,0,0,2,0,2,0,0,0,NA,0,2,2,0,0,2,2,0,0,0,0,0,0,0,0,0,0,0,0,0,0,0,0,0,0,0,0,0,0,0,0,0,0,0,0,0,0,0,0,0,0,2,2,0,0,0,0,2,0,0,0,2,0,2,0,0,0,0,0,0,0,0,0,0,2,0,0,0,2,0,0,2,2,0,0,0,2,2,0,0,2,0,0,0,2,0,0,0,2,0,0,2,0,2,0,0,0,0,0,0,0,0,0,0,0,0,0,0,0,0,0,0,0,0,0,0,0,0,2,2,0,0,0,0,2,0,0,0,0,0,0,0,2,0,0,0,0,NA,0,0,2,0,0,2,0,0,0,0,2,0,2,0,0,0,0,0,2,0,0,0,0,0,0,2,0,2,0,0,2,0,0,2,0,0,0,0,0,0,0,0,0,0,2,0,0,0,2,0,0,2,0,0,0,0,0,0,0,0,0,0,0,2,0,0,0,0,0,0,0,0,0,0,2,0,2,0,0,0,0,0,0,0,0,0,0,0,2,0,0,0,0,0,0,2,2,0,0,0,0,0,2,0,2,0,0,0,0,0,2,0,0,0,0,0,0,2,0,0,0,2,0,2,0,0,2,0,2,0,2,2,2,0,2,0,0,2,0,0,2,0,2,0,0,0,0,2,0,0,0,2,2,0,2,2,2,0,0,2,0,0,0,0,2,0,2,0,0,2,0,0,0,0,2,0,0,2,0,0,0,2,0,2,0,0,0,0,0,2,2,0,0,0,0,0,0,0,0,0,0,0,0,0,0,0,0,0,0,0,0,NA,2,0,0,0,0,0,0,0,2,0,2,0,0,0,0,0,0,0,0,0,0,0,0,0,0,0,2,0,0,0,0,0,0,0,0,2,0,0,0,0,0,0,0,0,0,0,0,0,0,0,0,2,0,0,2,2,0,0,0,2,0,2,0,0,0,0,0,0,0,0,0,0,0,0,0,2,0,2,0,0,0,0,0,0,0,2,0,0,0,0,0,0,2,0,0,0,0,2,0,0,0,0,0,0,0,0,2,2,2,0,0,0,0,0,0,2,0,2,0,0,2,2,0,0,2,0,0,0,2,0,2,0,2,2,0,0,0,0,0,0,2,0,2,0,2,2,2,0,0,2,0,0,0,0,0,0,0,2,2,0,2,2,0,0,0,0,0,0,0,0,0,0,0,0,2,0,0,0,0,0,0,0,2,0,0,2,0,0,0,0,0,0,0,0,0,0,0,0,0,0,0,2,0,0,0,0,0,0,0,0,0,0,0,0,0,0,0,0,0,0,0,0,0,0,0,2,0,0,2,0,0,0,0,2,0,0,0,0,0,0,0,0,0,0,0,0,0,0,0,2,0,0,0,0,0,0,0,0,0,0,0,0,2,0,0,0,0,0,0,0,2,0,0,2,0,0,0,0,0,0,0,0,0,0,0,2,0,2,0,0,0,0,0,0,0,0,0,0,0,0,2,0,0,0,0,0,0,0,0,0,2,2,2,0,0,0,0,0,0,0,0,0,0,2,0,2,0,0,NA,2,0,0,0,0,0,0,0,0,0,2,0,0,0,0,0,0,0,2,0,2,0,0,0,0,0,0,0,0,0,0,0,2,2,0,0,0,0,0,0,0,2,0,0,0,0,2,0,0,0,0,0,0,0,0,0,0,0,0,0,0,0,0,0,0,0,0,0,0,0,0,2,2,0,0,0,0,0,0,0,0,0,2,0,0,0,0,0,0,0,0,0,0,0,0,0,0,0,0,0,2,0,0,2,0,0,0,0,0,0,0,0,0,0,0,0,0,0,0,0,0,0,0,0,0,0,0,0,0,0,0,0,0,0,0,0,0,2,0,0,2,0,2,2,0,0,0,0,0,0,0,0,2,0,0,0,0,0,0,2,0,2,0,2,0,0,0,0,0,0,0,0,0,0,0,0,0,0,0,0,0,0,2,0,NA,0,0,0,2,0,0,0,0,2,0,0,0,0,0,0,0,0,0,0,0,0,0,0,0,0,0,0,0,0,0,2,0,0,0,0,0,0,2,0,0,0,0,0,0,0,0,0,0,0,0,0,0,0,0,2,0,0,0,0,0,0,0,0,0,0,0,2,0,0,2,0,0,0,0,0,0,0,0,0,0,2,0,0,0,0,0,0,0,0,2,0,0,0,2,0,2,2,0,0,0,0,2,0,0,0,0,2,0,0,0,NA,2,0,0,0,0,0,0,0,0,0,0,0,0,0,0,0,2,0,0,0,0,0,0,0,0,0,0,0,0,0,0,0,0,0,0,0,0,0,0,0,0,0,0,0,0,0,0,0,0,0,0,0,0,0,0,0,0,0,0,2,2,2,0,0,0,0,0,0,0,0,0,2,0,0,2,2,0,0,0,0,0,0,2,2,0,0,0,0,0,0,0,0,0,0,0,2,0,0,0,0,2,0,0,0,0,0,0,2,0,0,0,0,2,2,0,0,0,0,0,0,0,2,2,0,2,0,0,0,2,0,0,0,0,0,0,0,0,0,NA,0,2,0,2,0,0,0,0,0,0,0,0,0,0,2,0,0,0,0,0,0,0,2,0,0,0,0,0,0,0,0,2,0,0,2,0,2,0,0,0,0,0,0,0,0,0,0,0,0,2,0,0,0,0,2,0,0,0,0,0,0,0,0,0,0,0,0,0,0,0,0,0,0,0,0,2,2,0,2,2,0,0,0,0,0,0,2,0,0,2,0,0,0,0,0,0,2,0,2,0,2,0,0,0,2,0,2,0,0,0,0,0,0,0,0,0,0,0,0,0,0,0,2,0,0,0,0,0,0,0,0,2,0,2,0,0,2,0,2,0,0,0,0,0,2,0,0,2,0,2,0,0,0,0,2,0,0,0,0,0,0,0,0,0,0,0,0,0,0,0,0,0,0,0,2,0,2,2,0,0,0,0,0,0,0,0,0,0,2,0,0,0,0,2,0,0,0,2,0,0,0,0,0,0,2,0,0,0,0,0,0,2,2,0,0,0,2,0,0,0,0,2,2,0,0,0,0,0,2,0,0,2,0,0,2,0,0,0,0,0,0,0,0,2,0,2,0,0,0,0,0,0,2,0,0,0,0,0,2,0,0,2,0,0,0,0,0,0,0,0,0,0,0,0,2,2,0,0,0,0,0,0,2,0,2,2,0,0,0,0,0,0,0,2,2,0,0,0,0,0,2,0,0,0,2,0,0,0,0,2,0,0,0,0,0,0,0,0,2,0,0,0,0,2,2,2,2,2,0,0,0,0,0,0,0,0,0,0,2,2,0,0,0,0,0,0,0,0,0,0,0,0,0,2,0,2,2,0,0,0,0,0,0,0,2,0,0,2,0,0,2,2,0,0,0,0,2,2,0,2,0,0,0,0,0,0,0,0,2,0,0,0,0,0,0,0,0,0,0,2,0,0,0,0,0,0,0,0,2,0,0,0,0,0,0,0,0,2,0,0,0,0,0,0,0,0,0,0,0,0,0,0,0,0,0,0,0,0,0,0,2,2,0,0,0,0,0,2,0,0,0,0,0,0,0,0,0,0,0,2,0,2,0,0,2,0,0,0,2,2,0,0,0,0,0,0,0,2,0,0,2,0,2,2,0,0,0,0,2,2,0,2,2,0,0,0,2,0,0,0,2,0,0,2,0,0,2,0,0,0,0,0,0,0,0,0,0,2,0,2,0,0,2,0,0,0,0,2,0,0,0,0,0,0,2,2,2,0,2,0,0,0,0,0,2,0,0,0,0,2,0,0,0,0,0,0,0,0,2,0,2,0,0,0,0,2,0,0,2,0,2,0,0,0,0,0,0,0,0,0,NA,0,0,0,0,0,0,2,0,0,0,0,0,2,2,NA,0,0,0,0,0,0,0,0,0,0,0,2,0,0,0,0,0,0,0,0,2,0,0,0,0,0,0,0,0,0,0,0,0,0,0,0,0,0,0,0,0,2,0,0,0,0,0,0,0,0,0,0,0,0,0,0,0,0,0,0,0,0,0,0,2,2,0,0,0,0,0,0,0,0,0,0,2,0,2,0,0,2,0,0,0,0,0,0,0,0,0,0,0,0,0,0,0,0,2,0,0,0,2,2,0,0,0,0,0,0,0,0,0,0,0,0,0,2,0,0,0,0,0,0,0,0,0,0,0,0,0,0,0,0,0,0,0,2,0,0,0,0,0,0,2,2,0,2,0,0,0,0,0,0,0,0,2,0,0,2,0,0,0,0,0,0,0,0,0,0,0,0,0,0,2,0,0,0,0,0,0,0,0,0,2,2,2,0,0,2,2,0,0,0,0,0,2,0,2,0,0,0,0,0,0,0,0,2,2,0,0,0,0,0,0,0,0,0,0,0,0,0,0,0,0,0,0,0,0,0,0,2,0,0,0,0,0,2,0,0,0,0,2,0,0,0,0,0,0,0,0,0,0,0,2,2,0,0,0,0,2,0,0,0,0,0,2,0,0,0,0,2,0,0,2,0,2,0,0,2,0,0,0,0,2,0,0,NA,2,0,0,0,0,0,2,2,0,0,0,2,2,0,0,0,0,0,0,0,2,2,0,0,2,0,0,0,0,2,0,0,0,0,0,2,2,0,2,0,0,0,0,2,0,2,0,0,0,0,0,0,0,0,0,0,2,0,0,0,0,0,0,0,2,0,0,0,0,0,0,2,2,0,0,0,0,0,0,2,0,0,0,2,0,2,0,0,0,0,0,2,0,0,0,0,0,0,0,2,0,0,0,0,0,0,0,2,0,0,0,0,0,0,2,0,0,0,0,0,0,0,2,0,0,0,0,0,0,0,0,2,2,0,0,2,0,0,0,0,0,0,0,0,2,0,0,0,0,0,0,0,0,2,0,0,2,0,0,0,0,0,2,0,2,0,0,0,0,0,0,0,2,0,2,0,0,0,0,0,2,0,0,0,0,2,0,0,2,2,2,0,2,0,2,0,2,0,0,0,0,0,0,0,0,0,0,0,0,2,2,0,2,0,0,0,0,0,0,0,2,2,0,0,0,0,0,0,0,0,0,2,0,0,2,2,2,2,0,0,0,2,2,2,2,2,0,0,2,0,0,0,2,0,0,2,2,0,0,0,0,0,0,0,0,2,0,0,0,2,0,0,0,0,2,0,0,2,0,0,0,2,0,2,2,0,0,0,0,0,0,2,0,2,0,2,0,0,0,2,2,0,NA,0,0,0,0,0,0,0,0,0,0,0,0,0,0,0,0,0,0,0,0,0,0,2,2,0,0,0,0,0,0,0,0,0,0,0,0,0,0,0,0,0,2,0,0,2,2,0,0,0,0,2,0,0,2,0,2,0,0,2,0,2,0,0,0,0,0,0,0,0,0,0,0,2,2,0,0,0,0,0,0,0,2,0,0,0,0,0,0,0,0,0,0,2,0,0,0,0,0,0,0,0,0,0,2,0,2,0,0,0,0,0,0,0,0,2,0,0,0,0,0,0,0,0,2,0,0,2,0,0,0,0,0,0,0,0,2,0,0,2,0,0,0,0,0,0,0,2,0,0,0,0,2,0,0,0,0,0,0,2,0,2,0,0,0,0,0,0,0,2,0,2,0,0,0,0,0,0,0,0,0,2,2,0,0,0,0,0,0,0,0,0,0,0,0,0,0,0,0,0,0,0,0,2,0,0,0,0,0,0,2,2,2,0,0,0,0,0,2,0,2,0,0,0,0,2,0,2,0,0,0,0,2,0,2,0,0,0,0,2,0,2,2,0,0,0,0,0,0,0,0,0,0,0,0,2,2,0,2,0,2,0,0,2,2,2,0,0,0,2,0,0,2,0,0,0,0,2,0,0,0,0,0,2,0,0,0,0,0,0,0,0,0,0,0,0,2,0,2,0,0,0,0,0,0,0,2,0,0,2,0,0,0,0,0,0,0,0,0,2,0,0,0,0,0,0,0,0,0,0,0,0,2,0,0,0,0,0,0,0,0,0,0,0,0,0,0,0,0,0,0,0,0,0,0,0,0,0,0,0,0,0,2,0,0,NA,0,0,0,0,0,2,0,0,0,0,0,0,0,0,2,0,0,0,2,2,0,2,2,0,0,0,0,2,0,0,0,0,2,0,0,0,0,0,0,0,0,0,0,0,2,0,0,0,0,0,0,0,2,0,0,0,0,0,0,0,0,0,2,0,0,0,0,0,0,0,2,0,0,0,0,2,0,0,0,0,0,0,0,0,0,0,0,0,0,2,2,2,2,0,0,0,0,0,0,0,2,0,2,0,0,0,0,0,0,0,0,0,0,0,0,0,2,0,2,0,2,0,0,2,0,0,0,0,2,0,0,0,0,0,0,2,0,2,0,0,0,0,0,0,0,0,0,0,0,0,0,0,0,2,0,0,0,0,0,0,2,0,0,2,0,2,0,0,0,0,0,2,0,0,0,0,0,2,0,0,0,0,0,2,0,0,0,0,2,0,0,0,2,0,0,0,0,0,0,0,0,0,2,0,0,0,2,0,0,0,2,0,0,0,0,0,2,2,0,0,0,0,0,0,0,0,0,0,0,0,0,0,0,0,0,0,0,0,0,0,0,0,0,0,0,0,0,0,0,0,0,0,0,0,0,2,0,0,0,0,2,0,0,0,0,0,0,0,0,0,0,0,2,2,0,0,0,2,2,0,2,2,0,0,0,0,0,0,0,0,0,0,0,0,0,2,0,0,0,0,0,0,0,0,0,0,0,0,0,0,2,0,0,0,0,0,0,0,0,0,0,0,0,0,0,0,0,0,0,0,0,0,0,0,0,0,0,0,0,0,0,0,0,0,2,0,0,2,0,0,0,0,0,0,0,0,2,0,2,0,0,2,0,2,0,0,2,0,2,0,2,2,2,0,2,0,0,2,0,0,0,0,0,0,0,0,0,2,0,0,0,0,0,0,0,0,0,0,0,0,0,0,2,2,2,0,0,0,0,0,0,0,0,2,2,2,0,0,0,0,2,2,2,0,0,0,0,0,0,2,0,0,2,0,0,2,0,0,2,0,0,0,0,0,0,0,0,0,0,0,0,0,0,2,0,0,0,0,0,0,0,0,0,0,0,0,NA,0,2,0,0,2,0,0,2,0,0,0,0,0,0,0,0,0,0,0,0,0,0,0,0,0,0,2,0,0,0,0,2,0,0,0,0,0,2,0,0,0,0,0,2,0,0,2,0,0,0,0,0,0,0,0,0,2,0,0,0,0,0,0,0,2,2,0,2,0,0,2,0,0,0,0,2,0,2,0,2,2,2,2,2,0,0,2,0,0,0,0,2,0,0,0,2,2,0,0,0,2,0,0,0,0,2,2,0,2,2,0,2,2,0,0,0,0,0,0,0,0,0,2,2,0,0,0,0,0,0,0,2,0,2,0,0,0,0,0,0,0,0,0,2,0,0,0,0,0,0,0,0,2,0,0,0,0,0,0,0,0,2,2,0,0,0,2,0,0,0,0,0,0,NA,0,0,0,0,0,0,2,0,0,0,0,0,0,0,0,0,2,0,0,0,0,0,0,0,2,0,0,0,2,2,0,2,0,0,0,0,0,0,0,0,0,0,0,0,0,0,0,0,0,0,2,0,0,0,0,0,0,0,0,0,0,0,2,2,0,0,0,0,0,2,0,0,0,0,0,0,0,0,0,2,0,0,0,0,2,0,0,0,0,0,0,2,0,0,0,0,2,0,2,2,0,2,0,0,0,2,0,0,0,0,0,0,2,2,0,0,0,2,2,2,0,0,0,0,2,2,0,2,NA,0,0,0,0,2,0,0,2,2,0,0,2,0,2,0,0,0,0,0,2,0,0,NA,2,0,0,0,0,0,0,0,0,2,0,0,0,2,0,2,0,0,0,0,0,0,0,0,0,0,0,0,0,0,0,0,0,0,2,0,0,0,0,2,0,0,0,0,0,0,2,0,0,0,0,0,0,2,0,0,0,0,0,0,0,2,2,0,0,0,2,2,0,0,0,2,0,0,0,0,0,2,0,0,0,0,0,0,0,0,0,0,0,0,0,0,0,0,0,2,0,0,0,0,0,0,0,0,0,0,0,0,0,0,0,0,0,0,0,0,0,0,0,0,0,0,0,0,0,0,0,0,0,0,0,0,2,0,0,0,0,0,0,0,0,0,0,0,NA,0,0,0,0,0,0,0,0,0,0,0,0,0,0,0,0,0,0,0,0,0,0,0,0,0,0,2,0,0,0,0,2,0,0,2,0,0,0,0,0,0,2,0,0,0,0,0,0,0,2,0,0,0,0,2,0,0,0,0,0,0,0,2,0,0,0,0,0,0,0,0,0,0,0,0,0,0,0,0,0,0,0,0,2,0,0,0,0,0,0,2,0,0,0,0,0,0,0,0,0,2,0,2,0,2,2,0,0,2,2,0,0,2,0,0,0,0,0,2,2,0,0,0,0,2,2,0,2,0,2,2,2,0,0,2,0,2,0,0,0,2,0,0,0,0,0,0,0,0,2,2,2,0,2,0,0,0,0,0,0,0,2,0,2,2,0,0,0,0,0,0,0,0,0,2,2,0,2,2,2,0,0,2,0,0,2,2,0,0,0,0,0,0,0,0,0,0,0,0,0,0,0,2,0,2,0,2,0,0,0,0,0,2,0,0,2,2,0,0,0,2,0,0,0,0,0,0,0,2,0,2,0,2,2,2,0,2,2,0,0,0,0,0,0,0,2,2,0,2,0,0,0,NA,0,0,0,2,0,0,0,2,2,0,0,0,0,2,0,0,2,0,0,0,0,0,0,0,0,0,0,0,0,0,0,0,0,0,2,0,0,2,2,0,0,2,0,0,0,0,0,0,2,0,0,2,2,0,2,0,0,0,0,0,0,0,0,0,0,0,0,0,2,0,0,0,0,0,2,2,2,0,0,0,0,0,0,0,0,0,0,0,2,2,0,2,0,0,0,2,2,0,0,2,2,0,2,0,2,2,0,0,2,2,2,0,2,2,2,2,0,0,0,0,0,0,0,0,2,0,2,0,2,0,0,0,0,0,0,0,2,0,2,0,0,2,2,0,0,2,0,0,2,2,0,2,0,0,0,0,0,0,2,0,0,0,0,0,2,0,0,2,0,0,2,2,0,0,0,0,0,0,0,2,0,2,2,2,0,0,0,0,0,2,0,0,0,0,0,0,0,0,0,0,0,0,0,0,0,2,0,0,0,0,0,0,0,0,2,0,0,0,0,0,0,2,0,0,0,0,2,0,0,0,0,0,2,0,2,2,0,0,0,0,0,0,0,0,0,0,2,2,0,0,0,2,0,0,0,0,0,0,0,0,0,0,0,0,0,0,2,0,2,0,0,2,2,2,2,0,0,0,0,2,0,2,0,2,0,0,0,0,0,0,0,2,0,0,0,0,0,0,0,2,0,0,2,0,0,2,0,0,0,2,0,0,0,0,0,0,0,0,0,0,2,0,2,0,0,0,0,0,0,0,0,0,0,0,0,0,0,0,0,0,0,0,2,0,0,0,0,0,0,0,0,0,0,0,0,0,2,0,0,0,0,0,0,0,0,0,0,0,0,0,0,0,0,0,0,0,0,0,0,0,0,0,0,0,0,0,2,0,0,0,0,2,0,0,0,0,0,2,0,0,0,0,0,0,0,0,0,0,0,0,0,0,0,0,0,0,0,0,0,0,0,0,0,0,0,2,0,0,0,0,0,0,0,0,0,0,0,0,0,2,0,2,2,0,0,0,0,0,2,2,0,0,2,2,0,0,0,0,0,0,0,2,0,0,0,2,0,0,0,0,2,2,0,0,0,0,0,0,0,2,0,2,0,0,0,2,0,0,0,0,0,0,0,0,0,2,0,0,0,0,0,2,0,0,0,2,0,2,0,0,0,0,0,0,0,0,0,0,0,2,2,0,2,0,2,0,0,2,0,0,0,0,0,0,0,0,0,0,0,2,0,2,2,0,0,0,0,2,0,2,0,0,2,0,2,0,0,0,0,0,0,0,0,0,0,NA,0,0,0,2,0,2,2,0,0,2,2,2,2,2,0,2,0,0,2,0,0,2,2,0,0,2,2,0,0,0,0,0,2,2,0,0,0,0,0,0,0,2,0,2,0,0,2,0,2,0,2,0,0,0,0,0,2,2,2,0,0,0,0,0,0,0,2,0,0,2,0,2,0,0,0,0,2,0,0,0,2,0,0,2,0,2,2,0,0,0,2,0,0,0,2,2,0,0,2,0,2,0,0,2,2,0,2,NA,2,2,2,0,0,0,2,0,0,0,0,0,0,2,0,0,0,2,2,0,2,0,0,0,2,0,2,0,0,0,2,0,0,0,2,0,2,2,0,2,0,0,2,2,0,2,0,0,2,0,0,0,0,0,2,0,0,0,0,0,0,0,0,0,2,0,0,0,0,0,2,2
"CC71",0,2,0,0,2,0,0,2,0,0,0,2,2,0,2,2,0,0,0,0,2,2,0,2,0,0,0,0,0,2,0,2,0,2,2,2,0,0,0,2,2,0,0,0,0,2,0,2,0,0,0,0,0,0,0,0,2,0,0,0,0,0,2,0,2,0,0,0,0,0,0,0,0,0,0,0,0,2,0,0,2,0,0,0,0,0,0,0,2,0,2,2,0,0,2,2,0,0,0,0,0,0,0,0,0,0,0,0,0,0,0,0,0,0,0,0,0,0,0,2,0,0,2,2,0,2,2,0,0,0,0,0,0,0,0,0,2,0,0,0,0,0,2,0,2,0,0,2,0,0,2,0,0,0,0,0,0,0,0,0,0,0,0,0,0,0,0,NA,2,0,2,0,0,0,0,0,0,0,0,0,0,0,2,0,0,0,0,0,0,0,0,0,0,0,2,0,0,0,0,0,0,0,0,0,0,0,0,0,0,0,0,0,0,0,0,0,0,0,0,0,0,0,0,0,2,0,0,2,NA,0,2,0,0,0,0,0,2,NA,0,0,0,0,0,0,0,2,2,0,0,0,0,0,0,0,0,0,0,2,0,0,0,0,0,0,0,0,2,0,2,0,0,0,0,2,0,0,0,0,0,0,0,0,0,0,0,0,0,2,0,0,2,0,0,0,0,0,0,0,0,0,0,0,0,0,0,0,0,2,0,0,0,0,0,0,0,0,0,0,0,0,0,0,2,0,0,0,0,0,0,0,0,2,2,0,0,2,0,0,0,0,0,2,0,0,2,0,0,0,0,0,0,2,0,0,0,0,0,2,0,0,0,0,0,0,0,0,0,0,0,0,0,0,0,0,0,0,0,0,0,0,0,0,0,0,0,0,0,0,0,0,0,0,0,2,2,2,2,0,0,2,0,0,0,2,0,2,0,2,0,0,2,0,0,0,0,0,0,0,0,0,0,0,0,0,2,2,0,0,2,2,0,0,0,0,0,0,0,0,2,0,0,0,0,0,0,0,0,0,0,0,0,0,0,0,2,0,0,0,0,0,0,0,2,0,0,0,0,2,2,0,0,0,0,0,0,2,NA,0,0,2,2,0,0,0,0,0,2,0,0,2,0,2,0,0,0,0,0,0,0,0,0,0,0,0,0,0,0,0,2,0,0,2,2,0,0,0,0,0,0,0,0,0,0,0,2,2,0,NA,0,0,0,0,0,0,0,2,0,2,0,2,0,0,0,0,0,2,2,0,0,2,0,0,0,2,0,0,0,0,0,0,0,2,0,2,2,0,2,2,NA,0,0,2,0,0,2,2,2,0,0,2,2,0,0,2,2,2,0,2,0,0,0,0,0,2,0,0,2,0,0,0,0,2,0,2,2,2,2,2,2,0,0,0,0,0,0,0,0,0,2,0,2,0,0,0,2,0,0,0,2,0,0,0,0,0,0,0,0,0,0,0,0,0,2,0,2,0,0,0,0,0,0,0,0,0,0,0,0,0,0,0,0,0,0,0,0,2,0,0,0,0,0,0,0,0,0,0,0,0,0,0,0,2,0,0,2,0,0,0,2,0,0,2,0,0,0,0,0,2,2,0,0,0,0,0,0,0,0,0,2,0,0,0,0,0,0,2,0,0,0,0,0,0,2,2,0,2,0,0,0,0,0,0,0,2,0,0,0,0,0,0,0,0,0,0,0,0,2,2,0,0,0,0,2,2,0,0,0,0,0,0,0,0,0,0,0,2,2,0,2,0,0,0,0,0,0,0,0,0,0,2,0,0,0,2,0,2,0,2,2,0,0,0,0,0,0,2,0,0,0,0,0,0,2,0,0,0,0,2,0,0,0,0,0,0,2,0,0,0,0,0,0,2,2,2,0,0,2,0,0,2,0,0,0,2,0,0,2,2,0,2,2,2,2,0,0,0,0,0,0,2,2,2,2,0,2,0,0,2,2,0,2,0,0,0,0,0,2,0,0,0,0,0,0,2,2,0,2,0,0,0,0,0,0,0,0,0,0,0,0,0,0,0,0,0,0,2,2,0,2,0,0,0,2,0,0,0,0,2,0,0,0,0,0,0,0,2,0,0,0,0,2,0,0,0,0,0,0,2,0,0,2,0,0,0,0,0,0,0,0,0,0,0,0,0,0,0,0,0,2,0,0,2,2,0,0,0,0,0,0,0,0,0,0,0,0,0,0,0,0,2,0,0,0,0,0,0,0,0,2,2,0,0,0,0,0,2,2,0,0,0,0,0,0,0,0,0,2,0,0,0,0,0,0,0,0,0,0,2,2,0,0,0,0,0,0,2,0,0,0,0,0,0,2,0,2,0,0,0,0,2,2,0,0,0,0,0,2,0,2,0,0,2,0,0,0,2,0,0,0,0,2,0,0,0,2,0,2,2,0,0,0,0,0,0,0,0,2,0,0,0,0,0,2,0,2,0,2,2,0,0,0,0,2,0,0,2,0,2,0,0,0,0,0,2,0,0,0,0,0,0,2,0,0,2,0,0,NA,0,0,0,0,0,0,0,0,0,2,2,0,0,2,0,0,0,0,0,0,2,0,0,0,2,0,0,0,0,0,2,2,0,0,2,0,2,0,0,0,0,0,0,0,2,0,2,0,0,0,0,0,0,0,0,0,0,0,2,0,2,0,2,2,0,0,0,0,2,0,2,0,0,0,0,0,0,0,0,2,2,0,0,0,2,0,2,0,2,0,0,0,2,2,2,0,0,0,0,0,0,0,2,0,0,0,0,0,0,0,0,0,0,0,0,0,0,0,0,0,0,0,2,0,0,0,0,0,0,2,0,0,0,2,0,0,0,0,0,0,0,0,0,0,0,0,0,2,2,0,0,0,0,0,0,0,2,2,0,0,2,0,0,0,2,0,0,0,0,0,0,0,2,0,0,0,0,2,0,0,0,0,0,0,0,2,0,0,0,0,0,0,0,0,0,2,0,0,0,0,0,0,0,0,0,0,2,0,0,0,2,0,0,0,0,0,0,0,0,0,0,2,0,0,0,0,0,0,0,0,0,2,0,0,0,2,0,0,0,0,2,0,0,0,0,2,2,0,0,0,0,0,0,0,0,0,0,0,0,0,0,0,0,0,2,0,0,0,0,0,0,0,0,0,0,0,0,0,0,0,0,0,0,0,0,0,0,0,0,0,0,2,0,NA,0,0,2,0,0,0,2,2,0,0,0,0,0,2,2,0,0,0,0,0,0,2,0,0,0,0,0,0,0,0,0,0,0,0,0,0,0,0,0,0,0,0,0,0,0,0,0,2,0,0,0,0,0,0,0,0,0,0,2,0,0,0,0,2,0,0,0,0,0,0,0,0,0,0,0,0,0,0,2,0,0,0,0,0,0,0,0,0,0,0,0,0,0,0,0,0,0,0,0,2,2,0,0,0,0,0,0,0,0,0,0,0,0,0,0,0,0,0,0,0,0,2,0,2,0,0,0,0,0,0,0,0,0,0,0,0,0,0,0,0,0,0,2,0,0,0,0,0,2,0,0,0,0,0,0,0,0,2,2,0,0,0,2,0,0,0,2,0,0,0,2,2,2,0,0,2,2,0,0,0,0,0,2,0,0,2,2,0,2,0,0,2,2,0,0,0,2,0,0,0,2,0,0,0,0,0,0,2,2,2,0,0,0,0,0,0,0,2,2,0,0,0,0,2,2,0,0,2,0,0,2,2,0,0,0,0,2,0,0,0,2,0,0,2,0,0,2,0,0,0,0,0,0,0,0,2,0,0,0,0,2,0,0,0,0,2,2,0,0,0,0,0,0,0,0,0,0,2,2,2,0,0,0,0,0,0,0,2,2,0,0,2,0,2,0,0,0,0,0,2,0,0,0,0,2,0,0,0,0,2,0,0,0,0,0,2,0,0,0,2,0,0,0,0,0,2,0,0,0,0,2,2,2,2,0,2,0,0,0,2,0,0,0,0,2,2,0,0,0,0,0,0,2,2,0,0,0,0,0,0,2,2,2,0,0,NA,2,0,0,0,0,0,2,2,0,0,0,0,0,0,0,0,0,0,0,0,0,0,0,0,0,0,0,0,0,0,0,0,0,0,0,2,0,0,0,0,0,0,0,0,0,0,2,0,2,0,2,0,0,0,0,0,2,0,0,0,0,0,0,2,2,0,0,0,0,0,0,0,0,0,0,2,0,0,0,0,0,0,0,0,0,0,2,0,0,0,0,0,0,0,0,0,0,2,0,0,0,2,2,NA,0,0,0,0,0,0,0,0,0,0,2,0,0,0,0,0,0,0,0,0,0,0,2,0,0,0,0,0,0,2,0,0,2,0,0,0,0,0,2,0,0,2,0,0,0,0,0,0,2,0,0,0,0,0,0,2,0,0,0,0,0,0,0,0,0,0,0,0,0,0,0,0,0,0,0,0,0,0,2,0,0,0,0,2,0,0,0,0,2,0,0,0,0,0,2,2,0,0,2,0,0,0,0,0,0,0,2,0,0,0,0,0,0,2,0,0,0,0,0,0,0,0,0,0,0,0,0,0,0,0,0,0,0,0,0,0,0,2,0,0,0,0,0,2,0,0,0,2,0,0,0,0,0,0,0,0,2,0,0,0,0,0,0,0,0,0,0,0,0,0,0,0,0,0,0,0,0,0,0,0,0,0,0,2,0,0,0,0,2,2,0,0,0,0,2,0,2,0,0,0,0,0,0,2,0,0,0,0,0,0,0,0,0,0,0,2,0,0,0,0,0,0,2,0,0,0,0,2,2,0,0,0,0,0,0,2,0,2,0,0,NA,0,0,0,2,2,0,0,0,2,2,0,2,0,0,0,0,0,0,0,0,0,0,0,0,0,0,0,0,0,0,2,2,0,0,2,0,0,0,0,0,2,0,0,0,0,0,0,0,0,0,2,0,2,2,0,0,0,0,0,2,0,0,0,0,0,0,0,2,0,2,0,0,2,0,0,2,0,0,2,2,2,0,2,0,2,0,0,0,0,2,0,0,0,0,0,0,0,2,0,0,2,0,0,0,0,2,0,0,0,0,0,2,0,0,NA,0,0,0,0,0,0,0,0,0,0,2,0,0,2,0,2,0,2,0,0,0,0,0,0,0,0,0,0,2,0,0,NA,0,0,0,0,0,2,0,2,0,0,2,0,0,0,0,2,0,0,0,0,0,0,0,0,0,0,0,0,0,0,0,0,0,0,0,0,0,0,0,2,0,2,0,0,0,2,0,0,2,0,0,0,0,0,2,0,0,0,0,0,0,0,0,2,0,0,0,0,0,0,0,0,0,0,0,0,0,0,0,0,0,0,0,0,0,0,0,2,2,0,0,0,0,0,0,2,0,0,2,2,0,0,0,0,0,0,2,2,2,2,0,0,0,2,0,2,0,0,2,0,2,0,0,0,0,0,0,0,0,0,0,0,0,0,0,0,0,0,2,0,0,0,2,2,0,2,2,0,0,0,0,0,0,0,0,0,2,0,0,0,0,0,0,0,0,0,0,0,0,0,0,0,0,2,0,0,0,0,0,0,0,0,0,0,0,0,0,2,2,0,2,0,0,0,0,0,2,0,0,0,0,0,0,0,0,0,0,0,0,0,2,0,2,0,0,0,0,2,0,0,0,0,2,2,0,0,0,2,2,0,2,0,2,2,0,0,0,0,0,0,2,2,0,0,0,0,2,0,0,2,2,2,0,2,2,0,0,0,0,0,0,0,2,0,0,0,0,2,0,0,0,0,0,0,2,0,0,0,0,0,2,0,2,0,0,0,0,0,0,0,0,0,0,0,0,0,0,2,0,0,2,0,0,2,0,2,0,0,0,2,2,0,0,0,2,0,0,0,0,0,2,0,0,0,0,0,0,0,0,0,0,0,0,0,2,0,0,2,0,0,0,0,0,0,0,0,0,2,2,2,2,0,0,0,2,0,0,0,0,2,2,0,2,0,0,0,0,2,0,2,0,0,0,2,0,2,0,0,0,0,0,0,0,0,0,0,0,0,2,0,0,0,2,0,2,0,2,2,2,0,0,0,0,0,0,0,2,0,0,0,0,2,0,0,2,0,0,0,0,2,0,0,0,0,0,0,0,0,2,0,0,0,0,0,2,0,0,0,0,0,2,2,2,2,0,0,0,2,0,0,0,0,0,2,0,0,0,0,0,0,0,0,2,2,0,0,2,0,0,0,0,2,0,2,0,2,0,0,2,0,0,0,0,0,2,0,0,2,0,0,2,0,0,0,0,0,2,0,0,2,0,0,0,0,0,2,0,0,2,0,2,2,0,2,0,0,0,0,0,0,0,0,0,2,2,2,0,0,0,0,0,0,0,0,0,0,0,0,2,0,0,0,0,2,2,0,0,0,0,0,0,2,2,0,0,2,0,0,0,0,0,0,0,0,0,2,2,2,2,0,0,0,0,2,2,0,0,0,2,2,0,0,0,0,0,0,2,0,0,0,0,0,0,0,0,0,2,0,0,0,2,0,0,0,0,0,0,0,2,0,0,0,2,0,2,0,0,0,0,0,0,0,2,0,0,0,2,0,0,0,0,2,0,0,0,0,0,0,2,0,0,0,0,0,0,0,0,0,0,0,0,0,0,0,0,2,2,2,0,0,0,0,0,0,0,2,0,0,2,2,0,2,2,0,0,0,0,0,0,0,0,0,0,2,0,0,0,0,0,2,0,2,2,0,2,0,0,0,2,0,0,2,0,0,0,0,2,0,0,0,0,2,2,0,2,0,2,0,2,0,0,0,0,0,0,0,0,0,2,0,0,0,0,0,0,0,0,2,2,2,2,2,0,0,0,2,0,2,0,0,0,0,0,0,0,0,2,0,0,0,2,0,2,0,0,0,0,0,0,0,NA,0,0,0,0,0,2,0,0,0,0,0,0,0,0,2,0,0,0,0,2,2,0,0,2,0,0,0,0,0,0,0,0,2,0,0,0,0,2,0,0,2,0,0,0,0,0,0,0,0,0,2,0,0,0,2,0,0,0,0,2,2,0,0,2,0,2,0,0,0,0,0,2,0,0,0,0,0,0,0,0,2,2,2,2,0,0,0,0,0,0,0,0,0,0,2,0,0,0,0,2,0,0,0,0,0,0,0,2,0,0,2,2,0,0,2,0,0,0,2,0,0,0,0,0,2,2,2,2,0,2,0,2,0,0,2,0,0,0,0,0,0,0,0,2,2,0,0,2,0,0,0,0,0,0,0,2,0,0,0,0,2,0,0,0,0,0,0,2,0,0,0,0,0,2,2,0,2,0,0,0,0,0,0,0,0,0,0,0,2,0,0,0,0,0,0,2,0,0,0,0,0,0,0,0,0,0,0,0,0,0,0,0,0,2,0,0,0,0,2,2,0,2,0,0,0,0,0,2,0,0,0,0,0,0,2,0,0,0,0,0,0,0,2,2,2,0,0,0,0,NA,0,0,0,0,0,2,0,0,0,0,2,0,0,0,0,0,0,2,0,2,2,2,0,0,0,2,0,0,2,0,0,2,0,2,0,2,0,0,0,0,0,2,0,0,0,0,0,0,0,0,0,2,0,0,0,0,0,0,0,0,0,0,0,0,0,0,2,0,0,0,2,0,0,0,0,0,0,2,0,2,0,0,0,0,0,0,0,0,0,0,0,0,0,0,0,0,0,2,2,0,0,0,0,0,0,0,0,0,0,0,0,0,2,2,0,0,0,0,0,2,0,2,0,0,0,0,0,0,0,0,0,0,0,0,0,0,0,2,0,0,0,2,0,0,0,0,0,0,0,0,0,0,0,0,2,0,0,0,0,0,0,0,0,0,0,0,0,0,0,0,0,2,0,0,0,2,0,0,0,0,0,0,0,0,0,0,0,0,0,0,0,0,0,0,0,0,0,0,0,0,0,0,0,0,0,0,0,2,2,2,0,0,0,0,2,0,0,0,0,0,0,0,0,0,0,0,0,2,0,0,0,2,0,0,0,0,0,0,0,0,0,0,2,2,0,0,0,0,0,0,0,2,0,0,0,0,0,2,2,0,2,0,0,0,2,0,2,0,0,0,0,0,0,2,0,0,2,0,0,0,0,0,2,0,0,0,0,0,2,0,0,0,0,0,0,0,0,0,0,0,0,0,2,2,0,2,0,0,2,0,0,0,0,0,2,0,2,0,0,2,2,0,2,2,2,2,0,2,2,0,2,0,2,0,2,0,2,2,0,0,2,2,0,0,0,2,2,2,0,2,0,2,2,0,2,0,0,0,2,2,0,0,0,2,2,0,0,0,2,2,0,0,0,0,0,0,0,0,0,0,2,0,0,2,NA,2,0,0,0,0,0,0,0,0,0,0,2,0,0,0,2,0,0,2,0,0,0,2,0,0,0,0,0,0,0,2,2,0,2,0,2,0,2,2,0,2,2,0,0,2,0,2,0,0,2,0,0,0,2,2,2,0,0,0,2,2,0,2,0,0,2,2,2,0,0,0,0,0,0,2,2,2,0,0,0,0,0,2,2,0,2,0,0,0,0,0,0,0,0,2,0,2,0,0,2,0,0,0,0,0,0,0,2,0,0,0,0,2,0,0,0,0,0,0,0,0,0,0,0,0,0,0,0,0,0,0,0,0,0,0,0,0,0,0,2,0,0,2,0,0,0,0,2,0,0,0,0,0,0,2,0,2,0,0,0,2,0,2,0,0,0,2,0,2,0,0,2,0,0,0,0,0,0,2,0,0,2,0,0,0,0,0,2,0,0,0,0,0,0,0,0,0,2,0,0,0,0,0,0,0,0,0,0,0,2,0,2,2,0,2,0,NA,2,0,0,2,0,0,0,2,0,0,0,2,0,0,2,0,NA,2,0,0,2,0,0,0,0,0,2,0,0,0,0,0,0,0,0,0,0,0,0,0,0,2,0,0,0,2,2,2,2,2,0,0,0,0,0,0,0,0,0,0,0,0,0,0,2,0,0,2,0,0,0,0,0,0,0,0,0,0,0,0,NA,0,0,0,0,0,0,0,0,0,2,2,0,0,0,0,0,0,0,0,0,2,2,2,0,2,0,0,2,0,0,0,0,2,0,0,0,2,2,0,0,0,2,0,0,0,0,0,2,0,0,0,0,0,0,0,0,0,0,2,0,0,2,0,0,0,0,0,0,2,0,0,0,0,0,0,0,0,0,0,0,0,0,0,2,0,0,2,2,2,0,0,0,0,0,0,0,0,0,0,0,2,0,0,0,0,0,0,0,2,2,2,2,0,0,0,0,0,2,0,2,0,0,0,2,0,2,2,0,0,0,0,0,NA,2,0,0,0,0,0,0,0,2,0,0,2,0,2,0,0,0,0,0,0,2,0,0,0,0,0,2,0,2,0,0,0,2,0,0,0,0,0,0,0,2,2,0,2,0,0,0,0,0,0,0,0,0,0,0,0,0,0,0,0,NA,0,0,0,0,0,0,0,0,0,0,0,0,0,0,0,0,0,0,0,0,0,2,0,0,0,0,2,0,0,0,0,2,0,0,0,0,0,0,0,2,0,0,0,2,0,0,0,0,0,0,0,0,0,0,0,0,0,2,0,0,2,0,0,0,2,2,0,0,0,0,0,0,0,0,0,2,0,2,0,0,0,0,0,0,0,0,2,0,0,0,0,2,0,0,2,0,2,0,0,0,0,0,0,0,0,0,0,0,0,2,2,0,0,0,0,0,0,2,0,0,0,2,0,0,0,0,0,2,0,2,0,0,NA,0,0,0,0,0,2,2,0,0,0,0,2,2,2,0,2,0,0,0,0,2,0,0,0,0,2,0,0,0,2,0,0,2,2,2,0,0,0,2,0,2,2,0,2,0,0,2,0,0,0,0,0,2,0,2,0,2,0,0,2,0,0,2,0,0,0,0,2,0,0,0,2,0,0,0,0,0,0,0,0,0,2,0,0,2,2,0,0,2,0,0,0,0,0,0,0,0,0,0,0,0,0,0,0,0,2,0,0,0,0,2,0,0,0,0,0,0,0,0,0,0,0,0,0,0,0,0,0,0,0,0,0,0,0,2,0,0,0,0,0,0,0,0,2,0,0,2,0,0,0,0,0,0,0,2,0,0,0,0,0,0,0,0,2,2,0,0,0,0,2,2,0,2,2,0,2,0,2,0,0,0,0,0,0,0,0,0,0,0,0,0,2,2,0,0,0,0,0,0,0,0,0,2,0,0,0,0,2,0,0,0,0,0,0,0,0,0,0,0,0,0,0,2,0,0,0,0,0,0,0,2,0,0,0,0,0,0,0,2,2,0,2,0,0,2,2,0,0,2,0,0,0,2,0,2,0,2,0,0,0,0,2,0,0,2,0,0,2,2,0,0,0,0,0,0,0,0,0,0,0,0,0,0,0,0,0,0,0,0,0,0,0,0,0,2,2,2,2,0,0,0,0,0,0,0,0,2,0,2,0,2,2,2,0,0,0,0,2,0,0,0,0,0,0,0,2,0,0,2,0,0,0,0,0,0,0,0,0,0,2,0,0,0,0,0,0,0,0,0,2,0,2,2,0,0,0,0,2,2,2,0,0,0,0,0,0,0,0,2,0,0,0,0,0,0,0,0,2,0,0,0,2,0,0,0,2,2,0,0,0,0,0,0,0,0,2,0,2,0,0,2,2,0,2,0,0,2,0,0,0,0,2,0,2,0,2,2,0,0,0,0,0,0,0,0,0,0,0,0,0,0,0,0,0,2,0,2,2,2,0,0,2,0,0,0,NA,0,0,0,0,0,0,0,0,0,2,2,2,0,0,2,0,2,2,0,0,2,0,2,0,0,0,0,0,0,2,2,0,0,0,0,0,0,0,0,0,0,0,0,2,2,0,0,0,0,0,0,0,0,2,2,0,0,2,0,0,0,2,0,0,2,0,0,0,0,0,0,0,0,0,2,2,0,0,0,0,0,2,0,0,0,0,0,2,0,0,0,0,0,0,0,0,0,0,0,0,2,0,0,0,2,0,0,0,2,2,0,0,0,0,0,0,0,2,2,0,0,0,0,0,0,0,0,0,0,0,2,2,0,0,0,0,0,0,0,0,2,0,0,0,2,0,0,2,0,0,0,0,0,2,0,0,0,0,0,0,0,0,0,0,0,0,0,0,0,0,0,2,0,0,0,0,0,2,0,0,0,0,0,0,0,0,2,0,0,2,0,0,0,0,0,2,0,2,0,0,0,2,0,0,0,0,2,0,2,0,0,2,0,2,2,2,0,0,0,2,0,0,0,2,0,0,0,2,0,0,0,2,2,2,0,0,0,0,2,0,2,0,0,0,0,0,0,0,0,0,0,0,2,2,0,0,0,0,0,0,0,0,0,2,2,2,0,0,0,0,0,0,0,0,2,0,0,0,0,0,2,0,0,2,0,2,0,0,0,0,0,0,0,2,0,0,2,2,0,2,0,0,0,0,0,0,0,0,0,0,0,0,0,0,0,2,0,2,2,0,0,0,0,0,2,0,2,0,2,0,0,0,0,0,0,2,2,0,2,0,2,0,0,2,0,2,0,0,0,0,2,0,0,0,2,0,2,0,2,0,0,0,0,2,0,2,2,0,2,0,0,0,0,2,0,0,2,2,0,0,2,0,0,0,0,0,2,2,0,2,0,2,0,0,0,0,2,0,0,NA,2,2,0,0,2,2,0,2,0,2,0,2,0,0,0,0,0,2,2,2,0,2,0,2,0,2,2,0,2,0,2,0,0,0,0,0,0,2,0,0,2,0,0,0,0,2,2,0,2,0,0,2,0,0,0,0,2,2,2
"CC73",0,2,0,0,0,0,0,0,0,0,0,0,0,0,2,2,0,0,0,2,2,2,0,0,0,0,0,0,2,2,0,2,0,0,2,2,0,0,0,0,2,0,0,2,2,0,0,2,0,0,0,0,0,0,0,0,2,0,0,0,0,0,0,2,0,0,0,0,0,2,2,0,0,0,0,0,0,0,0,2,0,0,0,0,0,0,0,0,2,0,0,0,0,0,2,2,0,0,0,0,0,0,0,2,2,0,0,0,0,0,0,2,0,2,0,0,0,0,0,0,0,0,0,0,0,0,0,0,0,0,2,0,0,0,0,0,0,0,0,0,0,0,0,2,0,0,0,2,2,0,2,0,0,2,0,0,0,0,0,0,0,0,0,2,2,0,2,0,0,0,0,2,0,0,2,0,0,0,0,0,2,0,0,0,2,0,0,0,0,0,0,0,2,0,0,2,0,0,0,0,0,0,0,0,0,0,0,2,0,0,0,0,0,0,0,0,0,0,2,0,0,0,0,0,2,0,0,0,0,0,0,0,0,0,0,0,2,0,0,0,0,0,0,0,0,0,2,0,0,0,0,0,0,0,0,0,0,2,0,0,2,0,0,0,0,0,2,2,0,2,0,0,0,0,0,0,2,2,2,0,2,0,0,2,0,0,0,0,0,0,0,2,2,0,0,0,0,2,0,0,0,0,2,2,0,0,2,0,2,0,0,0,0,0,0,0,0,2,0,0,0,0,0,0,0,0,0,0,2,0,0,0,2,0,0,2,0,0,0,0,0,2,0,0,0,0,0,0,0,0,0,2,0,0,2,0,0,0,0,0,0,0,0,0,0,0,0,0,0,0,0,0,0,0,0,0,0,0,0,0,0,0,0,2,0,0,0,0,0,0,0,2,0,0,0,0,0,0,0,0,0,0,0,2,0,2,0,0,0,0,0,0,0,0,0,0,0,2,0,0,0,2,0,0,0,2,0,0,0,0,0,0,0,2,0,0,0,0,2,0,0,0,0,0,0,0,0,0,0,0,0,0,2,0,2,2,0,2,0,0,2,0,0,0,0,0,0,0,0,0,0,0,2,0,0,2,0,0,0,2,0,0,0,0,2,0,2,2,0,0,0,0,0,0,0,0,2,0,0,0,0,0,0,0,0,2,0,0,2,NA,2,0,2,0,0,0,0,2,0,0,0,2,2,0,0,2,2,2,0,0,2,0,2,0,0,2,0,2,2,0,0,2,0,0,0,0,0,2,0,2,2,0,0,2,0,0,0,0,0,0,0,0,0,0,0,0,0,0,0,2,0,0,0,0,0,0,0,2,2,2,2,0,0,0,0,0,0,0,0,0,0,2,0,0,2,0,0,2,0,2,0,0,2,0,0,0,0,0,0,0,0,0,0,0,2,2,2,0,0,0,0,0,0,0,0,2,0,0,0,0,0,0,0,0,0,0,0,0,0,0,0,0,0,0,2,0,0,2,0,0,0,0,0,0,0,0,0,0,0,0,0,0,0,2,0,0,0,0,0,2,0,0,2,0,0,0,0,0,0,0,0,0,2,0,2,0,0,0,0,0,0,0,0,0,0,0,2,2,2,2,0,2,0,0,0,0,0,0,2,0,0,0,0,0,0,0,0,0,2,0,0,NA,0,0,0,0,2,0,0,0,2,0,0,0,0,2,0,0,0,0,0,0,0,0,0,0,0,0,0,0,0,0,0,2,0,0,2,0,0,0,2,2,0,2,0,0,0,0,0,0,2,0,0,2,0,0,0,2,0,0,0,0,0,0,0,2,0,0,0,0,0,0,0,0,0,2,0,0,0,2,0,0,2,0,0,2,0,0,2,0,0,0,0,0,0,0,0,0,2,0,0,2,0,0,0,2,2,0,0,0,0,0,0,0,0,2,2,0,0,0,2,2,0,0,0,0,0,2,2,2,0,0,2,0,2,0,0,0,0,0,0,0,0,0,0,0,2,0,0,0,0,0,0,2,0,0,0,0,0,0,0,2,0,0,0,2,2,2,0,0,0,0,0,0,0,0,2,0,0,0,0,0,0,0,0,2,0,2,0,0,0,2,0,0,0,2,0,0,0,0,2,0,0,0,2,0,0,0,2,0,0,0,0,0,0,0,0,0,0,0,0,0,0,0,0,0,0,0,0,0,2,0,2,0,2,0,2,0,0,0,0,0,0,0,0,2,0,0,0,0,0,2,2,0,0,0,0,0,2,2,0,0,0,0,2,0,0,2,0,0,2,0,0,0,2,0,0,0,0,0,0,0,0,0,2,0,0,0,0,0,0,2,2,2,0,NA,2,2,0,0,0,0,0,2,2,0,0,0,0,2,2,0,0,0,2,0,2,0,0,0,0,0,0,0,0,0,2,0,0,0,0,0,0,0,2,0,0,2,0,0,0,0,0,2,0,0,0,0,0,0,0,2,2,0,0,2,0,0,0,0,0,2,2,0,0,0,0,2,2,0,0,2,2,2,0,0,0,0,2,2,0,0,2,0,0,2,0,0,2,0,0,0,0,0,0,2,0,2,0,2,2,0,0,0,0,0,0,0,0,0,0,0,0,0,2,0,0,2,2,2,0,0,0,2,0,0,0,2,2,2,0,0,0,0,2,0,0,0,0,0,0,2,0,2,0,2,0,0,0,2,0,2,0,0,2,0,0,2,0,0,2,0,0,0,0,0,0,0,0,0,0,0,0,0,0,0,2,0,0,0,0,2,0,2,0,0,0,0,2,2,0,0,0,0,0,0,0,2,0,0,2,2,2,0,0,2,2,2,0,0,0,0,2,0,0,0,2,0,0,0,0,0,2,0,0,0,2,0,2,0,2,0,0,0,0,0,2,0,0,0,0,0,0,0,0,0,2,2,0,0,0,0,0,2,2,0,0,0,2,0,2,0,0,0,0,2,0,0,0,2,0,0,0,2,2,0,0,0,2,0,0,0,0,2,2,2,0,0,0,0,2,2,0,0,0,0,0,2,2,0,0,0,2,0,2,0,0,0,0,0,2,2,0,0,0,0,2,0,0,0,0,0,2,2,0,0,0,0,0,0,0,0,0,2,0,0,0,0,0,0,0,0,0,0,0,0,0,0,0,0,0,0,0,0,0,0,0,0,0,0,0,0,0,0,2,0,0,0,0,2,0,0,0,0,0,0,2,0,0,0,2,0,0,2,0,0,0,0,2,0,0,0,0,0,2,0,0,0,0,0,0,0,0,2,2,0,0,0,0,0,2,0,2,0,2,0,0,0,0,0,0,0,0,0,0,0,2,0,0,0,0,0,0,0,2,0,0,0,0,2,0,0,0,0,0,0,0,0,0,0,0,0,0,2,2,0,0,0,0,0,0,0,0,0,2,0,0,2,0,0,0,0,0,2,0,0,0,0,2,0,0,0,0,0,2,0,0,0,0,0,0,0,2,0,0,0,0,0,0,0,0,0,2,2,0,0,0,0,0,0,0,0,0,0,0,0,2,0,0,0,0,0,0,0,0,2,0,0,2,0,0,0,2,0,0,NA,2,2,0,0,2,0,0,0,2,0,0,0,0,0,0,0,0,0,0,0,0,0,0,0,0,0,0,0,2,0,0,0,2,0,2,0,0,2,0,0,0,0,0,0,0,2,0,0,0,0,0,0,0,0,0,0,0,0,0,0,0,0,0,0,0,0,NA,0,0,0,0,0,0,0,0,2,2,0,0,0,0,2,0,0,0,0,0,0,2,0,0,0,0,0,2,0,0,0,0,0,0,0,0,0,0,0,0,0,0,0,0,2,0,0,0,0,0,2,0,0,2,0,0,0,0,0,0,0,0,2,0,0,0,2,2,0,0,0,0,0,0,0,0,0,0,0,0,0,0,2,0,0,2,2,0,0,0,0,0,0,0,0,0,0,0,0,0,0,2,0,0,0,0,2,0,0,0,0,0,2,0,0,0,0,2,0,2,0,0,0,0,0,0,0,0,0,0,0,0,0,0,0,0,0,2,0,0,0,0,0,0,0,0,0,0,0,0,0,0,0,0,0,0,0,0,0,0,0,0,0,0,0,2,0,0,0,0,2,0,0,0,0,0,0,0,0,0,0,0,0,0,0,2,0,0,0,0,2,0,0,0,0,0,0,0,0,0,0,0,0,0,0,0,0,0,0,0,0,0,0,0,0,0,0,0,0,2,0,0,0,2,0,2,0,0,0,2,0,0,0,0,2,2,0,0,0,0,0,0,0,0,0,2,0,0,0,0,0,0,0,0,0,0,2,2,0,0,0,0,2,0,0,0,0,2,2,0,0,0,0,0,0,0,0,0,0,2,2,2,2,0,0,2,2,2,0,2,0,2,0,0,0,0,0,2,2,0,0,2,2,2,0,0,0,0,2,0,0,0,0,0,0,0,0,0,0,0,0,2,0,2,0,0,0,0,2,0,0,2,2,0,0,0,0,2,2,0,0,0,0,0,0,0,2,0,0,0,2,0,0,0,2,0,0,0,0,0,0,0,2,0,0,0,0,0,0,2,0,0,0,0,0,0,0,0,2,0,0,2,0,0,0,0,0,0,0,0,2,2,0,0,2,0,0,0,0,0,0,0,2,2,0,0,0,0,0,0,0,0,0,0,0,0,0,0,2,0,0,0,0,0,0,0,0,0,0,0,0,0,0,0,0,0,0,0,0,2,0,0,0,0,0,0,0,2,2,0,0,0,2,NA,2,0,0,2,0,0,NA,0,0,0,2,2,0,0,0,0,0,0,0,0,0,2,0,0,0,0,2,2,0,2,0,0,0,0,0,0,0,0,0,0,0,0,0,0,2,0,0,0,0,0,0,0,0,0,0,0,0,0,0,0,0,0,0,0,0,0,2,0,0,0,0,0,0,0,0,0,0,0,0,0,0,0,0,2,0,2,0,0,2,0,0,0,0,0,2,0,0,0,2,0,0,0,NA,2,0,0,0,0,0,0,0,2,0,0,0,0,0,0,0,0,0,0,0,0,0,0,NA,0,0,0,0,0,0,2,0,2,0,0,0,0,0,0,0,0,0,2,0,2,0,2,0,2,0,0,0,0,0,2,0,0,0,0,0,0,2,0,0,2,0,0,0,2,0,2,0,2,0,2,0,0,0,2,0,2,0,0,0,2,0,0,0,0,0,0,2,0,0,2,0,2,0,0,2,0,2,0,0,0,2,2,0,0,0,0,0,0,2,0,0,2,0,0,2,2,NA,0,0,0,0,0,0,0,0,2,0,0,2,0,0,0,0,0,2,0,0,0,0,0,0,0,0,0,0,0,0,0,0,0,0,0,0,0,0,0,0,0,2,0,0,2,2,0,0,0,0,0,0,0,0,0,0,0,0,0,0,0,0,0,0,0,0,0,0,0,0,0,0,0,0,2,0,2,0,0,0,0,0,0,0,0,0,0,0,2,0,0,0,0,0,0,0,0,0,0,2,0,0,0,0,0,0,0,0,0,0,0,0,0,0,0,0,0,0,0,0,0,2,0,0,0,0,0,0,2,0,0,0,0,0,0,0,0,0,0,0,0,0,0,0,0,0,0,0,0,0,0,0,0,0,0,0,2,0,0,0,0,0,0,0,0,0,0,0,0,0,0,0,0,0,2,0,0,0,0,0,2,0,0,0,0,2,0,0,2,2,2,0,0,0,0,0,2,0,2,0,0,0,0,0,0,0,0,2,2,0,0,0,0,0,0,0,0,0,0,0,0,0,0,0,0,0,0,0,0,0,0,2,0,0,0,0,0,2,0,0,0,0,0,0,0,0,0,0,2,0,0,0,2,0,0,2,0,0,2,0,0,0,0,0,0,0,2,0,0,0,2,2,0,0,2,2,0,0,0,0,0,0,0,0,0,0,0,0,2,0,0,0,0,0,0,0,0,0,0,2,2,2,0,0,2,2,2,0,0,0,0,0,0,0,0,0,2,0,0,2,0,0,0,0,0,0,0,2,0,0,0,2,2,0,0,0,2,0,0,0,0,0,0,0,2,0,0,0,0,0,0,0,0,0,0,0,0,0,0,0,0,2,0,0,0,2,0,0,0,0,0,0,0,0,0,0,0,0,0,0,0,0,0,0,0,0,0,0,0,0,0,0,0,0,0,0,0,0,2,0,0,2,0,0,0,0,0,0,2,NA,0,0,0,0,0,0,0,0,0,0,0,0,0,0,0,0,0,0,0,2,0,0,2,0,0,0,0,0,2,0,0,0,0,2,0,2,0,0,0,2,0,2,2,2,2,2,2,0,2,0,0,0,0,0,0,0,0,0,0,0,2,0,0,0,2,0,0,0,0,0,0,0,2,0,0,0,0,2,2,2,0,2,2,0,2,2,2,0,0,2,0,2,0,2,0,0,0,0,2,0,0,0,0,2,0,2,0,0,0,0,0,2,2,0,0,0,2,0,0,0,0,0,0,2,2,0,0,0,0,2,0,2,0,0,0,2,2,0,0,2,0,2,0,0,0,0,2,0,0,0,2,0,0,0,0,0,0,0,0,0,0,0,2,0,0,0,0,0,0,0,0,0,2,0,0,0,0,2,0,2,2,2,2,0,0,2,2,0,2,2,0,0,0,0,0,0,2,0,2,0,2,2,2,2,2,0,0,2,2,2,2,2,2,2,0,0,0,2,0,2,0,0,0,2,0,0,0,0,0,0,0,0,0,0,0,0,0,0,0,0,2,2,0,0,0,0,0,0,0,0,2,0,0,0,2,0,0,0,2,0,0,0,0,0,0,0,0,0,0,0,0,0,0,0,0,2,2,0,0,2,0,2,0,0,0,0,0,2,2,2,2,0,0,0,2,0,0,0,2,0,0,0,0,2,0,0,2,0,0,2,0,0,0,0,0,0,0,2,2,0,0,0,0,2,0,2,0,2,0,0,0,0,2,2,2,0,0,2,0,2,0,2,0,0,0,0,0,2,0,0,2,2,0,2,2,0,2,2,2,0,0,0,2,2,0,0,0,2,2,NA,0,0,2,0,0,0,0,0,0,0,0,0,0,0,2,0,0,0,0,0,0,0,0,0,0,0,0,0,2,0,2,0,0,0,0,2,0,2,0,0,0,0,0,0,2,0,0,0,0,0,0,0,0,2,0,0,0,0,0,0,0,0,0,0,0,0,0,0,0,0,0,0,0,0,0,0,0,2,0,0,0,0,0,0,0,0,0,0,2,0,0,0,0,0,0,0,0,0,0,0,0,0,0,0,0,0,2,0,0,0,0,0,0,0,0,0,2,0,0,2,0,0,0,0,0,0,0,0,0,2,0,0,0,0,0,0,0,0,0,0,0,0,0,2,0,0,0,0,0,0,0,0,0,0,0,0,0,0,0,0,0,2,0,0,0,0,2,0,0,2,0,0,0,0,0,2,0,0,0,0,0,2,0,0,0,0,0,0,0,0,0,0,2,0,0,2,0,0,0,0,0,0,2,0,0,0,0,0,0,0,0,0,0,0,0,0,0,0,0,0,0,0,0,0,0,0,0,0,0,0,0,0,0,0,0,0,0,0,0,0,0,0,0,0,0,2,0,0,0,0,0,2,2,0,0,0,0,0,0,0,2,0,0,0,0,0,0,0,2,2,0,0,0,0,0,0,0,0,0,0,0,0,0,0,0,0,0,0,0,0,0,2,0,0,0,0,2,0,2,0,0,0,0,0,0,2,2,0,2,2,0,0,0,0,0,0,2,0,0,0,0,0,0,0,0,0,0,0,0,0,0,0,0,0,0,0,0,0,0,0,0,0,0,0,0,0,0,2,0,2,0,0,0,0,0,0,0,0,0,0,0,0,0,0,0,0,0,0,0,0,2,0,0,0,0,2,2,2,0,0,0,0,0,0,0,0,0,0,0,0,0,0,0,0,0,0,2,0,0,2,2,0,0,2,0,0,0,0,2,0,0,0,0,0,0,0,0,0,0,2,0,0,2,0,0,0,NA,2,2,0,0,0,0,2,0,2,0,0,0,0,0,0,0,0,0,0,2,0,0,0,0,0,0,2,2,2,0,2,2,0,0,2,0,2,2,2,0,2,2,2,2,2,0,0,2,0,2,0,0,2,2,0,2,0,0,NA,2,2,NA,2,2,0,2,0,0,0,2,0,0,2,2,0,2,0,2,0,0,2,2,0,0,0,0,2,0,2,0,0,2,0,2,0,0,2,0,0,2,0,0,0,2,0,0,0,0,0,0,2,0,0,0,0,0,0,0,0,0,0,0,2,0,0,0,0,0,2,0,0,0,0,0,0,0,0,0,0,0,0,0,0,0,0,0,0,0,0,0,0,0,2,0,0,0,0,0,0,2,2,0,0,0,0,0,0,0,0,0,0,0,0,0,0,0,0,0,0,0,0,0,0,0,0,0,0,0,0,0,0,0,0,0,0,0,0,0,0,0,0,0,0,0,0,0,0,0,0,0,2,2,0,0,0,0,2,2,0,2,2,0,2,0,0,0,2,2,2,2,0,0,2,0,0,2,0,2,0,0,0,0,0,2,0,0,0,2,0,0,0,0,0,0,0,2,2,2,2,0,0,0,0,0,2,2,0,0,0,0,0,0,0,0,0,0,2,0,0,0,0,0,0,2,0,0,0,2,0,0,0,0,0,0,0,0,0,0,0,0,2,0,2,0,0,0,0,NA,0,0,2,0,2,0,0,2,0,0,0,0,0,0,0,0,0,0,0,2,0,0,0,0,2,0,2,0,0,0,0,0,0,0,0,2,0,0,0,0,0,0,0,0,0,0,0,0,0,0,0,0,2,0,0,0,0,0,0,2,0,0,2,0,0,2,0,0,0,0,0,0,2,0,0,0,0,0,0,0,0,0,0,0,0,0,0,0,0,0,0,0,0,0,0,0,0,2,0,0,0,0,0,0,0,2,2,0,2,0,2,2,2,2,0,0,0,0,0,0,0,0,0,0,0,0,2,0,0,2,0,0,0,0,0,0,0,0,0,0,0,0,0,2,0,0,0,0,0,0,0,2,0,0,0,0,0,0,0,0,0,0,0,0,0,0,2,0,0,0,0,0,0,2,0,0,0,2,0,0,0,0,0,0,2,0,2,0,0,0,0,0,0,0,0,0,0,0,2,0,0,0,0,0,0,0,0,0,0,NA,2,0,0,0,0,0,0,0,2,0,0,0,0,0,2,0,0,0,0,0,2,NA,0,NA,2,0,0,0,0,0,0,0,0,2,0,0,0,2,0,0,0,0,0,0,0,0,0,0,0,0,0,0,0,0,0,0,0,2,NA,0,0,0,0,0,0,0,0,0,0,0,0,0,0,0,2,0,0,0,0,0,0,0,0,0,0,0,0,0,0,0,0,0,0,0,0,0,0,2,0,2,0,2,0,0,0,0,0,0,0,0,0,0,0,0,0,0,0,0,0,0,0,0,0,0,0,0,0,0,0,0,0,0,0,0,0,0,0,2,0,0,0,2,0,0,0,0,0,2,2,0,0,0,2,0,0,0,2,0,0,2,0,0,2,0,0,0,0,0,0,0,0,0,0,0,0,0,0,0,2,0,0,0,0,0,0,0,0,0,2,0,2,0,0,0,2,2,0,0,0,0,0,0,0,0,0,0,0,0,0,0,0,0,0,0,0,0,2,0,0,0,0,0,0,0,0,0,0,0,0,0,0,0,0,0,0,0,0,0,0,0,2,0,0,0,0,0,0,0,0,0,0,0,2,0,0,0,0,0,0,0,0,0,0,0,0,0,0,0,0,0,0,0,2,2,0,0,0,0,0,0,0,0,0,0,0,0,0,0,0,2,0,0,2,0,0,0,0,0,2,2,2,2,0,0,0,0,0,0,0,2,0,2,0,0,0,0,0,0,2,2,0,0,2,0,2,0,0,0,0,2,0,2,0,0,2,0,0,0,0,0,2,0,0,2,0,0,0,2,0,0,0,0,0,0,0,0,0,0,0,0,0,0,0,0,2,0,0,0,2,0,0,0,0,0,0,0,0,0,2,0,0,0,0,0,0,2,0,0,0,0,2,0,0,2,0,0,2,0,0,0,2,0,0,0,0,0,0,NA,0,0,0,0,0,0,0,2,0,0,0,0,0,0,0,0,0,0,2,2,0,0,0,0,0,2,0,2,0,0,0,0,0,2,0,2,2,0,0,2,0,0,0,0,0,0,2,2,2,0,0,0,0,0,0,0,0,0,2,0,0,0,2,0,0,0,2,0,0,2,2,0,0,2,2,2,0,0,0,0,0,0,0,0,2,0,0,0,0,2,0,0,0,2,0,0,0,0,0,0,0,0,0,2,0,2,0,0,2,0,0,0,0,0,0,0,2,0,0,0,0,0,2,2,0,0,0,0,0,2,0,0,0,2,0,0,0,0,2,0,0,0,0,0,0,0,0,0,0,0,2,0,0,0,0,0,0,0,2,2,0,0,2,0,0,0,0,0,0,0,0,0,2,0,0,2,0,0,0,0,0,0,0,0,0,0,0,2,0,0,0,0,0,0,2,0,0,0,0,0,0,0,2,0,2,0,0,0,0,0,2,0,2,0,0,0,0,0,0,0,0,2,0,0,2,0,0,0,0,0,0,0,0,0,0,0,2,0,0,0,2,0,0,0,2,2,0,0,0,0,0,0,0,0,0,0,0,0,2,2,0,2,0,2,0,0,0,0,2,0,2,0,0,0,0,0,0,0,0,0,0,0,0,0,0,0,2,0,0,2,0,0,0,0,0,0,2,2,0,0,0,2,0,0,2,2,2,0,0,0,2,0,0,0,2,0,0,2,0,0,0,0,2,0,0,0,0,0,0,0,2,0,0,0,0,0,0,0,2,0,0,0,0,0,2,0,0,0,2,0,0,0,0,0,0,0,0,0,2,2,0,0,0,0,0,2,0,0,2,0,0,0,0,0,0,0,0,0,0,0,0,0,0,2,0,2,0,0,0,0,2,0,0,0,0,2,0,0,0,0,0,0,0,0,2,0,2,0,0,0,2,0,0,2,2,0,0,0,0,0,0,0,0,0,0,0,0,0,0,0,0,0,0,0,0,0,0,0,2,2,2,2,0,0,0,0,0,0,2,0,2,0,0,0,0,0,2,0,0,0,0,2,0,0,2,0,0,0,2,0,0,0,0,0,0,0,0,0,0,0,0,0,2,0,0,0,0,2,0,0,0,0,0,2,0,0,0,0,0,2,2,0,0,0,0,2,2,2,0,2,0,0,2,0,2,0,0,0,0,0,2,2,0,2,0,2,0,0,2,0,0,0,0,2,0,0,2,0,2,0,2,0,2,2,2,0,0,2,2,2,0,2,2,0,0,2,0,0,0,0,0,0,0,0,2,0,0,2,0,0,0,2,0,2,0,0,0,0,0,0,0,0,0,0,0,0,0,0,0,0,2,0,0,0,0,0,0,0,0,0,0,0,0,0,0,0,0,0,0,0,2,2,0,0,0,2,0,0,0,2,0,0,0,NA,0,0,0,0,0,2,0,0,0,2,2,0,0,0,0,2,0,0,2,0,0,0,0,0,0,0,0,0,0,0,0,2,0,0,0,0,0,0,0,0,0,0,2,0,0,2,0,0,0,0,2,0,0,0,2,0,0,2,0,0,0,0,0,0,2,0,2,2,0,0,0,0,2,2,0,2,0,2,2,0,0,2,2,0,2,0,0,0,2,2,0,2,0,0,0,2,0,2,2,2,0,0,0,0,0,0,0,2,0,0,0,0,0,0,0,0,0,0,2,2,0,0,0,0,0,0,0,0,2,2,2,0,0,0,2,2
"CC74",2,2,2,0,0,0,2,0,0,0,0,0,0,0,0,2,0,0,0,0,2,0,0,0,2,0,0,0,0,2,0,2,0,0,0,2,0,0,2,0,0,2,2,2,2,0,0,2,0,0,2,2,0,2,0,0,2,0,0,0,0,2,0,2,0,0,0,0,0,2,2,0,2,0,0,0,0,0,0,2,0,0,0,0,0,2,0,0,0,2,0,2,2,0,0,2,0,0,2,2,0,0,2,2,2,0,0,0,0,0,0,0,0,2,2,0,0,0,0,2,0,0,2,2,0,0,0,0,2,0,2,0,0,0,0,0,0,0,0,0,0,0,0,0,0,2,0,2,2,0,0,2,0,2,2,2,0,0,NA,0,0,2,0,0,NA,0,0,0,0,0,0,0,0,0,0,0,2,0,2,0,0,0,0,0,0,0,0,0,0,2,0,2,0,0,0,0,0,2,0,0,0,0,0,0,0,0,0,0,0,0,0,0,0,2,2,0,2,0,0,0,2,0,0,0,0,2,0,0,2,0,0,0,0,0,0,0,0,0,0,0,2,0,0,0,0,0,0,0,2,0,0,0,0,0,0,2,2,0,0,0,0,0,0,2,0,0,0,0,0,0,0,0,0,0,0,0,0,0,0,0,0,0,0,0,0,0,0,0,0,0,0,0,0,0,0,2,0,0,2,2,0,0,0,2,2,0,0,2,0,2,0,0,0,0,2,0,0,2,0,0,0,0,0,0,2,0,0,0,0,0,0,2,0,0,0,2,0,0,2,0,0,0,0,0,0,0,0,0,0,0,0,0,0,0,0,0,0,0,2,0,0,2,0,0,0,0,0,0,0,2,0,0,2,0,0,0,2,0,0,0,0,0,0,0,0,0,2,0,0,0,0,0,0,0,0,0,0,0,2,0,0,0,0,0,0,0,0,0,0,2,0,2,0,0,0,0,0,2,0,0,0,0,2,0,0,0,0,2,0,0,2,0,2,0,0,2,2,0,2,0,0,0,2,0,2,2,0,0,2,0,0,0,2,2,2,0,0,0,0,0,0,0,2,0,0,0,0,0,2,2,0,0,0,0,0,0,NA,0,0,0,2,0,0,2,0,2,0,0,2,0,0,0,0,2,0,0,0,0,0,2,0,0,2,0,0,0,0,2,2,0,0,2,0,2,0,0,0,0,0,0,0,0,2,0,0,0,0,0,0,2,2,0,2,0,0,0,0,0,0,0,2,0,0,2,0,0,0,0,0,0,2,0,0,0,0,0,2,2,0,0,0,0,0,0,0,2,0,0,0,0,0,2,2,0,2,0,0,0,0,0,2,2,0,0,0,0,0,0,2,2,0,2,2,2,2,0,0,2,0,0,0,0,0,0,0,0,0,0,0,0,0,0,0,0,0,0,0,0,0,0,0,0,0,0,0,2,0,0,2,0,0,0,0,2,0,0,0,2,0,2,0,0,0,0,0,2,0,0,0,0,0,0,0,0,2,0,2,0,0,0,2,2,0,0,0,0,0,0,0,0,0,0,0,2,0,2,0,0,0,0,0,0,2,0,0,0,0,0,0,0,0,0,0,0,0,0,0,0,0,0,0,0,0,0,0,0,0,0,0,0,2,2,0,0,0,0,2,0,2,0,0,0,0,0,0,2,0,2,2,0,2,0,2,0,0,0,0,0,0,0,0,0,2,0,0,0,0,0,2,0,0,0,0,0,0,2,0,0,2,0,NA,0,2,0,0,2,0,0,0,0,2,0,0,0,0,0,0,0,0,0,0,0,0,0,0,2,0,0,0,0,0,0,0,0,0,2,0,0,0,0,0,0,0,0,0,0,0,0,0,0,0,0,0,0,0,0,0,0,0,0,0,0,2,0,0,0,0,0,0,0,2,0,0,0,0,2,2,0,0,0,2,0,0,2,0,0,0,2,2,2,0,0,2,0,2,0,0,0,0,2,2,2,2,0,0,0,0,2,2,2,2,2,0,2,0,0,0,0,0,0,2,2,0,0,0,0,0,0,0,2,0,0,0,0,2,0,2,2,0,0,0,0,0,0,2,2,0,0,0,0,0,0,0,0,0,2,0,0,0,2,2,0,0,0,2,2,0,0,2,2,0,0,0,0,0,0,0,0,0,2,0,2,NA,0,2,0,0,0,0,2,2,0,2,0,0,0,0,0,0,0,0,0,0,0,0,0,0,0,0,0,0,2,2,0,2,0,0,2,0,2,0,0,2,0,0,0,0,2,0,0,0,0,0,0,2,0,0,2,0,0,0,0,0,0,0,0,0,0,0,0,0,0,0,0,0,0,0,2,0,2,0,0,2,2,0,0,0,0,0,0,0,0,0,0,0,2,0,0,0,0,0,0,2,0,0,0,0,0,2,0,0,0,2,0,0,0,0,2,2,0,0,2,0,2,2,0,0,2,0,0,0,0,2,0,0,0,0,0,0,0,2,2,0,0,0,0,0,0,0,2,2,NA,0,0,2,0,2,0,2,0,0,2,2,0,0,0,0,0,0,0,2,0,0,0,0,0,2,0,0,2,0,0,0,2,2,0,0,0,0,2,0,0,2,0,0,0,0,0,0,0,0,2,0,NA,2,0,0,2,2,2,0,0,2,0,0,0,0,0,0,0,0,0,0,0,0,0,0,0,0,0,2,0,0,0,0,2,0,0,0,0,2,0,0,0,0,0,0,0,0,0,0,2,0,0,0,0,0,0,0,0,0,0,0,0,2,0,0,0,0,0,0,0,0,0,0,0,0,0,0,2,2,0,0,0,2,0,2,2,0,2,0,0,0,0,0,0,0,0,0,0,0,0,0,NA,0,2,0,0,0,0,0,0,0,0,0,0,0,0,0,0,0,0,2,0,0,0,0,2,0,2,0,0,2,0,0,0,2,2,0,0,2,2,0,0,0,2,0,0,0,0,0,0,2,0,0,2,0,0,2,0,2,0,0,2,0,0,0,0,2,NA,2,0,0,0,0,0,0,2,2,0,0,0,0,0,2,0,2,0,0,2,2,0,0,0,2,0,0,0,0,0,0,0,0,0,0,0,0,0,0,2,0,0,0,0,0,0,0,0,2,0,0,0,0,2,0,0,0,0,0,2,2,0,0,0,0,0,0,2,0,0,0,0,0,0,0,0,0,0,0,0,0,0,0,0,0,0,2,0,0,0,2,0,0,2,0,0,0,0,2,0,0,0,0,0,2,0,2,0,0,0,0,0,0,0,0,NA,2,0,0,2,0,0,2,0,0,2,0,0,0,0,0,0,2,0,0,2,0,0,0,0,0,0,2,0,2,0,0,0,0,0,0,0,0,0,0,2,0,0,2,0,0,0,2,0,0,0,0,0,2,0,0,0,0,0,NA,0,0,0,0,0,0,0,0,0,0,2,0,2,0,0,0,0,2,0,0,2,0,0,0,0,0,0,0,0,0,2,0,0,0,0,2,0,2,0,0,0,0,0,0,0,0,0,0,0,0,0,0,0,2,0,0,0,0,0,2,0,0,0,0,2,0,0,0,0,0,0,0,0,0,0,0,0,0,2,0,0,0,0,2,0,2,0,2,0,0,0,0,0,0,0,0,0,2,0,2,2,0,0,0,2,0,0,0,0,0,0,0,0,0,0,0,0,0,0,0,0,2,0,0,0,0,0,0,2,0,0,0,0,0,0,0,2,0,2,2,2,0,0,0,0,0,2,0,0,0,0,0,0,0,0,0,0,0,0,0,2,2,0,0,0,0,0,2,0,0,0,0,2,0,0,0,0,0,0,0,2,0,2,0,0,0,0,0,0,0,0,2,0,2,0,0,2,2,0,0,2,0,0,0,2,0,0,2,0,0,2,2,0,0,0,0,0,0,0,2,0,0,0,0,0,2,0,0,0,0,2,2,0,2,2,2,0,0,0,0,0,2,0,2,0,0,2,2,2,NA,0,0,0,0,0,0,0,0,2,0,2,0,0,0,0,0,0,0,2,2,0,0,0,0,0,0,0,2,2,0,0,2,0,0,0,2,2,0,2,2,0,0,0,0,0,0,0,2,0,0,0,0,0,0,0,0,0,0,2,0,0,0,0,0,2,0,0,0,0,0,0,0,0,2,0,0,0,2,2,0,0,2,0,0,0,0,0,0,0,0,0,0,2,0,0,2,0,0,0,0,2,0,0,2,0,0,0,0,0,0,0,0,0,0,2,0,0,0,2,0,2,0,0,0,0,0,0,0,0,0,0,0,0,0,2,0,0,0,0,0,0,0,0,0,0,2,2,0,0,0,0,0,0,0,0,0,2,2,0,0,0,0,0,0,0,0,0,2,0,0,0,0,0,2,2,0,2,0,0,0,0,0,0,0,0,2,0,0,0,0,0,2,0,2,2,0,2,0,0,2,0,0,0,0,0,0,0,0,0,2,0,0,0,2,0,0,2,0,0,2,2,2,0,0,0,0,2,0,2,2,0,0,0,0,0,0,0,0,0,0,0,0,0,0,0,2,2,0,0,0,2,0,0,2,0,2,0,2,0,2,0,2,0,0,2,0,2,0,0,0,0,2,0,0,0,2,0,0,2,0,NA,0,0,0,0,0,2,0,2,0,2,2,0,2,2,2,0,0,2,0,0,0,0,0,0,0,0,0,0,0,0,2,0,0,0,2,0,0,0,0,0,0,0,0,0,0,0,0,0,0,0,0,0,0,0,2,2,0,0,0,0,0,0,0,0,2,0,2,2,0,2,2,0,0,0,2,0,0,0,0,0,0,0,2,2,2,2,0,0,0,0,2,0,0,0,0,2,2,2,0,0,0,2,0,0,0,2,0,0,0,0,0,2,0,0,0,0,0,0,2,0,2,0,2,0,2,0,0,2,2,2,0,0,0,0,0,0,0,0,0,0,0,0,0,0,0,2,2,2,0,0,2,0,0,0,0,0,0,0,0,2,0,0,0,2,0,2,2,0,0,0,2,2,2,0,0,0,2,0,0,0,0,2,0,0,0,0,2,2,0,0,0,0,0,0,0,0,2,0,0,0,2,0,0,0,0,0,0,0,2,2,0,0,0,2,0,0,0,2,0,2,0,0,0,0,0,0,0,0,0,0,0,0,0,0,2,0,0,2,0,2,0,0,0,0,0,0,0,0,2,0,2,2,0,0,0,0,0,0,0,2,0,0,0,2,0,2,0,0,0,0,0,0,2,2,0,0,0,0,0,0,0,0,0,0,0,0,0,0,2,0,0,0,0,2,0,0,0,2,0,0,0,0,2,0,0,2,0,0,0,0,0,0,0,0,2,2,0,0,0,0,0,0,0,0,0,2,0,2,2,0,0,2,0,0,0,0,2,0,0,2,2,0,0,0,0,2,0,0,0,0,0,0,2,2,0,0,0,2,0,0,0,0,2,0,0,0,0,0,2,0,2,2,0,0,0,0,0,0,0,0,0,0,0,2,0,0,0,0,2,2,0,0,0,0,0,0,2,0,0,2,2,0,0,0,0,0,0,2,2,0,0,2,2,0,0,2,0,0,0,0,0,0,0,0,2,0,0,0,0,0,0,0,0,0,0,0,0,0,0,2,0,0,2,0,0,0,0,2,0,2,0,0,0,0,2,0,0,0,0,0,0,0,0,0,0,0,0,0,0,0,0,0,0,2,0,0,0,0,0,0,0,0,2,0,0,0,2,0,0,0,0,0,0,0,0,0,0,0,0,0,0,0,0,0,2,0,0,0,0,0,0,2,0,2,0,0,0,0,0,0,0,0,0,0,0,0,0,0,2,0,2,0,0,0,0,0,0,0,0,0,0,0,0,0,0,2,0,0,0,0,0,0,2,0,2,2,0,0,0,0,0,0,0,0,0,0,0,0,0,0,0,2,0,2,0,0,0,0,0,0,2,0,0,0,0,2,2,0,0,0,0,0,0,0,2,0,0,0,0,0,0,2,0,2,0,0,0,0,2,0,2,2,0,0,2,2,0,0,0,0,2,0,0,2,2,0,0,0,0,0,2,0,2,2,0,0,2,0,2,0,0,0,0,0,0,2,0,2,0,0,2,0,0,0,2,2,0,0,0,0,2,0,0,0,2,0,2,0,2,0,0,0,0,2,2,2,2,0,0,0,0,0,0,0,0,0,0,0,0,0,NA,0,0,2,0,0,2,0,0,0,0,0,0,0,0,2,0,0,0,2,0,0,0,0,0,0,0,0,0,0,0,0,2,2,0,0,0,2,0,0,0,2,0,2,0,0,2,0,2,0,0,2,2,0,0,2,0,0,0,0,0,0,0,NA,0,2,0,0,0,2,0,0,0,0,0,2,2,0,0,0,0,2,0,0,0,0,0,0,0,0,0,0,0,0,0,0,0,0,0,0,0,0,0,2,2,0,0,0,0,0,0,2,0,0,0,2,0,0,2,2,0,0,0,0,0,0,0,0,0,0,0,0,2,0,0,0,0,0,0,2,0,0,2,0,2,0,0,2,0,0,0,0,2,0,2,0,2,0,0,2,0,2,0,0,0,0,2,0,0,0,0,2,0,2,2,0,0,0,0,0,2,2,0,0,0,0,0,0,2,2,2,0,0,2,0,0,2,2,0,0,2,0,2,0,0,0,0,0,0,NA,0,2,2,0,0,0,0,2,0,2,0,2,0,0,0,0,0,0,2,0,0,0,2,0,0,0,0,2,0,0,0,0,0,0,0,0,0,0,0,0,0,0,2,2,0,0,2,0,0,2,2,0,0,0,0,0,0,0,0,0,0,0,0,0,0,0,0,0,0,0,0,0,2,0,0,0,0,2,0,0,0,0,2,0,2,0,0,2,0,0,0,0,0,0,0,2,0,0,0,0,0,0,0,0,0,0,0,2,0,2,0,0,0,0,0,0,0,2,0,2,0,0,2,2,0,0,2,0,2,0,0,0,2,2,0,2,2,0,2,2,0,2,0,0,0,2,2,0,0,0,2,0,0,0,2,0,0,0,0,0,0,2,0,0,0,0,2,0,0,0,0,0,0,0,0,0,2,0,0,0,0,2,0,0,0,0,0,2,0,0,0,0,0,0,0,0,0,2,0,0,0,0,0,0,0,0,0,0,0,0,0,0,0,2,0,0,2,2,0,0,0,0,0,2,0,0,0,0,0,0,0,0,0,0,2,2,0,0,0,0,0,0,0,2,0,0,0,0,0,0,0,0,0,0,0,0,2,0,0,0,0,0,0,0,2,0,0,0,2,0,2,0,0,0,0,0,0,2,2,0,0,0,0,0,0,0,0,0,0,0,0,0,0,0,2,0,0,0,0,2,0,2,2,0,0,0,2,0,0,0,0,2,0,0,0,0,0,0,0,0,0,0,0,0,0,0,0,0,0,0,0,0,0,0,0,0,2,0,0,0,0,0,0,0,0,0,0,2,0,0,0,0,0,0,0,0,0,0,0,0,0,0,0,2,0,0,0,0,0,0,0,0,0,0,0,2,0,0,2,2,0,0,0,0,0,0,0,0,0,0,0,0,0,0,2,0,0,0,0,0,0,0,0,2,0,0,0,0,0,0,0,2,2,0,0,0,0,2,0,0,0,0,0,2,0,0,0,0,0,0,0,0,2,0,2,2,0,2,0,2,0,0,0,2,2,2,0,0,0,0,0,0,0,0,2,2,2,2,2,0,0,0,2,0,0,0,0,0,0,0,0,0,2,0,0,2,0,0,0,0,0,2,0,0,0,0,0,0,0,0,0,0,0,0,0,0,0,0,0,0,0,0,0,0,0,2,0,0,0,0,0,0,0,0,0,0,0,2,0,2,2,0,0,0,0,2,2,0,2,2,0,0,0,0,0,0,2,0,0,2,0,0,0,0,0,0,0,2,0,0,0,0,2,0,0,0,0,0,0,0,0,0,0,0,0,0,0,2,0,0,0,0,0,0,0,0,0,0,0,0,0,0,0,0,2,0,0,0,0,0,0,0,0,0,0,0,2,0,0,2,0,2,0,0,0,0,0,0,0,0,0,0,0,0,0,0,0,0,0,0,0,0,0,0,0,0,0,0,0,2,0,0,0,0,2,2,0,0,0,0,0,0,0,2,0,0,0,0,0,0,0,0,2,0,0,0,0,0,0,0,0,0,0,0,0,0,0,0,0,0,0,0,0,0,0,0,0,0,0,0,0,0,0,0,2,0,0,0,0,2,0,0,2,0,0,0,2,0,2,0,2,2,2,0,2,0,0,0,2,0,0,0,2,2,2,2,0,2,2,0,0,0,2,2,0,0,0,0,0,0,2,0,2,0,0,2,0,0,0,2,0,0,0,2,2,2,0,2,NA,2,0,0,2,0,0,0,0,0,0,0,0,2,0,0,0,0,0,2,0,0,0,2,0,2,0,0,0,0,2,2,0,0,2,0,2,0,2,2,0,2,0,0,2,0,0,2,0,2,2,2,0,0,2,0,0,0,0,2,0,2,0,0,0,0,0,0,0,0,2,0,2,0,2,0,0,2,2,0,2,2,0,0,0,0,0,0,2,0,0,0,0,0,0,0,0,0,0,0,2,0,0,0,0,0,0,0,0,0,0,2,2,0,2,0,0,2,2,0,0,2,0,0,0,0,0,0,0,0,0,0,2,0,0,0,2,0,0,0,0,0,0,2,0,0,0,0,2,0,0,0,0,0,0,0,0,0,0,0,2,2,2,0,0,0,0,2,0,0,0,0,0,0,0,2,0,0,2,2,0,2,0,0,0,0,0,0,2,0,0,2,0,0,2,0,0,0,0,0,0,0,0,0,0,0,0,0,0,0,0,2,2,0,0,2,0,0,2,0,0,0,0,0,0,0,0,0,0,0,2,2,0,0,0,0,0,0,0,0,0,0,0,0,0,0,0,0,0,2,0,0,0,0,0,0,0,0,0,0,0,0,2,0,0,0,0,0,2,2,0,0,0,2,0,0,0,2,0,2,0,0,0,0,0,2,0,0,2,0,0,0,0,0,0,0,2,0,0,0,0,2,0,0,2,0,2,0,0,0,0,0,0,2,0,0,0,0,0,0,0,2,0,0,0,0,0,0,0,0,0,0,0,0,0,0,0,2,0,0,0,0,0,0,2,2,0,0,0,2,0,0,0,0,0,0,0,2,0,0,0,0,0,2,0,0,0,0,0,0,2,0,0,0,0,0,2,0,0,0,0,0,2,0,0,2,2,0,0,0,0,0,0,0,0,2,2,2,0,2,0,2,0,0,0,0,0,0,0,0,0,0,2,2,0,0,0,0,0,0,0,2,0,0,0,0,0,2,0,0,0,0,0,0,0,2,0,2,0,0,0,0,0,0,0,0,0,0,2,2,0,0,0,2,2,0,0,2,0,2,2,2,2,0,0,2,0,2,2,0,0,2,0,0,0,0,0,0,0,0,0,0,2,0,0,0,2,2,0,0,2,0,0,0,0,2,0,0,0,0,2,0,2,0,2,0,2,0,0,0,0,0,2,0,0,0,0,0,0,2,2,0,2,0,2,0,0,0,0,0,0,0,0,0,0,0,0,0,0,0,0,0,2,2,2,0,0,0,0,0,0,0,0,2,0,0,2,0,0,0,2,0,0,0,2,0,0,0,0,2,0,0,0,0,2,2,0,0,0,2,0,0,0,0,0,0,0,0,0,0,2,2,2,0,0,0,0,2,0,0,0,0,2,0,2,0,0,0,0,0,0,0,0,0,0,2,0,0,0,0,0,0,2,2,0,0,0,0,2,0,0,0,0,0,0,0,2,2,0,0,2,0,0,0,0,0,0,0,0,0,2,2,2,0,0,0,0,0,0,0,0,0,0,0,0,0,0,2,0,2,0,0,0,0,0,0,0,0,0,0,0,0,0,2,2,0,2,0,2,0,0,0,0,2,0,2,2,0,0,2,0,0,0,0,0,0,2,2,0,2,0,0,2,0,2,0,2,0,2,0,0,0,0,0,0,0,0,0,0,0,0,2,0,0,0,0,0,0,2,0,0,0,2,0,2,0,0,0,0,0,0,0,0,2,2,0,0,2,0,2,2,0,2,0,0,2,2,2,2,0,0,2,2,0,0,0,0,0,0,0,0,0,0,2,2,2,0,2,2,0,0,2,2,2,2,0,2,0,0,0,2,0,2,2,0,0,0,0,0,0,0,0,0,0,0,0,0,0,2,0,0,0,0,0,2,0,2,0,0,0,0,0,0,2,0,0,0,0,0,2,0,0,0,2,0,0,0,0,0,0,0,2,2,0,0,0,2,0,0,0,2,0,2,2,0,0,0,2,0,0,0,0,0,2,0,0,0,0,0,0,0,2,0,0,0,0,0,0,0,2,0,0,0,0,2,0,2,0,0,0,2,0,0,0,2,0,0,0,0,2,0,2,0,0,0,0,NA,0,0,0,0,2,2,2,0,0,2,0,0,2,2,0,0,2,2,2,2,0,0,0,0,0,2,0,0,0,0,0,0,2,0,0,0,0,0,2,2,2,0,0,0,0,0,0,0,2,2,2,2,0,0,0,2,0,0,0,2,0,0,0,0,0,0,0,2,2,0,0,0,0,0,2,2,0,0,0,0,0,2,0,2,0,0,0,0,2,2,0,0,0,0,2,0,0,0,0,0,2,0,0,0,0,0,0,0,0,0,0,0,0,0,2,2,0,0,0,2,0,2,0,0,0,0,0,0,0,0,0,0,0,0,0,0,0,0,0,0,0,0,2,0,2,2,0,0,0,0,2,2,0,2,0,0,2,0,0,0,2,0,0,2,0,0,0,2,0,0,2,0,2,0,2,0,0,0,0,0,0,0,0,0,0,2,0,0,0,0,2,0,0,0,0,0,0,0,0,0,0,0,0,0,2,2,0,0,2,0,0,0,0,0,0,0,0,0,0,0,0,2,0,2,2,2,0,0,0,NA,0,2,0,0,0,2,0,0,0,0,0,0,0,0,0,0,0,0,2,0,0,0,0,0,2,0,0,2,0,0,0,2,0,0,0,0,0,0,0,0,0,2,0,0,0,0,0,0,2,0,2,0,0,0,0,0,0,0,0,2,0,0,0,0,0,0,0,0,0,0,0,0,2,0,0,0,0,0,0,2,0,0,0,0,0,0,0,2,0,0,0,0,0,0,0,0,0,0,0,2,0,0,0,2,0,0,0,0,0,0,0,0,0,0,0,0,0,0,0,0,0,0,0,0,0,0,2,2,0,0,0,0,0,0,0,0,2,0,0,0,0,0,2,0,0,2,0,0,0,0,2,0,0,0,0,0,0,2,0,2,0,0,2,0,2,2,0,0,0,0,0,0,0,2,0,0,0,0,0,0,2,0,0,0,0,0,2,0,0,0,0,0,0,0,0,0,0,0,0,0,0,2,0,0,0,0,0,0,0,2,2,0,0,0,0,0,0,2,2,0,0,0,2,0,0,0,0,0,0,0,2,0,0,0,0,0,2,0,0,0,2,0,0,0,0,0,0,2,0,0,2,2,0,0,0,0,2,2,0,0,0,0,0,0,0,0,0,2,0,0,0,0,0,2,0,2,0,0,0,0,0,0,0,0,2,0,0,0,0,0,0,0,2,2,0,0,0,0,2,0,2,0,0,0,2,0,0,0,0,0,0,0,0,0,0,0,0,0,0,0,2,0,0,2,0,0,2,0,2,2,0,0,0,0,0,0,0,0,0,0,0,0,0,0,0,0,0,0,0,0,0,0,0,0,0,0,0,0,0,0,2,2,0,0,0,0,0,0,0,0,0,0,0,0,2,0,0,0,0,0,2,2,2,2
"CC75",0,0,0,0,2,0,0,0,0,0,0,0,0,0,0,0,0,0,2,2,2,0,0,0,0,0,0,0,0,2,0,0,0,0,0,0,2,0,0,0,0,2,0,2,NA,0,0,0,2,0,2,NA,0,0,0,0,2,0,0,0,0,2,0,2,0,2,0,0,0,0,2,0,0,0,0,0,0,0,0,0,2,2,0,0,0,0,0,0,0,0,0,0,0,0,0,2,0,0,0,0,2,2,0,2,0,2,0,0,0,0,2,2,0,0,0,0,0,0,0,0,0,0,0,0,0,0,0,2,2,0,2,0,0,0,2,0,0,0,0,0,0,0,0,0,0,0,0,2,2,2,0,0,0,0,0,2,0,0,0,2,0,0,2,2,2,2,2,0,0,0,0,2,0,0,0,0,0,0,0,2,2,0,0,2,2,0,0,2,0,0,2,2,2,0,0,0,2,2,0,0,0,0,0,0,0,0,0,2,0,0,0,2,0,0,0,0,2,0,2,0,0,0,0,2,2,2,0,2,0,0,0,0,0,2,0,0,0,0,0,0,2,0,0,0,2,0,2,0,0,2,0,0,0,2,0,0,2,0,0,0,0,0,0,0,2,0,0,2,0,2,0,0,0,2,0,0,0,0,0,0,0,0,0,2,0,0,0,2,2,0,0,0,0,0,0,2,2,2,2,2,0,0,0,0,2,0,2,2,0,0,0,0,0,2,0,0,0,2,0,2,0,0,0,2,0,0,0,2,2,0,0,0,0,0,0,0,0,0,0,2,0,0,0,0,0,0,0,0,0,0,2,2,0,0,0,0,0,0,0,0,0,0,0,0,0,0,0,0,2,0,0,0,0,0,2,2,0,0,0,0,0,0,0,0,0,0,0,0,2,2,0,0,0,0,0,0,0,0,0,0,0,0,2,2,0,2,2,0,0,2,0,0,0,0,0,0,0,0,0,0,0,2,0,0,0,0,0,0,2,0,0,0,0,2,2,0,0,0,0,0,2,0,0,0,2,0,0,0,0,0,0,0,0,0,2,2,0,0,0,0,0,0,0,0,0,0,0,2,0,0,0,0,2,0,0,2,0,0,0,2,0,0,0,0,2,0,2,0,0,2,0,0,0,0,0,0,0,0,0,0,0,0,2,0,0,0,0,0,2,0,0,2,0,0,0,0,0,0,0,0,0,0,2,0,0,0,0,0,0,0,0,0,0,0,0,0,2,0,0,2,0,0,0,2,0,0,2,0,0,0,0,0,0,0,0,0,2,0,0,0,0,2,0,2,0,0,0,0,0,0,0,0,0,0,2,0,0,0,2,2,2,0,0,0,0,2,2,0,2,0,0,0,0,2,0,0,2,0,2,0,0,0,0,0,0,0,0,0,2,0,0,0,0,2,0,NA,0,0,0,0,0,0,0,2,2,2,0,0,0,0,0,0,0,2,2,0,0,0,0,0,0,0,0,2,0,0,0,0,0,0,0,0,0,0,0,0,0,0,0,0,0,0,0,2,2,0,0,0,0,2,0,0,0,2,0,2,2,0,0,0,0,0,2,0,2,0,0,0,0,0,2,0,0,0,0,0,2,2,2,2,0,2,0,0,0,2,0,0,0,0,0,0,0,0,0,0,0,0,2,0,0,NA,0,0,0,2,2,0,2,0,0,0,0,0,2,0,0,0,0,0,0,0,0,0,0,0,0,0,0,0,0,0,0,0,2,0,2,0,2,0,0,0,0,2,0,0,0,0,0,0,0,0,0,2,2,0,0,2,0,0,0,0,0,0,2,0,0,0,0,0,0,0,0,0,0,2,0,0,0,2,0,0,0,0,0,2,0,0,2,0,0,0,0,0,0,0,0,0,2,0,0,0,0,0,0,2,0,0,0,0,0,0,0,0,0,0,2,0,0,0,2,2,0,0,0,0,0,2,0,2,0,2,2,0,2,0,0,0,0,0,2,0,0,0,0,0,0,0,0,2,0,0,0,2,0,2,0,0,0,0,2,2,0,0,0,2,2,2,0,0,0,2,2,0,0,0,0,0,0,0,0,0,0,0,0,0,0,0,0,0,0,0,0,0,0,2,0,2,0,0,0,0,0,0,0,0,0,0,0,0,0,0,0,0,0,0,0,0,0,0,0,0,0,0,2,0,0,0,0,0,2,0,0,0,2,2,0,0,0,0,0,0,2,0,0,0,2,0,2,0,0,0,2,0,0,0,2,0,2,2,0,0,0,0,0,2,0,0,0,0,0,2,2,0,2,0,0,0,0,0,2,0,0,0,0,0,0,0,0,0,0,0,0,0,0,0,0,2,0,0,0,0,0,0,2,0,0,0,0,0,0,0,0,0,0,0,0,2,0,2,0,2,0,0,0,0,0,0,0,0,0,0,0,0,2,2,0,0,2,2,0,0,NA,0,0,0,2,2,0,0,0,0,0,0,2,2,2,2,2,NA,0,0,0,0,0,0,2,0,2,0,0,0,0,0,2,2,0,0,0,0,2,0,0,2,0,0,0,0,0,0,2,0,0,0,0,0,0,2,2,0,0,0,2,0,0,0,0,2,2,0,2,0,0,0,0,2,0,0,0,0,0,2,0,2,0,0,0,0,0,2,0,0,0,0,0,0,0,0,0,2,2,2,0,0,0,0,0,0,0,0,0,0,0,0,0,0,2,0,0,0,0,0,0,0,0,0,0,0,0,0,0,0,0,0,0,0,0,0,0,0,0,0,0,0,0,0,0,0,0,0,0,0,0,0,0,0,0,0,0,0,0,0,0,0,0,0,0,2,0,2,0,2,0,0,0,0,0,0,0,0,0,0,0,0,0,0,0,0,0,0,0,0,0,0,0,0,0,0,0,0,0,0,0,0,2,0,0,2,0,0,0,0,0,0,0,0,0,0,0,0,2,2,0,0,2,0,0,0,0,2,0,0,2,2,0,0,2,0,0,0,0,0,2,0,0,0,0,0,0,0,0,2,0,0,0,0,0,2,0,0,0,0,0,0,2,0,2,0,0,0,0,0,0,0,0,2,2,0,2,2,0,0,0,0,0,0,0,2,0,0,0,0,0,2,0,0,0,0,0,0,0,0,2,2,0,0,0,0,0,2,2,0,0,0,2,0,2,0,0,0,0,0,0,0,0,0,0,0,0,0,0,0,0,0,0,0,0,0,0,0,0,0,0,0,0,0,0,0,2,2,0,0,2,0,0,0,0,0,0,0,0,0,0,2,2,2,2,0,0,2,0,0,2,0,2,2,0,0,0,0,0,0,2,0,0,0,0,2,0,2,0,2,0,0,0,NA,0,0,0,0,0,0,0,0,2,2,0,0,2,0,0,0,0,0,2,2,0,0,0,0,0,0,2,0,0,0,0,2,2,2,0,0,2,0,2,0,0,2,0,0,0,2,0,2,0,0,0,0,0,0,0,0,2,0,0,0,2,0,0,0,2,0,2,2,2,0,0,0,0,0,0,0,0,0,0,0,0,0,0,0,0,0,0,2,0,0,0,0,0,2,0,0,0,0,0,0,0,0,2,0,0,0,0,2,0,0,2,0,0,0,0,0,0,0,0,0,0,0,0,0,0,0,0,0,2,0,0,0,0,0,0,0,0,2,0,0,2,0,2,0,0,2,0,0,0,0,2,0,0,0,0,0,0,0,0,0,0,2,0,2,0,2,0,0,0,0,0,0,2,0,0,2,2,0,0,0,0,2,0,0,0,2,0,0,2,0,0,0,0,0,0,2,2,0,0,2,0,0,0,0,2,2,0,0,0,0,2,2,0,0,0,0,0,0,0,0,0,0,2,0,0,0,0,0,0,0,0,0,0,2,0,0,2,0,0,0,0,0,0,0,0,0,0,0,0,2,0,0,0,2,2,0,0,0,2,0,2,0,0,0,2,2,0,0,0,0,2,0,0,0,0,0,0,0,0,2,0,0,0,0,2,0,0,0,0,2,0,0,0,0,0,0,0,0,0,0,0,0,0,0,0,0,0,0,0,0,2,0,0,0,2,2,0,0,0,0,0,0,0,0,0,0,0,0,0,0,0,0,0,0,0,0,0,2,0,0,0,2,2,0,0,0,2,0,0,0,0,2,2,0,0,0,0,2,0,2,2,0,2,2,0,0,0,0,0,2,0,0,0,0,0,2,0,2,2,0,0,0,2,0,0,0,0,2,0,0,2,0,0,0,0,0,2,2,0,0,0,2,2,0,0,0,0,0,0,0,0,0,2,0,0,0,0,0,0,0,2,0,0,0,2,0,0,0,0,0,0,0,0,0,0,2,2,2,0,0,2,0,0,0,2,0,0,2,0,2,0,0,0,0,0,0,2,0,2,2,0,0,0,2,0,0,0,2,0,0,0,0,0,0,0,0,0,0,0,0,2,0,0,0,0,0,0,0,0,0,2,0,0,0,0,0,0,0,0,0,0,0,0,0,0,0,0,2,0,0,2,0,0,0,0,0,0,0,2,0,0,0,0,0,0,0,0,0,0,0,0,0,0,0,0,0,0,0,0,0,0,0,2,0,0,2,0,0,0,0,0,2,0,0,0,0,0,2,2,0,0,0,2,2,0,2,2,2,0,0,0,0,0,0,0,2,0,0,0,0,0,0,0,0,0,0,0,2,2,0,2,0,0,0,0,0,0,0,0,0,0,0,0,0,0,0,0,0,0,0,0,0,0,0,2,0,0,0,0,0,0,2,0,0,0,0,0,0,0,0,2,0,0,0,0,0,0,0,0,0,0,0,0,2,0,0,0,2,2,0,2,0,2,0,0,2,0,0,0,0,2,0,0,0,0,0,0,0,0,0,0,0,0,0,0,0,0,0,2,0,2,0,2,0,0,0,0,2,2,2,0,0,0,0,0,0,0,0,0,0,0,0,0,0,0,0,2,2,0,2,0,0,0,0,0,2,0,0,0,0,0,0,0,2,0,2,0,0,0,0,0,2,0,0,0,2,0,0,2,0,0,0,0,0,0,2,0,2,0,0,0,0,0,0,0,0,2,0,0,2,0,0,0,0,0,0,2,2,0,0,2,0,0,0,0,0,0,0,0,0,0,0,0,0,0,2,0,2,2,0,0,0,0,0,0,0,2,0,2,2,0,0,0,0,0,0,0,0,2,0,2,0,0,0,0,2,0,0,2,0,0,0,0,0,0,0,0,0,0,2,2,0,0,2,0,0,0,2,0,0,0,0,0,0,0,0,0,0,0,0,0,2,0,0,2,0,0,0,2,0,0,0,0,2,0,2,0,0,0,0,0,0,0,0,0,0,2,0,2,0,0,0,0,0,0,0,0,0,0,0,2,2,0,0,0,0,0,0,0,0,0,0,0,0,0,0,0,0,0,2,0,0,0,0,0,0,0,2,0,0,0,0,0,2,0,2,0,0,0,0,0,0,2,0,0,0,0,0,0,0,0,0,0,2,2,0,0,0,0,0,0,0,0,0,2,0,0,0,0,0,0,0,0,0,0,0,0,0,NA,0,0,0,2,0,2,0,0,0,0,0,0,0,0,0,0,0,0,0,0,0,0,0,0,0,0,0,0,0,0,0,0,0,2,0,0,0,0,0,0,0,0,0,0,0,0,0,0,0,0,0,0,0,0,0,0,0,0,0,0,0,2,0,0,0,0,0,0,0,0,0,0,0,0,2,2,0,0,0,0,0,0,0,2,2,0,0,0,0,0,0,0,2,0,0,2,0,0,2,0,2,0,0,2,0,0,0,0,2,0,2,0,0,0,2,2,0,0,0,0,0,0,0,2,0,2,0,0,0,2,0,0,0,0,0,0,0,0,0,0,0,0,0,2,0,0,0,2,0,0,0,0,0,0,0,0,0,2,0,2,0,0,0,2,0,2,0,0,0,0,0,2,0,0,0,0,0,0,2,2,NA,0,2,0,0,0,0,0,2,0,0,0,0,0,2,0,0,2,0,0,0,0,2,0,0,2,2,0,0,0,0,0,0,2,0,0,0,2,0,0,0,0,0,0,2,0,0,2,0,0,0,0,0,0,0,0,0,2,2,0,0,2,0,0,2,0,0,0,0,2,2,2,0,0,0,0,0,0,2,0,0,0,0,0,0,0,2,0,0,0,2,0,0,0,0,0,0,0,0,0,0,0,0,0,2,0,0,2,0,0,0,0,0,0,2,0,2,0,0,0,2,0,0,0,0,0,2,0,0,0,0,0,0,0,0,0,0,0,0,0,0,0,2,0,0,0,0,0,0,2,0,0,2,2,0,0,0,0,0,0,0,0,2,0,2,0,0,0,0,0,0,0,0,0,0,0,0,0,2,0,0,0,0,0,0,2,0,0,2,2,0,0,0,2,0,0,2,0,0,0,0,0,0,0,0,2,2,0,2,0,0,0,2,0,0,0,0,0,2,2,0,0,0,0,0,0,0,0,0,0,0,2,2,2,2,0,2,0,0,0,2,0,0,2,0,2,0,0,2,0,0,0,2,0,0,0,0,0,0,2,0,0,0,0,0,0,0,0,0,0,0,0,0,0,0,0,0,0,0,0,0,0,2,0,2,0,0,2,0,2,0,0,0,2,0,2,2,0,2,0,0,0,2,2,0,0,0,2,0,2,2,0,0,2,0,0,0,0,2,0,2,0,0,0,0,0,0,0,0,0,0,0,2,0,0,0,0,0,0,0,0,0,0,0,0,0,0,0,0,0,0,0,2,0,0,0,0,2,0,0,0,2,0,0,0,2,0,0,0,0,0,0,0,2,0,0,0,0,0,0,2,0,0,0,0,0,2,0,0,0,0,0,0,0,0,0,2,0,0,0,2,2,2,0,0,0,0,0,0,0,0,2,0,2,0,0,0,0,0,0,0,0,0,2,2,2,0,0,0,2,2,0,2,0,2,0,0,2,0,2,2,2,0,0,0,0,0,2,0,0,0,0,0,0,2,0,2,0,2,0,0,0,0,2,2,0,0,0,0,2,2,2,0,0,2,2,NA,0,0,2,0,0,0,0,0,0,0,0,0,0,0,0,0,0,0,0,0,0,0,0,0,0,0,0,0,0,0,0,0,0,0,0,0,0,0,0,0,0,0,0,0,0,0,0,0,0,0,0,0,0,2,0,0,0,0,0,0,0,0,0,0,0,0,0,0,0,0,0,0,0,0,0,0,0,0,0,2,0,0,0,0,0,0,0,0,2,0,0,0,0,0,2,0,0,0,2,0,0,0,0,0,0,0,0,0,0,0,0,0,0,0,0,2,0,0,0,0,0,0,0,0,0,0,0,2,0,0,0,0,0,0,0,0,2,0,0,0,0,0,0,0,0,0,0,0,0,0,0,0,0,0,0,0,0,0,0,0,0,0,0,0,0,0,0,0,0,0,0,2,0,0,0,2,0,2,0,0,0,0,0,0,0,0,0,0,0,0,2,0,2,0,0,0,0,0,0,0,0,0,2,2,0,0,0,0,2,2,0,0,0,0,0,2,0,2,2,2,2,0,2,2,2,0,0,0,0,2,2,0,0,2,0,2,0,0,0,2,0,0,0,2,2,2,2,0,0,2,0,0,2,0,0,0,0,0,0,2,0,0,0,0,0,0,0,0,0,NA,2,2,0,2,0,0,2,0,0,0,0,0,0,0,0,0,0,NA,0,0,0,0,0,0,2,0,0,0,0,2,0,0,0,0,2,0,0,0,0,0,2,2,0,0,0,0,0,0,0,0,0,0,0,0,0,0,0,0,0,0,0,0,2,0,2,0,0,0,0,0,0,0,0,2,2,0,0,0,0,2,0,0,0,2,0,2,0,0,0,2,2,0,2,0,0,0,0,0,0,0,0,0,0,2,0,0,0,0,0,0,0,2,0,0,0,0,2,0,0,0,0,0,0,0,0,0,2,0,0,2,2,0,0,0,0,0,0,0,0,0,0,0,0,0,0,0,0,2,0,2,0,0,2,0,0,0,0,0,0,0,0,0,0,0,0,0,0,0,0,0,0,0,0,0,0,2,2,0,0,0,0,0,0,2,2,2,0,2,2,0,2,2,0,0,2,0,0,0,0,0,0,2,2,2,2,0,0,0,2,0,2,0,0,0,0,0,0,2,NA,2,2,0,2,2,0,0,2,0,0,0,0,0,2,0,0,0,0,0,0,0,2,0,0,0,0,0,0,0,2,0,2,0,0,2,0,0,2,0,0,0,2,0,2,0,2,0,0,2,0,0,2,0,0,0,2,0,0,2,2,0,0,0,NA,0,0,2,0,2,0,0,0,0,0,0,0,0,0,0,0,0,0,2,2,0,2,2,0,0,0,2,0,0,0,0,0,0,2,0,0,0,0,0,0,0,0,0,0,0,0,0,0,0,0,2,0,0,0,0,0,2,0,0,0,2,0,0,2,0,2,0,2,2,0,0,0,2,2,0,0,0,0,2,2,2,0,0,0,2,0,0,0,0,2,0,0,2,0,0,2,2,2,0,0,0,0,0,0,0,2,2,0,0,0,0,0,0,0,0,2,0,0,0,0,0,2,0,0,0,2,0,0,2,0,2,0,0,0,0,0,2,0,0,2,0,0,0,0,2,0,0,2,0,2,0,0,0,0,0,0,0,0,0,0,0,2,0,0,0,0,0,0,0,0,0,0,0,2,2,0,0,2,0,0,0,2,0,0,0,0,0,0,0,2,2,0,0,0,0,0,2,0,2,2,0,2,0,0,0,2,2,0,0,0,2,0,0,0,0,2,2,0,0,0,0,0,0,2,0,0,0,0,0,0,0,2,2,2,2,0,0,2,2,2,0,0,0,0,0,0,0,0,0,0,2,0,0,0,0,0,0,0,2,0,0,0,0,2,0,0,0,0,0,0,0,0,0,0,0,0,0,0,0,2,0,0,0,0,0,0,0,0,2,0,0,0,2,2,0,2,0,0,0,0,0,0,0,0,0,0,0,0,0,0,0,2,0,0,0,0,0,0,0,0,0,0,0,0,0,0,0,0,0,0,2,0,0,2,0,2,0,0,0,2,0,0,2,2,2,0,0,0,2,0,0,0,0,0,0,2,0,0,0,0,0,0,2,2,0,2,0,0,0,2,0,0,0,0,0,2,2,0,0,0,0,2,0,2,0,0,0,0,2,0,0,0,2,0,0,0,0,2,0,0,2,2,0,0,0,0,2,0,0,0,0,0,2,0,0,NA,2,0,0,0,0,0,0,0,0,2,0,0,0,2,0,0,0,0,0,0,0,0,0,0,0,0,0,0,0,0,0,0,0,0,2,0,0,0,0,0,0,0,0,0,0,2,2,0,0,0,2,0,2,0,0,0,0,0,0,0,0,0,0,0,0,0,0,0,0,2,0,0,2,0,0,2,0,2,0,0,0,0,0,0,0,0,0,2,0,0,0,0,0,0,0,0,0,0,0,0,0,2,0,0,0,0,0,2,0,2,0,0,0,2,0,0,0,0,2,2,0,0,0,2,0,0,0,0,0,0,0,0,0,0,0,2,0,0,2,0,0,0,0,0,0,0,2,0,0,0,2,0,0,0,2,0,0,2,2,0,0,0,0,0,0,2,0,0,0,0,2,0,0,0,0,0,0,0,0,0,0,2,0,0,0,0,0,0,0,0,0,0,2,0,0,0,0,0,0,0,0,0,2,0,0,0,0,0,0,0,0,0,2,0,0,0,0,0,0,0,0,0,0,0,0,0,0,0,0,0,0,0,0,0,0,0,2,0,0,0,0,0,0,2,0,0,0,0,0,0,0,0,0,2,0,0,0,0,0,0,2,0,0,2,0,2,0,0,2,0,0,0,0,2,0,0,0,2,0,0,2,0,2,0,0,0,2,0,0,0,0,0,0,0,0,0,0,0,2,0,0,0,0,0,0,0,0,0,2,2,0,0,0,0,0,0,0,0,0,0,0,0,0,0,0,2,0,0,0,2,2,0,0,0,0,0,0,0,0,0,2,2,2,0,2,0,0,2,0,0,2,0,0,0,2,0,2,0,0,0,0,2,0,0,0,0,2,0,2,0,0,2,2,0,0,0,0,0,0,0,0,0,0,0,0,2,0,0,0,0,2,0,0,0,0,0,0,0,0,0,0,0,0,0,0,0,0,0,0,0,0,2,0,0,0,0,0,0,0,0,0,0,2,0,0,0,0,0,0,0,2,0,0,0,0,2,0,0,0,2,0,0,0,0,0,0,2,0,0,2,2,0,0,0,2,0,0,2,0,0,0,0,0,0,0,0,0,0,2,0,0,0,0,0,0,0,0,0,0,0,0,0,0,0,0,0,2,2,0,0,0,0,0,0,2,0,0,0,0,0,0,0,0,0,0,2,0,2,0,0,0,0,0,2,0,0,0,2,0,2,0,0,2,0,0,0,2,0,0,0,0,0,0,0,0,0,0,0,0,0,2,2,2,2,0,0,2,0,2,0,0,0,2,0,2,2,2,0,0,0,0,0,0,0,2,0,2,0,0,0,0,2,0,2,0,0,2,0,0,0,0,0,2,0,0,0,0,2,0,0,0,0,0,0,0,0,2,0,0,0,0,0,0,0,0,2,0,2,2,0,2,0,0,0,0,0,0,0,0,0,2,0,0,0,2,0,0,0,2,2,0,0,0,2,0,0,0,0,2,0,2,0,0,2,0,2,0,2,0,2,0,0,0,0,0,2,0,0,0,2,0,0,0,0,0,0,0,0,0,2,2,0,2,0,0,2,2,0,0,0,2,2,0,0,0,0,0,0,2,0,0,0,0,0,0,0,0,0,0,0,2,0,0,0,0,0,0,0,0,0,0,0,0,0,0,0,0,0,2,0,2,0,2,0,0,0,0,0,0,0,0,0,2,0,2,0,0,0,0,0,0,0,2,2,0,0,0,0,0,0,2,2,0,2,2,2,0,2,0,0,0,0,0,0,0,2,0,0,0,2,2,0,0,0,0,0,0,0,0,2,0,0,0,0,0,NA,0,0,0,0,0,2,0,0,0,0,0,0,0,0,0,0,0,0,0,0,0,0,2,0,0,0,0,0,0,0,0,0,0,0,0,0,0,2,0,0,2,0,0,0,0,2,0,0,2,2,0,0,0,2,2,0,0,2,0,2,2,2,2,0,0,0,2,0,0,0,0,0,0,2,0,0,0,2,0,0,0,0,0,0,0,0,0,0,0,0,0,0,0,2,0,0,0,0,0,0,0,0,0,0,0,0,0,0,0,0,0,0,0,0,0,0,0,0,NA,0,0,0,0,0,0,0,0,0,0,0,0,2,0,0,0,0,0,0,0,0,0,2,0,0,2,0,0,0,0,2,0,0,0,2,2,0,0,0,0,2,0,2,0,0,0,2,0,0,0,0,0,2,0,2,2,0,0,0,0,0,0,0,0,0,2,2,0,0,2,0,2,0,2,2,0,0,0,0,0,0,0,0,0,0,0,0,0,0,0,2,2,2,0,0,0,0,0,0,2,2,0,0,0,0,2,0,0,0,0,0,2,2,0,2,0,0,2,0,2,0,0,2,2,0,2,0,0,2,0,0,0,0,0,2,0,2,0,0,0,0,0,0,2,2,0,0,0,0,0,0,0,0,0,0,2,0,0,0,2,0,2,0,0,0,0,0,0,0,2,2,0,0,0,2,2,0,0,2,0,0,2,0,2,0,0,0,2,0,0,2,0,0,0,0,0,0,0,0,0,0,0,0,0,0,2,0,2,2,0,2,0,0,0,0,0,0,0,0,0,0,0,2,0,0,0,0,0,0,0,2,0,0,2,0,0,0,0,0
"CC76",0,2,0,0,0,2,0,0,0,0,2,0,0,0,2,2,0,0,0,2,0,NA,0,2,0,0,0,0,2,2,0,2,0,0,2,2,0,0,0,0,2,0,0,0,0,0,0,0,0,0,0,0,0,0,0,2,0,0,0,2,0,0,0,0,2,0,0,0,2,0,0,2,0,0,0,0,0,0,0,0,0,0,0,0,0,0,2,0,2,0,0,0,0,0,2,2,0,0,0,0,0,0,0,0,0,0,0,0,0,0,2,0,0,0,0,0,0,0,0,0,0,0,0,2,0,2,0,2,2,0,0,0,0,0,0,0,0,0,2,0,0,0,0,0,0,0,0,2,0,2,2,0,0,0,0,2,0,0,0,2,0,0,0,0,0,0,2,0,0,0,0,0,2,0,0,2,0,0,0,2,0,0,2,0,0,0,0,2,0,0,0,2,0,0,0,0,0,2,0,0,0,0,0,0,0,0,0,0,0,0,0,0,0,0,0,0,2,0,0,0,0,0,0,0,0,2,0,0,0,0,0,0,0,2,0,0,2,0,0,0,0,0,0,0,0,0,0,0,2,0,0,0,0,0,0,0,0,0,0,0,0,0,0,2,0,0,2,2,0,2,0,0,0,0,0,0,2,2,2,0,2,0,0,0,0,0,0,2,0,0,0,2,2,0,0,0,0,0,0,0,0,0,0,0,0,0,2,0,2,0,0,0,0,0,0,0,0,NA,0,2,0,0,0,0,0,0,0,2,2,0,0,0,0,0,0,2,2,0,0,0,2,2,2,0,0,2,0,2,0,2,2,0,0,0,0,0,0,0,2,0,0,2,2,0,2,0,0,2,0,0,0,0,2,0,0,0,0,0,0,0,0,0,2,0,2,2,0,2,2,0,2,0,0,0,0,0,0,0,2,0,0,0,0,2,0,2,0,0,0,0,0,0,0,0,0,0,0,0,0,0,0,2,2,0,0,0,0,0,2,0,0,0,0,2,0,0,0,0,0,0,0,0,0,0,0,0,0,0,0,0,0,0,0,0,2,2,0,0,0,0,2,0,0,0,0,0,0,0,0,0,0,0,2,0,0,0,0,0,0,0,0,0,0,0,2,0,0,2,0,0,0,0,0,0,0,0,2,0,0,0,0,0,0,0,0,0,0,0,2,2,0,2,0,0,0,0,0,0,0,2,0,2,2,0,0,0,0,0,0,0,2,0,0,0,0,2,0,2,0,2,0,0,0,0,0,0,0,0,0,2,0,0,0,2,0,0,0,0,0,0,0,0,0,0,0,0,2,0,0,0,0,0,0,0,0,0,2,0,2,0,2,2,0,0,0,2,0,0,0,0,0,0,0,0,2,0,2,0,2,0,0,0,0,0,0,0,0,0,2,0,0,0,0,0,0,0,2,0,0,0,0,0,0,0,0,2,0,0,0,0,0,0,0,2,2,0,0,0,0,2,0,0,0,2,0,0,0,2,0,0,0,0,0,0,0,0,2,0,0,0,0,0,0,0,0,0,0,0,0,2,0,0,2,0,0,2,0,0,0,0,0,0,2,0,2,0,2,0,2,0,0,0,0,0,0,0,0,0,0,0,0,0,0,0,0,0,0,0,0,0,0,0,2,0,0,0,0,2,0,0,0,0,0,0,0,0,0,0,0,0,0,0,0,0,0,2,0,0,0,0,0,0,0,0,0,0,0,0,2,2,0,0,0,0,0,0,0,0,0,0,0,0,2,2,0,0,0,0,0,0,0,0,0,0,0,0,2,2,0,0,0,0,0,0,0,0,0,0,0,0,0,0,0,0,0,2,0,0,0,0,0,0,0,0,0,0,0,2,0,0,2,0,0,0,0,0,0,0,0,0,0,2,2,0,0,0,2,0,0,0,0,0,0,0,0,0,0,0,0,0,2,2,0,0,0,0,2,0,0,0,0,0,2,0,0,0,0,0,0,0,2,0,0,0,2,0,0,2,0,0,0,0,0,2,0,0,0,0,0,0,0,0,0,2,2,2,0,0,0,0,0,0,0,0,0,0,2,0,0,0,0,0,0,0,0,0,0,2,0,0,0,0,0,0,2,0,0,0,0,0,2,2,2,2,0,2,0,0,0,0,0,2,0,2,2,2,0,0,0,0,0,0,0,0,2,0,0,0,0,2,2,0,2,0,0,0,0,0,0,0,0,0,0,0,2,0,0,0,0,2,0,0,0,0,0,0,0,0,0,0,0,0,0,0,0,0,0,2,0,0,0,2,2,0,0,0,0,0,0,0,0,0,0,0,0,0,2,0,2,0,2,0,0,0,0,2,0,0,0,0,0,0,0,0,NA,0,0,0,0,2,2,0,0,0,0,0,0,2,0,0,0,0,0,0,0,0,0,2,0,0,0,0,0,0,0,0,0,0,2,0,0,0,0,0,0,0,0,0,0,0,0,0,0,0,0,0,2,2,0,0,0,0,0,0,0,0,0,0,0,0,0,0,0,2,0,0,0,0,0,0,0,0,0,0,0,0,0,0,0,0,0,0,0,0,0,0,0,0,0,0,0,0,0,2,0,2,0,2,0,2,2,0,0,0,0,0,0,2,2,2,0,0,0,2,0,0,0,2,0,0,0,0,2,0,0,0,0,0,0,2,2,2,0,0,0,2,0,0,0,2,0,2,0,0,0,0,0,0,0,0,0,2,0,0,0,0,0,0,0,0,0,0,0,0,0,0,0,0,0,0,0,2,0,0,0,0,0,0,0,2,0,0,0,2,0,0,0,0,0,0,0,2,2,0,0,0,0,2,0,0,0,0,0,0,0,0,2,2,0,2,0,2,0,2,0,2,2,2,2,2,2,0,0,0,0,0,2,0,2,0,0,0,0,0,2,0,0,2,0,0,0,0,0,2,0,0,2,0,2,2,2,2,2,0,2,0,2,0,0,0,2,0,2,0,2,0,0,0,0,0,0,0,2,0,0,0,0,0,0,0,0,0,2,0,0,0,0,2,2,0,0,0,2,0,0,0,2,2,0,0,0,2,0,0,0,0,0,0,0,2,0,0,0,2,0,0,0,2,0,0,0,0,0,0,0,0,0,0,0,0,0,0,2,0,0,0,0,0,0,2,2,2,0,0,2,0,2,0,0,2,0,0,0,0,2,0,0,0,0,2,0,0,0,2,0,0,0,0,0,0,0,0,0,0,0,0,0,0,2,2,0,0,2,0,0,0,0,0,0,0,0,2,0,2,0,2,0,0,0,0,0,0,2,0,2,0,0,0,0,0,0,0,0,0,0,0,0,0,0,0,0,2,0,0,0,0,0,0,0,0,0,0,2,0,0,0,0,0,0,0,0,0,0,0,0,0,0,0,0,0,0,0,0,0,2,0,0,2,0,0,0,0,0,0,0,0,0,0,0,0,0,2,2,2,0,0,0,0,0,0,0,0,0,0,2,0,2,0,0,0,0,0,0,0,2,0,0,0,0,2,0,2,0,0,0,2,0,0,0,2,0,2,0,2,0,2,2,2,0,0,0,0,0,0,0,0,0,0,0,0,0,2,0,0,0,0,0,0,0,0,0,0,0,0,0,0,0,0,0,2,0,0,0,0,0,0,0,0,0,0,0,0,0,2,0,2,2,0,0,0,2,2,0,2,0,0,2,0,0,0,0,0,0,0,0,0,0,0,2,0,0,2,0,2,0,0,0,0,0,2,0,2,2,0,0,0,0,2,0,0,0,2,0,0,2,0,0,2,0,0,0,0,2,0,0,0,0,0,0,0,0,2,0,0,2,0,0,0,0,0,0,0,0,0,0,2,0,2,2,0,0,0,0,0,0,2,2,0,0,0,0,0,0,0,0,0,0,2,0,0,0,0,0,0,0,2,0,0,0,2,2,0,0,2,2,0,2,0,0,0,2,0,0,0,0,0,0,0,0,0,0,0,0,0,0,2,0,0,0,0,0,0,0,0,0,0,2,0,0,0,0,0,0,0,0,2,0,0,0,0,0,2,0,0,0,0,0,0,0,0,0,0,0,0,0,0,0,0,0,0,0,0,0,0,0,0,0,0,2,0,0,0,0,0,0,0,0,0,0,0,0,0,2,0,0,2,0,2,0,0,0,0,0,0,0,0,0,0,0,0,2,0,0,0,0,0,0,2,0,0,0,2,0,0,0,0,0,0,0,0,0,0,2,0,0,0,0,0,0,0,0,0,0,2,0,0,0,0,0,0,0,0,0,0,0,0,0,0,0,0,0,2,0,0,0,0,0,0,0,0,2,0,2,0,0,0,0,0,0,0,0,0,0,0,0,0,0,0,0,0,0,0,0,0,0,0,0,0,0,2,0,2,2,0,0,0,0,0,0,0,0,0,0,0,0,0,2,0,0,0,0,0,2,0,0,0,0,0,0,0,0,0,2,0,0,0,2,0,0,2,0,0,0,0,0,0,0,0,0,0,0,0,0,0,0,0,0,0,0,0,0,0,0,0,0,0,0,2,0,0,2,0,0,0,0,0,0,0,0,0,0,0,0,0,0,0,0,2,0,0,0,0,0,0,2,0,0,0,0,0,0,0,0,2,2,0,0,0,0,0,0,0,0,0,0,2,0,0,0,0,0,2,0,0,0,0,0,0,2,2,0,0,0,2,2,0,0,2,0,0,0,0,0,0,0,0,0,0,0,0,0,0,0,0,0,0,0,0,0,0,0,0,0,0,0,0,0,2,0,0,0,0,0,0,0,0,0,2,0,0,2,0,0,2,0,0,0,2,0,0,0,0,0,0,0,0,0,2,2,0,0,0,0,0,0,0,0,0,0,0,0,2,0,2,0,0,0,0,0,0,0,0,0,0,0,0,0,0,0,0,0,0,0,2,0,0,0,0,0,0,0,0,0,0,0,0,0,0,0,0,0,0,2,2,0,2,2,0,0,0,0,2,0,0,0,0,0,0,0,2,0,2,2,0,0,0,0,2,0,0,0,0,2,0,0,0,0,0,0,2,2,0,2,0,0,0,0,0,2,2,0,0,0,0,0,0,2,0,0,0,0,0,0,0,2,2,0,0,2,2,0,2,2,0,0,0,0,0,0,0,2,2,0,2,2,0,0,0,0,0,0,0,0,2,2,0,0,0,0,0,0,0,0,0,2,0,0,0,0,0,0,0,0,0,2,0,2,0,0,2,0,0,0,0,0,2,2,0,2,0,0,0,0,2,0,0,0,0,0,0,0,0,0,0,0,0,0,0,0,0,2,0,0,0,2,0,0,0,0,2,0,0,0,0,0,0,0,0,0,0,0,0,0,0,0,0,0,0,0,0,0,0,0,0,0,0,2,2,0,0,0,0,0,0,0,0,0,2,0,0,0,0,0,0,0,2,2,0,0,0,0,0,0,0,0,0,0,0,0,2,0,0,0,0,0,0,0,0,0,0,0,0,0,0,0,0,0,0,0,0,0,2,0,0,0,0,0,0,0,0,0,0,0,0,0,0,0,0,0,0,0,0,0,2,0,0,0,0,0,0,0,0,0,0,0,0,0,0,0,0,0,0,0,0,0,0,0,0,0,0,0,0,0,0,0,0,2,0,0,0,0,0,0,0,0,0,0,0,0,0,0,0,0,0,0,0,2,0,0,0,0,0,2,0,0,0,0,2,0,0,0,2,2,0,0,0,2,0,2,0,0,0,0,0,0,0,2,0,0,2,2,0,0,0,0,0,0,0,0,0,0,0,0,0,0,0,0,0,0,0,0,0,2,2,0,0,0,0,0,2,2,0,0,0,2,0,0,0,0,0,0,0,0,0,0,0,2,2,0,0,0,0,2,0,0,0,0,0,0,0,0,2,0,0,0,0,0,2,2,2,0,0,0,0,2,0,2,0,2,NA,2,0,0,0,0,0,0,0,0,0,0,0,0,0,0,0,0,0,0,2,2,0,0,2,0,0,0,0,0,0,0,0,0,0,0,0,0,0,0,2,0,0,0,0,0,0,0,0,0,0,0,0,0,0,0,0,0,2,0,0,0,2,0,2,2,2,0,2,0,0,0,2,0,2,0,0,0,2,0,0,0,0,0,0,0,0,0,0,0,0,0,0,0,0,0,0,0,0,0,2,0,0,2,0,0,0,0,2,0,0,0,0,0,2,0,0,0,0,0,0,2,0,0,0,0,0,0,0,0,0,0,0,0,0,0,0,0,0,0,0,0,2,0,0,2,0,0,0,0,0,0,0,0,0,0,0,0,2,0,0,0,0,0,0,0,0,0,0,2,0,0,0,0,0,0,0,0,0,0,0,0,0,0,0,0,0,0,0,0,0,0,0,0,0,2,0,0,0,0,2,0,0,0,0,0,0,2,0,0,0,0,0,0,2,0,2,0,0,0,0,2,2,0,0,0,0,0,2,0,0,0,0,0,0,2,0,0,2,0,2,0,0,2,2,0,2,0,2,0,2,0,0,0,0,0,2,0,0,0,0,0,0,0,2,0,0,0,0,0,0,0,0,0,0,0,0,0,0,0,0,0,2,0,0,2,0,0,0,0,0,0,2,0,0,0,0,0,0,0,2,2,0,2,0,2,0,0,0,2,0,2,2,0,0,0,0,0,0,0,0,0,0,2,0,0,0,0,0,0,0,0,0,0,0,0,0,2,0,2,0,0,0,0,0,0,0,0,0,0,0,0,0,0,0,0,0,0,0,0,0,0,0,0,0,0,2,2,0,0,2,0,0,0,0,0,0,0,0,0,2,0,0,0,2,0,0,0,0,0,0,0,0,0,0,0,0,0,2,0,0,0,2,0,0,0,0,0,0,0,0,0,2,0,0,0,0,0,0,0,0,0,0,0,0,0,0,0,0,2,0,0,0,0,0,0,2,0,0,0,0,0,0,0,0,0,2,0,0,0,0,0,0,0,0,2,2,2,0,0,0,0,0,0,0,0,0,0,0,0,2,0,2,0,2,0,0,0,0,0,0,0,0,0,0,2,2,0,0,2,2,0,0,0,0,0,0,0,0,0,0,0,0,0,0,2,0,2,0,2,0,0,0,2,2,2,0,0,2,0,0,2,0,0,0,0,2,0,2,0,2,0,0,0,0,0,0,2,0,0,0,0,0,0,0,0,2,0,0,0,0,0,2,0,0,0,0,0,0,2,2,2,0,0,0,0,0,0,0,0,0,0,0,0,0,0,0,0,0,0,0,2,0,0,0,0,0,2,0,0,0,2,0,0,0,0,0,0,0,0,0,2,0,0,0,0,0,0,2,0,0,0,0,0,0,0,0,0,0,0,0,0,0,0,0,0,0,0,0,2,0,0,2,0,0,0,0,0,0,0,0,0,0,0,0,0,0,0,0,0,0,0,0,0,0,0,0,0,0,0,0,0,0,0,0,0,0,0,2,0,0,0,0,0,0,0,0,0,0,0,0,2,0,2,0,2,2,0,0,0,0,2,0,0,0,2,2,0,0,0,0,2,0,0,0,0,0,0,2,0,2,2,2,2,0,0,2,0,0,0,0,2,0,0,2,0,0,0,0,0,0,0,2,2,0,0,2,0,2,0,0,0,2,0,0,2,0,0,0,0,0,2,0,0,0,0,0,0,0,0,2,0,0,0,0,0,0,0,0,0,0,0,0,0,0,0,0,0,0,0,0,0,0,0,0,0,0,0,0,0,0,0,0,0,0,0,0,0,0,0,0,0,0,2,2,0,0,0,0,0,0,0,0,0,0,0,0,0,0,0,0,0,2,0,0,2,0,2,0,0,0,0,0,0,0,0,0,2,0,2,0,0,0,0,0,2,0,0,0,0,0,0,0,0,0,0,0,0,0,0,0,0,0,0,0,0,2,0,0,0,0,0,0,0,0,0,0,0,0,0,0,0,0,0,0,0,0,0,0,0,0,0,0,0,0,0,0,0,0,0,0,0,0,0,0,0,0,0,0,0,0,0,0,0,0,0,0,0,0,0,0,0,0,0,0,0,0,0,2,0,0,0,0,0,0,0,NA,0,2,0,0,0,2,0,0,0,0,0,2,2,0,2,0,0,0,2,2,2,0,0,0,2,2,0,2,0,2,2,0,0,0,0,0,2,0,0,0,0,0,0,0,0,0,0,0,0,2,0,0,0,0,0,0,0,2,0,2,0,0,0,0,0,0,2,0,0,0,0,0,0,0,0,2,2,0,0,2,0,0,2,0,0,0,2,0,2,0,2,2,0,0,2,0,0,2,0,0,0,0,0,0,0,2,0,0,0,0,0,0,0,0,0,0,0,0,0,0,0,0,0,0,0,0,0,0,0,0,0,0,0,0,0,0,0,0,0,0,0,0,0,0,0,0,0,0,0,0,2,0,0,0,2,0,0,0,0,0,0,2,0,0,0,0,0,0,0,0,0,0,0,0,0,0,0,0,0,2,2,0,0,0,0,2,0,0,0,0,0,0,0,0,0,0,0,0,0,2,0,0,0,0,0,0,0,0,2,0,2,0,2,0,0,0,0,0,0,0,0,0,0,0,0,0,0,0,0,0,0,0,0,0,0,0,0,0,2,0,2,2,0,2,0,0,0,0,0,0,0,0,0,0,0,0,0,0,0,2,0,0,0,0,0,2,0,0,0,2,0,0,0,0,0,2,0,0,2,0,0,0,2,0,0,0,2,0,0,2,0,0,2,2,0,2,0,0,2,0,0,0,0,0,0,0,0,0,0,0,0,0,0,0,0,0,0,0,0,0,0,2,0,0,0,0,0,0,0,0,0,0,0,0,0,0,0,0,0,0,0,0,0,0,0,0,0,0,0,0,2,0,0,2,0,0,2,0,0,0,0,0,0,0,0,0,2,0,0,0,0,0,0,0,0,0,0,0,0,0,0,0,0,0,0,0,0,0,2,0,0,0,2,0,0,2,0,2,0,0,0,2,2,2,0,0,0,0,0,0,0,0,0,0,0,0,0,0,0,0,2,0,0,0,0,0,0,0,0,0,0,0,0,0,2,0,0,0,0,0,0,0,0,0,0,0,0,0,0,2,0,2,0,0,0,0,0,0,0,0,0,2,0,0,0,0,0,0,0,0,0,0,0,0,2,0,0,0,0,0,0,0,0,0,0,0,2,2,0,0,0,0,0,0,0,2,0,0,0,0,0,2,0,0,0,0,0,0,2,2,0,0,0,0,0,0,2,0,0,0,0,0,0,0,0,0,2,0,2,0,0,0,0,0,0,0,0,0,0,0,0,0,2,2,0,0,0,0,0,0,0,0,0,0,0,2,0,0,0,2,0,0,0,0,0,0,0,0,0,0,2,0,0,0,0,2,0,0,0,2,0,0,0,0,0,0,0,0,0,0,0,0,0,0,0,0,2,0,0,0,0,0,2,0,0,0,0,0,0,0,0,0,0,0,0,0,0,0,0,0,0,0,0,0,0,0,0,0,0,0,0,0,0,0,0,0,0,0,0,0,0,0,2,2,0,0,0,0,2,0,0,0,0,0,0,0,0,2,0,2,2,2,0,0,0,0,0,0,0,0,0,0,0,0,0,0,0,0,0,0,0,0,2,0,0,0,0,0,0,0,0,0,2,0,0,0,2,0,0,0,0,0,2,0,0,2,0,2,0,0,2,0,2,2,0,0,0,0,0,0,0,0,0,0,0,0,0,0,2,2,0,0,0,0,0,0,0,0,0,0,0,2,0,2,0,0,0,0,0,0,0,0,0,2,0,0,0,0,0,0,0,0,0,0,0,0,0,0,0,0,0,0,0,2,0,0,0,0,0,0,0,0,0,0,0,0,0,0,0,0,0,0,0,2,0,0,0,2,0,2,2,2,2,0,2,0,0,0,0,0,0,0,0,0,0,2,0,0,0,2,0,0,0,2,0,0,0,2,0,0,0,0,0,2,2,2,0,0,0,0,0,0,0,0,0,0,0,0,0,0,2,0,0,0,2,0,0,0,0,0,0,0,0,0,0,2,2,0,0,2,0,0,0,2,2,2,0,0,0,2,2,0,0,0,0,0,2,0,0,0,0,0,0,2,2,0,0,0,0,0,0,2,0,0,0,0,0,0,2,0,0,0,0,0,0,0,2,0,2,2,0,2,0,0,0,0,0,0,0,0,0,0,0,0,2,0,2,0,2,0,0,0,0,0,0,0,0,2,0,2,0,0,0,2,0,0,2,0,0,2,2,0,0,0,2,0,0,2,0,0,0,0,0,0,0,2,0,0,0,2,0,0,2,2,0,0,2,0,0,0,2,0,2,2,0,0,0,0,0,0,0,0,2,0,0,0,2,0,0,0,0,0,2,0,0,0,0,2,0,0,0,0,0,0,0,0,0,0,0,0,0,0,0,0,2,0,0,0,2,0,0,0,2,0,0,2,0,2,0,0,0,2,0,0,0,0,2,0,0,2,0,0,0,0,0,0,0,0,0,0,0,2,0,0,0,0,0,2,0,0,2,2,0,0,0,0,0,0,2,2,0,2,0,0,0,0,0,0,0,0,0,0,0,2,0,0,0,0,0,0,2,0,0,2,0,0,0,0,0,0,0,2,0,0,0,0,0,0,0,0,0,0,2,0,0,0,0,0,0,0,0,0,0,0,2,2,0,0,0,0,2,0,0,0,0,0,0,0,2,0,2,0,0,0,0,0,0,2,2,0,0,0,0,0,0,0,0,2,0,0,0,0,0,0,0,0,0,0,0,0,0,0,0,0,2,0,0,2,2,0,0,0,0,0,0,2,0,0,0,2,0,0,2,0,2,0,2,2,0,2,0,0,0,0,2,2,2,0,0,0,2,2,0,0,0,0,0,0,0,2,0,2,0,0,0,0,2,2,0,0,0,0,0,2,0,0,0,2,0,0,0,0,0,0,0,2,0,2,2,0,0,2,0,0,2,0,0,2,0,0,0,0,0,0,0,0,0,0,0,0,0,0,0,0,0,0,0,0,0,0,0,0,0,0,2,0,0,0,0,0,2,0,0,2,2,0,0,0,0,2,0,2,0,0,0,0,2,2,2,0,0,0,0,0,0,0,0,2,0,2,2,0,0,0,0,0,0,2,0,0,0,0,0,0,0,2,0,0,0,0,0,0,0,0,2,2,0,0,0,0,2,0,0,2,0,0,0,2,0,0,0,0,0,0,2,0,0,0,0,0,0,0,0,0,0,0,0,0,0,0,0,0,0,0,0,0,0,0,0,0,0,0,0,0,0,2,2,0,0,0,0,0,0,0,0,0,0,0,0,2,2,2,0,0,0,0,0,0,0,0,0,0,0,0,0,0,0,2,0,0,0,2,2,0,0,0,0,0,0,2,2,2,0,0,0,0,0,0,0,0,0,0,2,0,0,2,2,0,0,2,0,0,2,0,0,0,0,0,0,0,0,2,0,0,2,0,2,0,0,2,0,0,2,2,0,0,0,0,0,0,2,2,0,0,0,0,0,0,2,0,2,0,0,0,0,0,2,0,0,0,0,0,2,0,0,0,0,0,2,0,0,0,0,0,0,0,0,2,2,2,0,0,0,0,0,0,0,0,0,0,0,0,0,0,2,0,NA,0,0,0,0,0,0,0,2,2,0,0,0,2,0,0,2,2,0,0,0,2,0,0,0,0,0,0,0,2,0,0,0,2,2,0,0,2,0,0,0,0,0,0,0,0,0,0,2,0,0,2,0,0,0,0,0,0,2,0,0,2,0,0,0,0,2,0,0,2,0,0,0,0,2,0,0,0,0,0,0,0,0,0,0,0,2,0,0,0,0,2,0,0,0,0,0,2,0,0,0,2,2
"CC77",0,0,0,0,0,0,0,0,0,0,0,0,0,0,2,2,0,0,0,0,2,2,0,0,0,0,0,0,0,0,0,0,0,0,2,2,0,0,0,2,2,0,0,2,2,0,0,2,0,0,0,2,0,2,0,0,2,0,0,0,0,0,0,2,0,0,0,0,0,2,0,0,0,0,0,0,0,0,0,2,0,0,0,0,0,0,0,0,2,0,0,0,0,0,2,0,2,0,0,0,0,0,0,0,2,0,0,0,0,0,0,2,0,0,0,0,2,0,0,2,0,0,0,0,0,0,0,0,0,0,0,0,0,0,0,0,0,0,2,0,0,0,2,0,0,0,2,0,0,0,0,0,0,0,0,0,0,0,0,0,0,0,2,2,2,2,0,0,2,0,0,2,2,0,0,2,0,0,0,0,0,0,0,2,2,0,0,0,0,0,2,0,2,0,2,0,0,0,0,0,0,0,0,0,0,0,0,0,0,0,0,2,0,0,0,2,0,0,0,0,2,0,0,2,2,0,0,0,0,2,0,2,0,0,0,2,2,0,0,0,0,2,0,0,2,2,2,0,0,0,0,0,0,0,0,0,0,2,0,0,2,0,0,0,0,2,2,0,0,2,0,0,0,0,2,0,2,2,2,0,2,0,0,0,0,0,0,0,0,0,0,2,2,0,0,2,0,0,2,2,0,0,0,2,2,0,0,2,0,0,0,0,0,0,0,0,0,2,0,0,0,0,2,0,0,2,0,0,0,0,0,2,2,0,0,2,0,0,0,0,0,0,0,2,0,0,0,0,0,0,0,2,0,0,0,0,0,0,0,0,2,0,0,0,0,2,0,0,0,0,0,0,2,0,0,0,0,0,0,0,0,0,0,0,0,0,2,2,0,0,0,0,0,0,0,0,0,0,0,0,0,0,0,2,0,2,0,0,0,0,0,0,0,0,0,2,0,2,0,0,0,2,2,0,0,2,0,0,0,0,0,0,0,0,0,0,0,0,0,0,0,0,0,0,0,2,0,0,0,0,0,0,0,0,2,2,0,2,0,0,0,0,0,0,0,0,0,2,0,0,0,0,2,0,0,2,0,0,0,2,0,0,0,0,0,0,2,0,0,2,0,0,0,0,0,0,2,0,0,0,0,0,0,2,0,0,0,0,2,0,0,0,2,0,0,0,0,0,2,0,0,2,0,0,2,2,2,2,0,2,2,0,0,0,0,0,0,2,2,0,0,0,0,0,0,2,0,2,0,2,0,0,0,2,0,0,0,0,0,2,0,0,0,2,2,0,0,2,0,2,0,0,0,0,2,2,0,2,0,2,0,0,0,2,2,0,0,0,0,0,2,0,0,0,2,0,2,0,0,2,0,2,2,0,2,2,2,2,2,0,0,0,0,0,2,0,2,0,0,0,2,0,0,0,0,0,0,0,2,0,0,0,0,2,0,0,0,0,0,0,0,0,2,2,2,0,0,2,0,0,0,0,0,0,0,0,0,0,0,0,2,0,0,0,0,0,0,0,0,0,0,0,2,0,0,0,0,0,0,0,0,0,0,0,2,0,2,0,2,0,0,0,0,0,0,0,0,2,2,0,0,0,0,0,0,0,0,0,2,0,0,0,0,0,0,0,0,2,0,0,0,NA,0,2,0,2,2,0,2,0,0,0,0,0,0,0,0,0,0,0,0,0,0,0,0,2,2,2,0,0,0,0,2,2,0,0,2,0,0,0,0,0,0,2,0,2,0,0,2,0,0,0,0,2,0,0,2,0,0,0,0,0,2,0,0,2,0,2,2,0,0,0,0,0,0,0,2,0,0,2,0,0,2,0,0,2,0,2,2,0,0,0,0,0,0,0,0,0,0,0,0,2,0,2,0,2,2,0,0,2,2,0,0,0,0,0,2,2,0,2,2,2,2,0,0,0,0,0,0,2,2,0,2,0,2,0,0,2,2,0,2,0,0,0,0,0,2,0,0,0,0,0,0,2,2,0,0,0,0,0,0,0,0,0,0,0,0,0,0,0,0,0,0,0,0,2,2,0,0,0,0,0,2,0,0,0,0,2,0,0,0,2,0,0,2,2,2,0,0,0,2,0,0,0,0,0,0,0,0,2,2,0,0,0,0,0,0,0,0,0,0,0,0,0,2,0,0,0,2,0,2,2,2,0,0,0,0,0,0,0,0,0,0,0,0,0,0,0,0,0,2,0,0,0,0,0,0,0,2,2,0,0,2,0,0,0,2,0,0,0,0,2,2,0,0,0,0,0,0,0,2,0,0,0,0,0,0,2,0,0,0,0,0,2,2,2,0,0,0,0,0,0,0,0,2,0,0,0,0,0,0,0,0,0,0,2,2,2,0,0,0,0,0,0,0,0,0,0,0,0,0,0,0,0,2,0,2,0,2,0,0,2,0,0,0,0,0,0,0,0,0,0,0,2,NA,0,2,2,0,2,0,0,0,0,0,2,0,0,0,0,0,0,0,0,2,0,0,0,0,0,0,0,0,0,0,0,0,0,0,0,0,0,0,0,0,0,0,2,0,0,2,0,0,0,0,2,0,2,0,0,2,0,2,0,2,0,0,0,0,0,0,2,0,0,0,0,0,0,0,0,0,0,0,0,0,0,0,0,0,0,0,0,0,0,0,0,0,0,0,0,2,0,2,0,0,0,0,0,0,0,2,2,0,0,0,0,0,0,0,0,0,2,0,0,0,0,0,0,0,0,2,0,0,0,0,NA,0,0,0,0,0,0,0,2,NA,0,0,0,0,0,0,0,2,0,0,0,0,2,0,2,0,0,0,0,0,0,0,2,0,0,0,0,0,2,0,2,0,0,0,0,0,0,0,0,0,0,0,0,0,0,0,0,0,0,2,0,0,2,0,0,0,0,0,0,0,0,2,0,2,0,0,0,0,0,0,0,NA,0,0,0,2,0,2,0,0,0,0,0,0,0,0,0,2,0,0,0,0,0,0,0,0,0,2,0,2,0,0,0,0,0,0,0,0,0,0,0,2,0,2,0,0,0,0,0,0,0,0,0,0,0,0,0,2,0,0,0,0,2,0,0,0,0,0,2,0,0,0,0,0,0,0,0,2,0,2,0,0,0,0,2,2,0,0,0,0,2,2,NA,0,2,0,0,0,0,0,2,0,0,0,2,2,2,0,2,0,0,0,0,0,0,0,0,0,0,0,0,0,0,2,2,0,0,2,2,0,0,0,0,0,0,0,2,0,0,0,2,0,0,0,0,2,0,2,2,0,0,2,0,NA,0,0,0,0,0,0,0,0,0,0,2,0,2,0,2,0,0,0,0,0,0,0,0,2,0,0,0,0,0,0,0,0,0,0,0,0,0,0,0,0,0,0,0,0,0,0,0,0,2,0,2,0,0,0,2,0,0,0,0,0,0,0,0,2,2,0,2,0,0,0,0,2,0,2,0,0,2,0,0,0,2,0,0,0,2,0,2,0,0,0,2,0,0,2,0,2,2,2,0,0,0,0,0,0,0,0,2,0,0,0,0,2,0,2,0,0,2,2,2,0,0,0,0,0,2,2,2,0,0,0,0,0,0,2,0,0,0,0,0,0,0,0,0,0,2,0,0,0,0,0,2,0,0,0,0,0,0,2,0,0,0,0,0,2,0,0,0,0,0,0,0,0,0,0,0,0,0,0,0,0,2,0,0,0,0,0,0,0,0,0,0,2,2,0,0,0,0,0,2,0,0,0,0,0,0,0,0,0,0,0,0,0,2,0,0,2,0,0,0,0,0,0,2,0,0,0,0,0,2,0,0,0,0,2,2,0,0,0,0,2,2,0,0,0,0,0,2,0,0,0,2,2,0,2,0,0,2,0,0,0,0,0,0,0,0,0,2,0,0,0,0,2,0,0,0,0,0,2,0,0,0,0,2,2,0,0,0,0,0,2,0,2,0,0,0,0,0,0,0,0,0,2,0,0,0,0,0,0,0,0,0,0,2,2,0,0,0,2,0,0,0,0,0,0,0,0,0,0,0,0,0,2,0,0,0,0,0,0,0,0,0,2,0,0,0,0,0,0,0,0,0,0,0,0,0,0,0,0,0,0,0,0,2,0,0,0,0,0,0,0,0,2,0,0,0,0,0,0,0,0,0,0,0,0,0,0,0,0,2,0,0,0,0,2,0,0,0,0,2,0,0,0,0,2,0,0,0,2,0,0,0,0,0,2,2,0,0,0,2,2,0,0,0,0,2,0,0,0,0,2,0,0,0,0,0,0,0,0,0,0,0,2,0,0,0,0,2,0,0,0,2,0,0,0,0,0,0,0,0,0,0,0,0,0,2,0,0,0,0,0,2,0,0,2,0,0,0,0,0,0,0,0,2,0,0,0,0,2,0,0,0,0,0,0,2,0,0,0,0,0,0,0,0,0,0,0,0,0,0,0,2,0,0,0,2,0,0,0,0,0,0,2,0,0,0,2,0,0,2,0,0,0,0,0,2,0,0,0,2,0,0,2,2,0,0,0,0,0,0,0,0,0,2,0,0,0,0,0,0,2,0,0,0,0,0,0,0,0,0,2,0,0,0,0,0,0,2,0,0,0,0,0,0,0,0,2,2,0,0,0,0,0,2,0,0,0,0,0,0,0,0,2,0,0,2,2,0,0,0,0,0,0,0,0,0,0,0,2,0,0,2,0,2,2,0,0,0,0,0,0,0,0,0,0,0,2,0,2,0,0,0,0,0,2,2,0,2,0,2,0,0,0,0,0,0,0,0,0,0,0,0,0,0,2,0,0,0,2,0,0,0,0,0,0,0,2,2,0,0,0,0,0,0,0,2,0,0,0,0,0,0,0,0,0,0,0,0,0,0,0,0,0,0,2,0,0,0,2,0,0,0,2,0,2,0,0,0,0,2,0,0,0,0,0,0,2,0,0,0,0,0,0,2,2,0,2,0,0,0,0,0,0,0,0,0,0,0,0,0,2,2,0,0,2,0,0,0,0,0,2,2,0,0,0,0,0,0,2,2,0,2,0,0,2,0,0,0,0,0,0,2,0,0,0,2,0,0,0,0,2,0,0,0,0,0,0,0,2,0,0,0,2,2,2,0,2,0,0,2,0,2,NA,0,2,0,2,2,2,0,0,0,0,0,0,0,0,0,2,0,0,0,0,2,0,0,2,0,2,0,0,0,0,0,0,0,2,2,2,2,0,0,0,0,0,2,0,0,0,0,0,2,2,0,0,0,0,0,0,2,0,0,2,0,0,2,0,0,0,0,0,2,0,0,0,0,0,0,0,0,0,0,0,2,0,0,0,0,0,0,0,0,0,0,0,2,2,0,2,2,0,0,0,0,2,0,0,0,2,2,0,0,0,0,0,0,0,2,2,2,0,0,2,0,0,0,0,0,0,0,0,2,0,0,0,2,0,0,2,2,0,0,0,0,0,0,0,0,0,2,0,0,2,2,0,0,2,2,0,0,0,2,0,0,0,0,0,0,0,0,0,0,0,0,0,0,0,0,0,0,0,0,0,0,0,0,0,0,0,0,2,0,0,0,0,0,0,2,0,2,0,2,0,0,0,0,0,0,0,0,0,0,0,0,0,0,0,0,0,0,0,0,0,2,0,0,0,0,0,0,0,0,0,0,0,0,0,0,2,0,2,2,0,0,0,0,0,2,0,0,2,0,2,0,0,0,0,0,0,0,0,2,0,0,0,0,2,0,0,2,0,0,2,0,0,0,0,0,0,0,2,0,0,0,2,2,0,0,0,0,0,2,0,0,0,0,0,0,2,2,0,0,0,0,0,0,0,0,2,2,0,2,0,0,2,0,0,0,0,0,0,2,0,0,2,2,0,0,0,0,2,2,0,2,0,2,0,0,0,0,0,0,2,0,0,2,0,0,2,0,0,0,0,0,0,2,0,0,2,2,2,0,0,0,0,0,0,0,0,0,2,2,0,2,0,0,0,2,0,2,0,0,0,0,0,0,2,0,0,0,2,0,0,0,0,0,0,0,0,2,0,0,0,2,2,2,0,2,0,2,0,0,0,2,0,2,0,0,0,0,0,0,0,0,0,2,0,0,2,0,0,0,0,0,0,0,0,0,0,0,0,2,0,0,2,0,0,0,0,0,0,0,0,0,0,0,0,2,0,2,0,0,0,0,2,0,0,0,0,0,0,2,0,2,2,0,0,2,0,0,0,0,0,2,NA,2,0,0,0,0,0,0,0,0,0,2,0,0,0,0,0,2,0,0,0,0,0,2,0,0,0,0,0,0,0,0,0,0,0,2,0,0,0,0,2,0,0,0,0,0,0,0,0,0,0,2,0,0,0,0,0,0,0,0,0,0,0,0,0,0,2,0,0,0,0,2,0,0,0,0,0,0,2,2,0,0,0,0,0,2,0,0,0,0,0,0,2,2,0,2,0,2,0,0,2,2,2,0,0,2,0,0,0,0,0,0,0,0,0,0,2,0,0,2,0,2,0,0,0,0,2,0,0,0,0,0,0,0,0,0,0,0,0,2,0,0,0,0,0,0,0,0,0,2,0,0,0,0,0,0,0,0,2,0,0,0,2,0,0,0,0,0,0,2,0,0,0,0,0,0,0,0,2,0,0,0,0,2,0,0,0,2,0,0,2,0,0,0,0,2,2,0,2,0,0,0,0,0,0,0,0,0,0,0,0,0,0,0,0,0,0,0,2,0,0,0,0,0,0,0,0,2,0,0,0,0,0,0,0,0,0,2,2,0,0,0,0,0,0,0,0,0,0,0,0,0,0,0,0,0,0,0,0,0,0,0,0,0,0,0,2,0,0,0,0,0,0,0,2,2,0,0,0,0,0,0,0,2,2,2,0,2,0,2,0,0,0,0,2,0,2,0,0,0,0,0,0,0,0,0,0,0,2,0,0,0,2,0,0,0,0,0,0,0,0,2,0,0,0,0,0,0,0,0,0,2,0,0,2,0,0,0,0,0,0,2,2,0,0,0,0,0,0,0,0,0,0,0,0,0,0,2,0,0,0,0,0,0,0,0,0,0,0,2,0,0,2,0,0,0,0,0,0,2,0,0,0,0,0,2,2,2,0,0,0,2,0,0,2,0,0,0,0,2,2,0,2,0,0,0,0,0,2,2,0,0,2,0,0,2,2,2,2,0,2,0,0,2,2,0,0,0,0,0,0,0,2,0,0,0,0,0,0,0,0,0,0,2,0,2,0,0,0,0,0,0,0,2,0,0,0,0,2,0,0,0,0,2,0,2,0,0,0,2,0,0,0,0,2,0,0,2,0,0,0,0,0,0,0,0,0,0,0,2,0,0,0,2,0,0,0,0,0,0,0,0,0,0,0,0,2,0,0,2,0,2,0,0,2,0,2,2,0,2,0,0,0,0,0,2,0,0,0,2,0,0,2,0,0,2,0,0,0,0,0,2,2,0,0,0,0,0,0,0,0,0,2,0,0,0,0,0,0,0,0,0,0,0,0,0,0,0,2,0,2,0,0,0,0,0,2,0,0,2,0,2,2,2,0,0,0,0,0,2,0,0,0,0,0,0,0,0,0,0,0,0,2,0,0,0,0,0,0,0,0,0,0,0,0,2,2,0,0,0,0,0,0,0,0,2,0,2,2,0,2,2,0,0,0,0,0,0,0,0,0,0,0,0,0,2,0,0,0,0,0,0,0,0,0,0,0,0,0,0,2,2,0,0,0,0,0,2,0,0,0,0,0,0,0,0,0,0,2,0,0,0,0,0,2,0,0,0,0,0,2,0,0,0,0,0,0,0,0,2,0,0,0,2,0,0,0,0,0,0,0,0,0,2,0,0,2,0,0,0,2,0,0,0,0,0,0,0,0,2,0,0,0,0,0,0,0,0,0,0,0,0,0,0,0,0,2,0,0,2,2,0,0,2,0,0,0,0,2,0,0,0,0,0,0,0,0,2,0,0,0,0,0,0,0,2,0,2,2,2,0,0,0,0,0,2,0,0,0,0,0,2,0,0,0,0,0,0,0,2,0,0,0,0,0,2,2,0,2,0,0,0,2,0,2,0,0,0,0,0,0,2,0,0,2,0,0,0,0,0,2,2,0,0,0,0,0,0,0,0,0,0,0,0,0,0,0,0,0,0,2,2,0,2,0,0,0,0,0,0,0,0,0,0,0,0,0,2,0,2,2,0,0,2,0,0,0,0,0,0,2,0,0,0,0,2,2,0,2,0,0,0,2,0,0,0,0,0,0,2,0,0,0,0,0,0,0,0,0,0,0,2,0,0,2,0,0,0,0,0,0,0,0,0,0,0,0,0,0,0,0,0,0,0,0,0,0,0,0,0,0,0,0,0,2,0,0,0,2,0,0,0,0,0,0,2,0,0,0,0,0,0,0,0,2,0,0,0,0,2,0,0,0,2,2,0,0,0,0,2,0,0,0,0,0,0,0,2,0,0,0,0,0,2,0,0,0,0,0,0,0,0,2,0,2,0,2,0,0,2,0,0,0,0,0,0,0,0,0,0,0,0,0,0,0,0,0,0,2,0,0,0,2,0,0,2,0,2,0,0,2,0,0,0,0,0,0,0,2,0,0,0,0,2,0,0,0,0,0,2,0,0,0,0,2,2,0,0,0,0,0,0,2,0,0,0,0,0,0,2,0,0,0,0,0,0,0,2,0,2,0,2,0,0,0,2,0,0,0,0,0,0,0,2,2,0,0,0,2,0,0,0,0,0,2,0,0,0,0,0,2,0,0,2,0,0,0,0,0,0,2,0,0,0,0,0,0,0,0,0,0,0,0,0,2,2,0,2,0,0,2,0,2,0,0,0,0,2,0,0,0,2,0,0,2,0,NA,2,0,0,2,0,0,0,0,0,0,0,0,0,0,0,2,0,0,0,2,0,0,2,0,2,0,0,0,2,2,2,2,0,0,0,0,0,0,0,0,0,0,0,0,0,0,0,2,0,0,0,0,0,0,0,0,0,0,0,0,0,0,0,0,0,0,0,0,0,2,0,0,0,0,0,0,0,0,0,0,0,0,0,0,2,0,0,0,2,0,0,2,0,0,0,0,2,0,0,0,0,2,0,0,0,2,0,0,0,0,0,0,0,0,0,0,0,0,0,0,0,0,0,0,0,2,0,0,0,0,0,0,2,0,0,0,0,0,0,0,2,0,0,2,0,0,0,0,0,0,0,0,2,2,0,0,0,0,0,0,0,0,0,0,2,0,2,0,0,0,0,0,2,2,2,2,0,2,2,0,0,2,2,2,0,0,0,2,0,2,0,0,0,0,0,0,0,2,0,0,0,0,0,0,2,2,0,0,2,0,2,0,0,0,0,0,0,0,0,0,0,2,0,2,0,0,0,0,0,2,0,0,0,0,0,0,0,0,2,2,0,0,0,0,2,0,0,2,0,0,0,0,0,2,0,0,0,2,0,0,0,0,0,0,0,0,0,0,2,0,0,0,2,0,0,0,0,2,0,0,0,0,0,0,0,0,0,2,0,2,0,0,0,0,0,0,0,2,2,0,0,2,0,0,0,2,0,0,0,0,0,2,0,0,0,2,0,2,2,0,0,0,2,0,0,2,0,0,0,0,0,2,0,0,0,0,0,0,0,0,0,0,0,0,2,2,0,0,0,0,0,2,0,0,0,2,0,0,0,0,0,0,0,0,0,0,0,0,0,2,0,0,0,0,0,0,0,0,0,0,2,0,0,2,0,0,0,2,2,0,0,0,0,0,0,0,0,2,0,0,0,2,0,0,0,0,2,0,0,0,0,0,0,0,0,0,0,2,0,2,0,0,0,0,0,0,0,0,0,0,0,2,2,0,2,0,0,2,0,0,0,0,0,0,2,0,0,0,2,0,0,0,0,0,0,0,0,0,0,0,2,2,2,0,0,0,0,0,0,0,0,2,0,0,0,2,2,0,0,0,0,0,0,0,0,0,0,0,0,0,0,0,0,2,0,0,2,0,0,2,0,2,2,0,0,0,0,0,0,0,0,0,0,2,2,2,0,0,0,0,0,0,2,0,0,2,0,0,0,0,2,2,2,2,2,0,0,2,0,0,0,0,0,0,0,2,0,2,2,0,0,0,0,0,0,2,0,0,0,0,2,2,0,0,0,0,2,0,0,0,0,2,0,2,0,0,0,0,0,0,0,0,2,2,0,0,0,0,0,0,0,0,0,2,0,0,0,0,2,0,0,0,2,0,0,2,0,2,0,0,NA,2,0,2,0,0,0,0,0,0,0,0,0,0,0,2,0,0,0,0,0,2,2,0,0,0,2,0,0,2,0,0,0,0,0,2,0,2,0,0,0,2,2,0,0,2,0,0,2,2,0,0,0,0,0,0,0,0,0,0,0,0,0,0,0,0,0,0,0,0,0,0,0,0,0,2,0,2,2,0,0,0,0,0,2,0,0,2,0,2,2,2,2,0,0,0,2,0,0,0,0,0,0,0,0,0,0,0,0,2,0,0,0,0,0,0,0,0,2,0,2,0,0,0,0,0,0,0,0,2,2,0,2,0,0,0,2,0,2,2,2,0,0,0,0,0,2,0,0,2,0,0,0,0,0,0,0,0,0,0,NA,0,2,0,0,0,2,2,2,0,2,2,0,0,0,2,0,0,2,0,2,2,0,0,2,0,0,2,0,0,0,0,0,0,2,0,0,0,0,0,0,2,0,0,0,0,2,0,0,0,0,2,0,0,0,0,0,0,2,2,0,0,2,0,0,0,2,0,0,0,0,2,0,0,2,0,0,0,0,0,0,0,0,2,0,0,0,2,0,0,0,0,0,0,0,0,2,0,0,0,2,0,0,0,0,0,0,0,0,0,2,0,0,0,2,0,0,2,0,0,0,0,2,2,2,0,0,0,2,0,2,2,0,0,0,0,0,0,0,0,0,0,0,0,0,0,0,0,0,2,0,0,0,0,2,0,2,0,0,0,0,0,0,0,0,0,0,2,0,0,0,2,2,0,0,0,2,2,0,0,0,0,0,0,2,2,0,0,0,0,0,0,0,2,0,0,0,2,0,0,0,0,0,0,0,0,0,0,0,0,0,0,0,0,0,2,2,0,0,0,0,0,0,0,2,0,NA,0,2,2,0,0,0,2,0,0,0,0,0,0,0,0,0,2,0,2,0,0,2,0,0,0,0,0,0,0,2,2,0,0,0,0,0,0,2,2,2,0,0,0,0,0,0,2,0,2,0,0,0,0,2,2,0,0,0,0,2,0,0,2,0,0,0,0,0,0,0,0,2,2,2,2,2,0,0,0,0,0,0,0,2,0,0,0,0,0,0,0,0,2,0,2,0,2,2,0,0,0,2,2,0,0,0,0,0,0,0,0,0,2,0,2,2,0,0,0,0,0,0,0,2,0,2,0,0,0,0,0,2,0,0,0,0,0,0,0,0,0,0,0,0,0,0,0,0,0,0,0,0,0,0,0,0,0,0,2,2,0,0,0,0,0,0,0,0,0,0,0,2,2,2,0,0,0,0,2,0,0,0,0,0,0,0,0,0,0,0,0,0,0,0,2,0,0,0,0,0,0,0,0,0,0,2,0,0,2,0,0,0,0,0,0,0,0,2,0,0,2,0,0,0,0,0,0,2,NA,0,0,0,0,NA,0,0,0,0,0,0,2,2,0,0,0,2,0,0,0,0,0,2,0,0,0,0,0,0,0,2,0,2,0,2,0,0,2,0,0,0,0,0,0,0,0,0,0,0,0,0,0,2,0,0,0,0,0,0,0,0,2,2,0,0,0,0,0,0,NA
"CC78",0,0,0,0,2,0,0,0,0,0,0,0,0,0,0,0,2,2,0,0,2,0,0,0,2,0,0,0,0,0,0,0,0,0,0,0,0,0,0,0,0,0,0,0,0,0,0,0,0,0,0,0,0,0,0,0,2,0,0,0,0,0,0,0,2,2,0,0,0,0,0,0,0,0,0,0,0,0,0,2,0,0,0,0,0,0,0,0,0,2,0,0,0,0,0,0,0,0,0,0,0,0,2,2,2,0,0,0,0,0,0,0,0,0,0,2,0,0,0,2,0,0,0,0,0,0,0,0,2,0,2,0,0,0,0,2,0,0,0,0,0,0,0,0,0,0,0,0,0,0,0,0,0,0,0,0,2,0,0,0,0,0,2,0,0,2,0,0,2,0,0,0,0,0,0,0,0,0,0,0,0,0,2,2,0,0,0,0,0,2,2,0,0,0,2,0,0,0,0,0,0,0,0,2,0,0,0,0,0,0,0,2,0,0,0,0,0,0,0,0,0,0,0,2,0,0,0,0,0,2,0,0,0,0,0,0,0,0,0,0,0,0,0,0,2,0,0,0,0,0,0,0,0,0,0,2,2,2,0,0,2,2,0,0,0,0,0,0,0,0,0,0,0,2,0,0,0,0,0,0,2,0,0,0,0,0,0,2,0,0,0,2,2,0,0,2,0,0,2,2,0,0,0,2,2,0,2,0,2,0,0,0,0,0,0,0,0,2,0,0,0,0,0,0,0,2,0,2,2,0,0,0,2,0,0,2,2,0,2,0,2,0,0,0,0,0,0,2,0,0,0,0,0,0,0,0,2,2,0,0,0,0,2,0,0,0,0,0,2,0,0,0,0,0,0,0,0,0,0,0,0,0,0,0,2,0,2,0,0,0,0,2,2,0,0,0,0,0,0,0,0,0,2,NA,0,2,0,0,2,0,0,0,0,2,0,0,0,0,0,0,0,2,0,2,2,0,0,2,0,2,0,0,2,0,0,0,0,0,0,0,2,2,0,0,0,2,0,0,0,2,0,0,0,0,0,0,0,0,0,2,2,0,2,0,0,0,0,2,0,0,2,0,0,0,0,0,0,0,0,0,0,0,0,0,0,2,0,2,2,2,0,0,0,2,0,0,0,0,0,2,0,0,2,0,0,0,0,0,0,2,0,0,0,0,0,0,2,0,0,0,0,0,0,0,0,0,0,0,0,2,0,0,0,0,0,0,0,0,0,2,2,0,0,0,0,0,0,0,0,2,0,0,0,2,0,0,2,0,0,0,0,0,0,2,0,2,2,0,0,0,0,2,0,0,2,2,0,0,0,0,0,0,0,0,0,0,0,2,0,2,0,0,0,2,0,0,2,0,2,0,0,0,2,2,0,0,0,0,2,0,0,0,0,0,2,0,0,0,0,2,0,0,0,2,2,2,0,0,0,2,0,2,0,2,2,0,0,0,2,0,0,2,0,2,0,0,0,2,0,0,0,2,0,0,0,0,2,0,2,2,2,0,0,0,0,2,0,0,0,0,0,0,0,0,0,0,0,0,2,0,0,0,2,0,0,0,0,2,0,0,2,0,0,2,0,0,0,0,0,0,0,0,0,0,2,2,2,0,0,0,0,0,0,0,2,0,0,0,0,0,0,0,0,0,0,2,0,2,2,0,0,2,0,0,2,0,0,0,0,0,0,0,0,0,0,0,0,0,0,0,0,0,0,0,2,0,0,0,0,0,2,0,0,0,0,0,0,0,0,0,0,0,0,0,0,0,0,0,2,0,2,2,0,0,0,0,0,0,0,0,0,0,0,2,0,0,0,0,0,0,0,0,0,0,2,2,0,2,2,0,0,0,0,0,0,0,0,0,2,0,0,0,0,2,0,0,0,0,2,0,0,0,0,0,0,0,0,0,0,NA,0,0,0,0,0,0,0,2,0,2,2,0,0,2,2,0,0,0,0,0,0,0,0,0,2,0,0,2,0,0,0,0,0,2,0,0,0,0,0,0,2,0,0,0,2,0,2,0,0,0,0,0,0,0,0,0,0,0,0,0,0,2,2,0,0,0,0,0,0,0,0,2,0,0,0,2,2,0,0,0,0,2,2,2,0,0,0,0,0,0,0,2,0,2,0,0,0,0,0,0,2,0,0,0,0,0,0,0,2,0,2,2,0,0,0,0,2,0,2,0,0,0,0,0,0,0,0,0,0,0,0,2,0,0,0,0,0,0,2,2,2,0,0,0,2,0,0,0,0,0,0,0,0,0,0,0,0,0,0,0,0,0,0,0,0,0,0,0,2,0,0,2,0,2,0,2,0,0,0,0,0,0,2,0,2,0,0,0,0,0,0,0,0,2,0,2,0,0,2,0,0,0,0,0,0,2,0,0,0,0,0,2,0,2,2,0,0,0,2,0,0,2,0,0,2,0,0,2,0,0,0,0,2,0,0,0,2,2,0,0,2,2,0,0,0,0,0,0,0,0,0,0,0,0,2,0,0,0,0,0,2,0,0,2,0,0,0,2,2,0,2,0,0,0,0,2,0,2,0,2,0,2,0,2,0,0,0,0,0,0,2,0,2,0,0,0,0,0,0,0,0,0,0,0,2,0,0,0,2,2,0,2,0,2,0,0,2,0,0,2,2,2,0,0,2,0,0,0,2,0,0,0,0,2,0,0,0,0,0,0,2,0,0,0,2,0,0,0,2,2,2,2,2,0,2,2,0,0,2,2,0,0,0,0,0,0,0,0,0,0,0,0,0,2,0,0,2,0,0,0,0,0,0,0,0,2,0,0,0,0,2,0,2,0,0,0,0,0,0,2,2,0,0,0,0,2,0,0,0,0,0,0,0,2,2,0,0,0,0,0,0,0,0,0,0,2,0,0,0,0,0,0,0,0,0,0,2,0,0,0,0,0,0,2,0,0,0,2,0,2,0,2,0,0,0,0,0,0,0,0,0,0,0,0,0,0,2,0,0,0,0,0,0,0,0,0,0,2,0,0,0,0,0,0,0,0,2,0,0,0,0,0,0,0,0,0,0,0,0,2,0,0,0,0,0,0,0,0,0,0,0,2,0,0,0,0,0,2,0,0,2,2,2,2,0,0,0,0,2,0,NA,2,0,0,2,0,2,0,0,0,0,0,0,0,0,0,0,0,0,0,0,0,2,0,0,0,0,0,0,2,0,0,0,0,0,0,0,0,0,0,2,0,0,0,2,0,2,0,0,2,0,0,0,0,0,NA,2,2,0,0,2,2,0,0,0,2,0,0,0,2,0,2,NA,0,0,0,0,0,0,2,2,0,2,0,2,0,0,0,0,0,0,0,0,0,2,0,0,0,2,2,0,0,0,0,0,2,0,2,0,2,0,0,0,0,2,0,0,0,0,0,2,0,0,0,0,0,0,2,0,0,2,0,2,0,0,0,0,0,0,2,0,0,0,2,0,0,0,0,0,0,0,0,0,0,0,2,0,0,0,2,0,0,0,0,0,0,2,0,0,0,0,0,0,0,0,2,0,0,0,2,0,0,2,0,0,0,0,2,0,0,0,0,0,2,0,0,0,0,0,0,0,0,2,0,0,2,0,0,0,0,0,0,2,2,0,2,0,0,0,0,0,0,0,0,0,0,2,0,2,0,0,0,0,2,0,0,0,0,0,0,0,0,0,0,0,0,0,2,0,0,0,0,0,0,2,2,0,0,0,0,0,2,0,0,0,0,0,2,0,0,0,0,0,0,0,0,0,0,0,0,2,0,NA,0,2,0,0,2,0,0,0,0,0,0,0,0,0,0,0,0,2,0,2,2,0,0,0,0,2,0,0,0,0,0,0,2,0,0,0,0,2,0,0,0,0,2,2,0,0,0,0,0,2,0,0,0,0,0,0,0,2,0,0,2,2,2,2,0,2,2,2,0,2,0,0,0,0,0,2,0,0,0,2,0,2,0,0,2,0,0,0,0,0,0,0,0,0,0,0,0,0,0,0,0,0,0,2,2,0,0,0,0,0,NA,0,0,0,0,0,0,2,2,0,0,0,0,2,2,0,0,0,0,2,0,0,0,0,0,0,0,0,0,2,0,0,2,2,0,0,2,0,0,0,0,2,0,2,2,0,0,0,0,0,0,0,2,0,0,0,0,0,0,0,0,0,0,0,0,0,0,0,2,0,2,0,0,0,2,0,0,2,0,0,0,0,0,2,2,2,0,0,0,0,2,0,2,0,0,2,0,0,0,0,0,0,0,0,2,2,0,0,0,2,0,0,0,0,0,2,0,0,0,0,0,2,0,0,0,0,2,0,0,0,0,0,0,2,0,0,0,2,0,0,0,2,0,0,0,0,0,0,2,0,0,0,0,0,0,0,0,0,2,0,0,0,2,2,0,0,0,2,2,0,0,0,0,0,0,0,0,0,0,2,0,2,0,2,0,0,0,0,0,0,0,2,0,0,0,0,0,0,0,0,0,0,0,0,0,0,0,0,0,0,0,0,0,0,0,0,0,0,0,0,0,0,2,0,0,2,0,2,2,0,0,2,0,0,0,2,NA,0,0,2,2,0,0,0,0,0,0,0,0,0,0,0,0,2,0,0,0,2,0,0,0,0,2,0,0,0,2,0,2,0,0,0,2,2,2,0,0,0,0,0,0,0,0,2,0,0,0,0,0,2,0,0,0,0,0,0,0,2,0,2,0,0,0,2,0,2,0,2,0,0,0,0,0,2,0,0,0,0,0,2,2,0,2,2,0,0,0,0,0,2,0,0,0,0,2,0,2,0,2,2,0,0,0,0,0,2,0,0,2,2,2,0,0,0,0,0,2,0,0,0,2,0,0,0,0,0,0,0,0,0,0,2,0,2,0,2,0,0,0,0,0,2,0,2,0,0,0,0,0,0,0,0,0,0,0,0,0,0,0,0,2,0,0,0,0,0,0,0,0,2,0,2,0,0,2,0,0,0,0,0,0,0,0,0,0,0,0,0,0,0,0,0,2,0,0,0,0,2,0,0,2,0,0,0,0,2,0,0,0,0,0,0,0,0,0,0,0,2,0,0,0,0,2,0,0,0,0,0,0,0,0,0,2,0,0,2,0,0,0,0,2,0,0,0,0,0,2,0,0,0,2,2,0,0,0,0,2,0,0,0,0,2,0,2,0,0,0,0,0,0,2,0,0,0,0,0,0,0,0,0,0,0,2,2,0,0,2,0,0,0,2,0,0,0,0,0,0,2,0,0,0,0,2,0,0,0,0,2,0,0,2,0,0,0,0,0,0,0,0,0,0,2,0,0,0,0,0,0,0,0,0,2,0,0,2,0,0,0,0,0,0,2,2,0,0,0,0,0,0,2,0,0,2,2,0,0,0,0,2,0,0,2,0,0,0,0,2,0,0,0,0,0,0,0,0,2,0,0,0,2,0,2,0,2,2,0,0,0,2,0,0,0,0,2,0,0,0,0,0,0,0,2,2,0,0,0,0,0,0,0,0,0,0,0,2,0,0,2,0,0,0,0,2,0,0,0,0,0,0,0,0,0,0,0,0,0,0,0,0,0,0,0,0,0,0,0,0,0,0,0,0,2,0,0,2,2,0,0,0,0,0,0,0,2,0,0,0,2,0,2,0,0,0,0,0,0,0,0,0,2,0,0,0,2,0,0,0,0,0,NA,0,0,0,0,0,0,2,0,0,2,0,0,0,0,0,0,0,0,0,0,0,0,2,0,0,0,0,2,0,0,0,0,0,0,0,0,0,0,0,2,0,0,0,0,0,0,0,0,0,0,0,0,0,0,0,0,0,0,0,0,2,0,0,0,0,0,0,0,2,0,0,0,0,0,0,0,0,0,0,2,0,2,2,0,0,0,0,0,0,0,0,2,0,0,2,2,0,0,0,2,0,0,0,0,0,0,0,0,0,0,0,0,0,0,0,0,2,2,0,0,2,0,0,0,0,0,0,0,0,0,0,0,0,2,0,2,2,0,2,0,0,0,0,0,0,0,0,0,0,2,2,0,0,0,2,0,2,0,2,0,2,0,2,0,2,0,0,0,0,0,0,0,0,0,0,0,0,2,0,2,0,0,0,0,0,0,0,0,0,0,0,0,0,0,0,0,0,0,2,0,0,0,0,0,0,0,0,0,0,0,2,0,0,0,0,2,2,2,0,2,2,0,0,0,2,0,0,0,0,0,0,2,0,2,0,0,0,0,2,0,0,0,0,2,0,0,0,0,0,0,2,0,0,0,0,0,0,0,0,0,0,0,0,0,0,0,2,0,0,0,0,0,2,0,0,0,0,2,0,0,0,0,0,2,0,0,0,0,0,0,0,0,0,2,0,0,0,0,2,0,0,0,2,0,0,0,2,2,0,0,0,0,0,0,2,0,2,0,0,0,0,0,0,0,0,0,0,2,2,0,0,0,0,0,2,0,2,0,0,2,0,0,0,0,2,0,0,0,0,0,0,0,0,0,0,0,0,2,0,0,2,0,2,0,0,0,2,0,0,0,0,0,0,0,0,2,0,0,0,0,2,0,0,0,0,0,0,0,0,0,0,0,0,0,0,0,0,0,0,0,0,0,0,0,0,0,0,0,0,0,2,0,0,0,0,0,0,0,0,0,2,0,0,2,0,0,0,2,0,0,0,2,0,2,2,0,0,0,0,0,0,0,0,0,0,0,0,0,0,0,0,0,0,0,2,0,0,0,0,2,0,0,0,0,0,0,0,0,0,0,0,0,2,0,0,0,0,2,2,0,0,0,0,0,0,2,0,0,0,0,0,0,0,0,0,0,0,0,0,0,2,0,0,0,0,2,0,2,0,0,0,0,0,2,0,0,0,0,0,0,0,0,2,0,0,0,0,0,0,2,0,0,0,0,0,0,0,0,0,0,0,0,2,2,0,0,0,0,0,2,0,2,0,0,0,0,0,0,0,0,0,0,0,2,0,0,0,0,2,2,0,0,0,0,0,0,0,0,0,2,2,0,0,0,0,2,0,0,0,2,0,0,0,2,2,0,0,0,0,0,0,0,0,0,0,0,0,0,0,2,2,0,0,0,0,0,0,0,2,0,0,0,0,0,0,2,0,0,0,0,2,0,0,0,0,0,0,2,0,0,0,0,0,0,0,0,0,2,0,0,0,2,0,0,0,0,0,2,0,0,0,0,0,0,2,0,2,0,2,0,0,0,0,2,0,0,0,2,0,0,0,0,0,0,0,0,0,2,0,0,2,0,0,0,0,2,0,0,0,0,2,2,2,0,0,0,2,2,0,2,0,0,0,0,0,0,0,0,0,0,0,0,0,0,0,2,0,0,2,0,0,0,0,0,2,0,0,0,0,0,0,0,0,0,0,0,0,0,0,0,0,0,0,0,0,0,0,0,0,0,0,0,0,0,0,0,2,2,2,0,0,2,0,0,2,0,0,2,0,0,2,0,0,0,0,0,2,0,0,0,0,0,0,0,0,0,0,0,2,0,0,2,0,0,0,0,0,0,0,0,0,0,0,0,2,0,0,2,0,0,0,0,0,0,0,0,0,0,0,0,0,0,0,0,0,0,0,0,0,0,2,0,0,2,0,0,0,0,0,0,2,0,0,0,0,0,0,0,2,0,0,0,0,0,0,0,0,0,0,0,0,0,0,0,0,0,0,0,0,0,0,0,0,0,0,0,0,0,0,0,0,0,0,0,0,2,0,0,2,0,0,0,0,0,2,0,0,0,0,0,0,0,0,0,0,0,0,0,0,0,0,2,0,0,0,0,0,0,0,0,0,0,0,2,0,0,0,0,0,0,2,0,2,2,0,0,0,0,0,0,0,0,2,0,0,2,0,0,0,2,0,0,0,0,2,0,2,0,0,0,2,2,0,0,0,0,0,0,0,0,0,0,0,0,0,2,0,0,2,2,0,2,2,0,0,0,0,2,0,2,2,0,0,0,0,0,0,0,0,0,0,0,2,0,2,0,2,2,2,0,0,0,0,0,2,0,0,0,0,0,0,0,0,0,0,0,0,2,2,0,0,0,0,0,2,0,0,2,2,0,0,0,0,0,0,0,0,0,0,0,0,0,2,0,0,0,0,0,0,0,0,0,0,0,0,0,0,0,0,0,0,0,0,0,0,0,0,0,0,2,2,0,2,0,0,2,0,0,0,2,2,0,0,2,0,0,0,0,2,0,2,0,0,2,2,0,0,0,0,2,0,0,0,0,2,0,0,0,2,0,0,2,2,0,2,0,2,0,2,2,2,0,2,2,0,0,0,0,0,2,0,0,0,0,0,0,0,2,0,0,0,0,0,0,0,0,0,0,0,0,0,0,0,0,0,0,0,0,0,0,0,0,0,0,0,2,2,0,0,0,0,0,0,0,2,0,0,0,0,0,0,0,0,0,0,0,0,0,0,0,0,0,2,2,0,0,0,0,2,0,0,0,0,0,0,0,2,2,0,0,0,2,2,0,2,0,0,0,0,0,0,2,0,0,0,2,0,0,0,0,0,0,0,0,0,2,0,0,0,0,0,0,2,0,0,0,0,2,2,0,0,2,0,0,2,2,2,0,0,0,0,0,0,0,0,0,2,0,2,0,0,2,0,0,0,0,0,0,0,2,0,0,0,2,0,0,0,2,0,0,0,0,0,0,0,0,0,0,0,2,0,0,0,2,0,0,0,2,0,0,2,2,2,0,0,0,0,0,2,0,2,0,0,2,0,0,2,2,2,2,0,2,2,0,0,2,2,2,2,0,0,0,0,2,0,0,0,0,0,0,0,0,0,0,0,0,2,0,0,0,2,0,0,2,0,0,2,0,0,2,0,0,2,0,0,0,0,0,0,2,0,2,0,0,0,0,0,0,0,0,0,0,0,0,0,2,0,0,2,0,0,0,0,0,0,0,0,2,2,0,0,0,0,0,0,0,0,0,0,0,0,0,0,0,2,2,2,0,0,2,0,0,0,0,0,0,2,0,0,2,0,0,0,0,0,0,0,0,0,0,0,0,0,0,0,0,0,2,0,2,2,0,0,0,2,0,2,2,2,0,2,2,2,2,0,2,2,0,0,0,0,2,0,0,0,0,2,2,0,0,2,0,0,0,0,2,0,2,2,0,0,0,2,0,0,0,0,0,2,2,0,0,0,0,0,0,0,2,0,0,0,0,0,0,0,0,0,0,0,2,0,0,2,0,0,0,0,0,2,0,0,0,0,0,0,0,0,2,0,0,2,0,2,0,0,0,0,0,0,0,0,0,0,0,0,0,0,0,0,0,0,0,0,0,0,0,0,2,0,0,0,0,0,0,2,0,0,0,0,0,0,NA,0,0,2,0,0,0,0,2,2,0,0,0,2,0,0,0,0,0,0,0,0,2,0,2,0,0,2,2,0,0,0,0,0,0,0,0,0,0,0,0,0,0,0,0,0,0,0,0,0,0,0,0,0,2,0,0,0,0,0,0,0,0,0,2,0,2,0,0,0,0,0,0,0,0,0,0,0,0,2,0,0,2,0,0,0,0,0,0,0,0,0,0,0,0,0,0,0,0,0,0,2,2,0,2,0,0,0,0,0,2,0,0,0,2,0,0,0,0,0,0,0,0,0,0,0,0,2,0,0,0,0,0,0,2,2,0,2,0,0,0,0,0,0,2,0,0,0,0,2,0,0,0,0,0,0,0,0,0,0,0,0,0,2,0,2,0,0,0,0,0,0,0,0,2,0,0,0,0,0,0,0,0,0,0,0,0,0,0,0,0,0,0,0,0,2,0,2,0,0,0,0,0,0,0,0,2,0,0,0,0,2,0,0,0,2,0,0,0,0,2,2,2,2,0,0,0,0,0,0,0,0,2,0,0,0,0,0,0,0,0,2,0,0,2,0,2,0,0,2,0,0,0,0,0,0,0,0,0,0,0,0,0,0,0,0,0,0,0,0,0,0,0,0,0,0,0,0,0,2,0,0,0,0,0,0,0,2,0,0,0,0,0,0,0,0,0,0,0,0,0,2,2,0,2,0,0,0,0,0,0,0,0,2,2,0,0,2,0,2,2,0,0,0,2,0,0,2,0,0,0,0,0,0,0,0,0,0,2,0,0,0,0,2,0,0,0,0,0,0,2,0,0,0,0,0,0,0,2,0,2,0,0,0,0,0,0,0,0,2,0,0,0,0,0,0,0,2,0,0,0,0,2,0,0,2,2,0,0,2,0,0,0,2,0,0,2,2,0,0,0,2,0,0,2,0,0,0,0,0,0,0,0,0,0,2,0,0,2,0,0,0,0,2,0,2,0,0,0,0,0,0,0,0,2,0,0,0,0,0,0,0,0,0,0,0,0,0,0,0,0,0,2,0,2,0,0,0,0,0,2,0,0,0,2,0,0,0,0,2,0,0,0,0,0,0,0,2,0,0,0,0,0,0,0,0,0,2,2,0,0,0,0,0,0,2,0,0,0,2,2,0,2,2,2,0,0,0,0,2,0,2,0,0,0,2,0,0,0,0,0,0,0,2,NA,2,0,0,0,0,0,0,0,0,2,NA,0,0,0,0,0,0,0,2,0,0,0,0,0,0,0,2,0,0,2,2,0,0,0,0,0,2,0,0,0,0,0,2,0,0,0,0,0,0,0,2,0,2,0,0,2,0,2,0,0,0,0,0,0,0,0,0,2,0,2,0,2,0,0,0,0,0,0,0,0,2,2,0,0,0,0,0,0,0,0,0,2,2,2,0,0,0,2,0,0,0,0,0,0,0,0,0,0,0,0,0,2,0,0,0,0,0,0,0,2,0,0,0,0,2,0,0,0,0,0,0,0,0,0,0,0,0,2,0,0,0,0,2,0,0,0,0,0,0,0,0,0,0,0,2,0,0,0,0,0,2,0,0,0,0,0,0,0,0,0,0,0,2,0,2,0,0,0,0,2,0,2,0,0,0,0,0,2,0,0,0,0,0,0,0,0,0,0,0,0,2,0,0,0,2,0,2,0,2,0,0,0,0,0,0,0,0,0,0,0,0,2,0,2,0,0,0,0,0,0,0,0,2,0,0,0,0,0,2,0,2,0,2,2,2,0,2,2,0,NA,2,2,0,2,2,0,0,2,2,0,2,0,0,2,0,0,0,0,0,0,0,2,0,2,0,0,2,0,0,0,0,2,0,0,0,0,0,0,0,0,0,0,0,0,0,0,0,0,0,0,0,2,0,0,0,0,2,0,0,0,0,0,2,2,0,0,0,0,0,0,0,0,0,0,0,0,0,0,0,0,0,0,0,0,2,0,2,0,0,0,0,0,0,0,0,0,2,0,2,0,0,0,0,0,2,2,0,2,2,0,0,0,0,0,0,0,0,0,0,0,2,0,0,2,0,0,0,0,0,2,0,0,0,0,0,0,0,0,0,0,0,0,0,2,2,0,0,0,0,0,0,0,0,0,0,0,0,0,0,0,0,0,2,0,0,0,0,0,0,0,0,0,0,0,0,0,0,0,2,0,0,0,0,0,2,0,0,0,0,0,0,2,0,2,2,0,2,0,0,0,0,0,0,0,2,0,0,2,0,0,0,0,2,0,0,0,2,0,2,0,0,0,0,0,0,0,0,0,0,0,0,0,0,0,0,0,0,0,0,0,0,0,0,0,0,0,2,0,0,0,0,0,0,0,0,0,0,0,2,0,0,2,0,0,2,0,0,2,0,0,0,2,0,0,0,0,0,2,0,0,0,0,0,0,2,0,0,0,0,0,0,0,0,0,0,0,0,0,2,0,0,0,0,0,0,0,2,0,0,0,0,0,0,0,0,0
"CC79",0,0,0,0,0,0,0,0,0,0,0,2,0,0,2,2,0,0,0,2,2,2,0,0,2,0,0,0,0,0,0,0,0,0,2,2,0,0,2,2,2,0,2,2,2,0,2,2,0,0,0,2,0,2,0,0,2,0,0,0,0,0,0,2,0,0,0,0,0,2,0,0,0,0,0,0,0,0,0,2,0,0,0,0,0,0,0,0,2,0,0,0,0,0,2,0,0,0,0,0,0,0,0,2,2,2,0,0,0,0,0,2,0,0,0,0,0,0,0,2,0,0,0,0,0,0,0,0,2,0,0,0,0,2,0,0,0,0,0,0,0,0,2,0,0,0,2,0,0,0,0,0,0,0,0,0,0,0,0,0,0,0,0,2,2,2,2,0,0,0,0,2,0,2,NA,0,0,0,0,0,0,0,0,0,2,0,0,0,0,2,2,0,2,2,2,0,0,0,0,0,0,0,0,0,0,0,0,0,0,2,0,0,0,0,0,0,0,0,0,0,2,0,0,0,0,0,0,0,0,0,0,0,0,0,2,2,0,0,0,0,0,0,0,0,0,2,0,0,0,0,0,0,0,0,0,2,0,2,0,0,2,0,0,0,0,0,2,2,0,2,0,0,0,0,2,0,2,2,2,0,2,0,0,0,2,0,0,0,0,2,0,0,2,0,0,0,2,0,0,0,0,0,0,2,0,0,2,0,2,0,0,0,0,0,0,0,0,2,0,0,2,2,2,0,0,0,0,0,2,2,0,0,2,0,0,2,0,0,2,0,0,0,0,0,0,0,0,0,0,0,0,0,0,0,0,0,0,2,0,0,0,0,2,2,2,0,2,0,0,0,0,0,0,0,0,0,0,0,2,0,0,0,0,0,0,2,0,0,0,2,2,0,0,0,0,0,0,0,0,0,0,0,0,0,0,0,0,0,0,2,0,0,0,2,0,0,0,0,0,0,0,2,0,0,2,0,0,2,2,0,0,0,2,2,0,0,0,0,0,0,0,0,0,0,2,0,2,0,0,0,0,0,0,0,0,0,0,2,0,0,0,0,0,0,2,0,0,2,0,0,0,0,0,0,0,0,2,0,0,0,0,0,0,0,2,0,0,0,0,0,0,0,0,0,2,2,0,0,0,0,0,0,0,2,0,0,0,0,2,0,0,0,0,0,0,0,2,0,0,0,0,0,0,0,0,2,2,2,0,0,0,2,0,0,2,2,0,2,2,0,0,0,0,0,0,0,2,2,0,2,2,0,0,2,2,0,0,0,2,2,0,2,0,0,2,0,0,2,0,2,0,0,0,NA,2,2,2,2,0,2,0,2,0,2,2,2,0,2,0,0,0,2,0,2,0,0,0,0,2,0,0,2,2,2,0,0,2,2,0,0,0,0,0,0,2,0,2,0,0,0,2,0,0,0,0,0,0,0,0,0,0,0,0,0,2,0,0,0,0,2,0,0,0,0,0,2,0,0,0,2,0,0,0,0,0,0,2,0,0,0,0,0,0,0,0,2,0,0,0,2,0,0,0,0,0,0,0,0,2,0,0,0,0,0,2,0,0,0,2,0,0,0,0,0,0,0,0,2,2,0,0,0,0,0,0,2,0,0,2,0,0,0,2,0,0,2,0,0,0,0,0,0,0,2,2,0,0,0,0,0,0,0,0,2,0,0,0,0,0,0,0,0,0,0,0,2,2,2,2,2,0,0,2,2,0,0,0,0,0,0,0,0,2,0,0,2,0,0,2,0,0,0,2,0,0,0,0,2,0,0,2,0,0,2,0,0,0,2,2,0,0,0,0,2,2,2,0,0,0,0,0,0,0,0,0,0,0,2,0,0,0,0,0,0,0,0,0,0,0,0,0,2,2,0,0,0,2,0,0,0,0,0,0,0,0,0,0,2,0,0,2,2,2,0,0,0,0,0,0,0,0,2,2,0,0,0,0,0,2,0,2,0,0,0,2,0,0,2,0,2,0,0,0,2,0,0,0,2,0,0,0,0,0,0,0,0,0,0,0,0,0,0,0,0,0,0,2,0,2,0,0,0,2,0,0,0,0,2,0,0,0,0,0,0,0,2,0,2,0,0,2,0,0,0,0,2,0,2,0,0,0,0,0,0,2,2,0,0,0,0,0,0,0,2,2,0,0,0,2,0,2,2,2,2,0,0,0,0,0,0,0,0,0,0,0,0,2,0,0,2,0,0,2,0,0,0,0,0,2,2,0,0,0,0,0,0,2,0,0,0,0,2,2,0,2,0,0,0,0,0,0,0,0,0,0,0,0,2,2,0,0,0,0,0,0,2,0,0,0,0,0,0,0,0,2,2,0,0,0,0,0,2,0,0,2,0,2,2,2,0,0,0,0,0,0,2,2,0,0,0,0,0,0,0,2,0,2,0,0,0,0,0,0,2,0,0,0,0,0,0,0,2,0,2,0,2,0,0,0,0,0,0,0,0,2,2,0,0,0,0,0,2,0,0,0,0,0,0,2,2,0,0,2,0,2,0,0,0,0,0,0,0,0,0,0,0,0,2,0,0,0,0,0,0,0,0,0,2,2,0,0,0,2,0,0,0,0,0,0,0,0,0,0,0,0,0,0,0,0,0,0,0,0,0,0,0,0,0,0,0,0,0,0,0,2,0,0,0,0,0,2,0,2,0,0,0,0,2,0,0,2,2,0,0,0,0,0,0,0,0,0,2,0,0,0,2,0,0,0,0,2,0,0,0,0,2,0,0,0,0,0,0,0,0,2,2,0,0,0,0,0,0,2,0,0,0,0,0,0,2,0,2,0,0,0,0,2,0,2,2,0,0,0,0,0,0,0,0,0,0,0,0,0,0,0,0,0,0,0,0,0,0,0,0,0,0,0,0,0,0,0,0,0,0,0,0,0,0,0,2,0,0,0,0,0,0,0,0,0,0,0,0,0,0,0,0,0,0,0,0,0,0,0,0,2,2,0,0,0,0,0,0,0,0,0,0,0,2,0,0,0,0,0,0,0,0,0,0,2,0,0,0,0,0,0,0,0,0,2,0,0,0,2,0,0,0,0,0,0,0,0,0,0,2,0,0,0,0,0,0,0,0,0,2,0,0,0,0,0,2,2,2,0,0,0,0,0,0,0,0,0,0,0,0,0,0,0,0,0,0,0,0,0,2,0,0,2,0,2,0,2,2,0,2,0,0,2,0,0,2,0,0,2,0,0,0,0,0,0,0,0,0,0,2,0,0,0,0,0,0,2,0,0,0,2,0,0,0,0,0,0,0,0,0,0,0,2,0,0,2,0,0,2,2,2,0,0,0,0,2,0,0,0,0,0,0,0,0,0,0,0,0,0,0,0,0,0,2,0,2,0,0,2,0,0,0,0,2,2,2,2,0,0,2,0,0,0,0,0,0,0,0,0,0,0,0,0,0,0,0,0,0,2,0,0,0,0,0,0,0,0,0,2,2,0,2,0,0,0,0,0,0,0,0,2,0,0,0,0,0,0,0,0,0,0,0,0,0,0,0,0,2,2,0,0,2,2,2,0,0,0,0,2,0,2,0,0,2,0,0,0,2,0,0,0,0,0,0,0,0,0,0,0,0,2,0,0,0,2,0,2,2,0,0,0,0,0,0,0,0,NA,0,0,0,0,0,0,0,0,0,0,0,0,0,0,0,0,0,0,0,0,0,0,0,2,0,0,0,2,0,0,2,0,0,0,0,0,0,0,2,0,2,0,0,0,0,0,0,0,0,2,0,0,0,0,0,0,0,0,0,0,0,0,0,0,2,0,0,0,0,2,0,NA,0,0,0,0,0,2,2,2,0,0,0,0,0,0,0,2,0,0,0,0,0,0,0,0,0,0,0,0,0,0,0,0,2,0,0,0,2,2,0,0,0,0,0,0,0,0,0,0,0,2,0,0,0,0,0,0,0,0,0,0,0,0,0,0,0,0,0,2,0,0,0,0,0,0,0,0,0,0,0,0,0,0,2,2,0,0,0,0,0,0,0,0,0,0,0,2,0,0,0,0,0,0,0,0,0,0,0,0,2,2,0,0,0,0,0,0,0,0,0,0,0,0,0,0,0,0,0,0,0,2,2,0,2,2,0,0,0,0,0,0,0,0,0,0,0,0,0,2,0,0,0,2,0,0,0,0,0,0,0,0,0,0,0,0,0,0,0,0,0,2,0,0,0,0,0,0,0,0,2,0,0,0,2,0,0,0,0,0,0,0,0,2,0,0,0,0,0,0,0,0,0,0,0,0,0,0,0,0,0,2,0,0,0,0,0,0,0,0,0,0,0,2,0,0,0,0,0,0,0,0,2,0,0,0,0,0,2,2,0,0,0,0,0,0,2,0,0,0,0,2,0,0,2,2,0,0,0,0,0,0,0,2,0,0,0,0,0,0,0,2,0,0,0,2,0,0,0,0,2,2,2,0,0,0,0,0,0,0,0,0,2,0,2,0,0,0,0,0,0,0,0,0,2,0,2,0,0,0,0,0,0,2,0,0,0,2,0,2,0,0,0,0,2,0,2,0,2,0,2,0,0,0,0,0,2,2,0,0,0,0,2,0,0,0,0,0,0,2,0,0,2,0,0,0,2,0,0,0,2,0,0,0,0,0,0,2,2,0,2,0,0,2,0,0,0,0,0,0,0,0,0,2,0,0,0,2,2,0,2,2,2,0,0,0,0,0,0,0,0,0,0,2,0,2,0,0,0,0,0,2,2,0,2,0,2,0,0,0,0,0,0,0,0,0,0,0,0,0,2,2,0,0,0,2,0,0,0,2,0,0,0,2,2,0,0,0,0,0,0,0,2,0,0,0,2,0,0,0,0,0,0,0,0,0,0,0,0,0,0,2,0,0,0,2,0,0,0,0,0,2,0,0,0,0,0,0,0,0,0,0,0,2,0,0,0,0,0,2,0,0,0,0,0,0,0,0,0,0,0,0,0,0,0,0,0,0,2,2,0,2,0,0,2,0,0,2,0,0,0,0,2,0,0,2,0,0,0,0,0,2,0,0,0,0,2,0,2,2,0,0,0,0,0,NA,2,2,0,0,0,0,0,0,0,0,2,0,0,NA,2,0,2,0,0,0,0,0,0,0,0,0,0,0,0,0,0,0,0,0,2,0,0,2,2,0,0,2,0,0,2,0,0,2,0,2,0,2,0,2,0,0,2,0,0,0,0,2,0,2,2,2,0,2,0,0,0,0,0,2,0,0,2,0,0,0,2,0,0,0,0,0,2,0,0,0,0,0,2,2,0,0,2,0,0,0,0,2,0,0,0,0,0,0,0,2,2,0,0,0,0,0,0,0,2,2,2,2,0,0,0,0,0,0,2,0,2,0,2,0,0,0,0,0,2,0,2,2,0,0,0,0,2,0,0,0,0,0,2,0,0,0,0,2,2,0,0,0,0,0,0,0,0,0,0,2,2,0,0,0,2,0,0,2,2,0,0,2,0,0,0,0,0,0,0,0,NA,0,0,2,0,0,0,0,2,0,0,0,0,0,0,2,0,0,0,0,0,0,0,0,0,0,0,0,2,0,2,0,2,0,0,0,0,0,0,0,0,2,0,0,0,0,0,0,0,0,0,0,0,2,0,0,2,0,0,0,0,0,0,2,0,2,0,0,2,2,0,0,2,0,2,2,0,2,0,0,2,0,2,2,0,0,0,0,0,0,0,2,2,2,0,0,0,0,2,2,0,2,2,2,0,0,0,0,0,0,0,0,0,0,0,0,0,0,2,0,0,2,0,0,0,0,0,0,2,0,0,0,0,0,0,0,0,0,2,2,0,0,0,0,0,2,0,0,0,0,0,2,0,0,0,0,2,2,0,0,2,0,2,0,0,0,0,0,0,0,0,0,0,2,0,0,0,0,0,2,2,0,0,0,0,0,2,2,0,2,2,2,0,0,0,0,2,0,0,0,0,0,2,0,2,0,0,0,0,2,0,2,0,0,0,0,0,2,0,0,0,0,0,0,0,0,0,2,0,0,2,0,0,0,2,0,2,0,2,0,2,0,0,0,0,0,0,2,0,0,0,0,0,0,0,0,2,0,0,0,0,0,0,0,0,0,0,0,0,0,0,0,0,0,0,0,2,0,0,2,0,2,0,2,0,0,0,0,2,0,0,0,0,0,0,0,0,2,0,0,0,0,0,0,2,0,0,0,2,0,0,0,0,0,0,0,0,2,2,0,0,0,0,0,0,0,2,0,0,2,0,0,0,0,0,2,0,0,2,0,0,0,0,0,0,0,0,2,0,0,0,0,2,2,NA,2,0,0,0,0,0,0,0,0,0,2,0,2,0,2,0,0,2,0,0,0,0,0,0,0,0,0,0,0,0,2,2,0,0,0,0,0,0,2,2,0,0,2,0,0,0,0,0,0,0,0,0,2,2,0,0,0,0,0,2,0,2,0,2,0,0,2,0,0,0,0,0,0,2,0,0,0,0,0,0,0,2,0,0,0,0,0,0,0,0,0,0,0,0,0,2,0,0,0,2,0,0,2,0,0,0,0,0,0,2,0,0,0,0,0,0,0,2,2,0,2,0,2,0,0,0,2,0,2,2,0,0,0,0,0,0,0,0,0,0,2,0,2,2,2,0,0,0,0,0,0,0,0,0,0,0,2,2,0,0,0,0,0,0,0,0,0,0,2,0,0,0,0,0,0,0,0,0,2,0,0,0,0,0,0,0,0,2,0,0,0,0,0,0,0,0,0,2,2,0,0,2,0,0,0,0,0,0,0,0,0,2,0,0,2,2,0,0,0,2,0,0,0,0,0,2,0,0,2,2,0,0,2,0,2,0,0,0,0,0,0,2,0,2,0,0,2,2,0,2,0,0,0,0,0,0,0,0,0,0,0,0,0,0,0,0,0,0,0,0,0,0,2,2,2,0,0,2,0,0,2,2,0,2,0,0,0,2,0,0,2,2,0,0,2,0,0,0,2,0,0,0,2,2,0,0,0,2,0,0,0,0,0,0,0,0,0,0,0,0,0,2,0,0,2,0,0,0,0,0,0,0,2,0,0,0,0,0,2,0,2,0,0,0,2,0,0,0,0,0,0,0,2,0,0,0,0,2,0,2,0,0,2,2,0,0,0,0,0,2,0,0,0,0,0,2,2,0,0,0,2,0,0,2,2,2,0,2,0,2,0,0,2,0,0,0,0,0,2,0,0,2,0,2,0,0,0,0,0,0,0,0,0,0,0,0,0,0,2,0,0,0,0,0,0,2,0,0,0,0,0,0,0,0,0,0,0,2,0,0,0,0,0,0,0,0,2,0,0,0,0,0,0,0,0,0,0,0,0,0,0,0,0,0,0,0,0,0,0,0,0,2,0,0,0,0,0,0,0,0,0,0,0,0,0,2,0,0,0,0,0,0,2,0,0,0,0,0,0,0,2,2,2,0,0,0,0,2,0,0,0,0,0,2,0,0,0,0,2,0,0,0,0,0,0,2,0,2,2,2,2,0,0,2,0,0,0,0,0,0,0,2,0,0,0,0,0,0,2,2,0,0,0,0,0,0,0,0,0,2,0,0,2,0,2,0,0,0,0,2,0,0,0,0,2,0,0,0,2,0,0,0,0,0,0,0,0,0,0,0,0,0,0,0,0,0,0,0,0,0,0,0,0,0,0,0,2,0,0,0,0,0,0,0,0,0,0,0,0,2,2,2,0,0,0,0,0,0,0,0,0,0,0,0,0,0,0,0,0,0,2,0,0,0,0,0,0,0,0,0,0,0,0,2,0,0,0,0,0,2,0,0,0,2,0,2,0,0,0,0,0,0,0,0,0,0,2,0,0,2,2,2,0,2,0,2,2,2,0,2,0,0,0,0,0,0,0,0,0,2,0,0,0,2,0,0,2,0,0,2,2,0,0,0,0,0,0,0,0,2,0,0,0,0,0,0,0,2,0,2,2,0,2,0,0,0,0,0,0,0,0,0,0,2,0,0,0,0,0,0,0,0,0,0,0,2,0,0,0,0,0,0,0,0,0,2,2,2,2,0,0,0,2,2,2,0,0,0,2,2,0,2,0,0,2,0,0,0,0,2,2,0,0,0,0,2,2,2,2,2,0,2,2,0,0,0,0,0,0,0,0,0,2,0,0,0,0,0,2,0,0,0,0,0,0,0,0,0,2,0,2,0,0,2,0,0,0,0,0,0,2,0,0,0,0,2,0,0,2,0,0,0,0,0,0,0,0,0,0,2,0,0,0,0,2,0,0,0,0,0,0,2,0,2,0,0,0,0,0,0,0,0,0,0,0,0,0,2,0,0,0,0,0,0,0,0,0,0,2,2,0,0,0,0,2,0,0,0,2,0,0,0,0,0,0,2,0,0,0,0,0,0,0,0,0,0,0,0,0,0,0,0,0,2,2,0,0,0,0,2,0,0,0,0,0,0,0,0,0,0,0,0,0,2,0,0,0,0,0,0,0,0,2,0,2,0,2,0,0,0,0,0,0,0,0,0,0,0,0,0,0,0,0,0,0,0,0,0,0,0,0,0,2,2,2,2,0,0,0,0,2,0,2,0,0,0,0,0,0,0,0,0,0,2,0,0,0,0,0,0,0,0,0,2,0,0,0,0,0,2,0,0,0,0,0,0,0,2,0,0,2,0,0,2,0,0,2,0,0,0,0,0,0,0,0,2,0,0,0,0,0,0,2,0,0,0,0,0,0,2,0,0,2,0,2,2,0,0,0,0,0,0,0,2,0,0,0,0,0,0,0,0,0,2,0,0,0,2,0,0,0,0,0,0,0,2,0,0,0,0,0,0,0,0,2,0,0,0,0,0,0,2,2,0,0,0,0,2,0,0,0,0,0,0,0,0,0,0,0,0,0,0,0,0,0,0,0,0,2,0,0,2,0,0,0,2,2,2,2,0,0,0,0,0,0,0,0,0,0,0,0,0,0,0,0,0,0,0,0,0,0,0,0,0,0,0,0,0,2,0,0,0,0,0,0,2,2,0,0,0,0,0,0,0,0,0,0,0,0,0,0,2,0,0,0,2,0,0,0,0,0,0,2,2,2,0,0,0,2,0,2,2,2,0,0,0,0,0,0,0,0,0,0,2,0,0,0,0,0,0,0,0,0,0,0,0,0,0,0,0,0,0,0,2,0,0,0,0,0,0,2,2,0,0,0,0,0,0,0,0,2,0,0,2,0,0,0,0,0,0,0,2,0,0,0,0,0,0,0,2,2,2,2,0,2,2,0,0,2,0,2,0,0,0,2,2,0,2,0,0,2,0,0,2,2,0,0,0,0,0,0,2,2,0,0,2,0,0,0,2,0,0,0,0,2,0,0,0,2,0,0,0,0,0,0,0,2,0,0,0,0,2,0,0,0,2,2,0,0,0,0,0,0,0,2,0,0,2,0,0,2,0,0,0,0,0,0,0,0,0,0,2,NA,0,0,0,0,0,0,2,0,0,0,0,2,0,NA,0,0,0,0,0,0,0,0,0,2,0,0,0,0,0,2,0,2,2,0,0,0,0,0,0,0,0,0,0,0,0,0,0,0,0,2,0,2,2,0,0,0,0,0,0,0,0,0,0,0,0,0,0,0,0,0,0,0,0,0,0,0,0,0,0,0,0,0,0,2,0,0,0,0,2,2,0,0,0,2,0,0,0,0,0,0,0,2,0,2,0,0,0,0,0,2,0,0,0,0,2,0,0,0,0,2,0,0,2,0,0,0,0,0,0,0,0,2,2,2,0,0,0,0,2,2,2,0,0,0,0,0,2,0,2,2,0,2,0,0,2,0,0,0,0,2,0,0,2,2,0,2,0,0,0,2,0,2,0,2,0,0,0,0,0,0,0,2,0,0,2,0,2,2,0,2,0,2,2,0,0,0,0,0,0,0,0,0,2,0,0,0,2,2,0,2,2,0,0,2,0,0,0,0,0,0,0,0,0,0,0,0,0,0,0,0,2,2,0,0,0,2,0,0,0,0,0,2,0,2,0,0,0,0,0,2,0,0,0,0,0,0,0,0,0,0,0,0,0,0,0,0,0,0,2,2,0,2,0,0,0,0,0,2,0,2,0,0,2,0,0,0,0,0,2,2,0,0,0,0,0,0,0,2,0,0,2,0,2,0,0,2,0,2,0,0,0,0,0,0,0,0,2,0,0,0,0,0,0,0,0,0,0,2,0,0,0,0,2,0,0,0,0,0,0,0,0,0,0,0,NA,2,0,2,2,0,0,2,0,2,0,2,2,0,2,2,0,0,0,0,2,0,2,0,0,2,2,0,0,2,0,2,0,0,0,2,0,2,0,0,0,0,0,0,0,2,0,0,2,2,0,0,0,2,0,0,0,0,0,0,0,0,0,0,0,0,0,0,0,0,0,0,0,0,0,2,2,2,2,0,0,0,0,0,0,0,0,2,0,2,0,2,2,0,0,0,0,0,0,0,0,0,0,0,0,0,0,0,0,2,0,0,0,0,0,0,0,0,0,0,0,0,0,0,0,2,0,2,0,0,0,0,2,2,0,2,0,0,0,2,2,0,0,2,0,0,0,0,0,0,0,0,0,2,0,0,0,2,0,0,0,0,0,0,2,0,0,0,0,0,0,0,0,0,0,0,2,2,2,0,0,2,0,0,0,2,0,2,0,2,0,2,0,0,0,2,0,0,0,0,0,0,0,0,0,0,0,0,0,0,0,0,0,0,0,0,0,0,2,2,0,0,2,0,0,0,NA,0,0,0,0,2,0,0,0,0,2,0,0,2,0,0,0,0,0,0,0,0,2,2,0,0,0,0,0,0,0,0,0,0,0,0,0,0,2,2,0,0,0,0,0,0,0,0,2,0,0,0,0,2,0,0,0,0,0,2,0,0,0,0,0,0,0,0,0,0,0,0,0,0,0,0,0,0,0,0,2,0,0,0,0,0,0,0,2,0,0,0,0,0,0,2,0,0,0,0,0,2,0,0,0,2,0,0,0,0,2,0,0,0,2,0,0,0,2,2,0,0,0,0,0,0,0,2,0,0,0,2,0,0,0,0,0,0,2,2,0,0,0,0,0,0,0,0,0,2,2,0,0,0,0,0,0,0,0,0,0,0,0,0,2,0,2,2,0,0,0,0,0,0,0,0,0,2,0,0,0,0,2,0,2,2,0,0,0,2,2,2,0,0,0,0,0,0,2,2,2,0,0,2,0,2,2,2,0,0,0,NA,2,0,2,2,0,0,0,2,0,0,2,2,0,0,0,0,0,0,0,0,2,2,2,2,0,0,NA,0,0,0,0,0,2,0,0,0,0,0,0,0,0,2,0,2,0,2,2,0,0,0,2,2,0,0,0,0,0,2,0,0,0,2,0,0,0,0,0,0,0,0,2,0,2,2,2,2,0,0,2,0,0,2,0,0,0,0,0,0,0,0,0,0,0,0,0,2,0,0,0,2,0,0,0,2,0,0,0,0,0,0,0,2,0,0,0,0,0,0,0,2,0,2,2,0,0,0,2,2,0,0,2,0,0,2,0,0,0,0,0,0,2,0,0,0,0,0,2,0,0,0,0,0,0,0,2,0,0,0,0,0,0,0,0,0,0,0,2,0,0,2,0,0,0,0,0,0,2,0,0,2,0,0,NA,0,0,0,0,0,0,0,0,0,0,0,2,0,0,0,0,0,2,0,0,0,0,0,0,0,2,0,2,0,2,2,0,2,0,0,0,2,0,2,0,2,0,0,0,0,2,0,0,2,0,0,0,0,0,0,2,2,2,0,2,0,0,0,0,NA
"CC8",0,0,0,0,2,0,0,0,0,0,0,0,0,0,2,0,0,0,0,0,0,2,0,0,0,0,0,0,2,0,0,0,0,0,2,0,0,0,0,0,2,0,0,0,0,0,0,0,0,0,0,0,0,0,0,0,0,2,0,0,0,0,0,0,2,2,0,0,0,0,0,0,0,0,0,0,0,2,0,0,2,0,0,0,0,0,0,0,2,0,2,0,0,0,2,0,0,0,0,0,2,2,0,2,0,0,0,0,0,0,2,2,0,0,0,0,2,0,0,2,0,0,0,0,0,0,0,2,0,0,2,0,0,2,2,0,0,0,0,0,0,0,0,0,2,0,0,0,0,0,0,0,0,0,0,0,0,0,0,0,0,0,0,0,0,2,0,0,2,0,0,0,0,2,2,0,0,2,0,0,2,2,0,0,2,0,0,0,0,0,2,0,2,0,2,0,2,0,0,0,0,0,0,0,0,0,0,0,2,0,2,0,0,0,2,2,0,0,2,2,2,0,2,0,0,0,0,0,0,0,0,2,0,0,0,0,2,0,0,0,0,2,0,0,0,0,0,0,0,0,0,0,0,0,0,0,0,2,0,0,2,0,0,0,0,2,0,0,0,2,0,0,0,0,2,0,2,2,2,0,2,0,0,0,0,0,0,0,0,0,2,2,2,0,0,0,0,2,2,0,0,0,0,0,2,0,2,0,2,0,0,0,0,2,0,0,2,0,0,0,0,0,0,0,0,0,0,0,2,0,0,0,0,0,0,0,0,0,0,0,0,0,0,0,0,0,2,0,0,0,0,0,0,0,0,0,0,2,0,0,2,0,0,0,0,2,0,0,0,0,0,0,0,0,0,0,0,0,2,2,0,0,0,0,0,0,0,0,0,0,0,2,0,2,2,2,0,0,0,2,0,0,2,0,0,0,0,0,2,0,0,0,0,0,0,0,0,0,0,0,0,2,0,0,2,0,0,2,0,2,2,0,0,0,0,0,0,0,0,0,0,0,0,0,0,0,0,0,0,0,0,0,0,0,0,0,0,2,0,2,2,0,0,0,0,0,0,2,0,0,0,2,0,0,0,0,0,0,0,0,0,0,0,0,0,0,0,2,0,2,0,2,0,2,2,2,2,0,0,0,0,0,2,0,2,0,0,0,0,2,0,0,0,0,0,0,2,0,2,0,0,2,0,0,0,0,2,NA,0,0,2,2,0,0,0,2,0,2,0,0,0,2,0,0,0,0,0,0,0,2,2,0,0,2,0,0,0,0,2,0,0,0,0,0,0,0,2,0,2,0,0,0,0,2,0,0,0,0,0,0,0,2,2,0,0,0,2,0,0,0,0,0,0,0,2,2,0,0,2,0,0,0,0,0,0,0,0,0,2,2,0,0,0,0,0,0,0,0,0,0,0,0,0,2,0,2,0,0,0,0,0,0,0,2,2,0,0,0,0,2,0,0,2,0,0,2,0,2,0,2,0,0,0,0,0,0,2,0,0,0,0,0,0,0,0,0,0,0,0,0,0,0,2,0,2,0,0,0,0,0,0,0,2,0,2,0,0,0,0,0,2,0,0,0,0,0,0,0,0,2,0,0,0,0,0,0,0,0,0,0,0,0,2,0,0,0,0,0,0,0,0,0,0,2,0,2,0,0,2,0,0,0,0,0,2,0,0,0,0,0,0,0,0,0,2,0,2,0,2,2,0,0,2,0,0,0,0,0,0,0,0,0,0,2,0,0,0,0,2,0,0,0,0,0,0,0,0,2,0,0,0,0,0,2,0,0,0,2,2,0,0,0,0,2,2,2,0,0,0,0,0,0,0,0,0,0,0,2,0,0,0,0,0,0,0,0,0,0,0,0,0,2,2,0,0,0,2,0,0,0,0,0,0,0,0,0,0,2,0,0,0,2,2,0,0,0,2,0,0,0,0,0,2,0,0,0,0,0,0,0,0,0,0,0,0,0,2,2,0,0,2,0,0,2,0,2,0,0,0,0,0,0,0,2,2,0,0,0,0,0,0,0,0,0,0,0,0,0,0,0,0,0,0,0,0,2,0,0,0,0,2,2,0,0,0,0,0,0,2,0,0,0,0,0,0,2,0,0,0,2,0,0,0,0,2,0,0,0,0,0,0,0,0,2,2,0,0,0,0,2,2,0,0,2,0,0,0,0,0,0,0,0,2,0,0,0,0,0,0,0,0,0,0,2,2,0,0,0,2,2,0,0,0,0,0,0,0,0,0,0,0,2,2,0,0,0,0,0,0,0,0,0,0,0,0,2,0,0,0,0,0,0,0,0,0,0,0,0,0,0,0,0,0,0,0,0,0,0,0,0,0,0,0,0,0,0,0,2,0,0,0,0,0,0,0,0,0,0,2,0,0,0,0,0,0,0,0,0,0,0,0,2,0,0,0,2,0,0,0,0,0,0,0,0,0,0,0,0,0,0,0,0,0,2,0,0,0,0,0,0,0,0,0,0,0,0,0,0,0,0,0,0,0,0,0,0,0,0,0,0,0,0,0,0,0,0,0,0,0,0,0,0,0,2,0,0,0,2,0,0,2,0,0,0,0,0,0,2,2,2,0,0,0,2,0,2,0,0,0,0,0,0,0,0,0,0,0,0,0,2,2,2,0,0,2,2,0,0,2,0,0,0,0,0,0,0,2,0,0,0,0,2,0,0,0,0,0,0,0,0,0,0,0,0,0,2,0,0,0,0,0,0,0,0,0,0,0,2,0,0,2,0,0,0,NA,0,0,0,2,0,0,0,2,0,0,0,0,0,0,0,0,0,2,0,2,0,0,0,0,0,0,2,0,0,0,0,2,0,0,0,0,0,0,0,0,0,0,0,0,0,0,0,0,0,0,0,0,0,0,0,0,0,0,0,0,0,0,0,2,2,2,0,2,0,0,0,2,0,0,0,0,0,0,0,0,0,0,0,0,0,2,0,0,0,0,2,0,0,2,2,0,0,0,0,0,2,0,0,0,0,0,0,2,0,0,0,0,0,0,0,0,0,0,0,0,0,0,0,0,2,0,2,0,0,0,2,0,0,0,0,0,0,0,0,0,0,0,0,0,0,0,0,0,0,2,0,0,0,2,2,2,0,0,0,0,2,0,NA,2,0,0,0,0,2,0,0,0,0,0,2,2,2,0,0,0,0,0,2,0,0,0,2,2,0,0,0,0,0,0,0,0,0,2,2,2,0,0,2,0,0,0,0,0,0,2,0,0,0,0,0,2,0,0,2,0,0,0,0,NA,0,0,0,0,0,0,0,0,0,2,0,0,0,0,0,0,0,0,0,0,2,0,0,0,0,2,0,0,0,0,0,0,0,0,0,0,0,0,2,0,2,0,0,0,2,0,0,0,0,0,0,2,2,0,0,0,2,0,0,2,0,0,2,0,0,0,2,2,0,0,0,0,0,0,0,0,2,0,2,0,2,0,2,0,0,2,2,0,0,2,2,0,0,0,0,0,0,2,0,0,0,0,0,0,0,0,2,0,0,0,0,2,0,0,0,0,0,0,0,0,2,2,0,0,2,2,2,0,2,0,0,0,0,2,0,0,0,0,0,2,0,0,0,0,0,2,0,2,2,0,2,0,0,2,0,0,0,0,0,0,0,0,0,2,2,0,0,0,2,2,2,0,0,0,0,0,0,0,0,0,2,0,0,0,0,0,0,0,0,0,0,2,2,0,0,0,0,0,0,0,0,0,0,0,0,0,0,0,0,0,0,0,2,0,0,0,0,0,0,0,0,0,0,0,2,0,0,NA,0,0,0,0,0,2,0,0,0,0,0,0,2,0,0,0,0,0,2,0,0,0,2,0,0,2,0,0,0,0,0,2,0,0,0,0,0,0,2,0,2,0,0,0,0,0,0,0,0,0,0,0,0,0,2,2,0,0,0,NA,0,0,0,0,0,0,0,2,0,2,0,0,0,2,2,2,0,0,2,0,0,0,0,0,2,0,0,0,0,2,0,0,0,0,0,0,0,0,0,0,0,0,0,2,0,0,0,0,0,0,0,2,0,2,0,0,0,0,0,2,0,2,0,0,2,2,0,0,0,0,0,0,0,0,2,0,2,0,2,0,0,0,0,2,0,0,0,0,0,0,0,2,0,0,2,0,0,0,0,2,0,0,0,0,0,2,2,0,0,0,2,0,0,0,0,0,2,0,0,2,0,0,0,0,2,2,0,0,0,2,2,0,0,0,0,0,2,0,0,0,0,0,0,2,0,0,0,0,0,2,0,0,0,2,2,0,0,0,0,0,0,2,2,0,0,0,2,0,0,0,0,0,0,0,0,0,2,0,0,0,0,0,2,0,0,2,0,0,0,0,0,0,0,0,2,0,0,0,0,2,0,0,0,0,0,0,2,0,0,0,0,0,0,0,0,0,0,2,0,0,0,0,2,0,0,2,0,0,0,0,0,0,0,0,0,0,0,2,0,0,2,2,2,0,0,2,2,0,2,0,2,0,0,2,2,0,2,0,0,0,0,2,0,0,2,0,0,0,0,0,2,0,2,0,0,0,0,0,0,0,0,2,0,0,0,0,2,2,2,0,NA,0,0,0,0,0,0,2,0,0,0,0,0,0,2,2,0,0,0,0,0,2,2,0,0,0,2,2,0,0,2,0,0,0,0,0,0,0,2,2,0,2,0,0,2,2,0,0,0,0,0,2,0,0,0,0,2,2,0,2,0,0,0,0,0,2,2,2,2,0,2,0,0,0,0,0,2,0,0,0,0,0,0,0,0,2,0,0,0,0,2,0,2,2,0,0,0,2,2,0,0,0,0,0,0,0,2,0,0,0,0,0,0,0,0,0,0,0,0,0,0,0,0,0,0,NA,0,0,0,2,0,0,0,2,0,0,0,0,0,0,2,0,0,0,0,0,0,0,0,2,0,0,0,0,2,2,0,0,0,0,0,0,0,0,0,0,0,0,0,0,0,2,2,0,0,0,0,0,0,0,0,2,0,0,0,0,0,0,0,2,2,0,2,0,0,2,0,0,0,2,0,0,2,0,0,2,2,0,0,2,0,2,2,0,0,0,0,0,0,2,0,0,0,NA,2,0,2,0,0,0,2,0,2,0,0,0,2,2,2,2,0,0,0,0,2,0,0,2,0,2,0,0,0,0,2,0,0,2,0,2,0,2,2,0,0,0,0,2,2,2,2,2,0,2,0,2,2,0,0,0,0,0,2,2,0,0,0,0,0,0,2,0,0,2,0,0,2,2,0,0,0,0,2,0,0,0,0,0,0,0,0,0,0,0,2,0,0,0,0,0,0,0,0,0,0,0,2,2,0,2,2,0,0,0,0,2,0,2,0,2,0,0,0,0,0,0,0,0,0,0,0,0,0,0,0,0,0,2,0,0,2,2,0,0,0,0,0,2,0,2,2,0,0,0,0,0,0,2,0,2,0,0,0,0,0,0,0,0,0,0,0,0,2,0,0,0,0,0,0,0,2,0,0,0,0,0,2,0,2,0,0,0,0,0,0,0,0,0,0,0,0,2,0,0,0,0,0,0,0,0,0,0,0,0,0,0,0,2,0,0,2,2,2,0,0,0,0,0,0,0,0,0,0,0,0,2,0,0,0,2,0,0,0,0,0,2,0,0,0,2,2,0,0,0,2,2,0,0,0,0,0,0,2,0,0,0,0,0,0,0,0,2,2,NA,0,0,0,2,0,0,2,0,0,2,2,0,0,0,0,0,0,0,0,0,0,2,2,0,0,0,0,0,2,0,0,0,0,0,0,0,0,0,0,0,0,0,0,0,0,0,0,0,0,0,0,0,0,0,2,0,0,0,0,0,0,0,0,0,0,2,2,0,2,2,0,2,0,0,0,0,0,0,0,2,0,0,2,2,0,2,0,0,0,0,0,0,0,0,0,2,2,2,2,0,0,0,2,0,0,0,0,2,2,0,2,0,0,0,0,2,2,0,0,0,0,0,0,2,0,0,0,0,0,0,0,0,2,0,0,0,2,0,0,0,2,2,2,0,2,0,2,0,0,2,0,0,2,0,0,0,0,0,0,0,0,0,0,0,0,0,0,0,0,0,0,0,0,0,0,0,0,0,0,0,0,0,2,0,0,0,0,0,0,2,0,0,0,0,0,0,0,0,0,0,2,0,0,0,0,0,0,0,0,0,0,0,0,2,0,0,0,0,2,2,0,2,0,2,0,0,0,2,0,0,0,0,0,0,0,2,2,0,2,2,0,0,0,0,2,0,0,2,0,0,0,0,2,0,0,0,0,2,0,0,0,2,0,2,2,0,0,0,0,0,0,2,0,2,0,0,2,0,2,0,0,0,0,0,0,0,0,0,2,2,0,0,0,0,0,0,2,0,0,0,2,0,0,0,0,0,0,0,0,0,0,2,0,0,2,0,0,0,2,0,0,0,2,0,2,0,2,2,0,0,0,0,0,0,2,0,0,2,0,0,2,0,2,0,0,0,0,2,0,2,0,2,0,0,0,0,0,0,0,0,2,0,2,2,0,0,0,0,0,0,2,0,0,0,0,2,0,0,2,2,0,2,0,2,0,0,0,0,0,2,2,0,0,0,0,0,0,0,0,2,0,2,0,2,2,0,0,0,2,0,0,2,0,0,0,0,0,2,0,0,0,0,0,2,0,0,0,2,0,0,2,0,0,0,0,0,0,0,0,2,2,0,2,0,0,0,0,0,0,0,0,2,0,0,0,0,0,0,2,0,0,0,0,0,0,0,0,0,0,0,0,0,0,0,0,0,0,0,0,0,2,0,0,2,0,0,0,0,0,0,2,0,0,0,0,0,2,0,0,0,0,0,0,0,0,2,0,2,0,0,2,0,0,0,2,0,0,2,0,0,0,0,0,0,0,0,0,0,0,0,0,0,0,2,2,2,0,0,0,0,0,2,0,0,0,0,0,0,2,0,2,0,0,0,2,0,0,0,0,2,0,0,0,0,2,0,0,0,2,0,0,0,0,0,0,0,0,0,0,0,0,0,2,0,0,2,0,0,0,0,0,0,0,2,0,0,0,0,0,2,0,2,0,0,0,0,0,0,0,0,0,0,0,0,0,0,0,0,2,0,2,0,0,2,2,0,0,0,0,0,2,0,0,0,0,0,2,2,0,0,0,2,0,0,0,0,0,0,0,0,0,0,0,0,0,0,0,0,0,2,0,0,0,0,2,0,0,0,0,0,0,0,0,0,0,0,0,2,0,0,0,0,0,0,2,0,2,0,0,0,2,0,0,2,2,0,0,2,2,0,0,0,0,0,0,0,0,0,0,0,0,0,0,0,0,0,0,0,0,0,0,0,0,0,0,0,0,2,0,0,2,0,2,0,0,2,0,0,0,0,0,0,0,2,0,0,2,0,0,0,0,0,0,0,0,0,0,0,0,2,0,0,0,2,0,0,0,0,0,0,0,0,0,2,0,0,0,0,0,2,2,0,0,0,0,0,2,0,2,2,2,2,0,2,2,0,0,0,0,0,2,0,2,0,2,2,2,0,0,0,2,0,0,0,2,2,2,0,0,0,2,2,0,0,0,0,2,0,0,2,0,0,0,0,0,2,0,0,0,0,0,0,0,2,0,0,0,0,0,0,0,0,0,0,0,0,0,2,0,0,0,0,0,0,2,0,2,0,0,0,0,0,0,0,0,0,2,0,0,0,0,2,2,0,0,0,2,2,0,0,0,2,2,0,0,2,0,2,0,2,0,0,0,0,0,0,2,0,0,0,0,0,0,0,0,0,0,0,0,0,0,0,2,0,2,2,0,0,0,0,0,0,0,0,2,0,0,0,0,0,2,2,0,0,2,0,2,2,0,0,2,0,0,2,0,0,0,0,0,0,0,0,2,0,0,2,0,0,0,0,2,2,0,0,0,0,0,0,0,2,0,0,0,0,0,0,0,0,0,0,0,0,0,0,0,0,0,0,0,0,0,0,0,0,0,0,2,0,0,0,0,2,0,0,0,0,2,0,0,2,0,0,0,2,0,0,2,2,0,2,0,0,0,2,2,2,0,0,2,2,2,2,2,0,0,2,2,0,0,0,0,2,0,0,0,0,NA,0,2,0,2,2,0,2,2,0,0,0,0,0,2,0,2,2,2,2,0,0,2,2,0,0,0,0,2,0,2,2,0,0,2,2,0,0,2,0,0,2,0,0,0,2,0,2,0,2,2,0,0,2,0,0,0,0,0,2,0,0,0,0,0,0,2,0,0,0,0,0,0,0,0,0,0,2,0,0,0,0,2,0,0,0,2,2,0,2,2,0,0,0,0,2,0,0,0,0,0,0,0,0,0,0,0,0,0,2,0,0,0,2,0,0,0,0,0,0,2,0,0,0,0,0,0,0,0,0,0,0,0,0,0,0,0,0,2,2,0,0,0,0,2,0,0,0,0,0,0,0,0,2,0,0,0,0,2,0,0,0,0,0,0,0,0,2,0,2,0,2,0,0,0,0,0,0,0,0,0,0,0,0,0,0,0,0,0,2,0,0,0,0,2,0,0,2,2,2,2,NA,2,0,2,2,0,2,0,0,0,0,0,0,0,2,0,0,2,2,0,0,0,0,2,0,0,0,2,0,0,0,2,0,2,0,0,2,0,0,0,0,2,0,0,2,0,0,2,0,0,2,0,0,2,0,2,0,0,0,2,2,0,0,0,0,0,0,0,0,2,0,0,0,2,0,0,0,0,0,2,2,2,0,0,0,0,2,0,2,2,0,0,0,0,0,0,2,0,0,0,0,0,2,0,0,0,0,0,2,0,0,2,0,0,2,0,0,0,0,0,0,2,0,0,0,2,0,0,2,0,0,2,0,0,0,0,0,2,0,0,0,0,0,0,0,0,2,2,0,0,0,0,0,2,0,2,0,0,0,2,2,2,2,0,0,0,0,0,0,0,2,0,2,0,0,0,0,0,0,0,0,0,0,0,0,0,0,0,0,0,2,0,0,2,0,0,0,0,0,2,0,0,0,0,0,0,0,0,0,2,0,0,0,2,0,2,0,0,0,2,0,0,2,0,2,0,0,0,0,0,0,0,2,0,0,0,0,0,0,0,0,0,0,0,0,2,0,0,0,0,0,0,0,2,0,0,2,0,0,0,0,0,2,0,0,0,2,2,0,2,0,2,0,0,2,0,0,0,0,0,0,0,0,2,2,0,2,0,0,0,0,0,0,0,0,2,0,0,0,0,0,0,0,2,2,2,2,0,2,2,0,0,2,2,0,0,0,0,2,0,0,0,0,2,0,0,0,0,2,0,0,0,0,0,0,2,2,2,0,2,2,2,0,0,0,0,0,0,0,0,2,0,2,2,2,0,2,0,0,0,2,0,0,0,0,0,0,0,0,0,2,0,0,2,0,0,0,0,0,0,0,0,0,0,2,0,0,0,0,0,0,0,0,0,0,0,2,0,2,0,0,0,0,2,0,0,0,0,0,0,0,0,0,0,0,0,0,0,2,0,0,2,0,0,0,0,0,2,0,2,0,0,2,0,0,0,0,0,0,0,0,0,0,0,0,0,0,2,2,0,2,0,2,0,0,0,0,0,0,NA,0,0,0,2,0,2,0,2,0,0,0,0,0,0,0,0,0,0,0,0,0,0,2,0,2,0,0,0,0,0,0,0,0,0,2,0,0,0,0,2,0,0,0,2,0,2,0,0,2,0,0,2,0,0,0,0,0,0,0,0,0,0,0,0,0,0,0,2,0,2,0,0,2,0,0,0,0,0,0,0,0,0,0,2,0,2,0,0,0,0,0,0,0,0,0,2,0,0,NA,2,0,0,0,0,0,0,2,0,2,0,0,0,0,0,0,0,0,0,2,2,0,0,0,0,2,0,0,2,0,0,0,2,2,0,2,0,0,0,0,2,0,0,2,0,0,0,0,2,2,0,0,0,2,0,0,0,0,0,0,0,0,0,0,0,2,0,0,2,NA,2,2,2,0,2,0,0,0,0,0,0,0,2,0,0,2,0,2,0,0,0,0,0,0,2,0,0,2,0,0,0,0,0,0,2,0,0,2,0,2,0,0,0,0,2,2,0,0,0,0,2,0,0,0,0,0,0,0,0,0,0,0,2,2,0,0,0,2,0,2,0,2,0,2,2,0,0,0,2,0,2,0,2,0,0,2,0,0,0,0,0,0,0,0,0,2,0,0,0,0,0,0,0,2,2,0,0,2,2,2,0,2,NA,2,0,0,0,0,0,0,0,0,2,0,0,0,0,2,0,0,2,0,0,0,2,2,0,0,2,0,0,0,0,0,0,2,0,0,0,0,0,0,0,2,0,0,0,0,0,2,0,0,0,0,0,0,0,0,0,0,2,0,0,0,2,0,0,0,0,0,0,0,2,0,0,2,2,0,0,0,0,0,0,0,2,2,2,0,0,0,2,0,2,0,0,2,2,0,2,2,0,0,0,2,0,0,0,0,2,0,0,0,0,0,0,2,0,0,0,0,0,0,2,0,0,0,0,0,0,2,0,2,2,2,0,0,0,2,0,0,2,0,0,2,2,2,2,0,0,0,0,2,2,0,2,0,0,0,0,0,0,0,0,0,2,0,0,0,2,0,0,0,0,0,0,0,0,0,0,0,0,0,0,0,0,0,0,0,0,0,0,2,0,2,0,0,0,0,0,0,0,0,0,0,0,0,0,0,0,0,0,0,0,0,2,0,0,2,0,0,0,0,0,0,2,0,0,0,0,0,0,0,0,2,0,0,0,0,2,0,0,0,2,0,2,0,0,0,0,0,2,0,0,0,0,0,0,0,0,2,2,0,0,0,0,0,0,0,0,0,0,0,0,0,0,0,0,0,0,0,0,0,0,0,0,0,2,0,0,0,0,0,0,0,0,0,0,0,2,0,0,0,0,0,0,0,0,0,0,0,0,0,0,0,0,0,0,0,0,0,0,0,0,0,0,0,2,0,0,2,0,0,0,0,0,0,0,0,2,0,0,0,0,0,0,0,2,0,NA,0,0,0,0,0,0,2,0,2,0,0,0,0,0,0,0,0,2,0,0,0,0,0,0,0,2,0,0,0,0,0,0,0,0,0,0,0,0,0,2,2,0,0,0,0,0,0,2,2,0,0,0,0,0,0,0,0,0,0,0,0,2,0,0,0,0,2,0,0,0,2,0,0,0,0,0,2,0,0,0,0,0,0,0,0,2,2,0,0,0,2,2,2,2,0,0,0,0,0,2,2,0,2,2,2,0,0,2,0,0,0,0,0,0,2,2,0,2,2,2,2,0,0,0,0,0,2,2,2,0,0,0,2,0,0,2,2,2,0,0,0,2,0,2,0,0,0,0,0,0,0,0,2,0,2,0,0,0,0,0,2,0,2,0,NA,0,0,0,0,0,0,0,0,0,0,0,0,0,2,2,0,0,0,0,0,0,2,0,0,0,0,2,0,0,2,0,0,0,2,0,0,0,NA,0,0,0,2,0,0,0,2,0,0,0,0,2,0,0,2,0,0,2,0,0,2,0,0,0,0,0,2,2,0,0,2,0,2,2,0,2,0,0,0,0,0,2,0,0,0,0,0,0,0,0,0,2,0,2,0,0,0,0,0,0,0,0,0,0,2,0,0,0,0,0,0,0,2,0,0,0,0,0,0,2,0,0,0,0,0,0,0,0,0,0,0,0,0,0,2,0,0,0,0,2,0,2,0,0,2,0,0,0,0,0,2,0,0,0,0,2,0,2,0,0,0,0,0,0,0,2,2,0,0,0,0,0,0,0,0
"CC80",2,0,0,0,0,0,0,0,0,0,0,0,0,0,2,0,0,0,0,2,0,2,0,2,0,0,0,2,2,0,2,0,0,0,2,0,2,0,0,0,2,2,0,0,0,0,0,0,2,0,2,0,2,0,2,NA,0,0,0,0,0,0,0,0,0,0,0,0,0,0,0,0,0,0,0,0,0,0,0,2,0,2,0,0,0,0,2,0,0,0,0,0,0,0,2,0,0,0,0,0,2,2,0,0,0,2,0,0,0,2,0,0,2,0,0,0,0,2,0,2,0,0,0,2,0,0,2,0,0,0,0,0,0,0,0,0,0,0,0,0,0,0,0,0,0,0,2,0,0,0,0,0,0,0,0,2,0,0,0,0,0,0,0,2,2,2,2,0,0,0,0,2,0,0,0,0,2,0,0,0,0,0,0,0,0,0,0,0,0,0,0,2,0,0,2,0,0,2,2,0,2,0,0,0,0,2,0,0,0,0,0,0,0,2,0,2,2,0,0,0,0,0,0,0,0,2,0,2,0,0,0,0,0,0,0,0,0,2,2,0,0,2,0,0,2,0,0,0,2,0,0,0,2,0,0,0,0,0,0,0,0,0,2,2,0,0,2,0,0,0,0,0,0,2,2,0,0,0,0,0,2,0,0,0,0,0,0,0,0,0,0,2,2,0,0,0,0,0,0,0,0,0,0,0,0,0,0,2,0,0,0,0,0,0,0,0,0,0,0,0,0,0,0,0,0,0,0,0,0,0,0,2,2,0,0,0,0,0,0,2,0,0,0,2,0,0,0,0,0,0,NA,0,0,0,0,0,0,0,0,0,0,0,0,0,0,0,0,0,0,0,0,0,NA,0,2,2,0,0,2,2,0,2,0,0,0,0,2,0,0,0,0,0,0,0,0,0,NA,2,0,0,0,0,2,0,0,0,0,0,0,2,0,0,0,0,0,2,0,2,0,0,0,0,0,0,0,0,2,2,0,0,2,0,0,0,0,2,2,0,2,0,0,0,2,2,0,0,0,0,0,0,0,0,0,0,0,0,0,0,0,2,2,0,0,2,0,0,0,2,0,0,0,0,0,0,0,0,0,0,0,0,0,0,0,0,0,0,0,0,0,0,0,2,0,0,2,2,0,0,0,0,0,0,0,0,0,0,0,0,2,0,2,2,0,2,0,0,2,2,0,0,0,0,0,0,0,0,0,2,0,0,0,2,0,0,0,2,0,2,2,0,0,0,2,0,0,0,0,2,0,2,2,0,2,2,0,0,2,0,0,0,2,0,0,0,0,0,0,0,0,2,0,0,0,0,2,0,0,2,0,0,0,2,0,0,0,2,0,2,2,0,0,2,0,2,0,2,0,0,0,0,0,0,2,2,0,0,0,0,NA,0,0,0,0,0,2,0,0,0,0,0,0,0,0,0,0,0,0,0,2,0,2,0,0,0,0,0,0,0,0,2,0,0,2,0,0,0,0,0,0,2,2,0,0,0,2,0,2,0,0,0,2,0,0,0,0,0,0,0,2,0,0,0,2,0,0,0,0,0,0,0,0,0,0,0,0,0,0,0,0,0,0,0,0,0,0,0,2,0,0,0,0,2,0,0,0,0,0,0,0,0,0,2,0,0,0,0,2,0,2,0,0,0,0,0,0,0,0,0,0,NA,2,0,0,0,0,0,0,0,0,0,0,2,2,0,0,0,0,0,2,0,2,0,0,0,0,2,0,0,2,0,2,2,0,0,0,0,0,0,0,0,2,0,0,0,0,0,0,0,0,0,0,0,0,2,0,0,2,0,0,0,0,0,0,2,2,2,0,0,0,0,0,0,0,0,0,0,0,2,0,0,0,0,0,0,0,0,0,0,2,0,0,0,0,0,0,2,0,0,0,0,0,0,2,0,2,2,0,0,0,0,2,0,0,2,0,0,2,0,2,0,0,2,0,0,0,0,0,0,0,2,2,2,2,0,2,2,NA,2,0,0,2,0,0,0,0,0,0,0,0,0,0,0,0,2,2,0,2,0,0,2,0,0,0,0,2,0,2,0,0,0,0,0,0,0,2,2,0,2,0,0,0,0,0,0,0,0,0,0,0,0,2,0,0,0,2,0,0,0,2,0,0,0,0,0,0,0,0,0,0,0,0,NA,2,2,0,0,0,0,0,2,2,NA,2,2,0,NA,2,0,0,0,0,2,0,0,0,0,0,2,2,0,0,0,0,0,0,0,0,2,0,0,0,2,0,0,2,2,0,2,0,0,0,0,0,0,0,0,2,2,0,0,0,2,0,0,0,0,0,0,0,0,0,0,0,0,0,0,0,2,0,2,0,0,0,2,0,0,0,0,0,2,0,0,0,0,0,0,0,0,2,0,0,0,0,0,0,2,0,0,2,0,2,0,2,0,0,0,0,2,0,0,0,0,0,2,2,0,2,0,0,0,0,0,2,0,2,2,0,0,0,0,0,2,2,0,0,0,0,2,0,0,0,2,0,0,0,0,0,0,2,2,2,0,2,2,0,0,0,0,0,0,0,0,0,0,0,0,0,0,0,0,0,0,0,2,2,0,0,2,0,0,0,0,2,0,0,0,0,0,0,0,0,2,0,0,0,0,0,2,0,0,0,0,2,0,0,0,2,0,0,2,2,2,0,0,0,0,0,2,0,0,0,0,0,0,0,2,0,0,0,0,0,0,0,2,0,0,0,0,0,0,0,2,0,0,0,2,0,0,2,0,0,0,0,0,0,NA,2,0,0,0,0,0,0,0,NA,0,0,0,0,0,0,0,0,0,2,0,0,0,0,0,0,0,0,0,0,0,0,0,0,0,0,0,0,0,0,0,2,0,0,0,0,0,0,2,2,0,0,0,2,0,0,0,2,0,0,2,0,2,0,0,2,2,0,0,0,0,0,2,0,0,0,2,0,0,0,0,0,0,0,2,0,2,0,0,0,0,0,0,0,0,0,0,0,0,0,0,0,0,0,0,0,0,2,0,0,0,0,2,0,0,0,0,2,0,2,0,0,0,0,0,0,0,0,0,0,0,0,2,0,2,0,0,0,0,0,0,0,0,0,0,0,2,0,0,0,0,0,0,0,0,2,2,2,0,0,0,0,0,0,2,2,0,0,0,2,0,0,0,0,0,0,0,0,0,0,0,0,0,0,0,0,0,2,2,0,0,0,0,0,0,0,0,0,0,0,0,0,0,0,2,0,2,0,2,0,0,0,0,0,0,0,0,0,0,0,0,2,0,0,2,2,2,0,0,0,2,0,0,0,0,0,0,2,0,2,0,0,0,2,0,0,0,0,0,2,0,0,0,0,2,0,0,0,0,0,2,0,0,0,2,2,0,0,0,0,0,0,2,0,2,0,0,0,0,0,0,0,2,0,2,2,0,0,0,0,0,0,0,0,0,2,0,0,0,0,0,0,0,0,0,0,0,2,0,0,0,0,0,0,0,0,0,2,2,0,0,0,0,0,0,0,0,0,0,2,0,2,0,0,0,0,0,0,0,0,2,0,0,0,2,0,0,0,0,0,0,2,0,2,0,0,0,2,0,0,0,0,2,0,0,0,0,0,0,0,0,0,0,0,0,0,0,0,2,0,0,0,0,0,0,0,0,0,2,2,0,0,0,0,0,2,2,0,0,0,0,0,2,0,0,0,0,0,0,0,0,0,0,0,0,0,0,0,0,0,0,2,0,2,0,0,0,2,0,0,0,0,0,0,0,0,2,2,0,2,2,2,0,0,2,0,0,0,2,0,0,0,0,0,0,0,0,0,0,0,0,0,2,2,0,0,0,2,0,0,0,NA,0,2,0,2,0,0,0,0,0,0,0,2,2,0,0,0,0,0,0,0,0,0,0,0,0,0,0,0,2,0,2,0,0,2,0,0,0,2,0,2,0,0,0,2,0,2,0,0,0,0,0,0,0,0,0,0,0,0,0,0,NA,0,0,2,0,0,0,0,0,0,0,0,0,0,0,0,0,0,0,2,0,0,0,0,0,0,0,0,0,0,0,0,0,0,0,2,0,0,0,0,2,0,0,0,0,0,0,2,2,0,0,0,0,0,0,2,0,0,2,2,2,2,0,0,0,0,0,2,0,2,0,0,0,0,0,2,0,0,0,0,0,0,0,0,0,0,0,0,0,0,0,2,0,0,0,0,0,2,0,0,2,2,2,0,0,0,0,2,0,0,0,0,0,2,0,0,2,0,0,0,0,0,0,0,0,0,0,0,2,0,0,0,0,0,0,0,0,0,0,0,0,0,0,0,2,2,0,2,0,0,0,2,0,0,0,0,0,0,0,NA,0,0,2,0,0,0,2,0,0,0,0,0,2,0,0,2,0,0,0,0,0,0,0,0,0,0,0,0,0,0,0,0,0,0,0,0,0,2,0,2,0,0,2,0,2,0,2,0,2,0,0,0,2,0,0,2,0,0,0,0,0,0,0,0,0,2,0,2,0,0,2,0,0,0,0,0,0,0,0,0,0,0,0,2,2,2,0,0,0,0,0,2,0,0,2,0,0,2,0,0,0,0,0,0,0,0,0,0,0,0,0,0,0,0,0,0,2,0,2,0,0,0,0,0,0,0,0,2,0,0,0,0,0,0,2,0,0,0,0,0,0,0,0,0,0,0,0,2,0,2,0,0,0,0,0,0,0,0,2,0,0,0,0,0,2,2,0,0,0,0,0,0,0,0,0,0,0,0,2,2,0,0,0,0,0,2,2,0,2,0,0,0,0,0,2,0,0,0,0,0,0,0,0,0,0,0,2,2,0,2,0,0,0,0,0,2,2,2,0,0,0,0,0,0,0,0,0,0,0,0,0,0,0,0,0,0,0,0,0,0,2,0,2,0,0,0,0,0,0,2,0,0,2,0,2,2,0,2,0,0,0,2,2,0,0,0,0,0,0,0,0,2,0,0,2,0,0,2,2,0,0,0,0,0,0,0,0,0,0,0,0,2,2,0,0,0,0,0,0,0,0,2,0,2,0,2,0,0,0,2,0,2,2,0,0,0,0,0,0,0,0,0,0,0,0,0,2,0,2,0,0,0,0,0,0,0,0,0,2,0,0,0,0,2,0,2,0,0,0,0,0,0,0,2,0,0,0,0,2,0,0,0,0,0,0,0,0,0,0,2,0,0,0,0,2,0,0,0,0,0,0,0,0,2,0,0,0,0,NA,2,0,0,0,0,0,0,2,0,0,0,0,0,2,2,NA,0,0,0,0,0,0,0,0,0,0,0,2,0,0,0,0,0,0,0,0,0,0,0,0,0,0,0,0,0,0,0,0,0,0,0,0,0,0,0,0,0,2,0,0,0,0,0,0,0,0,0,0,0,0,0,0,0,0,0,0,0,0,0,0,0,2,0,0,0,0,0,0,2,0,0,2,2,0,2,0,0,0,2,0,0,0,0,0,0,0,0,0,0,0,2,0,0,0,0,0,0,0,2,2,0,0,0,0,0,0,0,0,0,0,0,2,0,0,2,0,0,0,0,2,0,0,0,0,0,0,0,0,0,0,0,0,0,2,0,0,0,0,0,0,2,0,0,0,0,0,0,0,0,0,0,0,2,0,0,0,0,2,0,0,0,0,0,0,0,0,0,0,2,0,2,0,0,0,0,0,2,0,0,0,0,2,0,2,0,2,2,0,0,0,0,0,2,0,2,0,0,0,0,0,0,2,0,2,NA,0,0,0,2,0,0,2,0,0,2,2,0,2,0,0,0,0,0,0,0,0,0,2,0,2,0,0,0,2,0,0,2,0,2,2,0,2,0,0,0,0,0,0,0,0,0,0,2,2,0,0,NA,0,0,0,0,0,0,2,0,0,2,0,0,0,2,0,2,0,0,0,0,0,0,0,2,2,0,0,0,0,0,0,0,0,0,2,2,0,0,2,2,0,0,0,0,0,0,2,2,2,0,2,2,0,0,0,2,0,2,0,0,0,0,0,2,0,2,0,2,0,0,2,0,2,0,0,0,0,2,0,2,0,0,0,2,0,0,0,0,2,0,2,2,2,0,2,0,2,0,2,0,0,0,0,0,0,0,2,2,0,0,0,0,0,0,0,0,2,0,2,0,0,0,0,0,0,0,2,0,0,2,0,0,0,0,2,0,0,0,0,0,2,2,0,0,0,2,0,2,0,2,0,0,0,0,0,0,0,0,0,2,0,0,0,0,0,0,0,0,2,0,2,2,2,0,0,0,0,0,0,2,2,0,0,0,0,0,0,0,0,0,0,0,2,0,2,2,0,0,0,2,0,0,0,0,0,0,0,2,0,2,0,2,2,0,0,0,2,0,0,0,0,2,2,2,0,0,0,0,0,2,0,0,0,0,0,2,2,2,0,0,0,0,0,0,2,0,2,0,0,0,0,0,0,0,0,0,0,0,0,2,0,0,2,0,0,0,0,0,2,0,0,2,2,2,0,2,2,0,2,2,0,0,2,2,0,0,0,2,0,0,0,2,0,0,0,0,2,0,0,0,0,2,0,0,2,0,0,0,0,0,0,2,0,0,0,0,0,0,0,0,2,0,0,0,0,0,2,0,0,NA,0,2,0,0,0,NA,0,0,0,0,2,0,0,0,0,2,0,0,0,0,2,0,2,2,0,2,0,2,0,0,0,2,2,0,0,0,0,0,0,0,0,2,0,0,2,2,0,2,0,0,0,0,2,2,0,2,0,0,2,0,2,0,0,0,0,0,2,0,0,0,0,0,0,0,0,0,0,0,0,0,0,2,0,0,0,0,0,0,0,0,2,0,2,0,0,0,0,0,0,0,0,0,0,0,0,2,0,0,0,0,0,0,0,0,2,0,0,0,0,0,2,0,0,2,0,0,0,0,0,0,0,0,2,0,0,2,0,0,0,0,0,0,2,0,0,0,0,0,2,0,0,0,0,0,2,0,0,0,2,2,2,0,0,0,0,0,0,2,0,2,2,0,0,2,0,0,0,2,0,0,0,2,0,0,0,0,0,0,0,0,0,0,0,0,0,0,2,0,0,0,0,0,0,0,0,0,0,0,2,2,0,0,0,0,0,0,0,0,2,0,0,0,0,0,2,2,2,0,0,0,2,0,0,2,0,0,2,2,2,0,0,2,0,0,0,0,0,0,0,0,0,0,0,0,2,0,2,2,0,2,0,0,0,2,2,0,0,0,2,0,0,0,0,2,0,0,0,0,0,0,0,0,2,0,0,0,0,2,2,0,0,0,0,0,0,2,0,0,0,0,2,2,0,0,0,2,0,2,2,2,0,0,2,0,0,0,0,0,2,2,0,0,0,0,0,0,0,0,0,0,0,0,0,0,0,0,0,0,0,0,0,0,0,0,0,0,0,0,0,0,0,0,0,0,0,0,0,0,0,0,2,0,0,0,0,0,0,0,0,0,0,0,0,0,0,0,0,0,0,0,0,0,0,0,2,0,2,2,0,0,2,0,0,0,2,0,0,0,0,0,0,0,0,0,0,0,0,0,0,2,0,0,0,0,0,0,0,2,0,0,0,0,0,0,0,0,0,2,0,0,0,0,0,0,0,0,0,0,0,0,2,2,0,2,0,2,0,0,0,0,0,0,0,2,0,0,2,0,0,0,0,0,0,0,0,0,0,0,0,0,0,0,0,0,0,0,0,0,0,0,0,0,0,0,0,0,0,0,0,0,0,0,0,0,0,0,0,2,0,0,2,0,2,0,0,0,0,0,0,0,0,0,0,0,0,0,0,2,2,0,0,0,0,0,2,0,0,0,2,0,2,0,0,0,0,0,0,0,0,0,0,0,2,NA,0,0,0,0,0,0,0,0,0,2,0,2,0,0,2,0,0,0,0,0,0,0,0,0,0,0,0,0,0,0,0,0,0,0,0,0,0,0,0,0,0,0,0,0,0,0,2,0,0,0,0,0,0,0,0,0,0,0,0,0,0,0,0,2,0,0,0,0,0,0,0,0,0,0,0,0,2,0,0,0,0,2,0,0,0,0,0,0,0,0,0,2,0,0,0,0,0,0,2,2,0,0,2,0,0,0,0,0,0,0,0,0,0,0,0,0,2,0,0,2,0,0,2,0,0,2,0,0,0,0,0,2,0,0,0,0,0,0,0,0,0,0,0,0,0,0,0,0,0,0,0,0,0,0,0,0,0,0,0,0,0,0,0,0,0,2,0,0,2,0,0,0,0,0,0,2,0,0,0,0,0,2,2,0,0,0,0,2,0,0,0,2,2,2,0,0,0,0,0,2,2,0,0,0,0,0,0,0,0,2,0,0,0,0,0,0,0,0,0,0,0,0,2,2,2,0,0,0,0,0,0,2,0,0,2,0,0,0,0,0,2,0,0,0,0,0,0,0,0,0,0,0,0,0,0,0,0,0,0,2,0,0,NA,0,0,0,0,0,0,0,0,0,0,0,0,0,0,0,0,0,0,0,2,2,0,0,0,NA,0,2,0,0,2,0,0,2,0,0,0,0,0,0,0,0,0,0,0,0,0,0,0,0,0,0,0,0,0,0,0,0,0,0,0,0,0,0,0,0,0,0,0,0,0,0,0,0,0,0,0,0,0,0,0,0,2,0,0,0,0,0,0,0,0,2,0,2,0,0,2,0,0,0,0,2,0,0,0,0,0,2,2,0,0,0,2,0,0,0,0,2,0,0,0,2,0,0,0,2,2,0,0,0,0,0,2,0,2,2,0,2,0,0,0,0,0,0,0,0,0,0,2,0,0,0,0,0,0,0,2,0,0,0,2,0,0,0,0,0,0,0,0,0,0,0,0,0,0,2,0,0,0,0,0,0,0,0,0,0,2,2,0,0,0,0,0,2,0,2,0,0,0,0,0,0,0,0,0,0,0,0,0,0,0,0,0,0,0,0,0,0,0,0,0,0,0,2,2,0,2,0,2,2,0,0,0,0,0,0,0,0,0,0,0,0,0,0,0,0,0,0,0,0,0,0,0,0,0,0,0,0,0,0,0,2,0,0,0,0,0,0,0,2,0,0,0,0,0,0,0,0,0,2,0,0,0,2,0,0,0,0,0,0,0,0,0,0,0,0,0,0,2,2,0,2,0,0,0,2,0,0,0,0,0,0,2,2,0,0,0,2,0,2,0,0,0,0,2,2,0,0,0,0,0,0,0,2,0,0,2,2,0,0,0,0,2,0,0,0,0,0,2,0,0,NA,0,0,0,0,0,0,0,0,0,2,0,0,0,2,0,0,0,0,0,0,0,0,0,0,0,0,0,0,0,0,0,0,0,0,2,0,0,0,0,0,0,0,0,0,0,2,0,0,0,0,2,0,0,0,0,0,0,0,0,0,0,0,0,0,0,0,0,2,0,2,0,0,0,2,0,2,0,0,0,0,0,0,0,0,0,0,2,0,0,0,0,2,0,0,0,0,0,0,0,2,2,0,2,0,0,0,0,0,0,0,2,0,0,2,2,2,0,0,0,0,0,2,2,0,0,0,0,0,0,0,0,0,0,2,0,2,0,2,0,0,0,2,0,0,0,0,2,0,0,2,0,0,0,0,2,2,0,0,0,0,0,0,0,0,0,2,2,2,0,2,0,2,0,0,0,0,0,0,2,2,2,0,0,0,0,0,2,0,0,2,0,0,0,0,0,0,0,2,2,0,0,2,0,0,0,2,0,0,0,0,2,0,0,0,0,2,2,0,0,0,2,0,2,0,0,2,0,2,0,0,2,0,2,0,0,2,0,0,0,0,0,0,0,0,0,0,0,0,0,0,0,0,0,2,0,2,0,2,0,2,0,0,0,2,0,0,0,0,2,0,0,0,0,2,2,2,2,0,0,0,0,0,0,0,0,2,0,0,0,2,0,0,0,0,2,2,0,2,2,2,0,0,0,0,0,0,0,0,0,0,0,0,0,0,2,0,0,0,0,0,0,0,0,2,0,0,0,0,0,0,2,0,0,0,0,0,0,0,0,0,2,0,2,0,0,0,0,2,0,0,0,0,0,0,2,0,0,0,0,0,2,2,0,0,0,2,0,0,0,0,0,2,0,NA,0,0,0,2,2,2,0,2,0,0,0,0,0,0,0,2,0,2,0,0,0,0,0,2,0,0,2,2,0,0,0,2,2,2,0,2,0,0,0,0,0,2,2,0,0,0,0,0,0,0,0,0,0,0,0,0,0,2,2,0,0,0,2,2,0,2,0,0,0,0,2,0,2,0,0,0,2,0,2,0,0,0,0,0,0,0,0,0,0,0,2,2,0,0,0,2,0,0,2,0,0,2,0,0,0,0,0,0,0,2,0,0,2,0,0,0,0,0,0,0,2,0,0,0,0,0,0,0,2,0,0,0,2,2,0,0,0,0,0,2,0,0,0,0,0,0,0,0,0,0,0,0,2,0,0,0,0,0,0,0,2,0,0,0,0,0,0,0,2,2,2,0,2,0,0,0,0,0,0,0,2,0,0,0,0,0,0,0,2,0,0,0,2,0,2,2,0,0,0,0,0,0,0,0,0,2,2,2,2,0,0,0,0,0,0,0,0,0,0,0,0,0,0,0,0,0,0,0,0,2,2,2,0,0,0,0,0,0,0,0,0,0,0,0,0,2,0,0,0,0,2,0,2,0,2,0,2,0,2,2,0,0,0,0,2,0,0,0,0,2,2,2,0,0,0,2,0,2,0,0,0,0,0,2,0,2,0,0,0,0,2,0,2,0,0,2,2,2,2,0,0,0,0,0,0,2,0,2,0,0,2,0,0,0,0,0,0,0,2,0,0,0,0,0,0,0,2,0,0,2,0,2,0,0,0,0,0,0,0,0,0,2,0,0,2,0,2,0,2,0,0,0,0,0,0,0,0,0,2,2,0,0,0,0,0,0,0,0,2,2,0,0,0,0,0,0,2,2,0,2,2,0,0,2,0,0,0,2,0,0,0,2,0,0,0,0,0,0,0,0,0,0,0,0,2,2,0,0,0,0,2,0,0,0,0,0,0,2,0,0,0,2,0,0,0,0,0,0,0,0,0,0,0,0,2,2,0,0,0,0,0,0,0,0,0,2,0,0,0,0,0,0,0,0,0,0,0,0,0,0,2,0,2,2,0,2,0,2,0,2,0,0,0,2,2,0,0,2,0,0,0,0,2,0,0,2,0,0,0,2,2,0,0,0,0,0,0,2,0,0,0,0,0,0,2,0,0,0,0,0,0,0,2,0,0,0,0,0,0,0,0,0,2,0,0,0,0,0,0,0,NA,2,0,0,0,0,0,0,2,0,0,2,0,2,0,0,0,0,2,0,0,2,0,0,0,0,0,0,0,0,0,0,0,0,0,2,2,NA,0,0,0,2,2,0,2,2,2,0,0,0,0,2,0,0,0,2,2,0,0,0,0,0,0,2,0,2,2,0,0,2,2,0,2,2,2,2,2,0,0,0,0,2,2,0,0,2,0,0,0,0,0,2,2,2,0,0,0,0,0,0,2,2,0,2,0,2,2,0,0,0,2,0,2,0,0,0,2,0,2,0,0,2,0,0,2,0,2,0,0,2,0,2,0,0,2,2,0,0,0,0,2,0,0,0,2,0,2,0,0,0,2,2,2,0,0,0,0,0,2,0,2,0,0,0,2,NA,0,0,2,2,2,2,0,0,2,2,0,0,0,0,0,2,0,0,0,0,2,0,2,0,0,2,2,0,0,0,0,0,0,0,0,0,2,0,2,0,0,0,2,0,0,2,NA,0,0,0,0,0,0,0,0,0,0,2,0,0,0,0,0,0,0,2,2,0,2,0,0,0,0,0
"CC81",0,2,0,0,0,0,0,2,0,0,0,0,0,0,2,2,0,0,2,0,2,2,0,0,0,0,0,0,0,2,0,2,0,0,2,2,0,2,0,2,2,0,0,0,0,2,0,2,0,0,0,0,0,0,0,0,2,0,0,0,0,0,0,0,2,0,0,0,0,0,0,0,0,0,0,0,0,0,0,2,0,0,0,0,0,0,0,0,2,0,0,0,0,0,2,2,2,0,0,0,0,0,0,0,2,0,0,0,0,0,0,0,0,0,0,0,0,0,0,0,0,0,0,0,0,2,0,0,0,0,0,0,0,0,0,0,0,0,0,0,0,0,2,0,0,0,0,2,0,0,0,0,0,0,0,0,0,0,0,2,0,0,0,0,0,2,0,0,2,0,0,0,0,2,0,0,0,0,0,2,0,2,2,0,0,0,0,0,0,0,2,NA,0,0,0,0,0,NA,0,0,0,0,0,0,0,0,0,0,2,0,2,0,0,0,2,0,0,0,0,2,2,0,2,0,0,NA,0,0,0,2,0,0,0,2,2,0,2,0,0,0,0,0,0,0,0,2,0,0,0,0,0,0,0,0,0,0,0,0,0,0,0,0,0,0,0,2,2,0,0,2,0,0,0,0,0,0,2,2,2,2,0,0,0,0,0,0,0,0,0,0,0,0,0,0,0,2,2,0,2,2,0,0,0,2,2,0,0,2,0,0,0,0,0,0,0,0,0,2,0,0,0,2,2,0,0,0,0,0,0,2,0,2,2,0,0,2,0,0,0,0,0,0,0,0,0,0,0,0,0,0,0,0,0,0,0,0,0,2,0,0,0,0,0,2,0,0,2,0,2,0,0,0,0,0,0,0,0,0,0,0,0,0,2,0,0,0,2,0,2,2,0,0,0,0,0,0,0,0,0,0,0,2,NA,0,0,0,0,0,0,2,0,0,0,0,0,0,0,0,2,0,0,2,2,0,2,0,0,2,NA,0,0,0,0,0,0,0,0,0,0,0,0,0,0,0,0,2,0,0,0,0,0,0,0,0,0,0,0,2,0,0,0,0,0,0,0,0,0,0,0,0,0,0,0,0,0,2,0,0,0,0,0,0,0,2,0,0,0,0,0,0,0,0,0,0,2,2,0,0,0,0,0,0,0,0,0,0,0,0,2,0,0,0,0,0,0,0,2,0,0,2,0,0,2,0,0,0,0,2,0,0,0,2,0,0,0,2,0,2,2,0,0,0,0,0,0,0,2,2,0,2,2,0,0,2,0,0,0,2,2,2,0,2,0,0,2,0,0,2,0,2,0,2,0,0,0,2,2,2,0,2,2,2,0,2,2,0,2,0,0,0,0,0,0,0,0,0,0,0,2,2,0,2,2,2,0,0,2,2,0,0,0,0,0,0,2,0,2,0,0,0,2,0,0,0,0,2,0,0,0,0,0,0,0,0,2,0,0,0,0,2,0,0,2,2,0,2,0,0,0,2,0,0,0,0,0,0,2,0,0,0,NA,0,0,0,0,2,0,0,0,0,0,0,0,0,0,2,0,0,0,0,0,0,2,0,0,0,0,0,2,2,0,0,0,0,0,0,0,2,2,2,0,0,0,2,0,0,0,0,2,0,0,0,2,0,0,2,0,0,0,0,0,0,0,0,0,0,0,0,0,0,0,0,0,0,0,0,0,0,0,0,0,0,0,0,0,0,0,2,2,2,0,0,0,2,0,0,0,0,0,0,0,0,0,0,2,2,0,0,0,0,0,0,0,0,0,0,0,2,0,0,2,0,0,2,0,0,NA,0,0,0,2,2,0,0,2,2,0,2,2,0,0,0,0,2,0,2,0,2,2,0,0,0,0,0,0,0,0,0,2,0,2,2,0,2,0,2,2,2,0,2,2,0,2,0,0,2,0,0,0,2,2,2,0,0,0,0,2,0,0,0,2,2,2,0,0,2,0,2,0,0,2,0,0,0,2,0,0,0,0,0,0,0,0,0,2,0,0,0,2,0,0,0,2,0,0,0,NA,0,0,0,0,0,0,0,0,2,2,0,0,2,2,0,2,0,0,0,0,2,0,0,0,0,2,2,0,NA,0,2,0,0,2,0,0,0,0,0,0,2,0,0,2,0,0,0,0,0,2,0,0,2,0,0,0,2,2,2,2,0,2,0,0,2,2,2,0,0,0,2,0,2,2,0,2,2,0,0,2,0,0,0,0,0,0,0,0,0,0,0,2,2,0,2,0,0,0,0,2,0,0,0,0,2,2,0,0,0,0,0,0,0,0,0,0,0,0,0,0,2,0,0,0,0,0,0,0,0,0,0,2,0,0,0,0,0,2,0,0,0,0,2,0,0,0,0,0,0,2,2,2,0,0,0,0,0,0,2,0,0,0,0,0,0,0,0,2,0,2,0,0,2,0,0,2,0,0,2,0,0,2,0,0,0,0,2,NA,0,0,NA,0,0,0,0,0,2,0,0,2,0,2,0,0,0,0,0,0,0,0,0,0,0,0,0,0,0,0,0,0,0,0,0,0,0,0,0,0,0,0,2,0,0,2,0,2,0,NA,0,0,2,2,0,0,0,0,0,0,0,0,2,2,2,0,0,0,2,0,2,0,2,0,0,0,0,0,0,0,0,0,0,0,0,0,0,0,0,2,2,0,2,0,0,2,2,0,0,0,2,2,0,0,0,2,0,0,0,0,0,0,2,0,0,0,2,0,0,0,2,0,2,0,2,0,0,0,0,0,0,0,2,0,0,0,0,0,0,0,0,0,0,2,0,0,0,0,0,0,0,0,0,0,2,0,2,2,0,2,0,0,0,0,0,0,0,0,0,0,0,0,0,0,0,0,0,0,0,2,2,0,0,0,0,0,0,0,0,0,0,0,2,0,0,2,2,0,0,0,0,0,0,2,2,2,2,0,0,2,0,2,0,0,2,0,0,0,0,0,0,0,0,0,0,2,0,0,0,0,2,0,0,2,0,0,0,0,0,0,0,2,2,0,0,0,0,0,0,0,0,0,0,2,0,0,0,2,0,0,0,0,0,0,0,0,0,0,0,0,0,0,0,0,0,2,0,2,0,0,0,0,0,0,0,0,0,0,2,0,0,0,0,0,0,0,0,0,0,2,0,0,0,0,0,0,0,0,0,0,0,0,0,0,0,0,2,0,2,0,0,0,0,2,0,2,0,0,2,0,0,0,0,0,2,0,0,2,0,0,2,0,0,0,0,0,0,2,0,2,0,0,0,0,0,0,0,0,2,0,0,2,0,2,0,0,0,0,2,0,0,0,0,0,0,0,0,0,0,0,0,0,0,0,2,0,0,0,0,0,0,0,2,0,0,0,0,0,0,2,0,0,2,2,2,0,0,0,0,0,2,0,2,2,0,2,0,2,0,2,0,0,0,2,0,0,0,0,0,2,0,0,0,0,0,0,0,0,2,0,0,0,2,0,2,0,0,2,0,0,0,0,0,0,0,0,0,0,0,0,0,0,0,0,0,0,0,0,0,0,2,0,2,0,0,0,0,2,0,0,0,0,2,0,2,0,0,0,0,2,0,2,2,0,2,0,2,2,0,0,0,0,0,0,0,2,0,0,2,0,2,0,0,0,2,0,2,0,0,0,0,0,0,0,0,2,0,0,2,2,0,0,0,0,2,0,0,2,0,0,0,0,0,2,2,0,0,0,0,2,2,2,0,0,0,2,0,2,0,0,2,2,0,0,0,0,0,0,0,2,0,0,2,0,0,0,2,2,0,0,0,0,2,0,0,0,0,0,2,2,0,2,0,0,0,0,0,0,0,0,0,0,0,0,0,2,0,0,0,0,0,2,0,2,2,0,0,NA,0,0,0,2,0,0,0,0,0,0,0,0,0,0,0,0,0,0,0,0,0,2,0,0,0,0,2,0,0,0,0,0,0,0,0,0,0,0,0,0,0,0,2,0,0,0,0,0,0,2,0,2,0,2,0,0,0,2,0,0,0,0,2,0,0,0,0,0,0,0,0,2,2,0,0,0,0,0,0,0,0,0,0,0,0,0,0,0,0,0,0,0,0,0,0,0,0,0,2,0,0,0,0,0,0,0,0,0,0,2,2,0,2,0,0,0,0,0,0,0,0,2,0,2,0,2,0,0,0,0,0,0,0,0,0,0,0,0,0,0,0,0,0,0,0,0,0,0,0,2,2,0,0,2,0,0,0,0,2,2,0,0,0,2,2,0,0,0,0,0,0,2,0,0,0,0,2,2,0,0,0,0,0,0,0,2,0,0,2,2,0,0,0,0,0,0,2,0,0,0,0,0,0,0,0,0,0,2,0,0,0,2,0,0,0,0,2,0,0,0,2,0,0,0,0,0,2,0,2,0,0,0,0,2,0,0,0,0,0,2,0,0,0,0,0,0,0,0,0,2,0,0,0,2,0,0,NA,0,0,2,0,0,0,0,0,0,2,0,0,0,2,0,2,0,0,2,2,0,0,0,0,0,2,0,0,0,0,0,2,0,0,2,0,0,0,2,0,0,0,0,0,0,0,0,0,0,2,0,0,0,0,0,2,0,0,2,0,0,0,0,0,0,0,0,NA,0,0,0,2,0,2,0,0,0,0,0,0,0,2,0,0,2,0,0,0,0,0,0,0,0,0,2,0,0,2,0,0,0,0,0,0,0,0,2,0,0,0,0,0,0,0,0,0,0,0,0,0,0,0,0,0,2,0,0,2,0,0,0,0,0,0,2,0,0,0,0,2,0,0,2,0,0,2,0,2,0,0,0,0,0,0,0,0,0,0,2,2,0,0,0,0,0,2,0,0,0,0,0,2,0,2,0,0,0,0,0,0,0,0,0,0,0,0,0,0,0,0,0,0,NA,2,0,0,2,0,0,0,0,2,NA,2,0,0,0,0,0,2,0,0,0,0,0,2,0,0,0,2,0,0,2,0,0,0,0,0,0,2,0,2,0,0,0,0,0,2,0,0,0,0,0,0,0,2,0,0,0,0,0,0,0,0,0,0,0,0,0,2,0,0,2,0,0,0,0,0,0,0,0,0,0,0,2,0,0,0,0,0,2,0,0,0,2,2,0,0,0,0,2,0,2,0,2,0,0,0,0,0,0,0,0,0,0,0,0,0,NA,0,0,0,0,0,0,0,0,0,0,0,0,0,0,0,0,0,0,0,0,2,0,0,0,0,0,0,0,0,2,0,0,0,0,0,0,0,0,2,0,0,2,0,0,0,2,0,0,2,2,2,0,0,0,2,0,0,0,0,0,2,0,0,0,0,0,0,0,0,2,0,0,0,0,0,0,0,0,0,0,0,0,0,2,0,0,0,2,2,0,0,0,0,0,0,0,0,0,2,0,0,0,0,0,0,0,2,0,2,0,0,0,0,0,0,0,0,0,0,0,2,0,0,0,2,0,0,0,0,0,0,0,0,0,0,0,0,0,2,0,0,2,2,0,0,2,2,0,0,0,0,0,0,0,0,0,0,0,0,0,0,0,0,0,0,0,0,0,0,0,0,0,0,0,2,0,0,0,0,2,0,0,0,0,2,0,0,0,2,0,2,0,0,0,0,0,0,0,2,0,0,0,0,0,0,0,2,0,0,0,0,2,0,0,0,0,0,0,0,0,0,2,0,0,2,2,0,2,0,2,0,0,0,0,0,0,0,0,2,2,0,2,0,0,2,0,0,0,0,0,2,2,0,0,0,0,2,0,0,2,2,2,0,0,0,0,0,0,0,2,2,0,0,0,0,0,0,0,0,0,2,0,0,0,0,2,0,0,0,0,0,0,0,0,0,0,2,2,2,0,0,0,0,2,0,2,0,0,0,2,2,0,0,0,2,0,0,2,2,0,0,0,2,0,0,2,0,0,0,2,2,0,0,0,2,0,0,0,0,0,0,0,2,2,0,0,0,0,2,0,0,0,0,2,0,0,0,0,0,2,0,0,0,0,2,0,0,2,0,2,2,0,0,0,0,0,0,2,0,0,0,0,0,0,0,2,0,2,0,0,2,0,0,0,0,0,0,0,0,0,0,0,0,0,0,0,0,0,2,0,0,0,0,0,2,0,0,0,0,0,0,0,0,2,0,2,0,0,0,0,0,2,2,0,0,0,0,0,2,0,0,0,0,0,0,0,0,0,0,0,2,0,0,0,2,0,0,0,0,2,0,0,2,0,0,0,2,0,0,0,0,2,0,2,0,0,0,0,0,0,0,0,0,2,2,0,0,2,2,0,2,2,0,0,0,0,2,0,0,0,0,0,0,0,0,2,0,0,0,0,2,2,0,2,0,0,2,0,0,0,0,0,0,2,0,0,0,0,0,0,2,0,0,0,0,0,0,2,0,0,0,0,0,2,0,0,2,0,0,0,0,2,2,0,0,2,0,0,0,0,0,0,0,0,0,2,2,2,0,0,2,0,0,0,2,0,2,0,0,0,0,0,0,0,0,0,0,0,0,0,0,0,0,0,0,0,2,0,0,0,2,0,0,0,0,0,0,0,2,0,0,0,2,2,2,0,0,0,2,0,0,0,2,0,0,0,2,0,0,0,0,2,0,0,0,0,0,0,0,0,0,0,0,0,0,0,0,0,0,0,0,0,0,0,0,2,2,2,0,0,0,0,0,0,0,0,0,0,2,2,0,0,0,0,0,2,0,0,0,2,0,2,0,0,2,0,0,0,0,2,0,0,2,0,2,0,0,0,2,2,2,2,0,0,0,0,2,0,0,0,0,0,2,0,2,0,2,0,0,0,0,0,0,0,2,0,0,2,2,0,0,0,0,0,0,0,0,2,2,2,0,2,0,0,0,0,2,0,0,0,0,0,0,2,2,2,0,0,0,0,2,0,2,0,0,0,0,0,0,0,0,0,0,0,0,2,0,0,0,0,0,0,0,0,0,2,0,0,0,0,0,0,2,2,2,0,0,0,0,0,0,0,0,2,0,0,0,0,0,0,0,0,0,0,2,2,0,0,0,0,0,0,0,0,0,0,0,0,0,0,2,0,0,0,2,0,2,2,0,0,0,0,0,2,0,2,0,0,0,0,0,0,0,0,0,0,0,0,0,2,0,0,0,0,2,0,0,0,0,0,2,0,0,0,0,0,2,0,0,0,0,0,0,0,2,0,0,0,0,2,0,0,0,0,0,0,0,0,0,0,2,0,0,0,0,0,0,0,0,0,0,2,0,0,2,0,0,0,0,0,0,0,0,0,0,0,0,0,0,0,0,0,0,0,0,0,0,0,2,0,0,0,0,0,2,2,0,2,0,0,2,0,0,0,0,0,0,0,0,2,0,0,0,0,0,2,0,0,0,0,0,0,0,0,0,0,0,0,0,0,0,0,0,0,2,0,0,0,0,0,0,0,0,0,0,2,0,0,2,0,0,0,0,2,2,2,0,0,0,0,0,0,0,0,2,0,0,2,0,0,NA,0,0,0,0,0,0,0,0,0,0,0,2,0,0,0,0,0,0,0,0,2,0,2,0,2,0,0,0,0,0,0,2,0,2,0,2,0,0,0,0,0,2,0,0,0,0,0,0,0,0,0,0,2,0,0,0,0,2,0,0,2,0,0,0,0,0,2,2,2,0,2,0,0,0,2,0,0,0,0,2,2,0,0,0,0,0,0,0,2,0,0,0,0,0,0,2,0,2,2,0,0,0,0,0,0,0,0,2,0,2,2,0,2,2,2,0,0,2,0,0,0,0,2,2,0,0,0,0,2,0,0,0,0,0,0,0,0,0,0,0,0,0,0,0,0,0,0,0,0,0,0,2,0,2,0,2,2,0,0,0,0,0,0,0,0,2,0,0,0,0,0,2,0,0,0,2,0,0,2,0,0,2,0,0,2,0,0,0,0,0,0,0,0,0,0,0,0,0,0,0,0,0,0,0,0,0,2,0,0,0,0,0,2,2,0,0,0,0,0,0,0,0,0,0,0,2,0,0,0,0,0,0,0,0,0,0,0,2,0,0,0,0,0,0,0,0,0,2,2,0,2,0,0,2,2,2,2,2,0,2,2,0,2,0,0,2,2,2,0,0,2,2,0,2,0,0,2,0,0,0,0,0,2,0,0,0,0,0,2,0,0,0,0,0,0,0,0,0,2,0,0,2,0,0,2,0,2,0,0,2,2,0,0,0,0,2,0,2,0,2,0,0,2,0,0,2,0,0,2,0,0,0,2,0,0,0,0,0,0,2,0,0,0,0,0,0,0,0,0,0,0,2,0,0,0,0,0,2,0,0,0,0,0,0,0,0,0,0,0,0,0,0,0,0,0,0,0,0,0,0,0,0,0,0,0,0,0,0,2,0,0,2,0,0,0,0,0,0,0,0,0,0,0,0,0,0,0,0,0,0,0,0,0,0,0,0,0,0,0,0,0,0,0,0,0,0,2,2,0,0,0,0,0,0,0,0,0,0,0,2,0,0,0,0,0,2,0,0,0,0,0,0,0,0,2,0,0,0,2,0,0,2,0,0,0,0,0,0,0,0,2,0,2,0,0,0,0,0,0,0,0,0,0,0,2,2,2,2,0,0,0,0,0,0,2,2,0,0,2,0,0,0,0,0,0,2,0,0,0,0,0,0,0,0,2,2,0,0,0,2,0,2,0,0,0,0,0,0,0,2,0,2,0,0,0,2,0,0,2,0,0,0,0,0,2,0,0,0,2,0,0,0,0,0,2,0,0,2,0,0,0,2,0,0,0,0,2,2,2,2,0,0,0,0,2,0,2,0,0,0,0,0,0,0,0,0,0,0,0,0,2,0,0,0,0,0,0,0,0,0,0,0,0,0,0,0,2,0,0,0,0,0,0,0,0,0,0,0,2,0,0,0,0,0,0,2,0,0,0,0,0,0,0,0,2,2,0,0,2,0,0,0,2,2,0,2,0,2,2,2,2,0,0,0,0,0,0,0,0,0,0,0,0,0,0,0,0,0,0,2,0,0,0,0,0,0,0,0,2,0,0,0,0,0,0,0,0,0,0,0,0,0,0,0,2,0,0,0,0,0,0,0,0,2,0,0,2,2,0,0,2,2,0,0,0,0,0,0,0,0,0,2,0,0,0,0,0,0,0,0,0,0,2,2,0,0,0,0,0,0,0,2,0,0,2,0,0,2,0,0,2,2,0,0,2,0,0,2,0,0,2,0,2,0,0,0,0,0,0,0,0,2,2,0,2,0,0,0,0,0,0,0,0,2,0,0,2,0,0,0,0,2,2,2,2,0,0,0,0,0,2,0,0,0,0,0,2,2,0,0,0,0,0,0,0,0,2,0,0,0,0,0,0,2,2,0,0,2,0,2,0,0,0,0,0,0,0,0,2,0,0,0,0,2,0,0,2,0,2,0,0,0,0,0,2,0,0,2,2,0,0,2,0,0,0,0,0,0,0,0,0,0,2,0,0,0,0,0,2,0,0,0,0,2,NA,0,2,2,0,0,2,2,0,0,0,0,0,0,2,0,0,0,0,0,0,0,0,0,0,NA,0,0,0,0,2,NA,2,2,0,0,0,0,0,0,0,2,0,0,0,0,0,0,0,0,2,0,0,0,0,0,2,2,2,0,0,0,0,2,0,0,0,0,2,0,0,0,0,0,0,0,0,0,0,2,0,0,0,0,2,2,2,0,0,2,0,0,0,0,0,2,0,0,2,0,0,0,2,0,0,2,0,0,0,0,2,0,0,0,0,0,0,0,0,0,2,0,0,2,0,0,0,0,0,0,0,0,2,2,0,0,0,0,2,0,0,0,0,0,0,0,0,2,0,2,0,0,0,0,0,2,0,0,0,2,0,0,0,2,2,0,2,0,2,0,2,0,2,0,0,0,2,0,0,0,0,0,2,0,0,2,0,0,2,0,0,0,0,2,0,0,0,2,0,0,0,0,0,0,0,0,0,2,2,0,0,0,2,2,2,0,0,0,0,0,0,0,0,0,0,2,0,0,0,0,0,0,0,0,2,0,2,0,0,0,0,0,0,2,0,0,0,0,0,0,2,0,0,0,0,0,0,2,0,0,2,0,0,0,0,0,0,2,0,2,0,0,0,2,0,0,0,2,0,0,2,0,0,2,0,0,0,0,0,0,0,0,0,0,0,0,2,0,2,0,2,2,0,0,0,0,0,2,0,2,0,0,0,0,0,0,0,2,2,0,2,0,2,0,0,0,0,0,0,0,0,0,0,2,0,0,0,0,0,0,0,0,2,0,0,0,0,0,2,0,0,2,2,0,0,0,2,2,2,0,0,0,2,2,2,0,0,0,0,0,2,0,0,0,0,0,0,0,0,0,2,0,2,0,0,0,2,0,0,0,2,0,2,0,2,0,0,0,0,0,0,0,0,2,0,0,0,0,0,0,0,0,0,0,0,0,0,0,0,0,2,0,2,2,0,0,0,0,0,0,0,2,2,0,2,2,2,2,0,0,0,0,2,0,0,0,0,0,0,0,0,0,0,0,2,0,0,0,0,0,0,0,0,0,0,0,0,0,0,2,2,0,0,0,0,0,0,2,2,0,0,2,0,0,0,2,0,0,0,0,0,0,0,0,0,0,0,2,0,0,0,0,2,0,0,0,2,0,0,0,0,2,0,0,0,0,2,0,0,2,0,2,0,2,2,0,2,0,0,2,0,0,2,0,2,0,0,0,0,2,0,0,0,2,0,0,0,0,0,0,0,0,0,0,0,2,2,0,0,2,2,0,2,2,2,0,0,2,0,0,0,NA,0,2,0,2,2,0,0,0,0,0,0,0,0,0,0,0,2,0,0,0,0,0,0,0,0,0,0,0,2,2,0,0,2,2,0,0,0,0,0,0,0,0,0,2,0,0,0,0,0,0,0,0,0,0,0,0,0,2,0,2,0,0,0,0,2,0,0,2,0,0,2,0,0,0,0,0,0,0,0,0,0,0,2,0,0,0,0,0,0,2,0,0,0,0,0,0,0,0,0,2,0,0,0,0,2,2,0,0,0,0,2,0,0,2,0,0,0,0,0,0,0,0,2,0,0,0,2,0,0,0,0,0,0,0,0,0,0,2,0,0,0,0,0,0,0,0,0,0,2,2,0,0,0,0,2,0,0,0,0,0,0,2,0,0,0,0,2,0,0,0,0,0,0,0,0,0,0,0,0,0,2,0,0,0,0,0,0,0,0,2,2,0,0,0,0,2,0,2,2,2,0,0,0,0,0,2,2,0,2,0,0,0,0,2,2,0,0,0,0,2,2,2,0,2,2,0,0,0,0,0,2,2,2,2,2,0,0,0,2,0,0,0,0,2,0,0,0,0,0,0,0,0,2,0,2,0,0,0,0,0,0,0,2,0,0,0,0,0,0,0,0,0,0,0,2,0,0,0,0,0,2,2,0,2,2,2,2,0,0,0,0,0,2,0,0,0,2,2,0,0,0,0,0,0,2,0,0,0,2,0,0,0,0,0,0,2,0,0,0,0,0,0,0,0,0,0,0,0,2,0,0,0,2,2,0,0,0,2,2,0,0,0,0,0,0,0,0,0,NA,0,0,0,0,0,2,2,0,0,0,0,0,2,0,0,2,2,2,0,0,0,0,0,0,2,2,0,2,2,0,0,2,0,0,0,0,2,0,2,0,0,0,2,0,0,0,0,0,0,0,2,2,0,NA,0,2,2,0,0,0,2,0,2,0,0,0,0,0,2,0,2,0,2,0,2,0,0,2,0,0,0,0,0,0,0,0,0,0,2,0,0,2,NA,0,0,0,2,2,0,2,0,0,2,0,0,0,0,0,2,2
"CC82",2,0,0,0,0,0,0,2,2,2,0,2,0,0,2,2,0,0,0,0,2,NA,0,0,0,0,0,0,2,2,0,0,0,0,2,0,0,0,0,0,2,2,0,2,NA,2,0,0,0,0,2,NA,0,0,0,2,2,0,0,2,0,0,0,2,0,0,2,0,0,0,2,0,0,2,0,0,0,2,0,0,0,2,0,2,0,0,2,0,0,2,0,2,2,0,0,0,0,0,2,2,2,2,0,2,0,0,0,NA,0,0,0,2,0,0,0,0,0,0,2,0,0,2,0,0,0,0,2,0,0,0,0,2,0,0,0,0,2,2,2,0,0,0,2,0,0,0,2,0,0,0,0,0,0,0,2,0,0,0,2,0,2,0,0,0,0,2,0,0,0,0,2,0,2,2,0,2,2,0,0,0,0,0,0,0,0,0,0,2,2,2,2,0,2,0,0,2,0,0,2,0,0,2,0,0,0,0,0,NA,0,2,0,0,0,2,0,0,0,0,0,0,2,0,0,0,0,2,0,2,0,2,2,0,2,0,2,0,0,2,0,0,0,0,0,0,2,2,2,0,0,0,2,0,2,0,0,0,0,0,0,2,2,0,0,0,0,2,2,0,0,2,0,0,0,2,0,0,0,0,2,0,2,0,2,2,0,2,0,0,0,0,0,2,2,0,2,0,2,2,2,0,0,0,2,0,2,0,2,0,2,2,0,2,2,2,0,0,0,0,0,0,0,2,2,0,0,0,2,2,2,2,0,0,2,0,0,0,2,0,2,0,0,0,0,2,0,0,0,0,0,0,2,2,0,0,2,0,0,2,0,0,0,0,2,2,0,0,2,0,0,0,0,0,0,0,0,0,0,0,0,0,2,0,0,2,0,0,0,2,0,2,0,2,0,NA,2,2,0,0,0,0,0,0,0,2,0,2,0,2,0,2,0,0,0,0,0,0,0,2,0,0,0,2,0,2,0,0,0,0,0,0,2,0,0,2,2,2,0,0,0,0,2,0,0,0,2,0,0,0,2,0,2,0,2,0,2,0,0,2,0,2,2,0,2,0,0,0,2,0,0,2,0,0,0,2,0,2,0,0,0,2,0,2,0,0,0,0,0,2,0,0,0,2,2,2,0,0,2,0,2,2,2,2,2,0,0,2,2,0,0,NA,2,0,0,0,2,0,0,2,0,0,0,0,0,2,2,0,2,2,0,0,0,2,0,0,0,0,0,0,0,0,0,0,0,0,0,0,0,2,2,0,2,0,0,2,0,0,0,2,2,2,2,0,0,0,2,0,2,2,0,0,0,0,0,0,2,2,0,2,2,0,0,2,2,2,2,0,0,2,2,2,0,2,0,0,0,0,0,2,2,0,0,0,0,2,0,0,0,0,2,0,0,0,0,0,0,0,2,0,0,0,0,0,0,0,0,0,0,0,2,0,0,0,2,2,0,0,0,0,0,0,0,0,0,2,0,2,0,0,2,2,0,2,2,0,2,0,0,0,0,2,0,2,0,0,2,0,0,0,0,0,2,2,2,0,0,0,NA,2,0,0,2,2,0,2,2,0,0,0,0,2,0,2,0,0,0,0,0,0,0,2,0,2,2,2,0,0,0,2,0,0,2,2,0,2,0,0,2,0,2,0,0,0,0,2,2,2,0,0,2,2,2,0,2,2,2,0,0,0,0,0,0,0,0,0,0,0,0,0,0,0,0,0,0,0,2,2,0,0,0,0,2,0,0,0,0,0,2,0,2,2,0,2,0,0,0,NA,2,2,2,0,0,2,0,2,0,0,2,2,0,0,2,0,0,2,0,0,0,0,0,0,0,0,0,0,2,0,0,0,0,2,0,0,0,2,0,0,2,2,0,2,0,0,2,NA,0,0,0,2,2,0,2,0,2,0,NA,2,2,0,0,NA,NA,2,0,2,0,2,2,2,0,0,2,2,2,2,2,2,0,0,0,2,2,2,2,0,0,0,0,2,0,0,0,0,0,2,0,0,0,2,0,2,2,0,2,0,0,0,0,2,0,2,0,2,2,2,2,0,2,0,0,0,2,0,0,0,0,0,0,2,2,0,0,0,2,2,2,2,0,2,0,0,0,2,2,2,0,0,2,2,0,2,0,2,0,0,2,2,0,0,0,0,0,2,0,2,2,0,0,2,0,0,2,0,0,0,0,0,2,0,0,0,2,0,0,2,0,0,2,2,0,0,2,0,0,0,0,0,0,2,0,0,0,2,0,0,2,0,0,2,0,0,2,0,0,2,0,2,2,0,0,0,0,2,0,2,2,2,0,0,0,0,0,2,2,0,0,2,0,0,0,0,0,0,2,0,0,0,0,2,0,2,0,0,0,2,2,0,0,0,0,2,0,0,0,0,0,2,0,NA,2,2,0,0,2,0,0,0,2,0,0,2,0,0,2,2,2,2,0,0,0,0,0,0,0,0,0,0,0,0,0,0,2,2,0,2,2,0,0,0,2,0,0,2,0,0,0,0,0,0,0,2,0,2,2,0,0,0,2,2,2,2,0,0,0,2,0,2,2,0,2,2,0,2,2,0,0,2,0,0,2,2,0,2,0,0,0,0,0,0,2,2,0,2,0,2,2,0,2,2,2,2,2,2,2,2,2,0,0,0,0,0,0,2,0,2,0,2,0,0,0,0,0,2,0,0,0,0,2,0,0,0,0,0,0,0,0,2,2,0,0,2,2,2,0,2,2,2,2,0,0,0,0,0,2,2,0,2,0,0,0,0,2,0,0,2,0,2,0,0,2,0,2,0,0,0,0,0,2,0,0,2,0,0,2,0,0,0,2,0,0,0,0,2,2,NA,0,2,0,0,2,2,2,2,0,2,2,0,2,0,0,2,2,2,0,2,0,2,2,0,2,0,2,0,2,0,2,0,NA,0,0,2,0,2,0,0,2,2,0,2,0,2,2,0,0,2,0,2,0,2,2,0,0,2,0,0,0,2,0,0,0,2,2,0,0,0,2,0,0,0,2,0,2,0,2,0,0,2,2,0,0,0,0,0,0,0,2,0,0,0,2,0,0,2,NA,0,2,0,0,0,0,0,0,0,2,0,0,2,2,2,0,0,0,2,2,2,2,0,2,0,2,0,0,0,0,2,NA,0,2,2,2,2,2,2,0,2,0,0,0,0,0,2,0,2,2,0,2,2,2,0,2,2,2,0,0,2,0,0,2,0,0,0,2,0,0,0,2,0,0,2,2,0,0,0,0,2,2,2,2,2,2,0,2,0,2,2,2,2,2,0,0,0,0,0,2,0,0,0,0,2,0,0,2,2,0,0,2,2,0,0,0,0,0,0,0,2,0,2,0,2,0,0,0,2,0,2,2,0,0,0,2,0,0,0,0,2,0,2,0,2,2,0,0,0,2,0,0,0,0,0,2,0,0,0,2,2,0,0,2,0,0,2,0,0,2,2,2,2,0,2,2,0,2,2,0,2,0,0,0,0,2,2,2,0,0,0,0,2,0,0,2,0,0,2,0,0,0,0,2,0,0,2,0,2,0,2,0,2,2,0,2,0,0,2,2,2,0,2,2,2,0,2,0,0,2,2,0,0,0,2,2,0,0,0,2,0,2,2,0,2,0,2,0,0,2,0,2,0,0,0,0,0,0,0,0,0,0,2,0,2,2,2,0,0,0,2,2,2,2,0,0,2,2,0,2,2,0,2,NA,2,0,0,2,0,0,2,0,0,0,0,0,2,2,0,NA,0,0,2,2,0,0,2,0,2,2,0,0,0,2,0,2,2,0,0,0,0,0,0,2,0,2,2,2,0,2,0,2,2,0,0,2,0,0,2,2,2,0,0,0,2,2,0,0,2,2,0,0,0,0,0,0,2,0,0,0,0,0,2,0,2,0,2,2,2,2,0,0,0,2,0,0,0,2,0,2,0,0,2,2,0,0,0,0,0,2,0,0,0,2,0,2,0,0,2,0,0,0,2,0,0,0,2,2,0,2,0,0,0,0,0,0,0,0,0,0,0,2,2,NA,2,2,0,2,0,0,0,0,0,0,2,2,0,2,2,0,2,0,0,2,0,2,0,0,0,2,2,0,0,0,2,0,0,0,2,2,2,0,2,0,0,0,0,NA,0,0,2,0,2,2,2,0,2,0,2,0,2,0,0,0,0,2,0,0,0,2,0,0,0,2,2,2,NA,0,0,0,2,0,2,2,0,0,0,0,0,0,0,0,0,0,0,0,0,0,0,2,2,0,0,2,2,0,2,0,2,2,2,0,2,2,2,0,0,0,2,0,0,0,0,2,0,0,0,0,2,2,2,0,2,0,2,2,2,0,0,0,NA,0,2,0,0,0,2,0,2,0,2,2,0,0,0,0,0,0,2,0,0,0,0,0,0,0,0,0,0,2,2,2,2,0,0,0,2,0,2,0,0,0,0,2,0,0,2,2,0,0,0,2,0,NA,0,0,0,2,0,2,2,0,0,0,0,0,2,2,2,0,0,0,0,0,0,0,0,0,0,2,2,0,0,0,2,2,0,0,0,2,0,0,0,0,0,0,2,2,0,0,0,0,0,2,2,2,2,2,2,0,2,0,0,0,0,0,0,0,0,0,2,0,0,0,0,2,2,0,2,2,2,2,0,2,0,2,2,2,0,0,0,2,2,2,0,0,0,0,0,0,2,0,0,0,0,0,0,0,0,2,2,0,0,0,2,0,0,2,0,0,2,0,2,2,0,0,0,0,0,2,2,0,2,2,0,0,0,2,2,0,0,0,0,0,0,0,2,0,0,2,2,2,2,2,0,2,0,0,2,2,2,0,0,0,2,2,0,0,2,0,0,2,0,2,2,0,0,2,0,0,2,0,0,0,2,0,0,2,0,2,2,0,0,0,0,0,0,2,2,0,2,2,2,0,2,0,2,0,2,2,0,2,0,0,2,0,2,0,0,0,0,2,0,2,0,0,0,0,0,0,0,0,2,0,0,2,2,0,0,2,0,2,2,0,0,2,0,0,2,2,0,0,2,2,2,0,2,0,0,0,2,2,0,2,0,0,2,0,2,0,0,0,0,0,0,2,0,0,2,2,0,0,0,2,0,2,0,0,0,2,0,0,0,2,2,0,2,0,0,0,0,2,0,2,2,2,2,2,0,0,0,2,0,0,0,2,0,2,2,2,0,2,2,2,0,0,2,2,0,0,0,2,2,2,2,2,0,0,0,0,2,2,2,0,0,0,2,2,0,0,2,0,2,0,0,0,0,2,0,2,2,0,0,2,2,0,2,0,0,0,0,0,2,2,0,2,2,2,2,0,0,0,2,2,0,0,2,0,0,2,2,2,0,0,0,2,0,0,0,2,2,0,2,2,0,0,2,2,0,0,2,2,0,0,2,0,0,2,0,2,0,0,0,0,2,2,2,2,2,0,0,0,0,2,2,2,0,NA,0,0,0,0,2,0,2,0,0,2,0,0,2,0,0,0,2,0,2,0,0,2,2,0,2,2,0,2,2,0,0,0,2,2,0,2,0,2,2,0,0,0,0,0,2,2,0,2,0,2,0,2,0,2,0,0,2,0,0,2,0,0,2,0,2,0,0,2,0,0,2,2,0,0,0,0,0,0,0,0,0,2,2,2,0,2,0,0,2,2,0,2,0,2,0,2,2,2,2,0,2,2,0,0,0,0,2,0,0,2,0,0,2,0,0,0,0,0,2,2,2,0,0,2,0,0,2,0,0,2,0,0,2,0,2,0,2,0,2,2,0,2,2,2,2,0,0,0,2,0,0,0,0,2,2,0,0,2,0,0,0,0,2,0,2,2,0,0,2,0,0,2,2,0,0,0,0,2,2,0,0,0,0,0,2,2,0,0,0,0,2,0,2,0,0,0,0,NA,2,0,2,0,2,0,0,0,2,0,0,2,2,2,2,0,0,2,2,0,0,0,0,0,0,0,0,0,2,0,0,0,2,0,2,2,0,0,0,0,2,2,2,0,0,0,0,2,0,0,0,0,0,2,0,2,0,2,0,2,2,2,0,0,0,2,NA,0,2,0,0,0,2,0,0,0,0,2,2,2,2,0,0,0,2,2,0,2,0,0,2,2,2,0,0,2,0,2,0,2,2,NA,2,2,0,0,2,0,0,2,0,0,0,0,0,2,0,NA,0,0,2,2,0,2,0,2,2,2,NA,0,0,0,0,0,0,0,0,2,2,0,0,0,0,0,2,0,0,0,2,2,0,2,0,2,2,0,2,0,0,0,0,0,2,0,2,0,0,2,2,2,0,0,2,2,0,0,0,2,2,0,0,2,0,2,2,0,2,2,2,2,2,2,2,2,2,0,0,2,0,0,0,0,2,2,0,2,0,0,2,2,0,0,2,0,0,0,0,2,0,0,0,2,0,2,0,0,2,0,0,0,0,2,0,NA,0,0,0,2,2,2,0,0,0,0,0,0,0,0,0,2,0,0,2,0,0,0,2,0,2,0,2,0,0,0,0,2,2,2,2,2,2,0,0,2,0,2,0,0,0,0,2,2,0,2,2,2,0,0,2,0,0,0,0,0,0,2,0,0,0,0,2,0,2,2,2,2,0,0,2,2,2,2,0,2,0,2,2,0,2,2,0,0,0,NA,0,0,2,2,0,2,0,0,0,2,2,0,2,0,2,2,0,0,2,2,0,0,0,0,2,2,0,2,0,2,0,0,0,2,0,0,2,0,2,0,0,2,2,0,0,0,2,2,0,0,0,0,2,0,0,2,0,0,2,0,2,0,0,0,0,2,2,0,2,2,2,2,0,2,2,0,0,2,0,2,0,0,0,2,0,0,2,2,0,0,2,2,0,2,0,2,2,2,0,0,2,0,2,0,0,0,0,0,2,0,2,2,0,0,0,0,2,2,0,2,2,0,0,0,2,2,2,0,0,0,2,0,0,0,0,2,2,0,0,2,2,2,0,0,0,2,0,0,0,0,2,0,0,2,0,2,2,2,2,0,0,0,0,0,0,2,0,2,NA,0,0,2,2,2,2,0,0,2,0,2,2,2,0,0,2,2,2,2,2,0,0,0,0,2,2,2,2,2,2,0,2,2,2,2,2,0,0,2,2,0,0,0,0,0,2,2,2,0,NA,0,0,0,0,0,0,2,0,2,0,2,0,2,2,2,0,0,0,0,0,2,2,0,0,0,0,0,2,2,0,2,0,0,2,0,2,0,0,0,0,2,0,0,0,0,0,0,0,2,0,0,0,0,0,0,2,0,0,0,2,2,2,2,0,2,0,2,0,NA,2,2,2,2,0,0,2,0,2,2,2,0,2,2,2,0,0,0,2,2,2,2,2,2,0,0,0,2,0,2,0,0,0,2,2,0,2,2,0,2,NA,0,0,0,0,0,0,2,0,2,0,0,0,0,2,0,0,0,2,2,0,0,2,0,0,0,0,0,0,2,0,0,0,2,0,0,2,0,0,2,0,2,2,2,2,2,0,0,0,2,0,2,2,0,0,0,2,0,2,0,2,0,2,2,2,2,0,0,0,0,2,2,2,0,2,0,2,0,0,2,0,2,0,2,2,0,2,2,0,0,0,2,0,0,0,2,2,0,0,2,0,2,0,2,0,2,0,0,2,0,2,0,0,2,0,0,0,2,0,2,2,0,0,0,2,2,0,2,2,0,0,0,2,0,2,2,2,0,0,2,2,0,0,0,0,2,NA,0,0,0,2,0,2,0,0,0,0,0,0,0,2,2,0,0,0,2,0,2,0,0,2,0,0,0,0,2,0,2,0,0,0,0,0,0,0,2,0,2,0,0,2,0,0,0,2,0,0,2,2,0,2,0,0,0,0,2,2,2,0,0,2,0,0,0,2,0,2,2,0,2,0,2,0,0,2,0,0,0,0,0,0,2,2,0,0,2,0,2,0,2,0,2,0,0,0,0,0,0,0,2,0,0,0,0,0,2,NA,2,0,0,0,2,0,0,0,NA,2,2,2,0,2,2,2,0,2,0,0,0,2,2,0,0,2,2,2,2,0,0,0,2,0,2,0,2,2,0,2,2,0,2,2,0,2,0,2,0,0,NA,2,2,2,2,2,0,0,0,0,2,0,0,2,0,0,2,2,0,2,0,0,2,2,0,2,2,2,2,0,0,2,0,2,0,2,2,2,2,0,0,2,2,NA,2,0,0,2,0,2,0,0,2,2,2,0,0,2,0,0,0,2,2,0,0,2,2,0,2,0,0,2,0,0,0,0,2,0,2,0,2,2,2,0,0,2,0,2,0,0,0,2,2,2,0,0,0,2,0,2,0,0,0,2,2,0,0,2,0,0,0,0,2,2,0,0,2,2,0,2,0,0,0,2,0,0,2,2,0,0,2,2,2,2,0,0,2,0,2,2,0,0,2,2,2,0,0,0,2,2,0,2,0,0,2,0,0,0,0,0,2,2,0,0,0,2,2,2,0,0,2,2,2,0,0,2,2,2,2,0,2,0,0,2,2,0,2,2,2,2,0,0,2,0,0,0,2,0,2,0,0,0,0,2,0,2,0,0,2,2,2,0,2,0,2,0,0,2,0,0,2,0,0,2,0,0,2,2,2,0,2,0,0,2,2,2,0,0,0,2,2,2,0,0,0,2,0,2,0,2,0,0,2,0,2,0,2,0,0,0,2,2,2,0,2,2,2,2,0,2,0,2,2,0,2,2,0,2,0,0,0,0,0,0,0,0,0,0,0,0,0,0,0,2,2,2,0,NA,0,0,2,2,0,0,2,0,0,2,2,0,2,0,2,0,0,0,0,0,0,0,0,0,0,0,0,2,0,0,0,0,0,0,0,NA,2,2,0,2,2,0,0,0,0,0,0,2,0,2,0,0,2,2,2,0,0,2,2,0,2,0,2,0,2,2,2,NA,2,2,0,2,0,2,2,2,0,2,2,0,0,0,0,0,2,2,2,0,0,0,0,2,0,0,2,2,0,0,0,0,0,0,0,0,0,0,0,2,0,0,0,2,2,2,0,0,0,0,0,0,0,0,2,2,0,0,0,0,2,2,2,0,0,0,0,0,0,2,0,0,0,0,0,0,2,0,0,0,0,0,2,2,0,0,2,0,2,2,0,0,0,0,2,2,0,2,0,0,0,2,2,0,2,2,0,0,0,2,0,0,0,0,2,2,0,0,0,2,0,2,0,0,0,0,0,0,0,2,0,0,2,0,0,2,2,2,0,2,0,0,0,2,0,2,2,2,0,0,0,0,0,0,0,0,2,0,0,2,0,0,0,0,0,0,0,2,2,0,0,2,0,2,2,0,2,2,2,0,0,0,0,2,0,0,2,0,0,2,2,0,0,0,2,0,0,0,2,2,0,0,0,2,2,0,0,0,0,2,2,2,0,0,0,0,2,0,2,0,2,0,0,0,2,2,2,0,0,0,2,2,0,2,2,2,0,2,2,0,0,2,0,2,0,0,2,2,0,2,NA,0,2,0,2,0,0,2,2,2,0,0,0,0,NA,0,0,2,2,2,0,0,0,0,2,2,2,2,2,2,0,0,2,0,2,2,2,2,2,2,0,0,0,2,0,2,2,0,0,2,0,0,0,2,2,0,2,0,0,0,2,2,2,0,0,0,2,2,0,2,2,0,2,0,2,NA,0,0,2,0,0,0,0,0,0,NA,0,2,0,0,2,0,2,2,0,0,0,2,0,0,0,2,2,2,0,0,2,0,2,0,0,2,0,2,2,2,2,0,0,0,2,0,0,0,2,0,0,0,0,0,0,0,2,0,0,0,0,2,0,0,0,0,2,0,0,0,2,2,0,0,0,2,0,0,0,2,0,0,2,2,0,2,2,2,0,0,0,0,0,0,0,2,0,2,2,0,0,2,2,0,2,0,2,2,0,0,0,2,0,0,0,2,2,2,0,2,2,0,2,0,2,0,2,2,2,0,0,2,0,2,0,2,0,0,2,0,0,2,0,2,0,2,2,2,2,0,0,0,0,0,0,2,0,0,0,2,2,0,2,0,0,0,0,0,0,0,0,0,0,0,0,0,0,2,0,0,0,2,0,2,0,0,0,0,0,0,2,2,2,0,2,0,2,0,0,2,0,2,2,2,0,0,0,2,0,0,0,2,2,0,2,0,2,2,2,0,2,0,0,2,2,0,2,0,0,0,0,2,NA,0,2,0,0,0,0,0,0,0,2,2,2,2,0,0,2,0,2,2,0,2,0,2,0,0,0,2,0,0,0,0,0,0,2,0,0,0,0,0,0,2,0,0,2,2,0,0,0,0,0,0,2,0,0,0,0,0,0,0,2,2,0,0,2,0,2,2,2,0,0,0,2,0,0,0,0,2,2,2,0,2,0,2,0,0,0,0,0,0,0,0,0,2,0,0,0,0,2,2,0,0,0,NA,0,0,0,0,0,0,2,0,2,0,2,2,0,2,0,2,2,0,0,0,2,2,2,2,0,0,0,0,0,0,2,2,0,0,2,0,0,0,0,2,0,0,0,0,0,2,0,0,2,0,0,2,0,0,2,0,2,0,0,0,2,2,0,2,2,0,2,0,2,2,0,2,2,2,2,2,2,2,2,0,0,2,2,0,0,0,0,0,2,0,0,0,0,2,0,2,0,0,0,2,2,2,0,0,0,2,0,2,0,0,2,0,0,0,2,0,0,2,2,0,0,0,0,2,0,0,0,2,2,0,0,2,0,0,2,2,2,0,0,2,2,0,0,0,2,0,0,2,2,2,2,2,2,0,0,0,0,0,0,0,0,0,0,0,0,2,2,0,0,0,0,0,0,0,0,0,2,2,0,0,0,0,2,2,0,2,2,2,0,2,2,0,2,0,0,0,0,2,0,2,2,2,0,2,0,2,2,0,2,0,2,2,0,2,0,0,2,0,0,0,0,2,2,2,2,2,2,0,2,0,0,2,2,2,2,0,0,2,0,0,0,0,2,2,0,2,2,2,0,2,0,0,2,0,2,0,0,2,2,0,2,0,2,0,2,2,2,0,0,2,0,2,2,2,2,0,0,2,0,0,0,2,2,2,0,2,0,0,0,2,0,2,0,0,0,0,2,2,0,2,2,2,2,0,2,0,2,2,0,2,2,2,2,NA,2,NA,2,0,0,0,2,2,0,NA,2,2,0,2,0,2,0,0,0,0,NA,0,0,2,0,0,0,2,0,2,2,0,2,0,0,0,2,0,2,2,0,0,0,0,0,2,0,0,0,0,0,2,0,0,NA,0,0,2,0,2,0,0,0,2,2,0,2,0,2,0,2,0,2,2,0,0,0,0,2,2,0,0,0,0,0,2,0,0,0,0,0,2,0,2,2,2,2,0,0,2,2,0,0,0,0,0,2,0,0,2,0,0,2,0,0,0,0,0,2,0,2,2,0,2,0,0,0,0,0,0,2,2,0,0,2,0,0,2,2,0,2,0,0,0,0,0,0,0,0,0,2,0,0,2,2,0,2,0,2,0,0,0,0,2,0,2,2,0,0,2,0,2,0,0,0,2,0,2,2,0,0,NA,2,0,0,2,0,2,0,0,2,0,2,2,2,0,0,2,0,0,0,0,2,0,0,0,0,0,0,0,0,NA,0,0,2,0,0,0,0,0,0,0,2,2,0,2,2,0,0,0,2,0,0,2,2,0,2,0,0,2,0,0,0,2,0,2,2,0,0,0,0,2,0,2,0,2,0,0,0,2,2,0,0,0,0,0,0,2,0,2,2,2,0,2,2,2,2,0,2,0,0,0,2,0,0,0,2,0,2,2,2,0,2,0,0,2,2,0,0,2,0,2,2,0,0
"CC83",0,2,0,0,2,0,0,0,0,0,0,0,0,0,0,2,0,0,0,0,2,0,0,0,0,0,0,0,0,2,0,2,0,0,0,2,0,0,0,2,0,0,0,2,2,0,0,2,0,0,0,0,0,0,0,0,2,0,0,0,0,2,0,2,0,0,0,0,0,2,2,0,0,0,0,0,0,0,0,0,2,0,0,2,0,0,0,0,2,0,2,0,0,0,0,2,0,0,0,0,0,0,0,2,0,0,0,0,0,0,0,2,0,2,2,0,0,0,0,0,0,0,0,0,0,0,2,0,0,0,2,0,0,2,0,0,0,0,0,2,0,0,2,2,0,0,0,2,2,2,2,0,0,2,0,0,0,0,0,0,0,0,0,2,2,0,0,2,2,2,0,2,0,0,0,0,0,0,0,2,0,0,0,0,2,0,2,0,0,0,0,NA,2,0,0,0,0,NA,NA,0,0,0,0,0,0,0,0,0,0,0,0,0,0,0,0,0,0,0,0,0,2,0,0,0,2,0,2,0,0,0,0,0,0,0,0,0,2,0,0,0,0,0,0,0,0,2,2,0,0,0,0,0,0,0,0,0,0,0,0,0,2,0,0,0,0,2,2,0,0,0,0,0,0,0,0,0,2,2,2,2,2,0,0,0,0,0,0,0,0,0,0,2,2,0,0,0,0,0,0,0,0,0,0,0,0,0,2,0,2,0,0,0,0,0,0,0,0,0,0,0,0,0,2,0,0,0,0,0,2,0,0,0,0,0,0,2,0,0,2,0,0,2,0,0,0,0,0,0,0,2,0,2,0,0,0,0,2,0,0,0,0,2,0,0,0,2,0,0,2,0,0,0,0,0,0,0,0,0,0,0,2,0,0,0,0,0,0,0,0,0,0,0,0,2,2,2,0,0,0,0,0,2,NA,2,0,2,0,0,0,0,0,0,0,0,0,0,2,0,2,2,0,2,2,0,0,2,0,0,0,0,0,0,2,0,0,0,0,0,0,0,0,0,0,0,0,0,0,0,0,0,0,0,0,0,2,2,0,2,0,0,0,0,0,0,0,0,0,0,0,0,0,0,2,0,0,2,0,0,0,2,0,0,0,0,0,0,2,0,0,0,2,NA,0,0,0,0,2,0,0,0,0,0,0,0,0,0,0,0,2,0,0,0,2,0,0,0,0,0,0,2,0,2,2,2,2,2,0,2,0,0,0,0,0,0,0,2,0,2,2,2,0,0,0,0,0,0,2,0,0,2,0,0,0,2,0,0,0,0,2,0,0,2,0,0,0,0,0,0,0,2,0,0,0,0,0,0,2,2,2,2,2,0,0,0,0,2,0,0,0,0,2,0,0,0,2,0,2,0,2,0,0,0,2,0,0,0,0,0,2,0,0,0,0,0,2,0,2,0,0,0,0,0,0,0,0,2,0,0,0,0,0,0,0,2,2,0,0,0,0,0,0,0,0,0,2,0,0,2,0,0,0,0,0,0,0,0,0,0,0,0,2,0,0,0,0,0,0,0,0,2,0,0,2,0,0,0,0,0,0,0,0,0,2,0,2,0,0,0,0,0,0,0,0,0,0,0,0,2,2,0,0,0,0,0,0,0,0,0,2,0,0,0,2,0,0,2,0,0,0,0,0,0,2,0,0,0,0,0,0,0,2,0,0,0,0,2,0,0,0,0,0,0,0,0,0,0,0,2,0,2,0,0,0,2,0,0,0,0,0,0,0,2,0,2,0,2,0,0,0,0,0,0,2,0,0,0,0,2,0,0,0,0,0,0,0,2,0,0,0,0,0,0,0,0,0,2,0,0,0,0,0,0,2,0,0,0,0,2,0,0,0,0,0,0,0,0,0,0,0,0,0,2,2,2,0,0,2,0,0,2,2,0,2,0,0,0,2,0,2,2,2,2,0,0,0,0,NA,0,0,2,2,0,2,0,2,0,0,2,2,0,2,0,0,0,0,0,2,0,0,0,0,0,0,0,2,0,0,0,0,0,0,2,0,0,0,2,0,0,0,0,0,0,0,0,0,2,2,0,0,0,0,0,0,0,0,0,0,2,0,0,0,2,0,0,0,2,0,2,0,2,2,0,0,0,0,2,0,0,0,2,2,0,0,0,0,2,0,0,0,0,0,0,0,0,2,0,0,0,0,0,2,0,2,0,0,0,0,0,0,0,0,0,0,0,0,0,2,0,0,2,0,0,0,0,0,0,0,0,2,2,0,0,0,0,0,0,0,0,0,0,0,2,2,0,0,0,0,0,0,0,0,0,0,0,0,0,0,0,2,0,0,0,0,0,0,2,0,0,2,0,0,0,0,0,0,0,0,0,0,2,2,0,0,0,0,0,0,2,0,0,0,0,0,0,0,0,0,0,0,0,0,0,0,0,2,0,0,0,0,2,0,0,2,0,0,0,0,0,0,0,2,0,0,2,0,0,2,2,0,0,0,0,0,0,0,0,0,0,2,0,2,0,0,2,0,0,0,0,0,0,0,2,0,0,0,0,0,0,0,0,0,0,0,0,2,0,0,2,0,0,2,0,2,0,0,0,0,2,0,0,0,0,2,0,0,0,0,0,0,0,0,0,0,0,0,0,0,0,0,0,0,0,0,0,0,0,0,0,0,0,0,0,0,0,0,0,0,0,0,0,2,0,0,0,0,0,0,0,0,0,0,2,0,0,0,2,0,0,0,0,0,2,0,0,0,0,2,0,2,0,2,0,0,0,0,0,0,0,0,0,0,0,0,0,0,0,0,0,0,0,0,0,2,0,2,0,2,2,0,2,0,0,0,0,0,0,2,0,2,2,0,0,0,0,0,0,0,0,0,0,0,0,0,0,0,0,0,0,0,0,0,0,0,0,2,0,2,2,0,0,0,0,0,0,0,0,0,0,0,2,2,2,2,0,2,0,0,0,0,0,0,0,2,0,0,0,0,0,2,0,0,0,2,0,0,0,0,0,0,0,2,0,0,0,0,0,0,2,2,0,0,2,0,0,0,2,0,0,2,0,0,0,0,0,0,0,0,0,0,0,0,2,2,0,2,0,0,2,0,0,0,0,2,2,0,0,0,0,0,0,0,0,2,2,0,0,2,0,0,2,2,0,0,2,2,0,0,0,0,0,0,2,0,0,0,0,0,0,2,0,0,0,0,2,0,0,2,0,0,0,2,2,0,0,2,2,0,0,2,2,0,0,0,0,0,0,0,NA,0,0,2,0,0,2,0,0,0,0,0,0,0,0,2,0,2,0,0,0,0,0,0,0,0,0,0,0,2,0,0,0,0,0,0,0,0,2,0,0,0,2,0,0,0,0,0,0,0,0,0,0,0,0,0,0,0,0,0,0,0,0,0,0,0,0,2,0,0,2,0,0,0,0,2,0,2,0,0,0,2,0,0,2,0,0,0,0,0,0,2,0,0,0,0,0,0,0,0,2,0,0,0,2,0,0,2,2,0,2,2,2,0,0,0,0,0,0,0,0,0,0,0,0,0,0,0,2,0,2,0,0,0,0,2,0,0,0,0,2,0,0,0,0,0,0,2,0,2,0,0,0,0,0,0,0,0,0,0,0,0,0,0,0,0,2,0,0,0,0,0,0,0,0,0,0,0,0,2,0,0,0,2,0,0,0,0,0,0,0,0,0,0,0,0,0,0,0,0,0,2,0,0,0,0,0,2,0,2,0,0,0,0,0,0,0,0,0,0,2,0,0,0,2,0,0,0,0,0,2,0,0,0,0,2,0,0,0,0,2,0,2,0,2,0,0,0,0,0,2,0,0,0,0,0,2,0,0,0,0,2,0,0,0,0,0,0,2,2,0,0,2,2,0,0,0,0,0,0,0,0,0,0,0,0,0,0,0,0,0,2,2,2,0,0,0,2,0,2,0,0,0,0,0,0,0,2,0,0,0,0,2,0,0,0,0,0,2,0,0,0,0,2,0,0,0,0,0,2,0,0,0,0,0,0,0,0,0,0,0,0,0,0,2,0,0,0,0,0,0,0,0,0,0,0,0,0,0,0,0,0,0,0,0,0,0,0,0,0,0,0,0,0,0,2,0,0,2,0,0,0,0,2,0,0,0,2,0,2,0,0,0,0,0,2,0,0,0,0,0,0,0,0,0,0,0,0,0,2,0,0,0,0,2,0,0,0,0,0,0,2,0,0,0,0,0,2,0,0,0,0,0,0,0,0,2,0,2,2,0,0,0,0,0,0,0,0,0,0,0,0,0,0,0,0,0,0,0,2,0,0,0,2,0,0,0,0,0,0,0,0,0,0,0,0,2,2,0,0,0,0,0,0,0,2,0,0,0,0,0,0,2,2,0,0,0,0,0,0,0,0,0,0,0,0,0,0,0,2,0,0,0,0,0,2,0,0,0,0,0,0,0,0,0,2,0,0,0,2,0,0,2,0,0,0,0,0,0,0,2,0,0,0,0,0,0,0,0,0,0,0,2,0,0,0,0,0,0,0,0,0,0,0,0,0,2,2,0,0,0,0,0,2,0,0,0,0,0,0,2,0,0,0,0,0,0,0,0,0,0,0,0,0,0,0,2,0,0,0,0,0,0,0,0,0,0,0,2,0,0,0,0,0,2,0,0,0,0,0,0,2,NA,0,0,0,0,2,0,0,2,0,0,0,0,0,0,0,0,0,0,2,0,0,0,0,0,0,0,0,2,0,0,0,0,0,0,0,0,0,2,0,0,0,0,0,0,0,0,2,2,0,0,0,0,0,0,0,0,0,2,0,2,0,2,0,0,2,0,2,0,2,0,0,2,0,0,0,0,0,0,0,0,0,2,0,2,0,0,0,2,0,0,0,0,0,2,0,0,0,0,0,0,0,0,0,2,0,0,2,0,0,0,0,2,0,2,0,0,0,0,0,2,0,2,2,0,0,2,0,0,0,2,0,2,0,0,0,0,0,0,0,0,0,0,0,0,0,0,0,0,0,2,0,0,0,0,0,0,0,0,2,0,0,0,0,0,0,0,2,2,0,2,0,0,2,0,0,0,0,0,0,2,0,0,0,0,2,2,0,0,2,0,0,0,0,0,0,0,2,2,0,0,NA,0,0,2,0,0,0,2,0,2,0,0,0,0,0,0,2,0,0,0,0,2,0,0,0,0,0,0,0,0,0,2,0,0,2,0,2,0,2,0,0,0,0,0,2,0,0,2,0,0,2,0,2,0,0,0,0,0,0,2,2,0,0,0,0,0,0,2,0,0,0,0,2,2,0,0,0,0,0,2,0,0,0,0,0,0,0,0,2,0,0,2,0,0,0,0,0,0,0,0,0,0,2,2,2,0,2,2,0,0,0,0,2,0,0,0,2,2,0,0,0,0,2,0,0,2,0,0,0,0,0,0,2,2,NA,0,0,0,0,2,0,0,0,0,0,0,2,2,0,2,0,0,0,0,0,0,0,2,0,0,0,2,0,0,0,NA,0,0,0,2,0,0,2,0,0,2,2,0,0,0,0,0,0,2,0,0,0,0,0,0,0,0,0,0,0,0,0,2,2,0,2,0,0,0,0,0,0,0,2,2,0,0,0,0,0,2,0,0,2,0,0,0,0,0,2,2,0,0,0,0,0,0,2,0,0,0,2,0,0,0,0,0,0,0,0,0,2,0,0,0,0,0,0,0,0,0,0,0,0,2,2,0,0,0,0,0,0,0,2,0,0,0,0,0,0,0,0,0,0,0,0,2,2,0,0,0,0,0,0,0,0,0,2,0,0,2,2,0,0,0,0,0,0,0,0,0,0,0,0,0,0,0,0,0,0,0,2,2,0,0,0,0,2,0,0,0,0,0,0,0,0,0,0,2,0,0,2,2,0,2,0,0,0,0,0,0,0,0,0,0,0,0,0,0,0,0,0,0,0,0,0,0,0,0,2,0,2,2,2,0,0,0,0,2,0,0,0,0,0,0,0,2,0,0,0,0,2,0,2,2,0,0,0,0,0,0,0,0,0,0,0,0,0,0,2,0,0,2,0,0,0,2,0,2,0,2,0,2,0,0,0,0,0,2,0,0,0,2,0,0,0,0,0,2,0,0,0,0,0,0,0,0,0,0,0,0,0,0,0,0,0,0,0,2,0,0,0,0,2,0,2,0,0,2,0,0,0,0,0,0,2,0,0,0,2,0,0,0,0,0,0,0,0,0,0,0,0,0,2,0,2,2,2,0,2,0,0,0,0,0,2,0,2,2,0,2,0,2,0,2,0,2,2,2,0,2,0,0,0,0,0,0,0,0,0,0,0,0,0,0,0,0,2,0,0,0,2,0,0,0,0,0,0,0,2,0,2,0,0,0,2,2,0,2,2,0,2,2,2,2,2,2,0,2,0,2,0,2,0,0,2,0,0,0,2,2,0,0,0,0,0,0,2,0,0,2,0,0,2,0,2,0,0,0,0,0,0,0,2,0,0,0,0,0,0,2,0,2,0,0,0,0,0,2,0,0,0,0,0,0,2,0,0,0,0,0,0,2,0,0,0,0,2,0,0,0,0,2,0,0,2,2,0,0,0,2,2,0,0,2,2,0,0,0,0,0,0,0,0,2,0,0,0,0,0,0,0,0,0,0,0,0,0,0,2,0,2,0,0,0,0,0,0,0,0,0,0,0,2,0,0,0,0,2,0,0,2,0,0,0,2,0,0,2,0,2,2,0,2,0,0,2,0,2,0,0,0,0,0,0,0,0,2,0,0,0,0,0,0,0,2,0,0,0,0,0,0,0,0,0,0,0,0,0,0,0,0,2,0,0,0,2,0,0,2,0,0,0,0,0,0,2,0,0,2,2,2,0,0,0,0,0,0,0,0,2,0,2,2,2,0,0,0,0,0,0,0,0,0,0,0,0,0,0,0,2,0,0,0,0,0,0,0,0,0,2,2,0,0,2,0,2,2,2,0,0,0,0,0,2,0,0,2,0,2,0,0,0,0,0,0,0,0,0,0,0,2,0,0,2,0,0,0,0,0,0,0,0,0,0,0,0,2,2,0,0,2,2,0,0,0,0,0,0,2,0,0,0,0,2,0,0,0,0,0,0,0,0,0,0,0,0,0,0,0,0,0,0,0,2,0,0,2,0,0,2,0,0,2,0,0,2,0,0,0,0,0,0,2,0,0,0,0,0,0,0,0,0,0,2,0,0,0,0,0,0,0,0,0,0,0,0,0,0,0,0,0,0,0,0,0,2,0,2,0,0,0,0,0,2,2,0,0,0,0,0,0,2,0,0,0,0,0,0,0,0,0,0,0,0,0,0,0,0,0,0,0,0,2,0,0,2,0,0,0,0,0,0,0,0,0,0,0,0,0,0,0,0,0,0,0,0,0,2,0,0,0,0,2,0,0,2,0,0,0,0,0,0,0,0,0,0,0,0,2,0,0,0,0,0,2,0,2,0,2,0,0,0,0,2,0,0,0,2,0,2,0,0,0,0,2,2,0,0,0,0,0,2,0,2,0,2,2,0,2,2,0,0,0,0,0,2,0,0,0,2,0,2,0,0,2,2,0,0,0,0,0,2,0,0,0,2,2,0,2,0,2,2,0,0,0,0,0,0,0,0,2,0,0,0,0,2,0,0,2,0,0,0,0,0,0,2,0,0,0,0,0,0,2,0,2,2,2,NA,0,2,0,2,0,2,0,0,0,2,0,0,0,0,0,2,0,0,2,2,0,0,0,0,0,0,0,0,0,0,0,0,0,0,0,2,0,0,0,2,0,2,0,0,2,0,0,0,0,0,0,2,0,2,NA,2,2,0,0,0,0,2,0,0,0,0,0,0,0,0,0,2,0,0,0,0,0,2,0,0,0,2,2,2,2,2,2,0,0,0,0,0,0,0,0,0,0,0,0,0,0,0,0,0,2,0,2,2,2,0,0,0,0,0,0,0,0,0,0,0,0,0,0,0,0,2,0,2,0,0,2,0,0,0,0,0,0,0,0,0,0,0,0,0,0,0,0,0,0,2,0,0,0,0,0,0,0,0,0,0,0,0,0,2,0,0,2,0,0,2,0,0,2,0,0,0,0,0,0,0,0,2,0,0,0,0,2,0,0,0,0,0,0,0,0,0,0,0,0,0,2,0,0,0,0,0,0,0,2,0,2,0,0,0,0,0,2,0,2,0,0,0,0,0,0,0,2,2,0,0,0,2,0,0,0,0,0,0,2,0,2,0,2,2,0,0,2,0,0,0,0,0,2,0,0,0,0,0,0,2,0,0,0,0,0,0,0,0,0,0,2,2,0,0,0,2,0,0,0,2,2,0,2,2,0,0,0,0,0,0,0,0,0,0,0,0,0,2,0,0,0,0,2,0,0,NA,2,0,0,0,0,0,0,2,2,0,0,0,0,0,2,0,2,0,0,0,0,0,0,0,0,2,2,2,0,0,0,2,0,0,0,0,0,0,0,2,0,0,0,0,0,2,0,0,0,0,0,0,0,0,2,0,2,0,2,0,0,0,0,0,0,0,0,0,0,0,0,0,0,0,0,0,0,0,0,0,0,0,0,0,2,0,2,2,0,2,0,0,2,0,2,0,0,0,0,0,0,0,0,0,0,2,0,0,0,0,0,0,0,0,0,2,0,0,0,0,0,2,0,2,2,0,0,0,2,0,0,0,2,0,0,2,0,0,2,0,0,0,0,0,0,0,0,2,0,0,0,0,2,0,0,0,2,0,2,2,0,2,2,0,0,2,2,0,0,0,0,0,0,0,0,2,0,0,0,0,0,0,2,0,0,0,0,0,0,0,0,0,0,0,0,0,2,0,0,2,0,0,2,0,0,0,2,0,0,0,0,0,0,2,0,0,0,0,0,2,0,0,2,0,0,0,0,0,2,0,0,2,0,0,0,0,0,0,0,0,2,2,0,2,0,0,0,2,2,2,0,0,0,0,0,0,0,2,2,2,0,0,2,0,0,0,0,0,0,0,0,0,0,0,0,0,0,0,0,0,0,0,0,0,0,0,0,0,0,0,0,0,0,0,0,0,0,2,0,0,0,0,0,2,0,0,0,2,0,0,0,0,0,0,2,0,2,0,0,0,2,0,2,2,2,0,0,0,0,0,0,0,0,2,0,2,0,2,0,0,0,2,0,0,0,0,0,2,0,0,2,0,0,0,2,0,0,0,0,0,2,0,0,2,0,0,0,0,0,2,2,0,0,0,0,2,0,0,2,0,2,0,0,0,0,0,0,0,0,0,0,0,0,0,0,0,0,0,0,0,2,2,2,0,0,0,0,0,0,0,0,0,0,2,2,2,2,0,0,0,0,0,0,0,2,0,0,2,0,2,0,0,0,0,0,0,0,0,0,0,2,0,0,2,0,0,0,0,2,0,0,0,0,2,0,0,0,2,0,0,0,0,0,2,0,0,0,0,0,2,0,0,0,0,0,0,0,0,2,0,0,0,0,2,NA,0,0,2,0,0,2,0,0,0,0,0,2,0,NA,0,0,0,0,0,0,0,0,0,2,NA,0,0,0,0,2,0,2,2,0,0,0,0,0,0,2,0,0,0,2,0,2,0,0,0,2,0,2,0,0,0,0,0,0,0,2,0,0,0,0,0,2,0,2,0,0,0,0,0,0,0,0,0,0,0,2,0,0,0,0,0,0,0,0,2,2,0,0,0,2,2,0,0,0,0,0,0,0,0,2,2,0,0,0,0,0,0,0,0,0,2,0,0,2,0,0,0,0,2,0,0,0,0,0,0,0,0,0,2,2,0,2,0,0,0,0,0,0,0,0,0,0,2,0,0,0,0,2,0,2,0,0,0,0,0,0,2,0,2,0,0,2,0,0,0,2,0,2,0,0,0,0,2,0,0,0,0,2,2,0,0,0,0,0,0,0,0,0,0,2,0,0,0,0,0,0,0,2,0,0,0,2,0,0,0,2,0,0,0,0,0,0,0,0,0,0,0,0,0,0,0,0,2,0,0,0,2,0,0,0,2,2,0,0,0,0,2,2,0,0,0,0,0,2,0,2,0,0,2,0,0,0,0,0,2,2,0,0,0,0,0,0,2,0,2,2,0,2,0,0,0,0,0,2,0,0,0,0,2,0,0,0,0,0,2,2,0,0,0,0,0,0,2,2,0,0,0,0,0,2,0,2,0,0,2,0,2,0,0,0,2,0,0,0,0,0,0,2,0,0,0,2,0,2,0,2,0,0,0,0,2,0,2,0,0,0,2,0,0,2,0,0,0,0,0,0,0,0,2,0,2,0,2,0,0,0,0,0,0,2,0,0,2,2,0,0,2,0,0,2,0,0,2,0,0,0,0,0,0,0,0,0,0,0,0,0,0,0,2,0,0,0,0,0,0,2,0,0,0,2,0,0,0,0,2,0,0,0,NA,0,0,0,0,0,0,0,0,0,0,0,0,0,0,0,2,0,0,0,0,0,0,0,0,0,0,0,0,0,0,0,0,2,0,0,0,0,2,0,2,0,0,0,0,0,0,0,0,0,0,0,0,0,0,0,0,2,0,0,0,0,0,2,0,0,0,2,0,0,0,0,0,0,0,0,0,0,0,2,0,0,0,0,0,0,2,0,0,2,0,0,0,2,0,0,0,0,0,0,0,0,0,2,0,0,2,0,0,0,0,0,0,0,0,0,0,0,0,0,0,2,0,2,0,0,0,0,0,0,0,0,0,0,0,0,0,0,0,0,0,0,0,0,2,0,2,2,0,0,0,2,0,0,2,0,0,0,2,0,0,0,2,2,0,0,2,0,0,0,0,0,0,0,0,0,0,0,0,2,0,2,0,0,0,0,0,2,0,0,0,0,2,0,0,0,0,2,0,0,0,0,0,0,0,0,0,0,0,0,0,0,0,0,0,0,2,0,0,0,0,0,0,0,0,0,0,0,0,0,0,0,0,0,0,0,0,0,0,0,0,0,0,0,0,2,2,0,0,0,0,0,0,0,0,0,0,0,0,2,0,0,0,2,0,0,0,0,2,0,0,0,0,0,0,0,2,2,0,0,0,2,0,0,0,0,0,0,0,2,0,0,0,0,0,0,2,0,0,0,0,0,0,0,0,0,0,0,0,0,0,0,0,2,2,0,0,0,0,0,0,0,0,0,2,0,0,0,0,0,0,0,0,0,0,0,0,0,0,0,2,0,2,2,0,0,0,0,0,0,0,0,0,2,2,0,0,0,2,0,2,0,0,0,2,0,0,2,0,0,0,0,2,2,0,0,0,2,2,0,0,2,0,0,2,0,0,0,0,0,0,2,2,2,2,0,0,0,2,0,0,0,2,0,0,0,0,2,0,0,0,2,0,2,2,0,0,0,0,0,0,0,0,0,0,0,0,0,0,0,0,0,0,0,0,2,0,0,0,0,0,0,0,0,2,0,0,0,0,0,0,0,2,0,0,0,2,0,0,0,0,0,0,0,0,2,0,0,0,0,2,0,0,0,0,0,0,2,0,0,0,0,0,0,2,0,0,2,0,2,0,2,2,0,0,0,0,2,0,0,2,2,0,2,0,0,0,2,0,0,2,0,0,2,0,2,2,0,0,0,0,0,0,0,0,0,0,2,0,0,0,0,2,0,0,0,0,0,0,2,0,0,0,0,0,0,2,0,0,0,0,0,0,0,0,0,0,0,0,2,2,0,0,2,2,0,0,0,0,0,2,0,0,2,0,0,0,0,0,0,2,0,0,0,2,2,0,2,0,0,0,0,0,2,0,0,0,0,2,0,2,0,0,0,0,0,0,0,2,0,2,0,0,0,0,0,2,2
"CC84",0,0,0,0,2,0,2,0,0,0,0,0,0,0,2,0,0,0,0,0,0,NA,0,0,0,0,0,0,2,0,0,0,0,2,2,0,0,0,2,2,2,0,0,0,0,0,0,0,0,0,0,0,0,0,0,0,0,0,0,2,0,0,0,0,0,0,0,0,0,0,2,0,0,0,0,0,2,0,0,0,2,0,0,0,0,0,0,0,2,0,2,0,0,0,0,2,0,0,0,0,2,2,2,2,0,0,0,NA,0,2,0,2,2,0,0,0,2,2,0,0,0,0,0,0,0,0,2,0,0,0,2,0,2,2,0,0,0,0,0,2,0,0,2,2,0,0,0,0,0,2,2,0,0,0,0,0,0,2,0,0,0,0,0,0,0,0,0,2,2,2,2,0,0,0,NA,0,0,2,0,0,0,0,0,0,0,0,2,0,2,0,0,0,0,0,0,0,0,0,0,0,NA,2,0,0,2,0,0,0,0,0,0,0,0,0,0,2,0,0,0,0,2,0,0,0,0,0,0,2,0,0,0,0,0,0,0,2,2,0,0,0,2,0,0,0,0,2,0,0,0,0,0,0,0,0,0,2,0,2,2,0,0,2,0,0,2,0,2,0,0,2,0,2,0,2,0,0,0,0,0,0,0,0,0,0,2,0,0,0,0,0,0,0,0,0,2,0,0,0,0,0,0,0,0,0,0,0,2,0,2,0,0,0,NA,0,0,2,0,0,2,0,0,0,2,0,0,0,0,0,2,0,0,0,0,0,0,2,2,0,2,0,0,2,0,2,0,0,0,0,2,0,0,0,0,0,0,0,0,0,0,0,0,0,0,0,0,0,0,0,0,0,2,0,0,0,0,0,0,0,2,0,0,0,0,0,0,0,0,2,0,0,0,0,0,2,2,2,2,0,0,0,0,0,0,2,2,2,2,0,0,0,0,0,2,0,0,2,2,0,0,2,0,2,0,0,0,0,0,0,2,0,0,0,0,0,2,0,0,2,0,2,2,0,0,0,0,0,0,0,0,0,NA,0,0,0,2,2,0,2,0,0,0,0,0,0,0,0,0,2,0,0,0,0,2,0,0,0,0,0,2,0,0,0,0,0,0,0,0,0,0,0,2,0,0,0,0,0,2,0,0,0,0,0,0,0,0,0,0,0,2,0,0,0,0,0,2,0,0,0,0,0,2,2,0,0,2,2,2,0,0,0,2,0,0,2,0,0,0,0,0,0,0,0,0,2,0,0,0,0,0,0,0,0,0,0,0,0,0,2,2,0,0,0,0,2,0,0,0,0,0,0,0,2,0,0,0,0,0,0,2,0,0,2,0,0,0,0,0,0,0,2,0,0,0,0,2,0,2,2,0,2,0,0,0,0,2,2,0,0,0,0,0,0,2,0,0,2,0,0,0,0,0,0,2,0,2,0,2,2,2,0,0,2,2,0,0,0,2,0,2,2,2,2,0,2,0,0,0,2,2,0,0,2,2,0,0,0,2,2,0,2,0,2,0,0,0,0,0,2,2,2,0,2,2,0,0,0,0,0,2,0,0,0,0,0,0,0,0,0,0,0,0,0,0,0,0,0,0,0,0,2,0,0,2,2,0,2,2,2,0,0,0,0,0,0,0,2,0,2,0,0,0,0,0,0,0,2,0,0,2,0,0,2,0,0,0,2,2,0,0,0,0,0,0,0,0,0,0,0,2,0,0,2,0,0,0,0,0,0,0,0,2,0,0,2,2,0,0,0,0,0,0,0,2,0,2,0,2,0,2,0,0,2,0,0,0,0,0,0,0,0,0,0,2,0,0,0,0,0,0,0,0,0,0,0,0,0,2,0,0,0,0,0,0,0,0,0,0,0,0,0,0,0,2,0,0,0,0,0,0,0,2,0,0,0,0,0,2,2,0,0,2,0,2,0,0,0,0,2,0,2,0,0,0,2,0,0,0,0,0,0,2,0,2,0,0,0,0,0,0,0,2,0,2,0,2,0,0,0,2,0,0,2,0,0,0,2,0,0,2,2,0,2,0,0,0,0,0,0,0,0,0,0,0,0,2,0,2,2,2,2,0,0,2,0,0,NA,0,2,0,0,2,NA,0,2,0,0,0,0,0,0,0,2,0,2,2,0,0,2,2,0,2,0,0,0,0,0,0,0,0,0,0,0,2,0,0,0,2,0,2,0,0,2,0,0,0,0,0,2,0,0,2,0,0,0,0,0,0,0,2,2,0,0,0,0,2,0,0,0,0,0,0,0,0,0,0,0,0,0,0,0,0,0,0,0,0,0,0,0,0,0,0,0,0,0,0,2,0,0,0,0,0,0,0,0,2,0,0,0,0,0,0,0,0,0,0,0,0,0,0,0,0,0,0,0,0,0,0,0,0,0,2,0,0,0,2,0,0,0,2,0,0,0,0,0,0,0,2,2,0,0,0,0,0,0,2,0,2,2,0,0,2,0,0,0,0,0,2,0,0,0,0,0,0,0,0,2,0,0,0,0,2,0,0,2,0,0,2,2,2,0,2,2,0,0,0,2,2,2,0,2,0,0,0,2,0,2,0,0,0,0,2,0,0,0,0,0,0,0,0,0,0,0,0,NA,2,0,0,0,2,2,0,2,0,2,0,0,0,0,2,0,NA,2,0,0,0,0,0,0,0,0,0,0,0,0,0,0,0,0,0,0,0,0,0,0,0,0,0,2,2,0,0,2,0,NA,0,0,0,0,0,2,0,2,0,0,0,0,0,0,0,2,0,0,0,2,0,0,0,0,0,2,2,2,0,0,0,0,0,2,0,2,0,0,0,0,0,0,2,2,0,0,0,0,0,2,0,2,0,0,2,0,2,0,0,0,2,2,2,0,0,2,0,0,0,0,0,2,0,0,0,NA,0,0,2,2,0,0,2,0,2,0,0,0,0,0,0,0,0,0,0,2,0,2,0,0,2,0,0,0,0,0,0,0,0,0,0,0,2,0,0,2,0,0,2,0,0,0,2,2,2,2,0,0,0,0,0,0,0,0,2,2,0,2,2,0,2,0,0,0,0,0,0,0,0,2,0,0,2,0,0,0,NA,0,0,0,0,0,0,0,0,0,0,0,0,2,2,0,0,0,0,0,0,2,0,0,0,0,2,0,0,0,0,0,0,0,2,2,0,0,0,2,0,0,2,2,0,2,0,0,0,2,0,0,0,0,0,0,0,0,0,2,2,0,2,2,0,0,0,0,0,0,0,0,0,2,2,2,2,2,2,0,2,0,0,0,2,2,0,0,0,0,0,0,2,0,0,0,0,0,2,2,0,0,2,0,2,0,0,0,0,0,0,2,0,2,2,2,0,0,0,2,0,0,0,0,2,2,0,0,2,0,0,2,0,0,0,0,0,2,0,0,0,0,0,0,0,0,0,2,0,0,0,0,0,0,0,2,0,0,0,0,0,0,0,2,0,0,0,0,0,0,0,0,2,0,0,2,0,0,0,0,0,0,0,0,0,0,2,0,2,0,0,0,0,0,0,2,0,0,0,0,0,0,2,0,0,0,0,2,0,0,0,0,2,2,0,0,0,2,0,0,0,0,2,0,0,0,0,0,0,0,0,0,0,2,0,0,2,2,0,2,0,0,0,0,0,0,0,2,0,0,0,0,0,0,0,0,0,0,0,0,0,0,2,0,0,0,0,0,0,0,0,0,0,0,0,0,2,0,2,0,0,0,2,0,0,0,0,0,0,0,0,2,0,0,2,2,2,0,0,0,0,0,0,0,0,2,0,2,0,0,0,0,0,0,2,0,0,0,0,0,0,0,0,0,0,0,0,0,2,2,2,0,0,0,0,0,0,0,2,2,0,0,2,0,0,0,2,0,0,0,2,0,0,0,0,0,0,0,0,2,2,0,0,0,0,0,2,0,0,0,2,0,0,2,0,2,0,2,0,0,0,0,0,0,0,0,0,0,0,0,0,0,0,0,0,0,0,0,0,0,2,0,0,0,0,2,0,0,2,2,0,0,0,0,0,0,0,0,0,0,0,0,0,0,0,2,2,0,2,0,0,0,0,2,0,0,0,0,0,0,0,0,0,0,0,0,0,0,0,0,0,0,2,0,0,2,2,0,0,0,2,0,2,0,0,0,0,0,0,0,2,0,0,0,0,0,0,2,0,0,0,0,0,0,0,0,0,0,0,0,0,2,2,2,2,0,2,2,2,0,2,2,NA,2,0,0,0,2,0,2,0,0,0,2,0,0,0,2,0,0,0,0,2,0,0,0,0,2,0,0,2,0,2,0,0,0,0,0,0,0,0,0,0,0,2,0,2,0,0,0,0,0,0,0,0,0,2,0,0,0,2,0,0,0,0,0,0,2,2,0,0,2,2,2,2,0,0,0,0,0,0,0,2,2,2,0,2,0,0,0,0,0,2,0,0,0,0,0,0,2,0,2,0,0,0,0,0,0,2,0,0,0,0,2,2,0,0,2,0,0,0,0,0,0,0,2,0,0,2,0,2,2,0,0,0,0,0,0,0,0,0,2,0,0,0,0,0,0,0,0,0,0,0,0,0,0,0,0,2,0,0,0,0,0,0,2,0,0,0,2,2,0,0,0,2,0,0,2,0,0,0,2,0,2,0,0,0,0,0,0,0,2,0,0,2,2,0,2,0,0,0,0,0,0,2,2,0,0,0,0,0,2,2,0,0,0,0,0,0,0,0,0,0,2,0,0,2,0,0,0,0,0,2,2,0,2,0,2,0,0,0,0,2,2,0,0,0,0,0,0,0,0,2,0,0,0,0,0,0,0,0,0,0,0,2,0,0,0,0,0,0,0,0,2,0,0,0,0,0,0,0,0,0,0,0,0,0,0,0,0,0,0,0,0,0,0,2,0,2,0,0,0,0,0,0,0,0,0,0,0,0,0,0,2,0,2,0,2,0,0,0,0,0,0,2,0,0,0,0,0,0,0,0,0,0,0,0,0,0,2,0,0,0,0,2,0,0,0,2,0,2,2,0,0,0,0,2,0,2,2,0,0,0,0,0,2,0,0,0,2,0,0,0,2,0,2,0,2,2,0,0,2,2,0,0,0,0,0,0,0,2,2,2,0,0,0,0,0,0,0,0,0,0,0,0,2,0,0,0,0,0,0,0,0,0,0,2,2,0,0,0,2,0,0,2,0,2,0,0,0,0,0,0,2,0,0,NA,0,0,0,0,0,0,2,0,0,0,0,0,0,2,2,0,0,0,0,0,0,0,0,0,0,0,2,0,0,0,0,0,0,0,0,0,0,0,0,0,0,0,0,0,0,0,0,0,0,0,0,0,0,0,0,2,0,0,0,0,0,0,0,0,0,0,0,0,0,0,0,0,0,0,0,0,0,0,0,0,0,2,0,0,0,0,0,0,0,0,0,2,0,2,0,0,2,0,0,0,0,0,2,0,0,0,0,0,2,0,2,0,0,0,0,0,2,0,NA,0,0,0,0,0,0,0,0,0,0,0,0,0,0,0,0,0,2,0,0,0,0,0,0,0,0,0,2,0,0,0,2,2,0,0,0,0,0,0,2,0,0,2,2,0,2,0,0,0,0,0,2,0,0,0,0,0,0,2,2,0,0,0,0,0,0,0,0,0,0,2,0,0,0,0,2,0,0,0,0,2,0,2,2,0,0,0,0,0,0,0,0,2,0,2,0,0,0,0,0,0,0,0,0,0,0,0,0,0,0,0,0,0,0,0,0,0,0,0,0,0,0,0,0,0,0,2,0,0,0,0,2,0,0,0,0,0,0,0,0,0,0,0,0,0,0,0,0,0,2,2,2,0,0,0,0,2,0,0,0,2,0,0,0,0,0,0,0,0,0,2,0,0,0,0,2,0,0,2,0,0,0,2,0,0,0,0,0,0,2,0,2,0,0,0,2,2,0,0,0,0,0,0,0,2,0,0,0,0,0,0,0,0,2,0,0,0,0,2,0,0,2,0,0,0,2,2,0,0,2,2,0,0,0,0,0,2,0,2,0,0,0,0,2,2,0,0,0,2,0,2,0,0,2,2,2,0,0,0,2,0,0,0,2,0,0,0,2,0,0,0,0,0,2,0,0,2,0,0,0,0,0,0,2,2,2,2,0,0,0,0,0,0,0,2,0,0,0,0,0,0,0,2,2,2,2,2,0,0,0,0,0,2,0,0,0,2,0,0,0,0,0,2,0,0,2,NA,2,2,0,0,0,0,0,0,0,2,2,0,0,2,0,0,0,0,0,2,0,0,0,0,0,0,0,0,0,2,0,0,0,0,2,2,0,0,0,0,0,0,2,0,0,2,2,2,0,0,2,2,0,2,0,0,0,0,0,0,0,0,0,0,0,0,2,2,0,0,2,0,0,2,0,0,0,2,2,2,0,0,0,2,0,2,0,0,0,0,0,0,0,0,2,0,2,0,2,2,2,0,0,0,0,2,0,2,0,0,0,0,2,0,0,0,2,0,0,2,2,0,0,0,0,0,0,0,2,2,2,0,0,2,0,0,0,0,2,0,2,0,2,0,0,0,0,0,2,2,0,0,2,0,2,0,0,2,0,0,0,0,0,0,0,0,0,0,0,0,0,0,0,0,0,0,0,0,0,0,0,2,0,0,0,0,0,0,0,0,0,0,0,0,2,2,0,0,0,0,0,0,0,2,0,0,2,0,0,0,0,2,2,0,2,0,0,2,0,0,0,0,0,0,2,0,2,0,0,0,0,0,2,0,0,0,2,0,0,0,0,0,0,0,0,0,0,0,0,0,2,0,0,0,0,0,0,0,0,0,0,0,0,0,0,2,0,0,0,0,0,0,2,0,2,0,0,0,0,0,0,0,2,0,0,0,2,0,2,0,2,0,0,0,0,2,0,0,0,0,2,0,0,0,0,2,0,2,2,0,0,0,0,0,2,0,0,0,2,2,2,0,0,0,0,0,0,0,0,0,2,0,0,2,0,0,0,0,0,0,2,2,0,0,0,2,0,0,0,0,0,0,0,0,0,0,0,0,0,2,0,0,0,0,2,0,0,0,0,0,2,0,0,0,2,0,0,0,0,0,0,0,0,0,2,2,2,0,0,0,2,0,0,2,0,0,2,0,0,0,2,2,0,0,0,0,0,0,0,0,0,0,0,0,2,0,2,2,0,2,0,0,0,0,0,0,2,0,0,0,0,0,0,0,0,0,0,0,0,0,0,0,2,0,0,0,0,0,2,0,0,2,0,0,0,0,0,0,0,0,0,0,0,0,2,0,0,0,0,0,0,0,2,0,0,0,0,0,0,2,0,0,0,0,0,2,0,0,0,0,0,0,0,0,0,0,0,0,0,0,0,0,0,0,0,0,0,0,0,0,2,0,0,0,0,0,0,0,0,0,0,0,0,0,0,0,0,0,0,0,2,2,0,0,0,0,0,0,0,0,0,0,0,0,0,0,0,0,0,0,2,2,0,0,0,0,0,0,0,0,0,0,0,0,0,0,0,2,0,0,0,0,0,0,0,2,0,0,2,0,2,0,2,0,0,0,2,0,0,0,0,0,0,0,0,0,0,0,0,0,2,0,0,0,0,2,0,0,0,0,0,0,0,0,0,0,0,0,0,0,0,0,0,0,2,0,2,0,0,0,0,0,0,2,0,0,0,2,2,2,0,0,0,0,0,0,2,0,0,0,0,0,0,0,0,0,2,2,0,2,2,0,0,0,0,0,2,0,0,0,0,2,2,0,0,0,0,2,0,0,0,0,0,0,0,0,0,0,0,0,0,0,0,2,0,0,0,0,0,0,0,2,0,0,0,2,0,0,0,0,0,0,0,0,0,2,0,0,0,0,0,0,0,0,0,0,0,0,0,0,0,0,2,0,0,0,0,0,0,0,0,0,0,0,0,0,0,0,0,0,2,0,0,0,0,0,0,0,0,0,0,0,0,0,0,0,0,2,0,0,0,0,0,0,0,0,0,0,0,0,0,0,0,0,2,2,0,0,0,0,0,0,0,0,0,2,0,2,0,0,0,0,2,2,0,0,2,0,0,0,0,0,2,0,0,0,0,2,2,0,2,0,0,2,0,0,2,0,0,2,0,0,0,0,0,2,0,0,0,0,0,0,0,0,0,0,0,0,0,0,0,0,0,0,0,0,0,0,2,0,0,0,0,0,0,0,0,0,0,2,0,0,2,0,0,0,0,0,0,2,0,0,0,0,0,2,2,0,0,0,0,0,2,0,0,0,2,0,0,0,2,0,0,0,2,0,0,0,0,2,0,0,0,2,0,0,0,0,0,0,0,0,0,0,0,0,2,0,0,2,0,0,0,0,0,2,0,0,0,2,2,0,0,0,2,2,0,0,0,0,0,0,0,0,0,0,0,2,0,0,2,0,0,0,0,0,0,0,0,0,0,0,0,2,0,0,0,0,0,0,0,0,0,0,0,0,0,0,0,0,0,0,0,2,0,0,2,0,0,0,2,0,0,0,0,0,0,0,0,0,0,0,0,0,0,0,0,0,0,0,0,0,0,0,0,0,0,0,0,0,2,0,0,0,0,0,2,0,0,2,0,0,0,0,0,0,0,0,0,0,0,0,0,0,0,0,0,2,0,0,0,0,2,0,0,0,0,0,2,0,0,0,2,0,0,2,0,2,0,0,0,2,0,2,0,0,0,0,0,0,0,0,2,0,2,0,0,0,0,0,0,2,0,2,0,0,0,2,0,0,0,0,0,2,2,0,0,0,0,0,0,0,2,0,0,0,0,0,0,0,2,0,0,0,0,0,0,0,0,0,0,0,0,0,0,0,0,0,0,0,0,0,0,0,0,0,0,0,0,2,2,0,0,0,0,0,2,0,0,0,0,0,0,0,0,0,0,0,0,0,0,2,0,0,0,0,0,0,0,0,2,0,0,2,2,2,0,0,0,0,0,0,0,0,0,0,0,0,0,0,0,0,2,2,0,0,0,2,0,0,0,0,0,0,0,0,0,0,0,0,0,0,0,2,0,2,0,0,0,0,0,0,0,0,0,0,0,0,0,0,2,0,0,0,2,0,0,0,0,0,0,0,0,0,0,0,0,2,0,0,0,0,0,0,0,0,0,0,0,0,0,0,2,0,0,0,0,0,0,0,0,0,2,0,0,0,0,2,0,0,0,0,2,0,0,0,0,2,0,2,2,0,0,0,0,0,0,0,2,2,0,0,0,0,0,0,0,0,0,0,2,0,0,0,0,0,0,0,2,2,2,2,0,0,0,0,0,2,0,2,0,0,0,2,2,2,0,0,0,0,0,0,NA,2,0,0,0,0,0,0,0,2,2,0,2,0,2,0,0,0,0,0,0,0,0,0,0,0,0,0,2,0,0,0,0,0,0,0,0,0,2,0,0,0,2,NA,0,0,0,0,2,0,0,2,0,0,0,2,2,2,0,0,0,0,0,0,0,0,0,0,0,0,0,2,2,0,0,0,2,2,0,0,0,2,0,0,0,0,2,0,0,0,0,2,0,2,0,0,0,2,0,0,0,2,2,2,0,2,0,0,0,2,2,2,0,0,0,2,0,0,0,0,0,0,2,0,0,2,2,0,0,2,0,0,0,0,0,2,0,0,0,0,2,0,2,0,0,0,0,0,0,0,0,0,0,0,0,0,0,0,0,2,0,0,0,2,0,0,0,0,0,0,0,0,0,2,0,0,0,0,0,0,0,0,0,0,2,0,0,2,0,0,0,2,2,0,0,0,0,0,0,0,0,0,0,0,0,0,0,0,0,0,0,0,0,0,0,0,0,0,0,0,0,2,0,2,0,0,0,0,0,0,2,2,2,0,0,0,0,0,0,0,2,0,0,0,0,2,0,0,0,0,2,2,2,2,0,2,0,0,0,0,NA,0,0,2,0,0,0,2,0,0,0,2,0,2,0,0,0,0,0,2,0,0,0,0,0,0,2,0,2,0,0,0,0,0,0,0,0,0,0,0,0,0,0,2,0,2,0,0,0,0,0,0,0,0,0,2,2,0,0,0,0,0,0,0,0,0,2,0,0,2,0,0,0,2,2,0,0,0,2,0,0,0,0,0,0,2,2,2,0,0,0,2,0,0,2,0,0,2,0,0,0,2,2,0,0,0,2,0,0,0,0,0,0,0,0,2,0,2,0,0,0,0,2,0,0,0,2,0,0,0,0,0,2,0,0,0,0,0,0,2,0,0,2,0,2,0,2,0,0,0,2,0,0,2,0,2,0,0,0,0,0,0,0,0,0,2,0,0,0,2,0,0,0,2,2,0,0,0,0,0,0,0,2,0,0,2,0,0,0,0,2,0,0,0,0,2,0,0,2,0,2,0,2,2,0,0,0,2,0,0,0,0,0,0,0,0,0,0,0,0,0,0,0,0,0,0,0,0,0,0,0,0,0,0,0,0,0,0,0,0,2,0,0,0,0,0,0,0,0,0,0,2,0,2,0,2,0,0,0,0,0,0,0,0,0,0,0,0,0,0,0,0,0,0,2,2,0,2,0,2,0,0,0,0,0,2,0,0,0,0,0,0,0,0,0,0,0,0,0,2,2,0,0,0,0,0,0,0,0,0,0,2,0,0,0,0,0,0,0,0,0,0,2,0,2,0,2,0,0,2,0,2,0,0,2,0,2,2,0,0,0,0,0,2,0,2,2,2,0,0,0,0,0,0,0,0,0,0,0,0,2,0,0,0,0,2,2,2,0,2,0,0,0,2,0,0,0,2,0,0,2,0,0,0,0,2,0,0,2,0,2,2,2,0,0,0,0,0,2,2,0,2,0,0,0,0,0,0,0,0,0,2,0,0,0,2,0,0,0,0,2,0,2,0,2,2,0,0,0,0,0,2,0,0,2,2,0,0,2,0,0,0,0,0,0,2,2,0,0,0,2,2,0,2,0,2,2,0,0,0,0,0,2,0,0,0,2,0,0,0,0,2,0,0,0,0,2,0,0,0,2,0,2,0,0,2,2,0,2,0,0,0,0,2,0,0,0,0,0,0,0,0,0,0,0,2,0,2,0,0,0,0,2,2,0,0,2,2,0,0,0,0,2,0,0,2,2,0,2,2,2,0,2,0,2,0,2,2,2,0,0,0,0,2,0,2,0,0,0,0,2,2,0,0,0,0,2,2,0,2,0,0,0,0,0,0,0,2,0,0,0,0,0,0,0,2,0,0,0,0,0,0,0,0,0,0,0,0,0,0,0,0,0,2,0,2,0,0,0,0,2,0,0,2,0,0,0,0,2,0,2,2,0,0,2,2,0,0,0,0,2,0,0,0,0,0,0,0,0,2,0,0,0,0,2,0,0,2,0,0,0,0,2,0,0,0,0,0,0,0,0,0,2,0,0,2,2,2,0,0,2,0,0,0,0,2,0,0,0,0,0,0,2,2,2,0,2,0,2,0,2,NA,0,0,0,0,0,0,0,0,0,0,0,0,2,2,2,0,0,0,2,0,0,2,0,2,0,0,0,2,0,2,2,0,0,0,2,0,2,2,2,0,0,0,NA,0,2,0,0,0,2,0,0,0,0,2,0,2,0,0,0,0,0,0,2,0,2,0,0,0,2,0,0,0,0,0,0,0,2,2,2,0,0,0,0,0,0,0,0,0,0,0,0,0,2,2,2,0,0,2,NA,0,0,0,0,0,0,0,0,0,0,0,0,0,0,0,0,0,0,0,0,0,0,2,0,0,2,2,0,2,0,0,0,0,0,0,0,0,0,0,0,2,0,0,0,0,0,0,2,0,2,0,0,0,0,0,0,0,0,0
"CC85",0,0,0,0,0,0,0,0,0,0,0,0,0,0,0,0,0,0,0,2,2,0,0,2,0,0,0,0,0,0,0,0,0,0,0,0,0,0,0,0,0,0,0,0,0,0,2,2,2,0,0,0,2,0,2,0,2,0,0,0,0,2,0,0,0,0,0,0,0,0,0,0,0,0,0,0,0,0,0,2,0,2,0,0,0,2,0,0,0,0,0,0,0,0,0,0,0,0,0,0,0,0,0,0,0,2,0,0,0,0,0,2,0,0,0,0,0,2,0,0,0,0,0,0,0,0,2,0,2,0,0,0,0,0,2,0,0,0,0,0,0,0,0,0,0,0,2,0,0,0,0,0,0,0,0,2,0,0,0,0,0,0,0,2,2,2,2,0,0,0,0,2,0,2,0,0,0,0,2,0,0,0,0,0,2,0,0,0,0,0,2,2,2,2,0,0,0,2,0,0,0,0,0,0,0,0,0,0,0,2,0,0,0,0,0,0,2,0,2,0,0,0,0,0,0,2,0,2,0,0,0,0,0,0,0,0,0,0,0,0,2,0,0,0,0,0,2,0,0,2,0,0,0,0,0,0,0,0,0,0,0,0,0,0,2,0,2,0,0,0,0,0,0,2,0,0,0,0,0,0,0,0,0,0,0,0,0,0,0,0,0,0,0,0,0,0,0,0,0,0,0,0,0,0,0,0,0,2,0,0,0,0,0,0,0,0,0,0,0,0,0,0,0,0,0,0,0,0,0,0,0,0,2,0,0,2,0,0,0,0,0,0,0,0,0,0,0,0,0,0,0,0,0,0,0,0,0,2,0,0,0,0,0,2,0,0,2,0,0,0,0,0,2,0,2,2,0,0,0,2,0,2,0,0,0,0,2,0,0,2,0,0,0,0,0,0,0,0,2,0,0,0,0,0,0,0,0,0,0,2,0,0,0,0,0,0,0,2,0,0,0,2,0,0,2,0,0,2,0,2,2,0,0,0,0,2,2,0,2,0,0,0,2,2,0,0,0,0,0,0,0,0,2,0,0,0,0,0,0,2,2,0,0,0,0,0,0,2,2,0,0,0,0,0,2,0,2,0,0,0,0,0,0,0,0,0,2,2,0,0,0,2,0,2,2,2,0,0,0,0,0,0,0,0,0,0,0,2,2,2,0,2,0,0,0,0,2,0,0,0,0,0,0,0,0,0,0,0,2,0,0,2,2,0,0,0,0,0,0,0,0,0,0,2,0,0,0,0,2,0,2,2,0,0,0,0,2,NA,0,0,0,0,0,0,0,0,0,0,0,0,2,0,2,0,2,0,0,0,0,0,0,2,0,0,0,2,0,2,2,2,0,NA,0,2,0,0,0,0,0,0,0,0,0,0,0,0,0,0,0,0,0,0,0,0,0,0,0,0,0,0,0,0,0,0,0,0,0,0,2,0,2,0,0,2,0,0,0,0,0,0,0,0,2,2,0,2,0,0,0,2,0,0,0,0,0,0,0,0,0,0,2,0,0,2,2,0,0,0,0,0,0,0,NA,2,0,0,2,0,0,0,2,0,0,0,2,0,0,0,0,0,2,0,0,0,0,0,2,0,0,0,0,2,0,0,0,0,0,0,0,0,0,0,0,0,0,0,0,0,2,0,0,0,0,0,0,2,0,0,0,0,2,0,2,0,0,0,0,2,0,0,0,2,0,0,0,0,0,0,0,0,2,2,0,0,0,2,0,2,0,0,2,2,0,2,0,0,0,0,0,0,2,0,0,0,2,0,0,0,2,0,0,2,0,2,0,0,0,0,0,0,0,0,0,2,2,2,0,0,0,0,0,0,0,0,2,0,2,2,0,0,2,0,0,2,0,0,0,0,0,0,0,0,2,0,0,0,0,0,0,0,0,0,0,0,0,2,0,0,0,0,2,0,0,0,0,0,2,0,2,0,0,2,0,0,0,0,2,2,0,0,2,0,0,0,2,0,0,0,0,0,0,0,2,0,NA,0,0,0,0,0,0,0,2,2,2,0,2,0,0,0,0,0,0,2,0,0,2,0,0,0,0,0,0,0,0,2,0,2,0,0,0,0,0,2,0,0,0,0,0,0,2,0,0,0,2,0,0,0,2,0,0,0,0,0,0,0,0,0,0,0,0,0,0,2,2,0,0,0,0,2,2,0,2,2,0,0,0,0,0,0,0,0,0,0,2,0,0,0,2,0,0,0,0,0,0,0,2,0,0,0,0,0,0,0,0,2,0,2,0,0,0,2,2,0,0,0,2,0,0,0,0,0,0,2,0,NA,2,0,0,0,0,0,0,0,0,0,0,2,0,0,0,0,0,2,0,0,0,0,0,0,0,0,0,0,0,0,0,0,2,2,0,0,0,0,0,2,0,2,0,0,0,0,2,0,0,0,0,0,0,2,0,0,2,0,2,0,0,0,0,0,0,0,0,0,0,2,0,0,0,0,2,2,0,0,0,0,0,0,0,0,0,0,0,0,2,2,0,0,0,0,0,0,0,0,0,0,0,2,2,0,0,0,0,0,0,0,2,0,0,0,0,0,NA,2,2,0,0,2,0,2,2,0,0,0,0,0,0,0,0,0,0,0,0,NA,0,0,0,0,0,0,0,0,2,0,0,0,0,0,0,2,2,2,0,0,2,0,0,2,0,0,0,0,0,0,0,2,2,0,0,0,0,0,0,0,0,0,0,0,0,0,0,2,0,0,0,2,0,0,0,0,0,0,0,0,2,0,0,0,0,0,0,0,0,0,0,0,0,0,0,0,0,0,0,0,0,0,0,0,0,2,0,0,0,0,0,0,0,0,0,0,0,2,0,0,0,0,0,0,0,0,0,0,2,0,0,0,0,0,0,0,0,0,2,0,0,0,2,2,0,0,0,2,0,0,0,0,0,2,0,0,0,2,2,0,0,0,0,0,0,2,0,0,0,2,0,0,0,0,2,2,0,0,0,0,2,0,0,0,0,0,2,2,0,0,0,0,0,2,0,0,0,2,0,0,2,2,0,2,0,0,0,0,0,0,0,0,2,0,2,0,0,2,2,0,2,0,0,0,0,0,0,0,2,2,0,0,0,0,0,0,0,0,0,0,0,0,2,0,0,0,0,0,0,2,2,0,0,0,0,0,0,2,0,0,0,0,0,0,0,0,0,0,0,2,0,0,2,0,0,0,2,0,0,2,0,0,0,0,2,0,0,0,0,0,2,0,0,0,0,0,0,0,0,0,0,0,0,0,0,0,2,0,2,0,0,0,0,0,0,0,0,0,0,0,0,0,2,0,0,0,0,0,0,0,0,0,0,0,0,2,0,0,0,0,2,0,0,0,0,0,0,0,0,0,2,2,0,2,0,2,0,0,0,0,0,0,0,0,0,0,2,0,0,0,0,0,0,0,0,0,2,0,0,0,0,0,0,0,0,2,0,0,0,0,0,0,0,0,0,0,0,0,2,0,0,0,0,0,0,0,0,0,0,0,0,0,2,0,0,0,2,0,0,0,0,2,0,0,0,2,0,0,0,0,0,0,0,0,2,0,0,0,0,0,0,0,NA,2,2,0,2,0,0,0,0,0,0,0,0,0,0,0,0,0,2,0,2,2,2,0,2,0,2,2,0,0,0,0,0,0,0,2,0,0,0,0,2,0,2,0,0,0,0,0,0,0,0,0,0,0,0,2,0,0,0,0,2,0,2,0,0,0,2,0,0,0,0,0,0,0,0,2,2,0,2,2,2,0,0,2,0,0,2,0,0,0,0,0,0,0,0,0,2,0,0,0,0,2,0,0,0,0,0,0,2,0,2,0,2,0,2,0,0,0,0,0,0,0,2,2,0,2,0,0,0,2,0,0,0,0,0,0,0,0,0,NA,0,0,0,0,2,0,0,0,2,0,2,0,0,0,0,0,0,0,0,0,0,0,2,0,2,0,0,0,0,0,0,0,0,0,2,0,0,0,0,0,0,0,0,0,0,0,2,0,0,2,0,0,0,0,0,0,0,0,0,0,0,0,0,0,0,0,0,0,0,0,0,2,0,0,0,0,0,0,2,2,0,0,0,0,0,0,2,0,0,2,0,2,2,0,0,0,2,0,2,0,2,0,0,0,0,0,2,0,0,2,0,0,0,0,0,0,0,0,0,0,0,0,2,0,0,2,0,0,2,0,0,2,0,2,0,0,2,0,2,0,0,0,0,0,2,0,0,0,0,0,0,0,0,0,0,0,0,0,0,0,0,0,0,0,0,0,0,0,0,0,0,0,0,0,0,0,2,2,2,0,0,0,NA,0,0,0,0,0,2,0,0,0,0,2,2,0,0,0,0,2,0,0,0,0,2,0,2,0,0,0,0,2,0,0,0,0,2,0,0,0,0,2,0,0,0,0,0,0,2,0,0,2,0,0,0,0,2,0,0,0,0,0,0,0,0,2,0,0,0,0,0,0,0,0,0,0,0,0,2,0,0,2,0,0,0,0,0,0,0,0,0,0,0,0,2,2,0,0,0,0,2,2,2,0,0,2,0,0,2,NA,0,0,0,2,0,0,0,2,0,0,0,0,0,0,0,0,0,0,0,2,0,0,0,0,0,0,0,0,2,0,0,0,0,0,0,0,0,0,0,0,0,0,0,0,0,2,0,0,2,0,2,0,0,0,0,0,0,0,0,0,0,0,0,0,0,2,2,0,2,0,0,0,0,0,2,0,0,0,0,0,2,2,0,0,0,0,2,2,0,2,0,0,0,0,0,0,0,0,2,0,0,0,0,0,0,0,0,NA,0,2,0,0,0,0,0,0,0,0,2,0,0,0,0,2,0,0,2,0,0,0,0,0,0,0,0,0,0,0,0,0,0,0,0,0,0,0,0,0,0,0,2,2,0,0,0,2,2,2,0,0,0,0,2,2,0,0,0,0,0,2,0,2,2,2,2,2,0,0,2,0,0,0,0,0,0,0,0,2,0,0,0,0,2,2,0,0,0,0,2,0,0,0,2,0,0,0,0,0,0,0,2,2,0,2,0,0,2,0,0,0,0,0,0,2,0,0,0,2,0,2,0,0,0,0,0,0,0,0,0,2,2,0,0,0,2,0,2,0,2,0,0,2,0,2,0,0,0,0,0,2,2,0,0,0,0,0,0,0,0,0,2,0,0,0,0,2,0,0,0,2,0,0,0,0,2,0,0,0,0,0,0,0,2,0,0,0,0,0,0,0,0,0,0,0,2,0,0,0,2,0,0,0,0,2,0,0,0,2,0,0,2,0,0,2,0,0,0,0,0,2,0,0,0,2,0,0,0,0,0,0,0,0,0,0,0,0,0,0,0,0,0,0,0,0,0,0,2,0,0,0,2,0,0,0,0,0,0,0,0,0,0,2,0,0,0,0,0,0,0,0,0,0,2,0,0,0,0,2,0,0,0,0,0,0,0,0,0,0,0,2,0,0,0,0,2,0,0,2,2,2,0,0,0,0,0,0,0,0,0,0,0,0,0,0,0,0,0,0,2,0,0,0,2,0,0,0,0,0,0,0,0,0,0,0,0,0,0,0,0,0,2,0,0,0,0,0,0,0,0,0,0,0,2,0,0,0,0,0,0,0,0,0,0,0,0,0,0,0,0,0,2,0,0,0,0,0,2,0,0,2,2,2,2,2,0,2,2,0,0,0,0,0,2,0,2,0,0,0,0,0,0,0,0,2,2,0,0,0,0,0,0,0,0,0,0,0,0,0,0,0,0,0,0,2,0,0,0,2,0,0,0,0,0,2,0,0,0,0,2,0,0,0,0,0,0,0,0,0,0,0,0,2,0,0,0,0,2,0,0,0,0,0,0,0,0,0,0,0,0,0,2,0,0,0,0,2,0,0,0,0,0,0,0,2,0,0,0,0,0,0,2,2,0,0,0,2,2,0,0,0,2,0,2,0,2,2,0,0,2,0,0,0,2,2,0,2,0,0,0,0,0,2,0,0,2,0,0,2,2,2,0,0,0,0,0,0,2,0,0,0,2,0,0,0,0,0,2,0,2,0,0,0,0,0,0,2,0,2,0,0,0,0,0,2,0,0,0,2,0,0,2,0,0,2,0,0,0,0,2,0,0,0,0,2,0,0,0,0,0,0,0,0,0,0,0,0,0,0,0,0,0,0,0,0,0,0,0,0,0,0,0,0,0,2,0,2,0,0,0,2,0,0,0,0,0,2,0,0,0,2,0,0,0,0,0,0,2,0,0,0,0,0,0,0,0,0,0,0,0,2,0,2,2,0,0,0,0,0,0,0,0,0,0,0,0,0,2,0,0,0,2,0,0,0,0,0,0,0,0,0,0,0,0,0,0,2,0,0,0,0,0,2,0,0,0,0,0,0,0,0,0,0,0,0,0,0,0,2,0,2,0,0,0,0,0,0,0,0,0,2,0,0,2,0,0,2,0,0,0,0,2,0,2,0,0,2,0,0,0,2,0,2,0,0,0,0,0,0,2,0,0,0,0,2,0,0,2,0,0,0,0,2,0,0,0,NA,0,0,0,0,0,0,0,0,0,0,0,0,2,0,0,0,0,0,0,2,0,2,2,0,0,2,0,0,0,0,0,0,0,0,0,0,2,0,0,0,0,2,0,2,0,0,2,0,2,2,0,2,2,2,0,2,0,2,0,2,0,0,2,2,0,0,2,0,0,0,0,0,0,0,0,0,0,0,0,0,2,0,0,0,0,2,0,2,0,0,0,0,0,0,0,0,0,2,0,0,0,0,0,0,2,0,0,0,0,0,0,0,0,2,0,0,0,0,0,0,0,0,0,0,0,0,2,0,0,0,0,0,0,2,0,2,0,0,0,0,0,0,0,0,2,0,0,0,0,2,0,0,0,2,0,0,2,0,0,2,0,0,0,0,0,0,0,0,0,0,0,0,2,2,2,0,0,0,0,2,2,2,0,0,0,0,0,0,0,0,0,0,0,0,2,0,0,0,0,0,0,2,0,0,0,0,0,0,0,0,0,0,0,0,0,0,0,0,0,0,0,0,0,0,2,0,0,0,0,0,2,0,0,0,0,0,0,0,0,0,0,0,0,0,0,0,2,0,0,0,0,2,0,0,2,0,0,2,0,2,0,0,2,2,0,0,0,0,0,0,0,0,0,0,0,2,0,0,0,0,2,0,0,0,0,0,0,0,0,0,0,0,0,0,0,0,0,0,0,0,0,0,0,2,0,0,0,0,0,0,0,0,0,0,0,0,0,0,0,0,0,0,0,0,0,2,0,0,0,0,0,0,0,0,0,0,0,0,0,0,0,0,0,0,0,0,2,0,0,0,0,0,0,0,0,0,0,0,0,0,0,0,0,0,0,0,0,0,0,0,0,0,0,0,0,0,0,0,0,0,0,0,0,0,0,2,0,0,0,0,0,0,2,0,0,0,0,0,0,0,0,0,0,0,0,0,0,0,2,0,0,0,2,0,0,0,0,0,0,0,0,0,0,0,0,0,0,0,0,0,2,0,0,0,0,0,0,0,0,0,0,0,0,0,0,0,0,0,0,2,0,0,0,0,0,0,0,0,0,0,0,0,2,0,0,0,0,0,0,0,0,0,0,0,2,2,2,2,2,0,0,0,0,0,0,0,2,0,2,0,0,0,0,0,2,0,0,0,2,0,0,2,0,0,0,0,2,0,0,0,0,0,0,0,0,0,2,0,2,2,0,0,2,0,0,0,0,0,0,0,0,0,0,0,0,0,0,0,0,0,0,0,0,0,0,2,0,0,0,2,0,2,0,0,0,0,0,0,0,0,0,0,0,2,0,0,0,0,0,0,0,0,0,0,2,0,0,0,0,2,0,0,0,0,0,0,0,0,0,0,0,0,0,0,0,0,0,0,0,0,0,0,0,0,0,0,0,0,0,0,0,0,0,0,0,0,0,0,0,0,0,0,0,0,0,0,0,0,0,0,0,0,0,0,0,0,0,0,0,0,0,0,0,0,0,0,0,0,0,0,2,0,0,0,0,0,2,0,0,2,0,0,0,2,2,2,0,2,2,0,0,0,0,0,2,0,0,0,0,0,0,2,0,0,2,0,0,0,0,0,2,0,0,0,0,0,0,0,0,0,0,0,0,0,0,0,0,0,0,0,0,2,0,2,0,0,0,0,0,0,0,0,0,0,0,2,0,2,0,0,2,0,0,2,0,0,0,0,0,0,2,0,0,0,0,0,0,2,0,0,0,0,0,0,0,0,0,0,0,2,0,2,0,0,0,2,0,0,0,0,0,0,0,0,0,0,0,0,0,0,0,0,0,0,0,0,0,0,0,2,0,0,0,0,0,0,2,0,0,0,0,0,0,0,0,0,0,0,0,0,0,0,0,0,0,0,0,0,0,0,0,0,0,0,0,0,0,0,0,0,0,0,0,0,0,0,0,0,0,0,0,0,0,0,0,0,0,2,0,0,0,0,0,2,0,0,0,0,0,0,0,0,2,0,2,0,2,0,0,2,0,0,0,0,0,0,0,0,0,0,0,0,0,0,0,0,0,0,2,0,0,0,0,0,2,2,0,0,0,0,0,2,0,0,0,0,0,0,0,0,0,0,0,2,0,0,0,0,0,0,2,0,0,2,0,0,0,0,0,2,0,0,0,0,0,0,0,0,0,2,0,0,0,2,0,0,2,0,0,0,0,0,2,0,0,0,0,0,0,0,0,0,2,0,0,0,0,0,0,0,0,0,0,0,0,2,0,0,0,0,0,0,0,0,0,0,2,0,0,0,0,0,0,0,0,0,2,0,0,0,0,0,0,0,0,0,0,0,0,0,0,0,0,0,0,2,0,0,0,2,2,0,0,0,0,0,0,0,0,0,0,0,0,2,0,0,0,0,0,0,0,0,2,0,0,0,2,0,0,0,2,2,0,2,0,2,2,2,2,2,0,0,0,0,0,0,0,0,0,0,0,0,0,0,2,0,0,0,0,0,0,0,0,0,0,0,0,0,0,2,2,0,0,0,0,0,2,0,2,0,0,0,0,0,0,2,2,0,0,0,0,2,0,0,0,0,0,0,2,0,0,0,0,0,0,2,2,0,2,0,0,0,2,0,0,0,0,0,0,2,0,0,0,0,2,0,2,0,0,0,0,2,2,0,2,2,0,0,0,0,2,0,0,2,2,0,0,0,0,2,0,0,0,0,0,2,NA,0,0,2,0,0,0,0,0,0,0,0,2,0,0,0,2,0,0,0,0,0,0,0,0,0,0,0,0,0,0,0,0,0,0,0,0,2,0,0,0,0,0,0,0,0,0,0,2,2,0,0,0,2,0,0,0,0,0,0,0,0,0,0,0,0,0,0,0,0,0,0,2,0,2,0,0,0,0,0,2,0,0,0,0,0,0,0,0,0,0,0,0,0,0,0,0,0,2,0,0,0,0,0,0,0,0,0,0,0,0,0,0,0,0,0,0,0,0,0,0,0,0,0,0,0,0,0,2,0,0,0,0,0,0,0,0,0,2,0,2,0,0,0,0,0,0,0,0,2,0,0,0,2,0,0,0,0,0,0,0,2,0,0,0,0,0,0,2,2,2,0,0,0,0,0,0,0,0,0,0,0,0,2,0,0,0,0,0,0,NA,2,0,0,2,0,0,0,2,0,2,0,0,0,0,0,2,0,2,2,0,0,0,2,0,0,0,0,2,0,2,0,2,0,0,0,0,0,0,0,0,0,0,0,0,0,0,0,2,2,0,0,0,0,0,0,0,0,0,0,0,0,0,0,0,0,2,0,2,0,2,0,0,0,0,0,2,0,2,0,0,2,2,0,0,0,0,0,0,0,0,0,0,2,2,2,0,0,0,2,2,0,0,0,0,0,0,0,2,0,2,2,2,2,0,0,0,0,0,0,0,0,0,2,0,0,0,0,0,0,0,0,0,2,0,2,0,0,0,2,2,0,0,2,0,0,0,0,0,0,0,0,0,0,0,2,0,2,0,0,0,2,0,0,0,0,0,0,0,0,0,0,0,0,2,0,0,0,2,0,0,0,0,0,2,0,0,0,0,0,0,2,2,0,2,0,0,0,2,0,0,0,0,0,0,0,0,0,0,0,0,0,0,2,2,0,0,0,2,2,0,0,2,0,0,0,2,0,2,0,0,0,0,0,2,0,2,2,2,0,0,2,2,0,2,2,0,0,2,0,2,2,2,0,0,2,0,0,0,0,0,0,0,2,0,0,0,0,0,0,0,0,0,0,0,0,0,0,0,0,0,0,0,0,2,2,0,0,0,2,0,0,0,0,2,0,0,0,0,0,0,0,0,0,0,0,0,0,0,0,0,0,0,2,0,2,0,0,2,0,0,0,0,0,0,0,2,0,0,0,0,0,0,2,0,0,0,0,0,2,0,0,0,2,2,0,0,2,0,0,0,0,0,2,2,0,0,0,0,2,0,0,0,0,0,0,0,2,2,2,0,0,0,0,0,0,0,0,0,0,0,0,2,0,0,0,0,0,0,0,2,2,2,0,2,0,0,0,0,0,0,2,0,0,0,0,0,0,0,2,0,0,0,0,0,0,2,0,0,0,2,0,2,2,0,0,0,0,0,0,0,0,2,2,0,0,2,2,2,2,0,2,0,2,0,0,2,0,0,0,0,2,0,2,2,0,2,0,2,0,0,0,2,0,2,2,0,0,0,0,2,0,2,0,0,0,0,2,0,0,0,0,2,2,2,2,0,0,2,0,0,0,0,0,2,0,0,0,0,0,0,0,0,0,0,0,0,0,0,0,0,0,0,2,2,0,0,0,0,0,0,0,0,0,0,0,0,0,0,0,0,2,0,0,0,2,0,NA,0,0,0,0,0,0,0,2,0,0,0,0,0,0,0,0,0,2,2,0,0,2,0,0,0,2,0,2,0,0,2,0,2,0,0,0,2,0,0,0,0,0,0,0,0,2,0,0,2,0,0,2,0,0,2,0,0,2,0,0,2,0,0,0,0,0,0,0,0,0,0,0,0,0,0,0,0,2,2,0,0,0,0,0,0,0,0,0,0,0,2,0,0,0,0,0,0,0,2,0,0,0,2,0,0,0,2,0,2,2,2,0,0,0,2,0,0,0,2,0,2,0,2,2,0,0,0,2,0,0,0,0,0,2,2,0,2,0,2,0,0,0,0,0,0,0,2,0,0,0,0,0,0,0,0,2,0,0,0,2,0,0,0,0,0,0,2,0,2,0,0,0,2,0,0,0,0,0,0,NA,2,0,0,0,0,0,0,2,0,0,0,2,2,2,0,0,0,2,0,2,0,0,0,2,2,0,0,2,2,2,0,NA,2,0,2,2,0,0,0,0,0,0,0,2,0,2,0,2,0,2,2,0,0,0,2,2,0,0,0,0,0,2,2,0,2,2,2,0,2,2,2,2,2,0,0,0,0,0,0,0,2,2,0,0,2,0,0,2,0,0,2,2,0,0,0,0,0,0,0,2,0,0,2,0,0,2,0,0,0,0,0,2,0,2,0,2,0,0,2,0,0,0,2,0,0,0,0,0,2,0,0,0,0,0,2,0,0,0,0,0,2,0,0,0,0,0,0,0,2,0,0,0,0,0,0,0,0,0,0,0,2,0,0,2,0,0,0,2,0,2,2,0,0,0,0,0,0,0,0,0,0,0,0,0,0,2,0,2,0,0,0,2,0,0,2,0,0,0,0,0,0,2,0,0,0,0,0,0,0,0,2,0,0,0,0,0,0,0,0,0,0,0,2,0,0,0,0,0,0,0,2,2,0,2,0,0,0,0,0
"CC86",0,0,0,0,0,0,0,0,0,0,2,2,0,0,0,2,0,0,0,0,0,0,0,2,0,0,0,0,0,2,0,0,0,0,0,2,0,0,0,0,0,0,2,2,2,0,0,0,0,0,0,2,0,2,0,2,0,2,0,0,0,2,0,2,0,2,0,0,2,2,0,2,0,0,0,0,0,0,0,0,0,0,0,0,0,2,2,0,2,0,0,0,0,0,0,0,0,0,0,0,0,0,0,2,0,0,0,0,0,0,2,0,0,0,0,0,0,0,0,0,0,0,2,2,0,0,0,2,0,0,0,0,0,2,0,0,0,0,0,0,0,0,0,0,0,0,2,0,0,2,0,0,0,0,0,0,0,0,0,0,0,0,0,2,2,2,0,0,2,0,0,2,0,2,0,0,0,0,0,2,2,0,0,0,0,0,0,2,0,0,2,0,0,2,0,0,0,0,0,0,0,0,0,0,0,0,0,0,0,2,0,0,0,0,0,2,0,0,2,0,2,0,0,0,2,0,0,0,0,0,2,2,0,0,0,0,2,0,0,0,0,2,0,2,0,0,2,0,2,0,0,0,0,0,0,0,0,2,0,0,0,0,0,2,0,0,0,2,0,0,0,0,0,0,0,0,2,2,2,0,2,0,0,0,0,0,0,0,0,0,0,2,2,0,0,0,0,0,2,0,0,0,0,0,2,0,2,0,2,0,0,0,0,0,0,0,2,0,0,2,0,0,0,0,0,0,0,0,2,0,0,0,0,0,0,0,0,0,2,0,0,2,0,0,2,0,0,0,0,0,2,2,0,2,0,0,0,2,0,0,2,0,0,0,0,2,0,0,0,0,0,0,0,0,0,0,0,0,0,0,0,0,0,0,0,0,0,0,0,0,0,0,0,0,0,0,0,0,0,0,0,0,2,0,0,0,0,0,0,0,2,0,0,0,0,0,0,0,0,0,0,0,2,0,2,2,0,2,0,0,2,0,2,2,0,0,0,0,0,0,0,0,0,0,0,0,0,0,0,0,0,0,0,0,0,0,0,2,0,2,2,0,0,0,0,0,0,0,0,0,0,2,0,0,0,2,0,2,0,2,0,0,0,0,2,2,2,2,2,2,0,0,0,2,0,0,2,0,0,2,2,0,2,0,0,0,0,0,2,2,0,0,2,0,0,0,0,0,0,2,0,2,2,0,0,0,0,2,0,0,0,NA,0,0,0,2,0,2,2,2,0,0,0,0,2,0,0,0,0,2,0,0,0,2,0,0,0,0,2,0,0,0,0,2,0,0,0,0,0,2,0,0,0,0,0,0,0,2,0,0,2,0,2,0,0,0,0,0,0,0,0,0,0,0,2,0,2,0,0,0,0,0,2,0,2,2,0,0,2,0,0,0,0,0,2,0,2,0,2,0,0,0,0,0,0,2,0,0,2,0,0,0,0,2,2,0,0,0,0,0,0,0,2,0,2,0,0,2,0,0,0,0,0,0,0,0,0,0,0,0,0,0,0,0,0,0,0,0,2,0,0,0,2,0,0,2,0,0,0,0,0,0,2,0,2,0,0,0,2,0,0,0,0,0,0,0,0,0,0,2,0,0,0,2,0,0,0,0,0,0,0,0,2,0,0,0,0,0,0,0,0,0,2,2,0,2,0,0,2,0,0,0,0,0,0,0,0,0,0,0,0,0,0,0,0,0,0,2,0,2,0,0,0,0,0,0,0,0,0,0,0,0,2,2,0,0,0,0,0,0,0,0,0,0,0,0,0,2,0,0,0,0,0,0,0,2,0,0,0,0,0,0,0,0,0,2,2,0,0,0,0,0,2,0,0,0,0,2,0,0,0,0,0,0,0,0,0,0,0,0,0,2,2,2,0,0,2,0,0,0,0,2,0,0,0,0,2,0,0,0,2,2,0,0,0,2,2,0,0,2,2,0,2,0,2,2,0,0,0,0,2,0,0,0,0,0,2,2,0,0,0,0,0,2,0,0,0,0,0,0,0,0,0,2,0,0,0,0,0,0,0,0,0,0,0,0,2,0,0,0,2,0,0,0,0,0,0,2,0,0,0,2,0,0,0,2,0,2,0,0,2,0,0,0,0,2,0,0,0,0,0,0,0,0,0,2,0,0,0,2,0,0,0,0,2,0,0,0,0,2,2,0,2,0,0,0,2,0,0,0,2,0,0,0,0,0,2,0,0,2,0,0,0,0,0,0,0,0,2,2,0,0,0,0,2,0,0,0,0,0,0,0,0,0,0,0,2,0,0,0,2,0,0,0,0,2,0,0,2,0,0,0,0,0,0,2,0,0,0,0,0,0,0,0,0,0,0,0,0,0,0,0,0,0,0,0,0,2,0,0,0,0,0,0,0,0,0,0,2,0,0,0,0,0,0,0,0,0,0,0,0,2,0,0,0,0,0,0,0,0,0,0,0,0,0,0,2,2,0,0,0,0,0,0,0,0,0,0,0,0,0,0,0,0,2,0,0,0,0,0,0,0,0,0,0,0,0,0,0,0,0,0,0,0,0,0,0,0,0,0,2,0,0,2,0,0,0,2,2,0,0,0,0,0,0,0,0,0,0,2,0,0,0,2,0,0,0,0,0,0,0,0,0,0,0,0,0,0,0,0,0,0,0,0,0,0,0,0,0,0,2,2,0,0,0,0,0,0,0,0,0,2,0,0,0,0,0,0,0,0,0,0,0,0,0,0,0,0,0,0,0,0,0,0,0,2,0,0,0,0,0,0,0,0,0,0,0,0,0,0,0,0,2,0,0,0,0,2,0,0,0,0,0,0,0,0,0,0,0,2,0,2,0,0,0,0,2,0,0,0,0,0,0,0,0,0,0,0,0,0,0,0,0,0,2,0,2,2,0,0,0,0,0,0,0,0,0,0,2,0,0,0,0,0,2,0,0,0,0,0,0,0,2,0,0,0,0,0,2,0,0,0,2,0,0,2,0,0,0,0,2,2,0,0,0,0,0,2,0,0,0,2,2,0,0,2,0,0,0,0,0,0,0,0,0,0,0,0,0,0,0,2,NA,0,2,0,0,0,0,0,0,0,2,2,0,0,0,0,0,0,0,0,0,2,0,0,2,0,0,2,2,0,0,2,0,2,0,0,0,0,0,2,0,0,0,0,0,0,0,2,2,0,0,0,0,0,2,0,0,0,2,0,0,2,0,0,0,0,2,0,0,0,0,0,2,2,0,0,0,0,0,0,0,0,0,0,0,0,0,0,0,0,0,0,0,0,0,0,0,0,0,0,0,0,0,0,0,0,0,0,0,0,0,2,2,0,0,0,2,2,0,0,0,0,0,2,0,0,0,0,0,0,0,2,0,0,0,0,0,0,0,0,0,0,0,0,0,0,2,0,0,0,0,0,0,0,0,0,2,0,0,0,0,0,2,0,0,0,0,0,0,0,0,0,0,0,0,0,0,0,0,0,2,0,0,2,2,0,0,0,0,0,0,0,0,0,0,0,0,0,0,0,0,0,0,2,0,2,0,0,0,0,0,0,0,0,0,0,0,2,0,0,0,2,2,0,0,2,0,0,0,0,0,0,2,0,0,0,0,0,0,0,0,2,0,0,0,0,0,0,0,0,0,0,0,0,0,2,0,0,2,0,0,0,0,0,0,0,0,0,0,0,0,0,0,0,0,0,2,0,0,0,0,2,0,0,0,0,0,0,0,2,0,2,0,0,0,2,0,0,0,0,0,0,0,0,0,2,0,0,0,0,2,0,0,0,0,0,0,0,0,2,0,0,0,0,0,2,0,0,0,0,2,2,0,0,0,0,2,0,0,0,0,0,0,2,2,0,0,0,2,0,0,0,NA,0,2,0,0,0,0,0,0,0,0,2,0,0,2,0,2,0,0,0,2,2,2,0,0,2,0,0,2,0,2,0,0,2,0,2,0,0,0,0,2,0,0,0,0,0,0,0,0,0,0,0,2,0,0,0,0,0,0,0,0,0,0,0,0,0,0,2,0,0,0,0,0,0,0,0,0,0,0,0,0,0,0,0,0,0,0,0,0,0,0,0,0,0,2,0,0,0,0,0,0,2,0,0,0,0,2,0,0,0,2,0,2,0,0,0,0,0,0,0,0,0,2,0,0,0,0,0,0,0,0,0,0,0,0,0,0,2,0,0,0,0,0,0,0,0,0,0,2,0,0,0,0,0,0,0,0,0,0,0,0,0,0,0,2,0,0,0,0,0,0,0,0,0,2,0,0,0,0,0,0,0,0,0,0,0,2,0,0,0,0,2,0,0,0,0,2,0,0,0,0,0,0,0,0,0,0,0,2,2,0,0,0,0,2,2,0,0,2,2,0,0,0,0,0,0,2,0,0,0,0,0,2,0,0,0,0,2,0,0,0,0,0,0,0,0,0,0,2,0,2,0,2,0,0,2,0,0,0,0,2,0,0,0,0,0,0,0,0,2,0,0,0,0,0,0,0,0,0,0,0,0,0,2,0,0,0,0,0,0,0,2,0,0,0,0,0,0,0,0,0,0,0,0,0,0,0,0,0,0,0,0,0,0,0,0,0,0,0,2,0,0,0,0,0,0,0,0,0,2,0,0,0,0,0,0,0,0,2,0,0,0,0,0,0,0,0,0,0,0,0,0,0,2,0,0,0,0,0,0,0,0,0,0,0,0,0,0,0,0,0,0,0,0,0,0,0,0,0,0,0,0,0,0,0,2,2,0,0,0,0,0,0,0,0,0,0,0,0,0,0,0,0,2,0,0,0,0,0,0,0,0,0,2,2,0,0,0,0,0,0,0,0,0,0,0,2,2,0,0,0,0,0,0,0,0,0,2,0,0,0,0,0,0,2,0,0,0,0,2,2,0,0,0,0,0,0,0,0,0,0,0,0,0,0,0,0,0,2,0,0,0,2,0,0,0,0,2,0,0,0,0,0,0,0,0,2,0,2,0,0,0,0,0,0,0,0,0,2,0,0,0,0,0,0,0,0,0,0,0,0,0,0,0,0,2,2,0,2,0,0,0,2,0,0,0,0,0,0,0,2,0,0,0,2,2,0,0,0,0,2,0,0,0,0,0,0,2,0,0,2,0,0,0,0,0,0,2,0,2,0,0,0,0,2,0,2,0,0,0,2,0,0,0,0,0,0,2,0,0,2,0,2,0,0,0,0,0,0,0,0,0,0,0,2,0,0,0,0,0,2,0,0,0,0,0,0,0,2,0,0,0,0,2,0,0,0,0,0,0,0,0,0,0,0,2,0,0,0,0,0,0,0,0,0,0,0,0,0,0,0,0,0,0,0,0,0,0,0,0,0,0,0,0,0,0,0,0,0,0,0,0,0,2,0,0,0,0,0,0,0,2,2,0,0,0,0,0,0,0,0,0,2,0,0,2,0,0,0,0,0,0,0,0,0,0,2,0,0,0,0,0,0,0,2,0,0,2,0,0,0,0,0,0,0,0,0,0,0,0,0,0,0,0,0,0,2,0,0,2,0,2,0,2,0,0,0,0,0,0,0,0,0,2,0,2,0,0,0,0,0,0,2,0,0,0,0,0,0,0,0,0,0,0,0,0,2,0,0,0,0,0,0,0,0,0,2,0,0,0,2,0,0,0,0,0,2,0,2,0,0,0,0,2,0,0,2,2,2,0,2,0,0,2,2,0,0,0,0,0,0,0,0,0,0,2,2,0,0,0,0,2,0,0,2,2,2,0,0,0,0,0,0,0,0,0,2,0,2,0,2,0,0,0,2,0,0,0,0,0,0,0,0,0,0,0,0,0,0,0,0,2,2,2,0,0,2,0,2,0,0,0,0,0,0,0,0,2,0,0,2,0,0,0,0,2,0,0,0,0,0,0,0,0,0,0,2,2,0,0,0,0,0,0,0,0,0,0,0,0,2,NA,0,0,0,0,2,2,0,2,2,0,0,0,2,0,0,0,0,0,0,0,0,0,0,2,0,0,0,0,0,2,0,0,0,0,0,0,0,0,0,0,0,2,0,0,0,2,0,2,0,2,0,2,0,0,0,0,0,0,0,0,0,0,0,0,0,0,0,0,0,0,0,0,2,0,0,0,0,0,0,0,2,0,0,2,0,0,2,0,0,0,0,0,0,0,2,0,0,0,0,0,0,0,0,0,0,0,0,0,0,0,0,0,0,0,0,2,0,0,0,2,0,0,0,0,0,0,0,2,2,0,0,0,0,0,2,0,0,0,0,2,0,0,0,0,0,2,0,2,0,2,0,0,2,0,0,0,2,0,0,0,0,0,0,0,0,0,2,0,0,0,0,2,0,0,0,0,0,0,2,0,0,0,0,2,2,0,0,2,2,0,0,0,2,0,0,2,0,2,0,0,0,2,0,0,0,2,0,0,0,0,0,0,0,0,0,2,2,0,2,2,0,0,0,0,0,0,0,2,0,2,0,0,0,2,0,0,0,0,0,0,0,0,0,0,0,0,0,0,0,2,0,0,0,2,0,0,0,0,0,0,0,0,0,0,0,2,0,2,2,0,0,0,0,0,0,2,0,0,0,0,0,0,2,2,2,0,2,0,2,2,0,0,2,0,2,2,0,0,0,0,NA,0,0,0,0,0,2,0,2,0,0,0,0,0,0,0,0,0,0,0,0,0,2,0,0,0,0,0,0,0,0,0,0,0,2,2,0,0,0,0,0,0,0,0,2,0,0,0,0,0,0,0,0,0,0,0,0,0,0,2,0,0,0,0,2,0,0,0,0,0,0,0,0,0,0,0,0,2,0,0,2,2,0,0,0,2,0,0,0,0,0,0,0,0,2,2,0,0,0,0,2,0,0,0,0,0,0,2,0,2,0,0,2,0,0,0,0,0,0,2,0,0,0,0,0,0,0,0,0,2,0,0,0,0,0,0,0,0,2,2,2,0,0,0,0,0,2,0,0,0,0,0,0,2,0,0,2,0,0,0,0,0,0,0,0,0,0,0,0,2,0,0,0,2,0,0,0,0,0,0,0,0,0,0,2,0,0,2,0,0,2,0,0,0,0,0,0,0,2,0,0,0,0,0,0,0,0,2,0,0,0,0,0,0,0,0,0,0,0,0,0,0,0,2,0,0,0,0,0,2,0,2,0,0,0,2,0,0,0,0,0,0,2,0,0,0,0,0,2,0,0,0,0,0,0,0,0,0,0,0,0,0,0,0,2,0,0,0,0,0,0,0,0,0,0,0,0,2,0,0,0,0,0,0,2,0,0,0,0,0,0,2,0,0,0,0,0,0,2,0,0,0,0,0,0,0,0,0,0,0,0,0,2,0,0,0,0,0,0,0,0,0,0,0,0,0,0,0,0,0,0,0,0,0,0,0,0,2,0,0,0,0,0,0,2,0,0,0,0,0,0,2,0,0,0,0,0,0,0,2,0,0,0,0,0,0,0,0,0,0,0,2,0,0,0,0,0,0,2,0,0,0,0,0,0,0,0,0,0,0,0,0,0,0,0,0,2,0,0,0,0,2,0,0,0,0,0,0,0,0,0,2,0,0,0,0,0,0,0,0,0,2,0,0,0,0,0,2,2,0,0,0,0,0,2,0,0,0,0,0,2,0,0,0,2,2,0,0,0,0,0,0,2,0,0,2,0,0,0,0,0,0,0,0,2,2,2,0,0,0,0,0,2,2,0,0,0,0,0,0,0,0,0,2,2,0,2,2,0,0,0,0,0,2,0,2,0,0,0,0,0,0,0,0,0,0,0,0,0,2,0,0,0,0,0,0,0,0,0,0,0,0,0,0,0,0,0,0,2,0,0,0,0,0,0,0,0,0,0,0,0,0,0,0,0,2,0,0,0,2,0,0,0,0,0,2,0,0,2,0,0,0,0,0,0,0,0,0,0,0,0,0,0,0,0,0,0,0,0,0,0,0,0,0,0,0,0,0,0,0,0,0,0,0,0,0,0,0,0,0,0,0,0,0,0,0,0,0,0,0,0,0,0,0,0,0,0,0,0,0,0,2,0,0,2,2,0,0,0,0,0,2,2,0,2,0,0,0,2,2,2,0,0,0,2,2,0,2,0,0,2,0,0,0,0,0,2,0,0,0,0,0,2,0,0,0,0,0,0,0,0,0,0,0,0,0,0,2,0,2,0,0,0,0,0,0,0,0,0,0,0,0,0,2,0,0,2,0,0,2,0,0,0,0,0,0,2,0,0,0,0,2,0,0,2,0,0,0,0,0,0,0,0,0,0,2,2,0,2,0,0,0,2,2,0,0,0,2,0,0,0,0,2,0,0,2,2,0,0,2,0,0,0,0,2,0,0,0,2,2,0,2,0,0,0,0,0,2,0,2,2,0,0,0,2,2,0,0,2,0,2,2,0,0,0,0,0,0,0,NA,0,2,0,0,0,0,2,0,2,2,2,0,0,2,0,2,0,0,2,0,2,0,2,2,0,2,0,0,0,2,0,0,2,0,2,2,0,0,2,2,2,0,2,0,0,0,0,0,0,0,0,0,0,0,0,0,0,0,0,0,0,0,0,0,0,2,0,0,0,0,0,2,2,2,0,0,2,2,0,0,2,0,0,0,0,0,0,0,0,0,0,0,0,0,0,0,2,0,0,0,2,0,0,0,0,0,0,0,2,0,0,0,0,0,0,0,2,0,0,0,0,0,0,2,0,2,0,0,0,0,0,2,0,0,0,2,0,2,0,0,2,0,0,0,0,2,0,0,0,0,0,0,0,0,0,0,2,0,0,0,2,0,0,0,0,0,0,0,0,0,0,0,0,0,0,0,0,0,0,0,2,0,0,2,0,2,2,0,0,2,0,0,0,2,0,0,0,2,0,0,0,0,2,2,0,0,0,0,0,0,0,0,0,0,0,0,0,0,2,0,0,0,0,0,0,0,0,2,0,0,0,2,2,0,0,2,0,0,0,0,0,0,0,0,0,0,0,0,0,0,0,0,0,0,0,0,0,0,0,0,0,0,0,0,0,0,0,0,0,0,0,0,2,0,0,0,0,0,0,0,0,0,0,0,0,0,0,0,0,0,0,2,0,0,0,0,0,0,0,0,2,0,0,0,2,0,2,0,0,0,2,0,0,0,0,0,0,0,0,0,0,0,0,0,0,0,0,0,0,2,0,0,0,0,0,0,0,0,0,2,0,0,0,0,0,0,2,2,0,0,0,0,0,0,0,0,2,0,0,2,0,0,0,0,0,0,0,2,0,0,0,0,0,0,0,2,2,2,2,0,0,0,0,0,2,0,2,0,0,0,2,0,0,0,0,0,0,0,0,2,2,0,0,0,0,0,0,2,2,0,0,2,0,2,0,0,0,0,0,0,0,0,0,0,2,0,0,0,0,0,0,2,2,0,0,0,0,2,2,0,2,0,2,0,0,0,0,0,0,0,2,0,0,0,0,0,2,0,0,0,0,0,0,0,0,0,0,0,0,0,0,2,0,0,0,0,2,0,0,0,2,0,0,0,0,2,0,0,0,0,2,0,2,0,0,0,2,0,0,0,0,2,2,0,0,0,0,0,0,2,0,0,0,0,0,2,0,0,0,0,2,2,2,0,0,0,0,0,0,0,0,2,0,0,0,2,2,0,0,0,0,0,0,0,0,0,0,0,0,0,0,0,0,0,0,0,2,0,2,0,0,0,0,0,0,0,0,0,0,0,0,0,2,2,0,2,0,2,0,0,2,0,0,0,2,0,0,0,0,0,0,0,2,2,2,2,0,0,0,0,2,0,0,0,2,0,0,0,0,0,0,0,0,0,0,0,0,0,0,0,0,2,0,0,0,0,0,0,0,0,0,0,0,0,0,0,0,0,0,0,2,0,0,0,0,0,0,0,2,0,2,2,0,0,2,0,0,0,0,2,0,0,0,0,0,0,2,0,0,2,0,0,0,0,2,0,0,0,2,0,0,0,0,0,0,0,0,0,0,0,0,0,0,0,0,0,0,0,2,0,0,0,0,0,0,0,0,0,0,0,0,0,0,0,0,0,2,0,2,0,0,0,0,0,0,2,0,0,2,0,0,0,0,0,0,2,0,0,2,0,0,0,0,0,0,0,0,0,0,0,0,2,0,0,0,2,0,0,2,0,0,0,0,0,0,2,0,2,0,0,2,2,0,0,0,2,0,2,0,0,0,2,0,0,0,2,0,2,0,0,0,0,0,0,2,2,0,0,0,0,0,2,2,0,0,2,0,0,0,0,2,2,0,0,2,0,0,2,0,0,0,0,2,2,0,0,0,2,2,0,0,0,2,0,0,0,0,0,0,0,0,2,0,0,0,0,0,0,0,2,0,0,0,0,0,0,0,0,0,0,0,2,2,0,0,0,0,0,0,0,0,0,0,0,0,0,0,0,0,0,0,0,0,2,0,0,0,2,0,0,0,0,0,0,0,0,0,0,0,0,0,0,0,2,0,0,0,0,0,0,0,0,0,0,2,0,0,0,0,0,0,0,0,0,0,0,0,0,0,0,0,0,0,2,0,0,0,0,2,0,2,0,2,0,2,0,0,0,2,0,0,0,0,0,0,0,2,0,0,0,0,0,0,0,0,0,0,0,0,0,2,0,0,0,0,0,2,2,0,0,0,2,0,2,0,0,0,0,0,0,2,0,0,2,0,0,0,0,0,0,0,0,2,0,0,0,0,2,0,0,0,2,0,0,0,0,0,0,0,2,2,0,0,0,2,2,0,0,2,0,0,0,0,0,0,2,0,0,0,0,0,0,0,0,0,0,0,0,0,2,0,0,0,2,0,0,2,0,2,0,0,2,0,0,0,0,0,0,0,0,2,2,2,0,0,0,0,0,0,0,0,2,0,0,0,0,0,0,0,0,0,0,0,0,0,0,0,2,0,0,0,0,0,0,0,0,0,0,0,2,0,0,0,0,0,0,0,0,0,0,0,0,0,0,0,0,0,0,0,0,0,0,0,0,0,0,0,0,0,2,0,0,0,0,0,0,0,0,0,0,0,0,0,0,0,0,0,0,0,0,0,0,0,0,0,0,2,0,0,0,0,0,0,0,0,0,0,0,0,0,0,0,0,0,0,0,0,0,0,0,0,0,0,0,0,0,0,0,0,0,2,0,2,0,0,0,0,2,0,0,0,0,0,0,0,0,0,0,2,0,0,2,0,0,0,0,2,0,0,0,0,0,0,0,2,0,0,0,0,0,0,0,2,0,0,0,0,0,0,0,0,2,0,2,0,0,0,0,0,2,2,0,2,0,2,0,0,2,0,0,0,0,0,0,2,2,0,0,0,2,2,0,0,0,0,0,0,2,2,0,0,0,2,0,0,2,2,2,0,0,0,2,0,2,0,2,0,0,0,0,0,0,2,0,0,0,0,0,0,0,0,0,2,0,2,2,0,0,2,0,0,0,2,0,0,0,0,0,0,0,2,2,0,0,2,0,2,0,0,0,0,2,0,0,0,0,0,0,2,0,0,0,0,0,0,2,2,0,0,2,2,0,0,0,0,0,0,0,2,0,0,2,2,0,2,0,0,0,2,0,2,2,0,0,2,0,0,2,0,2,0,0,0,0,0,0,0,0,2,0,0,0,2,0,0,2,0,0,0,0,0,0,0,0,0,0,0,0,0,0,0,0,0,0,0,0,0,0,0,0,0,2,0,2,0,0,0,0,0,0,0,0,0,0,0,0,0,0,2,0,0,0,0,0,0,2,0,0,0,0,0,0,0,0,2,0,0,0,2,2,0,2,0,0,0,0,0,0,0,2,2,0,0,0,2,0,0,0,NA
"CC87",0,0,2,0,0,0,0,0,0,0,0,0,0,0,0,0,0,0,2,0,2,0,0,0,2,0,0,0,0,0,2,0,0,0,0,0,0,2,0,2,0,0,0,0,0,0,0,2,0,0,0,0,0,0,0,0,2,0,0,0,0,2,0,2,0,0,0,0,0,0,2,0,0,0,0,0,0,0,0,2,0,0,0,0,0,0,0,0,0,0,0,0,0,0,0,0,2,0,0,0,0,0,0,0,2,0,0,0,0,0,0,0,0,0,0,0,0,0,0,0,0,0,0,0,0,0,0,0,0,0,0,0,0,0,0,0,0,0,0,0,0,0,2,0,0,0,2,0,0,0,0,0,0,0,0,0,0,0,0,2,0,0,0,2,2,2,0,0,2,0,0,2,0,2,0,0,0,0,0,2,0,2,0,0,0,0,0,0,0,2,2,0,0,0,0,0,0,2,0,0,0,0,0,0,0,0,0,0,2,0,2,0,0,0,0,0,0,0,0,2,0,0,2,0,0,NA,2,0,0,2,0,0,0,2,0,0,0,0,0,0,0,0,0,0,0,2,0,0,0,0,0,0,0,0,0,0,0,0,0,0,0,0,0,0,0,2,2,0,0,0,0,0,0,0,0,0,2,2,2,2,0,0,0,0,0,0,2,0,0,0,0,0,0,0,0,2,0,0,2,2,0,0,2,2,2,0,0,2,0,0,0,0,0,0,0,0,0,2,0,0,0,0,2,0,0,2,0,2,0,0,0,2,2,0,0,2,0,0,2,0,0,0,0,0,0,0,0,2,0,0,0,0,2,0,0,0,0,2,0,0,0,0,2,0,0,0,0,0,2,0,0,0,0,0,0,0,0,0,2,0,0,0,2,0,0,0,2,0,2,0,2,0,0,0,0,0,0,0,0,0,0,2,0,2,0,2,0,0,0,2,0,0,0,0,0,0,0,0,2,0,0,NA,2,0,0,0,0,2,NA,0,0,0,2,0,0,0,0,0,0,0,0,0,0,0,0,2,0,0,0,0,0,0,0,0,2,2,0,2,0,0,0,NA,0,0,0,0,0,0,0,0,0,0,0,0,0,0,0,NA,0,0,0,0,0,2,0,2,0,0,0,0,0,0,0,0,2,0,0,0,0,2,0,0,0,0,0,0,0,0,2,0,0,0,0,0,0,0,0,0,0,2,0,0,2,0,0,0,0,0,0,0,0,0,0,0,0,0,0,0,0,0,2,0,0,2,0,0,2,2,0,0,2,2,0,0,0,0,0,2,0,2,0,2,0,0,2,0,0,0,NA,0,0,2,0,0,0,2,2,0,2,2,2,2,0,2,2,0,2,0,0,2,2,0,0,0,0,0,0,0,2,0,0,2,0,2,0,0,2,2,0,0,0,0,0,0,0,0,2,0,0,0,2,0,0,0,0,2,0,0,0,0,0,0,0,2,2,0,0,0,0,2,2,0,0,0,0,2,0,2,0,0,0,2,0,0,0,0,2,0,0,0,NA,0,0,0,0,2,0,0,0,0,2,0,0,0,0,2,0,0,0,0,0,2,2,0,2,0,0,0,2,2,0,NA,0,0,0,0,0,2,2,0,0,0,0,0,0,0,0,0,2,0,0,0,2,0,0,2,0,0,0,0,0,0,0,2,0,0,0,0,0,0,0,0,0,0,0,0,0,0,2,0,0,0,0,0,0,0,2,2,2,2,0,0,2,2,0,0,0,0,0,0,0,0,0,0,2,2,2,0,2,0,0,0,0,0,0,0,0,2,0,2,0,0,0,2,0,0,0,2,2,0,0,0,0,0,NA,2,0,2,0,0,0,0,0,2,0,2,0,2,2,0,0,0,0,2,0,0,0,0,2,0,0,2,0,2,0,2,2,0,0,2,2,0,2,0,0,0,0,0,2,2,2,2,0,0,0,0,0,0,0,0,2,2,2,0,0,0,0,0,0,0,2,0,0,0,2,0,2,2,0,0,0,0,0,2,0,0,0,0,0,0,0,0,2,2,0,0,NA,2,0,0,0,0,0,0,0,0,2,0,0,2,0,0,2,0,0,0,0,2,0,0,0,0,0,2,0,2,0,0,0,0,2,0,0,0,0,0,0,2,0,0,2,0,0,0,0,0,2,0,0,0,0,0,0,2,2,2,2,0,2,0,0,2,2,0,0,0,0,2,0,2,0,0,2,2,0,0,0,0,0,0,0,0,0,0,0,0,0,0,2,2,0,2,0,0,0,0,2,0,0,0,0,2,2,0,0,0,0,0,0,0,0,0,0,0,0,0,0,2,0,0,0,0,0,2,2,0,0,0,0,0,2,0,2,0,2,0,0,0,0,0,0,0,0,0,0,0,2,2,2,0,0,0,0,0,0,2,0,0,0,0,0,0,0,0,2,0,2,0,2,0,0,0,0,0,0,2,0,2,0,0,0,0,0,2,NA,0,0,0,0,0,0,0,0,2,0,0,0,0,2,0,0,0,0,0,0,0,0,0,0,0,0,0,0,0,0,0,0,0,0,0,2,2,0,0,0,0,0,2,0,0,2,0,0,0,NA,0,2,2,2,0,0,0,2,0,NA,0,0,2,2,0,0,0,0,0,0,2,0,2,0,0,0,0,0,0,0,0,0,0,0,0,0,0,0,0,0,2,0,2,2,0,2,0,0,0,0,2,2,0,0,2,2,2,0,0,0,0,0,0,0,0,0,0,0,0,0,2,0,0,0,0,2,0,0,0,2,0,0,2,0,0,2,0,0,0,0,0,0,0,2,0,0,0,2,0,0,0,0,0,0,0,0,2,2,0,2,0,0,0,0,0,0,0,0,0,0,0,2,0,0,0,0,0,0,0,0,0,0,0,0,0,0,0,0,0,NA,0,2,2,0,0,2,2,0,0,0,0,0,0,2,2,2,2,0,0,2,0,2,0,0,0,0,0,0,0,0,0,0,0,2,0,2,0,0,0,0,2,0,0,2,NA,2,0,0,2,0,0,0,2,0,0,0,0,2,0,2,2,0,0,0,0,0,0,0,0,0,0,0,0,0,2,0,2,0,0,0,0,0,0,0,0,0,0,2,0,0,0,0,0,0,0,0,0,0,2,0,2,2,0,0,2,2,0,0,2,2,0,0,0,0,0,0,2,0,0,0,0,0,0,0,0,0,2,0,2,0,0,2,2,2,0,2,0,0,2,0,0,0,0,0,2,0,0,0,0,0,0,0,0,0,0,0,0,0,0,2,0,0,0,0,0,2,0,0,2,0,0,2,0,2,0,0,0,0,2,0,0,0,0,0,0,0,0,0,0,2,0,0,0,0,2,2,0,0,0,0,0,0,2,0,0,0,0,0,0,0,0,0,2,0,2,0,0,0,0,0,2,0,2,2,0,2,0,0,0,0,0,0,0,2,0,2,0,0,0,2,0,0,0,0,0,0,0,0,0,0,0,0,2,0,2,0,0,0,0,0,2,0,0,0,2,0,0,0,0,0,0,2,0,0,0,0,0,0,0,0,2,0,2,0,0,2,0,0,0,0,0,0,0,0,2,0,0,0,0,2,0,0,2,0,0,0,2,NA,0,0,0,0,0,0,0,0,0,0,0,2,0,0,0,0,2,0,0,0,0,0,0,0,0,0,0,2,0,0,0,2,0,0,0,0,0,0,0,0,0,0,0,0,0,0,2,0,2,0,0,2,0,0,0,0,2,2,2,0,0,0,2,2,0,0,0,0,0,0,2,0,0,0,0,0,0,0,2,2,0,2,0,0,0,0,0,0,0,0,2,0,0,2,2,0,0,0,0,0,0,0,0,0,0,0,0,2,0,0,0,0,0,0,0,2,2,0,0,NA,0,0,0,0,0,0,0,0,0,0,2,0,2,0,0,0,0,0,0,0,2,2,0,0,0,0,0,0,0,0,0,0,0,0,0,0,0,0,0,0,0,0,2,0,0,0,0,2,0,2,0,0,0,0,0,0,0,0,0,0,0,0,2,0,0,0,0,0,0,0,0,0,0,0,0,0,2,0,0,0,0,0,0,0,0,0,0,0,0,0,0,0,0,0,0,2,0,0,2,0,0,0,0,0,0,0,0,0,0,2,2,0,2,0,0,0,0,0,0,0,0,0,0,2,0,2,0,0,0,0,0,0,0,0,0,0,0,0,0,0,0,0,0,0,2,0,0,0,0,2,2,0,0,2,0,0,0,2,2,2,0,0,0,2,2,0,0,0,0,0,0,2,0,0,0,0,2,2,0,0,0,0,0,0,0,2,0,0,2,2,0,0,0,0,0,0,2,0,0,0,0,0,0,0,0,0,0,0,2,0,0,2,0,0,0,0,2,0,0,0,0,0,0,0,0,0,0,0,2,0,0,0,0,2,0,0,0,0,0,2,0,0,0,0,0,0,0,0,0,0,2,0,0,0,0,0,NA,0,0,2,0,0,0,0,0,2,0,0,0,0,2,2,2,0,2,2,2,0,0,0,2,0,2,0,2,0,0,2,2,0,2,2,0,0,0,2,0,0,2,0,0,0,0,0,0,0,2,0,0,0,0,0,2,0,0,2,0,0,0,0,2,0,2,0,0,0,0,0,0,0,2,2,0,0,0,0,0,0,0,0,0,2,0,0,0,0,0,0,0,0,0,2,0,0,2,0,0,0,0,0,0,0,0,2,0,0,0,0,2,2,0,0,2,0,0,0,0,0,0,0,0,2,0,2,2,0,0,0,0,2,2,2,2,0,2,0,0,2,0,2,0,0,0,0,0,0,0,0,0,0,0,0,0,0,0,0,2,0,0,0,0,2,2,0,0,0,0,0,0,0,2,2,0,0,0,0,0,0,0,0,0,0,0,0,0,0,0,0,0,NA,0,0,0,0,0,0,0,0,0,0,0,0,0,0,0,0,0,2,0,0,0,0,2,0,0,0,0,0,0,0,0,2,0,0,0,0,0,0,0,0,0,0,0,0,0,0,2,0,2,0,0,2,2,0,0,2,0,0,2,0,0,0,0,0,0,0,2,0,0,2,0,0,0,0,0,0,0,0,0,0,2,0,0,0,0,2,0,0,0,0,0,0,0,0,0,0,0,2,2,2,0,0,0,0,0,0,0,0,0,0,2,0,2,0,0,NA,0,0,0,0,0,0,0,2,0,0,0,0,0,0,0,2,0,2,0,0,2,2,0,0,0,0,0,0,0,2,0,0,0,0,0,2,0,0,0,0,0,2,0,0,0,0,0,0,2,2,0,0,0,0,2,2,0,0,0,0,2,0,0,0,0,0,0,0,0,0,0,0,0,0,0,0,0,0,0,2,0,0,2,2,0,0,0,2,2,0,0,0,0,0,0,2,2,0,2,0,0,0,0,0,0,0,2,0,2,0,0,0,2,0,0,2,0,0,2,0,2,0,0,0,0,0,0,0,0,0,0,0,0,0,0,0,0,0,2,0,0,0,0,0,0,2,2,0,0,0,2,0,0,0,0,0,0,0,0,0,0,0,0,0,0,0,0,0,0,0,0,0,0,0,2,0,0,0,0,2,0,0,0,0,0,0,2,0,2,0,2,0,0,0,0,0,0,0,0,0,0,0,0,0,0,0,2,0,0,2,0,2,0,0,0,0,0,0,0,0,0,2,0,0,0,0,0,2,0,0,2,0,0,0,0,0,0,0,2,0,2,2,0,0,0,0,0,0,0,2,2,2,0,0,0,0,2,0,0,2,2,2,2,0,0,0,0,0,0,0,2,0,0,0,0,0,0,0,0,0,2,0,2,0,0,2,0,0,0,0,0,0,0,0,0,0,2,2,0,0,2,0,0,2,0,2,0,0,0,2,2,0,0,0,2,0,0,2,0,0,0,0,0,0,0,2,0,0,0,2,2,2,0,0,2,0,0,0,0,0,0,0,2,2,2,0,0,0,2,0,2,0,0,2,2,0,0,0,0,2,0,0,0,0,0,0,0,2,0,2,2,0,0,0,0,0,0,2,0,0,0,0,0,0,0,2,0,2,0,0,2,0,2,0,2,2,0,0,2,0,0,0,2,2,0,0,0,0,2,0,0,0,0,0,2,0,0,0,0,0,0,0,0,0,0,2,0,0,0,0,2,0,2,0,2,0,0,0,0,0,0,0,0,0,0,0,0,0,0,2,2,0,0,2,2,0,0,2,2,0,0,0,2,2,0,2,2,0,0,0,0,NA,0,0,2,0,0,2,0,0,0,2,2,0,2,2,2,2,2,0,2,0,NA,0,2,0,2,NA,0,0,0,0,0,0,0,2,0,0,2,0,2,2,NA,2,0,0,0,2,0,0,0,0,0,2,2,0,0,0,0,2,0,2,2,0,0,2,0,2,2,2,0,0,2,2,2,0,0,0,0,0,0,2,0,0,0,2,2,0,0,0,0,0,0,0,0,2,0,2,2,0,2,0,0,0,0,0,0,0,0,2,0,0,0,0,0,0,0,0,0,2,0,2,2,2,0,0,2,0,0,2,2,0,0,0,0,0,0,2,2,0,0,0,0,2,2,2,2,0,2,0,0,0,0,2,0,0,2,0,2,2,2,2,0,2,0,0,2,0,0,2,0,2,2,0,2,0,0,0,2,0,0,0,0,2,0,2,0,2,0,0,0,0,0,0,0,0,0,0,0,0,0,0,0,0,0,0,0,0,0,0,0,2,0,0,2,0,0,0,0,2,0,0,2,0,2,0,0,0,2,2,2,2,0,2,2,0,0,2,0,0,2,2,2,0,2,0,2,0,0,0,0,0,0,0,2,0,0,2,2,0,0,0,2,0,0,2,0,2,0,0,0,0,2,0,0,0,2,2,0,0,0,0,0,2,2,2,2,0,0,0,2,0,2,0,0,0,0,0,0,0,0,0,0,0,0,0,2,0,0,0,0,0,0,0,0,2,0,0,0,0,0,0,2,2,2,0,0,0,0,0,0,0,0,2,0,0,0,0,0,0,0,2,0,0,0,0,0,0,0,0,0,0,0,0,0,0,0,0,0,0,2,0,0,0,2,0,2,2,0,0,0,0,0,2,0,2,0,0,0,0,0,2,0,2,0,0,0,0,0,2,0,0,0,0,2,0,0,0,0,0,2,2,0,0,0,0,2,0,0,0,0,0,0,0,0,0,0,0,0,2,0,0,0,0,0,0,0,0,2,0,0,0,2,0,0,0,0,2,0,0,0,2,0,0,0,0,0,0,0,0,0,2,0,0,0,0,0,0,0,0,0,0,0,0,0,0,0,0,0,0,0,0,0,0,2,2,0,2,0,0,2,0,2,0,0,0,0,0,0,0,2,2,2,0,2,0,0,0,0,2,0,2,0,0,0,2,0,0,2,2,0,2,NA,0,2,0,0,0,0,0,0,0,0,0,0,2,0,0,2,0,0,0,0,2,2,2,0,0,0,0,0,2,0,0,2,2,0,0,0,0,NA,0,0,0,2,0,2,2,0,0,0,2,2,2,2,0,0,0,2,2,0,0,2,2,2,0,0,0,0,0,0,0,2,0,2,0,2,0,0,0,0,0,2,0,0,0,0,0,0,0,0,2,2,2,0,0,0,0,2,0,0,0,0,0,0,0,0,2,0,0,0,0,2,0,0,2,0,0,0,0,0,0,2,0,0,0,0,0,0,2,0,2,2,2,0,0,2,0,2,0,2,0,0,0,0,0,0,0,2,0,0,0,2,0,0,2,2,0,0,2,0,0,0,2,2,0,0,2,0,2,0,0,0,0,0,0,2,0,0,2,0,0,0,0,0,0,0,0,0,0,2,2,2,0,0,0,0,0,0,2,0,0,0,0,0,0,2,0,0,0,0,0,2,2,0,0,2,2,2,2,0,2,2,0,0,2,0,2,0,0,0,0,0,0,2,0,0,2,0,0,0,2,0,0,0,0,0,2,0,0,0,0,0,0,0,0,0,0,0,0,0,0,0,0,0,0,0,0,0,0,0,0,0,0,0,0,0,2,2,0,0,0,0,0,0,0,0,0,2,0,0,2,0,0,0,2,0,0,2,2,0,2,0,0,0,2,0,2,0,0,0,0,0,0,2,0,2,2,0,0,0,0,0,2,0,0,0,0,0,0,0,0,2,0,2,2,0,0,0,2,0,0,2,0,0,2,0,2,0,0,2,2,0,2,0,0,2,0,2,0,0,0,2,2,0,0,2,0,0,0,0,0,0,2,0,2,0,2,0,0,0,2,0,0,2,0,0,2,0,0,0,0,0,0,0,0,0,0,0,0,0,0,0,0,0,2,0,0,0,0,2,0,0,0,2,2,0,2,2,0,0,0,2,0,0,0,0,0,0,0,0,2,2,0,0,0,0,2,0,0,0,2,0,0,0,0,0,0,2,0,0,0,0,0,0,0,0,0,0,0,0,0,0,0,0,0,0,0,2,0,0,0,0,0,0,0,0,0,0,0,2,0,0,0,0,0,2,0,0,0,0,0,0,0,0,2,0,2,0,2,0,0,0,0,0,0,0,0,0,0,0,0,0,0,0,0,0,0,0,0,0,0,0,0,0,2,2,2,2,0,0,0,0,0,0,2,0,0,0,0,0,0,0,0,0,0,0,0,0,0,0,0,2,2,0,0,0,0,0,0,2,0,0,0,0,0,0,0,0,2,2,0,2,0,0,0,0,2,2,0,0,0,0,0,0,2,2,0,0,2,0,0,2,0,0,2,0,2,2,0,0,0,2,0,0,0,0,2,0,2,2,2,0,0,0,2,0,2,0,0,0,0,0,0,0,0,0,2,0,0,2,2,0,2,0,0,0,0,2,0,0,2,0,0,0,0,0,2,0,0,0,0,0,0,0,0,0,0,0,0,0,0,0,0,0,0,2,0,0,0,0,0,2,0,0,2,2,0,0,2,0,2,0,2,2,0,2,0,2,2,0,2,0,0,0,2,0,0,0,0,0,0,0,0,0,0,0,0,2,0,2,0,0,2,0,0,0,0,0,2,0,0,0,0,0,0,2,0,0,0,0,0,0,0,0,0,0,0,0,0,0,0,2,0,2,0,0,0,2,0,0,2,2,0,0,0,0,0,0,0,0,0,2,0,2,0,0,0,0,0,0,0,0,0,2,0,2,0,0,0,0,0,2,0,0,0,0,0,2,0,0,2,0,0,0,2,2,2,2,0,0,2,0,2,0,0,0,0,0,0,0,0,2,2,0,0,0,0,0,0,0,0,0,0,2,0,0,2,0,0,0,0,2,2,2,2,0,0,0,0,0,2,2,0,0,0,0,2,2,0,0,0,0,0,2,0,0,2,0,0,0,0,0,0,0,2,0,0,2,0,2,0,0,0,0,0,0,0,0,2,0,0,0,0,2,0,0,2,0,2,0,0,2,0,0,0,0,0,2,2,0,0,0,0,2,0,0,0,0,0,0,0,0,2,0,0,0,0,0,2,0,0,0,0,0,2,0,2,2,0,0,2,2,0,0,0,0,2,0,2,0,0,0,0,0,0,0,0,0,2,2,0,0,0,0,0,0,2,2,0,0,0,0,0,0,0,2,0,0,0,0,0,0,0,0,2,0,0,2,0,0,2,2,0,2,0,0,0,0,0,0,0,0,2,0,0,0,0,0,0,0,0,0,0,2,0,2,0,0,2,2,2,0,0,2,0,0,0,0,0,2,0,0,2,0,0,0,2,0,0,2,0,0,0,0,2,0,0,0,0,0,0,0,0,0,2,0,0,0,2,0,0,0,0,0,2,0,0,0,0,0,0,0,0,2,0,0,0,0,0,0,0,2,0,0,0,0,0,0,0,2,0,0,0,2,0,0,0,0,2,0,2,2,0,2,0,0,2,0,0,0,0,0,0,0,0,0,2,0,0,2,0,0,2,0,0,0,2,2,0,0,0,2,0,0,0,0,0,0,0,0,0,2,0,0,0,0,2,0,2,0,2,0,0,0,0,0,0,0,0,2,0,0,0,0,0,2,0,0,2,0,2,0,0,0,0,0,0,2,0,0,0,0,0,0,2,0,0,0,0,0,0,2,0,0,2,0,0,0,0,0,0,2,0,2,0,0,2,0,0,0,0,2,0,0,2,0,0,2,0,0,0,0,0,0,0,0,0,0,0,0,2,0,2,0,2,2,0,2,2,0,0,0,0,2,0,0,0,0,0,0,2,2,2,0,0,0,2,0,0,0,0,0,0,0,0,0,0,2,0,0,0,0,0,0,0,0,2,0,0,0,0,0,2,0,0,0,0,0,0,0,2,2,0,0,0,0,0,2,0,0,0,0,0,0,2,0,0,2,2,0,0,2,0,0,2,2,2,0,0,0,2,2,0,0,2,0,2,0,2,0,0,0,0,0,0,0,0,2,0,0,0,0,0,0,0,0,0,0,0,NA,0,0,0,0,2,0,2,2,0,0,0,0,0,0,0,0,2,0,2,2,2,2,0,0,0,0,2,0,0,0,0,0,0,0,0,0,0,0,2,0,0,0,0,0,0,0,0,0,0,0,0,0,0,2,2,0,0,0,2,0,0,2,0,0,0,2,0,0,2,2,0,0,0,0,0,0,0,0,0,0,0,0,0,0,0,0,2,0,0,0,2,0,0,0,0,0,0,0,2,0,2,0,0,2,0,0,0,2,0,0,2,2,0,2,0,0,2,0,2,0,0,0,0,2,0,0,0,0,0,0,0,0,0,0,0,0,0,0,0,2,0,0,0,2,0,0,2,0,2,0,2,2,0,0,0,0,0,0,0,0,0,0,0,0,0,0,0,0,2,2,0,0,2,0,0,0,0,0,0,0,0,0,2,2,2,0,0,0,0,2,0,0,0,0,0,NA,0,0,0,0,0,0,0,0,0,0,0,0,0,0,0,0,0,0,0,0,0,0,0,0,2,2,0,0,0,2,0,0,2,0,0,0,0,0,0,0,0,0,2,0,0,2,0,0,0,2,0,0,0,0,0,0,0,0,0,2,0,0,0,0,2,2,0,2,0,0,0,0,0,2,0,0,0,0,0,0,0,0,2,0,0,0,2,0,0,0,0,0,0,0,0,0,0,0,0,0,0,0,0,0,0,0,0,0,0,2,0,0,0,0,2,0,0,2,0,0,0,0,2,0,0,0,2,0,0,0,0,0,0,2,0,0,0,0,2,0,2,0,0,0,0,0,0,0,0,0,2,0,0,0,0,2,0,0,0,2,0,0,0,0,0,2,0,0,2,0,0,0,0,2,2,0,0,0,0,0,0,2,0,0,0,0,0,0,2,0,2,0,2,2,2,0,0,0,0,0,0,0,0,2,0,0,0,0,0,0,0,NA,2,0,2,2,0,0,0,0,0,0,2,0,0,0,0,2,2,0,0,0,0,0,0,0,0,0,0,0,0,2,0,0,0,2,2,0,0,0,0,0,0,0,0,0,0,2,0,0,0,0,0,0,0,0,0,0,2,0,0,0,0,0,0,2,0,0,0,0,0,0,0,0,0,2,0,0,0,0,0,0,2,2,0,0,0,2,0,0,0,0,2,0,0,0,0,0,2,0,0,0,0,0,0,2,0,0,0,0,0,2,0,0,2,0,0,0,0,0,0,0,0,2,2,0,0,0,0,0,2,0,0,0,0,2,0,2,0,0,0,0,0,0,0,0,0,0,0,2,2,0,0,0,0,2,0,0,0,0,0,2,0,0,0,0,0,2,NA,0,0,2,0,0,0,0,2,0,0,0,0,0,0,0,0,0,0,0,0,0,2,0,0,0,0,0,0,0,0,0,2,2,0,0,0,0,0,0,0
"CC88",0,2,2,0,2,0,0,0,0,0,0,0,0,0,0,2,0,0,0,0,0,2,0,0,0,0,0,2,0,2,0,2,0,0,2,2,0,0,0,0,2,0,2,2,2,0,0,0,0,0,0,2,0,2,0,0,0,0,0,2,0,0,0,2,0,0,0,0,2,2,0,0,0,0,2,0,0,2,0,0,2,0,0,0,0,2,2,0,2,0,0,0,0,0,0,2,0,0,0,0,0,0,0,0,0,0,0,2,0,0,2,0,0,0,0,0,0,0,0,NA,0,0,0,2,0,0,0,2,0,2,0,0,0,0,0,0,0,2,2,0,0,0,0,2,0,0,2,0,0,2,2,0,0,0,0,0,0,0,0,0,0,0,0,2,2,0,0,0,2,0,0,2,2,0,0,2,0,0,2,0,0,0,0,0,0,0,0,2,0,0,0,0,0,0,0,0,0,0,0,0,0,2,0,0,0,0,0,0,0,0,0,0,0,0,0,0,0,0,0,0,2,0,0,0,2,0,0,0,0,0,0,0,0,0,0,0,2,0,0,2,0,0,2,0,0,0,2,0,2,0,2,0,0,0,0,0,0,2,0,0,0,0,0,2,0,0,2,2,0,2,0,0,0,0,0,0,2,2,2,0,2,0,0,0,0,0,0,2,0,0,0,2,2,0,0,0,0,0,0,0,0,0,0,0,0,0,2,0,2,0,2,0,2,0,0,0,0,0,0,2,0,0,0,0,0,0,0,2,2,0,0,0,0,0,0,0,0,0,2,0,0,2,0,0,0,2,0,0,0,2,2,2,0,2,0,0,0,0,2,0,0,2,0,0,0,0,0,2,0,0,0,0,0,0,0,0,0,0,0,0,0,0,0,0,2,0,0,2,0,0,0,0,0,0,0,0,0,0,0,0,2,0,2,2,0,2,0,0,0,2,0,0,0,0,0,0,0,0,0,0,0,2,0,0,0,2,0,0,0,0,2,0,2,2,0,0,0,0,0,0,0,0,0,0,0,0,0,0,0,2,NA,0,0,0,2,2,0,0,0,0,0,0,0,0,2,2,0,2,0,0,2,2,2,2,0,2,0,0,0,2,0,0,0,0,2,0,2,0,0,2,0,0,0,2,0,0,2,0,0,0,0,0,2,0,0,0,0,0,2,0,0,0,2,0,0,0,0,0,0,0,2,2,0,0,0,0,0,NA,0,0,2,0,0,2,0,2,0,2,0,2,0,0,0,0,0,0,0,0,0,2,0,0,0,2,2,0,0,0,2,0,0,0,0,0,0,0,2,0,0,0,0,0,0,0,2,0,2,0,2,0,0,0,0,0,0,0,2,0,0,0,0,0,0,0,2,0,2,0,2,2,0,0,0,0,0,0,0,0,2,0,0,2,0,2,0,NA,0,0,0,0,0,2,0,2,2,0,0,0,0,0,0,0,0,0,2,0,0,0,0,0,0,0,0,0,0,0,0,2,0,0,0,0,2,0,0,0,0,0,0,0,0,0,2,0,0,0,0,2,0,2,0,0,2,0,0,0,0,0,0,0,0,0,0,0,2,0,2,0,0,0,0,0,0,0,0,0,0,0,0,0,0,0,0,0,0,0,0,0,0,0,0,0,2,0,0,0,0,2,0,0,0,0,0,0,0,2,0,0,2,0,0,0,0,2,0,0,0,0,0,0,0,0,0,0,0,0,0,0,0,2,0,0,0,0,0,0,0,0,0,2,0,0,0,2,0,0,0,0,NA,0,0,0,0,0,0,0,2,2,0,0,0,2,0,0,0,2,0,2,2,0,2,0,0,0,0,2,0,0,0,0,0,2,2,0,0,0,0,0,0,0,0,0,0,0,0,0,0,2,0,0,0,0,2,0,0,0,2,0,0,0,0,0,0,0,0,0,2,0,0,0,2,0,0,0,0,0,2,0,0,2,0,0,0,0,2,0,0,0,0,0,2,0,0,0,0,0,0,0,2,0,0,0,0,0,2,0,0,0,0,0,0,0,0,2,0,2,2,0,0,0,0,0,0,0,0,0,2,0,0,0,2,0,0,0,0,0,0,2,0,0,0,0,0,0,2,2,0,2,0,0,2,0,0,0,0,0,0,0,0,2,2,0,0,0,0,2,0,0,0,0,0,0,0,0,0,0,0,0,0,0,2,0,2,0,0,0,2,0,NA,0,2,0,2,0,0,0,2,0,2,0,0,0,0,0,0,0,2,2,0,0,0,0,0,0,2,0,0,0,0,0,0,0,0,0,0,0,0,0,0,0,0,0,0,0,0,0,0,0,0,0,0,0,0,0,0,2,0,0,0,0,0,0,0,0,0,0,0,0,0,0,0,0,0,0,0,0,0,0,0,0,0,0,0,0,0,0,0,0,2,0,0,0,0,0,0,0,0,0,2,0,0,2,0,0,0,0,0,0,0,0,0,0,0,0,0,0,2,2,0,0,2,0,0,0,0,0,0,0,0,0,2,2,0,0,2,0,2,0,0,0,0,0,0,2,0,0,0,2,0,0,0,0,2,0,0,0,0,0,0,2,2,0,0,2,0,2,0,0,2,0,0,0,0,0,0,0,0,0,0,2,0,0,0,2,0,0,0,0,0,0,0,0,0,0,2,2,0,0,0,0,NA,0,0,0,0,0,0,0,0,0,0,2,0,0,0,2,0,0,2,0,0,2,0,0,0,0,0,0,0,0,0,0,0,0,0,0,0,2,0,0,0,0,0,2,0,0,0,0,0,0,0,2,0,2,0,0,0,NA,0,2,2,0,2,0,0,0,0,2,0,0,0,2,0,0,0,0,0,2,0,2,0,2,0,2,0,2,2,0,0,0,0,0,0,0,0,0,0,0,0,2,0,0,0,0,2,0,0,2,0,NA,0,0,2,0,2,2,2,0,0,2,2,0,2,0,2,2,NA,0,0,0,2,0,2,0,0,0,0,0,0,0,0,0,2,0,0,2,0,0,0,0,0,0,2,0,0,0,0,2,2,0,0,0,2,0,0,0,2,0,0,0,0,0,0,0,0,0,0,0,0,2,0,0,0,0,0,0,0,2,0,0,0,0,2,0,2,0,0,0,0,0,0,0,2,2,0,0,0,0,0,0,0,0,0,0,2,0,2,0,0,2,0,0,0,0,0,0,0,0,0,0,0,0,0,2,0,0,0,0,0,0,NA,0,0,2,0,0,0,2,2,2,0,0,2,0,0,0,0,0,0,0,0,2,2,2,2,2,2,0,0,2,0,0,2,0,2,2,0,0,0,0,0,0,2,0,0,0,0,0,2,0,0,2,0,2,0,0,0,0,0,0,0,0,2,0,0,0,0,0,0,0,0,0,0,0,0,0,0,0,0,0,0,0,0,0,2,0,0,2,2,0,0,0,0,0,0,0,0,0,2,0,0,2,2,2,2,0,0,0,0,2,0,0,0,0,2,0,0,2,0,0,0,0,2,0,2,0,0,0,0,0,0,0,0,0,0,2,0,0,0,0,0,2,0,2,0,2,2,0,0,2,0,0,0,0,0,0,0,0,0,0,0,2,0,0,0,0,0,0,0,0,0,0,0,2,0,0,2,2,0,2,0,0,0,2,0,0,0,0,0,0,0,0,0,0,0,2,2,0,0,0,0,0,0,2,0,0,2,0,0,0,0,0,0,0,0,0,0,0,2,0,0,2,2,2,0,0,0,0,0,0,0,2,2,0,0,0,0,2,0,0,0,0,0,0,0,0,0,2,0,0,0,0,2,0,0,0,0,0,0,0,0,2,0,0,0,0,0,2,0,0,0,0,2,2,0,0,0,0,2,2,0,0,0,0,0,2,2,0,0,2,2,0,0,0,0,2,0,0,0,0,0,0,0,0,0,2,0,0,2,2,2,0,0,0,0,0,2,0,0,0,2,0,2,0,2,0,0,0,2,2,2,0,0,0,0,2,0,2,0,0,0,0,0,0,0,0,2,0,0,0,0,0,2,0,0,0,2,0,0,0,0,2,0,0,0,0,0,0,2,0,0,0,0,0,0,0,0,0,0,0,0,0,2,0,0,0,0,0,2,0,0,0,2,0,0,2,0,0,0,0,2,0,0,0,2,0,2,0,0,0,0,0,2,0,0,2,2,0,2,2,0,0,0,0,0,0,0,2,0,0,0,2,0,0,0,0,0,0,0,0,0,0,2,2,2,0,0,0,0,0,0,0,0,2,0,2,2,0,2,0,0,0,0,0,0,0,0,0,2,0,0,0,0,0,0,0,0,0,0,0,2,0,0,0,0,2,0,0,0,0,0,0,0,0,2,0,0,0,0,0,0,0,2,0,0,0,0,0,2,2,2,2,0,2,0,0,0,0,0,0,2,0,0,0,0,0,2,0,0,0,0,2,0,0,0,0,0,0,0,0,0,0,2,0,2,0,2,0,0,0,0,0,0,0,2,0,0,0,0,0,2,2,0,2,0,0,0,0,0,2,0,0,0,0,0,0,0,0,0,0,0,0,0,2,2,2,2,2,0,0,2,0,0,0,0,0,0,0,0,0,0,0,0,0,0,0,0,0,0,0,0,0,0,2,0,0,0,0,0,0,0,0,0,2,0,2,0,0,2,0,0,0,0,0,0,0,0,0,0,0,0,0,0,0,0,0,2,2,0,0,0,0,0,0,0,0,0,0,0,0,0,0,0,0,0,0,0,0,0,0,2,0,2,0,0,0,0,2,0,0,0,0,0,0,0,0,0,2,0,0,0,0,0,0,0,0,0,2,0,0,0,0,0,0,2,0,2,0,2,0,0,0,0,0,0,0,0,2,0,0,0,2,0,2,0,0,0,0,2,0,0,0,0,0,0,0,0,0,2,0,0,0,0,2,0,0,0,0,0,0,0,0,0,2,0,0,0,0,0,0,0,0,2,0,0,0,0,0,0,0,0,0,0,0,0,0,0,2,0,0,2,0,0,0,0,0,0,0,0,0,0,0,0,0,0,2,0,0,0,0,0,0,2,0,2,0,0,0,0,2,0,0,2,0,0,0,0,0,0,0,0,0,2,0,2,0,2,0,2,2,2,0,0,0,0,0,0,0,0,0,0,2,2,0,0,0,0,0,0,0,0,0,0,0,2,0,0,0,0,0,0,0,0,0,2,0,0,2,0,0,0,0,2,0,2,2,2,0,0,2,0,2,0,0,0,2,2,0,2,2,0,0,0,2,2,0,2,0,0,0,0,0,0,2,0,0,0,0,0,0,2,0,2,0,0,0,0,2,0,0,0,0,0,2,0,0,0,0,0,0,2,0,0,0,0,0,0,2,0,0,0,0,2,0,0,0,2,2,0,0,2,0,0,0,2,0,0,0,0,0,0,0,0,2,0,0,2,0,2,2,2,2,0,0,0,0,0,2,2,0,0,0,0,0,2,2,0,0,0,0,2,0,0,0,0,0,0,0,0,0,0,0,0,0,0,0,0,2,0,0,0,2,0,0,0,0,0,0,0,0,0,0,0,2,2,0,0,0,2,2,0,0,0,0,2,0,0,0,0,0,2,0,2,0,0,0,0,0,0,0,0,0,0,0,0,0,0,0,0,0,0,0,0,0,0,2,0,0,0,0,2,0,0,0,0,2,0,0,0,0,2,0,0,0,0,0,0,0,0,0,0,0,0,0,0,0,0,2,0,0,0,0,0,0,0,0,0,0,0,0,0,0,0,0,0,0,0,0,0,0,2,0,0,2,0,0,0,0,0,2,0,2,2,0,0,2,2,0,0,0,2,0,0,0,2,0,0,0,0,0,0,0,0,0,0,2,0,0,0,0,0,0,0,2,0,0,0,0,0,0,0,0,0,2,0,0,0,0,0,2,0,2,0,0,0,2,0,0,NA,2,0,0,0,0,0,0,0,0,0,2,2,0,0,2,2,2,2,0,0,0,2,0,0,2,0,0,0,0,0,0,2,2,0,0,0,0,0,0,0,0,0,0,0,0,0,0,0,0,0,0,0,0,0,0,2,0,0,2,0,0,0,2,2,2,0,2,0,2,0,0,0,0,0,2,0,0,0,2,2,0,2,0,0,0,0,0,0,0,0,0,0,0,0,0,2,0,0,0,0,0,0,2,0,0,0,0,0,0,0,0,0,0,0,0,0,0,0,0,0,2,0,0,0,0,0,0,2,2,0,0,0,0,0,0,0,2,0,0,0,0,0,0,0,0,0,0,2,2,0,0,2,0,0,0,0,2,2,2,0,0,0,2,0,2,0,0,2,0,0,0,0,0,0,0,2,0,0,0,0,0,0,2,0,0,0,0,2,0,0,0,0,0,2,0,0,0,0,2,0,0,0,2,0,0,2,0,2,2,2,0,0,2,0,2,0,2,0,0,0,0,0,0,0,0,0,2,0,0,0,0,0,0,0,0,0,2,0,2,0,0,0,0,2,0,0,0,0,2,0,2,2,0,0,0,0,0,0,0,2,0,2,2,0,2,0,0,0,0,2,0,0,0,0,0,0,0,0,0,0,0,0,0,0,2,0,0,0,0,0,0,0,0,0,0,0,2,2,0,2,2,2,0,0,0,0,0,0,0,0,0,0,0,0,0,0,0,0,0,0,0,2,0,0,0,0,0,0,0,0,2,0,0,2,0,0,0,0,0,2,0,0,0,0,0,0,0,0,0,0,0,2,0,0,0,0,0,2,0,0,0,2,2,0,2,0,2,2,0,0,0,0,0,0,2,0,0,0,0,0,0,0,0,0,0,0,0,0,0,0,0,0,0,0,2,0,0,2,2,0,0,0,2,0,0,0,0,0,0,0,0,2,2,0,0,NA,0,0,0,0,0,0,0,0,2,0,0,0,0,2,0,0,0,0,0,0,0,0,0,0,0,0,0,0,0,0,0,0,0,0,0,0,0,0,0,2,2,2,0,0,2,0,2,2,2,0,0,0,0,0,2,0,0,2,0,0,0,0,0,0,0,0,0,0,0,0,0,0,0,0,0,0,0,0,0,0,0,0,0,0,2,0,0,0,0,0,0,0,0,0,0,0,2,0,0,0,0,0,0,0,0,0,2,0,0,0,0,0,0,0,0,0,0,0,0,0,0,2,0,0,2,0,NA,0,0,0,0,0,0,0,0,2,2,0,0,2,0,0,0,0,0,0,0,2,0,0,0,0,0,0,0,0,0,2,0,0,0,0,0,0,0,0,0,0,0,0,0,0,2,0,0,0,0,0,0,0,2,0,0,0,0,0,0,0,0,0,0,0,0,0,0,0,2,0,0,0,0,0,0,0,2,0,2,0,0,0,0,0,0,0,2,2,0,0,2,0,2,0,2,2,0,2,0,0,0,2,0,0,2,2,0,2,0,0,0,0,0,0,0,2,2,0,2,0,0,0,0,0,2,0,0,0,0,0,0,0,0,0,0,0,0,0,0,0,0,2,0,0,2,0,2,0,0,0,0,0,0,2,0,0,0,0,0,0,2,0,0,0,0,0,0,0,0,0,2,0,0,0,0,2,0,0,2,0,2,0,2,0,2,2,0,0,0,0,0,0,0,2,NA,0,0,2,0,0,0,0,0,2,0,0,0,0,0,0,0,0,0,2,2,2,0,0,2,0,0,0,0,0,2,2,2,2,2,0,0,0,0,0,0,0,0,0,0,0,0,0,0,0,2,0,2,0,0,0,0,0,0,0,0,0,0,0,2,2,2,0,0,0,0,0,0,0,0,0,0,0,0,0,0,0,0,0,0,0,0,2,0,0,0,2,2,0,2,0,0,0,0,2,0,0,2,2,0,0,0,0,2,0,0,0,0,0,0,0,0,0,2,0,0,0,0,0,2,2,0,0,2,2,2,2,0,2,2,0,0,2,0,0,0,0,0,0,0,0,2,0,NA,2,0,0,0,2,0,0,0,0,0,2,0,0,0,0,0,0,0,0,0,0,0,2,0,0,0,0,0,0,0,0,0,0,0,0,0,0,0,0,2,0,2,0,0,0,0,0,0,0,0,0,2,0,2,0,2,0,0,0,2,0,2,2,0,2,0,0,0,0,2,2,0,0,0,2,2,0,2,0,2,0,0,0,0,0,0,0,0,0,0,0,0,2,0,0,2,0,2,2,0,0,0,0,0,0,2,0,0,0,0,2,0,0,0,0,0,2,0,0,2,0,2,0,0,2,0,0,0,0,0,0,0,0,0,0,0,0,0,0,0,0,2,0,0,0,0,0,0,0,0,0,0,0,0,0,0,0,0,0,0,2,2,0,0,0,0,0,0,0,0,0,2,0,0,0,0,0,0,0,0,0,2,0,0,0,0,0,0,0,0,0,0,0,0,0,0,0,0,0,0,0,2,0,2,2,0,0,0,0,0,0,0,0,0,0,0,0,0,0,0,0,0,0,0,0,0,0,0,0,0,2,0,0,0,0,0,0,0,0,0,0,0,0,0,0,0,0,0,2,2,0,2,0,0,0,0,0,0,0,0,0,0,0,0,0,0,0,0,0,0,0,0,0,0,0,2,0,0,0,2,0,0,0,0,2,0,2,0,0,0,2,2,0,2,2,0,0,0,0,0,0,0,0,0,2,0,0,0,0,2,0,0,0,2,0,2,0,0,0,2,0,0,0,0,0,2,0,2,2,0,0,0,2,0,0,2,0,0,0,2,0,0,2,2,0,0,0,0,2,0,0,0,0,0,0,0,0,0,0,0,0,0,0,0,0,0,2,0,2,NA,0,2,0,0,0,0,0,0,0,0,0,0,0,0,2,0,0,0,0,0,0,0,0,0,0,0,0,2,2,0,0,0,0,0,0,0,2,2,0,2,0,0,0,0,0,0,0,0,2,0,NA,0,2,0,2,0,0,0,2,0,0,0,0,0,2,0,2,2,0,0,0,2,0,2,2,0,0,2,2,0,0,0,0,2,0,0,0,0,2,2,0,0,0,0,0,0,0,2,2,0,0,0,0,0,0,0,0,2,0,0,0,2,0,0,2,0,0,0,0,0,0,0,0,0,0,0,0,NA,0,0,0,2,0,0,0,0,0,0,0,0,0,2,0,0,0,0,0,0,2,0,2,0,0,0,2,0,2,2,0,0,0,0,0,0,2,0,2,2,0,2,0,0,0,0,0,2,0,0,0,0,NA,2,0,0,2,0,0,0,2,2,0,0,0,0,2,0,2,2,0,0,0,0,0,0,0,0,2,0,2,2,0,0,0,0,0,0,0,0,0,0,0,0,2,2,0,0,2,2,0,0,0,0,0,0,0,0,2,0,2,NA,0,0,0,0,0,0,0,2,2,2,0,0,0,0,0,0,0,2,2,0,0,2,0,2,0,0,0,0,0,0,0,0,0,0,2,0,0,2,0,0,0,0,0,2,0,0,0,2,2,0,0,0,2,0,0,0,0,0,0,0,0,0,0,0,2,2,2,0,0,0,0,0,2,0,0,0,0,0,0,0,0,0,0,2,2,0,2,0,2,0,0,0,0,0,0,2,0,0,0,0,2,2,0,0,0,0,2,2,0,0,0,2,2,0,0,0,0,0,0,2,2,0,2,0,0,0,0,0,0,0,2,0,2,0,0,0,2,0,0,0,0,NA,0,0,0,2,2,2,0,0,0,0,2,0,0,0,0,0,0,0,0,0,0,0,2,0,0,2,0,0,0,0,0,0,0,0,0,0,0,0,0,2,0,2,0,0,0,0,0,0,0,0,0,2,0,0,0,0,0,0,2,0,0,0,0,0,0,0,0,0,2,0,0,0,2,0,0,0,0,0,0,0,0,0,0,0,0,0,0,0,0,2,0,2,0,0,0,0,2,0,0,0,0,0,0,0,0,0,0,0,0,2,0,0,0,2,0,0,0,0,0,0,0,2,0,0,0,0,0,2,0,0,0,0,0,0,2,0,0,2,0,0,0,0,2,0,0,0,0,0,2,0,2,0,2,0,0,0,0,0,0,0,0,0,0,0,0,0,0,0,0,0,2,2,0,0,0,0,0,0,2,0,0,0,0,0,0,0,2,0,0,2,0,0,0,0,0,2,0,0,0,0,0,0,0,0,0,0,2,0,0,0,0,0,0,0,0,0,0,0,0,0,0,0,0,0,0,2,0,0,0,0,2,0,2,0,0,0,2,0,0,2,0,0,0,0,2,0,0,2,0,0,0,2,0,0,2,0,0,0,2,0,0,NA,2,0,0,0,0,0,0,0,2,0,0,2,0,0,0,2,0,0,2,0,0,0,0,0,0,0,0,0,0,2,0,0,0,0,0,2,0,2,2,0,0,0,2,0,0,0,0,0,2,0,0,0,0,2,2,0,0,0,0,2,0,0,0,0,0,2,2,0,0,0,0,0,0,0,0,0,0,2,0,0,0,2,0,0,0,0,0,0,2,2,0,0,2,2,2,0,2,2,0,0,0,2,2,0,0,0,2,2,2,2,0,0,0,2,0,0,2,0,0,0,2,0,0,0,0,2,0,2,2,0,0,0,0,0,0,0,0,0,0,2,0,0,0,0,0,0,2,0,2,2,0,0,0,0,2,0,0,2,2,0,2,2,2,0,0,0,0,0,2,0,0,2,0,0,0,0,0,0,0,2,0,2,0,0,0,0,2,0,0,0,0,0,0,0,0,0,2,0,0,0,0,0,0,2,2,0,2,0,0,0,0,0,0,2,2,0,0,0,0,0,0,2,0,0,0,0,2,0,0,0,0,2,0,0,2,0,0,0,0,0,0,2,0,0,0,0,0,0,2,0,0,0,2,0,0,2,0,0,0,0,2,0,2,0,0,0,2,2,0,0,0,0,0,0,0,2,0,2,0,0,0,0,2,0,2,0,0,0,0,2,0,0,0,0,0,0,0,0,0,0,0,0,0,2,0,0,0,2,0,0,2,0,0,0,0,2,0,0,0,0,0,0,0,0,0,2,0,0,0,0,0,0,0,0,0,0,0,0,0,0,2,0,0,0,0,0,2,0,0,2,0,0,0,0,0,2,0,0,0,0,0,0,2,2,2,0,0,0,0,0,0,0,2,2,0,2,2,0,0,0,0,0,0,0,0,0,0,0,0,0,0,0,0,0,0,0,0,0,0,0,0,2,0,0,0,0,0,0,2,2,0,0,2,0,0,0,0,0,0,0,0,0,2,0,2,0,0,0,0,0,0,0,0,2,0,0,0,0,0,0,2,0,0,0,0,0,0,0,2,0,0,0,2,2,0,0,0,0,0,0,0,0,0,0,0,2,0,2,0,0,0,0,0,0,0,0,0,0,0,0,0,0,0,0,0,0,0,0,2,0,0,0,0,0,0,0,2,2,0,0,0,2,0,0,NA,2,0,0,2,0,0,0,2,0,2,0,0,0,2,0,0,0,0,2,0,0,0,0,0,0,0,0,2,0,0,0,0,0,0,0,0,0,0,0,2,0,0,0,0,0,0,0,0,0,2,0,0,2,0,0,0,NA,0,0,0,0,0,0,0,0,0,0,0,0,2,0,0,0,2,0,0,0,0,0,2,2,0,0,0,0,0,0,0,0,0,0,0,0,0,0,2,0,2,0,0,0,0,0,0,0,2,2,0,2,2,2,0,0,0,2,0,0,0,2,0,0,0,0,2,0,0,2,0,0,0,0,2,0,0,0,0,0,0,0,0,0,0,2,0,0,2,0,0,0,0,0,0,0,0,0,2,0,0,2,0,0,2,0,0,0,0,2,0,2,2,0,0,0,0,0,0,0,0,0,0,0,0,0,0,0,0,0,0,2,0,0,0,0,0,0,0,0,0,2,2
"CC89",0,0,0,0,0,0,0,2,0,0,0,2,0,0,2,0,0,0,0,0,2,2,0,0,2,0,0,0,2,0,0,0,2,0,2,0,0,0,0,0,2,0,2,0,0,2,0,0,0,0,0,0,0,0,0,0,2,0,0,0,0,0,2,0,0,2,0,0,0,0,0,0,0,2,0,0,0,0,0,2,0,0,0,0,0,0,0,0,0,0,0,2,0,0,2,0,0,0,0,2,0,0,0,0,2,0,0,0,0,0,0,0,0,0,0,0,0,0,0,2,0,0,0,0,0,0,0,0,0,0,2,0,0,0,0,0,0,0,0,0,0,0,0,0,0,0,0,0,0,0,2,2,0,0,2,0,0,0,2,0,2,0,0,0,0,0,0,0,0,0,0,0,0,0,0,0,0,0,0,0,0,0,0,0,0,0,0,0,0,2,0,NA,0,0,0,0,0,2,NA,0,0,0,2,0,0,0,0,0,0,0,0,0,0,0,0,0,0,0,0,0,2,0,0,0,2,NA,2,2,0,0,0,0,0,0,0,0,0,2,0,0,0,0,0,0,0,0,2,0,0,0,NA,0,0,0,0,0,0,0,0,0,2,0,0,0,2,2,2,0,0,2,2,2,0,2,0,0,0,0,0,2,2,0,0,0,0,0,0,0,0,0,0,2,2,0,0,0,2,0,0,0,0,2,0,2,0,0,0,0,NA,0,0,0,0,0,0,0,0,2,0,0,0,2,0,0,0,0,0,0,0,2,0,2,0,0,0,0,2,0,2,0,0,0,0,0,0,0,0,0,0,0,0,2,0,0,0,0,0,2,0,0,0,0,0,2,0,0,2,0,2,0,0,0,2,0,0,0,0,0,0,0,0,0,0,0,0,0,2,0,0,2,0,0,0,0,0,0,0,0,0,0,0,0,NA,0,0,0,0,0,0,2,0,0,0,0,0,0,0,0,2,0,0,2,0,0,2,2,0,2,0,2,2,0,2,0,0,0,0,0,0,2,0,0,0,0,2,2,2,0,0,0,0,0,0,0,0,0,0,2,0,2,2,NA,2,0,0,0,0,2,2,0,0,0,0,0,0,2,0,0,0,2,2,0,0,0,0,0,2,2,0,2,0,0,0,2,2,2,0,0,0,0,2,0,0,0,0,0,0,0,2,2,0,0,2,0,0,0,2,0,0,0,0,0,0,0,0,0,0,NA,0,0,0,2,0,0,0,2,0,2,0,2,2,2,0,0,0,0,NA,0,0,2,0,0,0,2,2,0,0,0,0,0,0,2,0,0,0,0,2,0,0,0,0,2,0,0,0,0,0,0,0,2,0,0,0,0,0,0,2,0,0,0,0,0,0,0,0,0,2,0,2,2,0,0,0,2,0,0,0,0,2,0,0,0,0,2,0,NA,0,0,0,0,0,0,0,2,2,0,0,0,0,0,0,0,0,0,2,0,0,0,0,0,0,0,2,2,2,0,0,2,0,2,0,0,0,0,0,0,0,0,0,0,0,0,0,0,NA,2,0,0,0,0,0,0,0,0,0,0,NA,0,0,0,2,0,0,2,2,2,0,0,0,0,0,0,0,0,0,2,0,2,NA,2,0,0,0,0,0,0,0,0,2,0,2,0,2,0,0,0,0,0,0,0,0,0,0,2,0,2,0,0,2,0,0,0,2,0,2,0,0,0,0,0,2,0,0,2,0,0,2,0,0,2,0,0,2,0,0,2,0,0,0,0,0,0,0,0,0,0,0,0,2,0,0,0,0,2,0,0,0,2,0,0,0,0,0,2,0,2,0,2,2,0,2,2,0,2,2,2,0,0,2,0,0,0,2,2,0,0,0,2,0,0,0,0,0,0,0,0,0,0,0,0,2,2,0,0,0,2,0,0,0,0,0,0,2,2,0,2,2,0,2,0,2,2,0,2,0,0,0,0,0,2,0,2,2,0,2,0,0,0,0,2,2,0,0,0,0,0,2,2,0,0,0,0,0,2,0,0,0,0,0,0,0,0,0,0,0,0,2,0,0,0,0,0,0,0,0,0,2,0,0,0,0,0,2,0,0,0,0,2,0,0,0,0,0,0,0,2,0,0,0,0,2,0,0,0,0,0,2,2,0,2,0,0,0,0,0,2,0,0,0,0,0,0,0,2,2,0,0,0,2,0,2,2,2,2,0,0,0,0,0,0,0,0,2,0,0,0,0,0,2,0,0,0,0,0,0,0,2,0,2,2,0,0,0,0,0,2,2,0,0,0,0,2,2,0,0,0,0,0,0,0,0,0,0,0,0,0,0,2,0,0,0,0,0,0,0,0,0,2,0,0,0,0,0,0,2,0,2,0,0,0,0,0,0,0,0,0,2,2,2,0,0,0,0,0,0,2,0,0,0,0,0,0,0,0,2,0,2,0,0,0,0,0,0,0,0,0,0,0,0,0,0,0,0,0,0,0,2,2,0,0,0,0,0,0,0,2,0,0,0,0,0,0,0,0,0,0,0,0,0,0,0,0,0,0,2,0,0,0,0,0,0,0,0,0,0,0,0,2,0,0,2,0,0,0,0,0,0,2,0,0,0,0,0,0,0,0,0,0,0,0,0,0,0,2,0,0,0,0,0,0,0,0,0,0,0,0,0,0,0,0,0,0,0,0,2,0,0,0,0,0,2,0,0,0,2,0,0,0,2,0,2,2,0,0,0,0,0,0,0,0,0,0,0,0,0,2,0,2,2,0,0,0,0,2,0,2,0,0,2,0,0,0,0,0,0,0,0,0,0,0,0,0,2,0,0,0,0,0,0,0,0,2,2,0,0,0,2,0,0,0,0,0,0,0,0,0,2,0,0,2,0,0,0,0,0,0,0,0,0,0,0,0,0,0,0,0,0,2,0,0,0,0,0,0,2,0,0,2,0,0,2,2,2,0,0,0,0,0,0,0,0,0,0,0,0,0,0,0,0,0,0,0,0,0,2,2,0,0,0,0,0,0,0,0,0,0,0,2,0,0,0,0,2,2,0,0,0,0,0,0,0,2,0,0,0,2,0,0,0,2,2,0,0,2,0,0,2,0,0,0,2,0,2,0,0,0,0,0,0,0,0,0,0,0,0,0,0,0,0,2,2,2,0,0,2,0,0,0,NA,0,0,0,0,2,2,0,0,0,2,2,0,0,0,2,0,0,0,0,2,0,NA,2,0,2,2,2,2,0,0,2,0,0,0,0,0,0,0,NA,0,0,2,0,2,2,2,0,2,0,0,2,2,0,0,0,2,2,0,0,0,0,0,2,2,0,0,0,0,0,2,0,0,0,0,0,0,0,0,0,0,2,0,0,0,0,0,0,0,0,0,0,0,0,0,0,0,0,0,2,0,2,0,0,0,0,0,0,0,2,0,0,2,0,0,0,0,0,0,0,2,0,2,2,0,0,0,0,0,0,2,0,0,0,0,0,0,0,2,2,0,0,0,2,0,0,2,0,0,2,2,2,0,2,0,0,0,0,2,0,0,2,0,0,0,2,0,2,0,0,0,0,0,0,NA,0,2,0,0,0,0,2,0,0,0,0,2,0,0,2,0,0,0,2,2,2,0,2,2,2,0,0,0,2,0,2,0,0,0,0,0,2,0,0,0,0,2,2,0,0,0,0,2,0,0,0,0,0,2,2,0,0,0,0,0,0,2,0,0,0,0,0,0,2,2,0,0,0,0,0,0,0,0,2,0,0,0,0,0,0,0,0,0,0,0,0,0,0,0,0,0,0,0,2,0,2,0,0,0,0,0,0,2,0,0,2,0,0,2,2,0,0,0,0,0,2,0,0,0,0,0,0,0,0,0,0,0,2,0,0,0,2,2,0,2,0,0,0,0,0,0,0,0,0,2,0,0,2,0,0,0,0,0,0,0,2,2,0,0,0,0,0,0,2,0,0,2,0,0,0,0,2,0,0,0,0,2,0,0,0,0,0,0,0,2,0,2,0,0,2,2,0,0,0,0,0,0,0,2,0,0,0,0,2,0,0,0,0,0,0,0,0,0,0,0,0,0,0,0,0,0,0,0,0,0,0,0,0,0,0,2,0,0,2,0,0,0,0,0,2,2,2,0,0,0,2,0,2,0,0,0,0,0,0,0,0,0,0,0,0,2,0,0,2,2,0,0,0,0,0,0,0,0,0,0,2,0,2,0,2,0,0,0,0,2,2,0,2,0,0,0,0,0,2,0,0,0,0,2,0,0,0,0,0,2,0,2,0,2,0,0,2,2,2,0,0,0,0,0,0,0,0,0,2,2,0,0,0,0,0,0,0,0,0,0,0,0,2,0,2,2,0,0,0,0,NA,0,0,0,0,0,2,0,2,2,0,0,0,0,0,0,0,0,0,0,0,0,0,2,0,0,0,0,0,0,0,0,0,0,0,0,0,0,0,0,0,0,0,0,0,0,2,0,0,2,0,0,0,0,0,0,2,0,0,0,0,2,2,0,2,2,2,0,0,0,0,0,2,0,2,0,0,2,2,0,0,2,0,0,0,2,0,0,2,0,0,0,0,0,2,0,2,0,0,0,0,0,0,0,0,0,0,0,0,0,2,0,2,2,0,0,0,0,0,0,0,2,0,0,0,0,0,0,2,0,0,0,0,0,0,2,2,0,0,0,0,2,0,0,2,0,0,0,0,0,0,0,0,0,0,2,0,0,2,2,0,2,0,0,0,0,0,0,0,0,0,2,0,2,2,0,0,2,0,2,2,2,2,0,2,0,0,0,0,0,0,0,0,0,0,0,0,0,0,0,0,0,0,0,0,0,2,0,0,0,0,2,2,2,0,0,0,0,0,0,2,0,0,0,0,0,0,0,0,0,0,0,0,0,0,0,0,0,0,0,0,0,0,0,0,0,0,0,0,0,0,0,0,0,0,0,0,2,0,0,0,0,0,0,0,0,0,0,2,0,2,2,NA,0,NA,0,0,0,0,0,0,0,0,0,0,2,2,0,0,0,0,0,0,0,0,2,0,0,0,0,0,0,2,2,2,0,2,0,2,2,0,0,0,0,0,0,0,0,0,0,2,0,0,0,0,2,2,0,2,0,0,0,0,0,0,0,0,0,2,2,0,0,0,0,0,0,0,0,0,0,0,0,2,0,0,0,0,0,2,0,0,2,2,2,0,0,0,0,2,0,0,2,0,2,0,0,0,0,0,0,0,0,0,0,0,0,0,0,2,0,0,0,0,0,0,0,0,0,0,2,0,0,0,0,0,0,0,0,0,0,0,2,0,0,0,0,2,0,0,0,2,0,0,0,2,0,0,0,0,0,0,0,0,0,2,0,0,0,0,2,0,0,2,2,2,0,0,0,0,0,0,0,2,2,2,0,0,0,0,0,0,0,2,0,0,0,0,0,0,0,0,0,0,0,0,0,2,0,0,0,2,2,2,0,0,0,0,0,0,0,0,0,0,2,0,2,0,2,2,0,0,0,0,0,0,0,0,0,0,0,0,0,0,0,0,0,0,2,0,0,2,0,2,0,0,0,0,0,0,0,0,0,0,0,0,0,0,0,0,0,2,0,2,0,0,0,0,0,0,0,0,0,0,0,0,2,0,0,0,0,0,0,0,0,0,0,0,2,0,0,0,0,0,0,0,0,0,0,0,0,0,0,0,2,0,2,2,0,0,0,0,0,0,0,0,2,0,0,0,0,0,0,0,0,0,0,0,0,0,0,0,0,0,0,0,0,0,2,0,0,0,0,0,0,0,0,0,0,0,0,0,0,0,0,0,0,0,0,0,0,0,0,0,0,0,2,0,0,0,0,0,0,0,0,2,2,0,0,0,0,0,0,0,2,0,2,0,0,0,0,2,0,0,0,0,0,2,0,2,0,0,2,0,2,0,2,0,2,0,0,0,0,2,0,0,0,0,0,0,0,2,0,0,0,2,0,0,0,0,0,0,0,0,0,0,0,0,0,0,0,2,0,0,0,0,0,2,0,0,0,0,0,0,0,0,0,0,0,0,0,0,0,0,0,2,0,0,0,0,0,0,0,0,0,0,0,0,2,0,0,2,0,0,0,2,0,0,0,0,0,2,0,0,0,0,0,0,0,0,0,2,0,2,2,0,0,0,0,0,0,0,0,0,0,0,2,0,0,0,0,2,0,0,0,0,0,0,2,0,0,0,2,0,0,0,0,0,0,0,0,0,0,0,0,0,0,0,0,0,0,0,0,0,0,0,0,0,2,0,0,2,0,2,2,2,0,2,0,2,2,2,0,0,0,0,NA,0,0,2,0,0,2,0,0,0,NA,2,2,0,0,0,0,0,0,0,0,0,0,0,2,0,0,0,0,0,0,2,2,0,0,2,2,0,2,0,2,0,0,2,2,2,0,2,0,0,0,0,2,2,2,0,0,0,0,0,0,0,0,0,0,0,2,2,0,0,0,0,0,0,0,2,0,2,0,0,0,0,0,0,0,0,0,0,0,0,0,0,0,0,0,0,0,2,2,0,0,2,0,0,2,0,0,0,0,0,2,0,0,2,0,2,2,0,2,0,0,0,0,2,0,0,0,0,0,0,2,2,2,0,2,0,2,2,0,0,2,0,2,2,0,0,0,0,NA,0,2,0,0,0,2,0,2,0,0,0,2,0,0,0,2,2,0,2,0,0,2,0,0,0,0,0,0,0,0,0,0,0,0,0,0,0,0,0,0,0,2,0,0,2,0,2,0,0,0,0,0,2,0,0,0,0,0,2,0,0,0,0,2,0,0,2,2,0,0,0,0,0,0,0,0,0,0,0,0,0,0,0,0,2,0,0,0,0,0,0,0,0,2,2,2,0,0,2,2,0,0,0,0,0,0,0,0,2,2,0,2,2,0,2,0,0,0,0,2,0,2,0,0,0,0,0,0,0,0,0,0,0,0,0,0,0,2,2,2,0,0,0,0,0,2,0,0,0,0,0,0,2,0,0,0,0,0,2,2,0,0,0,2,0,0,0,0,2,0,0,0,2,0,0,0,0,0,0,0,0,0,0,0,0,0,0,0,0,2,0,0,0,0,0,2,0,2,0,0,0,0,0,2,0,2,0,0,0,0,0,0,0,0,0,0,0,0,0,0,0,0,2,0,2,0,0,2,2,0,0,0,0,0,2,0,0,0,0,0,2,2,0,0,0,2,0,2,2,2,0,0,0,0,0,0,0,2,0,0,0,0,0,2,0,0,0,0,2,0,0,0,0,0,0,0,0,0,0,0,0,0,0,0,0,0,0,0,0,0,2,0,0,0,0,0,0,2,0,0,0,0,0,0,0,0,0,0,0,2,0,2,0,0,2,0,0,0,0,0,0,0,0,0,0,0,0,0,0,0,0,0,0,0,0,0,0,0,0,0,0,0,0,0,0,0,0,2,0,0,0,0,2,0,0,0,0,0,0,0,0,0,0,2,0,0,0,2,0,0,0,0,2,0,0,0,2,0,0,0,0,0,0,0,0,0,0,0,0,0,0,0,0,2,0,2,0,2,0,0,0,0,0,0,2,0,2,0,2,0,2,0,0,2,0,0,0,0,2,2,2,0,0,0,0,2,2,0,0,2,2,0,0,0,0,0,0,0,0,2,0,0,0,0,0,0,0,2,0,0,0,0,0,0,0,0,0,0,0,0,0,2,0,0,0,0,0,0,2,0,2,0,0,0,0,0,0,0,0,0,2,0,0,0,0,2,2,0,0,0,0,0,2,0,0,2,2,0,2,2,0,NA,0,0,0,0,0,0,2,0,2,0,0,0,0,0,0,0,0,0,0,0,0,0,0,0,0,2,0,0,0,2,0,0,2,2,0,2,0,0,2,0,0,0,2,0,0,0,2,0,0,0,0,0,0,0,2,2,0,0,0,2,0,0,0,0,0,0,0,0,0,0,0,0,0,0,0,0,0,0,0,0,0,0,0,0,0,0,0,0,0,0,2,0,0,0,0,0,0,0,0,0,0,0,0,0,0,0,0,2,0,0,2,0,0,2,0,0,0,0,2,0,0,2,0,0,0,2,0,0,2,0,2,2,0,0,0,0,0,2,0,0,0,0,0,0,2,0,2,0,0,0,0,0,0,2,2,0,0,0,0,0,0,0,0,0,0,0,0,0,0,0,0,0,0,0,0,0,0,0,0,0,0,0,0,2,0,0,0,0,0,0,0,0,0,2,0,0,2,0,0,0,0,0,0,2,0,2,0,2,2,0,2,0,2,0,0,0,0,2,0,0,0,0,0,0,0,0,0,2,2,0,0,0,0,0,0,2,2,0,0,0,2,0,0,0,2,2,0,2,2,0,0,0,0,0,0,0,0,0,0,2,0,0,2,0,0,0,0,0,0,2,0,0,0,0,0,0,0,0,0,0,0,0,0,0,0,0,0,0,0,0,0,0,0,0,0,0,0,2,0,0,0,0,0,0,0,0,0,0,0,0,0,0,0,0,0,0,2,0,0,0,0,0,0,0,0,2,0,2,0,2,0,0,0,0,0,0,0,0,0,0,0,0,0,0,0,0,0,0,0,0,0,0,0,0,0,2,0,2,2,0,0,0,0,0,0,0,0,0,0,0,0,0,2,0,0,0,2,0,0,0,0,0,0,0,0,0,2,0,0,0,0,0,2,0,0,2,0,0,0,0,0,0,0,2,0,0,2,0,0,2,2,2,2,0,0,2,0,0,0,0,0,0,0,0,0,0,0,0,0,0,0,0,0,0,0,0,0,0,2,0,0,2,0,0,0,0,0,0,2,0,0,0,0,0,0,0,0,2,0,2,2,0,0,2,0,0,0,2,0,0,2,0,0,2,0,0,0,2,0,0,2,0,0,2,2,2,0,2,0,0,2,0,0,0,0,0,0,0,0,2,0,0,2,0,0,0,0,0,0,2,0,2,0,0,2,0,0,2,2,2,2,0,0,0,0,0,0,0,0,0,0,2,0,0,2,0,0,0,0,0,0,0,0,0,0,0,0,0,0,0,0,2,0,0,0,0,0,0,0,0,0,0,0,2,2,0,0,0,2,0,0,2,0,0,2,2,2,0,2,0,0,0,0,0,0,2,0,0,0,0,2,0,0,0,2,0,0,0,0,0,0,0,0,0,0,0,2,0,0,0,0,0,2,0,0,0,0,0,0,0,0,0,0,0,0,0,2,0,0,0,0,0,0,2,0,0,0,0,0,0,0,0,2,2,0,0,0,0,0,0,0,0,0,0,2,0,2,0,0,0,0,0,2,2,2,2,0,0,0,0,0,2,2,0,0,0,0,2,0,0,0,0,0,0,0,0,0,2,0,0,0,0,0,0,0,2,0,0,2,0,2,0,0,0,0,0,0,0,0,0,0,2,0,2,NA,2,0,0,0,2,0,0,0,0,0,0,0,0,0,0,0,0,0,0,0,0,0,0,0,0,0,0,0,0,0,0,0,0,0,NA,0,0,0,0,0,0,0,0,0,0,0,0,0,0,0,0,0,0,0,NA,0,2,0,0,0,0,0,0,0,2,0,0,0,0,2,0,0,0,2,0,0,0,0,0,0,0,0,0,0,0,0,0,0,0,0,2,0,2,2,2,0,0,0,2,0,0,0,0,0,2,0,0,2,2,0,0,0,0,0,2,2,0,0,0,0,0,0,0,0,2,0,0,0,0,0,0,0,0,0,0,0,0,0,2,0,0,0,2,0,0,0,0,0,0,0,2,2,0,0,0,2,0,0,0,0,2,0,0,0,0,0,0,0,0,0,0,2,0,0,0,0,0,0,0,0,0,0,0,0,0,0,0,0,0,0,0,0,0,0,0,2,0,0,0,2,0,0,0,0,2,0,0,2,0,2,0,0,0,0,0,0,0,0,0,0,0,0,0,0,0,0,0,0,2,0,0,2,0,2,2,0,0,0,NA,0,0,0,0,0,2,0,0,2,0,0,0,2,0,2,2,0,0,0,0,2,2,0,0,0,0,0,0,0,0,0,0,2,0,0,0,0,0,0,0,0,0,0,0,0,0,0,0,0,0,0,0,0,0,0,0,0,0,0,0,0,0,0,0,0,0,0,0,NA,0,0,0,0,2,0,2,0,0,2,0,0,2,0,0,0,0,0,0,0,0,2,2,0,0,0,0,2,0,0,2,0,0,2,0,2,0,0,2,0,2,0,0,2,0,2,0,2,0,0,0,0,0,0,0,0,0,2,0,0,0,2,0,0,0,0,0,0,2,0,0,NA,0,0,0,0,0,0,2,0,2,0,0,0,0,2,0,0,2,0,2,0,2,NA,0,0,0,0,0,0,2,0,2,0,0,0,2,0,0,0,0,0,2,0,2,0,0,0,0,0,0,0,2,0,0,2,0,0,0,0,0,0,0,0,0,0,0,0,0,2,0,0,0,0,0,2,2,0,0,0,2,0,2,2,2,2,0,0,0,0,0,0,0,0,2,2,2,0,2,2,2,0,0,0,0,2,0,0,0,0,0,0,0,2,0,0,2,0,0,0,0,0,0,0,0,0,2,0,0,0,0,0,0,0,0,0,0,2,0,2,2,0,0,0,0,2,0,2,0,0,0,0,0,0,0,0,2,0,0,0,0,0,0,0,0,2,0,0,2,2,0,0,0,2,2,0,0,0,2,0,0,2,2,2,0,2,0,0,2,0,0,2,2,0,2,0,0,0,0,0,0,0,0,0,0,0,2,0,0,0,2,0,0,0,0,0,0,0,2,0,0,2,0,0,2,2,0,2,0,2,0,0,0,NA,0,0,0,2,2,0,0,0,0,0,0,0,2,0,0,0,2,0,0,0,0,2,2,0,0,0,0,0,0,2,2,0,0,2,0,0,0,0,0,0,0,0,0,2,0,0,0,0,0,0,0,0,0,0,0,0,0,0,0,0,0,0,0,0,2,0,0,2,0,0,0,0,2,0,0,0,0,0,0,0,2,0,0,0,0,0,0,0,0,0,0,0,0,2,2,0,0,2,0,2,0,0,0,0,0,0,0,0,0,0,0,0,0,0,0,0,0,0,0,0,0,0,2,2,0,0,0,2,0,0,0,0,0,0,0,0,0,2,0,0,0,0,0,0,0,0,0,0,2,2,0,0,0,0,2,0,0,0,0,0,2,0,0,2,0,2,0,2,0,0,0,0,0,0,0,0,2,0,0,0,0,0,0,2,2,0,2,0,0,0,0,0,0,0,0,2,0,0,0,0,0,0,0,0,0,2,0,2,2,0,0,0,0,0,0,0,0,0,2,0,2,0,0,0,2,0,0,2,0,0,0,0,2,0,0,0,0,0,0,2,2,0,0,0,0,0,0,2,2,0,0,0,2,0,0,2,0,0,0,2,0,0,0,2,0,0,0,0,0,0,0,0,0,NA,0,0,0,2,0,0,0,0,0,0,2,0,0,0,0,0,0,0,2,0,0,0,0,2,2,0,0,0,0,0,0,0,0,0,2,0,0,2,0,0,0,2,0,0,2,0,0,0,0,0,0,0,2,0,0,0,0,0,2,0,0,0,2,2,2,0,0,0,0,0,0,0,0,0,0,0,2,0,0,0,0,0,0,0,0,2,0,0,0,0,2,2,2,0,2,0,0,2,0,0,2,2,2,2,0,0,0,0,0,0,0,2,0,0,2,0,2,2,0,0,0,0,0,0,0,0,0,2,0,2,0,0,0,0,0,2,0,0,0,0,0,0,0,2,0,0,0,0,0,2,2,0,0,0,0,0,2,0,2,0,0,0,0,2,0,0,2,0,2,0,0,2,2,0,2,0,2,0,0,0,0,0,0,0,0
"CC9",0,2,0,0,2,0,0,0,0,0,0,0,2,0,0,2,0,0,0,0,2,0,0,2,0,0,0,0,0,0,0,2,0,0,0,2,0,2,0,2,0,0,0,0,0,0,2,2,0,0,0,0,0,0,0,0,2,0,0,0,2,2,0,0,2,0,0,0,0,0,0,0,0,0,0,0,0,2,0,0,2,0,0,0,0,0,2,0,2,0,2,0,0,0,0,0,0,0,0,0,0,0,0,0,0,0,0,0,0,0,0,2,0,0,0,0,0,0,0,0,0,0,0,0,0,0,2,0,0,0,2,0,0,0,0,0,2,0,0,2,0,0,2,2,0,0,0,0,0,2,2,0,0,0,0,0,0,0,0,0,0,0,0,0,0,0,0,2,2,2,0,0,2,0,0,0,0,0,0,2,0,0,0,0,0,0,2,0,0,0,0,NA,NA,0,0,0,0,0,0,0,0,0,0,0,0,0,0,0,0,0,0,0,0,0,0,0,0,0,0,0,2,0,0,0,2,NA,2,0,0,0,2,0,0,2,0,0,2,0,0,0,0,0,0,0,0,2,2,0,2,0,0,0,0,0,0,0,0,0,0,0,0,0,0,2,0,2,2,0,0,2,0,0,0,0,0,0,2,2,2,2,0,0,0,0,0,0,0,0,0,2,2,0,0,2,0,0,0,0,0,0,2,0,0,2,0,0,0,0,NA,0,0,0,0,0,0,0,0,0,2,0,0,0,2,0,0,0,0,0,0,0,0,2,0,0,0,2,0,0,0,0,0,2,0,0,0,0,0,0,0,0,0,2,0,0,0,0,0,0,0,0,0,2,0,0,0,0,0,0,2,0,0,0,0,0,0,0,0,0,0,0,0,0,0,0,0,0,0,0,2,0,0,0,0,2,2,2,2,0,2,0,0,2,NA,2,0,2,0,0,0,2,0,0,0,0,2,0,2,0,2,2,0,2,0,0,0,0,0,0,NA,0,0,0,0,0,0,0,0,0,0,0,0,0,0,0,0,0,0,2,0,2,0,0,0,2,2,2,0,2,0,0,0,0,0,0,0,0,0,0,0,0,0,0,2,0,0,2,0,0,0,2,0,0,0,0,0,0,2,0,0,0,2,NA,0,2,0,0,2,0,0,0,0,0,0,0,0,0,0,0,2,0,0,0,2,0,0,0,0,0,0,2,2,2,0,0,2,2,0,2,0,0,2,0,0,0,0,2,0,2,0,2,0,0,0,0,0,0,NA,2,0,2,0,0,0,2,2,0,0,2,2,2,0,2,0,0,2,0,2,2,0,0,0,2,0,0,2,2,2,0,2,2,2,0,0,2,2,2,0,0,0,0,2,0,0,0,2,0,2,0,2,2,0,0,0,0,0,0,0,0,2,0,0,0,0,0,0,0,2,0,0,0,0,0,0,0,0,0,0,0,0,0,0,0,0,0,2,0,0,0,0,0,0,0,0,0,2,0,0,0,0,0,0,0,0,0,0,0,0,0,0,0,2,0,0,0,0,0,0,0,0,2,0,0,2,0,0,0,NA,0,0,0,2,0,0,2,2,2,0,0,0,0,0,0,0,0,0,2,0,2,2,0,0,0,0,NA,0,0,2,0,2,0,2,0,2,0,0,0,0,0,0,0,0,0,0,2,0,0,2,0,0,0,0,0,2,0,0,0,0,0,0,0,2,0,0,0,0,0,0,2,0,2,0,0,0,2,0,2,0,0,0,0,0,0,0,2,2,2,0,0,0,0,0,0,0,0,0,0,0,2,0,0,0,0,0,0,2,2,0,0,0,0,0,0,0,0,0,0,0,0,0,0,0,0,2,0,0,0,0,2,0,0,0,0,0,0,0,0,0,0,0,0,0,2,0,2,0,0,2,0,0,2,2,0,0,0,0,0,2,0,0,2,2,2,0,0,0,0,0,0,0,2,2,0,2,0,2,0,0,2,0,0,2,0,0,0,0,0,0,0,0,0,0,0,0,2,2,0,0,0,0,0,0,0,0,0,0,2,0,0,0,0,0,0,0,0,0,2,2,0,0,0,0,0,2,0,0,2,0,2,0,0,0,0,0,0,0,2,0,0,0,0,2,0,0,0,0,2,0,0,0,0,2,0,0,0,0,0,0,0,0,0,0,0,0,0,0,0,0,0,2,0,2,2,2,0,0,0,2,0,2,0,0,0,0,0,0,0,0,0,0,2,0,0,0,0,0,0,0,0,2,2,0,0,0,0,2,0,2,0,2,0,0,0,0,0,0,0,0,0,0,0,0,0,0,0,0,0,0,2,2,0,0,0,0,0,2,2,0,0,0,0,0,2,0,0,2,0,0,0,0,2,2,0,0,0,0,0,2,0,0,0,0,0,0,0,0,0,0,0,0,0,0,0,0,0,2,0,2,0,0,0,0,0,0,0,0,0,0,0,0,0,0,2,0,2,0,0,2,2,0,0,0,0,0,0,0,2,2,0,0,0,0,0,0,2,0,0,0,0,0,0,0,0,0,0,0,2,0,2,0,0,0,0,0,0,2,0,0,2,0,2,2,0,0,0,0,0,0,0,0,0,0,0,2,0,0,0,0,2,2,2,0,0,0,0,0,0,0,2,0,0,0,0,0,0,0,0,0,0,0,0,0,0,0,0,0,2,0,0,2,2,2,2,0,0,0,2,0,0,0,0,0,2,0,0,0,2,2,0,0,0,0,2,0,0,0,0,2,0,2,0,2,2,0,0,0,0,0,0,0,2,0,0,0,0,0,2,0,0,0,2,2,2,2,0,2,0,2,2,0,2,0,2,0,0,0,0,2,0,0,0,0,0,0,0,0,0,0,0,2,0,2,0,0,0,0,0,2,0,0,2,0,0,0,0,2,0,2,2,0,NA,0,0,2,2,0,0,0,0,2,2,2,2,0,0,0,2,NA,0,0,0,0,0,2,0,2,0,0,0,2,0,0,0,2,0,0,0,2,0,0,0,2,0,0,0,0,0,0,2,2,0,0,0,0,0,0,2,0,0,0,0,0,2,0,0,0,0,0,0,0,0,0,2,0,2,2,0,0,2,0,0,0,0,2,0,0,2,2,0,0,0,0,0,2,2,0,0,2,0,0,2,2,0,0,2,2,0,0,0,2,0,0,2,0,2,2,0,0,0,0,2,0,0,0,2,0,0,2,0,0,0,2,0,0,2,0,0,0,0,2,2,0,0,0,NA,0,0,0,2,2,0,0,0,0,0,0,0,0,0,0,0,2,0,2,0,0,0,0,0,0,0,0,0,0,0,0,0,0,0,0,0,0,0,0,2,2,0,0,2,0,2,0,0,0,0,0,0,0,0,0,0,0,0,0,0,0,0,0,0,0,0,0,0,0,2,0,0,0,2,0,0,0,2,0,0,0,0,2,0,NA,0,0,0,0,0,0,0,2,0,0,0,0,0,0,0,0,0,0,2,0,0,0,0,2,0,0,2,0,0,0,0,0,0,0,0,0,0,0,0,0,0,0,0,0,0,0,2,0,2,0,0,0,2,0,0,0,0,0,0,0,0,0,0,0,2,2,0,0,0,0,0,0,0,2,0,0,0,0,0,0,0,0,0,0,0,2,0,0,0,0,2,0,0,0,0,0,0,2,0,0,0,2,0,0,0,0,0,0,0,0,2,0,0,0,0,0,0,0,0,2,0,0,2,0,0,2,2,0,0,0,2,0,2,0,0,0,0,0,2,0,0,0,0,0,0,0,0,0,2,0,0,0,0,2,0,0,0,0,0,0,0,0,2,0,0,0,0,0,0,0,0,0,0,0,0,0,0,2,0,0,0,0,0,0,0,0,0,2,0,0,2,2,0,2,2,NA,2,0,0,0,0,2,0,0,0,0,2,0,0,0,2,2,0,0,0,2,0,2,0,0,0,0,0,0,0,0,0,0,0,2,0,2,0,0,0,0,2,2,0,0,0,2,0,0,0,0,2,2,0,0,0,0,0,2,0,0,0,0,0,0,0,0,0,0,0,0,0,0,0,0,0,0,0,0,0,0,0,0,0,0,0,0,0,0,0,0,0,0,0,2,0,0,0,0,0,0,0,0,0,0,0,0,0,0,0,0,0,0,0,0,0,0,0,0,0,0,0,0,0,0,0,0,0,0,0,0,0,0,0,0,0,0,0,0,0,0,0,0,0,2,0,0,2,0,0,0,0,2,0,0,0,0,0,NA,2,0,0,0,2,2,2,0,0,0,2,0,0,0,0,0,0,0,0,0,0,0,0,2,2,0,0,2,0,0,0,0,0,0,0,0,0,0,0,0,0,2,0,0,0,0,0,0,0,2,0,0,0,2,0,2,2,2,0,2,0,0,0,0,2,0,0,2,2,2,0,0,0,2,0,0,0,0,2,2,2,0,0,0,0,0,0,0,0,2,0,0,0,2,0,0,2,0,2,0,0,2,0,0,2,0,0,0,0,0,0,0,0,0,0,0,0,0,0,0,0,0,0,0,2,0,0,0,0,0,0,2,2,0,0,0,0,0,0,0,0,0,0,0,0,0,0,0,0,0,0,0,2,0,0,2,0,0,0,0,2,0,0,0,0,0,0,0,0,0,0,0,0,0,0,0,0,0,0,0,0,2,0,0,0,0,0,0,2,0,0,0,0,0,2,0,0,0,0,0,0,0,0,2,0,0,0,0,2,2,0,0,0,0,2,0,2,0,0,0,0,0,0,2,2,0,0,0,0,2,2,0,2,2,0,0,0,2,0,0,0,0,0,0,0,0,2,0,0,0,0,2,0,2,0,0,0,0,0,0,0,2,0,2,0,0,0,2,0,0,2,0,0,0,0,0,0,0,0,2,2,0,0,2,0,2,0,0,0,0,0,2,0,0,0,0,0,0,0,0,0,0,0,2,0,0,0,0,0,0,0,0,2,0,0,0,0,0,2,0,0,2,2,0,0,0,0,0,0,0,0,0,0,0,0,0,2,0,0,0,0,0,0,0,0,2,0,0,0,0,0,0,0,2,0,0,2,0,0,2,2,0,0,0,0,0,0,0,0,0,2,0,2,0,0,0,0,0,0,0,0,0,0,0,0,0,0,0,0,2,0,2,0,0,0,0,0,0,0,0,0,0,2,0,0,2,0,2,0,0,0,0,0,2,0,0,0,0,0,0,0,2,0,0,0,0,0,2,0,0,0,0,0,0,0,0,0,0,0,0,0,0,0,0,0,0,0,2,0,0,0,2,0,0,0,0,2,0,0,0,2,0,0,0,0,0,2,0,0,0,2,0,0,0,0,2,0,0,0,0,0,0,0,0,2,0,0,0,2,0,0,0,0,2,2,0,0,0,0,0,2,2,0,0,2,0,0,0,0,2,0,0,2,0,0,0,2,0,2,0,0,0,0,0,0,0,2,0,0,0,0,2,2,0,0,0,2,2,0,0,0,0,0,0,2,0,0,0,2,0,0,NA,NA,0,0,0,0,0,0,0,0,0,0,0,0,0,0,0,0,0,2,0,0,0,0,0,0,0,0,0,2,2,0,0,2,2,0,2,0,0,0,0,0,0,0,2,2,0,0,0,0,0,0,0,0,0,0,0,0,0,0,0,2,0,0,0,0,2,2,0,0,0,2,0,0,0,0,0,0,0,0,0,2,0,0,0,2,0,0,0,0,0,0,0,0,0,0,2,0,0,0,2,2,0,0,0,2,2,0,0,0,0,0,0,0,0,0,0,0,0,2,0,0,0,0,0,0,0,2,0,2,0,2,2,0,0,0,0,0,0,0,0,0,0,0,0,0,0,0,0,0,0,0,2,0,0,0,0,0,2,0,0,0,0,0,2,0,0,0,2,0,0,0,2,0,0,0,0,2,0,0,0,2,0,0,0,0,0,0,0,0,0,0,2,0,0,0,0,2,2,0,NA,2,2,2,2,0,0,0,0,0,0,0,2,0,0,2,0,2,0,0,0,2,0,0,0,0,0,0,0,0,2,0,2,0,0,0,0,0,0,0,0,0,2,0,0,2,0,2,0,0,0,0,0,0,0,0,0,0,0,0,0,0,2,2,0,0,2,0,0,2,0,0,0,0,0,0,0,0,0,0,0,2,0,2,0,0,0,0,0,0,2,2,0,0,0,0,2,0,0,0,0,2,0,0,0,0,0,0,0,2,0,0,0,0,0,0,0,2,0,0,0,2,0,0,0,0,2,0,2,0,2,0,2,0,0,0,2,0,0,2,0,2,2,0,0,2,0,2,2,2,0,0,0,0,0,0,0,0,0,0,2,0,0,0,0,2,2,0,0,0,0,2,2,0,0,0,0,0,0,0,2,0,0,0,0,0,2,2,0,2,2,0,2,2,2,0,0,2,2,2,0,2,0,2,0,0,2,0,0,0,0,2,0,0,0,0,0,0,0,0,2,2,0,0,0,0,0,0,0,2,0,0,0,0,2,0,0,0,0,0,0,2,0,0,0,0,0,0,0,0,0,2,0,2,0,2,2,2,2,0,2,0,0,0,0,0,0,2,2,2,0,0,0,2,0,0,2,2,0,0,0,2,0,0,0,0,0,0,0,0,0,0,0,0,0,0,0,0,0,2,0,0,0,0,0,0,0,0,0,0,2,2,0,0,0,0,0,0,0,0,0,0,0,0,0,0,0,0,0,0,2,0,2,0,2,0,0,0,0,2,0,2,0,0,0,0,0,0,0,0,0,0,0,0,2,2,0,0,2,0,0,0,2,0,0,0,0,0,0,0,0,0,0,0,0,0,0,0,0,0,0,0,0,0,0,0,0,0,0,0,0,0,0,0,2,0,0,0,0,0,0,2,0,2,0,0,0,NA,2,0,2,0,2,0,0,0,0,0,0,0,0,2,0,0,2,0,0,0,0,0,0,0,0,0,0,0,0,0,0,0,0,0,0,0,0,2,0,2,2,2,0,0,0,0,0,0,0,2,0,0,0,0,2,0,0,0,0,0,0,0,0,0,0,0,0,0,0,0,0,0,0,0,0,0,0,0,2,0,2,2,0,0,0,0,0,0,0,0,0,2,0,0,0,0,0,0,0,2,0,0,0,0,0,0,0,0,0,0,0,0,0,0,0,0,0,2,0,0,0,0,0,0,0,0,0,0,2,0,0,0,2,0,0,0,2,0,0,0,0,0,0,0,0,0,0,0,0,0,0,0,2,0,0,0,0,0,0,0,0,0,0,0,0,2,0,0,0,2,0,0,0,2,0,0,2,2,2,0,0,0,0,2,0,0,2,0,0,2,0,0,2,0,0,0,0,0,0,2,0,0,0,0,0,0,0,2,2,0,0,0,0,0,0,0,0,0,0,0,0,0,0,0,0,0,0,0,0,0,0,2,0,0,0,0,0,0,0,0,0,0,0,0,0,0,0,0,0,0,0,2,0,0,0,0,0,0,0,0,0,0,0,0,0,2,0,0,0,0,0,2,2,0,0,0,0,0,0,2,0,0,0,0,0,0,0,0,0,0,0,2,2,0,0,0,0,0,2,2,0,2,0,2,0,0,0,0,0,0,0,0,0,0,0,0,0,0,2,0,2,0,0,0,0,2,0,0,0,2,0,0,0,0,2,2,2,0,0,0,2,2,2,2,0,0,0,0,2,0,0,0,0,0,0,0,2,0,0,0,0,0,0,2,0,2,0,0,0,0,0,2,0,0,0,2,2,0,2,2,0,0,0,0,0,0,0,0,0,2,2,0,0,0,2,0,2,2,0,0,0,0,0,2,0,0,2,0,0,0,0,0,0,0,0,0,0,2,2,2,0,0,0,2,0,0,2,0,0,0,0,2,0,2,0,0,0,0,0,2,0,0,0,2,2,0,0,0,2,2,0,0,0,0,0,0,0,0,0,0,0,0,0,0,2,0,2,0,2,0,2,0,0,0,2,0,0,0,0,0,0,0,0,0,0,0,0,0,0,0,0,0,0,0,0,0,NA,2,2,0,0,0,0,0,0,2,0,0,0,0,0,0,0,0,0,2,2,0,0,0,0,0,0,2,2,2,0,2,2,0,0,0,0,0,2,0,0,2,0,0,2,2,0,2,2,0,2,0,0,2,2,0,2,0,0,0,2,2,2,2,0,2,2,0,0,0,0,0,0,2,0,0,2,0,2,0,0,0,0,0,2,0,0,0,0,0,0,0,2,0,2,0,0,2,0,0,0,0,0,0,2,0,2,0,2,0,0,2,2,0,0,0,0,0,2,0,0,0,0,0,0,0,0,0,0,2,0,0,0,0,0,0,2,0,0,2,0,2,0,0,0,2,2,0,2,2,0,0,0,2,0,0,0,0,0,0,2,0,0,0,0,0,0,0,0,0,0,0,0,0,0,2,0,0,0,0,0,0,0,0,0,0,0,0,2,0,0,0,0,0,0,0,0,0,0,2,0,0,0,0,0,0,0,0,0,0,0,2,0,0,0,0,0,2,0,0,0,0,0,0,0,0,2,0,2,0,2,2,0,0,0,0,0,0,0,0,0,0,0,0,0,0,0,0,0,0,2,0,0,0,0,0,2,0,2,2,0,0,0,0,2,0,2,0,0,0,0,0,0,0,0,0,0,2,0,0,0,0,0,0,0,0,0,2,0,0,0,0,0,2,0,0,0,0,0,0,2,0,0,0,2,0,0,2,0,0,2,0,0,0,0,0,0,0,2,2,0,0,0,0,2,0,2,0,0,0,0,0,0,2,0,2,0,0,2,0,0,0,0,0,2,0,0,0,0,0,0,0,0,0,2,0,0,0,0,0,0,0,0,0,0,0,2,0,0,0,0,0,0,0,0,0,0,2,0,0,0,0,0,0,0,2,0,0,0,0,0,2,0,0,2,0,0,0,0,0,0,0,0,2,0,0,2,0,0,0,0,0,2,0,0,2,0,2,0,2,0,2,0,0,0,0,0,0,0,0,0,0,0,0,0,0,0,0,2,0,0,0,0,0,0,0,0,0,0,0,0,0,0,0,0,0,0,0,0,0,0,0,0,0,2,2,0,0,0,0,0,2,0,0,0,2,0,2,0,2,0,0,0,0,0,0,2,0,0,0,0,0,0,2,0,2,0,0,0,0,0,0,2,0,0,0,0,2,0,2,0,0,0,0,0,0,2,0,0,2,0,0,0,0,0,0,0,0,0,0,0,0,2,0,0,0,0,0,0,0,0,2,2,0,0,0,0,0,0,0,2,0,2,0,0,0,0,0,0,0,0,0,0,0,0,0,0,0,0,0,0,0,2,0,0,0,0,0,0,0,0,0,0,0,0,2,2,0,2,0,2,0,0,0,0,0,2,0,0,2,2,2,0,0,0,0,0,0,0,0,2,0,2,0,0,2,0,0,2,0,2,0,0,0,0,0,0,0,0,2,0,2,0,0,0,0,0,0,0,0,0,2,0,0,0,0,0,0,0,0,0,0,0,0,0,2,NA,0,2,0,0,0,0,0,0,0,0,0,2,0,0,0,0,0,0,0,0,0,2,0,2,0,0,0,0,0,2,0,2,2,0,0,0,0,0,0,0,2,0,0,0,0,0,0,2,0,2,0,2,2,0,0,2,2,0,0,0,0,0,0,0,0,0,0,2,0,2,0,0,0,0,0,0,0,0,2,0,2,0,0,2,0,2,2,0,2,0,0,0,0,0,0,0,0,2,0,0,0,2,0,0,2,0,0,0,0,2,0,0,0,0,2,0,0,0,0,2,0,0,0,0,0,0,0,0,0,0,0,0,2,0,0,0,0,2,0,0,0,0,0,0,0,0,2,0,0,0,0,0,0,0,0,0,0,0,2,0,2,0,2,0,0,2,0,2,0,2,0,2,0,0,0,0,0,2,0,2,0,2,2,0,0,0,0,2,0,0,0,0,2,0,2,2,2,0,0,0,0,0,0,0,0,0,2,0,0,2,0,0,0,2,0,0,0,0,0,0,0,0,0,0,0,0,0,0,0,0,2,0,0,0,0,2,0,0,0,0,0,2,0,0,0,0,0,0,0,2,0,0,0,0,0,0,2,0,0,2,0,0,0,0,0,0,2,0,2,2,0,2,2,0,0,0,0,2,0,2,0,0,2,0,0,0,0,0,0,2,0,0,0,0,0,2,0,2,0,0,2,0,0,2,0,0,0,0,2,0,0,0,0,0,0,0,2,2,0,0,0,0,0,0,0,0,0,2,0,0,0,0,2,0,0,0,2,0,0,0,2,0,0,2,0,0,0,2,0,0,0,0,0,0,2,0,2,0,0,0,0,0,0,2,0,0,2,0,0,0,2,0,0,2,0,0,0,0,0,2,0,2,0,0,0,0,2,0,0,2,0,0,2,2,0,0,0,0,0,0,0,0,0,0,0,0,0,0,0,0,0,0,0,0,0,0,0,0,0,2,2,2,0,0,0,0,0,0,0,0,0,2,0,2,0,2,2,0,2,0,0,0,0,0,0,0,0,0,0,0,0,0,0,2,0,0,0,0,0,0,0,0,0,0,2,0,0,0,0,2,0,0,0,0,0,0,2,2,0,0,2,0,0,2,2,0,0,0,0,0,0,2,0,0,0,0,0,0,0,0,0,2,2,0,0,2,0,0,0,0,2,0,0,0,0,2,0,0,2,2,2,0,2,0,0,2,2,0,2,0,0,2,0,2,0,0,0,0,2,0,0,2,0,0,0,0,0,0,0,0,0,0,0,0,0,0,0,0,2,2,0,2,2,2,0,0,2,0,0,0,NA,0,0,0,0,2,0,0,0,0,2,0,0,0,0,2,2,2,0,0,0,0,2,0,0,0,0,0,0,2,2,0,0,0,0,0,0,0,0,2,0,0,0,0,2,0,0,0,0,0,0,0,0,0,0,0,0,0,2,2,0,0,0,0,2,2,0,0,0,0,0,2,0,0,0,2,0,0,0,0,0,0,0,2,NA,0,0,2,2,0,2,0,0,0,0,0,0,2,0,0,2,0,0,0,0,2,2,0,0,0,2,0,0,0,0,0,0,0,0,0,0,0,0,2,0,0,2,0,0,0,0,0,0,0,0,0,0,0,2,0,0,0,0,0,0,2,0,0,0,0,2,0,0,0,0,2,2,0,0,0,0,0,0,0,0,0,0,2,0,0,0,0,0,0,0,0,0,0,0,0,0,0,0,0,0,0,0,0,0,0,0,0,0,0,0,0,2,0,0,0,2,0,0,0,0,0,2,0,0,2,0,0,2,0,2,2,2,0,0,0,2,0,0,0,0,0,0,0,0,0,0,2,0,2,2,2,0,0,0,0,0,0,0,0,2,0,0,0,0,0,0,0,0,2,0,2,2,0,0,0,0,0,0,2,0,0,0,0,0,0,0,0,0,0,0,2,2,0,0,0,0,0,0,0,0,0,2,0,0,0,0,0,2,0,0,0,0,0,2,0,0,0,0,0,0,0,0,0,0,0,0,0,2,0,0,0,2,0,2,2,2,0,0,0,0,0,2,0,0,2,0,0,0,2,2,0,0,0,0,2,0,0,0,2,0,0,0,0,0,2,0,0,0,0,0,2,0,2,0,2,0,0,0,0,0,NA,0,0,0,2,0,0,0,0,2,NA,0,0,0,0,0,2,0,0,0,0,0,2,2,0,0,0,0,0,0,0,0,0,0,0,2,2,2,0,0,2,2,0,0,0,0,0,2,0,0,0,0,0,2,0,0,0,2,0,0,0,2,2,0,2,0,0,0,0,0,0,0,0,0,0,0,2,0,0,0,0,0,0,0,0,0,0,2,0,0,0,0,2,2,2
"CC90",2,2,2,0,0,0,0,0,0,0,0,2,0,0,0,2,0,0,0,0,0,2,0,2,2,0,2,2,0,0,0,2,2,0,2,2,0,0,0,0,2,0,2,2,2,0,0,0,0,0,0,2,0,2,0,2,0,2,0,2,2,0,2,2,0,0,0,0,0,2,0,2,0,2,2,0,2,2,0,0,0,0,0,0,0,2,2,0,0,0,0,2,0,0,0,0,0,0,0,2,0,0,0,2,0,0,0,2,0,2,2,2,2,0,0,0,0,0,0,2,0,0,0,0,0,0,0,2,0,2,0,0,0,0,0,0,0,2,2,0,0,0,0,0,0,NA,2,0,0,2,0,2,0,0,2,0,0,0,2,0,2,0,0,2,2,2,0,0,0,0,0,2,2,0,0,2,0,2,2,0,0,0,0,0,0,0,0,2,0,2,0,0,NA,0,0,2,0,0,0,0,0,2,0,0,0,0,0,2,0,0,0,0,0,0,0,2,0,0,0,0,2,2,0,0,2,0,0,0,2,0,2,0,0,0,0,2,0,0,2,2,2,0,2,0,2,2,2,0,2,0,0,0,2,0,0,0,2,2,0,0,0,0,0,2,2,0,0,0,0,0,0,0,0,0,0,0,0,0,0,0,0,0,0,0,0,0,0,2,0,0,0,0,0,0,0,0,0,0,0,0,0,0,0,0,0,0,0,0,0,0,2,2,2,0,0,0,0,NA,2,2,0,0,0,0,2,0,0,0,2,0,0,0,0,0,0,0,2,0,2,0,0,0,0,0,0,0,0,2,2,0,2,2,0,2,0,2,0,0,0,0,2,0,2,0,0,2,0,0,0,0,0,0,0,2,2,0,2,0,2,0,0,0,0,0,2,0,0,2,0,0,2,2,0,2,2,2,2,0,0,0,0,0,2,2,2,2,2,0,0,2,0,0,0,0,0,0,2,0,0,2,0,2,0,0,0,2,0,0,0,2,2,0,2,0,0,0,2,2,2,2,0,0,0,0,2,0,2,0,0,2,NA,2,2,0,2,2,0,0,0,2,0,0,0,0,0,0,0,2,0,0,0,2,2,0,0,2,0,0,0,2,0,0,2,0,0,0,2,0,0,2,0,0,0,2,0,0,0,2,0,0,2,0,2,0,0,2,0,0,0,2,0,0,2,0,0,2,0,0,0,0,0,2,0,0,0,0,0,NA,0,2,2,0,2,0,0,2,0,2,0,2,2,0,0,0,2,0,0,0,0,2,0,0,0,2,2,0,0,0,0,0,0,0,0,0,0,0,0,0,0,2,0,0,0,2,2,0,2,2,0,0,0,0,0,0,0,0,0,2,0,0,0,0,0,2,2,0,2,2,0,0,0,2,0,0,0,0,2,2,2,0,0,2,0,0,0,0,2,2,2,0,0,2,0,0,0,2,0,0,0,0,0,0,0,2,0,0,0,0,0,0,0,0,0,0,2,0,0,0,0,0,2,0,2,0,2,0,0,0,2,0,0,0,2,0,0,0,2,2,0,2,0,0,2,0,2,0,NA,2,0,0,2,0,2,2,2,2,0,0,0,0,0,0,0,0,0,0,2,0,0,0,0,2,0,0,0,0,0,0,0,0,2,0,0,0,0,0,0,0,2,0,0,0,0,0,0,2,0,0,2,0,2,0,2,0,0,0,0,NA,0,0,2,0,0,0,0,2,0,2,0,2,0,0,0,0,0,2,0,0,0,2,0,0,0,2,0,2,0,0,NA,0,0,0,0,0,0,0,2,2,0,0,0,2,0,0,0,2,0,2,2,0,2,0,0,0,0,0,0,0,0,0,0,2,2,0,0,0,0,0,0,0,0,0,0,0,0,2,0,2,0,0,0,0,2,2,0,0,0,0,0,0,0,0,0,0,0,0,2,0,0,2,0,0,0,2,2,0,2,0,0,2,2,0,0,0,2,0,0,2,0,2,0,2,2,0,0,0,0,0,2,2,2,0,0,0,2,0,2,0,0,0,0,0,0,2,0,2,0,0,0,2,0,0,0,2,2,2,0,0,0,0,0,0,0,0,2,0,0,0,0,0,0,0,0,0,2,2,0,0,0,0,0,0,0,0,0,0,2,0,0,2,0,0,0,0,0,2,0,0,0,0,0,0,0,0,2,0,0,0,0,0,0,0,0,0,0,0,2,0,0,0,0,0,0,0,0,0,0,0,0,0,0,0,0,0,0,0,0,0,2,2,0,0,0,0,2,0,2,0,0,0,2,0,0,0,0,0,0,0,0,0,0,0,0,0,0,2,0,0,2,0,0,2,0,2,0,2,0,0,0,0,0,0,0,0,0,0,2,0,0,0,0,0,0,2,0,0,2,0,0,0,2,2,0,2,2,0,0,0,0,0,2,0,0,0,NA,0,2,2,2,0,0,2,0,0,0,0,2,2,0,0,2,0,0,0,2,0,2,2,0,0,0,0,0,0,0,2,0,2,0,2,2,2,0,0,2,0,2,0,0,0,2,0,0,2,0,2,0,0,0,0,0,0,0,2,0,0,0,0,0,0,2,0,0,0,0,0,0,0,0,0,0,2,0,2,0,0,2,0,0,0,0,0,0,2,0,0,0,0,2,2,0,0,0,0,2,2,0,0,0,0,0,0,0,0,0,0,0,0,0,0,0,0,0,0,0,0,0,0,2,0,0,2,0,0,0,2,0,0,0,0,0,0,0,0,2,0,2,2,0,0,0,0,2,2,0,2,0,0,0,0,0,2,0,2,0,0,2,0,0,2,2,0,2,0,0,0,2,2,0,0,0,2,0,0,0,0,0,2,0,0,0,2,0,2,0,2,0,0,0,0,0,2,0,0,0,0,0,0,0,2,0,0,0,0,0,0,2,2,0,2,0,0,0,0,2,2,2,0,2,2,0,0,2,0,0,2,0,2,0,0,2,0,2,0,0,0,0,2,2,0,0,0,2,0,0,2,0,0,0,0,2,0,2,0,0,0,0,0,NA,0,0,0,0,0,0,2,2,0,2,0,0,0,2,0,0,0,0,0,2,0,0,2,2,0,2,0,0,2,0,0,0,0,2,2,2,0,0,0,0,0,0,0,2,2,2,0,2,0,2,2,2,0,0,2,2,2,2,2,0,2,0,2,0,0,0,0,0,0,0,2,2,2,0,2,2,0,2,0,0,0,2,0,0,2,0,0,0,0,2,2,0,0,2,0,0,2,0,0,0,0,0,2,0,2,0,2,0,0,0,0,2,0,0,0,2,0,2,2,0,0,0,0,0,0,0,0,0,0,2,2,0,2,0,2,2,0,0,2,0,0,2,0,2,0,0,2,2,2,0,0,0,2,0,0,0,0,0,0,0,0,2,0,0,0,0,2,0,2,0,0,0,0,0,0,0,0,2,0,2,0,0,2,2,2,2,0,0,0,0,0,0,0,0,0,2,2,2,2,0,0,0,0,0,0,0,0,0,0,0,0,0,0,2,2,0,2,0,2,0,0,0,2,0,0,0,2,2,2,0,2,0,0,0,0,0,0,0,0,0,0,2,2,0,2,0,2,0,0,0,0,2,0,2,0,0,0,0,0,2,2,0,2,0,0,2,0,0,0,0,2,0,0,0,0,0,2,2,0,0,2,2,0,0,0,2,0,2,2,0,2,0,0,0,0,0,0,0,2,2,NA,0,0,0,0,0,2,0,0,0,0,0,2,0,0,2,0,0,0,2,0,0,0,0,0,0,2,2,2,0,0,0,2,2,0,0,0,0,0,2,0,0,0,0,0,2,0,0,0,0,2,0,0,2,0,0,2,2,2,0,0,2,NA,2,2,0,2,2,0,0,0,0,0,2,0,0,2,0,0,0,0,0,0,0,0,0,2,0,0,0,2,0,0,2,0,2,0,0,2,0,0,0,0,2,0,0,0,2,0,0,0,0,0,0,0,2,0,0,0,0,2,0,0,0,0,0,2,2,0,0,2,0,0,2,0,0,0,2,0,0,0,0,0,0,0,0,0,0,0,2,0,0,0,0,0,0,0,0,0,0,0,0,0,0,0,0,0,0,0,0,0,0,0,0,0,2,0,2,0,0,0,0,2,0,0,0,0,0,0,0,0,0,0,0,0,0,0,2,0,2,2,0,0,0,0,0,2,0,0,0,0,0,0,0,2,0,0,0,0,2,0,0,0,0,2,0,0,2,0,0,0,0,0,0,0,0,0,0,2,2,2,0,0,0,2,0,0,0,0,0,0,0,0,0,0,0,2,0,0,0,0,2,0,0,0,0,0,0,0,0,2,0,0,0,0,0,2,2,2,2,0,2,0,0,NA,2,0,0,0,2,0,0,2,2,2,0,0,0,0,0,2,2,2,0,2,0,0,0,0,0,0,0,2,2,0,0,2,2,0,2,0,0,2,0,2,0,0,0,0,0,0,2,0,0,0,2,0,0,0,0,0,0,0,0,2,0,0,0,0,0,0,0,0,2,0,2,0,0,2,0,0,0,0,0,0,0,2,0,2,0,2,0,0,0,2,0,0,0,2,0,0,0,0,2,0,2,0,2,0,2,0,2,0,2,2,0,0,0,2,0,0,0,0,0,0,0,2,2,0,0,2,0,0,0,2,2,2,2,2,2,0,0,0,0,2,0,0,0,2,2,2,0,2,0,0,0,2,0,2,0,0,0,0,0,0,0,0,0,0,0,0,0,0,2,0,0,0,2,0,2,2,0,2,2,2,0,2,0,0,0,2,0,0,0,0,0,0,2,0,0,0,0,0,2,0,2,0,2,2,0,0,0,0,2,2,0,0,0,0,0,0,0,0,0,2,0,0,2,0,0,0,0,0,0,0,0,0,0,2,2,0,0,0,0,0,2,2,0,0,2,0,0,0,0,0,2,2,0,2,0,0,0,0,2,0,0,0,2,0,0,0,0,0,0,0,0,0,2,0,2,NA,2,0,0,0,2,0,0,0,2,0,0,0,0,0,0,0,0,0,0,0,0,0,0,2,0,0,0,2,0,0,2,0,0,0,2,0,2,0,2,2,0,0,2,0,0,0,2,0,0,2,0,2,2,0,2,2,2,0,0,0,0,0,0,0,0,0,0,2,0,2,0,0,0,2,0,0,2,0,2,2,2,0,0,0,0,0,0,0,2,0,0,2,0,0,0,0,0,0,0,2,0,0,0,0,0,0,0,0,2,2,0,0,0,0,0,0,0,0,0,0,0,0,0,0,2,0,2,2,0,2,0,0,0,0,0,0,0,2,2,0,0,0,0,2,0,0,0,0,0,0,0,0,0,0,0,0,0,2,0,2,0,0,2,2,0,0,0,0,2,0,2,0,2,0,2,0,2,0,2,2,0,0,0,2,0,0,0,2,2,2,2,2,0,0,0,0,0,2,0,0,0,0,2,0,2,2,2,2,0,0,2,0,0,0,0,0,0,0,2,0,0,0,0,0,0,0,0,2,0,0,0,2,0,0,2,0,0,0,0,2,0,0,0,2,0,0,0,2,0,2,0,0,0,0,2,2,2,0,0,0,2,0,0,0,2,0,0,0,0,0,2,0,2,0,0,0,0,0,0,0,0,0,0,0,0,2,0,NA,0,0,2,0,2,0,0,2,0,0,0,2,0,0,0,2,2,0,0,0,0,0,0,0,0,0,0,0,2,0,0,0,0,0,0,2,0,0,0,0,0,0,0,2,0,0,0,0,0,0,0,0,2,0,0,2,0,0,0,2,0,0,0,2,2,0,2,2,2,0,0,0,2,0,0,0,0,0,0,0,0,0,0,0,0,2,0,2,0,0,0,0,0,0,2,2,0,0,0,0,0,0,0,0,2,2,0,0,0,0,0,2,0,2,0,2,0,2,0,0,2,2,0,0,0,2,0,0,0,0,0,2,2,0,0,0,NA,2,2,0,0,0,0,2,0,0,0,0,2,0,0,0,2,2,2,0,0,2,2,0,0,0,0,0,0,0,0,2,0,0,0,0,2,0,0,0,2,0,0,2,0,0,0,2,0,2,0,2,0,2,2,0,0,2,0,0,2,0,0,0,2,0,2,0,0,0,0,0,0,0,0,0,0,0,0,0,2,0,0,0,0,0,0,2,2,0,0,0,0,0,2,0,0,0,0,0,0,2,0,0,0,2,0,0,0,0,0,0,2,NA,0,0,0,0,0,0,0,2,2,0,2,0,0,0,2,0,0,0,2,2,0,0,2,0,0,2,0,2,2,0,0,0,2,2,0,2,0,0,2,0,2,0,0,2,0,0,2,0,0,0,0,0,0,2,0,0,0,2,2,0,0,2,0,0,2,0,0,2,2,2,0,2,0,2,2,0,2,2,0,2,2,2,2,2,0,0,0,0,2,2,0,0,0,0,2,0,0,2,0,0,0,0,2,0,2,0,0,2,0,0,0,0,0,0,0,0,0,2,0,2,0,2,0,0,0,0,0,0,0,0,2,2,2,0,0,2,0,0,0,0,0,0,2,0,2,0,0,0,0,0,2,0,2,0,0,2,0,0,2,2,0,2,2,0,0,0,0,0,2,0,2,2,0,0,2,0,0,0,0,0,2,0,2,2,0,2,0,2,0,0,2,0,0,2,2,0,0,0,0,0,2,0,0,0,2,2,0,2,0,0,2,0,0,0,0,0,2,0,0,0,2,0,0,0,0,0,2,NA,0,2,0,0,2,2,0,2,0,0,0,0,0,0,0,0,0,0,0,0,0,0,0,0,0,0,0,0,0,0,0,0,2,0,2,0,0,2,2,0,0,2,0,0,2,2,2,0,0,2,0,0,0,0,2,2,0,2,NA,0,2,0,0,0,0,0,0,0,0,2,0,0,2,2,0,0,0,0,2,0,0,0,0,0,0,0,0,0,0,0,0,0,0,0,0,2,2,0,0,2,2,2,2,0,0,0,2,0,0,0,0,0,0,2,0,0,0,0,0,0,0,0,0,0,2,0,0,0,0,2,0,0,2,2,0,0,0,0,0,0,2,2,0,0,2,0,2,0,0,0,2,0,0,2,2,0,0,0,0,0,2,0,0,2,2,0,0,0,0,0,0,0,0,0,2,0,0,0,0,2,2,0,0,2,0,2,0,0,2,2,0,0,0,0,0,0,0,0,0,0,2,2,0,0,0,0,2,0,0,0,0,0,0,2,0,2,0,0,0,0,0,0,0,0,2,0,0,0,0,2,2,0,0,0,2,0,0,0,2,0,2,0,0,0,0,0,0,0,2,0,0,0,0,0,0,0,2,0,0,0,0,2,0,2,2,2,0,0,2,0,0,0,0,2,2,0,0,0,0,0,0,0,2,2,2,0,0,0,2,2,2,2,2,0,0,0,0,2,0,0,0,0,0,0,2,0,2,0,0,0,0,0,0,2,0,0,0,2,0,0,2,0,0,0,0,0,0,0,0,2,0,0,2,2,2,0,0,0,0,0,2,0,0,0,0,0,0,2,0,0,2,0,0,0,0,0,0,2,2,0,0,0,0,2,0,2,0,2,0,2,0,2,0,2,0,2,0,2,0,0,2,NA,0,2,2,2,2,0,2,0,2,2,2,0,0,0,0,2,0,0,0,0,0,0,0,2,0,0,2,0,0,0,0,0,0,2,0,0,0,0,0,0,2,0,2,2,2,0,0,2,0,2,0,2,0,0,0,0,0,0,0,2,0,0,0,2,0,0,2,2,0,0,2,0,0,2,2,0,0,2,2,0,0,0,0,0,0,0,2,2,0,0,2,0,0,0,0,0,0,0,2,0,0,0,0,2,0,0,0,0,0,0,2,0,0,2,0,0,0,2,0,2,2,0,0,0,2,0,2,2,0,2,2,0,0,2,0,2,0,0,0,0,2,0,0,0,0,2,2,2,2,0,0,0,2,0,0,2,2,0,0,2,2,2,0,2,0,2,2,0,0,2,2,0,2,0,0,2,0,0,0,2,0,0,0,2,0,0,0,0,2,0,0,2,0,0,0,2,0,0,0,0,0,0,0,0,0,0,0,0,2,2,2,0,2,2,2,0,0,2,2,2,0,0,0,0,0,2,0,2,0,2,0,2,2,0,0,2,2,0,0,NA,0,2,0,2,2,0,2,0,0,0,0,0,0,2,2,0,0,2,0,0,2,0,2,0,2,0,2,2,2,2,0,2,0,0,2,2,2,2,0,2,0,0,2,0,0,0,2,2,2,2,2,2,0,2,0,2,0,2,2,2,0,2,2,0,0,2,0,2,2,0,0,2,2,0,0,0,0,0,2,0,0,0,0,2,0,2,2,2,0,0,0,2,2,0,0,2,0,2,2,0,0,0,0,0,0,0,2,0,2,2,NA,NA,2,0,2,0,NA,0,0,2,0,0,0,0,0,0,0,NA,0,0,0,2,NA,2,2,0,0,0,2,0,0,0,0,0,2,0,2,0,0,0,2,2,0,0,2,0,0,2,0,2,0,0,0,0,0,0,0,0,0,0,0,0,0,0,0,0,0,0,0,0,0,0,0,0,0,0,0,0,0,0,0,0,2,2,2,0,2,0,0,2,0,2,2,0,0,0,2,0,0,0,0,2,2,0,0,2,0,0,0,0,0,2,NA,0,0,0,0,0,2,0,0,0,0,0,2,0,0,0,0,0,2,0,0,0,2,2,2,0,0,0,0,0,0,0,2,2,2,2,0,0,0,0,0,2,0,2,0,0,2,0,2,2,2,0,2,0,2,2,0,0,0,0,0,2,0,0,0,2,0,0,2,0,2,2,0,0,2,0,0,0,2,2,0,0,0,2,2,0,2,0,0,0,0,0,2,0,0,2,0,2,0,0,2,0,0,0,2,0,2,2,2,0,0,0,0,0,0,0,0,2,0,0,2,0,0,2,0,0,2,2,0,2,2,0,0,2,2,2,0,0,0,0,0,0,0,0,0,2,0,2,0,2,0,0,2,0,0,2,0,0,0,0,2,2,0,0,2,2,2,0,0,2,2,0,0,0,0,0,2,0,0,0,0,0,0,0,0,0,0,0,0,2,0,2,0,0,0,0,2,0,2,2,0,0,0,0,0,0,0,2,0,0,2,0,0,0,2,0,0,0,2,2,2,2,2,2,0,0,2,0,0,0,0,2,0,2,0,2,0,0,0,0,2,0,0,2,2,2,0,0,0,0,2,0,0,2,0,0,0,0,0,2,2,0,0,0,2,0,0,0,0,2,2,0,0,0,0,0,0,0,0,0,0,0,0,0,0,0,0,2,0,0,0,0,2,0,0,0,0,0,2,0,0,0,0,2,2,0,2,0,0,0,0,0,0,2,0,0,0,2,0,0,0,0,0,0,0,0,0,0,0,0,2,0,0,2,0,0,0,2,2,0,0,0,0,2,2,0,0,0,2,0,0,0,0,0,0,0,0,0,0,0,0,0,2,0,0,0,0,0,2,0,0,0,NA,0,0,0,0,0,0,0,2,0,2,0,2,2,0,0,2,0,0,2,0,0,0,0,0,0,0,0,0,0,2,2,0,0,0,2,2,0,2,2,0,0,0,2,0,0,0,2,0,2,0,0,2,2,2,2,2,0,0,0,2,0,0,0,0,0,0,2,0,2,2,0,0,0,0,0,2,2,2,0,0,0,0,0,2,0,0,0,0,0,2,2,0,0,0,2,0,0,0,0,2,0,0,0,0,0,0,0,0,0,0,0,0,0,0,0,0,0,2,NA,0,2,0,0,2,0,2,2,0,2,0,0,0,0,2,0,0,0,2,0,0,0,2,0,0,0,0,0,0,0,0,0,2,0,0,0,0,2,0,0,0,2,0,0,0,0,0,0,0,0,0,0,0,0,2,0,0,0,0,0,0,0,2,0,0,0,0,0,0,2,0,0,0,2,2,0,0,0,0,0,2,0,0,NA,0,0,0,0,2,0,0,0,0,2,0,0,2,0,0,0,0,2,2,0,0,0,0,2,2,0,2,0,0,0,0,2,2,2,0,0,0,0,0,0,2,0,2,0,0,0,0,0,2,2,0,2,2,0,0,0,0,2,0,0,0,0,0,0,0,NA,0,0,2,0,0,0,2,0,0,0,0,0,0,0,0,0,0,0,2,0,0,0,0,0,0,0,2,0,2,0,0,2,2,0,0,0,0,2,0,0,0,0,2,0,2,0,0,2,0,0,2,2,0,0,0,0,0,0,2,2,0,0,2,0,0,0,2,0,0,0,2,0,0,2,0,0,0,0,0,0,0,0,0,0,0,0,0,0,2,0,0,0,2,2,0,0,0,0,0,0,2,0,0,0,0,0,2,0,2,2,2,2,2,0,0,2,0,2,0,0,2,0,0,2,2,0,0,0,0,0,0,0,0,0,0,0,0,0,0,0,0,0,0,0,2,0,2,2,0,0,0,2,2,0,2,2,2,0,0,2,0,2,0,0,2,0,2,0,0,0,0,0,0,0,2,0,0,0,2,0,0,2,0,2,2,0,2,NA,0,0,0,0,0,0,0,0,0,2,0,0,0,0,0,0,2,0,2,0,0,0,0,0,2,0,2,0,2,2,2,2,2,2,0,2,0,0,0,0,0,2,0,0,0,0,0,2,0,2,0,0,2,0,2,0,0,0,0,0,0,0,0,0,2,0,2,0,0,0,0,2,2,0,2,0,2,0,0,0,2,0,0,0,2,0,0,0,0,0,0,0,0,0,2,0,0,0,0,2,2,2,2,0,0,0,2,0,0,0,0,0,0,0,0,0,0,0,0,0,0,0,0,0,0,0,0,0,2,0,0,0,2,0,2,0,2,0,0,0,0,2,0,2,0,2,0,2,0,2,2,0,0,0,2,0,2,0,0,2,0,0,0,0,0,0,0,0,0,0,0,2,2,0,0,0,0,2,0,0,2,0,0,0,0,2,0,0,0,0,0,0,0,2,0,2,0,0,2,0,0,0,0,0,0,0,0,0,2,0,2,0,0,0,0,0,2,2,0,2,0,0,0,0,0,2,0,2,0,0,0,0,0,2,0,0,0,2,0,0,0,0,2,0,0,0,2,0,0,2,0,2,2,0,0,0,0,0,2,0,0,0,2,2,0,0,2,2,2,0,0,0,2,2,2,0,0,0,0,2,2,0,0,0,0,2,2,0,0,0,2,0,0,0,0,0,0,0,0,0,0,0,2,2,2,0,0,0,0,2,0,0,0,0,0,0,2,0,2,0,0,2,2,2,0,0,0,2,0,0,0,0,0,2,0,0,0,0,0,0,0,0,0,2,0,2,0,0,0,0,0,0,0,0,0,2,0,0,2,0,0,0,0,0,2,0,2,2,0,0,0,2,0,0,NA,2,0,0,0,0,0,0,0,2,2,0,0,2,2,0,0,0,2,2,0,0,0,0,0,0,0,0,2,0,2,0,0,0,0,2,0,0,0,0,2,0,0,0,0,0,2,0,0,0,0,0,0,2,0,0,0,NA,0,0,0,0,0,0,0,0,2,0,0,0,0,2,2,0,0,0,0,2,2,0,0,2,0,2,0,NA,0,2,0,0,0,2,0,0,0,0,0,0,0,2,2,0,0,0,0,2,0,2,0,2,2,2,0,0,0,2,0,0,0,2,0,0,0,0,0,2,2,0,2,0,0,0,2,0,0,2,2,0,2,2,0,0,0,2,0,0,2,0,0,0,0,0,0,0,0,0,2,0,2,0,2,0,2,0,0,0,0,0,0,2,0,0,2,0,0,0,2,0,0,0,2,2,0,0,2,2,2,0,0,2,0,2,0,0,0,0,0,2,0,2,2
"CC91",0,2,0,2,0,2,0,2,0,0,0,0,2,0,2,2,0,2,0,0,2,2,2,0,0,NA,0,0,2,0,0,2,0,0,2,2,2,0,0,2,2,2,0,0,0,2,0,2,0,0,2,0,0,0,0,2,2,0,0,0,0,0,0,0,2,2,0,2,0,0,0,0,2,0,0,0,0,0,0,0,0,0,0,0,0,0,0,0,0,0,0,0,0,0,0,2,0,0,0,0,2,2,0,2,0,0,0,NA,0,0,0,2,0,0,0,0,2,0,0,2,0,2,0,0,0,2,2,0,0,0,0,0,2,2,0,0,2,2,0,0,0,0,2,0,0,0,0,2,0,0,2,0,0,0,0,0,0,0,0,0,0,0,0,0,0,0,0,2,2,0,0,0,0,0,0,0,0,0,0,2,0,0,2,0,2,0,0,0,2,0,0,0,2,0,2,0,0,0,NA,0,0,2,0,0,0,0,0,0,0,0,0,0,0,0,0,2,0,0,2,0,2,0,0,0,0,0,0,0,0,0,0,0,0,2,2,0,2,0,0,0,0,0,0,0,0,2,0,0,0,2,0,0,0,0,0,0,0,2,0,0,0,0,0,0,0,0,0,0,0,2,2,2,2,0,2,0,2,2,2,0,2,0,0,2,0,0,0,2,0,0,0,0,0,0,0,0,2,0,0,0,2,0,0,0,0,0,0,2,0,0,2,0,2,0,0,0,0,0,0,0,0,2,2,0,0,0,0,0,0,2,0,0,0,0,0,2,0,0,2,0,0,0,0,2,0,0,0,0,0,0,0,0,0,2,0,0,0,0,0,0,0,0,0,2,0,0,2,0,0,0,0,0,0,0,0,0,0,0,0,0,2,0,0,0,0,0,0,0,2,2,0,0,0,2,2,2,2,0,0,0,0,0,0,0,0,0,0,0,0,2,0,0,0,0,2,2,0,NA,0,0,0,0,0,0,0,0,0,0,0,0,2,0,2,0,0,2,2,0,0,0,0,0,2,0,0,0,0,2,0,0,0,0,0,0,0,0,0,2,0,0,0,0,0,0,0,0,0,0,0,2,0,0,0,0,0,0,0,2,0,0,0,0,0,2,0,2,0,0,2,0,0,2,0,2,0,0,0,0,0,0,2,0,0,0,0,0,0,0,0,0,0,0,0,0,2,0,0,0,0,2,0,0,0,0,0,0,2,0,0,0,0,0,0,0,0,0,0,0,0,0,2,0,0,2,0,0,0,0,0,0,2,2,0,0,0,0,0,0,0,0,0,0,0,2,0,0,0,0,0,0,0,0,0,0,0,0,2,0,2,0,2,2,0,0,0,2,0,0,0,2,0,2,0,0,0,0,0,0,0,0,0,0,0,2,2,2,2,2,2,0,0,0,2,0,0,0,0,0,0,2,0,0,0,0,0,0,0,0,2,0,0,0,0,2,0,0,0,0,0,2,NA,0,0,0,0,2,0,2,0,2,0,0,2,0,0,0,0,0,2,0,0,2,0,0,0,0,NA,0,0,0,2,0,2,0,0,0,0,0,2,2,0,2,0,0,2,0,0,0,0,2,2,2,2,0,0,0,0,0,0,0,0,0,0,0,0,0,0,2,0,2,0,2,0,2,0,0,2,0,0,0,0,0,0,0,2,0,0,0,0,0,0,0,0,0,0,0,0,0,0,0,0,0,2,0,0,0,0,0,0,0,0,0,0,0,2,0,0,0,2,0,0,0,0,0,0,0,2,0,0,0,0,0,0,0,0,2,0,0,0,2,0,0,2,2,0,2,0,0,0,2,0,0,0,0,0,0,0,0,0,0,0,0,0,2,0,2,0,2,2,0,0,0,0,0,0,0,2,0,0,0,0,0,2,0,0,0,2,0,0,0,0,0,0,0,2,0,2,0,0,0,0,0,0,0,0,0,0,0,0,2,0,2,0,0,2,0,0,0,2,0,0,2,2,0,0,0,2,0,0,0,2,0,0,0,2,0,0,2,0,0,0,0,0,0,0,0,0,0,0,NA,0,0,0,0,NA,0,0,0,2,0,0,0,2,0,0,0,0,0,0,0,0,2,0,0,0,2,0,2,0,0,0,0,0,0,0,0,0,0,0,0,2,2,0,2,2,2,0,0,0,0,0,2,0,NA,2,0,0,0,2,0,2,2,0,0,0,0,2,0,0,0,0,0,0,0,0,0,0,0,0,2,0,0,0,0,0,0,0,2,0,0,0,0,0,0,2,0,0,0,0,0,0,0,0,0,0,2,2,0,0,0,0,2,0,0,0,0,0,0,2,0,0,0,0,0,2,2,0,0,0,0,0,0,2,0,0,0,0,0,0,2,2,0,0,0,0,0,0,0,0,0,0,0,0,0,0,0,0,0,2,0,0,0,0,0,0,0,0,0,0,0,0,0,0,0,0,0,0,0,0,0,2,0,0,2,0,0,2,2,0,0,0,0,0,0,0,0,0,0,0,0,2,0,2,2,0,0,0,0,0,0,0,0,0,0,0,0,0,2,2,2,0,0,0,2,0,0,0,0,2,2,0,0,0,2,0,0,0,0,0,0,2,2,2,0,0,0,0,2,2,0,0,2,0,0,2,0,0,2,2,2,0,0,0,0,0,0,0,0,0,2,2,2,0,0,0,2,0,0,2,2,0,0,0,0,0,0,0,0,0,2,0,2,0,0,0,0,0,0,2,0,0,2,0,0,0,2,0,0,0,0,2,2,0,0,0,2,0,0,0,2,0,0,0,0,2,0,2,0,0,0,0,2,2,0,0,0,0,0,0,2,0,0,0,0,0,0,2,0,0,2,0,2,0,0,0,0,0,0,2,0,2,0,2,0,0,0,2,0,0,0,0,0,0,0,0,0,0,0,0,0,0,0,0,2,0,0,0,0,0,2,0,0,2,0,2,2,0,0,0,0,0,0,0,0,0,0,0,0,0,0,0,0,0,0,2,2,0,0,0,0,0,0,0,0,0,0,0,2,0,0,0,0,0,0,0,0,0,0,2,0,0,0,2,0,0,0,0,0,0,0,0,0,0,0,0,0,0,2,0,0,0,2,0,0,0,0,0,0,0,0,2,2,2,2,2,0,0,0,0,2,2,0,0,0,0,0,0,2,0,0,0,0,0,0,0,0,0,0,0,0,0,2,0,0,0,0,0,2,2,0,0,0,0,0,0,0,2,0,0,2,0,0,0,0,0,0,0,0,0,0,0,0,0,0,0,0,0,0,0,0,2,0,2,2,0,0,2,0,0,0,0,0,0,0,0,0,0,0,2,0,0,0,0,0,2,0,0,2,0,2,0,0,0,0,0,0,2,0,0,0,0,0,0,0,0,0,0,0,0,0,0,0,0,0,0,0,0,0,0,0,0,0,0,0,0,0,2,0,0,0,0,0,0,0,0,2,0,0,0,0,0,0,0,0,0,0,0,0,0,2,2,0,0,0,0,2,2,0,0,2,0,0,0,0,0,0,0,0,0,0,0,0,0,0,0,2,0,0,0,0,0,0,0,0,0,0,0,0,0,0,0,0,0,2,2,0,0,0,2,0,2,0,2,0,0,0,0,0,0,0,0,0,0,2,0,0,2,2,0,2,0,0,2,0,2,0,0,0,0,0,2,0,0,0,0,0,0,2,2,0,0,0,0,0,2,0,0,0,0,0,0,0,2,2,2,2,2,0,0,0,0,0,0,0,0,0,0,0,0,0,0,0,0,0,0,2,2,0,0,0,0,0,2,0,0,0,0,2,0,2,0,0,0,0,0,0,0,2,0,0,0,0,2,2,0,0,0,0,2,0,0,0,0,0,0,2,0,0,0,2,2,0,0,0,0,0,0,0,0,0,0,0,0,0,0,0,0,0,2,0,2,0,0,2,2,0,2,0,2,0,0,0,2,0,0,0,2,0,0,0,0,2,2,2,0,2,0,0,0,0,2,0,0,2,0,2,0,0,0,0,0,0,0,2,2,0,2,0,0,0,0,2,2,2,0,0,0,0,0,0,0,0,0,2,2,0,0,0,0,0,0,0,0,2,0,0,0,0,0,0,0,0,0,0,0,0,2,0,0,2,0,0,0,0,0,0,0,0,0,0,0,0,0,0,0,2,0,0,0,0,0,0,0,0,0,2,0,0,0,0,2,2,0,2,0,0,0,2,0,0,0,0,0,0,2,0,0,0,0,0,0,0,0,0,0,0,0,0,2,0,0,0,0,0,2,0,0,0,2,0,0,0,0,0,0,0,2,0,0,0,0,0,0,0,0,0,0,2,0,0,0,0,0,2,0,0,2,0,0,0,0,0,0,2,2,0,0,0,0,0,0,0,2,0,0,0,2,0,0,0,0,2,0,2,0,0,0,0,0,0,0,0,0,0,0,0,2,0,0,0,0,0,0,0,0,0,0,0,0,0,0,0,0,0,2,0,0,0,0,0,0,0,0,0,2,2,0,2,2,0,0,0,0,0,0,0,0,0,0,0,2,2,0,0,0,0,0,0,2,0,0,2,0,0,2,0,0,0,0,NA,0,0,0,0,0,0,0,2,0,0,0,2,0,0,0,2,0,0,0,0,0,0,0,0,2,2,0,0,0,0,0,0,0,0,0,0,0,0,0,0,0,0,0,0,0,2,2,0,0,0,0,0,0,0,0,0,0,0,0,0,2,2,2,0,0,2,0,0,0,0,2,0,0,0,0,2,2,0,0,0,2,0,2,2,0,2,2,0,0,0,0,2,0,2,0,0,0,0,0,2,0,0,0,2,0,0,0,0,0,0,0,NA,0,0,2,0,2,0,0,0,2,0,0,0,0,0,0,0,0,0,0,0,0,0,0,0,0,0,0,0,0,0,0,0,0,0,0,0,0,0,0,2,0,0,0,0,0,0,0,2,0,0,0,2,0,2,0,0,0,0,0,2,0,0,0,2,0,0,0,0,0,0,0,0,2,2,0,0,2,2,2,0,0,0,0,0,2,0,2,0,2,0,0,0,2,0,0,0,2,2,0,0,0,0,0,0,0,2,0,0,0,0,2,2,0,0,2,0,0,0,2,2,2,0,0,0,0,2,2,0,0,0,2,0,2,0,0,0,0,0,2,0,0,0,0,2,0,0,0,0,0,0,0,0,2,0,2,2,0,2,0,0,0,0,2,0,0,0,0,0,0,0,0,0,0,0,0,0,0,0,0,0,0,0,0,2,0,0,2,2,0,0,0,0,2,0,0,0,0,0,0,0,0,0,2,0,0,0,2,0,0,0,0,0,0,0,0,2,0,0,0,0,0,0,0,0,0,0,0,0,2,0,2,2,0,0,0,0,0,0,0,0,0,0,2,0,0,0,0,0,0,0,0,0,0,0,0,0,0,0,0,0,2,0,0,0,0,0,2,0,0,2,0,0,0,0,0,0,0,0,2,0,0,0,0,0,0,2,0,0,0,0,2,0,2,2,0,0,0,0,0,0,0,0,0,2,0,0,0,0,0,0,0,0,0,0,0,2,0,0,0,0,0,2,2,0,0,0,2,0,0,0,0,0,0,0,0,0,0,0,0,0,0,0,0,2,0,0,0,0,0,2,0,0,0,0,0,0,0,2,0,2,0,0,0,2,2,0,0,0,0,2,2,0,0,0,0,2,0,2,0,2,2,0,0,0,0,0,0,0,0,0,2,0,0,2,0,0,0,2,2,0,0,2,0,0,0,0,0,0,0,0,0,2,0,0,2,0,0,0,0,2,0,2,0,2,2,0,0,2,0,2,0,0,0,0,0,0,0,0,0,0,0,0,0,2,0,0,NA,2,0,0,2,0,2,0,2,0,0,2,0,0,0,0,0,0,0,0,0,2,2,2,0,0,2,2,0,0,2,0,0,0,0,2,2,2,0,0,0,0,0,0,0,0,0,2,0,2,0,0,0,0,0,0,0,0,0,0,0,0,0,0,0,2,0,2,0,0,0,0,0,0,2,0,0,0,0,0,0,0,0,0,2,0,2,0,0,2,0,0,0,2,0,2,0,2,2,2,0,0,2,0,0,0,0,2,0,2,0,2,2,0,0,2,0,0,2,0,0,2,0,2,0,0,0,0,0,2,0,2,0,0,2,0,0,0,2,0,0,2,2,0,2,0,2,0,0,0,2,2,2,0,2,0,0,0,0,0,0,0,0,0,0,0,0,0,2,0,2,0,0,0,0,0,2,0,0,0,0,0,0,0,2,0,0,0,2,0,0,2,0,0,0,0,0,2,0,0,0,0,0,0,0,0,0,0,0,2,0,2,0,0,2,0,0,0,0,0,0,0,0,0,0,0,2,0,0,0,0,0,0,0,0,0,0,2,2,2,0,0,0,0,0,0,0,2,0,2,0,0,0,0,0,0,0,2,2,0,0,0,0,0,2,0,0,0,0,0,2,2,0,0,0,0,0,0,0,0,2,2,0,0,0,0,0,2,0,0,0,0,0,0,0,0,2,0,0,2,0,2,0,0,0,0,2,0,0,2,0,0,0,2,0,0,0,0,0,0,0,0,0,2,0,0,0,2,0,0,0,0,2,0,0,0,0,0,0,0,0,0,0,2,0,2,0,0,0,0,0,0,0,0,0,2,2,0,2,0,0,0,2,0,2,0,2,0,2,2,0,2,0,2,0,0,2,2,0,0,2,0,0,0,0,2,0,0,0,0,0,0,0,0,0,0,0,0,0,0,2,2,0,0,2,0,0,2,2,0,0,0,0,0,0,2,2,0,2,0,0,0,0,0,0,0,0,0,0,0,0,0,0,0,0,0,0,0,0,0,0,0,2,0,2,0,NA,2,0,0,0,0,0,NA,2,0,2,0,2,0,0,0,0,0,0,0,0,0,0,0,2,0,0,0,0,0,0,0,0,0,0,2,0,0,0,0,2,0,0,0,0,0,2,0,0,0,0,0,0,0,0,0,0,0,0,0,0,0,2,2,0,0,0,0,0,2,0,0,0,0,0,0,2,2,0,0,0,0,0,0,0,0,2,0,0,0,2,0,0,0,2,0,0,0,0,2,0,2,0,2,2,0,0,0,0,2,0,0,0,2,2,2,0,0,0,2,0,0,2,0,0,2,0,0,2,0,0,0,0,2,0,0,2,2,0,0,2,0,0,0,0,2,2,0,0,0,2,0,0,0,0,0,0,0,0,0,0,0,0,0,2,0,0,0,0,0,2,0,0,2,0,0,0,0,0,0,0,2,0,0,2,0,0,0,0,0,0,2,0,0,0,2,0,2,0,0,0,0,0,0,0,2,0,2,0,0,0,0,2,0,0,0,2,2,0,0,0,0,0,0,2,0,0,0,2,0,NA,2,0,0,2,0,0,0,2,2,0,0,0,0,0,0,0,0,2,0,2,2,0,0,2,2,2,0,2,0,2,0,0,2,0,2,2,2,0,2,2,2,0,0,0,0,0,0,0,0,2,0,0,0,0,0,0,2,0,0,0,0,0,0,0,0,0,0,2,0,2,0,NA,0,0,0,2,2,2,0,0,2,0,0,2,0,2,0,0,0,0,0,0,0,2,0,0,0,2,2,0,0,0,2,0,0,0,0,0,0,0,0,0,0,0,0,2,0,0,0,2,0,0,0,2,0,0,2,0,0,0,0,0,0,2,0,2,0,0,2,0,2,2,2,2,0,2,2,0,2,0,0,2,2,0,2,0,0,2,2,0,0,0,0,2,0,0,2,2,0,0,0,2,0,2,2,0,0,0,0,0,2,0,0,0,0,0,0,0,0,0,2,0,2,0,0,0,0,0,0,0,2,0,0,2,0,0,2,2,0,2,0,0,0,2,0,0,0,2,2,0,0,0,2,2,2,0,2,0,2,2,0,0,0,2,0,0,0,0,0,0,0,0,0,2,0,0,2,2,0,0,2,2,0,0,0,2,0,2,2,0,0,0,0,2,0,0,2,0,0,2,0,2,0,0,2,2,0,0,2,0,0,0,0,2,0,0,0,0,0,0,0,0,0,0,2,2,2,0,0,0,0,0,0,0,0,0,0,0,0,0,0,0,0,2,0,0,0,0,0,0,0,0,0,0,0,0,0,0,0,0,0,2,2,0,0,2,2,0,2,2,0,0,0,0,2,0,0,2,0,0,0,0,0,2,0,2,0,0,2,0,0,2,0,0,0,0,2,0,2,0,0,0,2,0,0,2,0,0,2,0,0,0,2,2,0,0,0,0,0,2,0,0,0,0,0,0,0,2,0,0,2,0,0,0,0,0,0,0,2,0,2,2,0,0,0,2,0,0,0,0,0,0,0,0,0,0,0,0,0,0,0,0,0,0,0,0,2,0,0,0,0,0,2,0,2,2,0,0,0,0,0,0,0,0,0,0,2,0,0,0,0,0,0,0,0,0,0,0,0,0,0,0,0,0,0,0,0,0,0,0,0,0,0,0,2,2,0,0,2,2,2,0,2,2,0,0,2,0,0,0,2,0,2,0,0,2,0,0,0,2,2,2,0,0,0,0,2,0,0,0,0,2,0,2,0,0,0,2,0,0,0,2,2,2,0,2,2,0,0,0,2,0,0,2,0,2,0,2,0,0,2,0,0,2,2,0,2,2,2,0,2,0,2,0,0,0,2,2,0,0,2,0,0,2,0,0,0,0,0,2,2,0,0,2,0,0,0,0,2,2,0,0,0,0,0,0,0,0,0,0,2,0,0,0,2,0,0,2,2,0,2,2,0,0,0,0,0,2,0,0,2,0,0,0,0,0,0,0,0,0,0,0,0,0,0,0,0,0,0,2,2,2,0,0,2,0,2,2,0,2,2,2,0,0,0,0,0,0,0,0,2,0,0,0,2,0,0,0,2,0,0,0,0,0,0,0,0,0,0,2,2,0,0,0,0,0,2,0,0,0,0,0,0,0,2,0,0,2,0,0,0,0,2,2,2,0,2,2,0,0,0,0,0,0,0,0,2,0,0,0,2,0,0,2,0,0,0,0,0,0,0,0,0,0,0,2,0,2,2,2,0,0,0,2,0,0,0,0,0,0,2,0,0,0,0,0,0,0,0,2,0,0,0,0,0,0,2,0,2,2,0,0,0,2,2,0,0,0,0,0,2,0,2,0,0,0,2,0,0,0,0,0,0,2,0,0,0,0,0,0,0,0,0,0,0,0,0,0,0,0,0,0,0,0,2,2,0,0,0,0,0,0,0,0,0,0,0,2,0,0,0,0,0,0,0,0,0,0,0,0,0,0,0,0,0,0,0,0,0,0,2,0,0,0,0,2,0,0,0,0,0,2,0,0,0,0,2,0,2,0,0,2,2,2,0,2,0,0,0,0,0,2,0,0,0,2,2,2,2,2,0,0,2,0,2,0,0,2,0,0,2,0,2,2,0,2,0,0,2,0,0,0,0,2,0,2,2,2,0,0,2,0,0,0,0,0,0,0,0,2,0,2,2,0,0,2,2,0,0,0,0,2,0,NA,2,0,2,0,0,2,0,0,0,2,0,2,0,2,2,0,2,2,2,2,2,2,0,2,2,2,2,2,0,0,0,0,0,0,2,0,0,2,2,2,0,2,0,0,0,2,2,2,0,0,0,0,2,2,0,0,0,2,0,0,0,0,0,0,0,2,0,0,0,0,NA,0,0,0,0,2,0,0,0,0,0,0,0,0,0,0,2,0,2,0,2,0,0,2,0,0,0,0,2,0,2,2,0,2,0,0,0,2,2,2,2,0,2,0,0,0,2,0,0,2,0,0,0,0,0,2,0,0,0,0,0,2,0,0,0,2,0,2,0,2,0,0,2,2,0,2,0,0,0,0,2,0,2,0,2,0,0,2,0,0,0,2,0,0,2,2,2,2,2,0,0,0,0,0,0,0,0,2,0,2,2,0,0,0,0,0,0,2,0,0,0,0,0,0,0,2,2,0,0,0,2,0,2,0,0,0,0,0,2,2,0,0,0,0,0,0,0,0,0,0,2,2,0,0,0,0,0,0,0,2,0,0,0,0,0,0,0,0,0,0,0,0,2,0,0,0,0,0,0,2,0,2,2,2,2,0,0,0,0,0,0,2,2,2,0,0,0,0,2,0,NA,0,0,2,0,2,0,NA,2,0,2,0,2,0,2,0,0,0,0,0,2,0,0,0,0,0,0,0,2,0,2,0,0,0,0,0,0,0,0,0,2,0,2,0,2,2,0,0,0,0,0,2,2,0,0,0,2,0,0,2,0,2,2,0,0,0,0,0,2,0,2,0,0,2,0,2,0,0,2,0,2,0,0,2,0,0,0,0,0,0,0,0,0,0,0,0,0,0,0,0,0,2,0,0,NA,0,0,2,0,0,0,0,0,0,0,0,0,0,2,0,0,0,0,0,0,0,0,0,0,0,0,0,0,0,0,0,0,0,0,2,0,0,0,0,0,0,0,0,0,0,0,0,0,2,0,0,2,0,0,0,0,0,0,0,0,0,0,0,0,0,0,0,0,0,0,0,0,0,0,0,0,2,0,0,0,2,0,0,0,2,0,0,0,0,0,2,2,0,0,0,0,0,0,0,0,2,0,0,0,0,0,0,0,0,2,0,0,2,0,0,0,0,0,0,0,0,0,0,2,0,2,0,2,2,0,2,0,0,0,2,2,0,0,0,2,0,0,2,0,2,0,0,0,0,2,0,0,0,2,0,0,0,0,0,0,0,2,2,2,0,0,2,2,2,0,0,0,0,0,2,0,2,0,0,0,0,0,0,0,0,0,2,0,0,2,0,0,0,0,0,0,0,0,2,2,2,0,2,0,2,0,2,0,0,0,0,2,0,2,2,0,0,2,0,0,0,0,0,0,0,2,0,0,0,0,0,0,0,0,2,2,0,0,0,2,0,0,0,0,0,2,2,0,0,0,0,0,0,0,0,0,2,0,0,0,0,0,0,0,2,0,0,0,0,2,2,2,0,2,0,0,0,0,0,0,0,2,0,0,2,0,2,2,0,0,0,2,0,0,0,0,2,0,0,0,0,0,0,0,0,0,0,0,2,0,0,2,0,2,0,0,0,0,0,0,0,0,2,0,0,0,2,0,0,2,0,0,0,0,2,NA,0,NA,0,0,0,NA,0,0,2,0,0,2,0,0,0,0,0,2,0,0,NA,0,0,0,2,2,0,2,0,2,2,0,2,0,0,2,2,0,0,2,0,2,0,2,0,0,0,2,2,0,0,0,2,0,0,0,NA,2,0,2,2,0,0,0,2,0,2,2,0,0,2,0,0,2,2,2,2,2,0,2,2,0,0,2,0,0,2,0,0,0,0,0,0,0,0,0,0,2,2,2,0,0,0,0,0,0,0,0,0,2,2,0,0,0,0,2,0,0,0,0,0,0,0,0,0,0,0,0,0,2,0,2,0,0,0,0,0,0,0,2,0,2,0,0,0,0,0,0,0,0,0,0,0,0,0,0,0,0,0,0,2,0,2,0,0,0,0,0,0,0,2,0,2,2,0,0,0,0,2,0,2,NA,0,2,2,0,2,0,0,2,0,2,0,0,0,0,0,0,0,0,0,NA,2,0,0,2,0,0,0,2,0,2,0,0,0,2,0,0,0,2,0,2,0,2,0,0,0,0,0,0,0,0,2,0,0,0,0,2,0,0,0,0,0,0,0,0,0,0,0,2,2,0,2,0,0,2,2,0,0,0,2,0,0,0,2,2,0,0,0,2,2,2,2,2,2,0,0,0,2,2,0,0,0,2,0,0,0,0,0,0,0,2,2,0,2,0,0,2,0,0,0,0,0,2,0
"CC92",2,0,2,0,0,0,2,0,0,0,0,2,0,2,2,0,0,0,0,0,2,2,0,0,2,0,0,0,0,2,0,0,0,0,0,0,0,2,2,0,0,0,2,0,0,0,0,0,0,0,0,0,0,0,0,0,0,0,0,0,0,0,0,0,2,2,0,0,0,0,0,0,0,0,0,0,0,2,0,2,0,0,0,0,0,0,0,0,0,0,0,2,0,0,0,0,0,0,0,2,2,2,2,2,2,0,0,0,0,2,0,0,2,0,0,0,0,0,0,0,0,0,2,2,0,0,0,0,0,0,2,0,0,0,0,0,0,0,0,0,0,0,0,0,0,NA,0,0,0,0,0,0,0,0,2,0,0,0,2,2,2,0,0,0,0,2,0,0,0,0,0,0,0,0,0,0,0,0,0,2,0,0,0,0,0,0,0,0,0,2,0,0,0,0,0,0,0,0,0,0,0,0,0,0,0,2,0,0,0,0,0,0,0,0,0,0,0,0,0,0,2,2,0,0,0,0,0,2,0,0,0,0,2,2,0,0,0,2,0,0,2,0,0,0,0,0,0,0,2,0,0,0,0,0,0,0,2,2,0,0,0,0,0,2,2,0,0,0,0,2,0,0,0,0,0,0,0,0,0,0,2,0,0,0,0,0,0,0,2,0,0,2,2,0,0,0,2,0,0,0,2,0,0,2,0,2,0,2,0,0,0,0,0,0,0,2,0,2,0,0,2,0,0,2,0,0,0,0,0,0,0,0,2,0,0,0,0,2,2,0,2,0,0,0,0,0,0,0,2,0,0,0,0,0,0,0,0,0,0,2,0,2,0,0,0,0,0,2,0,0,0,0,0,2,0,0,0,0,2,0,0,0,0,0,2,0,2,0,2,0,0,0,0,0,0,0,0,0,0,2,0,0,2,0,2,2,0,0,0,0,0,0,0,0,0,0,0,2,0,0,0,2,2,0,0,0,0,0,0,2,0,0,2,0,0,0,0,0,2,0,0,0,0,0,2,2,0,0,0,0,0,0,2,0,2,0,2,0,0,2,2,2,2,0,2,2,0,0,2,0,2,2,0,2,0,0,NA,0,0,0,2,0,0,2,0,0,0,2,2,0,0,0,0,2,0,0,2,0,0,2,0,0,2,0,0,0,0,0,2,2,0,0,0,0,0,0,0,0,0,2,2,2,2,2,0,0,0,0,0,2,0,0,2,0,0,2,0,0,0,0,2,0,0,0,2,0,0,0,0,0,2,0,0,2,0,0,0,0,0,0,2,0,0,2,0,0,2,0,0,0,0,2,0,0,0,0,2,0,0,0,2,2,2,0,0,0,0,0,0,2,0,0,2,0,2,0,0,0,0,0,0,0,0,0,0,0,0,0,0,0,0,0,0,0,0,0,2,0,0,0,0,0,0,2,0,2,0,0,2,0,2,0,0,0,0,0,0,0,0,2,0,0,0,0,0,0,0,2,0,0,0,0,0,0,0,0,2,0,0,0,2,0,2,0,0,0,0,0,0,0,0,0,0,2,0,0,0,0,0,0,0,0,2,0,0,0,0,0,0,0,0,0,0,0,0,0,2,0,0,2,0,2,0,0,0,0,0,0,0,0,0,0,0,0,0,0,0,0,2,0,0,0,0,0,0,2,0,2,2,0,2,0,0,0,2,0,0,0,0,0,0,0,0,0,0,0,0,2,2,0,0,0,0,0,0,0,0,0,2,0,2,0,0,2,0,0,0,0,0,0,2,0,0,0,0,0,0,0,0,0,0,0,0,0,0,0,0,0,0,0,0,0,0,0,0,2,0,0,0,0,0,0,0,0,0,0,0,2,0,0,0,2,0,0,0,0,0,0,0,0,0,0,2,0,0,0,0,0,0,0,0,0,0,0,0,0,0,0,0,0,2,0,0,2,0,0,2,0,0,0,0,2,0,0,0,0,0,0,0,2,2,0,0,0,2,0,0,2,0,0,0,0,0,0,0,0,0,0,0,0,0,0,0,2,0,0,2,0,0,0,2,0,0,0,0,0,2,0,0,0,0,0,0,0,0,0,0,0,0,0,0,0,0,0,0,2,0,0,0,2,2,0,0,0,0,0,0,0,0,0,0,0,0,0,0,0,0,0,0,0,0,0,0,0,2,0,0,0,0,0,2,0,2,0,2,0,0,0,0,0,0,0,0,0,0,0,0,0,0,0,0,0,2,0,0,0,0,0,2,2,0,0,0,0,0,0,0,0,0,0,0,NA,0,0,2,0,0,0,0,0,0,0,0,0,0,0,0,0,0,0,0,0,0,0,0,0,0,2,0,0,0,0,0,0,2,0,0,0,0,0,0,2,0,0,2,0,0,0,2,0,0,0,0,0,0,2,2,0,0,0,2,0,0,0,2,2,0,2,2,0,0,0,0,2,0,0,2,2,0,0,2,2,2,0,2,0,0,0,0,2,2,0,0,0,0,0,2,0,2,2,0,2,0,0,0,0,0,0,0,0,2,0,2,2,0,0,0,0,0,0,2,0,0,0,0,2,0,2,0,2,0,0,0,0,2,0,0,0,0,0,0,0,0,0,0,0,0,0,0,0,0,0,0,2,2,0,0,2,2,2,0,0,0,0,0,0,0,0,0,0,0,0,0,0,2,0,0,0,0,0,2,0,0,0,0,2,0,0,0,0,2,0,0,2,0,0,0,0,2,0,0,0,0,0,0,2,0,2,0,0,0,0,0,0,0,0,0,0,0,0,0,0,0,2,0,0,0,0,0,2,2,0,2,0,0,0,0,2,2,0,0,0,0,0,0,0,0,2,0,2,0,2,0,2,2,2,0,0,0,0,0,0,0,0,0,0,0,0,0,0,0,0,0,0,0,0,0,0,0,2,0,0,2,0,0,0,2,0,0,2,2,0,2,0,0,2,0,0,0,0,2,0,2,0,0,0,0,0,0,0,2,2,0,2,0,0,0,0,2,NA,0,0,2,0,0,0,0,2,0,0,0,0,0,0,0,0,0,0,2,2,2,0,2,0,2,2,0,0,2,0,0,0,2,0,0,0,0,0,2,2,0,0,0,2,0,0,0,0,2,0,0,0,0,0,0,0,0,0,0,0,0,2,0,0,2,0,2,0,0,2,0,0,0,0,0,0,0,0,0,0,0,0,0,0,0,0,0,0,0,0,0,0,0,0,0,0,0,0,2,2,0,0,2,0,0,0,0,0,0,0,0,0,0,0,2,2,0,0,0,0,0,0,2,0,0,0,0,0,0,0,0,0,0,0,0,0,0,2,2,0,0,2,0,0,2,0,0,0,0,0,0,0,0,0,0,2,0,0,2,0,0,0,0,0,0,0,0,0,0,0,0,0,2,0,0,0,0,2,2,0,0,0,0,0,0,0,0,2,0,2,0,0,2,2,0,2,0,0,0,0,0,0,2,0,0,2,0,0,0,0,2,0,0,2,0,0,0,0,0,2,0,0,0,0,0,0,0,0,0,0,0,0,0,0,0,0,2,0,0,2,2,0,2,0,0,0,0,2,0,0,0,2,0,0,0,2,0,0,2,0,2,0,0,0,0,0,0,0,0,2,0,0,0,2,0,0,0,0,0,0,0,0,0,2,0,2,0,0,0,0,0,2,0,0,0,0,0,0,0,0,0,0,0,2,0,0,0,0,0,0,0,0,0,0,2,2,2,0,0,0,0,0,2,0,0,0,0,0,0,0,0,2,0,0,0,2,2,0,0,0,0,0,2,0,0,0,0,2,0,0,0,0,0,0,0,0,0,2,0,0,0,2,0,0,0,0,2,0,2,0,0,2,2,0,0,2,0,0,0,2,0,0,2,0,0,0,0,2,0,0,2,0,0,0,0,0,2,0,0,0,2,0,0,2,2,0,2,0,2,0,0,0,0,0,0,0,0,2,0,0,0,2,2,2,0,0,0,0,0,0,0,0,0,0,0,2,0,0,0,0,0,0,0,0,2,0,0,0,0,0,0,0,2,2,0,0,2,0,0,0,0,0,0,0,0,0,0,0,0,0,0,0,0,0,0,0,0,0,0,0,0,0,0,2,0,0,2,0,0,2,0,2,0,0,0,0,0,0,2,0,0,0,2,2,0,0,2,0,0,0,0,0,0,0,0,0,0,2,0,0,0,0,0,2,2,2,0,0,2,0,0,0,0,0,0,0,0,0,0,0,0,0,0,2,0,0,0,0,2,0,0,0,0,0,0,0,0,0,2,2,0,0,0,0,2,0,2,0,0,0,2,2,0,0,0,0,0,0,0,0,0,0,0,2,0,0,0,0,0,0,0,0,0,0,2,2,0,0,0,2,0,2,2,0,2,0,0,0,0,2,0,2,0,0,0,0,2,0,0,2,0,0,0,0,2,2,0,0,0,0,0,0,0,0,0,0,0,0,2,0,0,2,0,0,0,2,2,0,0,0,0,2,0,0,2,0,0,0,0,0,0,0,0,0,0,0,0,0,0,0,2,2,0,0,0,0,2,2,0,0,0,0,0,0,0,0,2,0,0,0,0,2,0,0,0,0,2,0,0,0,0,0,0,0,2,NA,0,0,2,0,0,0,0,2,0,2,0,0,0,0,0,2,0,0,0,0,0,0,0,0,0,0,0,0,2,0,0,0,0,0,0,2,0,0,0,2,0,0,0,0,0,0,0,0,0,0,0,0,0,0,0,0,0,0,0,0,0,0,0,0,0,0,0,0,0,0,2,0,0,0,0,0,0,0,0,0,0,0,0,2,0,2,0,2,0,0,0,0,0,0,0,2,2,2,0,0,0,0,0,0,0,2,0,0,0,0,0,0,0,0,0,0,0,0,2,2,2,0,2,0,0,0,0,2,2,0,2,0,0,0,0,0,0,0,0,0,0,0,0,0,0,0,2,2,0,0,0,0,0,0,0,2,0,0,0,0,0,0,2,2,0,2,2,0,0,0,0,2,0,0,0,0,2,0,0,0,0,0,0,0,2,0,0,2,0,0,0,0,2,0,0,0,0,0,0,0,0,0,0,0,0,0,0,0,2,2,0,0,0,0,0,0,0,0,0,0,0,0,0,0,0,0,0,2,0,0,0,0,0,0,0,0,0,0,0,0,0,0,0,2,0,0,0,0,0,0,0,0,0,0,0,2,0,0,0,0,0,0,0,0,0,0,0,0,0,0,0,0,0,0,0,0,0,0,0,NA,0,0,0,0,2,0,0,0,2,2,0,2,2,2,0,0,0,2,0,2,0,2,0,0,0,0,0,2,0,0,2,0,0,0,0,0,0,0,0,0,0,2,0,0,0,0,0,2,2,2,0,0,0,0,0,0,2,0,0,2,2,0,0,0,0,2,0,2,NA,0,0,0,0,2,2,2,0,2,0,0,0,0,0,2,0,0,0,0,2,0,0,0,0,0,0,0,0,0,0,0,0,0,0,2,0,0,0,0,0,0,0,2,0,0,2,0,0,0,0,0,0,0,0,2,0,0,0,2,NA,0,2,0,2,2,0,2,0,0,0,2,0,0,0,0,0,0,0,0,2,0,0,0,0,0,2,0,0,2,0,0,0,0,2,0,0,0,0,0,0,0,0,NA,0,0,0,0,0,0,2,0,0,0,0,2,0,0,0,0,0,0,0,0,0,0,0,0,0,0,0,0,0,0,2,0,0,0,0,0,0,0,0,0,0,2,0,0,0,0,2,0,0,2,0,0,2,0,0,0,0,0,0,2,2,0,0,0,2,2,0,0,0,2,0,2,0,0,0,0,2,0,2,0,0,0,0,0,0,0,2,0,0,0,0,0,0,0,0,0,0,0,2,2,0,0,NA,0,2,0,0,0,0,0,0,0,0,0,0,0,0,0,0,0,0,2,0,0,0,0,0,0,2,2,0,0,0,2,2,0,0,0,0,0,0,0,2,0,0,0,0,0,0,2,0,2,0,0,2,0,2,0,2,2,2,0,2,2,0,0,0,0,2,0,2,0,0,0,2,0,0,0,2,0,2,2,0,0,2,0,2,0,0,0,0,0,0,2,2,2,0,0,2,2,0,2,0,0,0,0,0,2,2,0,0,0,2,0,0,2,2,0,0,0,0,2,0,2,2,0,0,0,0,0,0,0,2,0,0,0,0,0,NA,0,0,0,0,0,2,0,0,0,0,0,0,2,0,2,0,0,0,2,0,0,0,0,0,2,0,0,2,0,0,0,0,2,2,0,0,0,0,2,0,2,0,2,0,2,0,2,0,2,2,2,2,0,2,0,0,0,0,0,0,2,0,0,0,0,2,0,0,2,0,0,0,0,0,0,2,2,2,0,0,2,0,0,2,0,0,2,2,0,0,0,2,0,0,2,0,2,0,2,2,0,0,2,2,0,0,0,0,0,0,2,0,0,0,2,0,0,2,2,2,0,0,0,0,0,0,0,0,0,0,0,2,0,0,0,0,0,0,2,0,0,0,0,2,0,0,2,0,0,2,2,0,0,0,0,2,0,2,0,0,2,0,0,0,0,2,0,0,0,0,2,0,0,0,0,0,0,0,0,0,0,0,0,0,0,0,0,2,2,2,2,0,0,0,0,0,2,0,0,2,0,2,0,0,0,0,2,2,0,0,2,2,0,2,0,2,NA,2,2,0,0,2,2,0,2,NA,0,0,2,0,0,0,0,0,0,0,0,0,0,0,0,0,0,0,2,2,2,0,0,0,0,0,2,0,0,0,0,0,0,0,0,0,0,2,0,0,0,0,0,2,0,0,0,0,0,0,0,0,0,0,0,0,0,0,0,0,0,0,0,2,0,0,2,2,0,0,2,2,2,2,0,0,0,0,0,0,0,0,2,0,0,2,0,0,0,2,0,0,0,0,0,0,2,2,0,0,0,0,0,2,2,0,0,0,0,0,0,2,2,2,0,2,0,0,0,0,0,2,0,2,0,0,2,0,0,2,2,0,0,2,0,2,2,2,0,0,0,0,0,2,2,0,2,2,NA,2,0,2,0,2,2,0,0,0,2,2,2,0,0,0,2,0,0,0,0,0,2,2,0,0,0,0,0,0,0,0,2,0,0,0,0,2,0,0,0,0,2,0,2,0,2,2,0,0,2,0,0,2,2,0,0,0,0,0,2,0,0,0,0,2,2,2,0,2,0,2,0,0,0,0,0,2,0,0,0,0,0,0,0,0,0,0,0,2,0,0,0,0,2,0,0,0,0,0,0,0,0,0,0,0,0,2,0,2,2,0,0,0,2,0,0,2,0,0,2,0,0,0,0,0,2,0,0,0,2,0,0,2,2,0,2,0,2,2,2,2,0,0,0,0,2,0,0,0,0,0,2,2,2,0,0,2,0,0,0,2,2,0,2,0,0,2,2,0,2,2,0,0,0,0,2,2,2,2,0,0,0,0,2,0,0,0,2,2,0,0,0,2,0,0,2,0,0,0,0,0,2,2,0,2,0,0,0,0,2,0,2,0,0,0,0,0,0,0,0,2,0,2,0,2,0,0,0,0,2,2,0,2,2,0,2,0,0,0,0,0,0,2,2,2,2,2,0,2,0,0,2,2,0,2,0,0,0,0,2,0,0,0,0,0,0,0,0,0,2,0,0,0,0,0,2,2,2,0,2,0,0,0,0,0,0,0,0,2,2,2,0,0,0,2,0,0,2,0,2,0,0,0,0,2,0,0,2,0,2,0,0,2,2,0,0,2,0,0,0,2,0,0,0,2,0,2,0,0,0,0,0,0,0,0,0,0,0,0,0,0,0,0,0,2,0,0,0,0,2,0,0,0,0,0,0,2,0,0,2,2,0,2,2,2,0,0,2,0,0,2,0,0,2,0,2,2,0,0,0,0,2,0,0,0,0,2,0,0,0,0,2,0,0,2,0,2,0,0,0,2,0,0,0,0,0,0,0,2,0,0,0,0,0,2,0,0,0,0,0,0,0,0,0,0,0,0,0,0,0,2,2,0,0,0,2,0,0,0,0,0,0,0,0,0,0,0,0,2,0,0,0,0,0,0,0,0,0,0,0,0,0,0,0,0,0,0,0,0,0,0,0,0,0,0,0,0,0,0,0,0,0,0,0,0,0,0,0,0,0,0,0,0,0,2,0,0,0,2,0,2,0,2,0,0,0,2,0,0,0,2,2,0,0,2,0,0,0,0,2,0,2,2,2,0,2,2,0,0,0,2,0,2,0,2,0,0,0,2,0,0,2,2,0,0,0,2,2,2,2,0,2,0,0,0,0,0,2,0,2,0,0,0,0,0,0,0,0,0,2,0,2,2,0,0,0,0,0,2,2,0,0,2,2,0,0,0,0,0,0,0,0,0,0,2,0,0,NA,2,0,0,0,2,0,2,2,2,0,0,0,0,0,2,0,0,2,0,0,0,0,2,0,2,2,0,0,0,0,0,2,0,0,2,0,0,0,2,0,0,0,0,2,0,2,0,0,2,0,0,2,2,0,2,2,2,2,2,0,0,2,0,0,2,2,0,0,0,0,0,0,2,0,0,0,0,0,0,0,0,0,0,0,2,0,0,0,2,0,0,0,0,0,0,2,2,0,2,0,0,2,2,0,0,2,0,0,0,0,0,0,0,0,0,0,2,0,0,0,2,0,0,0,0,0,2,0,0,0,2,0,2,0,0,2,0,2,0,0,0,0,0,0,0,0,0,0,0,0,2,0,0,0,0,0,0,0,0,2,0,0,2,2,0,2,0,0,2,0,0,0,2,0,0,0,0,0,2,0,0,2,0,0,0,0,0,0,2,0,0,0,0,0,2,2,2,0,0,2,0,0,2,0,0,2,0,2,0,2,0,0,2,0,0,0,2,0,0,0,0,0,0,0,0,0,0,0,0,0,0,0,0,0,0,0,0,0,0,0,0,2,0,0,0,0,0,0,0,0,0,0,0,2,0,0,0,0,0,0,0,0,0,2,2,2,0,0,2,0,0,2,0,0,2,0,0,0,0,0,0,0,0,0,0,2,0,0,2,0,0,0,0,0,0,0,0,0,2,0,2,0,0,0,2,2,0,2,0,0,0,0,0,0,0,2,0,0,0,2,0,2,0,0,0,0,0,2,2,0,0,2,0,0,2,0,2,0,0,0,2,2,0,2,0,0,0,0,0,0,2,0,0,0,2,0,0,0,0,0,2,0,0,0,2,0,2,0,0,2,2,0,0,0,2,0,0,0,0,0,2,2,0,2,0,0,0,0,2,0,2,0,2,0,0,0,0,0,0,2,0,2,0,0,2,0,0,2,0,0,0,2,2,2,2,0,0,0,0,0,0,0,0,0,NA,0,0,0,2,0,2,0,2,2,0,0,0,2,0,0,0,0,0,2,2,0,2,0,0,2,0,2,2,0,0,2,0,0,0,0,0,0,2,0,0,0,0,0,0,0,2,2,0,2,0,0,0,0,2,0,0,2,0,0,0,2,0,0,2,0,2,0,0,2,0,0,0,0,0,0,0,0,0,0,0,0,2,0,2,0,0,2,0,0,0,0,0,0,0,0,2,0,0,0,0,0,2,0,2,0,0,0,0,0,0,0,0,0,0,0,0,0,0,0,0,0,0,0,0,2,0,0,2,0,0,0,0,0,0,0,2,0,0,0,0,0,0,0,0,0,0,0,2,2,2,0,0,0,2,0,0,0,0,0,0,0,0,0,0,0,0,2,0,2,0,0,2,0,0,2,0,2,0,2,0,0,0,2,0,0,0,0,0,0,0,0,0,0,2,2,2,NA,0,0,0,0,0,2,0,0,0,0,0,0,0,2,2,0,0,0,2,0,0,0,0,2,2,2,2,0,0,0,0,0,0,0,2,0,2,0,0,0,0,0,0,2,2,2,0,0,0,2,0,0,0,0,2,0,0,0,0,0,0,0,0,0,0,0,0,0,2,0,0,0,2,2,0,0,0,0,0,0,2,0,0,0,0,0,0,0,0,0,2,0,0,0,0,0,0,2,0,0,2,0,0,0,2,2,0,0,0,0,0,0,0,0,0,0,2,0,0,2,0,0,0,0,0,0,2,2,2,2,2,0,0,2,0,0,0,0,0,0,2,0,0,0,0,0,2,2,0,2,2,2,0,0,2,2,2,0,0,0,0,0,2,0,2,0,0,0,0,0,0,0,2,0,2,2,0,0,0,0,2,2,0,0,0,0,0,0,2,0,0,2,0,2,0,0,0,2,2,0,0,0,0,0,0,2,0,0,0,0,0,0,0,0,0,0,0,0,2,0,0,0,2,0,0,0,0,2,0,0,NA,2,2,0,2,2,0,0,0,0,0,0,0,2,0,0,0,0,0,0,0,2,0,0,0,2,0,0,0,0,0,0,0,2,0,0,0,0,0,2,0,0,0,0,0,0,0,0,0,0,2,0,0,2,0,0,0,0,0,2,0,0,0,0,0,2,0,2,0,0,0,0,0,0,0,0,0,0,0,0,0,0,0,2,0,0,0,2,2,0,0,0,0,0,0,2,0,2,2,2,2,0,0,0,2,0,2,0,0,0,0,2,2,0,0,NA,0,0,0,0,2,0,0,0,0,0,0,0,0,0,0,0,0,0,0,0,0,0,0,0,0,0,0,0,0,0,0,0,0,0,0,0,2,0,2,0,0,0,0,0,0,0,2,0,0,2,0,0,2,0,2,0,2,0,0,0,0,0,2,0,0,2,2,0,2,0,0,0,0,0,0,0,0,2,0,0,0,2,0,2,2,0,2,0,0,2,0,2,0,2,0,0,2,0,0,0,2,0,0,0,0,0,0,2,0,0,0,0,0,0,0,0,0,2,0,0,2,2,0,0,0,2,2,0,0,0,0,2,2,0,0,0,0,2,0,0,0,0,0,0,2,0,0,0,0,0,0,0,0,0,2,0,2,2,2,0,0,0,0,0,2,0,0,2,0,0,2,0,2,0,2,2,0,0,0,0,0,0,2,0,0,2,0,0,NA,0,0,0,0,2,2,0,0,2,0,0,0,0,0,0,0,0,0,0,0,0,0,2,0,0,2,0,0,0,0,0,0,0,0,0,0,0,0,0,0,0,0,0,0,0,2,2,0,2,2,0,0,0,0,0,0,0,0,0,0,2,2,NA,0,0,0,0,0,0,0,0,0,0,2,0,0,0,2,0,2,0,0,0,0,0,2,2,0,0,0,0,0,0,0,0,0,0,0,0,0,0,0,0,0,0,2,0,0,0,0,2,0,0,0,0,0,2,0,0,0,0,0,0,0,0,0,0,0,0,0,0,2,0,0,0,0,0,0,0,2,2,0,0,0,0,0,0,2,0,0,0,0,0,0,0,0,0,2,0,0,2,0,2,0,0,0,0,0,2,0,2,0,0,0,0,0,2,0,0,0,0,0,0,0,0,0,0,0,0,0,2,0,2,0,0,0,2,0,0,0,0,0,0,0,2,0,0,0,0,2,0,0,0,0,0,0,0,0,0,0,0,0,0,2,0,2,0,0,0,0,0,2,0,2,0,2,0,0,0,2,0,0,2,0,2,0,0,0,0,2,0,0,0,0,0,0,0,0,2,0,2,0,2,0,2,0,0,2,0,0,0,0,0,0,2,0,2,0,0,0,0,0,0,0,0,0,0,2,0,2,0,0,0,2,2,0,0,2,2,0,0,2,2,0,0,0,2,0,0,0,0,0,0,2,0,0,2,2,0,2,0,0,2,0,0,0,0,0,0,2,0,0,0,0,2,0,0,0,0,0,0,2,0,0,0,0,0,0,2,0,0,0,2,0,2,0,0,0
"CC93",0,0,0,0,0,0,2,0,0,0,0,0,0,2,2,0,0,0,0,0,0,2,0,0,2,0,0,0,0,0,0,0,0,0,0,0,2,0,2,0,0,0,0,0,0,0,0,0,0,0,0,0,0,0,0,0,0,0,0,0,0,0,2,0,2,2,0,0,0,0,0,0,0,2,0,0,0,0,0,2,0,0,0,0,0,0,0,0,0,2,0,2,0,0,0,0,0,0,0,0,0,0,0,0,2,0,0,0,0,0,0,0,0,0,0,0,0,0,0,2,0,0,0,2,0,0,0,0,2,0,2,0,0,0,0,0,0,0,2,0,0,0,0,0,0,0,0,0,0,0,0,0,0,0,0,0,2,0,0,0,0,0,2,0,0,2,2,0,0,0,0,0,2,0,0,2,0,0,0,2,2,0,0,2,0,0,0,0,0,2,2,0,0,0,2,2,0,0,0,0,0,0,0,0,0,0,0,2,0,0,0,2,0,0,2,0,0,0,2,0,2,0,0,2,0,0,0,2,0,2,0,0,0,0,0,0,0,2,0,0,0,0,0,2,2,0,0,0,NA,0,0,0,0,0,0,2,0,2,0,0,2,0,0,0,0,0,0,0,2,0,0,0,0,0,0,0,0,0,0,0,0,2,0,2,0,0,0,0,0,0,0,0,0,0,0,2,0,2,2,2,0,0,0,2,2,0,0,2,0,0,0,0,0,0,0,2,0,2,0,0,0,0,0,0,2,0,0,0,0,0,0,2,0,0,0,2,0,0,2,0,0,0,0,0,0,0,0,0,0,0,0,0,0,0,0,0,0,0,0,0,0,0,0,0,0,0,0,0,0,0,0,0,0,0,0,0,0,0,0,0,0,0,2,0,2,0,2,2,2,0,0,2,0,0,0,0,0,0,0,0,2,0,0,0,0,0,0,0,0,2,0,0,0,0,0,0,0,2,0,0,0,0,2,0,2,0,0,2,0,0,0,0,2,0,2,0,0,0,2,0,2,0,0,0,0,2,0,0,0,0,0,0,2,0,0,0,2,0,0,0,0,2,2,0,0,0,0,0,0,0,0,2,0,0,0,0,0,0,0,0,0,0,0,2,0,2,0,0,2,0,0,0,0,0,0,0,0,0,2,2,0,2,0,0,0,0,0,0,0,0,0,0,0,0,0,0,0,0,0,2,0,0,2,0,0,0,0,0,0,0,0,0,2,0,0,0,0,0,0,0,2,0,0,2,0,0,0,0,0,0,2,0,0,0,0,0,2,2,0,0,0,0,0,0,0,0,0,0,0,0,0,2,0,0,2,0,0,0,2,2,2,0,0,0,0,0,0,0,0,2,0,2,0,0,2,0,0,0,0,2,0,0,0,2,0,0,2,2,0,2,0,0,0,0,0,0,0,0,0,2,0,0,0,0,2,2,0,0,0,0,0,0,0,0,0,0,0,2,0,0,0,0,0,0,0,0,0,2,0,0,0,0,0,0,2,0,0,0,2,0,0,0,0,0,0,2,NA,0,0,2,0,0,0,0,0,2,0,0,0,2,0,0,2,0,0,0,0,2,0,0,2,0,2,2,0,0,0,2,2,0,0,2,0,0,2,2,2,0,2,2,0,2,2,0,0,0,2,0,0,0,0,NA,2,0,0,0,2,0,0,NA,0,0,0,0,0,0,0,0,0,0,0,0,2,0,0,0,0,0,0,2,0,0,0,0,2,0,2,0,2,0,0,0,0,0,0,0,0,0,0,0,2,0,0,2,0,2,2,2,0,0,0,0,0,0,0,0,0,0,0,2,0,0,0,NA,0,2,0,0,0,2,0,0,0,0,0,2,0,0,2,0,0,0,0,0,2,0,2,2,2,0,0,0,0,0,0,2,0,0,0,0,2,0,0,0,2,0,2,0,0,0,0,2,0,2,0,0,2,0,0,2,0,0,2,0,2,0,0,0,2,0,0,2,2,0,2,0,0,2,0,0,2,0,0,2,0,0,0,0,0,0,0,0,0,2,2,2,2,0,0,2,0,2,2,2,2,0,0,0,0,0,0,2,0,0,2,0,0,0,0,0,2,0,0,0,0,0,0,0,2,2,0,0,0,0,0,0,2,0,0,0,0,0,0,0,0,2,0,0,0,0,0,0,0,0,0,0,0,0,0,0,2,0,0,0,2,2,0,0,NA,0,0,0,0,0,0,0,0,0,2,0,0,0,0,2,0,0,2,0,2,2,0,0,0,0,0,0,0,0,0,0,2,0,0,0,0,0,2,2,0,0,0,2,0,0,0,0,0,0,0,0,0,2,0,2,0,0,0,2,0,0,0,0,0,0,2,0,2,0,0,0,0,0,2,2,0,0,0,0,0,2,0,0,2,0,0,0,0,0,0,0,0,2,0,2,2,2,0,2,2,2,0,0,NA,0,0,0,2,2,0,0,2,0,2,0,2,0,2,2,2,NA,0,0,2,0,0,0,0,2,0,0,2,0,0,0,0,0,2,0,0,0,2,0,2,2,0,0,0,0,0,0,2,0,0,0,0,0,2,2,2,0,0,0,2,0,0,0,0,0,0,0,0,0,0,2,0,2,0,2,2,0,0,2,0,NA,0,0,0,0,2,2,0,0,0,2,0,0,0,0,0,0,0,0,0,0,0,0,0,0,0,0,0,0,0,0,0,0,0,0,0,0,2,0,0,0,2,0,0,0,2,0,2,2,0,0,2,0,0,0,2,0,0,0,0,0,2,2,0,0,0,0,0,0,0,2,2,0,0,0,0,0,2,0,2,0,0,2,0,2,0,2,0,2,2,0,0,NA,0,2,0,0,0,0,0,2,0,2,0,0,0,0,0,0,0,0,0,0,0,0,0,0,0,0,0,0,0,0,2,0,0,2,0,0,2,0,0,0,2,0,2,0,0,0,0,2,0,2,0,2,0,0,2,0,0,0,0,0,2,NA,0,2,0,0,0,2,2,0,0,0,0,0,0,0,2,2,0,0,0,2,0,0,0,0,0,2,0,0,0,0,0,0,2,0,0,0,0,0,0,0,0,0,0,0,0,0,0,0,0,0,0,2,0,2,0,0,2,0,0,0,0,0,2,2,2,2,2,0,0,0,2,0,0,0,0,0,0,0,0,2,0,0,0,0,0,2,0,0,0,0,0,2,2,2,0,0,2,0,0,0,0,0,0,0,0,0,0,0,0,0,0,0,0,2,0,0,2,0,0,0,0,0,0,0,0,0,0,0,0,0,0,0,2,0,0,0,0,0,0,0,0,0,0,0,0,0,0,0,0,0,0,0,0,0,0,0,0,NA,0,0,0,0,0,2,0,0,2,2,2,2,2,2,2,0,0,0,0,0,0,0,0,0,2,0,0,0,0,2,2,0,0,0,0,0,2,0,2,0,0,0,0,0,0,2,0,0,0,2,0,0,0,0,0,0,0,0,0,0,2,0,0,2,2,0,2,0,0,0,0,0,0,0,0,0,0,0,0,0,0,0,2,0,0,0,0,0,2,0,0,0,0,2,0,0,0,0,2,0,0,0,0,0,0,0,0,2,0,0,2,0,0,0,0,0,2,0,2,0,0,0,0,0,0,2,0,0,2,0,0,0,0,2,0,0,0,2,2,2,2,0,0,0,0,2,0,2,0,0,2,2,0,0,2,2,0,0,2,0,0,0,0,2,0,2,2,0,2,2,0,0,0,0,0,2,2,0,0,0,0,0,2,0,0,0,0,0,0,2,2,0,0,0,0,0,0,0,0,0,0,0,0,0,0,0,0,0,0,2,0,0,0,0,2,0,2,0,0,2,2,0,2,2,0,0,0,2,0,0,0,2,2,0,0,0,2,0,0,0,2,0,0,0,0,0,2,2,0,2,0,0,0,0,2,0,0,0,0,0,2,0,0,2,2,0,2,0,2,0,0,0,0,2,0,0,0,0,2,0,0,0,0,0,NA,0,0,0,2,0,0,0,0,0,0,0,0,0,0,0,2,0,0,0,0,0,0,0,0,0,0,0,0,0,2,2,2,0,0,0,0,0,0,0,0,0,0,0,2,2,0,0,0,0,0,0,2,0,0,2,0,0,0,2,0,0,0,0,2,0,2,0,0,0,0,0,2,0,0,2,0,0,0,0,0,0,0,0,0,2,0,0,2,0,0,2,0,2,0,0,0,2,0,2,2,0,0,0,0,0,0,0,0,0,2,0,0,2,0,0,0,0,2,0,0,0,0,0,0,2,0,0,2,0,0,0,0,0,0,0,2,0,0,0,2,0,0,0,0,0,0,0,2,0,0,2,2,0,2,0,NA,0,0,2,0,0,2,0,0,2,0,0,2,2,2,0,2,0,2,0,0,0,0,0,2,0,0,2,0,0,0,0,0,0,0,2,2,0,0,2,2,0,0,0,0,0,0,0,0,0,0,2,0,0,0,0,0,0,0,0,0,0,0,2,0,0,0,0,2,0,2,2,0,2,0,0,0,0,0,2,0,0,0,2,2,2,0,0,0,0,0,2,0,0,0,2,0,0,0,0,0,0,2,0,0,0,2,0,0,0,0,0,0,0,0,2,0,0,0,2,0,0,0,0,0,0,2,0,2,0,0,0,0,0,0,2,0,0,0,0,0,0,0,0,0,0,0,0,2,0,2,0,0,2,0,0,0,0,0,0,0,0,0,0,0,2,2,0,0,0,0,0,0,0,2,0,0,0,0,0,2,0,0,0,2,0,2,2,0,2,2,0,0,0,0,0,0,0,0,0,0,0,0,0,0,NA,0,2,2,0,2,0,0,0,0,0,2,2,2,0,0,0,0,0,2,0,0,0,0,0,0,0,0,0,0,2,0,0,0,0,0,2,2,2,0,0,0,0,2,0,0,0,0,0,0,0,0,0,0,0,0,0,0,0,0,0,0,0,0,2,0,0,0,0,0,0,0,0,0,0,0,0,0,0,0,0,0,0,0,0,0,0,0,2,0,0,0,2,0,2,0,0,2,0,2,0,0,2,2,0,0,0,2,0,0,0,0,0,0,0,0,0,0,0,2,0,2,0,0,0,2,0,2,0,2,0,0,0,0,0,0,0,0,0,0,2,2,0,0,0,0,0,0,0,0,0,2,0,2,2,0,0,0,2,0,0,0,2,2,0,2,0,0,0,0,2,0,0,2,0,2,0,0,2,0,2,0,0,0,2,2,0,2,0,0,0,0,2,0,0,2,0,0,0,2,0,0,2,0,0,0,0,0,0,2,0,2,2,0,0,0,0,0,0,0,0,0,2,0,0,0,0,0,0,0,0,0,0,0,0,0,2,0,0,0,0,2,0,0,2,0,0,0,0,0,0,0,0,2,2,2,2,0,0,0,0,0,0,0,2,2,0,0,0,0,0,0,2,NA,0,0,0,0,0,2,0,0,0,2,0,0,0,0,0,0,0,0,2,0,2,2,0,0,0,0,0,0,2,0,0,0,0,0,0,0,0,0,0,0,2,2,2,0,0,2,0,0,2,0,2,0,0,0,0,0,0,0,0,0,0,0,0,0,0,2,0,0,0,0,0,2,0,0,0,0,0,0,2,0,0,2,0,2,0,0,0,2,0,0,2,0,0,2,0,0,0,0,0,0,0,2,0,2,0,0,0,2,0,0,0,0,2,0,0,0,2,2,2,0,2,0,0,0,2,0,2,0,0,0,0,2,2,0,2,0,0,0,2,2,0,0,2,0,0,2,2,0,0,0,0,0,2,0,0,0,2,2,2,0,2,0,0,0,2,0,0,0,0,0,2,0,0,0,2,0,0,0,0,0,0,0,0,0,0,0,0,0,0,0,0,0,0,0,0,0,2,0,0,0,0,0,0,0,0,2,0,2,0,2,0,0,0,2,0,0,0,0,0,0,0,0,0,0,0,0,0,0,2,0,0,0,0,0,2,2,0,2,2,0,0,0,0,0,0,0,0,0,0,0,0,2,0,2,2,2,2,0,0,0,0,0,2,0,0,2,2,2,0,0,0,0,0,0,2,0,0,0,0,0,0,0,0,0,0,0,0,2,0,0,0,2,0,0,2,0,0,0,0,NA,2,0,0,2,0,0,0,0,2,0,0,0,0,0,0,0,2,0,0,0,0,0,0,0,0,0,0,0,0,0,0,2,0,0,2,0,0,2,2,0,0,2,2,0,2,0,2,0,0,2,0,0,0,0,0,0,0,0,0,0,0,2,2,0,2,2,0,0,0,2,2,0,0,0,2,2,2,0,2,0,0,NA,2,0,0,0,0,0,0,0,0,0,2,0,0,0,2,0,0,0,2,2,0,0,0,0,0,2,2,0,0,2,0,2,0,2,2,0,0,2,0,0,2,2,2,2,2,0,0,0,0,0,2,0,0,2,0,0,0,0,2,0,0,0,0,0,2,2,0,0,0,0,0,2,2,0,0,0,0,0,0,0,2,2,0,0,0,0,0,0,0,2,0,2,0,2,2,2,0,0,2,0,0,2,2,2,0,2,0,2,0,2,0,0,0,0,0,0,2,0,2,0,0,0,2,2,0,2,0,2,0,0,2,2,0,0,0,0,0,0,2,0,0,0,0,0,0,0,2,0,0,0,0,2,0,0,0,0,0,2,0,0,0,2,0,0,2,2,2,0,2,0,0,0,0,0,0,0,2,0,0,NA,0,0,0,0,0,0,0,0,0,0,0,0,0,0,0,0,0,0,0,0,0,0,0,2,0,2,0,0,2,2,0,0,0,2,2,2,2,0,2,0,0,2,0,0,0,0,0,0,0,0,2,0,0,0,0,0,0,0,0,2,2,0,0,2,0,0,0,0,2,2,0,0,0,0,0,0,0,0,0,0,0,0,0,0,0,0,0,0,0,0,0,0,2,2,0,0,0,2,2,0,2,0,0,0,2,0,0,0,0,0,2,0,0,0,0,0,0,0,0,0,0,0,0,0,0,2,0,0,0,0,0,2,2,0,0,0,2,0,0,0,0,2,0,2,NA,2,0,2,0,0,0,0,0,0,0,2,0,0,0,0,0,0,0,0,2,0,2,2,0,0,0,0,0,0,0,0,2,0,0,2,0,2,0,0,0,0,2,0,0,0,2,2,0,0,0,0,0,0,2,0,0,0,0,0,2,0,0,0,0,0,0,2,0,0,2,0,2,0,0,0,0,0,2,0,0,0,0,0,2,0,0,0,0,0,2,2,0,2,0,0,0,0,0,0,2,0,0,0,0,0,0,2,0,0,0,0,0,0,0,0,0,2,0,0,2,0,0,0,2,0,0,0,2,0,2,2,0,0,0,0,0,0,2,2,0,0,0,0,0,0,0,0,0,0,0,0,0,0,0,0,0,2,0,0,2,0,2,0,0,2,0,0,0,0,0,0,0,0,0,0,0,NA,0,2,2,0,0,0,0,0,2,0,0,0,0,2,0,2,0,0,0,2,2,0,2,0,0,0,2,2,0,0,0,2,2,0,0,0,0,2,2,0,2,0,2,0,0,2,2,2,0,0,0,2,2,2,0,0,2,0,0,0,0,0,2,2,0,0,2,0,2,2,0,0,2,2,0,0,0,2,2,2,0,0,0,0,0,0,0,0,0,0,0,0,0,0,0,2,0,0,0,2,0,0,0,0,0,0,0,0,0,2,0,0,0,0,0,0,2,2,2,0,0,0,2,2,0,2,0,2,2,0,0,0,0,0,0,0,2,0,2,0,0,0,0,0,0,0,0,0,0,0,0,0,0,0,0,2,NA,0,0,0,0,0,0,0,0,0,2,2,0,0,0,0,2,0,0,0,2,0,2,0,0,0,2,2,0,2,2,0,0,2,0,0,0,2,0,0,0,0,2,2,2,0,0,0,2,0,0,0,0,2,0,0,0,0,0,0,0,0,0,0,0,0,0,0,0,0,0,0,0,0,0,0,0,0,0,0,0,0,0,0,0,0,0,0,0,0,0,0,0,0,0,0,0,0,2,0,0,0,2,2,0,0,0,0,0,0,0,0,0,0,0,0,2,0,0,0,0,0,0,0,0,0,0,0,0,0,0,0,0,0,0,0,0,0,0,0,2,0,0,0,0,0,0,0,0,0,0,0,0,2,0,0,0,0,0,2,0,0,0,2,0,0,0,0,0,0,0,0,0,0,0,0,0,2,0,0,0,0,2,0,0,0,0,0,0,0,0,0,0,2,0,0,0,0,0,2,0,2,2,0,0,0,0,0,0,0,0,2,0,2,2,2,0,0,0,0,2,2,0,0,0,0,0,0,0,0,0,0,0,0,0,2,0,0,0,0,0,0,0,0,0,0,2,0,0,0,0,0,0,0,2,0,0,0,0,0,0,0,0,0,2,0,0,0,0,0,0,0,2,0,0,0,0,0,0,0,0,0,0,0,0,0,0,0,0,0,0,0,0,0,0,0,0,0,0,0,0,0,0,0,0,0,0,0,0,0,0,0,0,0,0,0,0,0,2,0,0,0,0,0,0,0,0,0,0,0,0,0,2,2,0,0,0,2,0,0,0,0,0,0,0,0,2,0,0,0,0,0,2,0,0,0,0,0,0,0,0,2,0,0,0,0,0,2,0,0,0,0,0,0,0,2,2,0,0,2,0,0,0,0,0,0,0,0,0,0,0,0,0,2,0,0,0,0,0,2,0,2,0,0,0,0,0,0,0,2,2,0,0,0,0,0,2,0,2,0,0,2,0,0,2,2,0,2,0,0,0,0,2,0,0,0,0,0,0,0,0,2,0,0,0,0,0,0,0,0,0,0,0,0,0,0,0,0,0,0,0,0,0,0,0,0,0,0,0,0,0,0,0,0,0,0,0,0,0,0,0,0,0,2,0,0,2,0,0,0,0,0,0,2,0,0,0,0,2,0,0,0,0,0,0,0,0,0,0,0,0,0,0,0,0,0,0,0,0,2,2,0,0,0,0,0,0,0,2,0,0,0,0,0,0,0,0,0,0,0,0,0,0,0,0,0,0,0,0,0,0,0,0,0,0,2,0,2,2,0,0,0,2,0,0,0,0,0,2,0,2,0,2,0,0,0,0,0,0,0,0,0,0,2,0,2,0,0,0,2,0,0,0,0,0,0,0,0,0,0,0,0,0,0,0,0,0,2,0,2,0,0,0,0,0,0,0,0,0,2,0,0,0,0,2,2,0,2,0,2,2,0,0,0,0,0,2,0,0,2,0,0,0,0,0,0,0,2,0,0,0,0,2,0,0,0,0,2,2,2,0,0,0,0,2,2,0,2,0,0,2,0,0,0,0,0,2,0,0,0,2,0,2,2,2,0,0,2,2,0,0,0,0,0,0,2,0,0,0,2,2,0,0,0,0,0,2,0,2,2,2,2,0,2,0,0,0,0,0,0,0,0,0,2,0,0,0,0,0,2,2,0,0,0,0,0,0,2,0,0,0,0,2,2,0,0,0,0,0,0,0,0,0,2,2,2,2,0,0,2,0,0,0,0,0,0,0,0,2,0,0,2,0,0,0,2,0,0,0,0,0,0,0,0,0,0,0,0,0,0,0,0,0,2,0,0,0,0,2,0,0,0,0,0,0,0,0,0,0,0,0,0,0,0,0,0,0,2,0,0,0,0,0,2,2,0,2,0,0,0,0,0,0,0,0,0,0,0,2,2,0,0,0,2,0,0,0,0,0,0,0,0,2,0,2,0,0,0,0,0,0,0,0,0,2,0,0,0,0,0,0,2,2,0,0,0,0,0,0,0,0,0,0,0,0,2,2,0,0,2,0,0,0,0,0,0,0,0,0,2,2,2,0,0,2,0,0,0,0,0,2,2,2,2,0,0,0,0,0,0,0,2,0,0,0,0,0,0,0,0,2,0,2,2,0,2,0,0,0,0,0,0,0,0,0,0,0,0,0,0,0,0,0,0,0,2,0,0,0,0,0,0,0,0,0,0,0,2,2,2,0,0,0,0,0,0,0,0,0,0,2,0,0,2,0,0,0,0,0,0,0,2,0,2,0,0,2,0,0,0,2,0,0,2,0,2,0,0,0,0,0,2,2,0,0,0,NA,0,0,0,0,0,2,2,2,0,0,2,0,0,0,0,0,0,0,0,0,0,0,0,0,0,0,0,0,0,0,2,0,0,0,0,0,2,0,0,2,0,0,0,0,0,0,0,0,0,2,2,0,0,0,2,0,0,2,2,0,0,2,0,0,0,2,0,0,2,2,0,0,2,2,0,0,2,0,0,0,0,0,0,0,0,0,0,2,0,0,2,0,0,0,2,0,0,0,0,0,0,0,0,0,0,0,2,0,0,0,0,0,0,0,0,0,0,0,2,0,2,0,0,0,2,0,2,0,0,0,0,0,2,0,0,0,2,0,2,0,0,2,0,0,0,0,2,0,0,0,0,0,0,0,0,0,0,0,0,0,0,2,0,0,0,0,0,2,0,0,0,0,2,0,2,0,0,0,0,0,0,2,0,2,0,0,0,2,0,0,0,0,2,0,0,2,2,2,0,0,0,0,0,0,0,0,2,2,0,0,0,2,0,0,0,NA,0,0,0,0,0,0,0,0,0,0,0,0,0,2,0,0,0,0,0,2,0,0,0,0,0,0,0,2,0,2,0,2,2,0,0,0,0,0,0,0,0,2,0,2,2,0,2,0,0,2,0,0,2,0,0,0,0,0,0,0,0,2,2,0,0,2,2,0,2,0,0,0,0,2,0,0,0,0,0,0,0,0,0,2,0,0,0,2,0,0,0,0,2,0,0,2,0,0,0,0,2,0,0,0,0,2,0,0,2,0,0,0,0,0,0,0,0,0,0,0,0,0,0,2,0,0,0,0,0,0,0,0,0,0,0,0,0,0,2,0,0,2,0,0,0,0,0,0,0,0,0,2,0,0,0,2,0,0,0,0,0,0,NA,0,0,0,0,0,2,0,0,0,0,0,0,0,0,0,0,0,0,2,2,0,0,2,0,0,0,0,2,0,0,0,0,0,0,2,0,0,0,0,0,0,0,0,0,2,2,0,0,0,0,0,2,0,0,0,0,0,0,0,0,0,0,2,0,0,2,0,0,0,0,0,2,2,2,2,2,0,2,0,0,2,0,0,0,0,0,2,0,2,0,0,0,0,0,0,0,2,0,0,2,0,0,0,0,2,0,0,0,0,0,0,2,0,0,0,2,0,0,2,2,0,0,0,0,0,0,2,0,0,0,0,2,2,2,0,0,0,0,0,0,0,0,0,0,0,0,2,0,0,0,0,0,2,0,0,2,0,0,0,2,0,0,0,0,0,2,2,0,0,0,0,0,0,0,0,0,0,2,0,0,0,2,2,0,0,0,2,0,2,2,0,NA,0,0,0,0,0,0,2,0,0,0,2,0,0,0,0,0,0,0,0,0,2,0,0,0,0,0,2,0,2,0,0,0,0,0,0,0,2,0,2,0,0,0,0,0,0,0,2,0,0,0,0,2,0,0,2,0,0,2,0,0,0,0,0,2,0,2,0,0,0,2,0,0,2,2,0,0,2,0,2,0,2,0,0,0,0,0,0,0,0,0,0,0,0,0,0,0,2,0,2,0,0,2,0,0,0,0,0,0,0,0,2,2,0,2,0,0,0,0,0,0,2,0,0,2,0,0,0,0,2,0,0,2,0,2,2,2,0,0,2,2,0,0,0,0,2,0,0,0,0,0,2,2,0,0,2,0,2,0,0,0,2,0,0,0,0,0,2,0,0,0,0,0,0,0,0,2,0,0,0,0,0,0,2,0,2,0,0,0,0,0,0,0
"CC94",0,2,2,0,0,0,2,0,0,0,0,0,0,0,0,2,0,0,0,0,0,2,0,0,0,0,0,2,0,2,0,2,0,0,2,2,0,0,2,0,2,0,2,2,2,0,0,0,0,2,0,2,0,2,0,2,0,0,0,2,0,0,0,2,0,2,0,0,2,2,0,2,0,0,2,0,0,2,0,0,0,0,0,0,0,2,2,0,2,0,0,0,0,0,0,0,0,0,0,0,0,0,0,0,0,0,0,2,0,0,2,0,0,0,0,0,0,0,0,NA,0,0,0,2,0,0,0,2,0,2,0,0,0,0,0,0,0,2,2,0,0,0,0,2,0,0,2,0,0,2,2,0,0,0,0,0,0,0,0,0,0,0,0,2,2,0,0,0,2,0,0,2,2,0,0,2,0,0,2,0,2,0,0,0,0,0,0,2,0,0,0,0,0,0,0,2,0,0,0,0,0,2,0,0,NA,0,0,2,0,0,0,0,0,0,0,0,0,0,2,0,2,0,0,0,2,0,0,0,2,0,0,0,0,0,0,0,2,0,0,2,0,0,2,0,0,0,2,0,2,0,2,0,0,0,0,0,2,2,0,0,0,0,0,2,0,0,0,0,0,2,0,0,0,0,0,0,2,2,2,0,2,0,0,2,0,0,0,2,0,0,0,2,2,0,0,0,0,0,0,0,0,0,0,0,0,0,2,0,2,0,2,0,2,0,0,0,0,0,0,2,0,0,0,0,0,0,0,2,2,0,0,0,0,0,0,0,0,0,2,0,0,2,0,0,0,2,0,0,0,2,2,2,0,0,0,0,0,0,2,0,0,2,0,0,0,0,0,2,0,0,0,0,0,0,0,0,0,0,0,0,0,0,0,2,2,0,0,2,0,0,0,2,0,2,2,2,2,0,0,0,2,0,2,2,0,2,0,0,0,2,0,0,0,0,0,0,2,0,0,2,0,2,0,0,0,2,0,0,0,0,2,0,2,0,0,0,2,0,0,0,0,0,0,0,0,0,0,0,0,2,0,0,0,0,2,2,0,2,0,0,0,0,0,0,2,2,0,0,0,0,2,2,2,2,0,2,0,0,0,2,0,0,0,0,0,0,2,0,0,2,0,0,0,2,0,0,2,0,0,0,2,0,2,0,0,0,0,0,0,0,0,0,2,0,0,0,0,0,0,0,0,2,0,0,0,0,0,0,0,0,2,0,0,0,2,2,0,2,0,2,0,0,0,0,0,0,0,0,0,2,0,0,0,2,0,2,0,0,2,0,0,0,0,0,0,0,2,0,0,0,0,0,0,0,2,0,2,0,2,0,0,0,0,0,0,0,0,0,2,0,2,0,0,2,2,0,2,0,2,0,0,0,0,0,0,0,0,0,2,0,0,2,0,0,0,0,0,0,0,0,0,2,0,0,0,0,0,0,0,0,0,0,0,2,2,0,0,0,0,0,0,0,0,0,2,0,0,0,0,0,0,2,2,0,0,0,0,0,0,0,0,0,2,2,2,0,0,2,0,2,0,0,2,0,0,0,2,0,0,0,0,0,0,0,2,0,2,0,0,0,0,0,0,0,0,0,0,0,0,0,0,0,0,NA,0,0,0,0,0,0,0,0,2,0,0,0,0,2,0,0,0,0,0,0,0,2,2,0,2,0,0,2,0,2,0,0,2,0,0,0,0,0,0,0,0,0,0,0,0,2,0,2,0,0,0,0,0,0,0,2,0,0,0,2,0,0,0,0,NA,0,0,0,0,0,2,0,2,2,2,0,0,2,0,0,0,2,0,2,2,0,2,0,0,0,0,2,0,0,0,0,0,0,2,0,2,0,2,0,0,0,0,0,0,0,0,0,0,2,0,0,0,0,2,0,0,0,2,0,0,0,0,0,0,0,0,0,2,0,0,0,0,0,0,0,0,0,2,0,0,2,0,0,0,0,2,0,0,0,0,0,0,0,0,0,0,0,0,0,0,0,0,0,2,0,2,0,2,0,0,0,0,0,0,2,0,2,0,0,2,0,0,2,0,0,0,0,0,0,0,0,0,0,0,0,0,0,0,0,0,0,0,0,0,0,2,2,0,0,0,0,0,0,0,0,0,0,0,0,0,2,2,0,2,0,0,2,0,2,0,0,0,0,0,0,0,0,0,0,0,0,0,0,0,0,0,0,2,0,0,0,0,2,2,0,0,0,0,2,0,0,0,0,0,0,0,0,0,2,0,0,0,0,0,0,2,0,0,0,0,0,0,0,0,0,0,0,0,0,0,0,0,0,0,0,2,0,0,0,2,0,0,2,2,0,2,2,0,0,0,0,0,0,0,0,0,0,0,0,0,0,0,0,0,2,0,0,0,0,0,0,0,0,0,0,0,0,0,0,2,0,0,0,0,0,0,0,0,0,2,0,0,2,0,0,0,0,0,0,0,0,0,0,0,0,0,0,2,2,0,0,2,0,0,0,0,0,0,0,0,0,2,2,0,0,2,0,2,0,0,0,0,0,0,2,0,0,0,2,0,0,0,0,2,0,0,0,0,0,0,2,2,0,0,2,0,2,0,0,0,0,0,0,0,0,0,2,0,0,0,2,0,0,0,2,0,0,0,2,0,0,0,0,0,0,2,2,0,0,0,0,0,0,0,0,0,0,0,0,0,0,0,2,0,0,0,2,0,0,2,0,0,2,0,0,0,0,0,0,0,0,2,0,0,0,2,0,0,2,0,0,0,0,2,2,0,0,0,0,0,0,0,2,2,2,0,0,0,NA,0,2,2,0,2,0,0,0,0,2,0,0,0,2,0,0,0,0,0,2,0,2,0,2,0,2,0,2,2,0,0,0,0,2,0,0,0,0,0,0,2,2,0,0,0,0,0,0,0,2,0,0,0,0,2,0,2,2,2,0,0,2,2,0,2,0,0,2,0,2,0,0,2,0,2,0,0,0,0,2,0,0,0,0,2,0,0,0,2,0,0,0,0,0,2,0,0,0,0,0,2,0,0,0,2,0,0,0,2,0,0,0,0,0,0,0,0,0,0,0,2,2,0,0,0,0,0,0,0,2,0,0,0,0,2,0,2,0,0,0,0,0,2,0,2,2,0,0,0,0,2,2,2,0,0,0,2,0,2,0,0,2,0,0,0,0,0,0,0,0,0,0,0,0,0,2,2,0,0,0,0,0,NA,0,0,2,0,0,0,0,2,2,0,0,2,0,0,2,0,0,0,0,0,2,2,2,0,2,0,0,0,0,0,0,0,0,2,0,0,0,0,0,0,0,0,0,0,0,0,0,2,0,0,2,0,2,0,0,0,2,0,0,0,0,2,0,0,0,0,0,0,0,0,2,0,2,0,0,0,0,0,0,0,0,0,0,0,0,0,2,0,0,0,0,0,0,0,0,0,0,2,0,0,2,2,2,2,0,0,0,0,2,0,0,0,0,2,2,0,2,0,0,0,0,2,0,2,2,0,0,0,0,0,0,0,0,0,2,0,0,0,0,0,2,0,2,0,2,2,0,0,0,0,0,0,0,0,0,0,0,0,0,0,2,0,0,2,2,0,0,0,0,2,0,0,2,0,0,2,2,0,2,0,0,0,2,0,0,0,0,0,0,0,2,0,0,0,2,2,0,0,0,0,0,0,0,0,0,2,0,0,2,0,0,0,0,0,0,0,0,2,0,0,2,0,2,0,2,2,0,0,0,0,0,0,0,0,0,0,0,2,0,0,0,0,0,0,2,2,2,0,0,0,0,2,0,0,0,0,2,0,0,0,0,0,0,0,0,0,2,0,2,0,0,2,2,0,0,0,0,0,2,0,NA,2,0,0,2,2,0,0,2,2,0,0,0,0,0,0,0,0,0,0,0,0,0,0,0,0,0,2,2,0,0,0,0,0,0,0,0,0,0,2,0,2,0,2,0,0,0,0,2,0,0,0,0,0,2,0,2,0,0,2,0,0,0,0,0,2,0,0,0,0,0,0,0,0,0,2,0,0,0,0,2,0,0,0,0,0,0,0,0,0,0,0,0,0,0,0,0,0,0,0,0,0,0,0,0,0,0,0,0,0,0,2,0,0,2,2,0,0,0,2,0,0,0,2,NA,2,0,2,0,0,0,2,0,0,2,0,0,2,2,0,0,0,0,0,0,0,0,0,0,0,2,0,0,0,0,0,0,0,0,0,0,2,2,2,0,0,0,0,0,0,0,0,2,0,0,0,0,2,0,0,0,0,0,0,0,0,0,2,0,0,0,0,0,0,2,0,0,0,0,2,0,0,0,0,2,0,0,0,0,0,0,0,0,2,0,2,0,0,0,0,0,2,2,0,0,0,0,2,0,2,0,2,2,0,0,0,0,0,0,2,0,0,2,0,0,0,0,0,0,0,2,0,0,0,2,2,2,0,0,0,0,2,0,2,0,2,0,0,0,0,0,0,0,2,0,0,0,0,0,0,0,0,0,0,0,0,0,0,2,0,0,0,0,0,0,0,2,0,0,0,0,0,2,2,2,0,0,0,0,0,0,0,0,0,0,0,0,0,0,0,0,2,0,0,0,2,0,0,0,2,0,0,2,0,0,0,2,0,0,0,0,0,0,0,2,0,0,2,2,0,0,0,0,0,2,2,2,0,0,NA,0,0,0,0,0,0,2,0,0,0,0,0,0,0,2,0,0,0,0,0,0,0,0,0,0,0,0,0,0,0,0,2,0,0,0,0,0,0,0,0,0,0,0,0,0,0,2,0,0,0,0,0,0,0,0,0,2,0,0,0,0,0,0,2,0,2,0,2,0,0,0,2,2,0,0,0,2,0,0,0,2,0,2,0,2,0,0,2,0,0,0,0,0,0,0,0,2,0,0,0,0,0,2,0,0,0,0,0,0,0,0,0,0,2,0,0,0,0,0,0,0,2,0,0,0,0,0,0,0,0,2,0,0,0,0,0,2,0,NA,2,0,0,2,0,0,0,0,0,0,0,0,0,0,0,0,0,0,0,0,0,0,2,0,2,0,0,0,0,2,0,0,0,0,0,0,0,0,0,0,0,0,2,0,2,0,2,0,2,2,2,2,2,0,0,0,0,0,0,0,0,2,2,0,0,0,0,0,0,0,0,2,0,0,0,0,0,0,0,2,0,0,0,0,0,0,0,2,0,0,0,0,2,0,2,2,2,0,0,2,0,2,0,0,0,0,0,0,2,2,0,0,0,0,0,0,2,0,0,0,0,0,0,0,0,0,0,0,0,0,0,0,2,0,0,0,0,2,0,2,0,0,0,2,0,0,0,0,0,0,2,0,0,0,0,0,0,2,0,0,0,0,2,0,0,0,2,2,0,0,2,0,0,0,2,0,0,0,0,0,0,0,0,2,0,0,2,0,2,2,2,2,0,0,0,0,0,2,2,0,0,0,0,0,2,2,0,0,0,0,2,0,0,0,0,0,0,0,0,0,0,0,0,0,0,0,0,2,0,0,0,2,0,0,0,0,0,0,0,2,0,0,0,2,2,0,0,0,2,2,0,0,0,0,2,0,0,0,0,0,2,0,2,0,0,0,0,0,0,0,0,0,0,0,0,0,0,0,0,0,0,0,0,0,0,2,0,0,0,0,2,0,0,0,0,2,0,0,0,0,0,0,0,0,0,0,0,0,0,0,0,0,0,0,0,0,0,0,0,0,0,0,0,0,0,0,0,0,0,0,0,0,0,0,0,0,0,0,0,0,2,0,0,2,0,0,0,0,0,2,0,2,2,0,0,2,2,0,0,0,2,0,0,0,2,0,0,0,0,0,0,0,0,0,0,0,0,0,0,0,0,0,0,2,0,0,0,0,0,0,0,0,0,2,0,0,0,0,0,2,0,2,0,0,0,2,0,2,NA,2,0,0,0,0,0,0,0,0,0,2,2,0,0,2,2,2,2,0,0,0,2,0,0,2,0,0,0,0,0,0,2,2,0,0,0,0,0,0,0,0,0,0,0,0,0,0,0,0,0,0,0,0,0,0,0,0,0,2,0,0,0,2,2,2,0,2,0,2,0,0,0,0,0,2,0,0,0,2,2,0,2,0,0,0,0,0,0,0,0,0,0,0,0,0,2,0,0,0,0,0,0,2,0,0,0,0,0,0,0,0,0,0,0,0,0,0,0,0,0,2,0,0,0,0,0,0,2,NA,0,0,0,0,0,0,0,2,0,0,0,0,0,0,0,0,0,0,2,2,0,0,2,0,0,0,0,2,2,2,0,2,0,2,0,2,0,0,2,0,0,0,0,0,0,0,2,0,0,0,0,0,0,2,0,0,2,0,2,0,0,0,0,0,2,0,0,0,2,2,0,0,NA,2,0,0,2,0,2,2,2,2,2,NA,0,2,0,0,0,2,0,0,0,0,0,0,0,2,0,0,0,0,0,0,0,0,0,2,0,2,0,0,0,0,2,0,0,0,0,0,0,2,0,0,0,0,0,0,0,0,2,0,2,2,0,2,0,0,0,0,2,0,0,0,0,0,0,0,0,0,0,0,0,0,0,2,0,0,0,0,0,0,0,0,0,0,0,2,2,0,2,2,2,0,0,0,0,0,0,0,0,0,0,0,0,0,0,0,0,0,0,0,2,0,0,0,0,0,0,0,0,2,0,0,2,0,0,0,0,0,2,0,0,0,0,0,0,0,0,0,0,0,0,0,0,0,0,0,2,0,0,0,2,2,0,2,0,2,2,0,2,0,0,0,0,0,0,0,0,0,0,0,0,0,0,0,0,0,0,0,0,0,0,0,0,0,0,0,0,2,0,0,0,2,0,0,0,0,0,0,0,0,2,2,0,0,NA,0,0,0,0,0,0,NA,2,0,2,0,0,0,2,0,0,0,0,0,0,0,0,0,2,0,0,0,0,0,0,0,0,0,0,0,0,0,0,0,2,2,2,0,0,2,0,2,2,2,0,0,0,0,0,2,0,0,2,0,0,0,0,0,0,0,0,0,0,0,0,0,0,0,0,0,0,0,0,0,0,0,0,0,0,2,0,0,0,0,0,0,0,0,0,0,0,2,0,0,0,0,0,0,0,0,0,2,0,0,0,0,0,0,0,0,0,0,0,0,0,0,2,0,0,2,0,0,0,0,0,0,0,0,0,0,2,2,0,0,2,0,0,0,0,0,0,0,0,0,0,0,0,0,0,0,0,0,0,0,0,0,0,0,0,0,0,0,0,0,0,0,0,2,0,0,0,0,0,0,0,2,0,0,0,0,0,0,0,0,0,0,0,2,0,0,0,0,0,0,0,0,0,0,0,2,0,0,0,0,0,0,0,0,2,0,0,0,0,0,0,2,0,2,0,0,0,0,0,0,0,0,0,0,0,0,0,0,0,0,0,0,0,0,2,2,0,2,0,0,0,0,0,2,0,0,0,0,0,0,0,0,0,0,0,0,0,0,0,0,2,0,0,2,0,2,0,0,0,0,0,0,0,0,0,0,0,0,0,0,0,0,0,0,0,0,2,0,0,0,0,0,0,0,2,0,0,2,0,2,0,2,0,2,0,0,0,0,0,0,0,0,2,NA,0,0,0,0,0,0,0,0,2,0,0,0,0,0,0,0,0,0,2,2,2,0,0,0,0,0,0,0,0,2,0,2,2,0,0,0,0,0,0,0,0,0,0,0,0,0,0,0,0,2,0,0,0,0,0,2,0,0,0,0,0,0,0,0,0,2,0,0,0,0,0,2,0,0,0,0,0,0,0,0,0,0,0,0,0,0,2,0,2,0,2,0,0,0,2,0,0,0,2,0,NA,2,2,2,0,0,0,0,0,0,0,0,0,0,0,0,0,2,0,0,0,0,0,2,2,0,0,2,2,0,2,0,2,2,0,0,2,0,0,0,0,0,0,0,0,0,0,0,0,0,2,0,2,2,2,0,0,2,2,0,0,0,2,0,0,0,0,0,0,0,2,2,0,0,0,0,0,0,0,0,0,2,2,0,0,0,0,2,0,2,0,0,0,0,0,0,0,0,0,2,0,0,0,2,0,0,0,2,0,2,2,0,2,0,0,0,0,2,2,0,0,0,2,2,0,2,0,2,0,0,0,0,0,0,0,0,0,0,0,0,2,0,0,0,0,0,0,0,0,0,0,0,0,2,0,0,0,0,0,0,0,0,2,0,2,0,0,2,0,0,0,0,2,0,0,0,0,0,0,0,0,0,0,0,0,0,0,0,0,2,0,0,0,0,0,0,0,0,0,0,0,0,0,0,0,2,0,0,2,2,0,0,0,0,0,0,0,0,0,0,0,0,0,0,0,0,0,0,0,2,0,0,0,0,0,0,0,0,0,0,0,0,0,0,0,0,0,0,0,0,0,2,2,0,0,0,0,0,0,0,0,0,0,0,0,0,0,0,0,0,0,0,0,0,0,0,0,0,2,0,0,0,0,0,0,0,0,0,0,0,0,0,0,0,0,0,2,2,0,2,0,0,0,0,0,0,0,0,0,0,0,0,0,0,0,0,0,0,0,0,0,0,0,2,0,0,0,0,0,0,0,0,2,0,2,0,0,0,2,2,0,2,2,0,0,0,0,0,0,0,0,0,2,0,0,0,0,2,0,0,0,2,0,2,0,0,0,2,0,0,0,0,0,2,0,2,2,0,0,0,2,0,0,2,0,0,0,2,0,0,2,2,0,0,0,0,2,0,0,0,0,0,0,0,0,0,0,0,0,0,0,0,0,0,2,0,2,0,0,2,0,0,0,0,0,0,0,2,0,0,0,0,2,0,0,0,0,0,0,0,0,0,0,0,0,2,2,0,0,0,0,0,0,0,2,2,0,2,0,0,0,0,0,0,0,0,2,0,NA,0,2,2,2,0,0,0,2,0,0,0,0,0,2,0,2,NA,0,0,0,2,2,2,2,0,0,2,2,0,0,0,0,2,0,0,0,0,2,2,0,0,0,0,0,0,0,2,2,0,0,0,0,0,0,0,0,2,0,0,0,2,0,0,2,0,0,0,0,0,0,0,0,0,0,0,0,0,0,0,0,2,0,0,0,0,0,0,0,0,0,2,0,0,0,0,0,0,2,0,2,0,0,0,2,0,2,2,0,0,0,0,0,0,2,0,2,2,0,2,0,0,0,0,0,2,0,0,0,0,0,2,0,0,2,0,0,0,2,2,0,0,0,0,2,0,2,2,0,0,0,0,0,0,0,0,2,0,2,2,0,0,0,0,0,0,0,0,0,0,0,0,2,2,0,0,2,2,0,0,0,0,0,0,0,0,2,0,2,NA,0,0,0,0,0,0,0,2,2,2,0,0,0,0,0,2,0,2,0,0,0,0,0,0,0,0,0,0,0,0,0,0,0,0,2,0,0,2,0,0,0,0,0,2,0,0,0,2,2,0,0,0,2,0,0,0,0,0,0,0,0,0,0,0,2,2,2,0,0,0,0,0,2,0,0,0,0,0,0,0,0,0,0,2,2,0,2,0,2,0,0,0,0,2,0,2,0,0,0,0,2,2,0,0,0,0,2,0,0,0,0,2,2,0,0,0,0,0,0,2,2,0,2,0,0,0,0,0,0,0,2,0,2,0,0,0,2,0,0,0,0,NA,0,0,0,2,2,2,0,0,0,0,0,0,0,0,0,0,0,0,0,0,0,0,2,0,0,2,0,0,0,0,0,0,0,0,0,0,0,0,0,2,0,0,0,0,0,0,0,0,0,0,0,2,0,0,0,0,0,0,2,0,0,0,0,0,0,0,0,0,2,0,0,0,2,0,0,0,0,0,0,0,0,0,0,0,0,0,0,0,0,2,0,2,0,0,0,0,0,0,0,0,0,0,0,0,0,0,0,0,0,2,0,0,0,2,0,0,0,0,0,0,0,2,0,0,0,0,0,2,0,0,0,0,0,2,2,0,0,2,0,0,0,0,2,0,0,0,0,0,2,0,2,0,2,0,0,0,0,0,0,0,0,0,0,0,0,0,0,0,0,0,2,2,0,0,0,0,0,0,2,0,0,0,0,0,0,0,2,0,0,2,0,0,0,0,0,2,0,0,0,0,0,0,0,0,0,0,2,0,0,0,0,0,0,0,0,0,0,0,0,0,0,0,0,0,0,2,0,0,0,0,2,0,2,0,0,0,2,0,0,2,0,0,0,0,0,0,0,2,0,0,0,2,0,0,2,0,0,0,2,0,0,0,2,0,0,0,0,0,0,0,2,0,0,2,0,0,0,2,0,0,2,0,0,0,0,0,0,0,0,0,0,2,0,2,0,0,0,2,0,2,2,0,0,0,2,0,0,0,0,0,2,0,0,0,2,2,2,0,0,0,0,2,0,0,0,0,0,2,2,0,0,0,0,0,0,0,0,0,0,2,0,0,0,2,0,0,0,0,0,0,2,2,0,0,2,2,2,0,2,2,0,0,0,2,2,0,0,0,2,2,2,2,0,0,0,2,0,0,2,0,0,0,2,0,0,0,0,2,0,2,2,0,0,0,0,0,0,0,0,0,0,2,0,0,0,0,0,0,2,0,2,2,0,0,0,0,2,0,0,2,2,2,2,2,2,2,0,0,0,0,2,0,0,2,0,0,0,0,0,0,0,2,0,2,0,0,0,0,2,0,0,0,0,0,0,0,0,0,2,0,0,0,0,0,0,2,2,0,2,0,0,0,0,0,0,2,2,0,0,0,0,0,0,0,0,0,0,0,2,0,0,0,0,2,0,0,2,0,0,0,0,0,0,2,0,0,0,0,0,0,2,0,0,0,2,0,0,0,0,0,0,0,2,0,2,0,0,0,2,0,0,0,0,0,0,0,0,2,0,2,0,2,0,0,2,0,2,0,0,0,0,2,0,0,0,0,0,0,0,0,0,0,0,0,0,2,0,0,0,2,0,0,2,0,0,0,0,2,0,0,0,0,0,0,0,0,0,2,0,0,0,0,0,0,0,0,0,0,0,0,0,0,2,0,0,0,0,0,2,0,0,2,0,0,0,0,0,2,0,0,0,0,0,0,2,2,0,0,0,0,0,0,0,0,2,2,0,2,0,0,0,0,0,0,0,0,0,0,0,0,0,0,0,0,0,0,0,0,0,0,0,0,0,2,0,0,0,0,0,0,2,2,0,0,2,0,0,0,0,0,0,0,0,2,0,0,2,0,0,0,0,0,0,0,0,2,0,0,0,0,0,0,0,0,0,0,0,0,0,0,2,0,0,0,2,2,0,0,0,0,0,0,0,0,0,0,0,2,0,2,0,0,0,0,0,0,0,0,0,0,0,0,0,0,0,0,0,0,0,0,2,0,0,0,0,0,0,0,2,2,0,0,0,2,0,0,0,2,0,0,2,0,0,0,2,0,2,0,0,0,2,0,0,0,0,2,0,0,0,0,0,NA,0,0,2,0,0,0,0,0,0,0,0,0,0,0,2,0,0,0,0,0,0,0,0,0,2,0,0,2,0,0,0,NA,0,0,0,0,0,0,0,0,0,0,0,0,2,0,0,0,0,0,0,2,0,2,2,2,0,0,0,0,0,0,0,0,0,0,0,0,0,0,2,0,0,0,0,0,0,0,0,0,2,2,0,2,2,2,0,0,0,2,0,0,0,2,0,0,0,0,0,2,0,2,0,0,0,0,2,0,0,2,0,0,0,0,0,0,0,2,0,0,2,0,0,0,0,0,0,0,0,2,2,0,0,2,0,0,2,0,0,0,0,0,0,2,0,2,0,0,0,0,0,0,0,0,0,0,0,0,0,0,0,0,0,2,0,0,0,0,0,0,0,0,0,2,2
"CC95",0,2,0,0,NA,0,0,0,0,0,0,0,0,0,0,2,0,0,0,2,2,2,0,0,0,0,0,2,0,0,0,2,0,0,2,2,0,0,0,0,2,0,0,2,2,0,0,2,0,0,0,2,0,2,0,2,2,0,0,0,0,0,0,2,0,0,0,0,2,2,0,2,0,0,2,0,0,2,0,0,0,0,0,2,0,2,2,0,2,0,0,0,0,0,0,0,0,0,0,0,0,0,0,0,0,0,0,2,0,0,2,0,0,0,0,0,0,0,0,0,0,0,0,2,0,0,0,2,0,2,0,0,0,0,0,0,0,2,2,0,0,0,0,2,0,0,2,0,0,2,2,0,0,0,0,0,0,0,0,0,0,0,0,2,2,0,0,0,2,0,0,2,2,0,0,2,0,0,2,0,0,0,0,0,0,0,0,2,0,0,0,0,0,0,0,0,0,0,0,0,0,2,0,0,0,0,0,0,0,0,0,0,0,0,0,0,0,0,0,0,0,0,0,0,2,0,0,0,2,0,0,0,0,0,0,0,2,0,0,2,0,0,2,0,0,0,2,0,2,0,2,0,0,0,0,0,0,2,0,0,0,0,0,2,0,0,2,0,0,0,0,0,0,0,0,0,2,2,2,0,2,0,0,0,0,0,0,2,0,0,0,2,2,0,0,0,0,0,0,0,0,0,0,0,0,0,2,0,2,0,2,0,2,0,0,0,0,0,0,2,0,0,0,0,0,0,0,2,2,0,0,0,2,0,0,0,0,0,0,0,0,2,0,0,0,2,2,0,0,2,2,2,0,0,0,0,0,0,0,2,0,2,0,0,0,0,0,2,0,0,0,0,0,0,0,0,0,2,0,0,0,0,0,0,2,0,0,2,0,0,0,0,0,2,2,2,2,0,0,0,0,0,2,2,0,2,0,0,0,2,0,0,0,0,0,0,2,0,0,2,2,2,0,0,0,2,0,0,0,2,2,0,0,0,0,0,0,0,0,0,0,0,0,0,0,0,0,0,0,2,0,0,0,0,2,2,0,2,0,0,0,0,0,0,0,0,0,2,0,0,2,2,2,2,0,2,0,0,0,2,0,0,0,0,0,0,2,0,0,2,0,0,0,2,0,0,2,0,2,0,0,0,2,0,0,0,0,0,2,0,0,0,2,0,0,0,0,0,0,0,0,2,0,0,0,0,0,0,0,0,2,0,0,0,2,0,0,0,0,2,0,0,0,2,0,0,0,0,0,0,0,0,0,0,0,2,0,0,0,0,0,0,0,0,0,0,0,0,0,0,0,0,0,0,2,0,0,0,2,2,0,0,0,0,0,0,0,0,2,2,2,0,0,2,2,0,2,0,2,0,0,0,0,0,0,0,2,0,2,0,0,2,0,0,0,2,0,0,0,0,0,2,0,0,0,0,0,0,0,0,0,0,0,2,2,0,0,0,0,0,0,0,0,0,2,0,0,0,0,0,0,0,2,2,0,0,0,0,0,0,0,0,2,2,2,0,0,2,0,2,0,0,2,0,0,0,2,0,0,0,0,0,0,0,2,0,2,0,0,0,0,0,0,0,0,0,0,0,0,0,0,0,0,0,0,0,0,0,0,0,0,0,2,0,0,0,0,2,0,0,0,0,0,0,0,2,0,0,2,0,0,2,0,2,0,0,2,0,0,0,0,0,0,0,0,2,0,0,0,2,0,2,0,0,0,0,0,0,0,2,0,0,0,2,0,0,0,0,0,0,0,0,0,0,2,0,2,2,2,0,0,2,0,0,0,2,0,2,2,0,2,0,0,0,0,2,0,0,0,0,2,0,2,0,0,0,2,0,0,0,0,0,0,0,0,0,0,2,0,0,0,0,2,0,0,0,2,0,0,0,0,0,0,0,0,0,2,0,0,0,2,0,0,0,0,0,2,0,0,2,0,0,0,0,2,0,0,0,0,0,2,0,2,0,0,0,0,0,2,2,2,0,2,0,2,0,2,0,0,0,0,0,0,2,0,2,0,0,2,2,0,2,0,0,2,0,2,0,0,0,0,0,0,0,2,0,0,2,0,0,0,0,0,0,2,2,0,0,0,2,2,0,0,0,0,0,0,0,0,2,2,0,2,0,0,0,0,2,0,0,0,0,0,0,0,0,0,0,0,0,0,0,2,0,0,0,2,0,0,0,0,2,0,0,0,0,0,2,0,0,0,0,0,0,0,0,0,2,0,0,0,0,0,0,2,0,0,0,0,0,0,0,0,0,0,0,0,2,0,0,0,0,0,0,0,0,0,0,2,0,0,0,0,0,2,2,0,0,0,0,0,0,0,0,0,0,0,0,0,0,0,0,0,0,0,0,0,0,0,0,0,0,0,0,0,0,0,0,2,0,0,0,0,0,0,0,0,0,NA,0,0,2,0,0,0,0,0,0,0,0,0,0,0,0,0,0,2,2,0,0,2,0,0,0,0,0,0,0,0,0,2,2,0,0,2,0,2,0,0,0,0,0,0,2,0,0,0,2,NA,0,0,0,2,0,0,0,0,0,0,2,2,0,0,0,0,2,0,0,0,0,0,0,0,0,0,0,0,0,0,2,0,0,0,2,0,0,0,0,0,0,0,0,0,0,2,2,0,0,0,0,0,0,0,0,0,0,0,0,0,0,0,2,0,0,0,2,0,0,2,0,0,2,0,0,0,0,0,0,2,2,0,0,0,0,0,0,0,2,2,0,0,0,0,2,0,0,0,0,0,0,0,2,0,2,0,0,0,NA,0,2,2,0,2,0,2,0,0,2,0,0,0,2,0,0,0,0,0,2,0,0,0,0,0,2,0,2,2,0,0,0,0,0,0,0,0,0,0,0,0,2,0,0,0,0,0,0,0,2,0,2,0,0,2,0,2,2,2,0,2,0,0,0,2,0,0,2,0,0,0,0,2,0,2,0,0,0,0,0,0,0,0,0,2,0,0,0,2,0,0,0,2,0,2,0,0,0,0,2,2,0,2,0,2,0,0,0,0,0,0,0,0,0,0,0,0,0,0,0,0,2,0,0,0,0,0,0,0,2,0,0,2,0,0,0,2,0,0,0,0,2,0,0,2,2,0,0,0,0,0,0,0,0,0,0,2,0,2,0,2,0,0,0,0,2,0,0,0,0,0,0,0,0,0,2,0,0,0,0,0,0,0,2,2,0,0,0,0,0,2,2,0,0,2,0,0,2,0,0,0,0,0,NA,0,2,0,2,2,0,2,2,2,0,0,0,2,2,0,0,0,0,0,0,2,0,0,0,0,2,0,2,0,2,0,2,2,0,0,0,0,0,0,0,0,0,0,2,0,0,0,0,0,0,0,0,0,0,0,0,0,0,0,0,0,0,2,0,0,2,0,0,0,0,0,0,0,0,0,0,2,0,0,0,2,0,2,0,0,0,0,2,0,0,0,0,0,0,0,2,0,0,0,0,2,0,0,0,2,0,0,0,0,0,0,0,0,0,2,0,0,0,0,0,0,0,0,2,2,0,0,2,0,0,0,0,0,0,0,0,0,0,0,0,0,0,0,0,0,0,0,0,2,0,0,0,0,0,0,0,0,0,0,0,0,2,0,0,0,0,0,0,0,0,0,0,0,0,2,0,0,0,0,0,0,0,0,0,0,0,0,0,0,0,0,0,0,0,0,0,0,0,0,0,NA,0,0,0,2,0,0,0,0,0,0,0,0,0,0,0,2,0,2,0,0,0,0,2,2,2,0,0,0,0,2,0,0,0,0,2,2,0,0,0,0,2,2,0,0,0,2,2,0,0,2,2,0,2,0,2,0,2,0,0,0,2,0,2,0,2,0,0,2,0,0,0,0,0,2,0,0,0,0,0,0,0,0,0,0,0,2,2,0,0,0,0,0,0,0,0,0,0,2,0,2,0,2,0,0,0,0,2,0,0,0,0,0,2,0,0,0,0,0,0,0,0,0,0,0,0,0,0,2,0,0,0,0,0,2,0,0,0,0,2,0,0,0,0,0,0,0,0,0,0,0,0,0,0,0,0,0,0,0,0,0,0,0,0,0,0,2,0,0,0,2,0,0,2,2,0,0,0,2,0,0,0,2,NA,2,0,0,0,0,0,2,0,0,0,0,0,2,2,0,0,0,0,0,0,0,0,0,0,0,2,0,0,0,0,0,2,0,0,0,0,2,2,2,0,0,0,2,0,0,0,0,2,0,0,0,0,2,0,0,0,0,0,0,0,0,0,2,0,2,0,0,0,0,0,0,0,0,0,2,0,0,0,0,2,0,0,0,0,0,0,0,0,0,0,2,0,0,0,0,0,2,0,0,0,0,0,2,0,0,0,2,2,0,0,0,0,0,0,2,0,0,2,0,0,0,0,0,0,0,2,2,0,0,2,2,0,0,0,0,0,0,0,2,0,0,0,0,0,0,0,2,0,2,0,0,0,0,0,0,0,0,0,2,0,0,2,0,0,0,0,0,0,0,2,0,2,0,0,2,2,0,0,0,2,0,2,2,0,0,2,0,0,0,2,0,0,0,2,0,0,NA,0,0,0,0,0,0,0,0,0,0,2,0,2,0,0,0,0,0,0,0,0,2,2,0,0,2,0,0,0,0,0,0,0,0,0,0,0,0,0,0,0,0,0,0,2,0,0,0,0,0,0,0,0,0,0,0,0,0,2,2,0,0,0,0,0,0,0,0,0,0,0,2,0,2,2,0,0,2,0,2,2,0,2,0,2,0,0,0,0,0,0,0,0,0,0,0,0,0,0,0,0,0,0,2,0,2,0,0,0,0,0,2,2,0,2,0,0,0,0,0,2,0,0,0,0,0,0,0,0,0,0,0,0,0,0,0,0,0,0,2,0,0,0,0,0,0,0,0,0,2,0,0,0,0,0,0,0,0,0,0,0,2,0,0,0,0,0,0,0,0,0,0,0,0,2,0,NA,2,0,0,0,0,0,0,0,0,0,2,0,2,0,0,0,0,0,0,0,0,0,2,0,0,0,0,0,0,2,2,0,2,0,0,0,0,2,0,0,0,0,0,2,0,0,2,0,2,2,0,0,0,0,2,0,0,2,0,0,0,2,0,0,0,0,0,0,0,0,0,0,0,0,0,2,0,0,2,0,2,0,0,0,0,0,2,0,0,0,0,2,2,0,2,2,2,0,0,2,0,2,0,0,0,0,0,0,2,0,0,0,0,0,0,0,2,0,0,0,2,0,0,0,0,0,0,0,0,0,0,0,2,2,0,0,0,0,0,0,0,0,0,2,0,0,0,0,0,0,2,0,0,0,0,0,0,2,0,0,0,0,2,0,0,0,0,0,0,0,0,0,0,0,0,0,0,0,0,0,0,0,2,0,0,0,2,0,2,2,0,2,0,0,0,0,2,0,2,0,0,0,0,0,2,2,0,0,0,0,2,0,0,0,0,0,0,0,2,0,0,0,0,0,0,0,0,0,0,0,0,0,0,0,0,0,0,0,0,0,0,0,0,2,2,0,0,0,2,0,0,0,0,0,0,0,0,0,0,0,2,0,2,0,0,0,0,0,0,0,0,0,0,0,0,0,0,0,0,0,0,0,0,0,0,2,0,0,0,0,2,0,0,0,0,0,0,0,0,0,0,0,0,0,0,0,0,0,0,0,0,0,0,0,0,0,0,0,2,0,0,0,0,0,0,0,0,0,0,0,0,0,0,0,0,0,0,0,0,0,2,0,0,0,0,0,0,0,0,2,0,0,2,0,0,0,0,0,0,0,2,0,0,0,2,0,0,0,0,0,0,0,0,0,0,0,0,2,0,2,2,0,0,2,0,0,0,0,0,0,0,0,2,2,0,0,0,0,0,2,0,0,0,2,0,0,0,0,NA,2,0,0,0,2,0,0,0,0,0,2,2,0,0,0,2,0,2,0,0,0,0,2,0,2,0,0,0,0,2,0,2,2,0,0,0,0,0,0,0,0,0,0,0,0,0,2,0,0,0,0,0,0,0,0,0,0,0,2,0,0,0,2,2,2,0,2,0,2,0,0,0,2,0,2,2,0,0,2,2,0,2,0,0,0,0,0,0,0,0,0,0,0,0,0,2,0,0,0,0,0,0,2,0,0,0,0,0,0,0,0,0,0,0,0,0,2,0,0,0,2,0,0,0,0,0,0,2,0,0,0,0,0,0,0,0,2,0,0,0,0,0,0,0,0,0,0,2,0,0,0,2,0,0,0,0,0,2,0,0,0,0,0,0,0,0,2,0,0,0,0,0,0,0,0,2,0,0,0,0,0,0,2,2,0,0,2,0,0,2,2,0,0,2,0,0,2,2,2,0,0,0,0,2,0,0,0,2,0,0,0,0,0,0,0,0,2,0,0,0,0,0,2,0,0,0,0,0,0,0,0,0,2,NA,0,0,2,0,0,0,0,0,0,0,2,0,0,0,2,2,2,2,0,0,0,0,2,0,0,2,0,0,2,0,2,0,0,0,0,2,0,2,0,0,0,0,0,0,0,0,0,0,2,0,2,0,0,0,0,0,2,2,2,0,0,0,0,2,0,0,2,2,0,0,0,2,0,0,0,0,0,0,0,0,0,0,0,0,0,0,0,0,0,0,0,0,2,0,0,0,0,0,0,0,0,0,0,0,0,2,0,0,0,0,0,0,0,NA,0,0,0,0,0,0,0,0,2,2,0,0,0,2,2,0,2,2,2,2,0,0,0,0,0,0,0,0,0,0,0,0,0,0,0,0,2,0,0,0,0,0,0,0,0,0,0,0,0,0,2,0,0,0,2,0,0,0,0,0,0,0,0,2,2,2,0,0,0,0,0,0,0,0,0,0,0,0,0,2,0,2,0,0,0,0,0,0,2,0,0,2,0,0,0,0,0,0,0,0,0,0,0,0,2,0,0,0,2,2,2,0,2,0,0,2,0,0,2,0,0,0,2,0,2,0,0,0,0,0,0,0,0,0,0,0,0,0,0,0,0,0,0,0,0,2,0,0,0,0,0,0,2,0,0,0,0,2,0,0,0,2,0,0,2,0,0,0,0,0,2,0,0,0,2,0,0,0,2,0,0,0,0,0,0,0,0,0,0,2,0,0,2,0,NA,0,0,0,0,0,0,0,0,2,2,0,0,2,0,0,0,0,0,0,0,2,0,0,0,0,0,0,0,0,0,2,0,0,0,0,0,0,0,0,0,0,0,0,0,0,2,0,2,0,0,0,0,0,2,0,0,0,0,0,0,0,0,0,0,0,2,0,0,0,0,0,0,2,0,0,0,0,2,0,0,0,0,0,0,0,0,2,0,0,0,0,0,0,2,0,2,0,0,0,0,0,2,0,2,0,0,0,0,0,0,0,0,0,2,0,0,2,2,0,2,0,0,0,0,0,2,0,0,0,0,0,0,0,0,0,0,0,0,0,0,0,0,2,0,0,2,NA,2,2,0,0,0,0,0,0,0,0,0,0,0,0,0,0,0,NA,0,0,0,2,0,0,0,0,0,0,2,2,0,0,2,0,2,0,2,0,2,0,0,0,0,0,0,0,0,0,2,2,0,0,0,0,0,0,0,2,0,2,0,2,0,0,0,0,0,2,2,2,2,2,0,0,0,0,0,0,2,0,2,2,0,0,0,0,0,0,0,0,0,0,0,0,0,0,0,0,2,2,0,0,0,0,0,0,0,0,0,0,0,0,0,2,2,0,0,0,0,0,2,0,0,0,0,0,0,0,0,0,0,0,2,0,0,0,2,2,0,2,0,0,0,2,0,0,0,0,0,0,2,2,2,0,0,0,0,0,0,0,0,0,2,2,0,2,2,0,0,2,0,0,2,2,0,0,2,2,0,2,0,2,0,0,2,2,0,0,0,2,0,0,0,0,0,0,0,0,0,2,0,2,2,2,2,0,2,2,0,0,0,2,0,0,0,0,0,0,0,2,0,2,0,0,0,0,0,0,0,0,2,2,0,0,0,0,0,0,2,0,0,0,0,0,0,0,0,0,2,0,0,0,0,0,0,0,2,0,2,2,0,2,2,2,0,0,2,2,0,0,0,2,2,0,2,0,0,2,2,0,0,0,0,0,0,0,0,2,0,2,0,0,0,0,0,0,0,0,0,0,0,0,2,0,0,0,0,0,0,0,0,2,NA,0,0,0,2,0,2,0,2,2,0,0,0,0,0,0,0,2,2,0,0,0,0,2,0,2,2,0,0,0,0,0,0,0,0,2,0,0,0,0,2,0,2,0,0,2,2,0,0,0,0,0,0,2,0,0,0,0,2,0,0,0,2,2,0,2,2,0,0,0,0,0,0,0,0,0,0,0,0,0,0,0,0,0,0,0,0,0,2,2,0,0,0,0,0,0,0,0,0,0,0,0,0,0,0,0,0,0,0,0,0,0,0,0,0,2,0,0,0,0,0,0,0,0,0,0,0,0,0,0,0,0,0,0,2,0,0,0,0,0,0,0,0,2,0,2,0,0,0,0,0,0,0,0,0,0,0,0,0,0,2,0,2,NA,0,0,2,0,0,0,0,2,0,0,0,2,2,0,2,2,0,0,0,2,0,0,0,0,0,2,0,0,0,0,2,0,0,0,2,0,0,0,0,0,2,0,0,0,0,0,2,0,2,2,0,0,0,2,0,0,0,2,0,0,2,0,0,2,2,0,0,0,0,0,0,0,2,0,0,0,0,0,0,0,0,0,0,0,0,0,0,2,0,0,NA,0,2,0,0,0,0,0,0,0,2,0,0,0,0,2,0,0,0,0,0,0,0,0,0,0,0,0,0,2,0,0,0,0,0,0,0,2,2,0,2,0,0,0,0,0,0,0,0,2,0,NA,0,2,0,2,0,0,0,2,0,0,0,2,0,2,0,2,NA,0,0,0,2,0,2,0,0,0,2,2,0,0,0,0,2,0,0,0,0,2,2,0,0,0,0,0,0,0,2,2,0,0,0,0,0,0,0,0,2,0,0,0,2,0,0,2,0,0,0,0,0,0,0,0,0,0,0,0,0,0,0,0,2,0,0,0,0,0,0,0,0,0,2,0,0,0,0,0,0,0,0,2,0,0,0,2,0,2,0,0,0,0,0,0,0,2,0,2,0,0,0,0,0,0,0,0,0,0,0,0,0,0,0,0,0,2,0,0,0,0,2,0,0,0,0,2,0,2,2,0,0,0,0,0,0,0,0,2,0,0,2,0,0,0,0,0,0,0,0,0,0,0,0,2,2,0,0,2,2,0,0,0,0,0,0,0,0,2,0,2,NA,0,0,0,0,0,0,0,2,2,2,0,0,0,0,0,2,0,2,0,0,0,0,0,0,0,0,0,0,0,0,0,0,0,0,2,0,0,2,0,0,0,0,2,0,0,0,0,2,2,0,0,0,2,0,0,0,0,0,0,0,0,0,0,0,0,0,2,0,0,0,0,0,2,0,0,0,0,0,0,0,0,0,0,0,2,0,2,0,2,2,0,0,0,0,0,2,0,0,0,0,2,0,0,0,0,0,2,2,0,0,0,2,2,0,0,0,0,0,0,2,0,0,0,0,0,0,0,0,0,2,2,2,2,0,0,0,2,0,0,0,0,0,0,0,0,2,2,0,0,0,0,0,0,0,0,0,0,0,0,0,0,0,0,0,0,0,0,2,0,2,0,0,0,0,0,0,0,0,0,0,0,2,0,0,0,0,0,0,0,0,0,0,0,2,0,0,0,0,0,0,2,0,0,0,0,0,0,0,0,0,2,0,0,0,2,0,2,0,0,0,0,0,0,0,0,0,0,0,0,0,0,2,0,2,0,0,0,0,0,2,2,2,0,0,0,0,0,0,0,0,2,0,0,0,0,0,0,0,0,2,0,0,0,2,0,0,0,0,0,2,0,0,0,0,0,0,2,0,0,2,0,0,0,0,2,0,0,0,2,2,0,0,2,0,0,2,0,0,0,0,0,0,0,0,0,0,0,0,0,0,0,0,0,2,0,0,0,0,0,0,0,0,0,0,0,0,0,0,0,0,0,2,0,0,0,0,0,2,0,0,0,0,2,0,0,0,0,0,0,0,0,0,0,0,0,0,2,0,0,0,0,0,0,0,0,0,0,2,2,0,0,0,2,0,2,0,0,0,2,0,0,2,0,0,0,0,2,0,0,2,0,0,0,2,0,0,2,0,0,0,2,0,0,2,0,0,0,2,0,0,0,0,0,0,0,2,0,0,0,2,0,0,2,0,0,0,0,0,0,0,0,0,0,2,0,0,2,0,0,2,0,0,2,0,0,0,2,0,0,0,0,0,2,0,0,0,0,0,2,0,0,0,0,2,0,2,0,0,0,2,2,0,0,NA,0,0,0,0,0,0,0,0,0,0,2,2,0,0,0,0,0,0,2,2,0,0,2,2,2,0,2,2,0,0,0,0,0,0,0,0,2,2,2,2,0,0,0,0,0,0,0,2,0,0,2,0,0,0,0,0,0,2,2,0,0,0,0,0,0,0,0,0,0,2,0,0,0,0,0,0,0,0,2,2,0,0,0,0,0,0,0,2,2,2,0,0,0,0,0,2,0,0,2,0,0,0,0,0,0,0,0,0,0,2,0,2,0,0,0,2,2,0,0,0,0,0,0,0,0,0,0,0,0,0,0,0,0,0,2,0,2,0,0,0,2,0,0,0,0,0,0,0,0,0,0,0,0,0,0,0,2,2,0,0,0,2,2,0,2,0,0,0,0,0,2,0,0,0,0,0,0,0,2,2,2,0,2,0,0,0,0,0,0,0,2,0,0,0,2,0,2,0,0,0,0,0,0,0,0,0,0,2,0,2,0,0,2,0,0,0,0,0,0,0,0,0,0,0,0,0,0,0,2,0,0,2,0,2,0,0,0,2,0,0,0,0,0,0,0,2,0,0,0,0,0,0,0,0,0,0,0,0,0,0,0,0,0,0,0,0,0,0,0,0,2,0,0,2,0,0,2,0,0,0,0,0,0,0,0,2,0,0,0,0,0,0,2,2,2,0,0,0,0,0,0,0,0,2,0,2,2,0,0,0,0,0,0,2,0,0,0,0,0,0,0,0,0,0,0,0,0,0,0,0,0,2,0,0,0,2,0,0,0,2,0,0,2,0,2,0,0,0,0,0,0,2,2,0,0,0,0,0,0,0,0,0,0,0,0,0,0,0,0,0,2,0,2,0,0,2,0,0,2,0,0,2,2,2,0,0,2,0,2,0,0,0,0,0,0,2,0,2,0,0,0,0,0,0,0,0,0,0,2,2,0,0,0,0,0,0,0,0,2,2,0,0,0,0,0,0,2,2,0,0,2,2,0,0,0,0,0,0,2,0,0,0,0,2,2,0,0,0,2,0,0,0,0,2,0,0,0,0,0,0,0,0,2,0,0,0,0,0,0,0,0,0,0,0,2,0,0,0,0,0,0,0,0,0,2,0,0,2,0,0,0,2,0,0,0,0,0,0,0,0,0,0,0,0,0,0,0,0,0,2,0,2,0,0,2,0,0,0,0,0,0,0,0,0,0,0,0,0,0,0,2,0,0,0,0,0,0,0,0,0,2,2,0,2,2,0,0,0,0,2,0,0,0,2,0,0,2,0,0,2,0,2,0,2,0,2,2,0,0,2,0,0,0,0,0,0,2,2,0,0,2,2,0,2,0,0,0,2,0,0,2,0,0,2,0,0,2,2,0,0,0,0,0,2,0,0,0,0,0,0,0,0,0,0,0,0,0,0,2,0,0,0,0,0,0,0,0,2,0,0,0,0,0,2,2
"CC96",0,2,0,0,0,2,0,0,0,0,0,0,0,0,0,2,0,0,0,0,2,0,2,0,0,0,0,0,0,2,0,2,0,0,0,2,2,0,0,0,0,2,2,2,2,0,0,2,0,0,2,2,0,2,0,0,2,0,0,0,2,0,2,2,0,0,0,2,0,2,2,0,2,2,0,0,0,0,0,2,0,0,0,0,0,2,0,2,0,0,0,2,0,0,0,2,0,0,0,0,2,2,0,2,2,0,0,0,0,0,0,0,0,2,0,0,0,0,0,0,0,0,0,2,0,0,0,0,2,0,2,0,0,0,0,0,0,0,2,0,0,0,0,0,0,0,0,2,2,0,0,0,0,2,0,2,0,2,0,0,0,2,2,0,2,2,2,0,0,0,0,0,2,0,0,2,2,0,2,2,2,0,0,2,0,0,0,0,0,0,2,2,0,2,0,2,2,2,2,0,0,0,0,0,0,0,0,2,0,0,0,2,0,2,0,2,2,0,0,0,2,0,0,2,0,2,0,2,2,2,0,0,2,2,0,0,0,0,0,0,2,0,0,0,2,0,0,0,0,2,0,0,0,0,0,0,2,0,0,0,0,2,0,0,0,0,0,0,0,0,0,0,0,0,0,0,2,2,2,0,0,2,0,0,0,0,0,0,0,0,0,0,0,0,0,2,0,0,2,2,0,0,0,2,2,0,0,2,0,2,0,0,0,0,2,2,0,2,0,0,2,0,0,0,2,0,2,0,0,0,0,0,0,0,0,2,0,0,2,0,2,0,0,0,0,0,0,0,0,0,0,0,0,0,0,0,0,0,2,0,0,2,0,0,0,0,0,0,0,0,0,0,2,0,0,0,0,0,0,0,2,0,0,0,0,0,2,2,0,0,0,0,2,0,0,0,0,0,2,0,0,0,0,0,0,0,0,0,0,0,0,0,0,0,0,0,0,2,0,0,0,0,2,0,0,0,0,0,0,0,2,0,2,0,0,2,2,0,2,0,2,0,2,0,0,2,0,0,2,0,0,0,2,2,0,0,0,0,0,0,0,0,2,0,0,0,0,0,0,2,0,0,0,0,0,0,0,2,0,0,0,0,0,2,0,2,2,0,2,2,0,0,0,2,0,0,0,0,0,2,0,0,2,0,0,0,0,0,2,0,0,2,0,2,0,0,0,0,0,0,0,0,2,0,0,0,0,0,0,0,2,0,2,0,0,0,2,0,0,0,2,2,0,2,0,2,0,0,0,0,2,0,0,0,0,0,2,0,0,0,2,0,0,2,0,0,0,0,0,0,0,0,0,0,2,0,2,0,0,0,2,2,0,0,0,0,0,0,2,2,0,2,2,2,2,2,0,2,0,0,0,0,0,0,0,0,0,0,0,2,0,0,0,0,0,0,0,0,0,0,0,0,0,2,0,2,0,0,2,0,2,0,0,2,0,0,0,0,0,2,0,0,0,0,0,0,0,0,0,0,0,0,0,0,0,0,2,0,0,0,0,2,0,2,2,0,0,0,0,0,0,0,0,2,0,2,2,0,0,0,0,0,2,0,2,0,0,0,0,0,0,0,0,0,0,0,2,0,0,2,0,2,0,0,0,0,0,0,0,0,0,0,0,0,0,0,0,0,2,0,0,0,0,0,0,2,0,2,2,0,2,0,0,0,2,0,0,0,0,0,0,0,0,0,0,0,0,0,2,2,0,0,0,0,0,0,0,0,2,0,0,2,0,0,0,0,0,0,0,0,2,0,0,0,0,0,2,2,0,0,0,2,0,0,0,0,0,0,0,0,2,0,0,0,0,0,0,0,0,0,0,0,2,0,0,2,0,2,2,0,0,0,0,0,0,0,0,0,2,0,0,0,0,0,0,2,0,0,0,0,0,0,0,2,0,0,2,0,0,0,2,0,0,2,0,0,2,0,0,0,0,0,0,2,2,0,0,0,0,2,2,0,0,0,0,0,0,0,0,0,0,0,0,0,2,0,2,0,0,2,0,0,0,2,0,0,0,2,0,0,0,0,0,2,0,0,2,0,0,0,0,0,0,0,0,0,0,0,2,2,0,0,0,0,0,2,2,0,0,0,2,2,2,2,0,0,0,0,0,2,2,2,0,0,2,0,0,0,0,NA,2,0,0,0,0,0,0,2,0,2,0,0,2,0,0,0,2,0,0,0,0,0,0,0,0,0,0,0,0,0,0,2,0,0,0,0,0,0,2,2,0,0,0,0,0,0,0,0,0,2,0,0,0,2,0,0,0,0,0,0,0,0,0,0,0,0,0,0,0,0,0,0,0,0,0,0,2,2,2,0,0,2,2,0,2,0,0,2,0,0,0,0,0,0,2,2,0,0,0,0,0,0,2,2,2,0,2,0,0,0,2,0,0,0,2,0,0,2,2,2,0,2,2,2,0,0,2,2,0,0,2,2,0,0,0,2,0,0,0,0,0,0,0,0,0,0,0,2,0,0,0,2,2,0,2,2,0,0,2,2,0,2,2,2,0,0,2,0,0,0,2,0,2,0,0,0,0,2,0,2,0,0,2,2,0,0,0,0,0,0,0,0,2,0,0,0,0,0,0,0,0,2,0,2,0,0,0,2,0,0,0,0,0,2,0,0,0,0,0,0,0,0,0,0,0,0,0,0,0,0,2,0,0,0,2,2,0,0,0,0,2,0,0,0,0,0,0,0,0,0,0,0,0,0,0,0,0,0,2,0,0,0,0,0,0,0,0,0,0,0,0,0,0,2,0,NA,0,0,0,0,0,0,2,0,2,2,0,2,0,0,0,0,2,0,0,0,0,2,0,0,0,0,2,2,0,2,0,0,0,0,0,0,0,0,0,0,0,0,2,0,0,0,2,0,2,0,0,2,0,2,2,0,2,0,0,0,2,2,0,2,0,2,0,0,NA,2,0,0,0,0,2,0,0,0,0,0,0,0,0,0,0,0,0,2,2,0,0,0,0,0,0,0,2,0,0,0,0,2,2,0,0,0,2,0,0,0,0,0,0,0,2,0,0,0,0,0,0,0,2,2,0,0,0,0,0,0,2,0,0,0,0,0,0,0,0,0,0,0,0,0,0,0,0,0,0,0,0,0,0,0,0,0,0,0,0,0,2,0,0,0,2,0,0,0,0,0,0,0,0,2,2,0,0,0,0,0,0,0,0,0,0,0,0,0,0,0,2,0,0,2,0,0,0,2,0,0,0,0,0,0,0,0,0,0,0,2,0,0,0,0,0,0,2,2,0,0,2,0,2,0,0,0,0,0,0,2,0,0,0,2,0,0,0,0,2,2,0,0,0,0,0,0,0,0,0,2,0,0,2,0,0,0,0,0,0,0,0,0,0,0,0,0,2,0,0,0,0,0,0,0,0,0,2,0,2,0,0,2,2,0,0,0,2,0,2,0,0,0,0,0,0,0,0,0,0,2,0,2,0,0,2,0,2,2,0,0,2,0,0,0,0,0,0,0,2,0,0,0,0,0,0,0,0,0,0,0,0,0,0,2,0,2,0,0,0,2,0,0,0,0,0,0,0,2,0,0,2,2,0,0,0,0,2,0,0,2,0,0,0,0,0,0,2,2,0,2,0,0,0,0,0,0,0,0,0,0,0,2,2,0,2,0,0,0,0,0,0,0,0,0,0,0,0,0,0,0,0,2,0,0,0,2,0,0,0,0,2,0,0,0,0,0,0,0,0,0,0,0,2,0,0,2,0,0,0,0,NA,0,0,0,2,0,2,0,0,0,0,2,0,2,0,0,0,0,0,2,0,0,0,2,0,2,0,0,0,0,2,0,0,2,0,0,0,2,2,2,0,2,0,0,0,0,0,0,0,0,0,2,0,0,0,0,0,0,0,0,0,2,0,2,0,2,0,0,0,0,0,0,0,0,0,2,0,0,0,0,0,0,2,0,0,0,0,0,0,0,0,0,0,0,0,0,2,0,0,2,0,0,0,0,0,0,0,0,0,0,0,0,0,0,2,0,0,0,0,0,2,0,0,0,0,0,0,0,0,0,0,0,0,0,0,0,2,0,0,0,0,0,2,0,0,0,2,2,0,2,0,0,0,2,0,0,0,0,2,0,2,0,2,0,2,0,2,2,0,0,2,0,0,0,0,0,0,0,0,0,0,0,0,0,0,0,0,2,0,0,0,0,2,0,0,0,0,0,2,0,0,0,0,0,2,0,0,0,2,2,0,0,2,0,0,0,0,0,0,2,0,0,0,0,0,0,0,0,0,0,2,0,0,2,2,0,0,0,0,0,0,0,0,0,0,0,0,2,2,0,0,0,0,0,0,0,0,0,0,0,0,0,0,2,2,0,0,0,0,0,0,2,0,0,0,0,0,0,0,2,2,0,0,0,0,0,2,0,2,0,0,0,0,0,0,0,0,0,0,0,2,0,0,0,0,2,0,0,0,0,0,0,0,0,0,0,0,2,0,0,0,0,0,0,0,0,0,0,2,2,0,0,0,2,0,0,0,0,0,0,0,0,0,0,0,0,0,0,0,0,0,0,0,0,0,2,0,0,0,0,0,0,0,0,0,0,2,0,2,NA,0,0,2,2,2,0,0,2,0,0,0,0,0,0,0,2,0,0,0,0,0,0,0,0,0,2,0,0,2,0,0,2,0,0,0,0,0,0,0,0,0,0,0,0,0,0,0,0,0,0,0,0,0,0,0,0,0,0,0,0,0,0,0,0,0,0,0,0,0,0,2,0,0,0,0,0,2,0,0,0,0,0,2,2,0,2,2,NA,0,0,0,0,0,0,0,2,2,2,0,0,0,0,0,0,0,2,2,0,0,0,0,2,0,0,0,0,0,0,2,0,2,0,2,0,2,0,0,2,2,2,0,0,0,0,0,0,0,0,0,2,0,0,0,0,0,2,2,2,0,0,0,0,0,0,0,0,0,0,0,0,0,0,0,2,0,2,2,0,0,0,0,2,0,0,0,0,2,0,0,0,0,0,0,0,0,0,0,2,0,0,0,2,0,0,0,0,2,0,0,2,0,0,0,2,0,0,0,0,2,2,0,0,0,0,0,0,0,0,0,2,0,0,2,0,0,0,0,2,0,0,0,0,0,0,0,0,0,0,0,0,0,0,0,0,0,0,0,0,0,0,2,0,0,0,0,2,0,0,0,0,0,0,0,0,0,0,0,0,0,0,0,0,0,0,0,0,0,0,0,2,0,0,0,0,0,0,0,0,2,0,0,0,0,2,0,0,0,0,2,0,0,0,0,2,0,0,0,0,0,2,0,0,0,2,0,0,0,0,0,0,0,0,0,0,0,0,0,2,0,0,0,0,0,0,0,0,0,0,0,0,0,2,0,0,0,0,0,0,0,0,0,0,0,0,0,0,0,2,0,0,0,0,2,0,2,0,0,0,0,0,0,0,0,0,0,0,0,0,0,2,0,0,0,0,0,0,0,2,0,0,0,0,0,0,0,0,0,2,0,0,0,0,2,0,0,0,0,2,2,0,2,0,2,0,0,2,0,0,0,0,0,0,0,2,2,0,0,0,0,0,0,0,0,0,0,0,0,0,0,0,0,0,2,0,2,0,0,0,2,0,0,0,0,0,0,0,0,0,2,0,2,0,0,0,0,0,0,0,0,0,0,0,0,2,0,0,0,0,0,0,0,0,2,0,0,0,0,0,0,0,0,0,0,0,0,0,0,0,0,0,0,0,0,0,0,0,0,0,0,0,0,0,0,2,0,0,2,0,0,0,0,0,0,0,0,0,0,0,2,0,0,0,0,0,0,0,0,0,0,0,0,2,0,0,0,0,NA,0,0,0,0,0,0,0,0,0,0,0,0,0,0,0,0,0,0,2,0,0,2,0,0,0,2,2,0,0,0,0,0,0,0,2,0,0,2,0,0,0,2,0,2,0,0,0,2,0,0,0,0,2,0,0,0,0,0,0,0,0,0,0,0,0,0,0,2,2,0,0,0,0,0,0,0,0,0,0,2,0,0,0,0,0,0,2,0,0,0,0,2,0,0,0,0,0,0,2,2,2,0,0,0,0,0,2,2,0,0,2,0,0,0,0,0,2,0,0,2,0,2,0,0,0,0,0,2,2,0,0,0,0,0,0,0,0,0,0,0,0,0,0,0,0,2,2,0,0,0,0,0,0,0,0,0,2,0,2,0,0,0,0,0,0,0,0,0,0,0,0,0,0,2,0,0,0,0,0,0,2,0,0,0,0,0,2,2,0,0,0,0,2,0,0,0,0,0,0,0,0,0,0,0,0,0,0,0,0,2,0,0,2,2,0,0,0,0,0,0,0,0,0,2,2,0,0,0,2,0,0,0,0,0,2,0,2,2,0,0,2,0,0,0,2,0,0,2,0,0,2,0,2,0,0,0,0,0,0,0,0,2,0,0,0,0,2,0,2,0,0,0,2,0,0,0,0,0,0,0,0,0,2,0,0,2,0,2,2,0,2,0,0,0,0,0,0,0,0,2,0,0,0,0,2,0,0,0,0,0,0,0,0,0,0,0,0,0,0,2,0,0,0,0,2,2,0,0,0,0,0,2,2,2,0,0,2,0,0,0,2,0,0,2,0,2,0,0,0,0,0,0,NA,0,2,2,0,0,0,0,2,0,2,0,2,2,0,0,0,0,0,0,0,0,0,0,0,0,0,0,0,0,0,0,0,0,0,0,0,2,2,0,0,0,2,0,2,0,0,0,0,0,0,0,0,0,0,2,2,0,0,0,0,0,0,0,2,0,2,2,0,0,0,0,2,0,0,0,0,0,2,0,0,0,0,2,0,2,0,0,0,0,0,2,0,2,0,0,0,0,0,0,2,0,0,0,0,2,0,2,2,0,2,0,0,0,0,0,0,0,0,0,2,2,0,2,0,2,0,0,0,2,0,0,0,0,0,0,2,0,2,0,0,2,2,0,0,0,0,2,0,0,0,0,0,0,0,0,0,0,0,0,0,0,0,2,0,0,0,0,0,0,0,2,2,0,0,0,2,0,0,0,0,0,0,0,0,0,0,0,2,0,0,0,0,0,0,0,0,0,0,0,0,0,2,0,0,0,0,0,2,0,2,0,0,0,0,0,0,0,2,0,0,0,0,0,0,0,0,0,2,0,0,2,0,2,0,2,0,0,0,0,2,2,0,2,0,2,0,0,0,2,0,0,2,0,0,0,0,2,0,2,0,2,0,0,0,2,0,0,0,0,0,0,0,2,0,2,2,0,2,2,2,0,0,0,2,0,2,2,0,0,0,0,2,0,0,2,2,0,0,2,0,2,2,0,0,0,0,0,0,0,0,0,2,0,0,0,0,0,2,0,2,0,0,0,2,0,0,0,0,0,2,0,0,0,0,0,0,2,2,0,0,0,0,0,0,0,0,0,2,0,0,0,0,0,0,0,0,0,0,2,0,2,0,0,2,0,2,0,0,0,0,2,2,0,0,0,0,0,2,0,0,0,0,0,0,0,0,2,2,0,0,2,0,0,0,2,0,2,2,0,0,0,0,0,0,2,0,0,0,0,0,0,0,2,0,2,0,0,2,2,0,2,0,0,0,0,0,2,0,0,0,0,0,0,0,0,2,0,0,0,0,0,2,2,0,0,2,0,2,0,0,2,0,0,0,2,2,2,2,0,0,2,0,0,0,0,2,0,0,0,0,2,2,2,0,0,2,0,0,0,0,0,0,0,0,0,0,0,0,0,0,0,0,0,0,0,0,0,0,2,0,0,0,0,2,0,0,0,0,0,2,2,0,0,0,0,2,0,0,0,2,0,0,0,0,0,2,2,0,2,2,0,0,2,0,0,0,0,0,0,0,0,2,0,2,0,2,2,2,0,0,0,2,2,0,0,0,2,0,0,0,0,0,2,0,0,2,2,2,0,2,0,0,0,0,2,0,0,0,0,0,0,0,0,0,2,2,0,0,2,0,0,0,NA,2,2,0,0,2,0,2,0,0,2,0,0,0,0,0,0,0,0,0,0,0,0,0,0,0,0,0,0,2,0,0,2,0,0,0,0,2,2,0,0,0,2,2,0,0,0,2,0,0,0,0,0,0,0,0,0,0,0,0,2,0,0,0,0,0,0,0,0,0,0,0,0,0,0,2,0,2,0,0,0,0,0,0,2,0,0,0,0,0,0,0,0,0,0,0,0,2,0,0,2,0,0,0,2,0,0,0,0,0,0,0,2,0,0,0,2,0,0,0,2,2,0,2,0,2,0,0,2,0,0,0,0,0,0,0,0,0,0,0,0,0,0,0,0,0,0,0,0,2,0,0,0,2,0,0,0,0,0,0,0,0,0,2,0,0,0,0,2,0,0,0,2,0,0,0,0,0,0,2,2,0,0,0,0,0,2,0,0,0,0,0,0,0,0,0,0,2,0,0,0,0,0,2,0,0,0,0,0,0,0,0,2,0,0,0,2,0,0,2,0,0,0,0,0,2,0,0,0,0,0,0,0,0,0,0,0,2,0,0,0,0,0,0,0,0,0,0,0,0,0,0,2,0,0,0,2,0,2,2,0,0,0,0,0,0,0,0,2,0,0,0,0,2,0,0,0,0,0,0,0,0,2,0,2,0,0,2,0,0,0,0,2,0,0,0,0,0,0,2,0,0,0,0,2,0,0,0,2,0,0,0,2,0,0,0,0,0,2,0,0,0,2,0,0,0,0,0,0,0,0,2,0,0,2,2,0,2,0,0,0,0,0,0,2,0,0,0,0,0,2,0,0,0,0,0,0,0,0,0,2,0,0,0,0,0,0,0,2,2,0,2,0,0,2,0,0,0,2,2,0,0,0,0,2,0,2,0,0,0,0,0,0,0,0,0,0,2,0,0,0,0,0,0,0,2,0,2,0,0,2,0,2,0,0,0,0,0,0,0,0,2,0,0,0,0,2,2,0,0,0,0,0,0,0,2,0,0,0,0,0,0,0,2,0,2,0,0,0,2,0,2,2,0,0,0,0,2,0,0,2,0,2,0,0,0,0,0,0,0,0,0,0,0,0,0,0,0,0,0,0,0,0,0,0,0,2,0,0,2,0,0,2,0,0,2,0,0,0,2,2,0,2,2,0,0,0,2,2,0,0,0,0,0,0,2,0,0,0,0,0,0,0,0,0,2,2,0,0,0,0,0,0,0,0,0,0,0,2,0,0,2,2,0,0,0,2,0,0,0,0,2,2,0,0,0,2,2,0,0,0,0,0,0,0,2,0,2,0,0,0,0,0,0,0,0,0,2,0,0,0,0,2,2,0,2,0,0,0,0,0,2,0,0,0,0,2,0,0,2,0,2,0,0,0,0,0,0,0,0,2,0,2,2,0,0,2,2,2,0,0,0,0,2,2,0,0,0,0,0,0,0,0,0,0,0,2,2,0,0,0,0,0,0,0,0,2,0,0,0,0,2,0,0,0,0,2,0,0,0,0,0,2,0,0,0,0,0,2,0,2,0,2,0,0,0,2,0,0,0,2,0,0,0,0,0,0,0,0,2,0,0,0,0,0,0,0,0,0,0,0,0,0,0,0,0,0,0,2,2,2,0,2,0,0,0,0,0,0,0,0,0,0,2,2,0,0,2,0,0,2,2,0,0,0,0,0,0,0,0,0,2,0,0,0,0,2,0,0,0,0,0,0,0,0,0,0,0,0,0,2,0,0,0,0,0,0,0,0,0,0,0,0,0,0,0,0,0,2,2,0,0,0,0,2,2,0,0,0,0,0,0,2,0,0,0,2,0,2,0,0,0,0,0,0,0,2,0,2,0,0,2,0,2,0,0,0,0,0,0,0,0,0,2,2,2,0,0,0,0,2,0,0,0,0,0,0,0,0,0,0,0,0,2,0,0,2,0,2,0,0,0,0,0,0,0,2,0,0,2,0,0,2,0,2,0,0,2,0,0,0,2,0,2,0,2,2,2,2,0,0,0,0,2,0,0,0,2,2,0,0,0,0,0,2,0,0,0,2,0,2,0,0,0,0,0,0,0,2,0,0,0,0,0,0,0,0,0,0,0,0,2,2,NA,2,0,0,0,2,0,2,0,0,0,0,0,NA,0,0,0,2,2,0,0,2,0,2,0,2,2,0,0,2,0,2,0,0,2,0,0,2,0,0,2,0,0,0,0,0,0,0,0,0,0,2,0,0,0,2,0,0,0,2,0,0,0,0,0,0,2,0,0,0,2,0,2,0,2,0,0,2,0,0,0,0,0,0,0,0,0,0,2,0,0,0,0,0,2,0,0,0,0,0,0,0,0,0,0,0,0,2,0,0,0,0,0,2,2,0,0,0,2,0,0,0,2,2,0,0,2,2,2,0,0,0,2,2,0,0,0,0,0,0,0,0,2,0,2,0,2,2,0,0,0,0,2,0,0,2,2,0,0,2,0,0,2,0,0,0,2,2,2,2,0,0,0,0,2,0,2,0,0,0,0,0,0,0,0,0,0,0,2,2,0,0,0,2,0,0,0,2,0,2,2,2,0,0,0,2,0,0,0,2,0,0,0,2,0,0,0,2,2,2,2,2,2,0,0,0,0,0,0,0,0,2,0,2,0,0,2,0,2,2,0,0,0,0,2,0,0,0,0,0,2,0,0,0,0,0,0,0,0,0,0,0,2,2,2,2,0,0,0,0,0,0,0,0,0,0,0,0,0,0,0,0,0,0,0,0,2,0,0,0,0,2,2,2,2,0,0,0,0,2,0,2,0,2,2,0,2,0,0,0,2,0,2,2,0,0,0,0,0,0,2,0,2,2,2,2,0,0,0,0,0,2,2,0,0,0,2,0,0,0,2,0,0,0,0,0,0,0,0,0,0,0,0,0,2,0,0,0,2,0,0,0,0,0,0,0,0,0,0,0,0,2,2,2,0,2,0,0,0,NA,0,0,0,0,0,0,0,0,0,0,0,0,0,0,0,0,0,0,0,2,0,0,0,0,2,0,0,2,0,0,0,2,0,0,0,2,0,0,0,0,0,0,0,0,0,0,0,0,2,0,2,2,0,0,0,0,0,0,0,0,0,0,0,0,0,0,0,0,0,0,0,0,2,0,0,0,0,2,0,2,0,0,0,0,0,0,0,2,2,0,0,2,0,0,0,0,0,0,0,0,0,0,0,2,2,0,2,0,0,0,0,0,0,0,0,0,0,2,2,0,0,0,0,0,0,0,0,0,0,0,0,2,2,0,0,0,0,2,2,0,0,0,0,0,0,0,0,2,0,0,0,0,0,0,0,2,0,2,0,2,0,0,0,0,0,2,0,2,0,0,0,0,0,0,0,0,0,2,0,0,0,2,2,0,0,0,2,2,0,0,0,0,0,0,0,0,0,0,0,0,0,0,2,0,2,0,0,0,0,0,0,0,0,0,0,0,0,0,0,0,2,0,2,0,0,0,0,0,0,0,2,0,0,0,0,0,0,0,0,0,0,0,0,0,0,0,0,0,0,0,0,2,0,0,0,0,0,2,0,0,0,2,0,2,0,0,0,0,0,0,0,0,0,0,0,2,0,0,0,0,0,0,0,0,2,0,0,0,0,2,0,0,2,2,0,0,0,0,2,2,0,0,0,0,0,2,0,0,0,0,2,NA,2,0,0,2,0,0,0,0,0,0,0,2,2,2,0,0,0,2,2,0,0,0,0,2,2,0,0,2,0,0,2,0,0,0,2,0,0,0,0,0,2,0,0,0,0,0,0,0,0,0,0,0,0,2,0,2,0,0,0,0,0,0,0,0,2,0,0,0,0,0,2,2
"CC98",2,2,0,0,0,0,0,0,0,0,0,0,0,0,0,2,0,0,0,2,2,0,2,0,0,0,0,0,0,0,2,2,0,0,0,2,0,0,0,0,0,0,0,2,2,0,0,2,2,0,2,2,0,2,0,0,2,0,0,0,0,0,0,2,0,0,0,0,0,2,2,0,0,0,0,0,0,0,0,2,0,0,0,0,0,2,2,2,0,0,0,2,0,0,0,2,0,2,0,0,2,2,0,0,2,2,0,0,0,0,0,0,0,2,0,0,0,0,0,2,0,0,0,2,0,0,0,0,2,0,2,0,0,0,2,0,0,0,0,0,0,0,0,0,0,0,0,2,2,0,0,0,0,2,0,0,2,0,NA,0,0,2,2,0,2,2,0,0,0,0,0,NA,0,0,0,0,2,0,2,0,0,0,2,2,0,0,0,0,0,0,2,0,0,0,2,0,0,0,0,0,2,0,0,0,0,0,0,0,0,0,0,2,0,2,0,2,0,0,0,0,2,0,0,2,0,0,0,0,2,2,0,0,0,0,0,0,0,2,0,0,0,0,0,0,2,0,0,0,0,2,0,0,0,0,0,0,0,2,0,0,0,0,0,0,0,0,2,0,0,0,0,0,0,0,2,0,2,2,0,0,0,0,0,0,0,0,0,0,0,0,0,0,0,0,0,0,0,0,0,0,0,0,0,2,0,0,0,2,0,0,0,2,0,0,0,0,0,2,0,0,0,0,0,0,0,0,0,0,0,0,0,0,2,0,0,2,0,0,0,0,0,0,0,2,0,0,0,0,0,0,0,0,0,0,0,2,0,0,0,0,2,0,0,0,0,2,0,0,0,2,2,0,0,2,2,0,0,0,0,0,0,0,0,0,0,0,2,2,0,0,0,0,0,0,0,0,0,2,0,0,0,0,0,0,0,0,0,0,0,2,0,0,0,0,0,2,0,2,0,0,0,0,0,0,0,0,2,2,0,0,0,0,0,0,0,0,0,0,2,0,0,0,0,0,0,2,0,0,0,0,0,0,0,0,0,0,2,0,0,2,2,2,0,0,0,0,0,2,0,0,2,2,0,2,0,0,0,2,0,0,0,0,0,2,0,2,0,2,2,0,0,0,0,2,0,0,0,0,0,2,0,0,2,0,0,0,0,0,2,2,0,2,2,0,0,0,0,0,0,0,0,0,0,0,0,0,0,0,0,0,0,0,0,0,0,0,0,0,0,0,0,0,2,2,0,0,0,0,0,0,2,0,2,0,0,0,2,2,0,0,2,0,0,0,0,0,0,0,0,0,0,2,0,0,2,0,0,0,0,0,0,0,0,0,0,2,0,2,2,0,0,2,0,2,0,0,0,2,0,0,0,0,0,0,0,0,0,0,0,0,0,0,0,0,0,0,0,0,0,0,0,0,0,0,0,0,0,0,2,0,2,0,0,2,0,0,0,0,0,0,0,0,0,2,2,0,0,0,0,0,0,0,0,0,0,0,2,0,0,0,0,0,0,2,2,0,0,0,0,0,0,0,0,2,0,0,2,0,0,0,0,0,0,0,2,0,0,0,0,0,2,0,0,0,0,0,0,0,0,0,0,0,0,0,0,2,2,0,0,0,0,2,0,0,2,0,2,2,0,0,0,0,0,0,0,0,0,2,0,0,0,2,0,0,0,0,0,0,0,0,0,0,2,0,0,0,0,0,0,0,0,2,0,0,2,0,0,2,0,0,2,0,2,2,0,0,0,0,0,0,2,0,0,0,2,0,2,0,2,0,0,2,0,0,0,0,2,0,0,0,0,0,0,2,0,0,0,0,0,0,0,0,0,2,2,2,2,0,2,0,0,0,0,0,0,0,0,0,2,0,0,0,0,0,0,2,0,0,0,0,0,0,2,0,0,0,0,0,2,0,2,0,0,2,0,0,0,2,0,0,0,2,0,2,0,0,2,0,0,2,2,2,2,0,2,0,0,2,2,2,2,0,2,0,0,0,0,0,0,0,0,2,0,0,0,0,2,0,2,2,0,0,0,0,2,0,0,2,0,0,0,0,0,0,2,0,0,0,0,0,0,0,0,0,0,2,0,0,0,2,0,0,0,0,0,0,0,0,0,0,0,0,0,0,0,0,0,0,0,0,0,0,0,0,0,0,0,0,0,0,2,0,0,0,0,0,0,0,0,0,0,2,0,0,0,2,0,2,0,0,0,2,0,0,0,2,0,0,2,2,0,0,2,2,0,0,0,0,0,0,0,0,0,0,0,2,2,2,0,0,0,2,0,0,0,0,0,0,0,0,0,0,0,0,0,NA,2,2,0,0,0,0,2,0,0,0,0,0,0,0,0,0,0,0,2,2,0,0,2,0,0,0,0,0,0,2,2,2,0,0,0,0,2,0,0,0,0,0,2,0,0,0,0,2,2,0,2,2,0,0,0,0,2,0,0,2,0,0,0,0,0,2,2,0,0,0,0,2,0,0,0,2,2,0,0,0,0,0,2,2,0,0,2,0,0,0,2,0,0,0,2,0,0,0,0,0,2,0,2,0,0,0,0,2,0,2,0,0,0,2,0,0,0,2,0,0,2,0,0,0,2,0,0,2,0,0,0,2,2,2,0,0,2,0,0,0,0,0,0,0,0,0,0,0,2,0,0,0,0,0,2,0,0,0,2,0,0,0,0,0,2,0,0,0,0,0,0,0,0,0,0,2,2,0,0,2,0,0,2,0,0,0,0,0,2,NA,0,0,2,0,0,0,0,0,NA,0,2,0,0,2,2,0,0,0,0,0,0,0,0,2,2,0,2,0,0,0,0,0,0,2,0,2,2,0,0,0,0,2,0,2,0,0,0,2,2,0,0,0,0,0,2,0,0,0,2,2,0,2,2,2,0,0,2,0,0,0,0,0,0,0,0,0,0,0,0,2,0,0,0,2,0,2,2,0,0,0,0,0,0,0,0,2,0,0,2,0,0,2,0,0,0,0,0,0,2,2,0,0,0,0,2,0,0,0,0,0,0,0,0,0,0,0,0,0,0,2,0,0,0,0,0,0,2,0,0,0,2,0,0,0,0,0,0,2,0,0,0,0,0,0,0,0,0,0,0,0,0,0,0,0,0,0,0,0,2,0,0,0,0,0,0,0,0,0,0,0,0,0,0,0,0,0,0,0,0,2,0,0,0,2,0,0,0,0,0,0,2,0,0,0,2,0,0,0,2,0,0,0,0,2,0,0,0,0,0,0,0,0,0,0,0,0,2,0,0,0,0,0,0,0,0,0,0,0,0,0,0,0,2,0,0,0,2,2,2,0,0,0,2,2,0,0,0,2,0,2,0,0,2,0,0,2,0,0,0,0,0,2,0,2,0,0,0,0,0,0,0,0,0,0,2,0,0,0,0,0,0,0,2,0,2,0,0,0,2,0,0,0,0,2,0,0,0,0,0,0,0,2,0,0,0,0,2,0,0,0,0,0,0,0,2,0,0,0,0,0,2,0,2,0,0,0,0,0,0,2,0,0,2,2,0,0,2,0,0,0,NA,2,2,0,0,0,0,0,0,0,0,2,0,0,0,0,0,0,0,0,0,0,0,2,0,0,2,2,0,2,0,0,0,0,0,0,0,0,2,0,0,2,0,0,0,0,0,0,0,0,0,2,0,0,0,0,0,2,0,0,0,0,0,0,0,0,2,0,0,0,2,0,0,0,0,0,0,0,0,0,0,0,2,0,0,0,2,0,2,0,0,0,0,2,2,0,0,0,2,0,0,0,0,0,0,0,0,0,0,0,0,2,0,0,0,0,2,0,0,0,0,0,0,0,0,0,0,0,0,2,0,0,0,2,2,0,0,2,0,2,0,0,0,0,0,0,2,0,0,2,0,0,0,0,0,0,0,0,0,0,0,0,0,0,2,0,2,0,0,0,2,0,2,2,0,0,0,0,0,0,0,0,0,0,2,0,2,0,0,2,0,0,0,0,0,0,0,0,0,0,2,0,0,0,2,0,0,0,0,0,0,0,0,0,0,0,2,0,0,0,0,2,0,0,0,0,2,0,2,2,0,0,0,0,0,0,2,0,0,2,0,0,0,2,0,0,0,0,2,0,2,0,0,0,2,0,2,0,0,2,0,0,0,0,0,0,0,0,0,2,0,0,2,0,0,0,0,2,0,0,0,2,0,2,2,0,0,0,2,0,0,0,0,2,2,0,0,2,2,2,0,0,0,0,0,0,0,0,0,2,0,0,2,0,0,0,0,0,0,0,0,0,0,0,0,2,0,0,2,0,0,0,2,0,0,2,2,0,0,0,2,0,0,2,0,2,0,0,0,2,0,0,0,2,0,2,0,0,0,0,0,0,0,0,0,0,0,0,0,0,0,0,0,0,0,0,0,0,2,0,2,0,0,0,0,0,0,0,0,0,0,0,0,0,0,0,0,0,0,0,0,0,0,0,2,0,0,0,2,0,0,2,0,0,0,0,0,0,0,2,0,0,0,2,2,2,0,0,0,0,0,0,0,0,0,2,0,0,0,0,0,0,0,0,0,0,0,2,0,0,0,0,0,2,0,0,0,0,0,0,2,2,0,0,0,0,0,0,0,2,0,0,0,0,0,2,0,2,0,0,0,0,0,0,0,0,0,0,2,0,0,0,0,0,0,0,0,0,0,0,0,0,0,0,0,0,0,0,0,0,0,0,0,0,2,0,0,0,0,2,0,0,0,0,0,0,0,0,0,2,0,0,0,0,0,2,0,0,0,0,0,0,0,0,0,2,0,2,0,0,0,0,0,0,0,0,2,2,2,0,0,0,0,2,0,0,0,0,2,0,0,0,0,0,0,0,0,0,0,0,0,2,0,2,0,0,0,0,0,2,0,0,0,2,0,2,0,0,2,0,0,0,0,2,0,0,0,0,0,0,0,0,0,0,0,2,2,0,0,0,0,0,0,2,0,2,0,2,0,0,0,0,2,0,0,0,0,0,0,0,0,0,0,0,2,0,0,2,0,0,0,0,2,0,0,0,0,0,0,0,0,0,0,0,2,0,2,0,0,0,2,0,0,0,0,0,0,0,0,2,0,0,0,0,0,0,0,2,0,0,0,0,0,0,2,0,0,0,2,0,0,0,0,0,0,0,0,0,0,0,2,0,0,0,0,0,0,2,0,2,0,0,0,0,0,0,0,0,0,2,2,0,0,2,0,0,0,2,0,0,0,0,0,2,2,NA,0,0,0,0,0,0,0,0,2,0,0,2,0,0,2,0,0,2,0,0,0,0,2,2,0,0,0,2,0,0,0,0,0,0,2,0,0,0,0,0,0,2,2,0,0,0,0,0,0,0,2,0,0,0,2,2,0,0,0,0,0,0,0,2,0,0,0,0,0,0,0,0,0,0,0,0,0,2,2,0,0,0,0,0,2,2,0,0,0,0,0,0,0,2,0,0,0,0,0,0,0,0,0,0,0,0,0,0,0,0,0,2,2,0,0,0,0,2,0,0,0,2,0,0,0,0,0,0,0,0,0,0,0,2,0,0,0,2,0,0,0,0,2,0,2,0,0,0,2,0,0,0,0,0,0,0,2,0,0,0,0,0,2,0,0,0,0,0,0,0,0,0,0,0,2,0,0,2,0,0,0,0,0,0,2,0,0,2,0,0,0,0,0,0,0,0,0,2,2,0,0,0,0,0,0,0,0,0,0,0,0,0,0,0,0,0,0,0,0,0,0,0,0,0,0,2,2,0,0,0,0,0,0,0,0,0,0,0,0,0,0,0,0,0,2,2,0,0,0,0,0,0,2,0,0,0,0,0,0,0,2,0,0,0,0,2,0,0,0,0,2,2,0,0,2,0,0,0,0,0,0,0,2,0,0,0,2,0,0,0,0,0,0,0,0,2,0,2,0,2,2,0,0,0,0,0,0,0,2,2,0,2,2,0,0,0,0,0,0,0,0,0,0,0,2,0,2,2,2,0,0,2,0,2,0,2,0,0,2,2,2,0,0,0,2,0,0,0,0,0,0,0,2,0,0,0,0,0,0,2,0,2,0,0,0,2,0,2,2,0,0,0,0,0,0,0,0,2,0,0,2,0,0,0,0,0,0,2,2,2,0,0,0,0,0,0,0,0,0,0,0,2,0,0,0,0,2,0,2,0,0,0,0,2,0,0,0,0,0,0,0,0,0,0,0,0,0,0,0,0,0,0,0,2,0,0,0,0,0,0,2,2,0,0,0,0,0,0,0,0,0,0,0,2,0,0,0,0,0,0,2,0,0,0,0,0,0,0,0,2,2,0,2,2,0,0,2,2,2,0,2,0,0,NA,2,2,0,0,0,0,0,0,0,0,2,0,0,2,2,0,0,0,0,2,0,0,0,2,0,0,0,0,0,0,0,0,0,0,0,0,0,0,0,0,0,2,0,0,0,0,2,0,0,0,0,0,2,0,0,0,0,0,2,2,0,0,0,0,2,0,0,2,0,0,0,0,0,0,0,0,0,0,0,0,0,0,0,0,0,0,0,0,0,0,0,0,0,0,0,0,0,0,0,2,0,0,0,0,0,0,0,0,0,0,0,0,0,0,0,0,0,2,0,0,0,0,0,0,0,0,0,2,0,0,0,0,0,0,2,0,0,0,2,0,2,2,0,0,0,0,0,0,0,0,0,0,0,0,0,0,0,2,0,0,0,0,0,0,0,0,0,0,0,0,0,2,0,2,0,0,2,0,0,0,0,0,0,0,2,0,0,0,0,0,0,0,2,0,0,0,0,0,0,0,0,0,0,0,0,0,0,0,0,2,0,0,2,0,0,0,0,0,0,0,0,2,0,0,0,0,0,0,0,0,2,2,0,0,2,0,0,2,0,2,0,0,2,0,0,0,0,0,0,2,0,0,2,0,2,0,0,0,2,0,0,0,0,0,0,2,0,2,0,0,0,0,0,0,0,0,0,2,0,0,0,0,0,0,0,0,0,2,2,0,0,0,0,0,0,0,0,0,0,0,2,2,2,0,0,2,0,0,0,0,0,0,0,0,0,2,2,0,0,0,2,0,0,0,0,2,0,0,0,0,0,0,2,0,0,0,0,2,0,2,0,0,0,0,0,0,0,0,0,0,2,0,2,0,2,0,0,0,2,2,2,0,0,0,0,2,0,0,0,0,0,0,0,0,0,0,0,0,0,0,2,0,0,0,0,0,0,0,0,0,0,0,0,0,0,0,0,0,0,2,0,0,2,0,0,2,0,2,2,0,0,0,2,0,2,2,2,0,0,0,0,2,0,2,0,2,0,2,NA,0,0,0,0,2,2,0,0,0,2,2,0,0,0,2,0,0,0,0,0,2,0,NA,2,0,0,2,0,0,0,0,2,2,2,2,0,2,0,0,0,0,0,0,0,0,2,2,0,0,0,0,2,2,0,2,0,0,0,0,2,0,2,2,0,2,2,2,0,2,0,0,2,0,0,2,0,0,0,0,0,0,0,0,0,0,0,0,0,0,0,0,NA,0,0,0,2,0,2,0,0,0,0,0,0,0,0,0,0,2,0,0,0,2,2,0,0,0,0,2,0,0,2,0,0,0,0,2,0,0,0,0,0,0,0,2,0,0,0,0,0,0,0,0,0,0,0,0,0,0,0,0,0,0,0,2,2,0,0,2,0,0,2,0,0,0,0,2,0,0,0,2,0,0,2,0,0,2,0,0,0,0,2,0,0,2,0,0,0,0,0,0,0,2,0,0,2,2,0,0,0,0,0,0,0,0,0,0,0,0,0,0,2,0,0,0,0,0,0,0,2,0,0,0,0,0,2,2,2,0,0,0,0,0,0,0,2,0,2,2,0,0,0,0,0,0,0,0,0,2,0,0,0,0,2,2,2,0,0,0,2,2,0,2,2,0,0,0,0,2,0,0,0,0,0,0,0,0,0,0,0,0,0,0,0,0,0,0,2,0,0,0,0,0,0,0,0,0,0,2,0,0,0,2,2,0,2,2,0,0,0,2,0,0,0,0,0,2,0,0,0,0,0,0,0,0,0,0,0,0,0,0,0,0,0,0,0,0,0,0,0,0,0,0,0,0,0,0,0,0,0,0,0,0,2,0,0,0,0,0,0,0,0,0,0,0,0,0,0,0,0,0,0,0,0,0,0,0,0,0,0,0,0,0,0,0,0,0,0,0,0,0,0,0,0,0,0,0,0,0,0,0,0,0,0,0,0,0,0,0,0,0,0,0,2,2,2,0,0,2,0,2,2,0,0,0,0,0,0,0,0,0,0,0,0,0,2,0,0,2,0,0,0,0,0,0,0,2,0,0,0,0,0,0,0,0,0,0,0,0,0,0,0,0,0,2,2,0,0,0,0,0,0,0,0,2,0,0,0,0,0,0,0,0,0,0,0,0,0,0,0,0,0,0,0,0,0,0,0,0,0,0,0,0,0,2,2,0,0,0,0,0,2,0,0,2,0,0,2,0,0,0,0,2,0,0,0,0,0,2,0,0,0,0,0,0,0,0,0,0,0,0,0,0,2,0,0,0,0,0,0,0,0,0,0,0,0,0,0,0,0,0,0,0,0,0,0,0,0,0,0,0,0,0,0,0,2,0,0,0,0,2,0,0,0,0,0,0,0,0,2,0,2,2,0,0,0,2,0,0,0,0,2,0,0,2,0,2,0,0,0,2,0,0,0,0,2,2,0,2,0,0,2,0,0,0,2,0,0,0,0,0,0,2,0,0,0,0,0,2,0,0,0,0,2,2,0,2,0,0,0,0,0,0,2,0,0,0,0,0,2,0,0,0,0,0,0,0,0,0,0,2,0,2,0,0,0,0,0,0,0,0,0,0,0,0,0,0,0,0,0,0,0,0,0,0,2,0,0,0,0,0,0,0,2,0,2,0,0,0,0,0,0,2,0,0,0,2,0,0,0,0,0,2,2,2,0,0,2,2,0,0,0,0,0,0,0,0,2,0,0,0,0,0,0,0,0,2,2,0,0,2,0,0,2,0,0,0,0,0,0,0,0,0,0,0,0,0,0,0,0,0,0,0,0,0,0,0,0,0,2,0,0,0,0,0,0,2,0,2,0,0,0,0,0,0,0,0,2,0,0,2,0,0,0,0,0,0,0,2,0,0,2,NA,0,0,0,0,2,0,0,0,0,0,0,0,0,0,0,0,2,0,2,0,0,0,2,0,0,0,0,0,0,0,0,2,2,2,0,2,0,0,0,0,0,0,0,0,0,2,0,2,0,0,2,2,0,0,0,2,0,2,0,0,0,0,0,0,0,0,0,0,0,0,0,0,0,2,0,2,0,0,0,0,0,0,2,2,0,0,0,0,0,0,0,0,2,0,2,0,0,0,0,0,0,2,0,0,0,0,0,0,0,0,2,2,0,0,0,0,0,0,2,0,0,0,0,0,2,0,0,0,0,0,2,0,0,0,2,0,0,0,0,0,0,2,2,2,0,0,2,0,0,0,0,0,0,0,2,0,0,0,2,0,0,0,0,0,0,0,0,0,0,2,0,0,0,0,2,2,0,0,0,0,2,0,0,0,0,0,0,0,2,0,0,0,0,0,0,0,0,0,2,0,0,0,2,0,0,0,2,0,0,2,2,2,0,0,0,0,0,0,NA,0,2,0,0,0,0,0,2,0,2,0,2,0,0,2,0,0,0,2,2,0,0,2,0,0,0,0,0,0,0,0,0,2,2,0,0,0,0,0,2,2,2,0,0,0,0,2,0,0,0,0,2,0,0,0,0,0,2,0,2,0,0,0,0,0,0,0,2,0,2,0,0,2,0,2,0,0,0,2,2,2,0,2,0,0,2,0,0,0,0,0,2,0,0,0,0,0,0,2,2,0,2,2,2,2,0,0,2,0,2,0,0,0,0,0,0,0,0,0,0,2,0,0,0,0,0,0,0,0,0,0,0,0,0,2,0,0,0,2,2,2,0,0,0,2,0,0,0,0,2,0,0,0,0,0,0,0,0,2,2,0,2,2,0,0,2,0,0,0,0,0,2,0,0,0,0,2,0,2,0,0,2,2,2,0,2,0,0,0,0,0,0,0,0,0,2,0,0,0,0,0,0,0,0,0,2,0,2,0,2,2,0,0,2,0,0,0,0,0,0,0,0,0,0,0,0,0,0,0,0,0,0,0,0,0,2,2,0,0,0,2,2,0,0,0,0,0,0,2,0,2,0,0,0,2,0,0,0,0,0,2,0,0,0,2,0,0,2,2,2,0,0,0,0,0,0,2,2,0,2,0,0,2,0,0,0,0,0,0,0,2,0,0,2,0,0,0,0,2,0,0,2,0,0,0,2,2,0,0,0,0,2,0,2,2,2,0,2,0,0,0,0,0,0,0,0,0,0,0,0,0,0,0,0,0,0,0,0,0,0,0,0,2,0,0,0,0,2,2,0,2,0,0,0,0,0,0,0,0,2,2,0,0,0,0,0,2,0,0,2,0,0,2,2,0,0,0,0,0,0,0,0,2,2,2,2,0,0,0,0,0,0,0,0,0,0,0,0,0,0,0,0,0,0,0,0,0,2,0,0,0,0,0,0,0,0,0,0,0,0,0,0,0,0,0,0,0,0,2,0,2,0,2,0,2,0,0,2,0,0,0,0,2,0,0,0,0,2,2,2,0,0,0,2,0,0,0,0,0,2,0,0,2,0,0,0,0,0,2,0,0,0,0,2,2,0,0,0,0,0,0,0,0,0,2,0,0,0,2,0,0,0,0,0,0,0,2,0,2,0,0,2,0,0,0,0,2,0,0,2,0,2,0,0,0,0,0,0,0,0,2,0,0,0,2,0,2,0,0,0,0,0,0,0,0,0,2,0,0,0,0,0,2,2,2,0,0,2,0,0,0,0,0,0,0,0,0,0,2,0,0,0,0,2,2,0,0,0,0,0,0,0,0,0,0,0,0,0,0,0,0,0,0,2,0,0,0,0,2,0,0,2,0,0,0,0,0,0,0,0,0,0,0,0,0,0,0,0,0,0,0,0,0,0,0,2,0,0,0,0,0,0,0,0,0,0,0,0,0,0,0,0,0,0,0,0,0,0,2,0,0,2,0,0,0,0,0,0,0,2,0,2,2,0,2,0,2,0,0,0,0,0,0,2,0,0,0,2,0,0,0,0,2,2,0,2,0,0,0,2,0,0,0,0,0,0,0,0,0,0,2,2,0,0,0,0,0,0,0,0,0,2,0,0,0,0,0,2,0,2,0,0,0,0,0,0,2,0,0,2,0,2,0,2,0,0,2,0,2,2,0,0,0,0,0,0,2,2,0,0,0,0,0,2,0,0,0,0,0,2,2,0,2,0,0,0,0,0,0,0,0,0,0,0,0,0,0,0,0,0,2,2,0,2,0,2,2,2,2,0,0,2,0,2,2,0,2,0,0,0,0,0,0,2,2,0,0,0,0,2,0,2,0,0,0,0,0,0,0,2,2,2,0,0,0,0,0,0,2,0,2,2,0,0,0,0,0,2,0,0,0,0,0,0,0,0,0,0,0,2,0,0,2,0,0,0,0,0,2,0,0,0,0,0,0,0,2,2,2,2,2,0,2,0,0,0,0,0,2,0,0,0,0,0,0,0,2,0,0,2,0,0,0,0,0,0,0,0,0,2,2,0,0,2,2,0,0,0,0,0,2,0,0,0,0,0,0,0,0,0,2,0,0,0,0,0,0,0,0,2,0,0,0,0,2,0,0,0,0,0,0,2,0,0,0,0,0,0,0,0,2,0,2,0,0,0,2,2
"CC99",0,0,0,0,0,0,0,0,0,0,2,0,0,0,0,0,0,0,0,2,0,0,2,2,0,0,0,0,0,0,0,0,0,0,0,0,0,0,0,0,0,0,2,0,0,0,0,2,0,0,0,0,2,0,2,0,2,0,0,0,0,2,0,0,2,0,0,0,2,0,0,0,0,0,0,0,0,0,0,2,0,0,0,0,0,2,2,0,2,0,0,0,0,0,0,0,0,0,0,0,0,0,0,0,0,0,0,0,0,0,0,0,0,0,0,0,0,0,0,0,0,0,0,2,2,0,2,0,2,0,2,0,0,0,2,0,0,0,2,0,0,0,0,0,0,0,0,0,0,0,2,0,0,0,0,0,0,0,0,0,0,0,0,0,0,0,2,0,0,0,0,0,2,0,2,2,0,0,2,0,0,0,0,0,0,0,0,0,0,0,0,0,0,0,0,0,0,0,0,0,0,0,0,0,0,0,0,0,2,0,2,0,0,0,0,2,0,0,0,2,2,0,2,0,0,0,0,2,0,2,2,0,0,0,0,0,2,0,0,0,2,0,0,0,0,0,2,0,2,0,0,0,0,0,0,0,0,2,0,0,0,0,0,2,2,0,2,0,0,0,0,0,0,2,2,0,0,0,0,0,2,0,0,0,0,0,0,0,0,0,0,2,2,0,0,2,0,0,2,2,0,0,0,0,2,0,2,0,2,0,0,0,0,0,0,0,0,0,0,0,0,0,0,0,0,0,0,2,2,0,NA,0,2,0,0,0,2,0,2,0,2,0,2,0,0,0,0,2,0,0,0,0,0,2,0,0,0,0,0,0,0,0,2,2,2,0,2,0,0,0,0,0,0,0,2,2,0,0,0,2,0,2,0,0,0,2,2,2,0,2,2,0,0,0,0,0,0,0,0,0,0,2,0,2,0,2,0,0,0,0,0,0,0,0,0,0,0,2,0,0,0,2,0,0,0,0,0,0,0,2,2,0,2,0,0,2,2,0,2,0,0,0,2,2,0,0,0,0,0,2,0,0,2,0,2,2,0,2,0,0,0,0,0,0,0,0,0,2,2,0,0,0,2,0,2,0,2,0,0,0,0,0,0,0,0,0,2,0,0,0,0,2,0,2,0,0,2,0,0,0,0,0,0,2,0,0,0,2,2,0,0,0,0,0,0,0,2,0,0,0,0,2,0,0,0,0,0,0,0,0,0,0,2,0,2,2,0,0,0,0,0,2,0,2,0,0,0,2,0,0,NA,2,0,0,0,2,0,0,2,2,0,0,0,0,2,0,0,2,0,0,0,0,2,0,2,2,2,0,2,0,0,2,0,2,2,0,0,0,2,2,0,NA,0,2,2,0,0,0,0,0,0,2,0,0,0,0,2,2,0,0,0,0,0,0,0,0,0,0,0,0,2,0,0,0,0,0,2,0,2,0,2,0,0,2,0,0,0,0,0,0,0,0,0,0,0,2,0,0,0,0,0,0,0,0,0,0,0,0,0,0,2,0,0,2,2,0,0,0,0,2,0,0,2,0,0,0,2,0,0,0,0,0,0,0,2,0,2,0,2,0,0,0,0,0,0,0,2,0,0,2,0,2,0,0,0,0,0,0,0,0,0,0,0,0,0,0,0,2,2,0,0,0,0,2,0,2,0,0,2,0,0,0,2,0,0,0,0,0,0,0,0,0,0,0,0,2,2,2,0,2,0,2,2,2,0,0,0,2,0,0,0,0,0,2,0,2,0,0,2,0,0,0,0,0,2,0,2,2,2,0,0,2,0,0,0,2,0,2,2,0,0,0,0,0,0,2,0,0,0,0,0,0,2,0,2,0,2,2,0,0,2,0,0,0,0,0,0,0,0,0,0,0,2,2,0,0,2,0,0,2,0,0,0,0,0,0,2,0,0,2,2,0,0,0,0,0,0,0,0,2,2,0,0,0,2,0,2,2,0,0,2,0,0,0,0,0,2,0,0,0,0,0,2,0,2,0,0,0,0,0,0,0,0,0,0,2,2,0,0,0,0,0,0,0,0,2,2,0,0,0,0,0,2,0,0,0,0,2,0,NA,0,2,0,0,2,2,0,0,0,0,2,0,0,0,0,0,0,0,2,2,2,0,0,0,0,2,0,0,0,0,0,0,0,0,0,0,0,0,2,0,2,2,2,0,0,0,0,0,0,0,0,0,0,0,2,0,0,0,2,0,0,0,2,0,0,0,2,0,0,0,0,0,0,0,0,2,2,0,0,0,0,2,2,0,2,0,0,0,0,0,2,0,0,0,0,0,2,2,0,0,0,0,0,0,0,0,0,2,0,0,0,0,0,0,0,0,0,0,0,0,0,0,0,0,0,0,2,0,0,0,0,0,2,0,0,0,0,2,0,0,0,0,0,0,0,0,2,2,0,0,0,2,0,0,0,0,0,0,0,0,2,0,2,2,NA,2,0,0,0,0,0,0,2,0,0,2,0,2,0,0,0,0,0,0,2,0,2,0,0,0,0,0,2,0,0,0,0,0,0,0,0,0,0,0,0,0,0,0,2,0,0,0,0,0,2,2,0,0,0,2,2,0,2,0,0,0,0,0,0,2,0,0,0,0,0,0,0,0,2,2,0,0,2,0,2,0,0,2,2,0,0,0,0,0,0,0,0,0,0,0,0,2,0,0,0,2,0,0,0,0,0,2,0,0,0,0,0,0,2,0,0,2,0,0,0,0,0,0,0,0,2,0,0,0,2,NA,0,0,0,0,0,0,0,0,NA,0,0,0,0,0,0,0,0,0,0,0,0,2,0,2,0,0,0,0,0,0,0,0,0,2,0,2,0,0,0,0,0,0,0,0,0,0,2,0,0,0,0,0,0,0,0,0,0,0,0,0,0,2,0,0,0,0,0,0,0,0,0,0,2,2,0,0,0,0,0,0,0,0,0,2,0,0,0,2,0,0,0,0,0,0,0,0,0,0,2,2,0,0,0,0,0,2,0,0,2,2,0,2,0,0,0,0,0,0,2,0,0,0,2,0,2,0,2,0,0,0,0,0,0,0,0,0,0,0,0,0,0,0,0,0,0,0,0,0,0,0,0,2,0,0,0,0,0,0,0,0,0,0,0,0,NA,0,0,0,0,2,0,0,0,0,0,0,0,0,0,0,0,0,0,2,2,0,0,0,0,0,0,0,0,2,0,0,0,0,0,0,0,0,2,2,2,0,2,0,0,0,0,0,0,0,0,0,0,2,2,0,2,2,0,0,2,0,2,0,2,2,0,0,0,2,0,2,NA,0,0,0,0,0,0,2,2,0,2,2,2,0,0,0,0,2,0,0,0,0,2,2,0,0,0,0,0,0,0,0,2,0,0,0,0,0,0,0,0,0,0,0,0,2,0,0,0,0,0,0,0,0,0,0,0,0,0,0,0,0,0,0,0,0,0,0,0,0,0,0,0,0,2,0,0,0,0,0,0,0,0,0,2,0,0,2,0,0,2,0,0,0,0,0,0,0,2,0,0,0,0,2,0,0,0,2,0,0,0,0,0,0,0,0,2,0,0,0,0,0,0,0,0,0,2,0,2,0,0,0,0,0,0,0,0,0,0,0,0,2,0,0,0,0,0,0,0,0,0,2,0,0,0,0,0,2,0,2,0,0,0,0,0,0,0,0,0,0,0,0,0,0,0,0,2,0,0,0,0,2,2,2,0,0,2,0,0,2,0,0,0,0,0,2,0,0,0,2,0,0,0,0,0,2,0,0,0,0,2,0,0,0,0,0,0,0,0,2,0,0,0,2,0,0,0,0,2,0,2,0,0,0,2,0,2,2,2,0,0,0,0,0,0,0,2,0,0,0,0,0,NA,0,2,0,0,0,0,0,0,0,0,2,0,0,0,2,2,0,0,2,0,2,2,0,0,2,0,0,2,0,0,0,0,0,0,0,0,0,0,0,0,0,0,0,0,0,0,0,0,0,0,0,0,0,0,0,2,0,0,0,0,2,2,0,0,0,0,2,0,0,2,2,NA,2,0,2,0,0,0,0,0,0,0,0,0,0,0,0,0,0,0,0,0,0,0,0,0,0,2,0,2,2,0,0,0,0,2,0,2,0,2,0,0,0,0,0,0,0,0,0,2,0,0,0,0,0,0,0,0,0,0,0,0,0,0,0,0,2,0,0,0,0,0,0,0,0,0,0,2,0,0,0,0,0,0,0,0,0,0,0,0,0,0,0,0,0,0,0,0,0,0,0,0,0,0,0,NA,0,0,0,0,0,0,0,0,0,2,0,2,0,0,0,2,2,0,0,0,0,0,0,0,0,0,0,0,0,0,0,0,0,0,0,0,2,0,2,0,0,0,0,0,0,0,0,0,0,0,0,0,0,0,0,2,0,2,0,0,0,2,0,2,0,0,0,0,0,2,0,2,0,0,0,2,0,0,2,0,0,0,0,0,0,0,0,0,0,0,0,0,0,0,0,0,0,0,0,0,0,0,0,0,0,0,2,0,0,0,0,0,0,0,0,0,0,0,0,0,0,0,0,0,0,0,0,0,0,0,0,0,0,0,0,2,0,0,0,2,0,0,2,0,0,0,0,0,0,0,0,0,0,2,0,0,0,0,2,2,2,2,0,0,0,0,0,0,0,0,0,0,0,2,0,0,2,0,0,0,0,0,0,0,0,0,2,0,0,0,2,2,0,0,0,0,0,0,0,0,0,0,0,0,0,2,2,0,0,2,0,2,2,0,2,0,0,0,0,0,0,0,0,0,0,0,0,0,0,0,0,0,0,0,0,0,2,0,0,0,0,0,0,2,0,0,0,0,0,0,0,0,2,0,0,0,2,0,0,0,0,0,0,0,0,0,0,0,0,2,0,0,0,0,0,0,0,0,0,0,2,0,0,0,0,0,0,0,2,0,0,0,0,0,0,2,0,0,2,0,0,2,0,0,0,0,0,0,0,2,0,2,0,0,0,0,2,0,2,0,0,2,0,0,2,0,0,0,2,0,0,0,0,0,0,0,0,2,2,0,0,0,0,2,0,2,0,0,0,0,2,0,2,0,2,0,0,0,2,0,2,2,0,0,2,0,0,0,0,2,0,2,0,0,0,0,0,0,0,0,2,0,2,0,2,0,0,0,0,0,2,0,2,0,0,2,0,0,0,0,0,0,0,0,0,0,0,0,2,2,0,0,0,0,0,0,0,2,0,0,0,0,0,0,0,0,0,0,0,0,0,0,0,2,0,0,2,0,2,0,2,0,0,2,0,0,0,0,2,0,0,0,0,0,0,0,0,0,0,0,0,0,2,0,0,0,0,0,0,0,0,0,0,0,0,2,2,0,0,0,0,0,0,0,0,0,0,0,0,0,0,0,0,0,0,2,0,0,0,0,0,0,0,0,0,0,0,2,0,0,0,0,2,0,0,0,0,0,0,0,0,0,0,0,0,0,0,2,0,2,0,0,0,0,0,0,0,0,0,0,0,0,0,0,0,0,0,0,0,0,0,0,2,0,0,0,2,0,0,0,0,0,0,0,0,0,0,0,2,0,0,0,0,0,0,0,0,0,0,0,0,0,0,0,0,0,0,0,0,2,0,0,0,0,0,0,0,0,0,0,0,0,0,2,0,2,0,0,0,0,0,2,0,0,0,0,2,0,0,0,2,2,2,0,0,0,0,2,0,0,0,0,0,0,0,0,0,0,2,2,0,0,0,0,0,0,0,0,0,0,0,0,0,0,0,0,0,0,0,0,0,2,2,0,0,0,0,0,2,0,0,0,0,0,0,0,0,0,0,0,0,0,0,0,0,0,2,0,0,2,2,0,0,0,0,0,0,0,0,0,0,0,0,0,0,0,0,0,2,0,0,0,0,0,0,0,0,0,0,0,0,0,0,0,0,2,2,0,0,0,0,0,2,2,2,0,0,0,0,2,0,0,2,0,0,0,0,0,2,0,0,0,0,0,0,0,2,0,0,0,0,0,0,0,0,0,2,0,0,2,0,0,0,0,2,0,2,0,0,0,2,2,2,0,2,0,2,0,0,0,0,0,2,0,0,0,0,0,0,0,0,2,0,0,0,2,0,0,0,0,0,0,0,0,0,0,0,0,0,0,0,0,0,0,0,0,0,0,0,2,0,0,0,0,2,0,0,0,0,0,0,0,0,0,0,0,0,0,2,0,2,0,0,0,2,0,0,0,0,0,2,0,0,2,0,0,0,0,0,2,0,0,2,0,2,0,0,0,0,0,2,0,2,0,0,0,0,0,0,0,0,0,0,0,0,0,0,0,0,0,0,0,0,0,0,2,0,0,0,0,0,0,0,2,0,0,0,0,2,2,2,0,2,2,0,0,2,2,0,0,2,0,0,0,0,0,0,0,0,0,0,0,0,0,2,0,0,0,0,0,0,0,0,0,2,0,0,2,0,0,2,0,0,0,2,0,0,0,0,0,0,0,0,0,0,0,2,2,0,0,2,0,0,0,0,0,0,2,2,2,0,2,0,0,0,0,0,0,0,0,0,0,0,2,0,0,0,0,2,2,0,0,0,2,0,0,0,2,2,0,2,2,2,2,2,0,2,2,0,2,2,0,0,0,0,0,0,0,0,2,0,2,2,2,0,0,0,0,2,2,2,2,0,2,0,0,0,2,2,0,2,0,0,2,2,0,0,2,0,0,0,0,0,0,NA,0,0,0,0,2,0,2,0,0,0,0,0,0,2,0,2,0,0,0,0,0,0,0,0,0,0,0,0,0,0,2,0,0,0,0,0,0,0,0,0,0,0,0,0,0,2,0,0,0,0,0,0,0,0,0,2,0,0,NA,0,0,2,0,0,0,0,0,0,0,0,2,0,2,2,0,0,0,0,0,0,0,0,2,0,0,0,0,0,0,0,0,0,0,0,0,2,0,0,0,2,2,2,0,0,0,0,2,0,0,0,0,0,0,2,0,0,2,0,0,0,2,0,0,0,0,0,0,0,0,2,0,0,0,2,0,0,0,0,0,0,0,0,0,0,2,0,0,0,0,0,2,0,0,0,0,0,0,0,2,0,0,0,0,0,0,0,0,0,0,0,0,0,0,0,0,0,0,0,0,0,0,0,0,2,0,2,0,0,2,2,0,0,0,0,0,2,0,0,0,0,0,2,2,0,0,0,2,0,0,0,0,0,0,0,0,0,0,0,0,0,0,0,0,0,2,0,0,0,0,2,0,0,0,0,0,0,0,0,0,0,0,0,0,0,2,0,0,0,0,0,0,2,0,0,0,0,0,0,0,0,0,0,0,0,0,0,0,0,0,0,0,0,2,0,0,2,0,0,0,0,0,0,0,0,0,0,0,0,0,0,0,0,0,0,0,0,0,2,0,0,0,0,0,0,0,0,0,0,0,0,0,2,0,0,0,0,0,0,0,0,0,0,0,0,2,0,0,0,2,0,0,2,0,0,0,0,0,0,2,0,0,0,0,0,0,0,0,0,0,0,0,0,0,0,0,0,2,0,0,0,0,2,0,0,0,0,0,0,0,0,0,2,0,0,0,0,0,0,0,0,0,2,2,0,0,0,0,0,2,0,0,0,0,0,2,0,0,0,0,0,2,2,2,0,0,0,0,0,0,0,0,0,2,0,2,0,0,0,0,0,2,0,0,2,2,0,0,2,0,0,2,0,0,0,0,2,0,0,0,0,2,2,2,0,0,2,0,0,2,0,0,0,0,0,0,2,0,2,0,0,0,0,0,0,0,0,0,0,2,0,0,2,2,0,0,2,0,2,0,0,2,0,NA,2,2,0,0,0,0,2,NA,0,0,0,0,2,2,0,2,0,2,0,2,0,0,2,0,0,0,2,2,0,0,0,2,2,0,2,0,0,0,0,2,0,0,0,0,0,0,0,0,0,0,0,2,0,0,0,0,0,0,0,0,0,0,0,0,0,0,0,0,0,0,0,0,0,0,0,0,0,0,0,0,0,0,0,0,2,0,0,0,2,2,0,0,0,2,0,0,0,0,0,0,0,0,2,0,0,0,0,0,0,0,0,0,0,0,0,0,2,0,0,0,0,2,2,0,0,0,2,0,0,0,0,0,0,0,0,0,0,0,0,0,0,0,0,0,0,0,0,0,0,0,0,0,0,2,0,2,0,0,0,0,0,0,0,2,0,0,0,0,0,0,0,0,2,0,0,0,0,0,0,0,0,2,0,0,2,0,0,0,2,0,0,0,0,0,0,0,0,0,0,2,2,2,0,0,0,0,2,0,0,0,0,0,0,0,2,0,0,0,0,0,0,2,0,0,2,2,0,2,2,0,0,2,0,0,2,NA,0,0,0,2,NA,0,0,0,0,0,0,0,2,0,2,2,0,0,0,0,2,0,0,0,0,0,2,0,0,0,2,2,0,2,0,2,0,2,2,2,0,0,0,0,0,0,0,0,0,2,0,2,0,2,0,0,2,0,0,0,0,0,0,NA,0,2,2,0,0,2,0,2,0,2,0,0,0,2,0,0,0,0,0,0,0,0,0,0,0,0,0,0,0,0,0,0,0,0,0,2,0,0,0,0,0,0,0,2,0,2,0,0,0,0,2,0,0,0,2,0,0,0,0,0,0,0,0,0,0,2,0,0,0,0,0,0,0,0,0,0,0,0,0,2,0,0,0,2,0,0,2,0,2,0,0,2,0,0,0,0,0,0,2,0,0,0,0,0,0,0,0,2,0,0,0,0,2,0,2,0,0,0,0,0,0,0,0,2,0,0,0,0,2,0,0,0,0,2,0,0,0,0,0,0,0,0,0,0,0,0,2,0,0,0,0,0,2,0,0,0,0,0,0,0,2,0,0,2,2,0,2,2,0,0,2,0,0,2,2,0,0,0,0,0,0,0,0,0,0,2,0,2,0,2,0,0,0,0,0,0,0,0,2,0,0,0,0,2,0,0,0,0,0,0,0,0,2,0,0,0,0,2,0,0,0,0,0,2,0,0,0,0,0,0,0,0,0,0,0,0,0,0,0,2,0,0,0,0,0,0,0,0,0,2,0,0,0,0,2,0,2,0,2,0,0,2,0,0,0,0,0,0,0,0,0,0,2,0,0,0,0,0,0,0,0,0,0,0,0,0,0,0,2,0,0,0,0,0,0,0,0,0,0,0,0,0,2,0,0,0,0,0,0,0,0,0,2,0,0,0,2,0,0,0,0,0,2,0,0,0,0,0,0,0,0,0,0,2,2,0,0,0,0,0,0,0,0,0,0,0,0,0,0,0,0,2,2,0,0,2,0,0,0,0,0,0,0,0,2,0,0,2,2,0,0,0,0,0,0,0,0,0,0,0,0,0,0,0,0,0,0,0,0,0,0,2,0,2,0,0,0,0,2,2,0,0,0,2,0,0,0,0,0,0,0,0,0,0,2,0,0,0,0,0,0,0,0,0,0,0,0,0,0,0,0,0,0,0,0,0,0,0,2,0,0,0,0,0,0,2,2,0,0,0,0,0,0,0,0,0,0,2,0,0,0,0,0,0,0,0,0,0,2,0,0,0,2,0,0,2,0,0,0,0,2,2,2,0,0,0,2,2,2,0,0,0,2,2,0,2,0,0,0,0,0,2,0,0,0,0,0,0,0,NA,NA,0,0,2,0,2,0,NA,0,0,0,0,0,0,0,0,0,0,2,2,0,0,0,0,0,0,0,0,2,0,0,2,0,0,0,0,0,0,0,0,0,2,0,2,0,0,0,2,0,2,2,0,2,0,0,0,0,0,0,0,0,0,0,0,0,0,0,0,0,2,0,0,0,0,0,0,0,2,0,2,2,0,0,0,0,0,0,0,0,2,0,0,2,2,2,0,0,0,2,0,0,0,0,0,0,2,0,2,0,0,2,0,0,0,0,0,0,0,0,2,0,0,0,0,0,0,2,2,0,0,0,0,0,0,0,0,2,0,2,0,0,0,0,0,0,0,0,0,0,0,0,0,2,0,0,0,2,0,0,0,0,0,0,0,0,0,0,0,0,0,0,0,0,2,0,2,0,0,0,0,0,0,0,0,0,0,0,0,0,0,0,0,0,0,0,0,0,2,0,0,0,0,0,0,0,0,0,0,0,0,0,0,0,0,0,0,0,0,0,0,0,0,2,0,2,2,0,0,2,0,0,0,0,2,0,0,0,0,2,0,0,0,2,0,0,0,0,0,0,0,2,0,2,0,2,2,0,0,2,0,2,0,0,0,0,0,0,0,0,0,0,0,0,0,0,0,0,0,0,0,2,0,0,2,0,0,0,0,2,0,0,0,0,0,0,0,0,0,0,0,0,0,0,0,0,0,0,0,0,0,0,0,0,0,0,0,0,2,0,2,0,0,0,0,0,0,0,0,0,0,0,0,0,0,0,0,0,0,0,0,2,0,0,0,2,0,2,0,0,0,0,0,0,0,2,0,0,0,0,0,2,0,0,NA,0,0,0,2,2,0,0,2,0,0,0,0,0,0,0,0,0,0,0,0,0,0,0,0,0,2,2,0,0,0,0,2,0,0,0,2,0,2,0,0,0,2,2,0,0,0,0,0,0,0,0,0,2,0,0,0,0,2,2,0,2,0,0,2,2,0,0,0,0,2,0,2,0,0,2,0,2,0,0,0,0,2,0,0,0,0,2,0,2,2,2,2,0,0,0,2,0,0,0,2,2,0,0,0,0,2,0,0,0,0,0,0,2,0,0,0,0,2,2,2,0,0,0,2,0,0,0,0,0,0,0,0,0,0,0,0,2,0,0,0,0,0,2,0,0,2,0,0,0,2,0,0,0,2,2,0,0,2,0,0,0,0,2,NA,2,0,0,0,0,0,2,0,0,0,0,0,2,0,0,0,2,0,0,0,0,0,0,0,2,0,0,2,0,0,2,0,0,2,2,0,2,0,0,0,0,2,0,0,0,2,0,0,0,0,0,2,0,0,2,0,0,2,2,0,2,0,0,2,0,0,2,0,0,2,0,0,0,0,2,0,0,0,0,0,0,0,0,0,0,0,2,2,0,0,0,0,0,0,0,0,0,0,0,2,0,0,0,2,0,0,0,2,0,0,2,2,0,0,0,2,0,2,2,2,0,0,0,0,2,0,0,0,0,0,0,2,2,0,0,2,0,0,0,0,0,2,2,0,0,2,0,2,0,0,2,0,0,0,0,0,0,0,0,0,0,0,0,0,0,0,0,0,0,0,0,2,0,0,0,0,0,0,0,0,0,0,2,0,0,0,0,0,0,2,0,2,0,2,0,0,0,0,2,0,0,0,0,0,2,0,2,0,0,2,0,0,0,0,0,2,0,0,0,0,0,2,0,0,2,2,2,0,2,0,2,2,0,0,2,0,0,0,0,0,0,2,0,0,0,0,0,0,0,0,2,2,0,0,2,2,0,2,2,2,0,0,0,0,0,0,0,0,0,2,2,0,0,2,0,0,2,0,0,2,2,0,0,2,0,0,0,0,0,0,0,NA,0,0,2,2,2,0,0,0,0,0,0,0,0,0,0,0,0,0,0,2,0,0,0,0,0,2,0,2,0,0,0,0,0,NA,0,0,2,2,0,0,0,0,0,0,0,2,0,0,0,2,0,0,2,0,0,0,0,0,0,0,0,0,0,0,0,0,0,2,0,0,0,0,0,0,0,0,0,0,0,0,2,0,0,0,0,0,0,0,0,0,0,0,0,0,0,0,0,0,0,0,0,0,2,0,0,0,0,2,0,0,0,0,0,0,0,2,0,0,2,2,0,0,0,0,0,0,0,0,0,0,2,0,0,0,0,0
